8.41459e-42
1.10787e-40
3.64381e-40
7.32122e-40
1.17637e-39
1.66705e-39
2.1804e-39
2.69787e-39
3.20519e-39
3.69167e-39
4.14947e-39
4.57314e-39
4.9591e-39
5.30529e-39
5.61087e-39
5.87591e-39
6.10124e-39
6.28822e-39
6.43859e-39
6.55442e-39
6.63791e-39
6.69141e-39
6.7173e-39
6.71795e-39
6.69571e-39
6.65285e-39
6.59154e-39
6.51387e-39
6.42179e-39
6.31716e-39
6.20169e-39
4.10726e-38
9.73445e-38
1.41032e-37
2.02133e-37
2.87074e-37
4.04541e-37
5.66254e-37
7.87991e-37
1.09095e-36
1.50358e-36
2.06392e-36
2.82283e-36
3.84809e-36
5.22983e-36
7.08764e-36
9.5797e-36
1.29145e-35
1.7366e-35
2.3292e-35
3.11579e-35
4.15643e-35
5.52805e-35
7.32814e-35
9.67867e-35
1.27298e-34
1.66624e-34
2.16883e-34
2.80458e-34
3.5988e-34
4.57584e-34
5.75505e-34
7.14426e-34
8.73042e-34
1.04668e-33
1.22566e-33
1.39343e-33
1.52453e-33
1.58275e-33
1.51991e-33
1.27596e-33
7.81936e-34
3.05798e-34
2.84836e-17
1.92583e-14
3.75761e-14
5.50214e-14
7.16354e-14
8.74578e-14
1.02526e-13
1.16876e-13
1.30542e-13
1.43557e-13
1.55951e-13
1.67754e-13
1.78995e-13
1.897e-13
1.99894e-13
2.09602e-13
2.18848e-13
2.27652e-13
2.36037e-13
2.44022e-13
2.51627e-13
2.58869e-13
2.65765e-13
2.72333e-13
2.78588e-13
2.84545e-13
2.90217e-13
2.9562e-13
3.00765e-13
3.05664e-13
3.1033e-13
3.14774e-13
3.637e-13
4.17487e-13
4.7661e-13
5.41586e-13
6.12978e-13
6.91398e-13
7.77507e-13
8.72021e-13
9.75705e-13
1.08938e-12
1.21391e-12
1.3502e-12
1.4992e-12
1.66185e-12
1.83911e-12
2.03188e-12
2.24097e-12
2.46705e-12
2.71055e-12
2.97154e-12
3.24961e-12
3.54367e-12
3.85174e-12
4.17067e-12
4.49581e-12
4.82071e-12
5.13669e-12
5.43254e-12
5.69429e-12
5.90505e-12
6.0453e-12
6.09342e-12
6.02687e-12
5.82382e-12
5.46544e-12
4.93841e-12
4.23757e-12
3.36826e-12
2.34812e-12
1.20898e-12
8.79493e-34
5.95522e-17
4.02639e-14
7.85618e-14
1.15035e-13
1.49771e-13
1.82851e-13
2.14354e-13
2.44356e-13
2.72928e-13
3.00137e-13
3.2605e-13
3.50727e-13
3.74227e-13
3.96607e-13
4.1792e-13
4.38216e-13
4.57545e-13
4.75952e-13
4.93482e-13
5.10176e-13
5.26074e-13
5.41214e-13
5.55632e-13
5.69362e-13
5.82439e-13
5.94891e-13
6.0675e-13
6.18044e-13
6.288e-13
6.39043e-13
6.48797e-13
6.58087e-13
7.60365e-13
8.72803e-13
9.96388e-13
1.1322e-12
1.28141e-12
1.44529e-12
1.62523e-12
1.82269e-12
2.03927e-12
2.27667e-12
2.53667e-12
2.82113e-12
3.13197e-12
3.47114e-12
3.84053e-12
4.24194e-12
4.67693e-12
5.14672e-12
5.65199e-12
6.19262e-12
6.7674e-12
7.37364e-12
8.00669e-12
8.65937e-12
9.32135e-12
9.97842e-12
1.06119e-11
1.11978e-11
1.17069e-11
1.21043e-11
1.23506e-11
1.24031e-11
1.22185e-11
1.17566e-11
1.09843e-11
9.88107e-12
8.44261e-12
6.68466e-12
4.64517e-12
2.38637e-12
1.5981e-33
9.74298e-17
6.58724e-14
1.28528e-13
1.88199e-13
2.45026e-13
2.99145e-13
3.50684e-13
3.99767e-13
4.46509e-13
4.91023e-13
5.33415e-13
5.73785e-13
6.1223e-13
6.48842e-13
6.83708e-13
7.16911e-13
7.48531e-13
7.78643e-13
8.07319e-13
8.34628e-13
8.60634e-13
8.85401e-13
9.08986e-13
9.31447e-13
9.52837e-13
9.73207e-13
9.92607e-13
1.01108e-12
1.02867e-12
1.04543e-12
1.06139e-12
1.07658e-12
1.24388e-12
1.42778e-12
1.6299e-12
1.852e-12
2.09597e-12
2.3639e-12
2.65801e-12
2.9807e-12
3.33454e-12
3.72224e-12
4.14666e-12
4.61077e-12
5.11759e-12
5.67013e-12
6.27132e-12
6.92381e-12
7.62985e-12
8.39097e-12
9.20773e-12
1.00792e-11
1.10026e-11
1.19725e-11
1.29799e-11
1.40118e-11
1.50497e-11
1.60687e-11
1.7037e-11
1.79147e-11
1.86539e-11
1.91993e-11
1.94902e-11
1.94632e-11
1.90572e-11
1.82192e-11
1.69101e-11
1.51117e-11
1.28308e-11
1.01017e-11
6.98701e-12
3.57798e-12
2.1819e-33
1.46213e-16
9.88523e-14
1.92877e-13
2.82422e-13
3.677e-13
4.48914e-13
5.26255e-13
5.9991e-13
6.70052e-13
7.3685e-13
8.00462e-13
8.6104e-13
9.18729e-13
9.73667e-13
1.02598e-12
1.07581e-12
1.12325e-12
1.16844e-12
1.21146e-12
1.25244e-12
1.29146e-12
1.32862e-12
1.36401e-12
1.39771e-12
1.4298e-12
1.46037e-12
1.48947e-12
1.51719e-12
1.54359e-12
1.56873e-12
1.59267e-12
1.61547e-12
1.86646e-12
2.14234e-12
2.44552e-12
2.77861e-12
3.14446e-12
3.54614e-12
3.98696e-12
4.47046e-12
5.00041e-12
5.5808e-12
6.21577e-12
6.9096e-12
7.66658e-12
8.49095e-12
9.38664e-12
1.03571e-11
1.14051e-11
1.25319e-11
1.37374e-11
1.50187e-11
1.63699e-11
1.77807e-11
1.92355e-11
2.07119e-11
2.21793e-11
2.35981e-11
2.49182e-11
2.60789e-11
2.70096e-11
2.7632e-11
2.78631e-11
2.76215e-11
2.68341e-11
2.54443e-11
2.34195e-11
2.07571e-11
1.74873e-11
1.36724e-11
9.40337e-12
4.79677e-12
2.65727e-33
2.10604e-16
1.42382e-13
2.77812e-13
4.06788e-13
5.29617e-13
6.46591e-13
7.57987e-13
8.64072e-13
9.65097e-13
1.0613e-12
1.15292e-12
1.24017e-12
1.32326e-12
1.40238e-12
1.47773e-12
1.54948e-12
1.61781e-12
1.68288e-12
1.74484e-12
1.80385e-12
1.86005e-12
1.91356e-12
1.96452e-12
2.01306e-12
2.05927e-12
2.10328e-12
2.1452e-12
2.18511e-12
2.22312e-12
2.25932e-12
2.29379e-12
2.32662e-12
2.68801e-12
3.0852e-12
3.52163e-12
4.00103e-12
4.52746e-12
5.10529e-12
5.73921e-12
6.43421e-12
7.19558e-12
8.02888e-12
8.93982e-12
9.93423e-12
1.10179e-11
1.21962e-11
1.34742e-11
1.48559e-11
1.63437e-11
1.79383e-11
1.96372e-11
2.14338e-11
2.33167e-11
2.52674e-11
2.72594e-11
2.92561e-11
3.12094e-11
3.30581e-11
3.47281e-11
3.61323e-11
3.71734e-11
3.77481e-11
3.77538e-11
3.70973e-11
3.57044e-11
3.35295e-11
3.05626e-11
2.6833e-11
2.24073e-11
1.73832e-11
1.18805e-11
6.03456e-12
3.0347e-33
2.96497e-16
2.00444e-13
3.91099e-13
5.72668e-13
7.45582e-13
9.10252e-13
1.06707e-12
1.21641e-12
1.35862e-12
1.49405e-12
1.62302e-12
1.74583e-12
1.86279e-12
1.97416e-12
2.08022e-12
2.18121e-12
2.27739e-12
2.36898e-12
2.4562e-12
2.53925e-12
2.61834e-12
2.69366e-12
2.76539e-12
2.83369e-12
2.89873e-12
2.96067e-12
3.01966e-12
3.07583e-12
3.12933e-12
3.18027e-12
3.22878e-12
3.27498e-12
3.78352e-12
4.34236e-12
4.95629e-12
5.63052e-12
6.3707e-12
7.18285e-12
8.07344e-12
9.04933e-12
1.01177e-11
1.12861e-11
1.2562e-11
1.39531e-11
1.54667e-11
1.71095e-11
1.88872e-11
2.08036e-11
2.28603e-11
2.50551e-11
2.73812e-11
2.98253e-11
3.23662e-11
3.49725e-11
3.76005e-11
4.01923e-11
4.26744e-11
4.49568e-11
4.69336e-11
4.84863e-11
4.94885e-11
4.98144e-11
4.93491e-11
4.80003e-11
4.571e-11
4.24636e-11
3.82932e-11
3.32761e-11
2.75256e-11
2.11782e-11
1.4379e-11
7.27127e-12
3.31888e-33
4.11575e-16
2.78229e-13
5.42869e-13
7.94896e-13
1.03491e-12
1.26347e-12
1.48114e-12
1.68842e-12
1.8858e-12
2.07377e-12
2.25277e-12
2.42322e-12
2.58554e-12
2.74011e-12
2.8873e-12
3.02746e-12
3.16093e-12
3.28803e-12
3.40906e-12
3.52432e-12
3.63407e-12
3.73858e-12
3.83811e-12
3.93289e-12
4.02314e-12
4.10909e-12
4.19093e-12
4.26887e-12
4.34309e-12
4.41377e-12
4.48108e-12
4.54518e-12
5.25069e-12
6.02583e-12
6.8772e-12
7.81194e-12
8.83773e-12
9.96278e-12
1.11958e-11
1.25461e-11
1.4023e-11
1.56365e-11
1.73964e-11
1.93121e-11
2.13926e-11
2.36454e-11
2.6076e-11
2.86872e-11
3.14773e-11
3.44388e-11
3.75568e-11
4.08064e-11
4.41503e-11
4.75365e-11
5.08957e-11
5.41392e-11
5.71582e-11
5.98249e-11
6.19954e-11
6.35165e-11
6.42354e-11
6.40123e-11
6.27354e-11
6.03343e-11
5.67912e-11
5.21458e-11
4.64923e-11
3.99689e-11
3.27407e-11
2.49802e-11
1.6848e-11
8.48217e-12
3.51414e-33
5.66057e-16
3.82639e-13
7.46587e-13
1.09319e-12
1.42326e-12
1.73759e-12
2.03691e-12
2.32196e-12
2.59339e-12
2.85187e-12
3.09801e-12
3.33239e-12
3.55558e-12
3.76811e-12
3.97049e-12
4.1632e-12
4.34671e-12
4.52145e-12
4.68785e-12
4.84631e-12
4.99719e-12
5.14087e-12
5.27769e-12
5.40798e-12
5.53205e-12
5.65019e-12
5.7627e-12
5.86983e-12
5.97185e-12
6.069e-12
6.16152e-12
6.24962e-12
7.21923e-12
8.2843e-12
9.45379e-12
1.07374e-11
1.21453e-11
1.36887e-11
1.53791e-11
1.72286e-11
1.92496e-11
2.14546e-11
2.38559e-11
2.64648e-11
2.92913e-11
3.2343e-11
3.56239e-11
3.91329e-11
4.28621e-11
4.6794e-11
5.08994e-11
5.51342e-11
5.9436e-11
6.37214e-11
6.78837e-11
7.17913e-11
7.52895e-11
7.82041e-11
8.03496e-11
8.1541e-11
8.16095e-11
8.04202e-11
7.78896e-11
7.39981e-11
6.87968e-11
6.24037e-11
5.49909e-11
4.67637e-11
3.79359e-11
2.87059e-11
1.92361e-11
9.64307e-12
3.6267e-33
7.73648e-16
5.22927e-13
1.02031e-12
1.49398e-12
1.94505e-12
2.3746e-12
2.78365e-12
3.17317e-12
3.54408e-12
3.89728e-12
4.2336e-12
4.55385e-12
4.85881e-12
5.14918e-12
5.42569e-12
5.68898e-12
5.93968e-12
6.17841e-12
6.40573e-12
6.62219e-12
6.8283e-12
7.02457e-12
7.21146e-12
7.38943e-12
7.55889e-12
7.72026e-12
7.87392e-12
8.02024e-12
8.15958e-12
8.29226e-12
8.41861e-12
8.53893e-12
9.86293e-12
1.13169e-11
1.29128e-11
1.46637e-11
1.65833e-11
1.8686e-11
2.09871e-11
2.35022e-11
2.62471e-11
2.92371e-11
3.24869e-11
3.60094e-11
3.98144e-11
4.39078e-11
4.82891e-11
5.29494e-11
5.78688e-11
6.30124e-11
6.83277e-11
7.37396e-11
7.91476e-11
8.44226e-11
8.94054e-11
9.39084e-11
9.77204e-11
1.00617e-10
1.02373e-10
1.02785e-10
1.01692e-10
9.89941e-11
9.46713e-11
8.87901e-11
8.14995e-11
7.3015e-11
6.35934e-11
5.35036e-11
4.2996e-11
3.22785e-11
2.14981e-11
1.07337e-11
3.6652e-33
1.05283e-15
7.1157e-13
1.38837e-12
2.0329e-12
2.64668e-12
3.23116e-12
3.78772e-12
4.3177e-12
4.82235e-12
5.30288e-12
5.76044e-12
6.19612e-12
6.61097e-12
7.00598e-12
7.38211e-12
7.74024e-12
8.08126e-12
8.40596e-12
8.71514e-12
9.00953e-12
9.28985e-12
9.55676e-12
9.81092e-12
1.00529e-11
1.02834e-11
1.05028e-11
1.07117e-11
1.09107e-11
1.11001e-11
1.12805e-11
1.14523e-11
1.16159e-11
1.34157e-11
1.53915e-11
1.75593e-11
1.99363e-11
2.25406e-11
2.5391e-11
2.85072e-11
3.19088e-11
3.56153e-11
3.96451e-11
4.40146e-11
4.87366e-11
5.3819e-11
5.92622e-11
6.50563e-11
7.11777e-11
7.75853e-11
8.42155e-11
9.09782e-11
9.77516e-11
1.04379e-10
1.10667e-10
1.16389e-10
1.21286e-10
1.25087e-10
1.27519e-10
1.28336e-10
1.27342e-10
1.24422e-10
1.19554e-10
1.12825e-10
1.04424e-10
9.46185e-11
8.37317e-11
7.20999e-11
6.00401e-11
4.78198e-11
3.56351e-11
2.35993e-11
1.17392e-11
2.00148e-33
1.07857e-15
7.28966e-13
1.42232e-12
2.0826e-12
2.71138e-12
3.31014e-12
3.88031e-12
4.42324e-12
4.94022e-12
5.43249e-12
5.90123e-12
6.34755e-12
6.77253e-12
7.17719e-12
7.5625e-12
7.92938e-12
8.27872e-12
8.61135e-12
8.92807e-12
9.22965e-12
9.5168e-12
9.79023e-12
1.00506e-11
1.02985e-11
1.05346e-11
1.07593e-11
1.09734e-11
1.11772e-11
1.13712e-11
1.1556e-11
1.1732e-11
1.18996e-11
1.37432e-11
1.5767e-11
1.79875e-11
2.04221e-11
2.30894e-11
2.60086e-11
2.91996e-11
3.26825e-11
3.6477e-11
4.06019e-11
4.50734e-11
4.99046e-11
5.51028e-11
6.06677e-11
6.65886e-11
7.28402e-11
7.93792e-11
8.61393e-11
9.30263e-11
9.99141e-11
1.06641e-10
1.13007e-10
1.18779e-10
1.23694e-10
1.27474e-10
1.29844e-10
1.30557e-10
1.2942e-10
1.26323e-10
1.21253e-10
1.14306e-10
1.05683e-10
9.56626e-11
8.45744e-11
7.27614e-11
6.05434e-11
4.81879e-11
3.58893e-11
2.37575e-11
1.18146e-11
1.78581e-33
1.4281e-15
9.65104e-13
1.88305e-12
2.7572e-12
3.58963e-12
4.3823e-12
5.1371e-12
5.85581e-12
6.54016e-12
7.19177e-12
7.81221e-12
8.40296e-12
8.96544e-12
9.501e-12
1.00109e-11
1.04965e-11
1.09587e-11
1.13989e-11
1.1818e-11
1.2217e-11
1.2597e-11
1.29587e-11
1.33032e-11
1.36312e-11
1.39435e-11
1.42408e-11
1.4524e-11
1.47935e-11
1.50503e-11
1.52947e-11
1.55274e-11
1.57491e-11
1.81871e-11
2.08624e-11
2.37962e-11
2.70111e-11
3.05305e-11
3.43787e-11
3.85803e-11
4.31597e-11
4.814e-11
5.35418e-11
5.93818e-11
6.56703e-11
7.24087e-11
7.95859e-11
8.71743e-11
9.51244e-11
1.0336e-10
1.11772e-10
1.20212e-10
1.2849e-10
1.36371e-10
1.43576e-10
1.49795e-10
1.54693e-10
1.57939e-10
1.59236e-10
1.58347e-10
1.55133e-10
1.49575e-10
1.41784e-10
1.31998e-10
1.20552e-10
1.07848e-10
9.43063e-11
8.0326e-11
6.62471e-11
5.23278e-11
3.87305e-11
2.55172e-11
1.26507e-11
3.41549e-33
1.93344e-15
1.30644e-12
2.54902e-12
3.73231e-12
4.85909e-12
5.93202e-12
6.95365e-12
7.9264e-12
8.85259e-12
9.73444e-12
1.05741e-11
1.13735e-11
1.21346e-11
1.28592e-11
1.35492e-11
1.4206e-11
1.48314e-11
1.54269e-11
1.59938e-11
1.65336e-11
1.70475e-11
1.75368e-11
1.80026e-11
1.84462e-11
1.88685e-11
1.92706e-11
1.96534e-11
2.0018e-11
2.03651e-11
2.06955e-11
2.10102e-11
2.13098e-11
2.46051e-11
2.82192e-11
3.21801e-11
3.6517e-11
4.12599e-11
4.64396e-11
5.20862e-11
5.82289e-11
6.48934e-11
7.2101e-11
7.98652e-11
8.81886e-11
9.70587e-11
1.06443e-10
1.16281e-10
1.26481e-10
1.36911e-10
1.47391e-10
1.57688e-10
1.67516e-10
1.76535e-10
1.84363e-10
1.90595e-10
1.94826e-10
1.96694e-10
1.95912e-10
1.92315e-10
1.85884e-10
1.76763e-10
1.65248e-10
1.5176e-10
1.36796e-10
1.20881e-10
1.04511e-10
8.81162e-11
7.20272e-11
5.64653e-11
4.15375e-11
2.72404e-11
1.34648e-11
3.44438e-33
2.61487e-15
1.7666e-12
3.44684e-12
5.04686e-12
6.57043e-12
8.02112e-12
9.40239e-12
1.07175e-11
1.19696e-11
1.31617e-11
1.42967e-11
1.53772e-11
1.64059e-11
1.73853e-11
1.83176e-11
1.92053e-11
2.00503e-11
2.08548e-11
2.16208e-11
2.235e-11
2.30442e-11
2.37051e-11
2.43344e-11
2.49334e-11
2.55038e-11
2.60468e-11
2.65638e-11
2.70561e-11
2.75248e-11
2.7971e-11
2.83958e-11
2.88004e-11
3.32479e-11
3.81228e-11
4.34614e-11
4.9301e-11
5.56795e-11
6.26348e-11
7.02029e-11
7.84163e-11
8.73018e-11
9.68769e-11
1.07146e-10
1.18094e-10
1.29682e-10
1.41839e-10
1.54452e-10
1.6736e-10
1.80343e-10
1.93118e-10
2.05333e-10
2.16573e-10
2.26371e-10
2.34229e-10
2.39655e-10
2.42205e-10
2.41532e-10
2.37439e-10
2.29908e-10
2.19122e-10
2.05453e-10
1.89422e-10
1.71649e-10
1.52783e-10
1.33441e-10
1.14158e-10
9.53532e-11
7.73153e-11
6.02015e-11
4.40455e-11
2.87676e-11
1.41825e-11
2.00035e-33
2.76284e-15
1.86651e-12
3.64177e-12
5.33227e-12
6.94197e-12
8.47468e-12
9.93402e-12
1.13235e-11
1.26463e-11
1.39058e-11
1.51048e-11
1.62463e-11
1.73331e-11
1.83677e-11
1.93527e-11
2.02904e-11
2.11831e-11
2.2033e-11
2.28421e-11
2.36124e-11
2.43457e-11
2.50439e-11
2.57086e-11
2.63414e-11
2.69438e-11
2.75174e-11
2.80635e-11
2.85835e-11
2.90785e-11
2.95498e-11
2.99985e-11
3.04258e-11
3.5123e-11
4.02711e-11
4.59078e-11
5.20722e-11
5.8804e-11
6.61421e-11
7.41237e-11
8.27817e-11
9.21426e-11
1.02222e-10
1.13023e-10
1.24525e-10
1.36682e-10
1.49414e-10
1.62595e-10
1.76048e-10
1.89532e-10
2.02742e-10
2.15299e-10
2.26762e-10
2.36638e-10
2.44408e-10
2.49567e-10
2.51668e-10
2.50379e-10
2.45525e-10
2.37128e-10
2.25416e-10
2.10808e-10
1.93872e-10
1.75261e-10
1.55649e-10
1.35666e-10
1.15849e-10
9.66093e-11
7.82254e-11
6.08399e-11
4.44716e-11
2.90259e-11
1.43035e-11
1.59944e-33
3.53235e-15
2.38599e-12
4.6553e-12
6.81622e-12
8.8738e-12
1.08329e-11
1.26981e-11
1.44739e-11
1.61645e-11
1.7774e-11
1.93062e-11
2.07648e-11
2.21533e-11
2.34752e-11
2.47335e-11
2.59314e-11
2.70717e-11
2.81572e-11
2.91906e-11
3.01743e-11
3.11108e-11
3.20023e-11
3.28511e-11
3.3659e-11
3.44282e-11
3.51605e-11
3.58576e-11
3.65213e-11
3.71532e-11
3.77548e-11
3.83275e-11
3.88728e-11
4.4866e-11
5.14303e-11
5.86121e-11
6.64586e-11
7.50166e-11
8.43312e-11
9.44432e-11
1.05386e-10
1.17183e-10
1.2984e-10
1.4334e-10
1.57637e-10
1.72644e-10
1.88226e-10
2.04185e-10
2.20253e-10
2.36082e-10
2.51241e-10
2.65221e-10
2.77449e-10
2.87313e-10
2.94208e-10
2.97592e-10
2.97043e-10
2.92321e-10
2.83412e-10
2.70549e-10
2.54197e-10
2.35006e-10
2.13743e-10
1.91212e-10
1.68177e-10
1.453e-10
1.23106e-10
1.01961e-10
8.20778e-11
6.35277e-11
4.62574e-11
3.01049e-11
1.48081e-11
2.82287e-33
4.77107e-15
3.22195e-12
6.28628e-12
9.20415e-12
1.19824e-11
1.46274e-11
1.71456e-11
1.95429e-11
2.1825e-11
2.39973e-11
2.60652e-11
2.80337e-11
2.99073e-11
3.16908e-11
3.33885e-11
3.50044e-11
3.65425e-11
3.80066e-11
3.94003e-11
4.07268e-11
4.19895e-11
4.31915e-11
4.43357e-11
4.54248e-11
4.64616e-11
4.74486e-11
4.83881e-11
4.92825e-11
5.01339e-11
5.09445e-11
5.17161e-11
5.24507e-11
6.05211e-11
6.93525e-11
7.90035e-11
8.95324e-11
1.00995e-10
1.13443e-10
1.26919e-10
1.41451e-10
1.57049e-10
1.73694e-10
1.9133e-10
2.09852e-10
2.29096e-10
2.48819e-10
2.68693e-10
2.88292e-10
3.07086e-10
3.24449e-10
3.39674e-10
3.52011e-10
3.60716e-10
3.65122e-10
3.64713e-10
3.59199e-10
3.48571e-10
3.33123e-10
3.13437e-10
2.90321e-10
2.64728e-10
2.37651e-10
2.10035e-10
1.82697e-10
1.56287e-10
1.31263e-10
1.079e-10
8.63074e-11
6.64519e-11
4.81861e-11
3.12639e-11
1.53481e-11
2.94452e-33
6.4472e-15
4.3526e-12
8.49217e-12
1.24337e-11
1.61864e-11
1.9759e-11
2.316e-11
2.63974e-11
2.94789e-11
3.2412e-11
3.52037e-11
3.78608e-11
4.03897e-11
4.27967e-11
4.50875e-11
4.72678e-11
4.93429e-11
5.13178e-11
5.31975e-11
5.49865e-11
5.66893e-11
5.83099e-11
5.98525e-11
6.13207e-11
6.27181e-11
6.40483e-11
6.53144e-11
6.65196e-11
6.76668e-11
6.87588e-11
6.97983e-11
7.07878e-11
8.16529e-11
9.35293e-11
1.06489e-10
1.20603e-10
1.35935e-10
1.52538e-10
1.70449e-10
1.89682e-10
2.10214e-10
2.31979e-10
2.5485e-10
2.78624e-10
3.03007e-10
3.27593e-10
3.51859e-10
3.75153e-10
3.96703e-10
4.15637e-10
4.3103e-10
4.41967e-10
4.47625e-10
4.47373e-10
4.40861e-10
4.28085e-10
4.0942e-10
3.85591e-10
3.57605e-10
3.26642e-10
2.93933e-10
2.60641e-10
2.27776e-10
1.96137e-10
1.66292e-10
1.38586e-10
1.13166e-10
9.00178e-11
6.89947e-11
4.98515e-11
3.22594e-11
1.58103e-11
2.75633e-33
8.71799e-15
5.88356e-12
1.1479e-11
1.68065e-11
2.18784e-11
2.67065e-11
3.13022e-11
3.56764e-11
3.98395e-11
4.38015e-11
4.75721e-11
5.11604e-11
5.45751e-11
5.78247e-11
6.0917e-11
6.38597e-11
6.666e-11
6.93248e-11
7.18606e-11
7.42739e-11
7.65704e-11
7.87559e-11
8.08358e-11
8.28152e-11
8.4699e-11
8.64919e-11
8.81983e-11
8.98223e-11
9.1368e-11
9.28392e-11
9.42395e-11
9.55723e-11
1.10197e-10
1.26162e-10
1.43553e-10
1.62451e-10
1.82923e-10
2.05017e-10
2.2875e-10
2.54099e-10
2.80983e-10
3.09247e-10
3.38644e-10
3.6881e-10
3.99249e-10
4.29314e-10
4.582e-10
4.84953e-10
5.08496e-10
5.27686e-10
5.41391e-10
5.48598e-10
5.48533e-10
5.40769e-10
5.25315e-10
5.02643e-10
4.73663e-10
4.39631e-10
4.0201e-10
3.62322e-10
3.22004e-10
2.82297e-10
2.44185e-10
2.08364e-10
1.75263e-10
1.4507e-10
1.17779e-10
9.32381e-11
7.11851e-11
5.12775e-11
3.3108e-11
1.62033e-11
2.56715e-33
1.17992e-14
7.95954e-12
1.5529e-11
2.27356e-11
2.95959e-11
3.61257e-11
4.23405e-11
4.82549e-11
5.38831e-11
5.92386e-11
6.43346e-11
6.91833e-11
7.37968e-11
7.81863e-11
8.23626e-11
8.63362e-11
9.01168e-11
9.37139e-11
9.71364e-11
1.00393e-10
1.03491e-10
1.06439e-10
1.09244e-10
1.11914e-10
1.14454e-10
1.16871e-10
1.1917e-10
1.21359e-10
1.23442e-10
1.25424e-10
1.27311e-10
1.29106e-10
1.4879e-10
1.7024e-10
1.93557e-10
2.18827e-10
2.4611e-10
2.75431e-10
3.06762e-10
3.40007e-10
3.74977e-10
4.1137e-10
4.48737e-10
4.86468e-10
5.23761e-10
5.59621e-10
5.92865e-10
6.22161e-10
6.4609e-10
6.6325e-10
6.7239e-10
6.72556e-10
6.6323e-10
6.44435e-10
6.16774e-10
5.81388e-10
5.39843e-10
4.93959e-10
4.45622e-10
3.96603e-10
3.48433e-10
3.02314e-10
2.59102e-10
2.19319e-10
1.83199e-10
1.50742e-10
1.21777e-10
9.60074e-11
7.30566e-11
5.24897e-11
3.38266e-11
1.65352e-11
2.3809e-33
1.59875e-14
1.07791e-11
2.10296e-11
3.0788e-11
4.00764e-11
4.89164e-11
5.73285e-11
6.53328e-11
7.29484e-11
8.01937e-11
8.70864e-11
9.36435e-11
9.9881e-11
1.05814e-10
1.11459e-10
1.16827e-10
1.21935e-10
1.26793e-10
1.31414e-10
1.3581e-10
1.39992e-10
1.4397e-10
1.47755e-10
1.51356e-10
1.54781e-10
1.5804e-10
1.61141e-10
1.64091e-10
1.66898e-10
1.69569e-10
1.7211e-10
1.74529e-10
2.01018e-10
2.29824e-10
2.61056e-10
2.94791e-10
3.31064e-10
3.69845e-10
4.11016e-10
4.5435e-10
4.99473e-10
5.45834e-10
5.92677e-10
6.39011e-10
6.83599e-10
7.24974e-10
7.61479e-10
7.91349e-10
8.12846e-10
8.24416e-10
8.24882e-10
8.13614e-10
7.90656e-10
7.56777e-10
7.13413e-10
6.62523e-10
6.06376e-10
5.47308e-10
4.8751e-10
4.28864e-10
3.72846e-10
3.20499e-10
2.72457e-10
2.29001e-10
1.90135e-10
1.55653e-10
1.2521e-10
9.83697e-11
7.46443e-11
5.35136e-11
3.44317e-11
1.68141e-11
2.20045e-33
2.16917e-14
1.46156e-11
2.85136e-11
4.17432e-11
5.43341e-11
6.63152e-11
7.77145e-11
8.85589e-11
9.88744e-11
1.08686e-10
1.18018e-10
1.26893e-10
1.35334e-10
1.43361e-10
1.50995e-10
1.58254e-10
1.65158e-10
1.71723e-10
1.77967e-10
1.83904e-10
1.89551e-10
1.94922e-10
2.0003e-10
2.04889e-10
2.0951e-10
2.13906e-10
2.18087e-10
2.22064e-10
2.25847e-10
2.29447e-10
2.32871e-10
2.36129e-10
2.71768e-10
3.10427e-10
3.52207e-10
3.97153e-10
4.45234e-10
4.96311e-10
5.50105e-10
6.06156e-10
6.63786e-10
7.22057e-10
7.79737e-10
8.35291e-10
8.8689e-10
9.32468e-10
9.69825e-10
9.96794e-10
1.01144e-09
1.01232e-09
9.98639e-10
9.70492e-10
9.28854e-10
8.75541e-10
8.13011e-10
7.44094e-10
6.71696e-10
5.98529e-10
5.2691e-10
4.58647e-10
3.9501e-10
3.36765e-10
2.84248e-10
2.37455e-10
1.96133e-10
1.59865e-10
1.28135e-10
1.00371e-10
7.59832e-11
5.4374e-11
3.49388e-11
1.70474e-11
2.02778e-33
2.94773e-14
1.98456e-11
3.87155e-11
5.6676e-11
7.37668e-11
9.00267e-11
1.05494e-10
1.20204e-10
1.34193e-10
1.47496e-10
1.60144e-10
1.72169e-10
1.83602e-10
1.94471e-10
2.04804e-10
2.14627e-10
2.23966e-10
2.32844e-10
2.41285e-10
2.49309e-10
2.56939e-10
2.64192e-10
2.71089e-10
2.77647e-10
2.83883e-10
2.89813e-10
2.95452e-10
3.00814e-10
3.05914e-10
3.10765e-10
3.15378e-10
3.19766e-10
3.67701e-10
4.19534e-10
4.75331e-10
5.35057e-10
5.98548e-10
6.65463e-10
7.35239e-10
8.07036e-10
8.79688e-10
9.51666e-10
1.02105e-09
1.08556e-09
1.14261e-09
1.18945e-09
1.22337e-09
1.24195e-09
1.24339e-09
1.22674e-09
1.19211e-09
1.14078e-09
1.07504e-09
9.97981e-10
9.13148e-10
8.24164e-10
7.3439e-10
6.46683e-10
5.63259e-10
4.85664e-10
4.14819e-10
3.51116e-10
2.94535e-10
2.44758e-10
2.01273e-10
1.6345e-10
1.30609e-10
1.02056e-10
7.71063e-11
5.50935e-11
3.53619e-11
1.72418e-11
1.86416e-33
4.01281e-14
2.69898e-11
5.26509e-11
7.70717e-11
1.00306e-10
1.22405e-10
1.43421e-10
1.63403e-10
1.82399e-10
2.00456e-10
2.17618e-10
2.33929e-10
2.49431e-10
2.64162e-10
2.78162e-10
2.91465e-10
3.04107e-10
3.16121e-10
3.27539e-10
3.38389e-10
3.48701e-10
3.58501e-10
3.67817e-10
3.7667e-10
3.85086e-10
3.93087e-10
4.00692e-10
4.07922e-10
4.14796e-10
4.21332e-10
4.27546e-10
4.33456e-10
4.97889e-10
5.67296e-10
6.41645e-10
7.20743e-10
8.04173e-10
8.91244e-10
9.80915e-10
1.07174e-09
1.1618e-09
1.24871e-09
1.3296e-09
1.40123e-09
1.46014e-09
1.50294e-09
1.52659e-09
1.52884e-09
1.50851e-09
1.46581e-09
1.40234e-09
1.32104e-09
1.22581e-09
1.12109e-09
1.01143e-09
9.00985e-10
7.93295e-10
6.91076e-10
5.96207e-10
5.0979e-10
4.32278e-10
3.63622e-10
3.03413e-10
2.5101e-10
2.05642e-10
1.6648e-10
1.32691e-10
1.03468e-10
7.8044e-11
5.56927e-11
3.57136e-11
1.74033e-11
1.71033e-33
5.4735e-14
3.67702e-11
7.17266e-11
1.04988e-10
1.36626e-10
1.6671e-10
1.95309e-10
2.22491e-10
2.48322e-10
2.72866e-10
2.96183e-10
3.18333e-10
3.39374e-10
3.5936e-10
3.78343e-10
3.96373e-10
4.13499e-10
4.29766e-10
4.45218e-10
4.59895e-10
4.73837e-10
4.87082e-10
4.99665e-10
5.1162e-10
5.22979e-10
5.33771e-10
5.44027e-10
5.53773e-10
5.63035e-10
5.71839e-10
5.80206e-10
5.8816e-10
6.74689e-10
7.67458e-10
8.66237e-10
9.70523e-10
1.07947e-09
1.19177e-09
1.30564e-09
1.41869e-09
1.5279e-09
1.62967e-09
1.71993e-09
1.79432e-09
1.84853e-09
1.87878e-09
1.8822e-09
1.85737e-09
1.80457e-09
1.72589e-09
1.62506e-09
1.50703e-09
1.37742e-09
1.2419e-09
1.10568e-09
9.73118e-10
8.47559e-10
7.31281e-10
6.25601e-10
5.31033e-10
4.47478e-10
3.74405e-10
3.11005e-10
2.56319e-10
2.0933e-10
1.69025e-10
1.34432e-10
1.04645e-10
7.88238e-11
5.61899e-11
3.6005e-11
1.75369e-11
1.56662e-33
7.48204e-14
5.01894e-11
9.78975e-11
1.43283e-10
1.86441e-10
2.27465e-10
2.66448e-10
3.03483e-10
3.38659e-10
3.72065e-10
4.03783e-10
4.33898e-10
4.62487e-10
4.89626e-10
5.15389e-10
5.39843e-10
5.63057e-10
5.85094e-10
6.06013e-10
6.25872e-10
6.44726e-10
6.62626e-10
6.79623e-10
6.95761e-10
7.11087e-10
7.25642e-10
7.39466e-10
7.52596e-10
7.65068e-10
7.76917e-10
7.88174e-10
7.9887e-10
9.14908e-10
1.03859e-09
1.16931e-09
1.30601e-09
1.4471e-09
1.59034e-09
1.73271e-09
1.87044e-09
1.99899e-09
2.11319e-09
2.20753e-09
2.27656e-09
2.31545e-09
2.32063e-09
2.29031e-09
2.22489e-09
2.12708e-09
2.00167e-09
1.85497e-09
1.69409e-09
1.52616e-09
1.3577e-09
1.19412e-09
1.03951e-09
8.96657e-10
7.67112e-10
6.51454e-10
5.49506e-10
4.60568e-10
3.83614e-10
3.17444e-10
2.60795e-10
2.12425e-10
1.71151e-10
1.35882e-10
1.05622e-10
7.94699e-11
5.66012e-11
3.62457e-11
1.76471e-11
1.43303e-33
1.02517e-13
6.86446e-11
1.33886e-10
1.95935e-10
2.54918e-10
3.10961e-10
3.6419e-10
4.1473e-10
4.62704e-10
5.08234e-10
5.51435e-10
5.92423e-10
6.31306e-10
6.68191e-10
7.03178e-10
7.36365e-10
7.67845e-10
7.97705e-10
8.26031e-10
8.52902e-10
8.78394e-10
9.02581e-10
9.2553e-10
9.47306e-10
9.67972e-10
9.87585e-10
1.0062e-09
1.02387e-09
1.04065e-09
1.05658e-09
1.0717e-09
1.08607e-09
1.24136e-09
1.40569e-09
1.57776e-09
1.75561e-09
1.93641e-09
2.11641e-09
2.29081e-09
2.45388e-09
2.59905e-09
2.7193e-09
2.8077e-09
2.85809e-09
2.86591e-09
2.82894e-09
2.74774e-09
2.62584e-09
2.46941e-09
2.28653e-09
2.08624e-09
1.87757e-09
1.66867e-09
1.46628e-09
1.27545e-09
1.09952e-09
9.40362e-10
7.98589e-10
6.73908e-10
5.65395e-10
4.71734e-10
3.91415e-10
3.22865e-10
2.64546e-10
2.15007e-10
1.72919e-10
1.37084e-10
1.06431e-10
8.00034e-11
5.69403e-11
3.64439e-11
1.77379e-11
1.30936e-33
1.40821e-13
9.40853e-11
1.8349e-10
2.68494e-10
3.49264e-10
4.25966e-10
4.98772e-10
5.67853e-10
6.33379e-10
6.95515e-10
7.54426e-10
8.10269e-10
8.63199e-10
9.13363e-10
9.60903e-10
1.00596e-09
1.04865e-09
1.08911e-09
1.12746e-09
1.16381e-09
1.19826e-09
1.23092e-09
1.26188e-09
1.29123e-09
1.31907e-09
1.34546e-09
1.3705e-09
1.39425e-09
1.41677e-09
1.43815e-09
1.45843e-09
1.47768e-09
1.6849e-09
1.90222e-09
2.12719e-09
2.35629e-09
2.58478e-09
2.8066e-09
3.01446e-09
3.19997e-09
3.35415e-09
3.4681e-09
3.53393e-09
3.5458e-09
3.50088e-09
3.39996e-09
3.24766e-09
3.05196e-09
2.82327e-09
2.57315e-09
2.31306e-09
2.05328e-09
1.80219e-09
1.56603e-09
1.34887e-09
1.15287e-09
9.78703e-10
8.25888e-10
6.93193e-10
5.78928e-10
4.81178e-10
3.97974e-10
3.27402e-10
2.67671e-10
2.17151e-10
1.74384e-10
1.38078e-10
1.07098e-10
8.04427e-11
5.72192e-11
3.66068e-11
1.78124e-11
1.19526e-33
1.93956e-13
1.29238e-10
2.52018e-10
3.68713e-10
4.79535e-10
5.84709e-10
6.84466e-10
7.79039e-10
8.68663e-10
9.53569e-10
1.03398e-09
1.11013e-09
1.18223e-09
1.25048e-09
1.31509e-09
1.37626e-09
1.43415e-09
1.48896e-09
1.54085e-09
1.58997e-09
1.63648e-09
1.68052e-09
1.72223e-09
1.76174e-09
1.79916e-09
1.83462e-09
1.86821e-09
1.90005e-09
1.93022e-09
1.95883e-09
1.98595e-09
2.01166e-09
2.28707e-09
2.57271e-09
2.86419e-09
3.15551e-09
3.43901e-09
3.70536e-09
3.9438e-09
4.14278e-09
4.2908e-09
4.37766e-09
4.39579e-09
4.34155e-09
4.21603e-09
4.02529e-09
3.77972e-09
3.4928e-09
3.17942e-09
2.8542e-09
2.53014e-09
2.21775e-09
1.92471e-09
1.65596e-09
1.41405e-09
1.1996e-09
1.0119e-09
8.49297e-10
7.09593e-10
5.90357e-10
4.89107e-10
4.03454e-10
3.31176e-10
2.70262e-10
2.18925e-10
1.75592e-10
1.38896e-10
1.07646e-10
8.08034e-11
5.7448e-11
3.67403e-11
1.78735e-11
1.09027e-33
2.67887e-13
1.77917e-10
3.46899e-10
5.07431e-10
6.59788e-10
8.04265e-10
9.41175e-10
1.07084e-09
1.19358e-09
1.30972e-09
1.41958e-09
1.52347e-09
1.62171e-09
1.71458e-09
1.80238e-09
1.88538e-09
1.96383e-09
2.038e-09
2.10812e-09
2.17442e-09
2.2371e-09
2.29639e-09
2.35246e-09
2.4055e-09
2.45568e-09
2.50316e-09
2.5481e-09
2.59064e-09
2.63091e-09
2.66905e-09
2.70517e-09
2.73938e-09
3.10345e-09
3.47584e-09
3.84902e-09
4.21321e-09
4.55646e-09
4.86493e-09
5.12361e-09
5.31756e-09
5.43345e-09
5.46138e-09
5.39656e-09
5.24046e-09
5.00105e-09
4.69194e-09
4.33073e-09
3.93668e-09
3.5286e-09
3.12301e-09
2.73313e-09
2.36847e-09
2.03501e-09
1.73567e-09
1.47104e-09
1.24e-09
1.04032e-09
8.69169e-10
7.23418e-10
5.99935e-10
4.95719e-10
4.08005e-10
3.343e-10
2.72401e-10
2.20385e-10
1.76585e-10
1.39567e-10
1.08095e-10
8.10986e-11
5.7635e-11
3.68495e-11
1.79234e-11
9.93883e-34
3.71057e-13
2.45461e-10
4.7852e-10
6.998e-10
9.09649e-10
1.10845e-09
1.29663e-09
1.47463e-09
1.64289e-09
1.80188e-09
1.95204e-09
2.09382e-09
2.22766e-09
2.35399e-09
2.47321e-09
2.58572e-09
2.6919e-09
2.7921e-09
2.88667e-09
2.97594e-09
3.06021e-09
3.13978e-09
3.21491e-09
3.28588e-09
3.35291e-09
3.41625e-09
3.47611e-09
3.53269e-09
3.58618e-09
3.63676e-09
3.68461e-09
3.72988e-09
4.2077e-09
4.68804e-09
5.15843e-09
5.60352e-09
6.00536e-09
6.3444e-09
6.60102e-09
6.7576e-09
6.801e-09
6.72483e-09
6.53096e-09
6.22989e-09
5.83961e-09
5.38319e-09
4.88582e-09
4.37181e-09
3.86234e-09
3.3741e-09
2.91889e-09
2.50393e-09
2.13258e-09
1.80523e-09
1.52021e-09
1.27451e-09
1.0644e-09
8.85888e-10
7.34981e-10
6.07906e-10
5.012e-10
4.11765e-10
3.36874e-10
2.7416e-10
2.21582e-10
1.77398e-10
1.40116e-10
1.08462e-10
8.13396e-11
5.77877e-11
3.69384e-11
1.7964e-11
9.05551e-34
5.15408e-13
3.39329e-10
6.61385e-10
9.66959e-10
1.25647e-09
1.53043e-09
1.7894e-09
2.03398e-09
2.26481e-09
2.48252e-09
2.68777e-09
2.88119e-09
3.06342e-09
3.23507e-09
3.39674e-09
3.54899e-09
3.69237e-09
3.82741e-09
3.9546e-09
4.0744e-09
4.18728e-09
4.29364e-09
4.39388e-09
4.48837e-09
4.57746e-09
4.66149e-09
4.74075e-09
4.81554e-09
4.88613e-09
4.95278e-09
5.01571e-09
5.07515e-09
5.69641e-09
6.30737e-09
6.88823e-09
7.41566e-09
7.86397e-09
8.20716e-09
8.42169e-09
8.48982e-09
8.40273e-09
8.16272e-09
7.78364e-09
7.28934e-09
6.71041e-09
6.08002e-09
5.42992e-09
4.78741e-09
4.17371e-09
3.60352e-09
3.08553e-09
2.62353e-09
2.21756e-09
1.86511e-09
1.56212e-09
1.30367e-09
1.08461e-09
8.99839e-10
7.44584e-10
6.145e-10
5.05719e-10
4.14856e-10
3.38985e-10
2.75599e-10
2.22561e-10
1.78062e-10
1.40563e-10
1.08761e-10
8.15358e-11
5.79118e-11
3.70108e-11
1.79971e-11
8.24723e-34
7.178e-13
4.69897e-10
9.15665e-10
1.33827e-09
1.73823e-09
2.11616e-09
2.47283e-09
2.80908e-09
3.12578e-09
3.42385e-09
3.70424e-09
3.96785e-09
4.21562e-09
4.44843e-09
4.66715e-09
4.87262e-09
5.06564e-09
5.24696e-09
5.41731e-09
5.57738e-09
5.72781e-09
5.86922e-09
6.00216e-09
6.12719e-09
6.2448e-09
6.35547e-09
6.45963e-09
6.5577e-09
6.65007e-09
6.73708e-09
6.81909e-09
6.8964e-09
7.69433e-09
8.45738e-09
9.1551e-09
9.75354e-09
1.02179e-08
1.05163e-08
1.06243e-08
1.05294e-08
1.02341e-08
9.75663e-09
9.1288e-09
8.39155e-09
7.58902e-09
6.76305e-09
5.94921e-09
5.17463e-09
4.45769e-09
3.80888e-09
3.23231e-09
2.72742e-09
2.29051e-09
1.91601e-09
1.59745e-09
1.32809e-09
1.10143e-09
9.11396e-10
7.52507e-10
6.19922e-10
5.09424e-10
4.17385e-10
3.40709e-10
2.76772e-10
2.23359e-10
1.78601e-10
1.40927e-10
1.09004e-10
8.16951e-11
5.80125e-11
3.70695e-11
1.80239e-11
5.90604e-34
8.58942e-13
5.60358e-10
1.09179e-09
1.59536e-09
2.07161e-09
2.52125e-09
2.94518e-09
3.34438e-09
3.71993e-09
4.07293e-09
4.40451e-09
4.71582e-09
5.00799e-09
5.2821e-09
5.53923e-09
5.78041e-09
6.00661e-09
6.21878e-09
6.4178e-09
6.60451e-09
6.77971e-09
6.94415e-09
7.09851e-09
7.24347e-09
7.37962e-09
7.50756e-09
7.6278e-09
7.74086e-09
7.84719e-09
7.94724e-09
8.04141e-09
8.13007e-09
9.03783e-09
9.89022e-09
1.06494e-08
1.12746e-08
1.17259e-08
1.19694e-08
1.19826e-08
1.17594e-08
1.13124e-08
1.0672e-08
9.88222e-09
8.99395e-09
8.05816e-09
7.12e-09
6.21536e-09
5.36969e-09
4.5986e-09
3.90945e-09
3.30339e-09
2.77726e-09
2.32524e-09
1.94008e-09
1.61406e-09
1.33952e-09
1.10927e-09
9.16766e-10
7.56179e-10
6.2243e-10
5.11135e-10
4.18551e-10
3.41503e-10
2.77312e-10
2.23725e-10
1.78849e-10
1.41094e-10
1.09115e-10
8.17681e-11
5.80587e-11
3.70963e-11
1.80361e-11
3.57792e-34
1.00063e-12
6.50752e-10
1.26775e-09
1.85214e-09
2.40447e-09
2.92555e-09
3.41638e-09
3.87811e-09
4.31199e-09
4.71934e-09
5.1015e-09
5.45982e-09
5.79564e-09
6.11029e-09
6.40501e-09
6.68106e-09
6.93959e-09
7.18173e-09
7.40854e-09
7.62101e-09
7.8201e-09
8.00668e-09
8.18159e-09
8.34562e-09
8.49947e-09
8.64384e-09
8.77935e-09
8.9066e-09
9.02613e-09
9.13845e-09
9.24404e-09
9.34334e-09
1.03523e-08
1.12832e-08
1.20909e-08
1.27283e-08
1.31514e-08
1.33259e-08
1.32328e-08
1.28743e-08
1.22739e-08
1.14747e-08
1.0532e-08
9.50533e-09
8.45058e-09
7.41459e-09
6.43241e-09
5.52712e-09
4.7113e-09
3.98928e-09
3.35945e-09
2.81636e-09
2.35235e-09
1.9588e-09
1.62694e-09
1.34836e-09
1.11533e-09
9.20903e-10
7.59003e-10
6.24356e-10
5.12447e-10
4.19445e-10
3.42111e-10
2.77725e-10
2.24005e-10
1.79039e-10
1.41222e-10
1.092e-10
8.18239e-11
5.8094e-11
3.71169e-11
1.80455e-11
4.85858e-34
1.39622e-12
9.01194e-10
1.75509e-09
2.56299e-09
3.32541e-09
4.04333e-09
4.71807e-09
5.35124e-09
5.94461e-09
6.50006e-09
7.01956e-09
7.50508e-09
7.95859e-09
8.38204e-09
8.7773e-09
9.14619e-09
9.49043e-09
9.81168e-09
1.01115e-08
1.03913e-08
1.06526e-08
1.08966e-08
1.11245e-08
1.13374e-08
1.15365e-08
1.17226e-08
1.18968e-08
1.20597e-08
1.22123e-08
1.23552e-08
1.24892e-08
1.26148e-08
1.38655e-08
1.4966e-08
1.5852e-08
1.64623e-08
1.67468e-08
1.66766e-08
1.62509e-08
1.55002e-08
1.44821e-08
1.32722e-08
1.19522e-08
1.05979e-08
9.27181e-09
8.01988e-09
6.87128e-09
5.84106e-09
4.93343e-09
4.14507e-09
3.46794e-09
2.89149e-09
2.40415e-09
1.9944e-09
1.65133e-09
1.36504e-09
1.12672e-09
9.28674e-10
7.64299e-10
6.27962e-10
5.14902e-10
4.21114e-10
3.43246e-10
2.78496e-10
2.24528e-10
1.79392e-10
1.41459e-10
1.09359e-10
8.19277e-11
5.81596e-11
3.71551e-11
1.8063e-11
6.21865e-34
1.94925e-12
1.24753e-09
2.42875e-09
3.54493e-09
4.59648e-09
5.58452e-09
6.51081e-09
7.37755e-09
8.18726e-09
8.94268e-09
9.64667e-09
1.03021e-08
1.0912e-08
1.14792e-08
1.20064e-08
1.24963e-08
1.29516e-08
1.33746e-08
1.37676e-08
1.41329e-08
1.44724e-08
1.4788e-08
1.50816e-08
1.53547e-08
1.56089e-08
1.58455e-08
1.6066e-08
1.62714e-08
1.6463e-08
1.66417e-08
1.68085e-08
1.69643e-08
1.8476e-08
1.97215e-08
2.0614e-08
2.10799e-08
2.10728e-08
2.05854e-08
1.96548e-08
1.83583e-08
1.68006e-08
1.50947e-08
1.33455e-08
1.16381e-08
1.00332e-08
8.56811e-09
7.26088e-09
6.11504e-09
5.12451e-09
4.27747e-09
3.55923e-09
2.95418e-09
2.44708e-09
2.02372e-09
1.67134e-09
1.37867e-09
1.13599e-09
9.34984e-10
7.68589e-10
6.30879e-10
5.16884e-10
4.22461e-10
3.4416e-10
2.79116e-10
2.24948e-10
1.79677e-10
1.41651e-10
1.09486e-10
8.20111e-11
5.82123e-11
3.71857e-11
1.8077e-11
5.65764e-34
2.71668e-12
1.72302e-09
3.35316e-09
4.89151e-09
6.33805e-09
7.69406e-09
8.96181e-09
1.01443e-08
1.12452e-08
1.22685e-08
1.32182e-08
1.40987e-08
1.49144e-08
1.56694e-08
1.63678e-08
1.70137e-08
1.76109e-08
1.81629e-08
1.86731e-08
1.91448e-08
1.95809e-08
1.99842e-08
2.03572e-08
2.07024e-08
2.10219e-08
2.13178e-08
2.1592e-08
2.18462e-08
2.20819e-08
2.23006e-08
2.25037e-08
2.26924e-08
2.4461e-08
2.5784e-08
2.65512e-08
2.66861e-08
2.61654e-08
2.50309e-08
2.33855e-08
2.13747e-08
1.91586e-08
1.68848e-08
1.46714e-08
1.26006e-08
1.07207e-08
9.05302e-09
7.59951e-09
6.34971e-09
5.28619e-09
4.38837e-09
3.63505e-09
3.00589e-09
2.48229e-09
2.04767e-09
1.68761e-09
1.38972e-09
1.1435e-09
9.40075e-10
7.72045e-10
6.33225e-10
5.18476e-10
4.23542e-10
3.44894e-10
2.79614e-10
2.25285e-10
1.79904e-10
1.41803e-10
1.09588e-10
8.20778e-11
5.82544e-11
3.72102e-11
1.80881e-11
5.14645e-34
3.76881e-12
2.36882e-09
4.60821e-09
6.71863e-09
8.69934e-09
1.05516e-08
1.22784e-08
1.38839e-08
1.53731e-08
1.67517e-08
1.80257e-08
1.92015e-08
2.02853e-08
2.12834e-08
2.22018e-08
2.30463e-08
2.38226e-08
2.45359e-08
2.51913e-08
2.57933e-08
2.63464e-08
2.68545e-08
2.73214e-08
2.77506e-08
2.81452e-08
2.85082e-08
2.88422e-08
2.91496e-08
2.94328e-08
2.96938e-08
2.99344e-08
3.01565e-08
3.21383e-08
3.34061e-08
3.38311e-08
3.33556e-08
3.20165e-08
2.99465e-08
2.73491e-08
2.44551e-08
2.14784e-08
1.85873e-08
1.58955e-08
1.34668e-08
1.13263e-08
9.47248e-09
7.88808e-09
6.54723e-09
5.4209e-09
4.48e-09
3.69726e-09
3.04809e-09
2.51088e-09
2.06704e-09
1.70073e-09
1.39861e-09
1.14952e-09
9.44156e-10
7.74811e-10
6.351e-10
5.19748e-10
4.24404e-10
3.45478e-10
2.8001e-10
2.25553e-10
1.80085e-10
1.41925e-10
1.09669e-10
8.21308e-11
5.82879e-11
3.72297e-11
1.8097e-11
4.68086e-34
5.1837e-12
3.23232e-09
6.28589e-09
9.1601e-09
1.1853e-08
1.43657e-08
1.6702e-08
1.88673e-08
2.08688e-08
2.27142e-08
2.44124e-08
2.59721e-08
2.74026e-08
2.87126e-08
2.99111e-08
3.10064e-08
3.20068e-08
3.29198e-08
3.37527e-08
3.45122e-08
3.52047e-08
3.58359e-08
3.64113e-08
3.69357e-08
3.74138e-08
3.78498e-08
3.82473e-08
3.86099e-08
3.89409e-08
3.9243e-08
3.95189e-08
3.9771e-08
4.1863e-08
4.2848e-08
4.25967e-08
4.11147e-08
3.85602e-08
3.52158e-08
3.14204e-08
2.74937e-08
2.36845e-08
2.01556e-08
1.69931e-08
1.42261e-08
1.18472e-08
9.82781e-09
8.12945e-09
6.71075e-09
5.53148e-09
4.55471e-09
3.74771e-09
3.08214e-09
2.53387e-09
2.08257e-09
1.71122e-09
1.4057e-09
1.15431e-09
9.47402e-10
7.77009e-10
6.36589e-10
5.20757e-10
4.25088e-10
3.45942e-10
2.80324e-10
2.25766e-10
1.80228e-10
1.42021e-10
1.09733e-10
8.21727e-11
5.83143e-11
3.72451e-11
1.8104e-11
4.25695e-34
7.0316e-12
4.36151e-09
8.47987e-09
1.23531e-08
1.59775e-08
1.93539e-08
2.24867e-08
2.53831e-08
2.80524e-08
3.05052e-08
3.27534e-08
3.48093e-08
3.66855e-08
3.83946e-08
3.99488e-08
4.13602e-08
4.26403e-08
4.37999e-08
4.48495e-08
4.57985e-08
4.6656e-08
4.74303e-08
4.81292e-08
4.87596e-08
4.93281e-08
4.98406e-08
5.03024e-08
5.07185e-08
5.10933e-08
5.14307e-08
5.17345e-08
5.20081e-08
5.4023e-08
5.43653e-08
5.2947e-08
4.99198e-08
4.56609e-08
4.06737e-08
3.54531e-08
3.03846e-08
2.57119e-08
2.15556e-08
1.79495e-08
1.4875e-08
1.22853e-08
1.01228e-08
8.32779e-09
6.84399e-09
5.62097e-09
4.61483e-09
3.78812e-09
3.10932e-09
2.55217e-09
2.0949e-09
1.71953e-09
1.41131e-09
1.1581e-09
9.49964e-10
7.78742e-10
6.37761e-10
5.21551e-10
4.25626e-10
3.46306e-10
2.80571e-10
2.25933e-10
1.80341e-10
1.42097e-10
1.09784e-10
8.22057e-11
5.83351e-11
3.72572e-11
1.81095e-11
3.87112e-34
9.34413e-12
5.79365e-09
1.12641e-08
1.64082e-08
2.12205e-08
2.57013e-08
2.98553e-08
3.36913e-08
3.72205e-08
4.04565e-08
4.34143e-08
4.611e-08
4.85601e-08
5.07813e-08
5.27903e-08
5.46034e-08
5.62364e-08
5.77044e-08
5.90217e-08
6.02018e-08
6.12573e-08
6.21999e-08
6.30403e-08
6.37885e-08
6.44536e-08
6.5044e-08
6.55673e-08
6.60308e-08
6.64407e-08
6.6803e-08
6.71226e-08
6.74032e-08
6.90383e-08
6.81945e-08
6.49117e-08
5.96366e-08
5.31071e-08
4.61161e-08
3.92958e-08
3.30349e-08
2.75122e-08
2.27671e-08
1.87603e-08
1.54159e-08
1.26459e-08
1.0363e-08
8.4879e-09
6.95082e-09
5.69233e-09
4.66256e-09
3.82009e-09
3.13076e-09
2.56657e-09
2.10458e-09
1.72605e-09
1.41571e-09
1.16107e-09
9.51966e-10
7.80095e-10
6.38677e-10
5.22171e-10
4.26045e-10
3.4659e-10
2.80763e-10
2.26063e-10
1.80429e-10
1.42156e-10
1.09823e-10
8.22313e-11
5.83513e-11
3.72665e-11
1.81138e-11
3.52002e-34
1.20681e-11
7.53695e-09
1.46578e-08
2.13605e-08
2.76387e-08
3.34919e-08
3.89249e-08
4.39465e-08
4.85689e-08
5.28073e-08
5.66787e-08
6.0202e-08
6.33973e-08
6.62851e-08
6.88865e-08
7.12223e-08
7.33129e-08
7.51784e-08
7.68379e-08
7.83096e-08
7.96112e-08
8.07589e-08
8.17682e-08
8.26532e-08
8.34269e-08
8.41009e-08
8.46853e-08
8.51893e-08
8.56208e-08
8.59875e-08
8.62977e-08
8.65612e-08
8.73693e-08
8.45357e-08
7.8421e-08
7.00177e-08
6.06147e-08
5.13198e-08
4.28103e-08
3.5374e-08
2.90571e-08
2.3784e-08
1.94291e-08
1.58562e-08
1.29361e-08
1.05548e-08
8.61485e-09
7.03506e-09
5.74836e-09
4.69991e-09
3.84503e-09
3.14746e-09
2.57776e-09
2.11209e-09
1.7311e-09
1.41911e-09
1.16336e-09
9.53514e-10
7.81141e-10
6.39384e-10
5.22649e-10
4.26369e-10
3.4681e-10
2.80911e-10
2.26163e-10
1.80496e-10
1.42201e-10
1.09853e-10
8.2251e-11
5.83637e-11
3.72738e-11
1.81171e-11
3.2006e-34
1.50244e-11
9.54786e-09
1.85821e-08
2.7107e-08
3.51182e-08
4.26159e-08
4.96039e-08
5.60892e-08
6.20818e-08
6.75946e-08
7.26432e-08
7.72456e-08
8.14223e-08
8.51956e-08
8.85894e-08
9.16287e-08
9.43385e-08
9.67441e-08
9.88697e-08
1.00739e-07
1.02373e-07
1.03794e-07
1.0502e-07
1.06071e-07
1.06966e-07
1.07723e-07
1.08359e-07
1.08893e-07
1.0934e-07
1.09712e-07
1.10015e-07
1.10241e-07
1.09512e-07
1.03539e-07
9.32611e-08
8.06848e-08
6.78434e-08
5.60708e-08
4.58897e-08
3.73599e-08
3.03377e-08
2.46116e-08
1.99658e-08
1.62056e-08
1.31645e-08
1.07046e-08
8.71356e-09
7.10029e-09
5.7916e-09
4.72865e-09
3.86419e-09
3.16025e-09
2.58633e-09
2.11784e-09
1.73496e-09
1.4217e-09
1.16511e-09
9.54694e-10
7.81938e-10
6.39923e-10
5.23013e-10
4.26616e-10
3.46977e-10
2.81024e-10
2.26239e-10
1.80548e-10
1.42236e-10
1.09876e-10
8.2266e-11
5.83731e-11
3.72792e-11
1.81196e-11
3.04861e-34
1.8209e-11
1.19439e-08
2.32755e-08
3.4017e-08
4.41744e-08
5.37533e-08
6.27583e-08
7.11936e-08
7.9063e-08
8.63708e-08
9.31227e-08
9.9326e-08
1.04991e-07
1.10132e-07
1.14767e-07
1.18916e-07
1.22608e-07
1.25871e-07
1.28738e-07
1.31244e-07
1.33423e-07
1.35308e-07
1.3693e-07
1.38312e-07
1.39473e-07
1.40426e-07
1.4118e-07
1.41742e-07
1.42122e-07
1.42342e-07
1.42447e-07
1.42512e-07
1.393e-07
1.27641e-07
1.10731e-07
9.21624e-08
7.50835e-08
6.05897e-08
4.87101e-08
3.91294e-08
3.14555e-08
2.5323e-08
2.04219e-08
1.64999e-08
1.33555e-08
1.08293e-08
8.79533e-09
7.15415e-09
5.82721e-09
4.75227e-09
3.8799e-09
3.17073e-09
2.59333e-09
2.12253e-09
1.73812e-09
1.42382e-09
1.16654e-09
9.55657e-10
7.82588e-10
6.40362e-10
5.2331e-10
4.26817e-10
3.47112e-10
2.81116e-10
2.26301e-10
1.8059e-10
1.42264e-10
1.09895e-10
8.22781e-11
5.83808e-11
3.72837e-11
1.81216e-11
3.2014e-34
2.14599e-11
1.48063e-08
2.89118e-08
4.23788e-08
5.52427e-08
6.75301e-08
7.92587e-08
9.04388e-08
1.01073e-07
1.11159e-07
1.20687e-07
1.29645e-07
1.38016e-07
1.45781e-07
1.52924e-07
1.59427e-07
1.65277e-07
1.70469e-07
1.75006e-07
1.78902e-07
1.82185e-07
1.849e-07
1.87108e-07
1.88883e-07
1.90314e-07
1.91494e-07
1.92516e-07
1.93452e-07
1.94341e-07
1.95163e-07
1.95811e-07
1.96056e-07
1.84337e-07
1.62166e-07
1.32156e-07
1.04625e-07
8.23921e-08
6.49226e-08
5.13221e-08
4.07278e-08
3.24474e-08
2.59459e-08
2.08172e-08
1.6753e-08
1.35189e-08
1.09355e-08
8.8647e-09
7.19971e-09
5.85726e-09
4.77217e-09
3.89312e-09
3.17954e-09
2.59922e-09
2.12647e-09
1.74076e-09
1.4256e-09
1.16773e-09
9.56463e-10
7.83132e-10
6.40729e-10
5.23559e-10
4.26985e-10
3.47226e-10
2.81193e-10
2.26353e-10
1.80625e-10
1.42287e-10
1.0991e-10
8.22882e-11
5.83871e-11
3.72874e-11
1.81233e-11
3.52185e-34
2.40304e-11
1.76045e-08
3.44541e-08
5.06733e-08
6.63499e-08
8.15551e-08
9.63463e-08
1.10769e-07
1.24856e-07
1.38632e-07
1.52111e-07
1.65297e-07
1.78182e-07
1.90749e-07
2.02968e-07
2.14793e-07
2.26166e-07
2.37011e-07
2.47235e-07
2.56726e-07
2.65357e-07
2.72985e-07
2.79461e-07
2.84634e-07
2.88369e-07
2.90566e-07
2.91189e-07
2.90308e-07
2.88139e-07
2.85113e-07
2.81938e-07
2.79682e-07
2.68748e-07
2.07426e-07
1.53551e-07
1.15932e-07
8.85304e-08
6.84118e-08
5.33615e-08
4.19506e-08
3.31949e-08
2.64104e-08
2.11096e-08
1.69391e-08
1.36385e-08
1.10129e-08
8.91513e-09
7.23276e-09
5.87903e-09
4.78656e-09
3.90267e-09
3.1859e-09
2.60346e-09
2.12931e-09
1.74266e-09
1.42688e-09
1.1686e-09
9.57043e-10
7.83523e-10
6.40993e-10
5.23737e-10
4.27105e-10
3.47308e-10
2.81248e-10
2.2639e-10
1.8065e-10
1.42304e-10
1.09921e-10
8.22955e-11
5.83917e-11
3.729e-11
1.81245e-11
3.87427e-34
2.52124e-11
1.91816e-08
3.75926e-08
5.54028e-08
7.27421e-08
8.97215e-08
1.06438e-07
1.22979e-07
1.39424e-07
1.5585e-07
1.7233e-07
1.88938e-07
2.0575e-07
2.22846e-07
2.40309e-07
2.58232e-07
2.76714e-07
2.95862e-07
3.15792e-07
3.36623e-07
3.58474e-07
3.81455e-07
4.05645e-07
4.31071e-07
4.57667e-07
4.85217e-07
5.13283e-07
5.41102e-07
5.67466e-07
5.90561e-07
6.07793e-07
6.15577e-07
3.80543e-07
2.33404e-07
1.66785e-07
1.21825e-07
9.16854e-08
7.01294e-08
5.43502e-08
4.25342e-08
3.35484e-08
2.66283e-08
2.12461e-08
1.70256e-08
1.36938e-08
1.10486e-08
8.9384e-09
7.24799e-09
5.88904e-09
4.79317e-09
3.90706e-09
3.18882e-09
2.60541e-09
2.13061e-09
1.74353e-09
1.42746e-09
1.16899e-09
9.57308e-10
7.83702e-10
6.41114e-10
5.23819e-10
4.2716e-10
3.47345e-10
2.81273e-10
2.26407e-10
1.80661e-10
1.42312e-10
1.09926e-10
8.22986e-11
5.83936e-11
3.72911e-11
1.8125e-11
2.39159e-34
2.5243e-11
1.92237e-08
3.76764e-08
5.55293e-08
7.29131e-08
8.99401e-08
1.06708e-07
1.23306e-07
1.39813e-07
1.56309e-07
1.72866e-07
1.89561e-07
2.0647e-07
2.23675e-07
2.41262e-07
2.59326e-07
2.77972e-07
2.97318e-07
3.17499e-07
3.38669e-07
3.61015e-07
3.84762e-07
4.10195e-07
4.37682e-07
4.67713e-07
5.00958e-07
5.38335e-07
5.81108e-07
6.31014e-07
6.90411e-07
7.62462e-07
8.51334e-07
3.48036e-07
2.39899e-07
1.66113e-07
1.22172e-07
9.17294e-08
7.0181e-08
5.43736e-08
4.25492e-08
3.35571e-08
2.66337e-08
2.12494e-08
1.70277e-08
1.36952e-08
1.10495e-08
8.93896e-09
7.24835e-09
5.88928e-09
4.79333e-09
3.90716e-09
3.18889e-09
2.60546e-09
2.13064e-09
1.74356e-09
1.42748e-09
1.169e-09
9.57314e-10
7.83706e-10
6.41117e-10
5.23821e-10
4.27162e-10
3.47346e-10
2.81274e-10
2.26408e-10
1.80661e-10
1.42312e-10
1.09926e-10
8.22987e-11
5.83936e-11
3.72911e-11
1.8125e-11
2.23238e-34
2.45304e-11
1.82295e-08
3.56962e-08
5.2541e-08
6.88668e-08
8.47583e-08
1.00286e-07
1.15506e-07
1.30467e-07
1.45205e-07
1.59748e-07
1.74114e-07
1.88312e-07
2.02339e-07
2.16183e-07
2.29817e-07
2.43203e-07
2.56283e-07
2.68985e-07
2.81216e-07
2.92859e-07
3.03774e-07
3.13784e-07
3.22677e-07
3.3019e-07
3.35993e-07
3.39674e-07
3.40706e-07
3.38417e-07
3.31942e-07
3.20179e-07
3.01725e-07
3.07399e-07
2.16684e-07
1.58821e-07
1.18284e-07
8.98108e-08
6.91105e-08
5.37648e-08
4.21886e-08
3.33389e-08
2.6499e-08
2.1165e-08
1.69742e-08
1.36609e-08
1.10273e-08
8.92454e-09
7.23891e-09
5.88307e-09
4.78923e-09
3.90444e-09
3.18708e-09
2.60425e-09
2.12983e-09
1.74301e-09
1.42711e-09
1.16875e-09
9.57149e-10
7.83594e-10
6.41041e-10
5.23769e-10
4.27127e-10
3.47322e-10
2.81258e-10
2.26397e-10
1.80654e-10
1.42307e-10
1.09923e-10
8.22963e-11
5.83921e-11
3.72902e-11
1.81246e-11
4.32571e-34
2.13711e-11
1.46981e-08
2.86969e-08
4.20559e-08
5.4808e-08
6.69775e-08
7.85802e-08
8.96245e-08
1.00112e-07
1.10037e-07
1.1939e-07
1.28158e-07
1.36324e-07
1.43869e-07
1.50775e-07
1.57026e-07
1.62608e-07
1.67512e-07
1.71739e-07
1.75298e-07
1.78207e-07
1.80502e-07
1.82234e-07
1.83473e-07
1.84313e-07
1.84878e-07
1.85324e-07
1.85851e-07
1.86713e-07
1.88225e-07
1.90784e-07
1.94881e-07
1.78227e-07
1.60791e-07
1.31171e-07
1.04206e-07
8.21443e-08
6.47804e-08
5.12347e-08
4.06733e-08
3.24126e-08
2.59235e-08
2.08027e-08
1.67435e-08
1.35127e-08
1.09314e-08
8.862e-09
7.19793e-09
5.85608e-09
4.77138e-09
3.89259e-09
3.17919e-09
2.59898e-09
2.12631e-09
1.74065e-09
1.42553e-09
1.16768e-09
9.56428e-10
7.83108e-10
6.40713e-10
5.23547e-10
4.26976e-10
3.4722e-10
2.81189e-10
2.2635e-10
1.80622e-10
1.42285e-10
1.09908e-10
8.22869e-11
5.83861e-11
3.72866e-11
1.81229e-11
5.15617e-34
1.59585e-11
1.01763e-08
1.98078e-08
2.89003e-08
3.74492e-08
4.54534e-08
5.29151e-08
5.9839e-08
6.62325e-08
7.21058e-08
7.74725e-08
8.23492e-08
8.67562e-08
9.07169e-08
9.42584e-08
9.74105e-08
1.00205e-07
1.02677e-07
1.0486e-07
1.0679e-07
1.08497e-07
1.10013e-07
1.11363e-07
1.12565e-07
1.13632e-07
1.14563e-07
1.15348e-07
1.1596e-07
1.16353e-07
1.1646e-07
1.16185e-07
1.15402e-07
1.16117e-07
1.08723e-07
9.7757e-08
8.38811e-08
6.99527e-08
5.74163e-08
4.67385e-08
3.78948e-08
3.06758e-08
2.48266e-08
2.01034e-08
1.62942e-08
1.32219e-08
1.07421e-08
8.73809e-09
7.11644e-09
5.80227e-09
4.73572e-09
3.86889e-09
3.16338e-09
2.58842e-09
2.11923e-09
1.7359e-09
1.42233e-09
1.16553e-09
9.54978e-10
7.82129e-10
6.40051e-10
5.23099e-10
4.26673e-10
3.47015e-10
2.81049e-10
2.26256e-10
1.80558e-10
1.42242e-10
1.0988e-10
8.2268e-11
5.83741e-11
3.72796e-11
1.81197e-11
5.67077e-34
1.03036e-11
6.36272e-09
1.23683e-08
1.80119e-08
2.32866e-08
2.81919e-08
3.27327e-08
3.69185e-08
4.07623e-08
4.42799e-08
4.74888e-08
5.0408e-08
5.30571e-08
5.54556e-08
5.76227e-08
5.95768e-08
6.1335e-08
6.29132e-08
6.43259e-08
6.5586e-08
6.67055e-08
6.76953e-08
6.85659e-08
6.93277e-08
6.99916e-08
7.05701e-08
7.10776e-08
7.15319e-08
7.1955e-08
7.23742e-08
7.28242e-08
7.33478e-08
7.451e-08
7.34597e-08
6.94814e-08
6.33987e-08
5.59679e-08
4.81634e-08
4.0705e-08
3.39829e-08
2.8142e-08
2.31828e-08
1.90341e-08
1.55962e-08
1.27647e-08
1.04415e-08
8.53989e-09
6.98531e-09
5.71527e-09
4.67785e-09
3.83029e-09
3.13759e-09
2.57114e-09
2.10764e-09
1.72811e-09
1.41709e-09
1.162e-09
9.52593e-10
7.80518e-10
6.38962e-10
5.22362e-10
4.26174e-10
3.46677e-10
2.8082e-10
2.26101e-10
1.80454e-10
1.42172e-10
1.09833e-10
8.22371e-11
5.83545e-11
3.72682e-11
1.81145e-11
6.23604e-34
6.15777e-12
3.81921e-09
7.42551e-09
1.08173e-08
1.39916e-08
1.69495e-08
1.96953e-08
2.22358e-08
2.45794e-08
2.67359e-08
2.87156e-08
3.05294e-08
3.21881e-08
3.37027e-08
3.50838e-08
3.63414e-08
3.74857e-08
3.8526e-08
3.94715e-08
4.03308e-08
4.1112e-08
4.18227e-08
4.247e-08
4.30602e-08
4.35986e-08
4.40897e-08
4.45366e-08
4.49411e-08
4.53032e-08
4.56206e-08
4.58888e-08
4.61003e-08
4.83291e-08
4.90679e-08
4.83523e-08
4.61569e-08
4.27491e-08
3.85157e-08
3.39029e-08
2.92952e-08
2.49581e-08
2.10396e-08
1.7599e-08
1.4638e-08
1.21257e-08
1.00155e-08
8.25574e-09
6.79562e-09
5.5885e-09
4.59302e-09
3.77345e-09
3.09945e-09
2.54552e-09
2.09041e-09
1.71651e-09
1.40927e-09
1.15672e-09
9.49027e-10
7.78107e-10
6.3733e-10
5.21257e-10
4.25426e-10
3.4617e-10
2.80477e-10
2.25868e-10
1.80296e-10
1.42066e-10
1.09762e-10
8.21908e-11
5.83252e-11
3.72511e-11
1.81066e-11
6.85668e-34
3.63398e-12
2.28728e-09
4.44984e-09
6.48829e-09
8.40204e-09
1.01924e-08
1.18622e-08
1.34156e-08
1.48574e-08
1.6193e-08
1.74284e-08
1.85694e-08
1.96223e-08
2.05929e-08
2.14872e-08
2.23106e-08
2.30686e-08
2.37662e-08
2.44081e-08
2.49985e-08
2.55416e-08
2.6041e-08
2.65001e-08
2.69221e-08
2.73101e-08
2.76668e-08
2.79952e-08
2.82983e-08
2.8579e-08
2.88409e-08
2.90878e-08
2.93241e-08
3.13079e-08
3.26486e-08
3.31729e-08
3.28246e-08
3.16144e-08
2.96582e-08
2.71492e-08
2.43178e-08
2.13837e-08
1.85215e-08
1.58496e-08
1.34348e-08
1.13039e-08
9.45696e-09
7.87733e-09
6.53982e-09
5.41579e-09
4.4765e-09
3.69486e-09
3.04644e-09
2.50975e-09
2.06626e-09
1.7002e-09
1.39824e-09
1.14927e-09
9.43984e-10
7.74693e-10
6.35017e-10
5.1969e-10
4.24363e-10
3.45449e-10
2.79989e-10
2.25537e-10
1.80073e-10
1.41916e-10
1.09662e-10
8.2125e-11
5.82835e-11
3.72267e-11
1.80955e-11
7.53774e-34
2.17261e-12
1.38768e-09
2.70137e-09
3.94236e-09
5.11101e-09
6.20852e-09
7.23682e-09
8.19836e-09
9.09598e-09
9.93274e-09
1.07119e-08
1.14367e-08
1.21104e-08
1.27364e-08
1.33176e-08
1.38572e-08
1.43579e-08
1.48227e-08
1.52541e-08
1.56545e-08
1.60263e-08
1.63717e-08
1.66926e-08
1.6991e-08
1.72686e-08
1.75269e-08
1.77674e-08
1.79912e-08
1.81994e-08
1.83928e-08
1.85718e-08
1.87368e-08
2.03651e-08
2.16741e-08
2.25758e-08
2.29862e-08
2.28594e-08
2.21954e-08
2.10476e-08
1.95154e-08
1.77259e-08
1.581e-08
1.38828e-08
1.20323e-08
1.0317e-08
8.76943e-09
7.40207e-09
6.21318e-09
5.19227e-09
4.32401e-09
3.59107e-09
2.97591e-09
2.46187e-09
2.03378e-09
1.67817e-09
1.38331e-09
1.13914e-09
9.37118e-10
7.70036e-10
6.31858e-10
5.17547e-10
4.22909e-10
3.44462e-10
2.79319e-10
2.25084e-10
1.79766e-10
1.41709e-10
1.09524e-10
8.20346e-11
5.82263e-11
3.71934e-11
1.80803e-11
8.28458e-34
1.32553e-12
8.57426e-10
1.67e-09
2.43905e-09
3.16511e-09
3.84918e-09
4.49251e-09
5.09663e-09
5.66321e-09
6.19402e-09
6.69091e-09
7.15573e-09
7.59031e-09
7.99648e-09
8.37599e-09
8.73053e-09
9.06173e-09
9.37113e-09
9.66018e-09
9.93026e-09
1.01827e-08
1.04186e-08
1.06391e-08
1.08454e-08
1.10383e-08
1.12188e-08
1.13879e-08
1.15462e-08
1.16946e-08
1.18339e-08
1.19649e-08
1.20884e-08
1.33142e-08
1.44076e-08
1.53047e-08
1.59451e-08
1.62766e-08
1.62657e-08
1.59054e-08
1.52196e-08
1.42611e-08
1.31024e-08
1.18242e-08
1.05029e-08
9.20234e-09
7.96961e-09
6.83526e-09
5.81548e-09
4.91539e-09
4.13243e-09
3.45913e-09
2.88538e-09
2.39993e-09
1.99148e-09
1.64933e-09
1.36367e-09
1.12578e-09
9.28027e-10
7.63855e-10
6.27657e-10
5.14692e-10
4.20969e-10
3.43145e-10
2.78425e-10
2.24478e-10
1.79356e-10
1.41433e-10
1.0934e-10
8.19137e-11
5.81497e-11
3.71487e-11
1.80598e-11
9.10283e-34
8.26669e-13
5.4015e-10
1.05248e-09
1.53807e-09
1.99744e-09
2.43133e-09
2.84059e-09
3.22617e-09
3.58909e-09
3.93042e-09
4.25125e-09
4.55266e-09
4.8357e-09
5.10144e-09
5.35088e-09
5.585e-09
5.80473e-09
6.01096e-09
6.20454e-09
6.38627e-09
6.55691e-09
6.71717e-09
6.86771e-09
7.00918e-09
7.14215e-09
7.26718e-09
7.38477e-09
7.49539e-09
7.59948e-09
7.69743e-09
7.78959e-09
7.87628e-09
8.76919e-09
9.6132e-09
1.03724e-08
1.10064e-08
1.14755e-08
1.17441e-08
1.17877e-08
1.15968e-08
1.11813e-08
1.05692e-08
9.80332e-09
8.93439e-09
8.01375e-09
7.0872e-09
6.19135e-09
5.35226e-09
4.58604e-09
3.90048e-09
3.29702e-09
2.77277e-09
2.32209e-09
1.93788e-09
1.61253e-09
1.33846e-09
1.10854e-09
9.16259e-10
7.55828e-10
6.22186e-10
5.10966e-10
4.18433e-10
3.4142e-10
2.77253e-10
2.23682e-10
1.78818e-10
1.4107e-10
1.09097e-10
8.17547e-11
5.8049e-11
3.709e-11
1.8033e-11
9.99836e-34
5.26403e-13
3.46658e-10
6.75678e-10
9.87869e-10
1.28367e-09
1.5636e-09
1.82822e-09
2.07817e-09
2.31407e-09
2.5366e-09
2.7464e-09
2.94413e-09
3.13044e-09
3.30595e-09
3.47126e-09
3.62697e-09
3.77361e-09
3.91174e-09
4.04184e-09
4.16441e-09
4.27989e-09
4.38871e-09
4.49128e-09
4.58798e-09
4.67915e-09
4.76513e-09
4.84625e-09
4.92279e-09
4.99505e-09
5.06327e-09
5.12772e-09
5.18863e-09
5.82474e-09
6.45068e-09
7.0459e-09
7.58632e-09
8.04523e-09
8.39548e-09
8.61241e-09
8.67739e-09
8.58129e-09
8.32682e-09
7.92902e-09
7.41354e-09
6.81287e-09
6.16188e-09
5.49348e-09
4.83556e-09
4.20942e-09
3.62955e-09
3.10424e-09
2.63681e-09
2.2269e-09
1.87164e-09
1.56665e-09
1.3068e-09
1.08676e-09
9.01314e-10
7.45592e-10
6.15186e-10
5.06184e-10
4.1517e-10
3.39196e-10
2.75739e-10
2.22654e-10
1.78121e-10
1.40601e-10
1.08784e-10
8.15486e-11
5.79185e-11
3.70138e-11
1.79981e-11
1.09772e-33
3.41599e-13
2.26311e-10
4.41213e-10
6.45297e-10
8.38895e-10
1.02237e-09
1.19611e-09
1.36053e-09
1.51603e-09
1.66304e-09
1.80197e-09
1.93323e-09
2.0572e-09
2.17429e-09
2.28487e-09
2.38928e-09
2.48788e-09
2.58098e-09
2.66891e-09
2.75196e-09
2.83041e-09
2.90452e-09
2.97454e-09
3.04072e-09
3.10326e-09
3.16239e-09
3.21831e-09
3.27118e-09
3.3212e-09
3.36851e-09
3.41328e-09
3.45565e-09
3.90434e-09
4.35814e-09
4.80616e-09
5.23459e-09
5.62709e-09
5.96536e-09
6.23051e-09
6.40492e-09
6.47452e-09
6.43112e-09
6.27422e-09
6.0117e-09
5.6591e-09
5.23759e-09
4.77108e-09
4.28328e-09
3.79532e-09
3.32421e-09
2.88229e-09
2.47741e-09
2.11357e-09
1.79173e-09
1.51069e-09
1.26784e-09
1.05975e-09
8.82662e-10
7.32749e-10
6.06365e-10
5.00138e-10
4.11033e-10
3.36369e-10
2.73811e-10
2.21342e-10
1.77231e-10
1.4e-10
1.08382e-10
8.12846e-11
5.77512e-11
3.69162e-11
1.79535e-11
1.20453e-33
2.25422e-13
1.5003e-10
2.9255e-10
4.27984e-10
5.56573e-10
6.78574e-10
7.94253e-10
9.03881e-10
1.00773e-09
1.10607e-09
1.19917e-09
1.28728e-09
1.37067e-09
1.44958e-09
1.52424e-09
1.59487e-09
1.6617e-09
1.72494e-09
1.78477e-09
1.84139e-09
1.89498e-09
1.9457e-09
1.99371e-09
2.03916e-09
2.08219e-09
2.12294e-09
2.16154e-09
2.1981e-09
2.23274e-09
2.26556e-09
2.29667e-09
2.32616e-09
2.64121e-09
2.9663e-09
3.29578e-09
3.62214e-09
3.93589e-09
4.22566e-09
4.47868e-09
4.68151e-09
4.82135e-09
4.8875e-09
4.873e-09
4.77599e-09
4.60037e-09
4.35566e-09
4.0558e-09
3.71738e-09
3.35758e-09
2.99234e-09
2.63508e-09
2.29605e-09
1.98224e-09
1.69767e-09
1.44395e-09
1.22084e-09
1.02687e-09
8.59769e-10
7.16882e-10
5.95407e-10
4.92592e-10
4.0585e-10
3.32817e-10
2.71382e-10
2.19685e-10
1.76105e-10
1.39239e-10
1.07872e-10
8.09497e-11
5.75388e-11
3.67922e-11
1.78968e-11
1.32084e-33
1.50965e-13
1.00827e-10
1.96636e-10
2.87725e-10
3.74269e-10
4.56449e-10
5.34448e-10
6.08447e-10
6.78629e-10
7.45172e-10
8.08253e-10
8.68041e-10
9.24701e-10
9.78393e-10
1.02927e-09
1.07748e-09
1.12315e-09
1.16644e-09
1.20745e-09
1.24632e-09
1.28315e-09
1.31807e-09
1.35116e-09
1.38254e-09
1.41228e-09
1.44048e-09
1.46723e-09
1.4926e-09
1.51666e-09
1.53948e-09
1.56114e-09
1.58169e-09
1.80278e-09
2.03429e-09
2.27345e-09
2.51633e-09
2.75767e-09
2.9908e-09
3.20769e-09
3.39922e-09
3.55569e-09
3.66766e-09
3.72696e-09
3.72782e-09
3.66792e-09
3.54902e-09
3.37692e-09
3.16093e-09
2.91267e-09
2.64464e-09
2.3689e-09
2.09599e-09
1.83425e-09
1.58971e-09
1.36611e-09
1.16528e-09
9.87547e-10
8.32135e-10
6.97574e-10
5.81981e-10
4.83295e-10
3.99434e-10
3.28403e-10
2.68354e-10
2.17615e-10
1.74695e-10
1.38284e-10
1.07232e-10
8.05283e-11
5.72713e-11
3.66359e-11
1.78253e-11
1.44719e-33
1.02412e-13
6.85837e-11
1.33768e-10
1.95764e-10
2.54699e-10
3.10697e-10
3.63885e-10
4.14389e-10
4.62331e-10
5.07832e-10
5.51009e-10
5.91976e-10
6.30841e-10
6.67711e-10
7.02686e-10
7.35863e-10
7.67335e-10
7.9719e-10
8.25512e-10
8.52381e-10
8.77872e-10
9.02059e-10
9.2501e-10
9.46789e-10
9.67458e-10
9.87076e-10
1.0057e-09
1.02337e-09
1.04016e-09
1.05609e-09
1.07122e-09
1.08559e-09
1.24099e-09
1.40551e-09
1.5779e-09
1.75619e-09
1.93761e-09
2.11839e-09
2.29378e-09
2.45801e-09
2.60445e-09
2.72601e-09
2.81564e-09
2.86705e-09
2.87557e-09
2.83886e-09
2.75747e-09
2.63495e-09
2.47758e-09
2.29356e-09
2.09207e-09
1.88224e-09
1.67231e-09
1.46904e-09
1.2775e-09
1.10102e-09
9.41434e-10
7.99348e-10
6.74439e-10
5.65761e-10
4.71984e-10
3.91582e-10
3.22975e-10
2.64616e-10
2.1505e-10
1.72943e-10
1.37096e-10
1.06434e-10
8.00021e-11
5.6937e-11
3.64405e-11
1.77358e-11
1.58401e-33
7.02607e-14
4.71501e-11
9.19706e-11
1.34612e-10
1.75163e-10
2.13712e-10
2.50349e-10
2.85159e-10
3.18226e-10
3.49634e-10
3.7946e-10
4.07782e-10
4.34674e-10
4.60206e-10
4.84447e-10
5.07462e-10
5.29312e-10
5.50058e-10
5.69754e-10
5.88456e-10
6.06214e-10
6.23077e-10
6.39091e-10
6.54299e-10
6.68742e-10
6.82462e-10
6.95494e-10
7.07873e-10
7.19635e-10
7.30809e-10
7.41427e-10
7.51516e-10
8.61062e-10
9.78008e-10
1.10186e-09
1.23171e-09
1.36617e-09
1.50321e-09
1.64015e-09
1.77351e-09
1.89908e-09
2.01201e-09
2.10701e-09
2.17879e-09
2.22248e-09
2.23431e-09
2.21213e-09
2.15585e-09
2.06765e-09
1.95176e-09
1.81404e-09
1.66128e-09
1.50042e-09
1.33788e-09
1.17912e-09
1.02834e-09
8.88446e-10
7.61148e-10
6.47164e-10
5.46447e-10
4.58401e-10
3.82087e-10
3.16372e-10
2.60046e-10
2.11901e-10
1.70786e-10
1.35628e-10
1.05446e-10
7.93496e-11
5.65218e-11
3.61975e-11
1.76244e-11
1.73161e-33
4.8679e-14
3.27196e-11
6.38267e-11
9.34277e-11
1.21587e-10
1.48366e-10
1.73828e-10
1.98032e-10
2.21037e-10
2.429e-10
2.63674e-10
2.83413e-10
3.02168e-10
3.19986e-10
3.36914e-10
3.52996e-10
3.68274e-10
3.8279e-10
3.9658e-10
4.09683e-10
4.22132e-10
4.33961e-10
4.45201e-10
4.55882e-10
4.66033e-10
4.75679e-10
4.84847e-10
4.93562e-10
5.01845e-10
5.09719e-10
5.17204e-10
5.2432e-10
6.01819e-10
6.85083e-10
7.73981e-10
8.68156e-10
9.6696e-10
1.06937e-09
1.17393e-09
1.27864e-09
1.38097e-09
1.4778e-09
1.56552e-09
1.64016e-09
1.69769e-09
1.73434e-09
1.74708e-09
1.734e-09
1.69472e-09
1.63053e-09
1.54433e-09
1.44035e-09
1.32361e-09
1.19941e-09
1.07279e-09
9.48127e-10
8.2887e-10
7.17502e-10
6.15566e-10
5.23802e-10
4.42315e-10
3.70745e-10
3.08427e-10
2.54513e-10
2.08071e-10
1.6815e-10
1.33828e-10
1.04231e-10
7.85456e-11
5.60094e-11
3.58973e-11
1.74868e-11
1.89008e-33
3.40171e-14
2.28931e-11
4.46602e-11
6.5377e-11
8.50892e-11
1.03841e-10
1.21677e-10
1.38638e-10
1.54766e-10
1.701e-10
1.84677e-10
1.98534e-10
2.11707e-10
2.24228e-10
2.3613e-10
2.47443e-10
2.58196e-10
2.68418e-10
2.78133e-10
2.87369e-10
2.96149e-10
3.04495e-10
3.12429e-10
3.19972e-10
3.27144e-10
3.33962e-10
3.40446e-10
3.46611e-10
3.52473e-10
3.58048e-10
3.6335e-10
3.68392e-10
4.23431e-10
4.82857e-10
5.46702e-10
6.14875e-10
6.8712e-10
7.6296e-10
8.41647e-10
9.22097e-10
1.00284e-09
1.08198e-09
1.15719e-09
1.22575e-09
1.28465e-09
1.33081e-09
1.36128e-09
1.37363e-09
1.36623e-09
1.33856e-09
1.29137e-09
1.22666e-09
1.14747e-09
1.05759e-09
9.61065e-10
8.6185e-10
7.6344e-10
6.68675e-10
5.79641e-10
4.97695e-10
4.23544e-10
3.57374e-10
2.9898e-10
2.47886e-10
2.03454e-10
1.64957e-10
1.31639e-10
1.02749e-10
7.75616e-11
5.53809e-11
3.55285e-11
1.73175e-11
2.05923e-33
2.39499e-14
1.61337e-11
3.14751e-11
4.60782e-11
5.99758e-11
7.31996e-11
8.57805e-11
9.77482e-11
1.09131e-10
1.19958e-10
1.30254e-10
1.40046e-10
1.49357e-10
1.58211e-10
1.66631e-10
1.74637e-10
1.8225e-10
1.8949e-10
1.96374e-10
2.02921e-10
2.09146e-10
2.15066e-10
2.20697e-10
2.26051e-10
2.31144e-10
2.35988e-10
2.40595e-10
2.44977e-10
2.49146e-10
2.53111e-10
2.56883e-10
2.60472e-10
2.99714e-10
3.42246e-10
3.88164e-10
4.37495e-10
4.90179e-10
5.46026e-10
6.04686e-10
6.656e-10
7.2796e-10
7.90663e-10
8.52282e-10
9.1106e-10
9.64931e-10
1.0116e-09
1.04867e-09
1.07385e-09
1.08518e-09
1.08128e-09
1.0616e-09
1.02656e-09
9.77533e-10
9.16747e-10
8.47042e-10
7.71546e-10
6.93359e-10
6.15279e-10
5.39625e-10
4.6814e-10
4.01994e-10
3.41837e-10
2.87887e-10
2.40037e-10
1.97946e-10
1.61124e-10
1.28997e-10
1.00952e-10
7.63652e-11
5.46147e-11
3.5078e-11
1.71105e-11
2.23843e-33
1.69723e-14
1.14421e-11
2.23229e-11
3.26812e-11
4.25405e-11
5.19235e-11
6.08522e-11
6.93477e-11
7.74304e-11
8.512e-11
9.2435e-11
9.93935e-11
1.06013e-10
1.12309e-10
1.18298e-10
1.23995e-10
1.29413e-10
1.34568e-10
1.39471e-10
1.44134e-10
1.48571e-10
1.52791e-10
1.56806e-10
1.60625e-10
1.64258e-10
1.67715e-10
1.71004e-10
1.74133e-10
1.7711e-10
1.79942e-10
1.82638e-10
1.85202e-10
2.13288e-10
2.43819e-10
2.76905e-10
3.12622e-10
3.50995e-10
3.91981e-10
4.35442e-10
4.81114e-10
5.28578e-10
5.77224e-10
6.26217e-10
6.74474e-10
7.20654e-10
7.63175e-10
8.00268e-10
8.3007e-10
8.50775e-10
8.60808e-10
8.59025e-10
8.44893e-10
8.1861e-10
7.81134e-10
7.34106e-10
6.79674e-10
6.20257e-10
5.58294e-10
4.96027e-10
4.35343e-10
3.77691e-10
3.24066e-10
2.75045e-10
2.30855e-10
1.91445e-10
1.56566e-10
1.25837e-10
9.87917e-11
7.49207e-11
5.36868e-11
3.45311e-11
1.68589e-11
2.42653e-33
1.20958e-14
8.1594e-12
1.59189e-11
2.33065e-11
3.03389e-11
3.70326e-11
4.34032e-11
4.94659e-11
5.52352e-11
6.0725e-11
6.59486e-11
7.09188e-11
7.56477e-11
8.0147e-11
8.44278e-11
8.85008e-11
9.23759e-11
9.60628e-11
9.95707e-11
1.02908e-10
1.06084e-10
1.09106e-10
1.11981e-10
1.14717e-10
1.1732e-10
1.19797e-10
1.22154e-10
1.24397e-10
1.26532e-10
1.28563e-10
1.30497e-10
1.32337e-10
1.52509e-10
1.74489e-10
1.98379e-10
2.24266e-10
2.52209e-10
2.82232e-10
3.14303e-10
3.48319e-10
3.84083e-10
4.21274e-10
4.5943e-10
4.97912e-10
5.3589e-10
5.72334e-10
6.06021e-10
6.35579e-10
6.59552e-10
6.76511e-10
6.85189e-10
6.84638e-10
6.74368e-10
6.54449e-10
6.25549e-10
5.88882e-10
5.46082e-10
4.99028e-10
4.49645e-10
3.99728e-10
3.50811e-10
3.0409e-10
2.60405e-10
2.20259e-10
1.83865e-10
1.51205e-10
1.22091e-10
9.62159e-11
7.31898e-11
5.25705e-11
3.38714e-11
1.65547e-11
2.62166e-33
8.66229e-15
5.84608e-12
1.14059e-11
1.66995e-11
2.17391e-11
2.65365e-11
3.1103e-11
3.54494e-11
3.95861e-11
4.3523e-11
4.72698e-11
5.08354e-11
5.42286e-11
5.74576e-11
6.05305e-11
6.34546e-11
6.62373e-11
6.88854e-11
7.14054e-11
7.38035e-11
7.60857e-11
7.82575e-11
8.03245e-11
8.22915e-11
8.41636e-11
8.59453e-11
8.76411e-11
8.9255e-11
9.07911e-11
9.22532e-11
9.36448e-11
9.49695e-11
1.09505e-10
1.25372e-10
1.42659e-10
1.61446e-10
1.818e-10
2.03771e-10
2.27378e-10
2.52598e-10
2.79353e-10
3.07493e-10
3.36775e-10
3.6684e-10
3.97199e-10
4.2721e-10
4.56075e-10
4.82844e-10
5.06444e-10
5.25731e-10
5.3957e-10
5.46941e-10
5.4706e-10
5.3949e-10
5.24227e-10
5.01736e-10
4.72921e-10
4.39031e-10
4.01531e-10
3.61943e-10
3.21705e-10
2.82062e-10
2.43998e-10
2.08216e-10
1.75144e-10
1.44972e-10
1.17699e-10
9.31729e-11
7.11329e-11
5.12377e-11
3.30809e-11
1.61895e-11
2.82105e-33
6.22897e-15
4.20546e-12
8.2051e-12
1.20134e-11
1.56393e-11
1.90913e-11
2.23774e-11
2.55055e-11
2.8483e-11
3.13172e-11
3.40148e-11
3.65824e-11
3.90262e-11
4.13521e-11
4.35658e-11
4.56728e-11
4.76781e-11
4.95867e-11
5.14033e-11
5.31323e-11
5.47779e-11
5.63442e-11
5.78351e-11
5.92541e-11
6.06048e-11
6.18904e-11
6.31142e-11
6.42791e-11
6.5388e-11
6.64435e-11
6.74483e-11
6.84048e-11
7.8908e-11
9.03907e-11
1.02924e-10
1.16577e-10
1.31412e-10
1.47485e-10
1.64832e-10
1.83472e-10
2.03387e-10
2.24518e-10
2.4675e-10
2.69895e-10
2.93675e-10
3.17711e-10
3.41504e-10
3.64432e-10
3.8575e-10
4.04617e-10
4.20127e-10
4.31375e-10
4.37541e-10
4.37975e-10
4.32296e-10
4.20459e-10
4.02787e-10
3.79954e-10
3.52923e-10
3.22837e-10
2.90902e-10
2.58271e-10
2.25954e-10
1.94756e-10
1.65259e-10
1.37822e-10
1.12608e-10
8.96151e-11
6.87108e-11
4.96596e-11
3.21411e-11
1.57541e-11
3.02081e-33
4.49439e-15
3.03528e-12
5.92208e-12
8.67092e-12
1.12882e-11
1.37801e-11
1.61525e-11
1.84111e-11
2.05611e-11
2.26079e-11
2.45562e-11
2.64109e-11
2.81763e-11
2.98568e-11
3.14564e-11
3.29791e-11
3.44285e-11
3.58081e-11
3.71214e-11
3.83715e-11
3.95615e-11
4.06943e-11
4.17726e-11
4.27991e-11
4.37762e-11
4.47064e-11
4.55919e-11
4.64349e-11
4.72374e-11
4.80014e-11
4.87288e-11
4.94212e-11
5.7029e-11
6.53561e-11
7.44585e-11
8.43923e-11
9.52121e-11
1.06968e-10
1.19703e-10
1.33448e-10
1.48215e-10
1.63995e-10
1.8074e-10
1.98362e-10
2.16713e-10
2.35579e-10
2.54662e-10
2.73572e-10
2.9182e-10
3.08821e-10
3.23909e-10
3.36366e-10
3.45467e-10
3.50549e-10
3.51078e-10
3.46723e-10
3.37417e-10
3.23385e-10
3.05132e-10
2.83401e-10
2.59088e-10
2.33151e-10
2.06513e-10
1.7999e-10
1.5424e-10
1.29739e-10
1.06783e-10
8.55036e-11
6.58884e-11
4.78083e-11
3.10331e-11
1.52391e-11
3.21571e-33
3.25146e-15
2.1964e-12
4.2854e-12
6.27463e-12
8.16876e-12
9.97225e-12
1.16894e-11
1.33242e-11
1.48806e-11
1.63624e-11
1.7773e-11
1.91159e-11
2.03944e-11
2.16115e-11
2.27701e-11
2.38731e-11
2.49231e-11
2.59226e-11
2.68742e-11
2.77801e-11
2.86425e-11
2.94636e-11
3.02452e-11
3.09893e-11
3.16977e-11
3.23721e-11
3.30142e-11
3.36255e-11
3.42075e-11
3.47616e-11
3.52892e-11
3.57914e-11
4.13124e-11
4.7361e-11
5.39805e-11
6.12155e-11
6.91102e-11
7.7708e-11
8.70487e-11
9.71663e-11
1.08085e-10
1.19817e-10
1.32352e-10
1.45655e-10
1.59657e-10
1.74242e-10
1.89241e-10
2.0442e-10
2.19472e-10
2.34012e-10
2.47576e-10
2.59635e-10
2.69616e-10
2.76938e-10
2.81063e-10
2.8155e-10
2.78117e-10
2.70687e-10
2.59415e-10
2.44682e-10
2.2706e-10
2.07256e-10
1.86028e-10
1.64116e-10
1.4218e-10
1.20752e-10
1.00217e-10
8.0814e-11
6.26376e-11
4.56593e-11
2.97394e-11
1.46356e-11
3.39904e-33
2.35672e-15
1.5923e-12
3.10676e-12
4.54893e-12
5.92221e-12
7.22982e-12
8.47488e-12
9.66033e-12
1.0789e-11
1.18636e-11
1.28867e-11
1.38608e-11
1.47882e-11
1.56711e-11
1.65117e-11
1.7312e-11
1.80739e-11
1.87992e-11
1.94898e-11
2.01473e-11
2.07733e-11
2.13693e-11
2.19367e-11
2.24769e-11
2.29912e-11
2.34809e-11
2.39472e-11
2.43911e-11
2.48138e-11
2.52162e-11
2.55994e-11
2.59642e-11
2.99758e-11
3.43741e-11
3.91922e-11
4.44644e-11
5.02259e-11
5.65122e-11
6.33574e-11
7.07932e-11
7.88466e-11
8.75372e-11
9.68736e-11
1.06849e-10
1.17436e-10
1.28578e-10
1.40186e-10
1.52125e-10
1.64211e-10
1.762e-10
1.87785e-10
1.98599e-10
2.08219e-10
2.16186e-10
2.22032e-10
2.25319e-10
2.25685e-10
2.22889e-10
2.16851e-10
2.07677e-10
1.95654e-10
1.81227e-10
1.6495e-10
1.47425e-10
1.29246e-10
1.1094e-10
9.2937e-11
7.55438e-11
5.8943e-11
4.31947e-11
2.82455e-11
1.39356e-11
3.56244e-33
1.70998e-15
1.15551e-12
2.25455e-12
3.30116e-12
4.29779e-12
5.24681e-12
6.15046e-12
7.0109e-12
7.83017e-12
8.61024e-12
9.35296e-12
1.00601e-11
1.07334e-11
1.13745e-11
1.19849e-11
1.2566e-11
1.31193e-11
1.36461e-11
1.41477e-11
1.46253e-11
1.508e-11
1.55129e-11
1.59251e-11
1.63176e-11
1.66913e-11
1.70471e-11
1.73859e-11
1.77085e-11
1.80157e-11
1.83081e-11
1.85866e-11
1.88518e-11
2.17683e-11
2.49679e-11
2.84755e-11
3.23173e-11
3.65208e-11
4.11139e-11
4.61246e-11
5.15801e-11
5.75054e-11
6.3922e-11
7.08454e-11
7.82823e-11
8.62272e-11
9.46579e-11
1.0353e-10
1.12773e-10
1.22278e-10
1.319e-10
1.41442e-10
1.50663e-10
1.59266e-10
1.66913e-10
1.73236e-10
1.77855e-10
1.80414e-10
1.80614e-10
1.78249e-10
1.73244e-10
1.65668e-10
1.55737e-10
1.43797e-10
1.30283e-10
1.15675e-10
1.00443e-10
8.50107e-11
6.97186e-11
5.48065e-11
4.04062e-11
2.65419e-11
1.31333e-11
3.69594e-33
1.2408e-15
8.38573e-13
1.63617e-12
2.39573e-12
3.11904e-12
3.80781e-12
4.46368e-12
5.0882e-12
5.68288e-12
6.24912e-12
6.78828e-12
7.30165e-12
7.79047e-12
8.2559e-12
8.69906e-12
9.12103e-12
9.52281e-12
9.90536e-12
1.02696e-11
1.06164e-11
1.09467e-11
1.12611e-11
1.15605e-11
1.18456e-11
1.21171e-11
1.23756e-11
1.26217e-11
1.28561e-11
1.30792e-11
1.32917e-11
1.34941e-11
1.36867e-11
1.58064e-11
1.8133e-11
2.0685e-11
2.34823e-11
2.65459e-11
2.98975e-11
3.35592e-11
3.75532e-11
4.19012e-11
4.66228e-11
5.17349e-11
5.72498e-11
6.31725e-11
6.94984e-11
7.62095e-11
8.32703e-11
9.06232e-11
9.81826e-11
1.0583e-10
1.13411e-10
1.20729e-10
1.27546e-10
1.33592e-10
1.38567e-10
1.42164e-10
1.44092e-10
1.44103e-10
1.42024e-10
1.37782e-10
1.31423e-10
1.2311e-10
1.13109e-10
1.01765e-10
8.94543e-11
7.65537e-11
6.33976e-11
5.02525e-11
3.72998e-11
2.46268e-11
1.22259e-11
3.78814e-33
8.99341e-16
6.07863e-13
1.18603e-12
1.73663e-12
2.26096e-12
2.76027e-12
3.23574e-12
3.6885e-12
4.11963e-12
4.53017e-12
4.92108e-12
5.29332e-12
5.64776e-12
5.98526e-12
6.30662e-12
6.61262e-12
6.904e-12
7.18145e-12
7.44563e-12
7.69719e-12
7.93673e-12
8.16482e-12
8.382e-12
8.58881e-12
8.78574e-12
8.97326e-12
9.15182e-12
9.32186e-12
9.48377e-12
9.63795e-12
9.78476e-12
9.92457e-12
1.14629e-11
1.3152e-11
1.50057e-11
1.70389e-11
1.92673e-11
2.17074e-11
2.43766e-11
2.72923e-11
3.04721e-11
3.39329e-11
3.76905e-11
4.17578e-11
4.61444e-11
5.0854e-11
5.58825e-11
6.12151e-11
6.68228e-11
7.26589e-11
7.86545e-11
8.47144e-11
9.0713e-11
9.64923e-11
1.01861e-10
1.066e-10
1.10466e-10
1.13209e-10
1.1459e-10
1.14405e-10
1.12507e-10
1.08829e-10
1.03399e-10
9.63382e-11
8.78548e-11
7.82177e-11
6.77261e-11
5.66767e-11
4.53323e-11
3.38986e-11
2.25083e-11
1.12154e-11
3.82669e-33
6.50115e-16
4.39447e-13
8.57428e-13
1.25548e-12
1.63456e-12
1.99554e-12
2.3393e-12
2.66665e-12
2.97837e-12
3.27521e-12
3.55787e-12
3.82703e-12
4.08333e-12
4.32739e-12
4.55979e-12
4.78109e-12
4.99181e-12
5.19247e-12
5.38355e-12
5.56549e-12
5.73875e-12
5.90373e-12
6.06083e-12
6.21043e-12
6.35289e-12
6.48854e-12
6.61772e-12
6.74073e-12
6.85787e-12
6.96941e-12
7.07563e-12
7.17678e-12
8.28997e-12
9.51262e-12
1.0855e-11
1.2328e-11
1.39434e-11
1.57137e-11
1.7652e-11
1.97718e-11
2.2087e-11
2.46114e-11
2.73583e-11
3.03399e-11
3.35663e-11
3.70446e-11
4.07775e-11
4.4761e-11
4.89827e-11
5.34189e-11
5.80314e-11
6.27641e-11
6.75396e-11
7.22563e-11
7.67861e-11
8.09741e-11
8.46415e-11
8.75911e-11
8.9619e-11
9.05288e-11
9.01506e-11
8.83605e-11
8.50984e-11
8.03792e-11
7.42949e-11
6.70064e-11
5.87248e-11
4.96865e-11
4.01249e-11
3.02456e-11
2.02069e-11
1.01094e-11
3.799e-33
4.67726e-16
3.16181e-13
6.16918e-13
9.03322e-13
1.17607e-12
1.43581e-12
1.68316e-12
1.91871e-12
2.14301e-12
2.35661e-12
2.56001e-12
2.75371e-12
2.93815e-12
3.11379e-12
3.28104e-12
3.44031e-12
3.59197e-12
3.73639e-12
3.87392e-12
4.00488e-12
4.12959e-12
4.24834e-12
4.36143e-12
4.46911e-12
4.57166e-12
4.66931e-12
4.76231e-12
4.85086e-12
4.93519e-12
5.0155e-12
5.09197e-12
5.16479e-12
5.96634e-12
6.84692e-12
7.81401e-12
8.87565e-12
1.00405e-11
1.13179e-11
1.27175e-11
1.42496e-11
1.59249e-11
1.77542e-11
1.97483e-11
2.19175e-11
2.42712e-11
2.6817e-11
2.95602e-11
3.25023e-11
3.56397e-11
3.89617e-11
4.24484e-11
4.60683e-11
4.97755e-11
5.35069e-11
5.71796e-11
6.06893e-11
6.391e-11
6.66959e-11
6.88862e-11
7.0314e-11
7.0818e-11
7.02573e-11
6.8528e-11
6.55767e-11
6.14105e-11
5.60993e-11
4.97684e-11
4.25844e-11
3.47345e-11
2.64038e-11
1.77563e-11
8.92191e-12
3.69322e-33
3.33883e-16
2.25715e-13
4.40407e-13
6.44867e-13
8.39581e-13
1.02501e-12
1.2016e-12
1.36976e-12
1.5299e-12
1.6824e-12
1.82762e-12
1.96591e-12
2.09761e-12
2.22301e-12
2.34243e-12
2.45616e-12
2.56445e-12
2.66758e-12
2.76578e-12
2.8593e-12
2.94836e-12
3.03316e-12
3.11392e-12
3.19083e-12
3.26406e-12
3.3338e-12
3.40022e-12
3.46346e-12
3.52369e-12
3.58105e-12
3.63567e-12
3.68768e-12
4.26024e-12
4.88938e-12
5.58049e-12
6.33942e-12
7.17247e-12
8.0864e-12
9.08841e-12
1.01861e-11
1.13876e-11
1.2701e-11
1.41347e-11
1.5697e-11
1.73958e-11
1.92381e-11
2.12298e-11
2.33744e-11
2.56724e-11
2.81204e-11
3.0709e-11
3.34214e-11
3.62314e-11
3.91012e-11
4.19788e-11
4.47966e-11
4.74693e-11
4.9894e-11
5.1952e-11
5.35119e-11
5.44373e-11
5.4596e-11
5.3872e-11
5.21788e-11
4.94709e-11
4.57516e-11
4.10751e-11
3.55411e-11
2.92833e-11
2.24528e-11
1.5202e-11
7.67302e-12
3.49927e-33
2.35322e-16
1.59091e-13
3.10413e-13
4.54524e-13
5.91767e-13
7.22467e-13
8.46935e-13
9.65467e-13
1.07835e-12
1.18584e-12
1.28821e-12
1.38569e-12
1.47852e-12
1.56693e-12
1.65111e-12
1.73128e-12
1.80763e-12
1.88033e-12
1.94956e-12
2.01549e-12
2.07828e-12
2.13807e-12
2.195e-12
2.24923e-12
2.30086e-12
2.35003e-12
2.39686e-12
2.44145e-12
2.48392e-12
2.52436e-12
2.56288e-12
2.59955e-12
3.0033e-12
3.44702e-12
3.93455e-12
4.47005e-12
5.05803e-12
5.70334e-12
6.4112e-12
7.18713e-12
8.03699e-12
8.9669e-12
9.98313e-12
1.10921e-11
1.22999e-11
1.36125e-11
1.50352e-11
1.65718e-11
1.82249e-11
1.99941e-11
2.18758e-11
2.38619e-11
2.5938e-11
2.80822e-11
3.02631e-11
3.24379e-11
3.45513e-11
3.65336e-11
3.83011e-11
3.9757e-11
4.07947e-11
4.13035e-11
4.11761e-11
4.03184e-11
3.86605e-11
3.61658e-11
3.28375e-11
2.87207e-11
2.38979e-11
1.84806e-11
1.25978e-11
6.38759e-12
3.20948e-33
1.62317e-16
1.09739e-13
2.14119e-13
3.13526e-13
4.08195e-13
4.98352e-13
5.84211e-13
6.65976e-13
7.43842e-13
8.17995e-13
8.88611e-13
9.5586e-13
1.0199e-12
1.08089e-12
1.13896e-12
1.19427e-12
1.24694e-12
1.2971e-12
1.34486e-12
1.39035e-12
1.43366e-12
1.47492e-12
1.5142e-12
1.55161e-12
1.58724e-12
1.62116e-12
1.65347e-12
1.68424e-12
1.71354e-12
1.74145e-12
1.76802e-12
1.79333e-12
2.07193e-12
2.37816e-12
2.71467e-12
3.08436e-12
3.49038e-12
3.93614e-12
4.42527e-12
4.9617e-12
5.54957e-12
6.19327e-12
6.89735e-12
7.66647e-12
8.5053e-12
9.4184e-12
1.041e-11
1.14837e-11
1.26421e-11
1.38866e-11
1.52162e-11
1.66274e-11
1.81128e-11
1.96602e-11
2.12512e-11
2.28599e-11
2.44512e-11
2.598e-11
2.739e-11
2.86136e-11
2.95732e-11
3.01835e-11
3.03562e-11
3.00065e-11
2.9061e-11
2.7466e-11
2.51956e-11
2.22568e-11
1.8691e-11
1.45715e-11
9.99795e-12
5.09173e-12
2.81825e-33
1.07598e-16
7.27468e-14
1.41941e-13
2.07839e-13
2.70597e-13
3.30363e-13
3.87281e-13
4.41486e-13
4.93106e-13
5.42264e-13
5.89079e-13
6.33662e-13
6.76118e-13
7.1655e-13
7.55053e-13
7.91721e-13
8.26639e-13
8.59893e-13
8.9156e-13
9.21718e-13
9.50437e-13
9.77787e-13
1.00383e-12
1.02864e-12
1.05226e-12
1.07475e-12
1.09618e-12
1.11658e-12
1.13601e-12
1.15451e-12
1.17213e-12
1.18891e-12
1.37365e-12
1.57673e-12
1.79991e-12
2.04514e-12
2.31452e-12
2.61033e-12
2.93502e-12
3.29123e-12
3.68177e-12
4.10963e-12
4.57793e-12
5.08991e-12
5.64886e-12
6.25805e-12
6.9206e-12
7.63934e-12
8.41659e-12
9.25387e-12
1.01515e-11
1.11083e-11
1.21207e-11
1.31821e-11
1.42823e-11
1.54061e-11
1.65325e-11
1.76334e-11
1.86731e-11
1.96069e-11
2.03823e-11
2.09388e-11
2.1211e-11
2.11319e-11
2.0638e-11
1.96763e-11
1.82102e-11
1.62264e-11
1.37385e-11
1.07885e-11
7.44605e-12
3.80734e-12
2.31976e-33
6.55102e-17
4.4292e-14
8.64211e-14
1.26543e-13
1.64754e-13
2.01143e-13
2.35798e-13
2.68801e-13
3.00231e-13
3.30162e-13
3.58667e-13
3.85812e-13
4.11663e-13
4.36281e-13
4.59726e-13
4.82052e-13
5.03314e-13
5.23563e-13
5.42845e-13
5.61209e-13
5.78696e-13
5.9535e-13
6.1121e-13
6.26314e-13
6.40698e-13
6.54396e-13
6.67441e-13
6.79864e-13
6.91695e-13
7.02962e-13
7.13692e-13
7.23911e-13
8.36415e-13
9.60091e-13
1.09603e-12
1.2454e-12
1.40951e-12
1.58975e-12
1.78763e-12
2.00478e-12
2.24292e-12
2.50393e-12
2.78974e-12
3.1024e-12
3.44398e-12
3.8166e-12
4.22229e-12
4.66298e-12
5.14032e-12
5.65555e-12
6.20931e-12
6.80131e-12
7.43004e-12
8.0923e-12
8.78271e-12
9.49304e-12
1.02116e-11
1.09223e-11
1.16043e-11
1.2231e-11
1.277e-11
1.31834e-11
1.34283e-11
1.34591e-11
1.32302e-11
1.27003e-11
1.18368e-11
1.0621e-11
9.05228e-12
7.15087e-12
4.95947e-12
2.54436e-12
1.7024e-33
3.12539e-17
2.11313e-14
4.12307e-14
6.03726e-14
7.86025e-14
9.59636e-14
1.12497e-13
1.28243e-13
1.43238e-13
1.57518e-13
1.71118e-13
1.84069e-13
1.96403e-13
2.08148e-13
2.19334e-13
2.29986e-13
2.40131e-13
2.49791e-13
2.58992e-13
2.67753e-13
2.76097e-13
2.84043e-13
2.9161e-13
2.98817e-13
3.0568e-13
3.12215e-13
3.18439e-13
3.24367e-13
3.30012e-13
3.35388e-13
3.40508e-13
3.45383e-13
3.99065e-13
4.5808e-13
5.22947e-13
5.94235e-13
6.7256e-13
7.58591e-13
8.53054e-13
9.56731e-13
1.07046e-12
1.19513e-12
1.3317e-12
1.48114e-12
1.64449e-12
1.82277e-12
2.01701e-12
2.22818e-12
2.45715e-12
2.70461e-12
2.97097e-12
3.25627e-12
3.55997e-12
3.88079e-12
4.21644e-12
4.56332e-12
4.91619e-12
5.2678e-12
5.60846e-12
5.92576e-12
6.20426e-12
6.42551e-12
6.56829e-12
6.6094e-12
6.52492e-12
6.29214e-12
5.89198e-12
5.31173e-12
4.54764e-12
3.60709e-12
2.5101e-12
1.29074e-12
9.38107e-34
9.22416e-42
1.21446e-40
3.99438e-40
8.02559e-40
1.28955e-39
1.82744e-39
2.39018e-39
2.95742e-39
3.51355e-39
4.04683e-39
4.54868e-39
5.01311e-39
5.43619e-39
5.81569e-39
6.15066e-39
6.4412e-39
6.6882e-39
6.89316e-39
7.058e-39
7.18496e-39
7.27649e-39
7.33513e-39
7.36351e-39
7.36422e-39
7.33984e-39
7.29284e-39
7.22563e-39
7.14049e-39
7.03955e-39
6.92485e-39
6.79827e-39
4.50235e-38
1.06708e-37
1.54597e-37
2.21574e-37
3.14681e-37
4.4344e-37
6.20694e-37
8.63736e-37
1.1958e-36
1.64803e-36
2.26214e-36
3.09382e-36
4.21731e-36
5.7313e-36
7.76671e-36
1.04967e-35
1.41492e-35
1.90239e-35
2.55118e-35
3.41211e-35
4.55072e-35
6.05084e-35
8.01858e-35
1.05865e-34
1.39174e-34
1.82068e-34
2.36831e-34
3.06017e-34
3.9232e-34
4.98304e-34
6.2595e-34
7.75958e-34
9.4673e-34
1.13301e-33
1.3242e-33
1.50236e-33
1.64021e-33
1.69927e-33
1.62862e-33
1.36498e-33
8.3555e-34
3.26477e-34
