1.68298e-42
2.21583e-41
7.28791e-41
1.46431e-40
2.35284e-40
3.33427e-40
4.36104e-40
5.39605e-40
6.4108e-40
7.38385e-40
8.29958e-40
9.14704e-40
9.91908e-40
1.06116e-39
1.12229e-39
1.17531e-39
1.22039e-39
1.25779e-39
1.28788e-39
1.31106e-39
1.32777e-39
1.33848e-39
1.34366e-39
1.3438e-39
1.33936e-39
1.33079e-39
1.31854e-39
1.303e-39
1.28459e-39
1.26367e-39
1.24058e-39
8.21628e-39
1.94739e-38
2.82157e-38
4.04435e-38
5.7445e-38
8.09619e-38
1.13345e-37
1.57763e-37
2.18476e-37
3.01205e-37
4.1362e-37
5.65983e-37
7.72006e-37
1.04997e-36
1.42422e-36
1.92706e-36
2.60131e-36
3.50354e-36
4.70821e-36
6.313e-36
8.44542e-36
1.1271e-35
1.5003e-35
1.99138e-35
2.63478e-35
3.47334e-35
4.55942e-35
5.95533e-35
7.73258e-35
9.9688e-35
1.27407e-34
1.6111e-34
2.01056e-34
2.46776e-34
2.96539e-34
3.46611e-34
3.90321e-34
4.17045e-34
4.11401e-34
3.53294e-34
2.19905e-34
1.07093e-34
8.14739e-18
5.50888e-15
1.07488e-14
1.57391e-14
2.04917e-14
2.50179e-14
2.93284e-14
3.34335e-14
3.7343e-14
4.10663e-14
4.46121e-14
4.79889e-14
5.12048e-14
5.42674e-14
5.71841e-14
5.99618e-14
6.26071e-14
6.51264e-14
6.75255e-14
6.98104e-14
7.19863e-14
7.40586e-14
7.60321e-14
7.79116e-14
7.97015e-14
8.14061e-14
8.30295e-14
8.45755e-14
8.60479e-14
8.74501e-14
8.87855e-14
9.00573e-14
1.04061e-13
1.19459e-13
1.36389e-13
1.55001e-13
1.75458e-13
1.9794e-13
2.22642e-13
2.49774e-13
2.79567e-13
3.12266e-13
3.48138e-13
3.87466e-13
4.30551e-13
4.77706e-13
5.29258e-13
5.85538e-13
6.46876e-13
7.13585e-13
7.85948e-13
8.64196e-13
9.48472e-13
1.03879e-12
1.135e-12
1.23669e-12
1.34309e-12
1.45302e-12
1.56466e-12
1.67547e-12
1.78194e-12
1.87942e-12
1.9619e-12
2.02183e-12
2.0501e-12
2.03605e-12
1.96796e-12
1.83385e-12
1.62299e-12
1.32827e-12
9.49481e-13
4.97647e-13
2.40122e-34
1.48359e-17
1.00313e-14
1.95729e-14
2.866e-14
3.73141e-14
4.5556e-14
5.34052e-14
6.08805e-14
6.79995e-14
7.47792e-14
8.12359e-14
8.73849e-14
9.32409e-14
9.88178e-14
1.04129e-13
1.09187e-13
1.14004e-13
1.18591e-13
1.2296e-13
1.27121e-13
1.31083e-13
1.34856e-13
1.3845e-13
1.41872e-13
1.45132e-13
1.48236e-13
1.51192e-13
1.54007e-13
1.56688e-13
1.59242e-13
1.61673e-13
1.63989e-13
1.89489e-13
2.17528e-13
2.48357e-13
2.82248e-13
3.195e-13
3.60438e-13
4.05419e-13
4.54825e-13
5.09076e-13
5.68621e-13
6.33943e-13
7.05559e-13
7.84015e-13
8.69885e-13
9.63762e-13
1.06625e-12
1.17795e-12
1.29943e-12
1.43122e-12
1.57372e-12
1.7272e-12
1.8917e-12
2.06693e-12
2.25215e-12
2.44597e-12
2.64622e-12
2.84962e-12
3.05154e-12
3.24558e-12
3.42329e-12
3.57372e-12
3.68313e-12
3.73489e-12
3.7096e-12
3.58586e-12
3.34181e-12
2.95786e-12
2.42097e-12
1.73071e-12
9.07162e-13
4.05419e-34
1.97931e-17
1.33832e-14
2.61129e-14
3.82363e-14
4.97821e-14
6.07779e-14
7.12498e-14
8.12228e-14
9.07205e-14
9.97657e-14
1.0838e-13
1.16583e-13
1.24396e-13
1.31836e-13
1.38922e-13
1.4567e-13
1.52097e-13
1.58217e-13
1.64045e-13
1.69596e-13
1.74882e-13
1.79917e-13
1.84711e-13
1.89277e-13
1.93626e-13
1.97767e-13
2.01711e-13
2.05466e-13
2.09043e-13
2.1245e-13
2.15694e-13
2.18784e-13
2.52804e-13
2.90213e-13
3.31342e-13
3.76557e-13
4.26257e-13
4.80875e-13
5.40885e-13
6.06802e-13
6.79181e-13
7.58623e-13
8.45774e-13
9.41323e-13
1.046e-12
1.16057e-12
1.28582e-12
1.42256e-12
1.5716e-12
1.73369e-12
1.90953e-12
2.09968e-12
2.30449e-12
2.52402e-12
2.75788e-12
3.00507e-12
3.26379e-12
3.53111e-12
3.80269e-12
4.07232e-12
4.33153e-12
4.56901e-12
4.77015e-12
4.91664e-12
4.98624e-12
4.95305e-12
4.78844e-12
4.46315e-12
3.95091e-12
3.2342e-12
2.31235e-12
1.21213e-12
4.96009e-34
2.30187e-17
1.55641e-14
3.03684e-14
4.44674e-14
5.78949e-14
7.06826e-14
8.28611e-14
9.44593e-14
1.05505e-13
1.16024e-13
1.26042e-13
1.35582e-13
1.44668e-13
1.53321e-13
1.61562e-13
1.69409e-13
1.76883e-13
1.84001e-13
1.90779e-13
1.97234e-13
2.03382e-13
2.09237e-13
2.14813e-13
2.20123e-13
2.2518e-13
2.29996e-13
2.34582e-13
2.3895e-13
2.4311e-13
2.47072e-13
2.50845e-13
2.54438e-13
2.94003e-13
3.37507e-13
3.8534e-13
4.37924e-13
4.95723e-13
5.59243e-13
6.29034e-13
7.05693e-13
7.89869e-13
8.8226e-13
9.83617e-13
1.09474e-12
1.21648e-12
1.34973e-12
1.4954e-12
1.65444e-12
1.82779e-12
2.01632e-12
2.22085e-12
2.44203e-12
2.68028e-12
2.93567e-12
3.20774e-12
3.49535e-12
3.79641e-12
4.10752e-12
4.42364e-12
4.73759e-12
5.03948e-12
5.3162e-12
5.55075e-12
5.72183e-12
5.80354e-12
5.76571e-12
5.57493e-12
5.19705e-12
4.60135e-12
3.76725e-12
2.69384e-12
1.41226e-12
5.27501e-34
2.46797e-17
1.66872e-14
3.25597e-14
4.76762e-14
6.20725e-14
7.5783e-14
8.88402e-14
1.01275e-13
1.13118e-13
1.24396e-13
1.35137e-13
1.45366e-13
1.55107e-13
1.64385e-13
1.7322e-13
1.81634e-13
1.89647e-13
1.97278e-13
2.04546e-13
2.11467e-13
2.18058e-13
2.24335e-13
2.30313e-13
2.36007e-13
2.41429e-13
2.46592e-13
2.5151e-13
2.56193e-13
2.60653e-13
2.64901e-13
2.68946e-13
2.72798e-13
3.15218e-13
3.61862e-13
4.13146e-13
4.69525e-13
5.31496e-13
5.996e-13
6.74427e-13
7.5662e-13
8.46872e-13
9.45933e-13
1.05461e-12
1.17375e-12
1.30429e-12
1.44716e-12
1.60335e-12
1.77389e-12
1.95977e-12
2.16194e-12
2.38127e-12
2.61846e-12
2.87398e-12
3.14788e-12
3.43971e-12
3.74825e-12
4.07124e-12
4.40507e-12
4.74435e-12
5.08138e-12
5.40559e-12
5.70292e-12
5.95515e-12
6.13943e-12
6.22796e-12
6.18831e-12
5.98457e-12
5.57993e-12
4.94125e-12
4.04626e-12
2.8938e-12
1.51726e-12
5.16618e-34
2.50302e-17
1.69243e-14
3.30222e-14
4.83533e-14
6.29541e-14
7.68594e-14
9.01021e-14
1.02714e-13
1.14725e-13
1.26163e-13
1.37056e-13
1.47431e-13
1.5731e-13
1.6672e-13
1.7568e-13
1.84214e-13
1.92341e-13
2.0008e-13
2.07451e-13
2.1447e-13
2.21155e-13
2.27522e-13
2.33585e-13
2.39359e-13
2.44858e-13
2.50095e-13
2.55082e-13
2.59832e-13
2.64355e-13
2.68663e-13
2.72766e-13
2.76673e-13
3.19696e-13
3.67002e-13
4.19015e-13
4.76195e-13
5.39047e-13
6.08119e-13
6.8401e-13
7.67372e-13
8.58908e-13
9.59379e-13
1.0696e-12
1.19045e-12
1.32284e-12
1.46775e-12
1.62618e-12
1.79916e-12
1.9877e-12
2.19277e-12
2.41526e-12
2.65589e-12
2.91511e-12
3.19302e-12
3.48913e-12
3.80222e-12
4.13004e-12
4.46891e-12
4.81339e-12
5.15568e-12
5.48509e-12
5.78735e-12
6.044e-12
6.23184e-12
6.32264e-12
6.28343e-12
6.07767e-12
5.66785e-12
5.02011e-12
4.11163e-12
2.94105e-12
1.54222e-12
4.78375e-34
2.43531e-17
1.64664e-14
3.21288e-14
4.70452e-14
6.12511e-14
7.47801e-14
8.76646e-14
9.99352e-14
1.11621e-13
1.2275e-13
1.33349e-13
1.43442e-13
1.53055e-13
1.62209e-13
1.70928e-13
1.7923e-13
1.87137e-13
1.94668e-13
2.01839e-13
2.08669e-13
2.15173e-13
2.21367e-13
2.27266e-13
2.32884e-13
2.38234e-13
2.43329e-13
2.48182e-13
2.52803e-13
2.57204e-13
2.61396e-13
2.65387e-13
2.69189e-13
3.11047e-13
3.57075e-13
4.07681e-13
4.63315e-13
5.24466e-13
5.91671e-13
6.6551e-13
7.46619e-13
8.35681e-13
9.33437e-13
1.04068e-12
1.15826e-12
1.28708e-12
1.42808e-12
1.58224e-12
1.75056e-12
1.93403e-12
2.13359e-12
2.35011e-12
2.58429e-12
2.83659e-12
3.10708e-12
3.39533e-12
3.70015e-12
4.01934e-12
4.34936e-12
4.68492e-12
5.01845e-12
5.33957e-12
5.6344e-12
5.88499e-12
6.06874e-12
6.15816e-12
6.12107e-12
5.9218e-12
5.52365e-12
4.89346e-12
4.00873e-12
2.86797e-12
1.5041e-12
4.24862e-34
2.29211e-17
1.54982e-14
3.02396e-14
4.4279e-14
5.76495e-14
7.0383e-14
8.25099e-14
9.40589e-14
1.05058e-13
1.15532e-13
1.25508e-13
1.35008e-13
1.44055e-13
1.52671e-13
1.60877e-13
1.68692e-13
1.76134e-13
1.83221e-13
1.89971e-13
1.96399e-13
2.02521e-13
2.08351e-13
2.13903e-13
2.1919e-13
2.24226e-13
2.29022e-13
2.33589e-13
2.37938e-13
2.42081e-13
2.46026e-13
2.49783e-13
2.53361e-13
2.92758e-13
3.36079e-13
3.8371e-13
4.36073e-13
4.93629e-13
5.56883e-13
6.26382e-13
7.02723e-13
7.86551e-13
8.78562e-13
9.79505e-13
1.09018e-12
1.21143e-12
1.34415e-12
1.48926e-12
1.64771e-12
1.82041e-12
2.00828e-12
2.21212e-12
2.43259e-12
2.67014e-12
2.92484e-12
3.19629e-12
3.48338e-12
3.78406e-12
4.095e-12
4.41124e-12
4.72569e-12
5.02856e-12
5.30683e-12
5.54359e-12
5.71757e-12
5.80283e-12
5.76903e-12
5.58243e-12
5.20831e-12
4.61518e-12
3.78164e-12
2.70604e-12
1.41938e-12
3.65027e-34
2.09749e-17
1.41823e-14
2.76721e-14
4.05194e-14
5.27547e-14
6.44071e-14
7.55043e-14
8.60727e-14
9.61376e-14
1.05723e-13
1.14851e-13
1.23545e-13
1.31824e-13
1.39709e-13
1.47218e-13
1.54369e-13
1.61179e-13
1.67665e-13
1.73841e-13
1.79723e-13
1.85325e-13
1.9066e-13
1.95741e-13
2.0058e-13
2.05188e-13
2.09576e-13
2.13756e-13
2.17736e-13
2.21527e-13
2.25137e-13
2.28575e-13
2.31849e-13
2.67901e-13
3.07545e-13
3.51131e-13
3.99049e-13
4.51719e-13
5.09603e-13
5.73203e-13
6.43063e-13
7.19776e-13
8.03978e-13
8.96355e-13
9.97638e-13
1.1086e-12
1.23007e-12
1.36287e-12
1.50788e-12
1.66595e-12
1.83791e-12
2.02449e-12
2.22631e-12
2.44378e-12
2.67698e-12
2.92553e-12
3.18845e-12
3.46386e-12
3.74873e-12
4.03855e-12
4.32683e-12
4.60465e-12
4.86008e-12
5.07768e-12
5.23794e-12
5.31711e-12
5.28731e-12
5.11753e-12
4.7758e-12
4.23306e-12
3.46941e-12
2.48318e-12
1.30269e-12
3.04979e-34
1.87135e-17
1.26532e-14
2.46886e-14
3.61507e-14
4.70669e-14
5.74629e-14
6.73637e-14
7.67927e-14
8.57724e-14
9.43242e-14
1.02469e-13
1.10225e-13
1.17611e-13
1.24646e-13
1.31345e-13
1.37725e-13
1.43801e-13
1.49588e-13
1.55098e-13
1.60346e-13
1.65344e-13
1.70104e-13
1.74637e-13
1.78954e-13
1.83066e-13
1.86981e-13
1.9071e-13
1.94261e-13
1.97643e-13
2.00864e-13
2.03931e-13
2.06852e-13
2.39018e-13
2.74387e-13
3.13275e-13
3.56026e-13
4.03018e-13
4.54662e-13
5.11406e-13
5.73737e-13
6.42181e-13
7.17308e-13
7.9973e-13
8.901e-13
9.89111e-13
1.09749e-12
1.216e-12
1.34539e-12
1.48645e-12
1.6399e-12
1.80642e-12
1.98655e-12
2.18067e-12
2.38884e-12
2.61076e-12
2.84554e-12
3.09152e-12
3.34603e-12
3.60504e-12
3.86279e-12
4.11133e-12
4.34005e-12
4.53515e-12
4.67923e-12
4.75104e-12
4.72562e-12
4.57517e-12
4.27093e-12
3.78672e-12
3.10451e-12
2.22258e-12
1.16619e-12
1.44919e-34
1.85265e-17
1.25268e-14
2.44419e-14
3.57895e-14
4.65965e-14
5.68887e-14
6.66905e-14
7.60253e-14
8.49153e-14
9.33817e-14
1.01445e-13
1.09123e-13
1.16436e-13
1.234e-13
1.30033e-13
1.36349e-13
1.42364e-13
1.48093e-13
1.53549e-13
1.58744e-13
1.63692e-13
1.68404e-13
1.72892e-13
1.77166e-13
1.81236e-13
1.85112e-13
1.88804e-13
1.9232e-13
1.95668e-13
1.98856e-13
2.01893e-13
2.04785e-13
2.36629e-13
2.71645e-13
3.10144e-13
3.52469e-13
3.98991e-13
4.50119e-13
5.06296e-13
5.68004e-13
6.35764e-13
7.10141e-13
7.9174e-13
8.81207e-13
9.7923e-13
1.08653e-12
1.20385e-12
1.33195e-12
1.4716e-12
1.62353e-12
1.78839e-12
1.96673e-12
2.15891e-12
2.36501e-12
2.58473e-12
2.81717e-12
3.06072e-12
3.31272e-12
3.56918e-12
3.8244e-12
4.07052e-12
4.29702e-12
4.49026e-12
4.63299e-12
4.70418e-12
4.67911e-12
4.53025e-12
4.22911e-12
3.74974e-12
3.07427e-12
2.20098e-12
1.15488e-12
1.5912e-34
1.65503e-17
1.11905e-14
2.18347e-14
3.19718e-14
4.16261e-14
5.08204e-14
5.95767e-14
6.79157e-14
7.58574e-14
8.34207e-14
9.06236e-14
9.74832e-14
1.04016e-13
1.10237e-13
1.16162e-13
1.21805e-13
1.27178e-13
1.32296e-13
1.3717e-13
1.41811e-13
1.46231e-13
1.50441e-13
1.5445e-13
1.58268e-13
1.61904e-13
1.65367e-13
1.68665e-13
1.71805e-13
1.74796e-13
1.77645e-13
1.80357e-13
1.82941e-13
2.11388e-13
2.42669e-13
2.77062e-13
3.14872e-13
3.56433e-13
4.02108e-13
4.52294e-13
5.0742e-13
5.67955e-13
6.34401e-13
7.07299e-13
7.87229e-13
8.74802e-13
9.70665e-13
1.07548e-12
1.18994e-12
1.31472e-12
1.45047e-12
1.59779e-12
1.75716e-12
1.92892e-12
2.11314e-12
2.30955e-12
2.51737e-12
2.73516e-12
2.96056e-12
3.19003e-12
3.41848e-12
3.6389e-12
3.84192e-12
4.01533e-12
4.14373e-12
4.20829e-12
4.18686e-12
4.05471e-12
3.78622e-12
3.358e-12
2.75385e-12
1.97204e-12
1.03493e-12
2.76813e-34
1.4809e-17
1.00132e-14
1.95374e-14
2.8608e-14
3.72466e-14
4.54735e-14
5.33086e-14
6.07703e-14
6.78764e-14
7.46439e-14
8.1089e-14
8.72269e-14
9.30723e-14
9.86392e-14
1.03941e-13
1.0899e-13
1.13798e-13
1.18377e-13
1.22738e-13
1.26891e-13
1.30846e-13
1.34613e-13
1.382e-13
1.41617e-13
1.4487e-13
1.47968e-13
1.50919e-13
1.5373e-13
1.56406e-13
1.58955e-13
1.61382e-13
1.63694e-13
1.89148e-13
2.17138e-13
2.47913e-13
2.81745e-13
3.18934e-13
3.59804e-13
4.0471e-13
4.54038e-13
5.08206e-13
5.67663e-13
6.32895e-13
7.04419e-13
7.82785e-13
8.6857e-13
9.62372e-13
1.0648e-12
1.17647e-12
1.29797e-12
1.42982e-12
1.57247e-12
1.72622e-12
1.89114e-12
2.06699e-12
2.25308e-12
2.44814e-12
2.65006e-12
2.85567e-12
3.06045e-12
3.25813e-12
3.44033e-12
3.59614e-12
3.71176e-12
3.7703e-12
3.7519e-12
3.63432e-12
3.39452e-12
3.01136e-12
2.47018e-12
1.76928e-12
9.28662e-13
2.36661e-34
1.33932e-17
9.05589e-15
1.76696e-14
2.58731e-14
3.36857e-14
4.11262e-14
4.82122e-14
5.49605e-14
6.13873e-14
6.75079e-14
7.33368e-14
7.88879e-14
8.41745e-14
8.92091e-14
9.40038e-14
9.85701e-14
1.02919e-13
1.0706e-13
1.11004e-13
1.1476e-13
1.18337e-13
1.21744e-13
1.24988e-13
1.28078e-13
1.3102e-13
1.33823e-13
1.36491e-13
1.39033e-13
1.41453e-13
1.43758e-13
1.45954e-13
1.48044e-13
1.71066e-13
1.9638e-13
2.24212e-13
2.54811e-13
2.88444e-13
3.25407e-13
3.66021e-13
4.10635e-13
4.59625e-13
5.134e-13
5.72398e-13
6.37087e-13
7.07966e-13
7.85555e-13
8.70398e-13
9.63047e-13
1.06406e-12
1.17395e-12
1.29323e-12
1.42227e-12
1.56137e-12
1.71058e-12
1.8697e-12
2.03811e-12
2.21465e-12
2.39744e-12
2.58362e-12
2.76909e-12
2.94822e-12
3.11341e-12
3.25481e-12
3.35992e-12
3.41345e-12
3.39739e-12
3.29156e-12
3.07501e-12
2.72849e-12
2.23859e-12
1.60369e-12
8.41853e-13
1.22587e-34
1.31637e-17
8.90067e-15
1.73668e-14
2.54296e-14
3.31083e-14
4.04213e-14
4.73858e-14
5.40185e-14
6.03351e-14
6.63508e-14
7.20797e-14
7.75357e-14
8.27317e-14
8.768e-14
9.23926e-14
9.68805e-14
1.01155e-13
1.05225e-13
1.09101e-13
1.12793e-13
1.16309e-13
1.19657e-13
1.22846e-13
1.25883e-13
1.28775e-13
1.31529e-13
1.34152e-13
1.3665e-13
1.39029e-13
1.41294e-13
1.43452e-13
1.45507e-13
1.68134e-13
1.93014e-13
2.20369e-13
2.50443e-13
2.835e-13
3.1983e-13
3.59748e-13
4.03597e-13
4.51747e-13
5.04601e-13
5.62588e-13
6.26169e-13
6.95833e-13
7.72094e-13
8.55484e-13
9.46547e-13
1.04583e-12
1.15384e-12
1.27108e-12
1.39792e-12
1.53464e-12
1.6813e-12
1.83771e-12
2.00325e-12
2.17679e-12
2.35647e-12
2.53949e-12
2.72183e-12
2.89794e-12
3.06037e-12
3.19942e-12
3.30281e-12
3.35553e-12
3.33983e-12
3.2359e-12
3.02311e-12
2.68253e-12
2.20096e-12
1.57678e-12
8.27743e-13
9.04805e-35
1.22351e-17
8.27282e-15
1.61417e-14
2.36358e-14
3.07729e-14
3.757e-14
4.40432e-14
5.02081e-14
5.60791e-14
6.16704e-14
6.69953e-14
7.20664e-14
7.68959e-14
8.14952e-14
8.58753e-14
9.00467e-14
9.40193e-14
9.78025e-14
1.01406e-13
1.04837e-13
1.08105e-13
1.11217e-13
1.1418e-13
1.17003e-13
1.19691e-13
1.22251e-13
1.24689e-13
1.27011e-13
1.29222e-13
1.31328e-13
1.33333e-13
1.35243e-13
1.56274e-13
1.79399e-13
2.04825e-13
2.32778e-13
2.63503e-13
2.9727e-13
3.34373e-13
3.75129e-13
4.19884e-13
4.6901e-13
5.22909e-13
5.82007e-13
6.4676e-13
7.17645e-13
7.95157e-13
8.79804e-13
9.72089e-13
1.0725e-12
1.18148e-12
1.29939e-12
1.4265e-12
1.56285e-12
1.70828e-12
1.8622e-12
2.02358e-12
2.1907e-12
2.36094e-12
2.53059e-12
2.69449e-12
2.84571e-12
2.97525e-12
3.07169e-12
3.12104e-12
3.10681e-12
3.01052e-12
2.81294e-12
2.49639e-12
2.04851e-12
1.46774e-12
7.70567e-13
1.47623e-34
1.12871e-17
7.63181e-15
1.4891e-14
2.18044e-14
2.83885e-14
3.46589e-14
4.06306e-14
4.63177e-14
5.17339e-14
5.68919e-14
6.18042e-14
6.64824e-14
7.09377e-14
7.51806e-14
7.92213e-14
8.30695e-14
8.67343e-14
9.02244e-14
9.35482e-14
9.67137e-14
9.97282e-14
1.02599e-13
1.05333e-13
1.07937e-13
1.10417e-13
1.12778e-13
1.15027e-13
1.17169e-13
1.19209e-13
1.21152e-13
1.23002e-13
1.24764e-13
1.44165e-13
1.65499e-13
1.88955e-13
2.14741e-13
2.43086e-13
2.74238e-13
3.08466e-13
3.46064e-13
3.87352e-13
4.32673e-13
4.82396e-13
5.36918e-13
5.96656e-13
6.62052e-13
7.33563e-13
8.11657e-13
8.968e-13
9.89441e-13
1.08999e-12
1.19879e-12
1.31607e-12
1.4419e-12
1.5761e-12
1.71816e-12
1.86712e-12
2.02138e-12
2.17857e-12
2.33524e-12
2.48663e-12
2.62638e-12
2.74616e-12
2.83545e-12
2.88133e-12
2.86854e-12
2.78001e-12
2.59793e-12
2.30592e-12
1.89248e-12
1.3561e-12
7.12021e-13
1.38441e-34
1.05051e-17
7.10307e-15
1.38593e-14
2.02938e-14
2.64217e-14
3.22577e-14
3.78156e-14
4.31088e-14
4.81497e-14
5.29504e-14
5.75223e-14
6.18764e-14
6.6023e-14
6.9972e-14
7.37328e-14
7.73143e-14
8.07252e-14
8.39736e-14
8.70671e-14
9.00132e-14
9.2819e-14
9.5491e-14
9.80357e-14
1.00459e-13
1.02767e-13
1.04965e-13
1.07058e-13
1.09052e-13
1.1095e-13
1.12758e-13
1.1448e-13
1.1612e-13
1.34177e-13
1.54033e-13
1.75864e-13
1.99864e-13
2.26245e-13
2.55239e-13
2.87096e-13
3.2209e-13
3.60518e-13
4.027e-13
4.48979e-13
4.99725e-13
5.55326e-13
6.16194e-13
6.82755e-13
7.55443e-13
8.34694e-13
9.20926e-13
1.01452e-12
1.1158e-12
1.22498e-12
1.34212e-12
1.46706e-12
1.59932e-12
1.73802e-12
1.88168e-12
2.02807e-12
2.17401e-12
2.31507e-12
2.44533e-12
2.55703e-12
2.64039e-12
2.68335e-12
2.67172e-12
2.58956e-12
2.42024e-12
2.14846e-12
1.76346e-12
1.26378e-12
6.63595e-13
1.17244e-34
9.85546e-18
6.66382e-15
1.30023e-14
1.90388e-14
2.47878e-14
3.02629e-14
3.54772e-14
4.0443e-14
4.51722e-14
4.9676e-14
5.39652e-14
5.80501e-14
6.19402e-14
6.5645e-14
6.91732e-14
7.25333e-14
7.57333e-14
7.87808e-14
8.1683e-14
8.44469e-14
8.70792e-14
8.9586e-14
9.19733e-14
9.42469e-14
9.64121e-14
9.84742e-14
1.00438e-13
1.02308e-13
1.04089e-13
1.05786e-13
1.07401e-13
1.08939e-13
1.2588e-13
1.44508e-13
1.64989e-13
1.87505e-13
2.12255e-13
2.39456e-13
2.69343e-13
3.02174e-13
3.38226e-13
3.77799e-13
4.21218e-13
4.68826e-13
5.20991e-13
5.78097e-13
6.40545e-13
7.08742e-13
7.83098e-13
8.64005e-13
9.51822e-13
1.04685e-12
1.14929e-12
1.25921e-12
1.37645e-12
1.50058e-12
1.63075e-12
1.76558e-12
1.903e-12
2.04002e-12
2.17248e-12
2.29483e-12
2.3998e-12
2.47819e-12
2.51872e-12
2.50802e-12
2.43111e-12
2.27238e-12
2.01741e-12
1.65605e-12
1.18691e-12
6.23271e-13
1.00071e-34
9.3123e-18
6.29656e-15
1.22857e-14
1.79895e-14
2.34217e-14
2.8595e-14
3.35219e-14
3.82141e-14
4.26826e-14
4.69382e-14
5.09911e-14
5.48508e-14
5.85266e-14
6.20272e-14
6.53609e-14
6.85358e-14
7.15594e-14
7.4439e-14
7.71813e-14
7.97929e-14
8.228e-14
8.46487e-14
8.69044e-14
8.90527e-14
9.10986e-14
9.3047e-14
9.49026e-14
9.66698e-14
9.83527e-14
9.99555e-14
1.01482e-13
1.02936e-13
1.18942e-13
1.36544e-13
1.55896e-13
1.77171e-13
2.00557e-13
2.26259e-13
2.54499e-13
2.85521e-13
3.19586e-13
3.5698e-13
3.98006e-13
4.42992e-13
4.92283e-13
5.46243e-13
6.05251e-13
6.69694e-13
7.39955e-13
8.16409e-13
8.99394e-13
9.89195e-13
1.086e-12
1.18988e-12
1.30068e-12
1.418e-12
1.54103e-12
1.66849e-12
1.7984e-12
1.92794e-12
2.0532e-12
2.16892e-12
2.26825e-12
2.34248e-12
2.38093e-12
2.37099e-12
2.29847e-12
2.14858e-12
1.90766e-12
1.56609e-12
1.12251e-12
5.89485e-13
8.60133e-35
8.85546e-18
5.98767e-15
1.1683e-14
1.7107e-14
2.22727e-14
2.71923e-14
3.18774e-14
3.63394e-14
4.05887e-14
4.46356e-14
4.84896e-14
5.216e-14
5.56554e-14
5.89843e-14
6.21545e-14
6.51737e-14
6.8049e-14
7.07872e-14
7.3395e-14
7.58785e-14
7.82436e-14
8.04961e-14
8.26412e-14
8.46841e-14
8.66296e-14
8.84824e-14
9.0247e-14
9.19275e-14
9.35279e-14
9.5052e-14
9.65035e-14
9.78859e-14
1.13108e-13
1.29845e-13
1.48248e-13
1.6848e-13
1.90719e-13
2.1516e-13
2.42015e-13
2.71515e-13
3.03909e-13
3.39469e-13
3.78483e-13
4.21262e-13
4.68136e-13
5.19451e-13
5.75566e-13
6.3685e-13
7.03668e-13
7.76375e-13
8.55296e-13
9.40699e-13
1.03277e-12
1.13156e-12
1.23695e-12
1.34853e-12
1.46556e-12
1.58681e-12
1.71039e-12
1.83364e-12
1.95284e-12
2.06297e-12
2.15754e-12
2.22825e-12
2.26495e-12
2.25563e-12
2.18679e-12
2.04432e-12
1.81523e-12
1.49031e-12
1.06826e-12
5.61018e-13
7.43963e-35
8.46915e-18
5.72646e-15
1.11733e-14
1.63608e-14
2.13011e-14
2.6006e-14
3.04868e-14
3.47541e-14
3.88181e-14
4.26884e-14
4.63743e-14
4.98845e-14
5.32275e-14
5.64112e-14
5.94431e-14
6.23306e-14
6.50804e-14
6.76992e-14
7.01932e-14
7.25684e-14
7.48303e-14
7.69845e-14
7.90361e-14
8.09898e-14
8.28505e-14
8.46225e-14
8.63101e-14
8.79172e-14
8.94478e-14
9.09055e-14
9.22937e-14
9.36158e-14
1.08173e-13
1.24181e-13
1.41781e-13
1.6113e-13
1.82399e-13
2.05774e-13
2.31458e-13
2.59671e-13
2.90652e-13
3.24661e-13
3.61974e-13
4.02887e-13
4.47717e-13
4.96795e-13
5.50464e-13
6.09075e-13
6.72982e-13
7.42521e-13
8.18003e-13
8.99687e-13
9.87751e-13
1.08225e-12
1.18305e-12
1.28978e-12
1.40173e-12
1.51772e-12
1.63596e-12
1.75388e-12
1.86793e-12
1.97334e-12
2.06387e-12
2.1316e-12
2.16681e-12
2.158e-12
2.09225e-12
1.95606e-12
1.73696e-12
1.42614e-12
1.02231e-12
5.36907e-13
6.471e-35
8.14084e-18
5.50448e-15
1.07402e-14
1.57265e-14
2.04753e-14
2.49979e-14
2.9305e-14
3.34069e-14
3.73133e-14
4.10336e-14
4.45766e-14
4.79508e-14
5.11642e-14
5.42244e-14
5.71388e-14
5.99143e-14
6.25576e-14
6.50749e-14
6.74722e-14
6.97553e-14
7.19296e-14
7.40002e-14
7.59722e-14
7.78503e-14
7.96388e-14
8.13421e-14
8.29643e-14
8.45091e-14
8.59804e-14
8.73815e-14
8.87159e-14
8.99868e-14
1.0398e-13
1.19367e-13
1.36285e-13
1.54884e-13
1.75329e-13
1.97797e-13
2.22485e-13
2.49605e-13
2.79386e-13
3.12076e-13
3.47943e-13
3.87271e-13
4.30364e-13
4.7754e-13
5.29129e-13
5.85471e-13
6.46902e-13
7.13748e-13
7.86308e-13
8.64831e-13
9.49488e-13
1.04033e-12
1.13724e-12
1.23985e-12
1.34748e-12
1.45899e-12
1.57268e-12
1.68607e-12
1.79576e-12
1.89714e-12
1.98423e-12
2.04942e-12
2.08335e-12
2.07497e-12
2.01184e-12
1.88098e-12
1.67038e-12
1.37153e-12
9.83211e-13
5.16387e-13
5.65666e-35
7.86054e-18
5.31495e-15
1.03704e-14
1.5185e-14
1.97703e-14
2.41372e-14
2.8296e-14
3.22566e-14
3.60286e-14
3.96207e-14
4.30418e-14
4.62998e-14
4.94025e-14
5.23574e-14
5.51714e-14
5.78514e-14
6.04036e-14
6.28342e-14
6.5149e-14
6.73535e-14
6.94529e-14
7.14523e-14
7.33564e-14
7.51698e-14
7.68967e-14
7.85414e-14
8.01077e-14
8.15994e-14
8.302e-14
8.43729e-14
8.56613e-14
8.68884e-14
1.004e-13
1.15257e-13
1.31593e-13
1.49551e-13
1.69292e-13
1.90987e-13
2.14825e-13
2.41011e-13
2.69767e-13
3.01332e-13
3.35964e-13
3.73938e-13
4.15548e-13
4.611e-13
5.10914e-13
5.65317e-13
6.24635e-13
6.89182e-13
7.59247e-13
8.3507e-13
9.16818e-13
1.00454e-12
1.09812e-12
1.19721e-12
1.30115e-12
1.40885e-12
1.51865e-12
1.62817e-12
1.73412e-12
1.83206e-12
1.91621e-12
1.97922e-12
2.01205e-12
2.00403e-12
1.94314e-12
1.81682e-12
1.61347e-12
1.32486e-12
9.49786e-13
4.98845e-13
4.96678e-35
7.6202e-18
5.15244e-15
1.00533e-14
1.47207e-14
1.91658e-14
2.33992e-14
2.74308e-14
3.12704e-14
3.49269e-14
3.84093e-14
4.17257e-14
4.48841e-14
4.7892e-14
5.07565e-14
5.34845e-14
5.60825e-14
5.85567e-14
6.0913e-14
6.3157e-14
6.52941e-14
6.73293e-14
6.92676e-14
7.11135e-14
7.28714e-14
7.45455e-14
7.61399e-14
7.76583e-14
7.91044e-14
8.04816e-14
8.17931e-14
8.30422e-14
8.42317e-14
9.73301e-14
1.11733e-13
1.27569e-13
1.44979e-13
1.64116e-13
1.85148e-13
2.08257e-13
2.33642e-13
2.61519e-13
2.92119e-13
3.25692e-13
3.62506e-13
4.02844e-13
4.47004e-13
4.95295e-13
5.48036e-13
6.05541e-13
6.68117e-13
7.36042e-13
8.09551e-13
8.88803e-13
9.73848e-13
1.06457e-12
1.16065e-12
1.26142e-12
1.36584e-12
1.47231e-12
1.57851e-12
1.68125e-12
1.77624e-12
1.85786e-12
1.919e-12
1.95088e-12
1.94317e-12
1.88419e-12
1.76176e-12
1.56463e-12
1.2848e-12
9.21094e-13
4.83786e-13
4.37822e-35
7.41329e-18
5.01254e-15
9.78033e-15
1.4321e-14
1.86454e-14
2.27638e-14
2.6686e-14
3.04213e-14
3.39786e-14
3.73664e-14
4.05928e-14
4.36654e-14
4.65916e-14
4.93783e-14
5.20323e-14
5.45597e-14
5.69668e-14
5.92591e-14
6.14422e-14
6.35212e-14
6.55012e-14
6.73868e-14
6.91826e-14
7.08928e-14
7.25215e-14
7.40725e-14
7.55497e-14
7.69565e-14
7.82963e-14
7.95722e-14
8.07874e-14
8.19446e-14
9.46874e-14
1.08699e-13
1.24105e-13
1.41042e-13
1.5966e-13
1.80121e-13
2.02602e-13
2.27299e-13
2.54418e-13
2.84188e-13
3.1685e-13
3.52664e-13
3.91907e-13
4.34868e-13
4.81849e-13
5.33159e-13
5.89104e-13
6.49982e-13
7.16065e-13
7.8758e-13
8.64684e-13
9.47425e-13
1.03569e-12
1.12917e-12
1.22722e-12
1.32882e-12
1.43241e-12
1.53575e-12
1.63573e-12
1.72817e-12
1.80761e-12
1.86713e-12
1.8982e-12
1.89074e-12
1.8334e-12
1.71433e-12
1.52254e-12
1.25028e-12
8.96369e-13
4.70807e-13
3.87287e-35
7.2345e-18
4.89165e-15
9.54446e-15
1.39757e-14
1.81958e-14
2.22148e-14
2.60424e-14
2.96876e-14
3.31591e-14
3.64652e-14
3.96138e-14
4.26123e-14
4.54679e-14
4.81875e-14
5.07774e-14
5.32439e-14
5.55929e-14
5.78299e-14
5.99604e-14
6.19893e-14
6.39215e-14
6.57616e-14
6.75141e-14
6.9183e-14
7.07725e-14
7.22861e-14
7.37277e-14
7.51006e-14
7.6408e-14
7.76532e-14
7.8839e-14
7.99684e-14
9.24038e-14
1.06078e-13
1.21112e-13
1.37641e-13
1.55809e-13
1.75777e-13
1.97716e-13
2.21817e-13
2.48283e-13
2.77334e-13
3.09209e-13
3.4416e-13
3.82456e-13
4.24382e-13
4.70231e-13
5.20303e-13
5.749e-13
6.34311e-13
6.98802e-13
7.68595e-13
8.43843e-13
9.24592e-13
1.01074e-12
1.10196e-12
1.19766e-12
1.29682e-12
1.39792e-12
1.49879e-12
1.59638e-12
1.68662e-12
1.76418e-12
1.8223e-12
1.85266e-12
1.84541e-12
1.78949e-12
1.67331e-12
1.48615e-12
1.22042e-12
8.74983e-13
4.59582e-13
3.43642e-35
7.07947e-18
4.78682e-15
9.33993e-15
1.36762e-14
1.78058e-14
2.17388e-14
2.54843e-14
2.90514e-14
3.24486e-14
3.56838e-14
3.87649e-14
4.16992e-14
4.44936e-14
4.71548e-14
4.96893e-14
5.2103e-14
5.44016e-14
5.65907e-14
5.86755e-14
6.06609e-14
6.25517e-14
6.43524e-14
6.60673e-14
6.77005e-14
6.92559e-14
7.07371e-14
7.21478e-14
7.34912e-14
7.47707e-14
7.59891e-14
7.71496e-14
7.82547e-14
9.04236e-14
1.03805e-13
1.18517e-13
1.34691e-13
1.5247e-13
1.7201e-13
1.9348e-13
2.17064e-13
2.42962e-13
2.71392e-13
3.02583e-13
3.36785e-13
3.74261e-13
4.15289e-13
4.60156e-13
5.09156e-13
5.62583e-13
6.20722e-13
6.83833e-13
7.52132e-13
8.2577e-13
9.04792e-13
9.89096e-13
1.07837e-12
1.17202e-12
1.26907e-12
1.36802e-12
1.46674e-12
1.56225e-12
1.65058e-12
1.72651e-12
1.78341e-12
1.81315e-12
1.80609e-12
1.75139e-12
1.63772e-12
1.45457e-12
1.19452e-12
8.56423e-13
4.49839e-13
3.05745e-35
6.9446e-18
4.69563e-15
9.162e-15
1.34156e-14
1.74666e-14
2.13246e-14
2.49988e-14
2.8498e-14
3.18304e-14
3.5004e-14
3.80264e-14
4.09047e-14
4.36459e-14
4.62565e-14
4.87427e-14
5.11103e-14
5.33652e-14
5.55126e-14
5.75576e-14
5.95052e-14
6.136e-14
6.31264e-14
6.48087e-14
6.64107e-14
6.79365e-14
6.93895e-14
7.07733e-14
7.20912e-14
7.33462e-14
7.45415e-14
7.56798e-14
7.67639e-14
8.8701e-14
1.01827e-13
1.16259e-13
1.32125e-13
1.49566e-13
1.68733e-13
1.89794e-13
2.12929e-13
2.38334e-13
2.66222e-13
2.96819e-13
3.3037e-13
3.67132e-13
4.07378e-13
4.5139e-13
4.99458e-13
5.51868e-13
6.089e-13
6.7081e-13
7.37809e-13
8.10046e-13
8.87565e-13
9.70267e-13
1.05785e-12
1.14972e-12
1.24492e-12
1.342e-12
1.43885e-12
1.53256e-12
1.61922e-12
1.69372e-12
1.74957e-12
1.77876e-12
1.77187e-12
1.71823e-12
1.60674e-12
1.42708e-12
1.17196e-12
8.40263e-13
4.41355e-13
2.72683e-35
6.8269e-18
4.61605e-15
9.00672e-15
1.31883e-14
1.71706e-14
2.09632e-14
2.45752e-14
2.8015e-14
3.12909e-14
3.44108e-14
3.73819e-14
4.02115e-14
4.29062e-14
4.54726e-14
4.79166e-14
5.02441e-14
5.24608e-14
5.45718e-14
5.65822e-14
5.84968e-14
6.03201e-14
6.20566e-14
6.37103e-14
6.52852e-14
6.67851e-14
6.82135e-14
6.95739e-14
7.08694e-14
7.21032e-14
7.32782e-14
7.43972e-14
7.54629e-14
8.71977e-14
1.00101e-13
1.14289e-13
1.29886e-13
1.47031e-13
1.65873e-13
1.86577e-13
2.0932e-13
2.34295e-13
2.6171e-13
2.91789e-13
3.24771e-13
3.60911e-13
4.00475e-13
4.43742e-13
4.90995e-13
5.42517e-13
5.98584e-13
6.59445e-13
7.2531e-13
7.96324e-13
8.72532e-13
9.53835e-13
1.03993e-12
1.13025e-12
1.22385e-12
1.31929e-12
1.41451e-12
1.50664e-12
1.59185e-12
1.66511e-12
1.72002e-12
1.74875e-12
1.74199e-12
1.68928e-12
1.57969e-12
1.40308e-12
1.15226e-12
8.2615e-13
4.33946e-13
2.43712e-35
6.7239e-18
4.5464e-15
8.87083e-15
1.29893e-14
1.69115e-14
2.06469e-14
2.42044e-14
2.75923e-14
3.08188e-14
3.38916e-14
3.68179e-14
3.96048e-14
4.22589e-14
4.47865e-14
4.71936e-14
4.94861e-14
5.16692e-14
5.37484e-14
5.57285e-14
5.76142e-14
5.941e-14
6.11203e-14
6.27491e-14
6.43002e-14
6.57775e-14
6.71843e-14
6.85241e-14
6.98001e-14
7.10153e-14
7.21726e-14
7.32747e-14
7.43243e-14
8.58821e-14
9.8591e-14
1.12565e-13
1.27927e-13
1.44813e-13
1.63371e-13
1.83762e-13
2.06162e-13
2.3076e-13
2.57761e-13
2.87387e-13
3.19871e-13
3.55466e-13
3.94433e-13
4.37047e-13
4.83588e-13
5.34333e-13
5.89554e-13
6.49498e-13
7.14371e-13
7.84315e-13
8.59374e-13
9.39453e-13
1.02426e-12
1.11322e-12
1.20541e-12
1.29941e-12
1.3932e-12
1.48396e-12
1.56789e-12
1.64006e-12
1.69416e-12
1.72247e-12
1.71583e-12
1.66393e-12
1.556e-12
1.38206e-12
1.13501e-12
8.1379e-13
4.27457e-13
2.18228e-35
6.63351e-18
4.48529e-15
8.75157e-15
1.28147e-14
1.66842e-14
2.03694e-14
2.3879e-14
2.72214e-14
3.04045e-14
3.3436e-14
3.6323e-14
3.90724e-14
4.16908e-14
4.41844e-14
4.65592e-14
4.88208e-14
5.09746e-14
5.30258e-14
5.49793e-14
5.68396e-14
5.86113e-14
6.02986e-14
6.19055e-14
6.34358e-14
6.48932e-14
6.62811e-14
6.76029e-14
6.88618e-14
7.00606e-14
7.12023e-14
7.22897e-14
7.33252e-14
8.47276e-14
9.72657e-14
1.11051e-13
1.26207e-13
1.42866e-13
1.61175e-13
1.81292e-13
2.03391e-13
2.27658e-13
2.54296e-13
2.83523e-13
3.15571e-13
3.50687e-13
3.89131e-13
4.31173e-13
4.77088e-13
5.27152e-13
5.81631e-13
6.40769e-13
7.0477e-13
7.73775e-13
8.47827e-13
9.26832e-13
1.0105e-12
1.09827e-12
1.18922e-12
1.28197e-12
1.3745e-12
1.46405e-12
1.54686e-12
1.61807e-12
1.67146e-12
1.6994e-12
1.69286e-12
1.64168e-12
1.53521e-12
1.3636e-12
1.11986e-12
8.02935e-13
4.21758e-13
1.95732e-35
6.55398e-18
4.43151e-15
8.64665e-15
1.2661e-14
1.64842e-14
2.01252e-14
2.35927e-14
2.6895e-14
3.004e-14
3.30351e-14
3.58875e-14
3.86039e-14
4.1191e-14
4.36547e-14
4.6001e-14
4.82355e-14
5.03635e-14
5.23901e-14
5.43202e-14
5.61582e-14
5.79087e-14
5.95757e-14
6.11633e-14
6.26753e-14
6.41152e-14
6.54865e-14
6.67925e-14
6.80362e-14
6.92207e-14
7.03487e-14
7.1423e-14
7.24461e-14
8.37118e-14
9.60996e-14
1.0972e-13
1.24694e-13
1.41153e-13
1.59242e-13
1.79118e-13
2.00952e-13
2.24929e-13
2.51248e-13
2.80124e-13
3.11788e-13
3.46483e-13
3.84466e-13
4.26004e-13
4.71369e-13
5.20833e-13
5.74659e-13
6.33089e-13
6.96324e-13
7.64502e-13
8.37668e-13
9.15727e-13
9.98391e-13
1.08511e-12
1.17498e-12
1.26662e-12
1.35805e-12
1.44653e-12
1.52836e-12
1.59872e-12
1.65148e-12
1.6791e-12
1.67265e-12
1.62209e-12
1.5169e-12
1.34735e-12
1.10653e-12
7.9338e-13
4.16741e-13
1.38536e-35
6.515e-18
4.40516e-15
8.59523e-15
1.25857e-14
1.63861e-14
2.00055e-14
2.34524e-14
2.67351e-14
2.98613e-14
3.28386e-14
3.56741e-14
3.83744e-14
4.0946e-14
4.33951e-14
4.57274e-14
4.79486e-14
5.0064e-14
5.20786e-14
5.39971e-14
5.58242e-14
5.75643e-14
5.92214e-14
6.07996e-14
6.23026e-14
6.37339e-14
6.50971e-14
6.63953e-14
6.76316e-14
6.8809e-14
6.99303e-14
7.09982e-14
7.20153e-14
8.3214e-14
9.55281e-14
1.09067e-13
1.23952e-13
1.40314e-13
1.58295e-13
1.78053e-13
1.99757e-13
2.23591e-13
2.49754e-13
2.78459e-13
3.09934e-13
3.44423e-13
3.8218e-13
4.23471e-13
4.68566e-13
5.17736e-13
5.71242e-13
6.29325e-13
6.92184e-13
7.59958e-13
8.32689e-13
9.10284e-13
9.92458e-13
1.07866e-12
1.168e-12
1.25909e-12
1.34998e-12
1.43794e-12
1.51929e-12
1.58923e-12
1.64169e-12
1.66915e-12
1.66274e-12
1.61249e-12
1.50793e-12
1.33938e-12
1.09999e-12
7.88694e-13
4.1428e-13
5.89199e-36
6.48295e-18
4.38349e-15
8.55295e-15
1.25238e-14
1.63055e-14
1.99071e-14
2.3337e-14
2.66036e-14
2.97144e-14
3.26771e-14
3.54986e-14
3.81856e-14
4.07445e-14
4.31816e-14
4.55025e-14
4.77127e-14
4.98177e-14
5.18223e-14
5.37315e-14
5.55496e-14
5.72811e-14
5.89301e-14
6.05005e-14
6.1996e-14
6.34204e-14
6.47768e-14
6.60686e-14
6.72989e-14
6.84705e-14
6.95863e-14
7.0649e-14
7.1661e-14
8.28046e-14
9.50581e-14
1.08531e-13
1.23342e-13
1.39623e-13
1.57517e-13
1.77177e-13
1.98774e-13
2.22491e-13
2.48525e-13
2.77089e-13
3.08409e-13
3.42729e-13
3.803e-13
4.21388e-13
4.66261e-13
5.15189e-13
5.68433e-13
6.26229e-13
6.8878e-13
7.5622e-13
8.28594e-13
9.05808e-13
9.87578e-13
1.07336e-12
1.16226e-12
1.2529e-12
1.34335e-12
1.43088e-12
1.51183e-12
1.58143e-12
1.63363e-12
1.66096e-12
1.65459e-12
1.60459e-12
1.50054e-12
1.33283e-12
1.09461e-12
7.84841e-13
4.12257e-13
3.8876e-36
6.41368e-18
4.33665e-15
8.46156e-15
1.239e-14
1.61313e-14
1.96944e-14
2.30877e-14
2.63193e-14
2.93969e-14
3.23279e-14
3.51193e-14
3.77776e-14
4.03092e-14
4.27202e-14
4.50163e-14
4.7203e-14
4.92854e-14
5.12686e-14
5.31574e-14
5.49561e-14
5.66691e-14
5.83004e-14
5.98541e-14
6.13336e-14
6.27427e-14
6.40847e-14
6.53627e-14
6.65798e-14
6.77389e-14
6.88428e-14
6.98941e-14
7.08953e-14
8.19198e-14
9.40424e-14
1.07371e-13
1.22025e-13
1.38132e-13
1.55834e-13
1.75284e-13
1.96651e-13
2.20114e-13
2.4587e-13
2.74128e-13
3.05114e-13
3.39067e-13
3.76237e-13
4.16886e-13
4.6128e-13
5.09686e-13
5.6236e-13
6.1954e-13
6.81423e-13
7.48143e-13
8.19745e-13
8.96135e-13
9.77034e-13
1.0619e-12
1.14985e-12
1.23953e-12
1.32902e-12
1.41561e-12
1.49571e-12
1.56458e-12
1.61623e-12
1.64327e-12
1.63698e-12
1.58752e-12
1.4846e-12
1.31868e-12
1.08299e-12
7.76515e-13
4.07885e-13
4.92906e-36
6.34586e-18
4.29079e-15
8.37208e-15
1.2259e-14
1.59607e-14
1.94861e-14
2.28435e-14
2.6041e-14
2.90861e-14
3.19861e-14
3.47479e-14
3.73781e-14
3.98829e-14
4.22684e-14
4.45402e-14
4.67038e-14
4.87642e-14
5.07265e-14
5.25952e-14
5.43749e-14
5.60698e-14
5.76839e-14
5.92211e-14
6.06851e-14
6.20792e-14
6.3407e-14
6.46715e-14
6.58757e-14
6.70226e-14
6.81148e-14
6.9155e-14
7.01456e-14
8.10535e-14
9.3048e-14
1.06236e-13
1.20734e-13
1.36671e-13
1.54186e-13
1.73431e-13
1.94571e-13
2.17786e-13
2.4327e-13
2.71229e-13
3.01888e-13
3.35482e-13
3.72259e-13
4.12478e-13
4.56403e-13
5.04297e-13
5.56415e-13
6.1299e-13
6.74219e-13
7.40235e-13
8.1108e-13
8.86664e-13
9.66709e-13
1.05068e-12
1.1377e-12
1.22644e-12
1.31499e-12
1.40067e-12
1.47993e-12
1.54808e-12
1.59919e-12
1.62596e-12
1.61975e-12
1.57081e-12
1.46898e-12
1.30482e-12
1.07162e-12
7.68363e-13
4.03605e-13
4.43367e-36
6.28023e-18
4.24642e-15
8.2855e-15
1.21322e-14
1.57956e-14
1.92846e-14
2.26073e-14
2.57717e-14
2.87853e-14
3.16553e-14
3.43885e-14
3.69915e-14
3.94705e-14
4.18313e-14
4.40796e-14
4.62208e-14
4.82599e-14
5.02019e-14
5.20513e-14
5.38126e-14
5.54899e-14
5.70874e-14
5.86087e-14
6.00575e-14
6.14372e-14
6.27513e-14
6.40027e-14
6.51945e-14
6.63295e-14
6.74104e-14
6.84398e-14
6.94202e-14
8.02153e-14
9.20857e-14
1.05137e-13
1.19486e-13
1.35257e-13
1.52591e-13
1.71637e-13
1.92559e-13
2.15534e-13
2.40754e-13
2.68425e-13
2.98766e-13
3.32012e-13
3.68409e-13
4.08213e-13
4.51683e-13
4.99082e-13
5.50662e-13
6.06653e-13
6.67249e-13
7.32583e-13
8.02696e-13
8.775e-13
9.56719e-13
1.03982e-12
1.12595e-12
1.21378e-12
1.30141e-12
1.38621e-12
1.46465e-12
1.53211e-12
1.5827e-12
1.6092e-12
1.60306e-12
1.55465e-12
1.45387e-12
1.29141e-12
1.06061e-12
7.60477e-13
3.99465e-13
3.98905e-36
6.21732e-18
4.20388e-15
8.2025e-15
1.20107e-14
1.56374e-14
1.90914e-14
2.23808e-14
2.55135e-14
2.84969e-14
3.13382e-14
3.40441e-14
3.6621e-14
3.90751e-14
4.14123e-14
4.36381e-14
4.57578e-14
4.77765e-14
4.9699e-14
5.15299e-14
5.32735e-14
5.49341e-14
5.65155e-14
5.80216e-14
5.94559e-14
6.08218e-14
6.21227e-14
6.33615e-14
6.45414e-14
6.5665e-14
6.67351e-14
6.77542e-14
6.87248e-14
7.94118e-14
9.11632e-14
1.04084e-13
1.18289e-13
1.33903e-13
1.51063e-13
1.69918e-13
1.9063e-13
2.13375e-13
2.38342e-13
2.65736e-13
2.95774e-13
3.28687e-13
3.64719e-13
4.04124e-13
4.47159e-13
4.94084e-13
5.45147e-13
6.00577e-13
6.60567e-13
7.25247e-13
7.9466e-13
8.68715e-13
9.47142e-13
1.02942e-12
1.11468e-12
1.20163e-12
1.28839e-12
1.37235e-12
1.45002e-12
1.5168e-12
1.5669e-12
1.59314e-12
1.58708e-12
1.53915e-12
1.43939e-12
1.27855e-12
1.05006e-12
7.52919e-13
3.95496e-13
3.59023e-36
6.15747e-18
4.16341e-15
8.12354e-15
1.1895e-14
1.54869e-14
1.89076e-14
2.21654e-14
2.52679e-14
2.82226e-14
3.10365e-14
3.37163e-14
3.62685e-14
3.8699e-14
4.10136e-14
4.3218e-14
4.53173e-14
4.73166e-14
4.92206e-14
5.10339e-14
5.27607e-14
5.44053e-14
5.59715e-14
5.7463e-14
5.88835e-14
6.02363e-14
6.15247e-14
6.27516e-14
6.39201e-14
6.50329e-14
6.60927e-14
6.7102e-14
6.80632e-14
7.86473e-14
9.02857e-14
1.03082e-13
1.1715e-13
1.32614e-13
1.49609e-13
1.68282e-13
1.88795e-13
2.11321e-13
2.36048e-13
2.63178e-13
2.92927e-13
3.25523e-13
3.61209e-13
4.00234e-13
4.42856e-13
4.89329e-13
5.399e-13
5.94798e-13
6.5421e-13
7.18269e-13
7.87014e-13
8.60358e-13
9.38032e-13
1.01952e-12
1.10396e-12
1.19008e-12
1.27601e-12
1.35917e-12
1.43609e-12
1.50224e-12
1.55186e-12
1.57787e-12
1.57187e-12
1.52441e-12
1.42562e-12
1.26633e-12
1.04003e-12
7.45728e-13
3.91721e-13
3.23257e-36
6.10089e-18
4.12515e-15
8.04889e-15
1.17857e-14
1.53446e-14
1.87339e-14
2.19617e-14
2.50357e-14
2.79633e-14
3.07513e-14
3.34065e-14
3.59352e-14
3.83433e-14
4.06367e-14
4.28208e-14
4.49009e-14
4.68818e-14
4.87683e-14
5.05649e-14
5.22759e-14
5.39053e-14
5.54571e-14
5.6935e-14
5.83424e-14
5.96828e-14
6.09593e-14
6.2175e-14
6.33327e-14
6.44353e-14
6.54854e-14
6.64854e-14
6.74378e-14
7.79246e-14
8.9456e-14
1.02135e-13
1.16073e-13
1.31395e-13
1.48234e-13
1.66736e-13
1.8706e-13
2.09379e-13
2.33879e-13
2.6076e-13
2.90235e-13
3.22532e-13
3.5789e-13
3.96557e-13
4.38787e-13
4.84833e-13
5.3494e-13
5.89333e-13
6.48201e-13
7.11671e-13
7.79786e-13
8.52457e-13
9.29418e-13
1.01016e-12
1.09383e-12
1.17916e-12
1.2643e-12
1.3467e-12
1.42292e-12
1.48847e-12
1.53765e-12
1.56342e-12
1.55749e-12
1.51048e-12
1.4126e-12
1.25477e-12
1.03054e-12
7.38931e-13
3.88152e-13
2.91184e-36
6.04767e-18
4.08917e-15
7.97867e-15
1.16829e-14
1.52107e-14
1.85704e-14
2.17701e-14
2.48173e-14
2.77193e-14
3.0483e-14
3.31151e-14
3.56217e-14
3.80088e-14
4.02822e-14
4.24473e-14
4.45092e-14
4.64728e-14
4.83428e-14
5.01238e-14
5.18198e-14
5.34351e-14
5.49733e-14
5.64383e-14
5.78335e-14
5.91621e-14
6.04275e-14
6.16326e-14
6.27802e-14
6.38732e-14
6.49141e-14
6.59054e-14
6.68495e-14
7.72448e-14
8.86756e-14
1.01244e-13
1.15061e-13
1.30249e-13
1.46941e-13
1.65281e-13
1.85429e-13
2.07553e-13
2.31839e-13
2.58485e-13
2.87703e-13
3.19719e-13
3.54768e-13
3.93098e-13
4.34959e-13
4.80604e-13
5.30275e-13
5.84194e-13
6.42548e-13
7.05465e-13
7.72987e-13
8.45025e-13
9.21317e-13
1.00135e-12
1.0843e-12
1.16889e-12
1.25329e-12
1.33498e-12
1.41054e-12
1.47553e-12
1.52428e-12
1.54984e-12
1.54396e-12
1.49737e-12
1.40035e-12
1.2439e-12
1.02162e-12
7.32537e-13
3.84795e-13
2.62417e-36
5.99782e-18
4.05546e-15
7.91292e-15
1.15866e-14
1.50854e-14
1.84174e-14
2.15907e-14
2.46128e-14
2.74909e-14
3.02318e-14
3.28422e-14
3.53281e-14
3.76956e-14
3.99502e-14
4.20975e-14
4.41423e-14
4.60898e-14
4.79444e-14
4.97107e-14
5.13927e-14
5.29947e-14
5.45203e-14
5.59732e-14
5.73568e-14
5.86745e-14
5.99295e-14
6.11246e-14
6.22628e-14
6.33468e-14
6.43791e-14
6.53622e-14
6.62985e-14
7.66082e-14
8.79448e-14
1.00409e-13
1.14113e-13
1.29175e-13
1.4573e-13
1.63919e-13
1.839e-13
2.05842e-13
2.29928e-13
2.56355e-13
2.85332e-13
3.17084e-13
3.51845e-13
3.89858e-13
4.31375e-13
4.76644e-13
5.25905e-13
5.7938e-13
6.37254e-13
6.99654e-13
7.66619e-13
8.38065e-13
9.13729e-13
9.93108e-13
1.07537e-12
1.15927e-12
1.24298e-12
1.324e-12
1.39894e-12
1.4634e-12
1.51176e-12
1.53711e-12
1.5313e-12
1.48509e-12
1.38888e-12
1.23371e-12
1.01327e-12
7.2655e-13
3.81651e-13
2.36607e-36
5.95131e-18
4.02402e-15
7.85156e-15
1.14968e-14
1.49684e-14
1.82746e-14
2.14233e-14
2.44219e-14
2.72777e-14
2.99974e-14
3.25875e-14
3.50542e-14
3.74033e-14
3.96405e-14
4.1771e-14
4.38001e-14
4.57324e-14
4.75726e-14
4.93252e-14
5.09942e-14
5.25837e-14
5.40975e-14
5.55391e-14
5.69121e-14
5.82196e-14
5.94648e-14
6.06506e-14
6.178e-14
6.28556e-14
6.38799e-14
6.48554e-14
6.57844e-14
7.60142e-14
8.72629e-14
9.96308e-14
1.13228e-13
1.28174e-13
1.446e-13
1.62648e-13
1.82474e-13
2.04246e-13
2.28145e-13
2.54367e-13
2.8312e-13
3.14625e-13
3.49117e-13
3.86836e-13
4.28031e-13
4.72949e-13
5.21828e-13
5.74889e-13
6.32315e-13
6.94231e-13
7.60678e-13
8.31571e-13
9.0665e-13
9.85415e-13
1.06704e-12
1.15029e-12
1.23336e-12
1.31375e-12
1.38812e-12
1.45208e-12
1.50008e-12
1.52524e-12
1.51948e-12
1.47364e-12
1.37817e-12
1.22421e-12
1.00547e-12
7.20963e-13
3.78718e-13
4.39146e-36
5.90442e-18
3.99231e-15
7.7897e-15
1.14062e-14
1.48504e-14
1.81306e-14
2.12545e-14
2.42295e-14
2.70628e-14
2.9761e-14
3.23307e-14
3.4778e-14
3.71086e-14
3.93281e-14
4.14419e-14
4.3455e-14
4.53721e-14
4.71978e-14
4.89366e-14
5.05925e-14
5.21694e-14
5.36713e-14
5.51015e-14
5.64637e-14
5.77609e-14
5.89963e-14
6.01728e-14
6.12933e-14
6.23603e-14
6.33766e-14
6.43444e-14
6.52661e-14
7.54153e-14
8.65753e-14
9.88458e-14
1.12336e-13
1.27164e-13
1.4346e-13
1.61367e-13
1.81037e-13
2.02637e-13
2.26348e-13
2.52363e-13
2.80889e-13
3.12147e-13
3.46366e-13
3.83788e-13
4.24659e-13
4.69223e-13
5.17718e-13
5.70361e-13
6.27335e-13
6.88764e-13
7.54688e-13
8.25023e-13
8.99512e-13
9.77659e-13
1.05865e-12
1.14124e-12
1.22366e-12
1.30342e-12
1.37721e-12
1.44068e-12
1.4883e-12
1.51327e-12
1.50756e-12
1.46209e-12
1.36738e-12
1.21464e-12
9.97609e-13
7.1533e-13
3.7576e-13
6.8311e-36
5.85327e-18
3.95773e-15
7.72221e-15
1.13074e-14
1.47218e-14
1.79735e-14
2.10703e-14
2.40196e-14
2.68283e-14
2.95032e-14
3.20507e-14
3.44767e-14
3.67871e-14
3.89874e-14
4.10829e-14
4.30785e-14
4.4979e-14
4.67889e-14
4.85126e-14
5.01542e-14
5.17175e-14
5.32063e-14
5.46242e-14
5.59745e-14
5.72605e-14
5.84852e-14
5.96515e-14
6.07623e-14
6.18201e-14
6.28275e-14
6.3787e-14
6.47007e-14
7.47619e-14
8.58253e-14
9.79895e-14
1.11362e-13
1.26062e-13
1.42218e-13
1.59969e-13
1.79468e-13
2.00882e-13
2.24387e-13
2.50177e-13
2.78456e-13
3.09443e-13
3.43366e-13
3.80464e-13
4.20981e-13
4.65159e-13
5.13234e-13
5.65421e-13
6.21902e-13
6.82799e-13
7.48154e-13
8.17881e-13
8.91726e-13
9.69197e-13
1.04949e-12
1.13137e-12
1.21307e-12
1.29215e-12
1.36531e-12
1.42823e-12
1.47545e-12
1.50022e-12
1.49456e-12
1.44949e-12
1.35561e-12
1.20419e-12
9.89033e-13
7.09185e-13
3.72534e-13
7.44952e-36
5.79752e-18
3.92003e-15
7.64866e-15
1.11997e-14
1.45816e-14
1.78023e-14
2.08696e-14
2.37908e-14
2.65728e-14
2.92222e-14
3.17454e-14
3.41483e-14
3.64367e-14
3.86161e-14
4.06916e-14
4.26682e-14
4.45506e-14
4.63433e-14
4.80505e-14
4.96765e-14
5.12249e-14
5.26995e-14
5.41039e-14
5.54413e-14
5.67151e-14
5.79281e-14
5.90833e-14
6.01835e-14
6.12313e-14
6.22291e-14
6.31794e-14
6.40844e-14
7.40498e-14
8.50078e-14
9.70562e-14
1.10302e-13
1.24861e-13
1.40863e-13
1.58445e-13
1.77759e-13
1.98968e-13
2.2225e-13
2.47794e-13
2.75804e-13
3.06495e-13
3.40096e-13
3.76841e-13
4.16971e-13
4.60729e-13
5.08347e-13
5.60037e-13
6.1598e-13
6.76299e-13
7.41031e-13
8.10096e-13
8.83239e-13
9.59974e-13
1.0395e-12
1.12061e-12
1.20154e-12
1.27987e-12
1.35233e-12
1.41467e-12
1.46144e-12
1.48598e-12
1.48039e-12
1.43576e-12
1.34278e-12
1.1928e-12
9.79684e-13
7.02485e-13
3.69016e-13
8.1169e-36
5.73681e-18
3.87898e-15
7.56856e-15
1.10824e-14
1.44289e-14
1.76159e-14
2.06511e-14
2.35417e-14
2.62945e-14
2.89162e-14
3.14129e-14
3.37907e-14
3.60551e-14
3.82117e-14
4.02654e-14
4.22213e-14
4.4084e-14
4.5858e-14
4.75473e-14
4.91562e-14
5.06884e-14
5.21476e-14
5.35373e-14
5.48607e-14
5.61211e-14
5.73214e-14
5.84646e-14
5.95532e-14
6.059e-14
6.15774e-14
6.25178e-14
6.34133e-14
7.32744e-14
8.41176e-14
9.60398e-14
1.09147e-13
1.23554e-13
1.39388e-13
1.56786e-13
1.75897e-13
1.96885e-13
2.19923e-13
2.45199e-13
2.72916e-13
3.03286e-13
3.36534e-13
3.72895e-13
4.12605e-13
4.55905e-13
5.03024e-13
5.54174e-13
6.09532e-13
6.69219e-13
7.33275e-13
8.01617e-13
8.73996e-13
9.49931e-13
1.02863e-12
1.10889e-12
1.18898e-12
1.26649e-12
1.33821e-12
1.39989e-12
1.44619e-12
1.47048e-12
1.46496e-12
1.42081e-12
1.3288e-12
1.18039e-12
9.69501e-13
6.95189e-13
3.65185e-13
4.97416e-36
5.72604e-18
3.8717e-15
7.55435e-15
1.10616e-14
1.44018e-14
1.75828e-14
2.06123e-14
2.34975e-14
2.62452e-14
2.88619e-14
3.1354e-14
3.37273e-14
3.59875e-14
3.814e-14
4.01899e-14
4.21421e-14
4.40013e-14
4.57719e-14
4.74581e-14
4.9064e-14
5.05933e-14
5.20498e-14
5.34368e-14
5.47578e-14
5.60158e-14
5.72139e-14
5.83548e-14
5.94415e-14
6.04763e-14
6.14618e-14
6.24004e-14
6.32943e-14
7.31368e-14
8.39597e-14
9.58595e-14
1.08942e-13
1.23322e-13
1.39126e-13
1.56492e-13
1.75567e-13
1.96515e-13
2.1951e-13
2.44739e-13
2.72404e-13
3.02717e-13
3.35903e-13
3.72195e-13
4.11831e-13
4.5505e-13
5.0208e-13
5.53134e-13
6.08388e-13
6.67964e-13
7.31899e-13
8.00114e-13
8.72357e-13
9.48149e-13
1.0267e-12
1.10681e-12
1.18675e-12
1.26412e-12
1.3357e-12
1.39727e-12
1.44348e-12
1.46773e-12
1.46222e-12
1.41815e-12
1.32632e-12
1.17819e-12
9.67695e-13
6.93895e-13
3.64506e-13
4.60923e-36
5.67076e-18
3.83432e-15
7.48142e-15
1.09548e-14
1.42627e-14
1.74131e-14
2.04133e-14
2.32706e-14
2.59918e-14
2.85832e-14
3.10512e-14
3.34016e-14
3.564e-14
3.77717e-14
3.98018e-14
4.17352e-14
4.35765e-14
4.533e-14
4.69999e-14
4.85903e-14
5.01048e-14
5.15472e-14
5.29209e-14
5.42291e-14
5.5475e-14
5.66615e-14
5.77914e-14
5.88676e-14
5.98924e-14
6.08684e-14
6.1798e-14
6.26832e-14
7.24307e-14
8.31491e-14
9.4934e-14
1.0789e-13
1.22131e-13
1.37783e-13
1.54981e-13
1.73872e-13
1.94618e-13
2.17391e-13
2.42376e-13
2.69774e-13
2.99794e-13
3.3266e-13
3.68602e-13
4.07856e-13
4.50657e-13
4.97234e-13
5.47796e-13
6.02517e-13
6.61518e-13
7.24837e-13
7.92394e-13
8.63942e-13
9.39004e-13
1.0168e-12
1.09614e-12
1.17531e-12
1.25194e-12
1.32283e-12
1.38382e-12
1.42959e-12
1.45362e-12
1.44817e-12
1.40453e-12
1.31359e-12
1.16689e-12
9.58422e-13
6.8725e-13
3.61017e-13
8.86025e-36
5.59898e-18
3.78578e-15
7.38672e-15
1.08161e-14
1.40822e-14
1.71927e-14
2.01549e-14
2.29761e-14
2.56628e-14
2.82215e-14
3.06582e-14
3.29789e-14
3.51889e-14
3.72936e-14
3.92981e-14
4.1207e-14
4.30249e-14
4.47562e-14
4.6405e-14
4.79753e-14
4.94707e-14
5.08948e-14
5.22511e-14
5.35427e-14
5.47728e-14
5.59443e-14
5.706e-14
5.81225e-14
5.91344e-14
6.0098e-14
6.10158e-14
6.18898e-14
7.1514e-14
8.20967e-14
9.37324e-14
1.06524e-13
1.20586e-13
1.36039e-13
1.53019e-13
1.71672e-13
1.92155e-13
2.14639e-13
2.39309e-13
2.66359e-13
2.96e-13
3.2845e-13
3.63937e-13
4.02694e-13
4.44954e-13
4.90942e-13
5.40864e-13
5.94893e-13
6.53148e-13
7.15667e-13
7.82371e-13
8.53015e-13
9.2713e-13
1.00394e-12
1.08228e-12
1.16046e-12
1.23612e-12
1.30613e-12
1.36635e-12
1.41156e-12
1.43529e-12
1.42992e-12
1.38685e-12
1.29706e-12
1.15222e-12
9.46381e-13
6.78621e-13
3.56486e-13
1.04359e-35
5.52108e-18
3.73311e-15
7.28395e-15
1.06657e-14
1.38863e-14
1.69535e-14
1.98745e-14
2.26564e-14
2.53057e-14
2.78288e-14
3.02317e-14
3.252e-14
3.46993e-14
3.67747e-14
3.87513e-14
4.06336e-14
4.24263e-14
4.41335e-14
4.57594e-14
4.73077e-14
4.87823e-14
5.01867e-14
5.15241e-14
5.27977e-14
5.40107e-14
5.51659e-14
5.62661e-14
5.73138e-14
5.83116e-14
5.92618e-14
6.01668e-14
6.10287e-14
7.05189e-14
8.09544e-14
9.24283e-14
1.05042e-13
1.18908e-13
1.34146e-13
1.5089e-13
1.69283e-13
1.89481e-13
2.11653e-13
2.35979e-13
2.62654e-13
2.91882e-13
3.23881e-13
3.58874e-13
3.97092e-13
4.38764e-13
4.84113e-13
5.33341e-13
5.86619e-13
6.44064e-13
7.05715e-13
7.71492e-13
8.41155e-13
9.14242e-13
9.8999e-13
1.06724e-12
1.14434e-12
1.21896e-12
1.288e-12
1.34739e-12
1.39198e-12
1.4154e-12
1.41011e-12
1.36765e-12
1.27912e-12
1.13629e-12
9.3331e-13
6.69254e-13
3.51567e-13
1.13207e-35
5.43664e-18
3.67601e-15
7.17255e-15
1.05025e-14
1.36739e-14
1.66942e-14
1.95706e-14
2.23099e-14
2.49187e-14
2.74032e-14
2.97693e-14
3.20226e-14
3.41686e-14
3.62123e-14
3.81586e-14
4.00122e-14
4.17774e-14
4.34585e-14
4.50595e-14
4.65842e-14
4.80362e-14
4.94191e-14
5.0736e-14
5.19902e-14
5.31847e-14
5.43222e-14
5.54055e-14
5.64372e-14
5.74198e-14
5.83555e-14
5.92466e-14
6.00953e-14
6.94404e-14
7.97163e-14
9.10147e-14
1.03436e-13
1.17089e-13
1.32095e-13
1.48582e-13
1.66694e-13
1.86583e-13
2.08416e-13
2.3237e-13
2.58637e-13
2.87418e-13
3.18928e-13
3.53386e-13
3.9102e-13
4.32055e-13
4.7671e-13
5.25186e-13
5.7765e-13
6.34218e-13
6.94927e-13
7.597e-13
8.283e-13
9.00272e-13
9.74866e-13
1.05094e-12
1.12686e-12
1.20035e-12
1.26834e-12
1.32684e-12
1.37076e-12
1.39383e-12
1.38864e-12
1.34684e-12
1.25967e-12
1.11903e-12
9.19138e-13
6.59098e-13
3.46235e-13
1.22634e-35
5.34525e-18
3.61422e-15
7.05197e-15
1.0326e-14
1.3444e-14
1.64135e-14
1.92416e-14
2.19348e-14
2.44998e-14
2.69425e-14
2.92689e-14
3.14843e-14
3.35942e-14
3.56036e-14
3.75172e-14
3.93396e-14
4.10751e-14
4.2728e-14
4.4302e-14
4.58011e-14
4.72287e-14
4.85884e-14
4.98832e-14
5.11163e-14
5.22906e-14
5.3409e-14
5.44741e-14
5.54885e-14
5.64545e-14
5.73745e-14
5.82507e-14
5.90851e-14
6.82731e-14
7.83763e-14
8.94847e-14
1.01697e-13
1.15121e-13
1.29874e-13
1.46085e-13
1.63892e-13
1.83447e-13
2.04913e-13
2.28464e-13
2.54289e-13
2.82587e-13
3.13567e-13
3.47446e-13
3.84448e-13
4.24793e-13
4.68699e-13
5.1636e-13
5.67943e-13
6.23561e-13
6.83251e-13
7.46937e-13
8.14387e-13
8.85152e-13
9.58496e-13
1.0333e-12
1.10795e-12
1.18021e-12
1.24707e-12
1.3046e-12
1.34779e-12
1.37049e-12
1.3654e-12
1.32431e-12
1.23862e-12
1.10034e-12
9.03797e-13
6.48104e-13
3.40462e-13
1.32643e-35
5.24649e-18
3.54745e-15
6.92169e-15
1.01352e-14
1.31957e-14
1.61103e-14
1.88861e-14
2.15296e-14
2.40472e-14
2.64448e-14
2.87281e-14
3.09026e-14
3.29736e-14
3.49458e-14
3.6824e-14
3.86128e-14
4.03162e-14
4.19386e-14
4.34836e-14
4.49549e-14
4.63562e-14
4.76907e-14
4.89616e-14
5.01719e-14
5.13246e-14
5.24223e-14
5.34677e-14
5.44633e-14
5.54115e-14
5.63145e-14
5.71745e-14
5.79935e-14
6.70117e-14
7.69283e-14
8.78315e-14
9.98182e-14
1.12994e-13
1.27475e-13
1.43386e-13
1.60864e-13
1.80058e-13
2.01127e-13
2.24244e-13
2.49592e-13
2.77367e-13
3.07774e-13
3.41028e-13
3.77346e-13
4.16947e-13
4.60041e-13
5.06823e-13
5.57453e-13
6.12045e-13
6.70634e-13
7.33145e-13
7.99351e-13
8.68813e-13
9.40806e-13
1.01423e-12
1.08751e-12
1.15845e-12
1.22408e-12
1.28056e-12
1.32296e-12
1.34526e-12
1.34028e-12
1.29996e-12
1.21586e-12
1.08014e-12
8.87216e-13
6.36221e-13
3.34222e-13
1.43227e-35
5.13997e-18
3.47542e-15
6.78115e-15
9.92943e-15
1.29277e-14
1.57832e-14
1.85026e-14
2.10925e-14
2.35589e-14
2.59078e-14
2.81448e-14
3.02752e-14
3.23041e-14
3.42363e-14
3.60764e-14
3.78288e-14
3.94977e-14
4.10871e-14
4.26007e-14
4.40422e-14
4.5415e-14
4.67224e-14
4.79675e-14
4.91532e-14
5.02825e-14
5.13579e-14
5.23821e-14
5.33575e-14
5.42865e-14
5.51711e-14
5.60136e-14
5.6816e-14
6.56512e-14
7.53664e-14
8.60482e-14
9.77915e-14
1.107e-13
1.24887e-13
1.40475e-13
1.57598e-13
1.76402e-13
1.97044e-13
2.19691e-13
2.44524e-13
2.71736e-13
3.01526e-13
3.34105e-13
3.69686e-13
4.08483e-13
4.50703e-13
4.96535e-13
5.46139e-13
5.99624e-13
6.57024e-13
7.18269e-13
7.83133e-13
8.51188e-13
9.21724e-13
9.93666e-13
1.06546e-12
1.13497e-12
1.19928e-12
1.25462e-12
1.29618e-12
1.31804e-12
1.31318e-12
1.2737e-12
1.19131e-12
1.05834e-12
8.69327e-13
6.234e-13
3.2749e-13
1.5437e-35
5.02529e-18
3.39788e-15
6.62986e-15
9.7079e-15
1.26393e-14
1.54311e-14
1.80898e-14
2.06219e-14
2.30333e-14
2.53298e-14
2.75169e-14
2.95998e-14
3.15834e-14
3.34724e-14
3.52715e-14
3.69848e-14
3.86165e-14
4.01704e-14
4.16502e-14
4.30596e-14
4.44018e-14
4.568e-14
4.68973e-14
4.80566e-14
4.91607e-14
5.02121e-14
5.12135e-14
5.21671e-14
5.30753e-14
5.39402e-14
5.47639e-14
5.55484e-14
6.41865e-14
7.36849e-14
8.41284e-14
9.56097e-14
1.0823e-13
1.221e-13
1.37341e-13
1.54082e-13
1.72467e-13
1.92648e-13
2.1479e-13
2.39069e-13
2.65673e-13
2.94799e-13
3.26651e-13
3.61439e-13
3.99371e-13
4.40649e-13
4.8546e-13
5.33958e-13
5.86251e-13
6.42373e-13
7.02253e-13
7.65674e-13
8.32214e-13
9.01181e-13
9.71524e-13
1.04173e-12
1.10969e-12
1.17258e-12
1.2267e-12
1.26735e-12
1.28874e-12
1.284e-12
1.24541e-12
1.16487e-12
1.03487e-12
8.50062e-13
6.09593e-13
3.2024e-13
1.66039e-35
4.9021e-18
3.31459e-15
6.46734e-15
9.46992e-15
1.23295e-14
1.50528e-14
1.76464e-14
2.01164e-14
2.24687e-14
2.47089e-14
2.68424e-14
2.88742e-14
3.08091e-14
3.26519e-14
3.44068e-14
3.60782e-14
3.76698e-14
3.91857e-14
4.06292e-14
4.2004e-14
4.33133e-14
4.45602e-14
4.57477e-14
4.68785e-14
4.79555e-14
4.89812e-14
4.9958e-14
5.08883e-14
5.17742e-14
5.2618e-14
5.34215e-14
5.41867e-14
6.2613e-14
7.18786e-14
8.20661e-14
9.3266e-14
1.05577e-13
1.19107e-13
1.33974e-13
1.50305e-13
1.68239e-13
1.87925e-13
2.09525e-13
2.33209e-13
2.59161e-13
2.87573e-13
3.18645e-13
3.5258e-13
3.89582e-13
4.2985e-13
4.73563e-13
5.20873e-13
5.71885e-13
6.26633e-13
6.85048e-13
7.46917e-13
8.1183e-13
8.79112e-13
9.47737e-13
1.01623e-12
1.08254e-12
1.1439e-12
1.19671e-12
1.23638e-12
1.25725e-12
1.25265e-12
1.21503e-12
1.13647e-12
1.00966e-12
8.29362e-13
5.94757e-13
3.12449e-13
1.78191e-35
4.77008e-18
3.22532e-15
6.29316e-15
9.21488e-15
1.19974e-14
1.46474e-14
1.71711e-14
1.95746e-14
2.18636e-14
2.40434e-14
2.61194e-14
2.80965e-14
2.99794e-14
3.17725e-14
3.34802e-14
3.51065e-14
3.66553e-14
3.81303e-14
3.9535e-14
4.08728e-14
4.21468e-14
4.33601e-14
4.45156e-14
4.5616e-14
4.6664e-14
4.76621e-14
4.86126e-14
4.95178e-14
5.03799e-14
5.12009e-14
5.19828e-14
5.27274e-14
6.09268e-14
6.99428e-14
7.9856e-14
9.07542e-14
1.02734e-13
1.159e-13
1.30366e-13
1.46257e-13
1.63708e-13
1.82864e-13
2.03882e-13
2.26929e-13
2.52182e-13
2.79829e-13
3.10064e-13
3.43086e-13
3.79092e-13
4.18276e-13
4.60812e-13
5.06849e-13
5.56489e-13
6.09764e-13
6.66609e-13
7.26815e-13
7.89984e-13
8.55459e-13
9.22244e-13
9.88899e-13
1.05343e-12
1.11315e-12
1.16456e-12
1.20317e-12
1.22351e-12
1.21905e-12
1.18245e-12
1.10602e-12
9.82624e-13
8.0717e-13
5.78852e-13
3.04097e-13
1.9076e-35
4.62896e-18
3.1299e-15
6.10698e-15
8.94226e-15
1.16425e-14
1.42141e-14
1.66631e-14
1.89955e-14
2.12167e-14
2.33321e-14
2.53467e-14
2.72653e-14
2.90925e-14
3.08326e-14
3.24897e-14
3.40679e-14
3.55709e-14
3.70023e-14
3.83654e-14
3.96636e-14
4.08999e-14
4.20773e-14
4.31986e-14
4.42665e-14
4.52835e-14
4.6252e-14
4.71744e-14
4.80528e-14
4.88894e-14
4.96861e-14
5.04449e-14
5.11675e-14
5.91243e-14
6.78736e-14
7.74935e-14
8.80693e-14
9.96945e-14
1.12471e-13
1.26509e-13
1.4193e-13
1.58865e-13
1.77455e-13
1.97851e-13
2.20216e-13
2.44722e-13
2.71551e-13
3.00892e-13
3.32937e-13
3.67879e-13
4.05904e-13
4.47183e-13
4.91859e-13
5.40032e-13
5.91733e-13
6.46898e-13
7.05326e-13
7.66631e-13
8.30175e-13
8.94991e-13
9.59684e-13
1.02232e-12
1.08029e-12
1.13018e-12
1.16768e-12
1.18743e-12
1.18312e-12
1.14762e-12
1.07347e-12
9.53718e-13
7.83441e-13
5.61844e-13
2.95165e-13
2.03661e-35
4.47855e-18
3.0282e-15
5.90854e-15
8.65169e-15
1.12642e-14
1.37522e-14
1.61217e-14
1.83782e-14
2.05273e-14
2.2574e-14
2.45231e-14
2.63793e-14
2.81471e-14
2.98307e-14
3.1434e-14
3.29609e-14
3.4415e-14
3.57999e-14
3.71187e-14
3.83748e-14
3.95709e-14
4.07101e-14
4.17949e-14
4.28281e-14
4.3812e-14
4.47491e-14
4.56415e-14
4.64914e-14
4.73008e-14
4.80716e-14
4.88057e-14
4.95048e-14
5.72031e-14
6.56681e-14
7.49754e-14
8.52076e-14
9.6455e-14
1.08816e-13
1.22398e-13
1.37319e-13
1.53703e-13
1.71688e-13
1.91422e-13
2.1306e-13
2.3677e-13
2.62728e-13
2.91116e-13
3.2212e-13
3.55927e-13
3.92717e-13
4.32655e-13
4.75881e-13
5.2249e-13
5.72513e-13
6.25889e-13
6.82422e-13
7.41739e-13
8.03224e-13
8.65942e-13
9.28542e-13
9.89152e-13
1.04525e-12
1.09354e-12
1.12984e-12
1.14897e-12
1.14482e-12
1.11049e-12
1.03876e-12
9.22899e-13
7.5814e-13
5.43708e-13
2.85641e-13
2.16785e-35
4.31873e-18
2.92013e-15
5.69769e-15
8.34295e-15
1.08622e-14
1.32614e-14
1.55463e-14
1.77224e-14
1.97948e-14
2.17684e-14
2.3648e-14
2.5438e-14
2.71427e-14
2.87661e-14
3.03122e-14
3.17847e-14
3.31869e-14
3.45223e-14
3.57941e-14
3.70053e-14
3.81588e-14
3.92573e-14
4.03034e-14
4.12997e-14
4.22486e-14
4.31522e-14
4.40128e-14
4.48323e-14
4.56128e-14
4.63561e-14
4.7064e-14
4.77382e-14
5.51617e-14
6.33247e-14
7.22999e-14
8.21669e-14
9.3013e-14
1.04933e-13
1.18031e-13
1.32418e-13
1.48218e-13
1.65562e-13
1.84591e-13
2.05457e-13
2.28322e-13
2.53353e-13
2.80728e-13
3.10626e-13
3.43227e-13
3.78705e-13
4.17219e-13
4.58904e-13
5.03851e-13
5.52091e-13
6.03565e-13
6.58084e-13
7.1529e-13
7.74587e-13
8.35074e-13
8.95449e-13
9.53909e-13
1.00802e-12
1.05461e-12
1.08962e-12
1.10809e-12
1.10411e-12
1.07103e-12
1.00186e-12
8.90142e-13
7.31246e-13
5.24431e-13
2.75517e-13
2.29997e-35
4.1495e-18
2.80571e-15
5.47443e-15
8.01603e-15
1.04366e-14
1.27418e-14
1.49372e-14
1.7028e-14
1.90191e-14
2.09154e-14
2.27213e-14
2.44412e-14
2.60791e-14
2.76389e-14
2.91245e-14
3.05392e-14
3.18865e-14
3.31696e-14
3.43916e-14
3.55553e-14
3.66635e-14
3.7719e-14
3.87242e-14
3.96814e-14
4.05931e-14
4.14613e-14
4.22881e-14
4.30756e-14
4.38255e-14
4.45397e-14
4.52199e-14
4.58676e-14
5.30003e-14
6.08433e-14
6.94668e-14
7.89473e-14
8.93683e-14
1.00821e-13
1.13406e-13
1.2723e-13
1.4241e-13
1.59075e-13
1.77358e-13
1.97407e-13
2.19376e-13
2.43427e-13
2.69729e-13
2.98456e-13
3.2978e-13
3.63868e-13
4.00874e-13
4.40927e-13
4.84114e-13
5.30467e-13
5.79926e-13
6.32313e-13
6.87281e-13
7.44261e-13
8.02386e-13
8.60406e-13
9.16587e-13
9.68594e-13
1.01337e-12
1.04704e-12
1.0648e-12
1.061e-12
1.02923e-12
9.62786e-13
8.55443e-13
7.02757e-13
5.04009e-13
2.64792e-13
2.43133e-35
3.97099e-18
2.68501e-15
5.23892e-15
7.67118e-15
9.98758e-15
1.21936e-14
1.42946e-14
1.62954e-14
1.82009e-14
2.00156e-14
2.17439e-14
2.33897e-14
2.49572e-14
2.64499e-14
2.78715e-14
2.92254e-14
3.05147e-14
3.17426e-14
3.2912e-14
3.40257e-14
3.50863e-14
3.60963e-14
3.70583e-14
3.79743e-14
3.88468e-14
3.96776e-14
4.04689e-14
4.12225e-14
4.19401e-14
4.26236e-14
4.32745e-14
4.38944e-14
5.07202e-14
5.82259e-14
6.64784e-14
7.5551e-14
8.55237e-14
9.6484e-14
1.08527e-13
1.21756e-13
1.36284e-13
1.52231e-13
1.69729e-13
1.88915e-13
2.09939e-13
2.32955e-13
2.58126e-13
2.85618e-13
3.15595e-13
3.48217e-13
3.83632e-13
4.21963e-13
4.63294e-13
5.07655e-13
5.54989e-13
6.05126e-13
6.57735e-13
7.1227e-13
7.67902e-13
8.23437e-13
8.77213e-13
9.26997e-13
9.69867e-13
1.0021e-12
1.01913e-12
1.01551e-12
9.85124e-13
9.21551e-13
8.18826e-13
6.72692e-13
4.82457e-13
2.53473e-13
2.55997e-35
3.78347e-18
2.55821e-15
4.99152e-15
7.30893e-15
9.51594e-15
1.16178e-14
1.36195e-14
1.55259e-14
1.73414e-14
1.90704e-14
2.07171e-14
2.22852e-14
2.37786e-14
2.52009e-14
2.65554e-14
2.78453e-14
2.90738e-14
3.02437e-14
3.13578e-14
3.24189e-14
3.34294e-14
3.43918e-14
3.53083e-14
3.61811e-14
3.70123e-14
3.7804e-14
3.85579e-14
3.92758e-14
3.99596e-14
4.06108e-14
4.1231e-14
4.18216e-14
4.83251e-14
5.54763e-14
6.33391e-14
7.19833e-14
8.14851e-14
9.19279e-14
1.03402e-13
1.16007e-13
1.29849e-13
1.45043e-13
1.61714e-13
1.79994e-13
2.00025e-13
2.21955e-13
2.45938e-13
2.72132e-13
3.00694e-13
3.31776e-13
3.6552e-13
4.02042e-13
4.41423e-13
4.83691e-13
5.28793e-13
5.76567e-13
6.26696e-13
6.78662e-13
7.31676e-13
7.84597e-13
8.35847e-13
8.83296e-13
9.24158e-13
9.54893e-13
9.71135e-13
9.67709e-13
9.38777e-13
8.78218e-13
7.80344e-13
6.41095e-13
4.59806e-13
2.41577e-13
2.68362e-35
3.58738e-18
2.42563e-15
4.73283e-15
6.93013e-15
9.02277e-15
1.10157e-14
1.29137e-14
1.47213e-14
1.64427e-14
1.80821e-14
1.96434e-14
2.11303e-14
2.25463e-14
2.38948e-14
2.51791e-14
2.64022e-14
2.7567e-14
2.86763e-14
2.97327e-14
3.07388e-14
3.16969e-14
3.26094e-14
3.34784e-14
3.4306e-14
3.50941e-14
3.58447e-14
3.65596e-14
3.72403e-14
3.78887e-14
3.85061e-14
3.90941e-14
3.96542e-14
4.58206e-14
5.26012e-14
6.00565e-14
6.82527e-14
7.72621e-14
8.71637e-14
9.80434e-14
1.09995e-13
1.23119e-13
1.37526e-13
1.53333e-13
1.70666e-13
1.89659e-13
2.10453e-13
2.33193e-13
2.5803e-13
2.85112e-13
3.14585e-13
3.4658e-13
3.81211e-13
4.18553e-13
4.58632e-13
5.014e-13
5.46701e-13
5.94238e-13
6.43517e-13
6.93791e-13
7.4398e-13
7.92586e-13
8.37591e-13
8.76354e-13
9.05516e-13
9.20938e-13
9.17711e-13
8.90298e-13
8.32889e-13
7.40088e-13
6.08038e-13
4.36107e-13
2.2913e-13
2.7997e-35
3.38338e-18
2.28769e-15
4.46368e-15
6.53603e-15
8.50966e-15
1.03893e-14
1.21793e-14
1.38841e-14
1.55076e-14
1.70538e-14
1.85263e-14
1.99286e-14
2.12641e-14
2.2536e-14
2.37472e-14
2.49008e-14
2.59993e-14
2.70455e-14
2.80419e-14
2.89907e-14
2.98944e-14
3.0755e-14
3.15745e-14
3.23551e-14
3.30984e-14
3.38063e-14
3.44805e-14
3.51226e-14
3.5734e-14
3.63164e-14
3.68709e-14
3.73991e-14
4.32149e-14
4.96099e-14
5.66413e-14
6.43713e-14
7.28684e-14
8.22069e-14
9.24679e-14
1.0374e-13
1.16118e-13
1.29706e-13
1.44614e-13
1.60961e-13
1.78875e-13
1.98486e-13
2.19933e-13
2.43358e-13
2.689e-13
2.96698e-13
3.26875e-13
3.59537e-13
3.94757e-13
4.3256e-13
4.72898e-13
5.15627e-13
5.60465e-13
6.06949e-13
6.54372e-13
7.01717e-13
7.47571e-13
7.90032e-13
8.26608e-13
8.54131e-13
8.68698e-13
8.65676e-13
8.3984e-13
7.85708e-13
6.98184e-13
5.73628e-13
4.11437e-13
2.16172e-13
2.90532e-35
3.17229e-18
2.14497e-15
4.1852e-15
6.12826e-15
7.97876e-15
9.7411e-15
1.14195e-14
1.30179e-14
1.45401e-14
1.59899e-14
1.73705e-14
1.86853e-14
1.99375e-14
2.113e-14
2.22657e-14
2.33473e-14
2.43773e-14
2.53582e-14
2.62924e-14
2.71821e-14
2.80293e-14
2.88362e-14
2.96047e-14
3.03365e-14
3.10335e-14
3.16972e-14
3.23293e-14
3.29313e-14
3.35047e-14
3.40507e-14
3.45707e-14
3.50659e-14
4.05188e-14
4.65149e-14
5.31075e-14
6.03554e-14
6.83223e-14
7.70782e-14
8.66992e-14
9.72677e-14
1.08874e-13
1.21614e-13
1.35592e-13
1.5092e-13
1.67716e-13
1.86103e-13
2.06213e-13
2.28177e-13
2.52126e-13
2.7819e-13
3.06485e-13
3.37111e-13
3.70136e-13
4.05582e-13
4.43407e-13
4.83474e-13
5.2552e-13
5.69109e-13
6.13581e-13
6.57983e-13
7.00989e-13
7.40815e-13
7.75126e-13
8.00952e-13
8.14631e-13
8.11819e-13
7.87613e-13
7.3687e-13
6.54807e-13
5.38004e-13
3.85896e-13
2.02756e-13
2.99734e-35
2.95522e-18
1.99819e-15
3.89881e-15
5.70891e-15
7.43278e-15
9.07453e-15
1.06381e-14
1.21271e-14
1.35452e-14
1.48957e-14
1.61818e-14
1.74067e-14
1.85732e-14
1.96841e-14
2.07421e-14
2.17496e-14
2.27091e-14
2.3623e-14
2.44932e-14
2.5322e-14
2.61113e-14
2.6863e-14
2.75789e-14
2.82606e-14
2.89099e-14
2.95282e-14
3.01171e-14
3.06779e-14
3.1212e-14
3.17206e-14
3.2205e-14
3.26663e-14
3.77461e-14
4.33319e-14
4.94734e-14
5.62253e-14
6.36471e-14
7.18039e-14
8.07665e-14
9.06119e-14
1.01424e-13
1.13292e-13
1.26314e-13
1.40593e-13
1.56239e-13
1.73369e-13
1.92103e-13
2.12564e-13
2.34875e-13
2.59156e-13
2.85516e-13
3.14048e-13
3.44814e-13
3.77837e-13
4.13076e-13
4.50405e-13
4.89578e-13
5.30191e-13
5.71628e-13
6.13e-13
6.53075e-13
6.9019e-13
7.22171e-13
7.46249e-13
7.59012e-13
7.56412e-13
7.3388e-13
6.8662e-13
6.10173e-13
5.01348e-13
3.59613e-13
1.8895e-13
3.07242e-35
2.73345e-18
1.84824e-15
3.60624e-15
5.28051e-15
6.87502e-15
8.39356e-15
9.83976e-15
1.12171e-14
1.25287e-14
1.37779e-14
1.49675e-14
1.61005e-14
1.71794e-14
1.8207e-14
1.91856e-14
2.01175e-14
2.1005e-14
2.18503e-14
2.26552e-14
2.34218e-14
2.41519e-14
2.48472e-14
2.55093e-14
2.61399e-14
2.67404e-14
2.73124e-14
2.7857e-14
2.83758e-14
2.88698e-14
2.93403e-14
2.97883e-14
3.0215e-14
3.49136e-14
4.00802e-14
4.57609e-14
5.20061e-14
5.8871e-14
6.64157e-14
7.47057e-14
8.38124e-14
9.38128e-14
1.04791e-13
1.16835e-13
1.30043e-13
1.44516e-13
1.6036e-13
1.77688e-13
1.96614e-13
2.17252e-13
2.39711e-13
2.64094e-13
2.90486e-13
3.18945e-13
3.49492e-13
3.82089e-13
4.1662e-13
4.52858e-13
4.90429e-13
5.28764e-13
5.67041e-13
6.0412e-13
6.38464e-13
6.68061e-13
6.9035e-13
7.02174e-13
6.99789e-13
6.78965e-13
6.35263e-13
5.64552e-13
4.63879e-13
3.32746e-13
1.74837e-13
3.1271e-35
2.50856e-18
1.69618e-15
3.30954e-15
4.84605e-15
6.30937e-15
7.70298e-15
9.03019e-15
1.02942e-14
1.14979e-14
1.26443e-14
1.37361e-14
1.47758e-14
1.5766e-14
1.6709e-14
1.76071e-14
1.84623e-14
1.92768e-14
2.00525e-14
2.07912e-14
2.14948e-14
2.21648e-14
2.28028e-14
2.34105e-14
2.39892e-14
2.45404e-14
2.50652e-14
2.55651e-14
2.60411e-14
2.64945e-14
2.69263e-14
2.73375e-14
2.77291e-14
3.20411e-14
3.67826e-14
4.19959e-14
4.77273e-14
5.40274e-14
6.09513e-14
6.85593e-14
7.69167e-14
8.60945e-14
9.61691e-14
1.07223e-13
1.19344e-13
1.32626e-13
1.47167e-13
1.6307e-13
1.80439e-13
1.99379e-13
2.19991e-13
2.42369e-13
2.6659e-13
2.92709e-13
3.20745e-13
3.50663e-13
3.82356e-13
4.15617e-13
4.50102e-13
4.8529e-13
5.20426e-13
5.54465e-13
5.85996e-13
6.13173e-13
6.33645e-13
6.44516e-13
6.42345e-13
6.2325e-13
5.83153e-13
5.18261e-13
4.25856e-13
3.05481e-13
1.60514e-13
3.15794e-35
2.2823e-18
1.54319e-15
3.01104e-15
4.40897e-15
5.74031e-15
7.00823e-15
8.21573e-15
9.36571e-15
1.04609e-14
1.15039e-14
1.24972e-14
1.34431e-14
1.4344e-14
1.5202e-14
1.6019e-14
1.67972e-14
1.75382e-14
1.82439e-14
1.8916e-14
1.95561e-14
2.01657e-14
2.07462e-14
2.12991e-14
2.18256e-14
2.2327e-14
2.28045e-14
2.32593e-14
2.36924e-14
2.41049e-14
2.44977e-14
2.48718e-14
2.52281e-14
2.91512e-14
3.34651e-14
3.82082e-14
4.34227e-14
4.91546e-14
5.5454e-14
6.23758e-14
6.99795e-14
7.83295e-14
8.74955e-14
9.75524e-14
1.0858e-13
1.20665e-13
1.33894e-13
1.48363e-13
1.64166e-13
1.81398e-13
2.00152e-13
2.20512e-13
2.4255e-13
2.66314e-13
2.91823e-13
3.19045e-13
3.47883e-13
3.78148e-13
4.09528e-13
4.41548e-13
4.73524e-13
5.04502e-13
5.33202e-13
5.57941e-13
5.76583e-13
5.8649e-13
5.84532e-13
5.67174e-13
5.30703e-13
4.71664e-13
3.8758e-13
2.78032e-13
1.46094e-13
3.16167e-35
2.05668e-18
1.39064e-15
2.71337e-15
3.97311e-15
5.17283e-15
6.3154e-15
7.40353e-15
8.43982e-15
9.42673e-15
1.03666e-14
1.12617e-14
1.21142e-14
1.2926e-14
1.36991e-14
1.44354e-14
1.51366e-14
1.58044e-14
1.64404e-14
1.7046e-14
1.76228e-14
1.81721e-14
1.86953e-14
1.91935e-14
1.96679e-14
2.01198e-14
2.05501e-14
2.09599e-14
2.13502e-14
2.17219e-14
2.20759e-14
2.2413e-14
2.27341e-14
2.62694e-14
3.01568e-14
3.4431e-14
3.913e-14
4.42952e-14
4.99719e-14
5.62095e-14
6.30615e-14
7.05861e-14
7.8846e-14
8.79087e-14
9.78466e-14
1.08736e-13
1.20658e-13
1.33697e-13
1.47938e-13
1.63467e-13
1.80367e-13
1.98715e-13
2.18575e-13
2.39992e-13
2.6298e-13
2.87513e-13
3.13503e-13
3.4078e-13
3.69062e-13
3.97923e-13
4.26744e-13
4.5467e-13
4.80543e-13
5.0285e-13
5.19663e-13
5.28606e-13
5.26857e-13
5.11229e-13
4.78372e-13
4.2517e-13
3.49386e-13
2.50641e-13
1.31704e-13
3.13535e-35
1.83383e-18
1.23996e-15
2.41937e-15
3.54261e-15
4.61234e-15
5.63111e-15
6.60134e-15
7.52534e-15
8.40532e-15
9.24336e-15
1.00415e-14
1.08016e-14
1.15254e-14
1.22148e-14
1.28713e-14
1.34965e-14
1.40919e-14
1.4659e-14
1.5199e-14
1.57133e-14
1.62031e-14
1.66696e-14
1.71138e-14
1.75368e-14
1.79397e-14
1.83234e-14
1.86889e-14
1.90369e-14
1.93683e-14
1.96839e-14
1.99845e-14
2.02708e-14
2.3423e-14
2.68892e-14
3.07003e-14
3.48901e-14
3.94957e-14
4.45574e-14
5.01191e-14
5.62287e-14
6.29379e-14
7.03029e-14
7.83837e-14
8.72449e-14
9.69547e-14
1.07585e-13
1.19211e-13
1.31909e-13
1.45756e-13
1.60826e-13
1.77186e-13
1.94895e-13
2.13992e-13
2.34491e-13
2.56368e-13
2.79544e-13
3.03868e-13
3.2909e-13
3.54829e-13
3.80535e-13
4.05442e-13
4.28522e-13
4.48423e-13
4.63428e-13
4.71416e-13
4.6987e-13
4.55947e-13
4.26658e-13
3.79221e-13
3.11638e-13
2.23568e-13
1.17481e-13
3.07661e-35
1.61602e-18
1.09268e-15
2.13202e-15
3.12185e-15
4.06452e-15
4.96229e-15
5.81729e-15
6.63155e-15
7.40701e-15
8.14552e-15
8.84883e-15
9.51864e-15
1.01565e-14
1.0764e-14
1.13425e-14
1.18935e-14
1.24182e-14
1.29179e-14
1.33938e-14
1.3847e-14
1.42786e-14
1.46897e-14
1.50812e-14
1.5454e-14
1.5809e-14
1.61471e-14
1.64692e-14
1.67758e-14
1.70679e-14
1.7346e-14
1.76109e-14
1.78632e-14
2.0641e-14
2.36955e-14
2.7054e-14
3.07462e-14
3.48048e-14
3.92652e-14
4.41664e-14
4.95504e-14
5.54628e-14
6.1953e-14
6.90742e-14
7.68829e-14
8.54396e-14
9.48076e-14
1.05053e-13
1.16243e-13
1.28446e-13
1.41726e-13
1.56144e-13
1.7175e-13
1.8858e-13
2.06646e-13
2.25926e-13
2.46351e-13
2.67789e-13
2.90019e-13
3.12706e-13
3.35364e-13
3.5732e-13
3.77667e-13
3.95215e-13
4.08449e-13
4.15501e-13
4.14151e-13
4.01892e-13
3.76088e-13
3.34285e-13
2.7472e-13
1.97089e-13
1.03568e-13
2.98383e-35
1.40556e-18
9.50379e-16
1.85435e-15
2.71527e-15
3.53518e-15
4.31603e-15
5.05967e-15
5.76789e-15
6.44236e-15
7.08469e-15
7.69641e-15
8.27898e-15
8.83379e-15
9.36216e-15
9.86535e-15
1.03446e-14
1.08009e-14
1.12356e-14
1.16495e-14
1.20437e-14
1.24191e-14
1.27766e-14
1.31171e-14
1.34413e-14
1.37501e-14
1.40442e-14
1.43243e-14
1.4591e-14
1.48451e-14
1.5087e-14
1.53174e-14
1.55368e-14
1.79528e-14
2.06096e-14
2.35306e-14
2.6742e-14
3.0272e-14
3.41516e-14
3.84144e-14
4.30972e-14
4.82397e-14
5.38847e-14
6.00785e-14
6.68703e-14
7.43127e-14
8.24607e-14
9.13719e-14
1.01105e-13
1.11718e-13
1.23269e-13
1.3581e-13
1.49385e-13
1.64024e-13
1.79738e-13
1.96508e-13
2.14275e-13
2.32924e-13
2.52262e-13
2.71998e-13
2.9171e-13
3.10813e-13
3.28517e-13
3.43788e-13
3.55309e-13
3.61452e-13
3.60289e-13
3.49636e-13
3.27198e-13
2.90839e-13
2.39023e-13
1.71484e-13
9.01155e-14
2.85635e-35
1.20469e-18
8.1456e-16
1.58935e-15
2.32723e-15
3.02997e-15
3.69923e-15
4.3366e-15
4.9436e-15
5.52168e-15
6.07221e-15
6.59652e-15
7.09583e-15
7.57135e-15
8.02421e-15
8.45549e-15
8.86622e-15
9.25738e-15
9.62989e-15
9.98465e-15
1.03225e-14
1.06443e-14
1.09507e-14
1.12425e-14
1.15204e-14
1.17851e-14
1.20372e-14
1.22772e-14
1.25058e-14
1.27236e-14
1.29309e-14
1.31284e-14
1.33164e-14
1.53872e-14
1.76643e-14
2.01679e-14
2.29203e-14
2.59458e-14
2.9271e-14
3.29247e-14
3.69383e-14
4.13458e-14
4.61841e-14
5.14928e-14
5.7314e-14
6.36929e-14
7.06766e-14
7.83144e-14
8.66566e-14
9.57536e-14
1.05654e-13
1.16403e-13
1.28038e-13
1.40586e-13
1.54055e-13
1.6843e-13
1.8366e-13
1.99645e-13
2.16222e-13
2.33141e-13
2.5004e-13
2.66418e-13
2.81599e-13
2.94694e-13
3.04576e-13
3.09851e-13
3.08862e-13
2.99739e-13
2.80513e-13
2.4935e-13
2.04933e-13
1.47031e-13
7.72665e-14
2.69463e-35
1.0155e-18
6.86639e-16
1.33975e-15
1.96176e-15
2.55413e-15
3.11829e-15
3.65556e-15
4.16724e-15
4.65454e-15
5.11861e-15
5.56058e-15
5.98148e-15
6.38232e-15
6.76407e-15
7.12762e-15
7.47384e-15
7.80357e-15
8.11758e-15
8.41663e-15
8.70143e-15
8.97266e-15
9.23096e-15
9.47695e-15
9.71122e-15
9.93433e-15
1.01468e-14
1.03492e-14
1.05419e-14
1.07254e-14
1.09002e-14
1.10666e-14
1.12252e-14
1.29708e-14
1.48902e-14
1.70007e-14
1.93208e-14
2.18712e-14
2.46742e-14
2.77541e-14
3.11374e-14
3.48528e-14
3.89313e-14
4.34063e-14
4.83134e-14
5.36905e-14
5.95776e-14
6.6016e-14
7.30483e-14
8.07168e-14
8.90628e-14
9.81239e-14
1.07932e-13
1.1851e-13
1.29865e-13
1.41983e-13
1.54822e-13
1.68299e-13
1.82275e-13
1.96539e-13
2.10788e-13
2.24598e-13
2.37399e-13
2.48444e-13
2.56781e-13
2.61234e-13
2.60408e-13
2.52724e-13
2.36521e-13
2.10252e-13
1.72805e-13
1.23983e-13
6.51561e-14
2.50031e-35
8.3979e-19
5.6783e-16
1.10793e-15
1.62231e-15
2.11219e-15
2.57873e-15
3.02304e-15
3.44618e-15
3.84916e-15
4.23294e-15
4.59843e-15
4.9465e-15
5.27799e-15
5.59368e-15
5.89432e-15
6.18064e-15
6.45332e-15
6.713e-15
6.9603e-15
7.19582e-15
7.42012e-15
7.63372e-15
7.83715e-15
8.03089e-15
8.21539e-15
8.39111e-15
8.55845e-15
8.71781e-15
8.86959e-15
9.01413e-15
9.15178e-15
9.28288e-15
1.07264e-14
1.23138e-14
1.4059e-14
1.59778e-14
1.80869e-14
2.04048e-14
2.29518e-14
2.57497e-14
2.88223e-14
3.21951e-14
3.58958e-14
3.99538e-14
4.44006e-14
4.92691e-14
5.45935e-14
6.04091e-14
6.67509e-14
7.36529e-14
8.11465e-14
8.9258e-14
9.80058e-14
1.07396e-13
1.17419e-13
1.28037e-13
1.39184e-13
1.50743e-13
1.62541e-13
1.74327e-13
1.85751e-13
1.96341e-13
2.05479e-13
2.12379e-13
2.16067e-13
2.15389e-13
2.09039e-13
1.95643e-13
1.73919e-13
1.42947e-13
1.02564e-13
5.39007e-14
2.27617e-35
6.78919e-19
4.59056e-16
8.95698e-16
1.31154e-15
1.70758e-15
2.08475e-15
2.44395e-15
2.78603e-15
3.11181e-15
3.42208e-15
3.71755e-15
3.99895e-15
4.26693e-15
4.52215e-15
4.7652e-15
4.99668e-15
5.21712e-15
5.42705e-15
5.62698e-15
5.81739e-15
5.99872e-15
6.17141e-15
6.33587e-15
6.49249e-15
6.64165e-15
6.7837e-15
6.91899e-15
7.04783e-15
7.17053e-15
7.28738e-15
7.39867e-15
7.50465e-15
8.67167e-15
9.95493e-15
1.13659e-14
1.29171e-14
1.46221e-14
1.64961e-14
1.85552e-14
2.08171e-14
2.33011e-14
2.60278e-14
2.90196e-14
3.23003e-14
3.58953e-14
3.98312e-14
4.41358e-14
4.88374e-14
5.39645e-14
5.95445e-14
6.56028e-14
7.21606e-14
7.9233e-14
8.68252e-14
9.49282e-14
1.03514e-13
1.12526e-13
1.21872e-13
1.31411e-13
1.40941e-13
1.50179e-13
1.58744e-13
1.66135e-13
1.71717e-13
1.74702e-13
1.74159e-13
1.69029e-13
1.58201e-13
1.40639e-13
1.15596e-13
8.29418e-14
4.35894e-14
2.02581e-35
5.3367e-19
3.60845e-16
7.04071e-16
1.03095e-15
1.34226e-15
1.63873e-15
1.92108e-15
2.18998e-15
2.44607e-15
2.68995e-15
2.92221e-15
3.14341e-15
3.35406e-15
3.55468e-15
3.74573e-15
3.92768e-15
4.10096e-15
4.26598e-15
4.42314e-15
4.57281e-15
4.71534e-15
4.85109e-15
4.98036e-15
5.10348e-15
5.22073e-15
5.33239e-15
5.43873e-15
5.54e-15
5.63645e-15
5.72831e-15
5.81579e-15
5.89909e-15
6.81644e-15
7.82516e-15
8.93425e-15
1.01536e-14
1.14939e-14
1.29669e-14
1.45855e-14
1.63635e-14
1.8316e-14
2.04594e-14
2.28112e-14
2.539e-14
2.82159e-14
3.13098e-14
3.46935e-14
3.83893e-14
4.24195e-14
4.68058e-14
5.15681e-14
5.67232e-14
6.22827e-14
6.82509e-14
7.46208e-14
8.13699e-14
8.84545e-14
9.58019e-14
1.03302e-13
1.10794e-13
1.18058e-13
1.24792e-13
1.30604e-13
1.34994e-13
1.37345e-13
1.3692e-13
1.3289e-13
1.2438e-13
1.10576e-13
9.08885e-14
6.5215e-14
3.42737e-14
1.7531e-35
4.0406e-19
2.73208e-16
5.33076e-16
7.80567e-16
1.01627e-15
1.24074e-15
1.45452e-15
1.65811e-15
1.852e-15
2.03665e-15
2.21251e-15
2.37998e-15
2.53947e-15
2.69136e-15
2.83602e-15
2.97378e-15
3.10497e-15
3.22992e-15
3.34891e-15
3.46223e-15
3.57015e-15
3.67292e-15
3.7708e-15
3.86402e-15
3.95279e-15
4.03733e-15
4.11785e-15
4.19453e-15
4.26755e-15
4.3371e-15
4.40333e-15
4.4664e-15
5.16096e-15
5.92469e-15
6.76443e-15
7.68761e-15
8.7024e-15
9.81768e-15
1.10432e-14
1.23894e-14
1.38677e-14
1.54905e-14
1.72711e-14
1.92237e-14
2.13633e-14
2.37058e-14
2.62677e-14
2.9066e-14
3.21174e-14
3.54385e-14
3.90443e-14
4.29475e-14
4.7157e-14
5.16759e-14
5.6499e-14
6.16093e-14
6.69738e-14
7.25374e-14
7.82165e-14
8.38903e-14
8.93907e-14
9.44908e-14
9.88931e-14
1.02219e-13
1.04e-13
1.03681e-13
1.00631e-13
9.41893e-14
8.37373e-14
6.883e-14
4.93883e-14
2.59564e-14
1.4611e-35
2.89125e-19
1.95494e-16
3.81442e-16
5.58534e-16
7.27189e-16
8.8781e-16
1.04078e-15
1.18646e-15
1.3252e-15
1.45733e-15
1.58316e-15
1.70299e-15
1.81712e-15
1.9258e-15
2.02931e-15
2.12789e-15
2.22176e-15
2.31117e-15
2.39631e-15
2.47739e-15
2.55461e-15
2.62816e-15
2.69819e-15
2.76489e-15
2.82841e-15
2.88891e-15
2.94652e-15
3.00139e-15
3.05364e-15
3.10341e-15
3.1508e-15
3.19593e-15
3.69292e-15
4.23941e-15
4.84028e-15
5.50086e-15
6.227e-15
7.02504e-15
7.90193e-15
8.8652e-15
9.92303e-15
1.10843e-14
1.23584e-14
1.37555e-14
1.52865e-14
1.69627e-14
1.87959e-14
2.07982e-14
2.29817e-14
2.53582e-14
2.79383e-14
3.07313e-14
3.37435e-14
3.69771e-14
4.04285e-14
4.40854e-14
4.79242e-14
5.19055e-14
5.59697e-14
6.00301e-14
6.39666e-14
6.76168e-14
7.07679e-14
7.31487e-14
7.44245e-14
7.4197e-14
7.20159e-14
6.74071e-14
5.99282e-14
4.92604e-14
3.53469e-14
1.8577e-14
1.15022e-35
1.86616e-19
1.26181e-16
2.46202e-16
3.60506e-16
4.69365e-16
5.73038e-16
6.71771e-16
7.65801e-16
8.5535e-16
9.40632e-16
1.02185e-15
1.0992e-15
1.17286e-15
1.24301e-15
1.30982e-15
1.37344e-15
1.43404e-15
1.49174e-15
1.5467e-15
1.59903e-15
1.64888e-15
1.69634e-15
1.74155e-15
1.7846e-15
1.8256e-15
1.86465e-15
1.90183e-15
1.93725e-15
1.97097e-15
2.00309e-15
2.03368e-15
2.06282e-15
2.3836e-15
2.73633e-15
3.12416e-15
3.55054e-15
4.01922e-15
4.53432e-15
5.1003e-15
5.72205e-15
6.40483e-15
7.15434e-15
7.97672e-15
8.87851e-15
9.8667e-15
1.09486e-14
1.21318e-14
1.34243e-14
1.48336e-14
1.63675e-14
1.80329e-14
1.98357e-14
2.17799e-14
2.38672e-14
2.60949e-14
2.84554e-14
3.09332e-14
3.35032e-14
3.61266e-14
3.87477e-14
4.12889e-14
4.36453e-14
4.56796e-14
4.72169e-14
4.80409e-14
4.78947e-14
4.64874e-14
4.3513e-14
3.86857e-14
3.17998e-14
2.28183e-14
1.19925e-14
8.15104e-36
9.24941e-20
6.25405e-17
1.22027e-16
1.78681e-16
2.32636e-16
2.8402e-16
3.32956e-16
3.79561e-16
4.23945e-16
4.66214e-16
5.06469e-16
5.44806e-16
5.81315e-16
6.16085e-16
6.49198e-16
6.80733e-16
7.10765e-16
7.39367e-16
7.66605e-16
7.92545e-16
8.17249e-16
8.40775e-16
8.63181e-16
8.84519e-16
9.0484e-16
9.24193e-16
9.42624e-16
9.60177e-16
9.76893e-16
9.92813e-16
1.00797e-15
1.02241e-15
1.1814e-15
1.35623e-15
1.54846e-15
1.75979e-15
1.99208e-15
2.24739e-15
2.52791e-15
2.83607e-15
3.17449e-15
3.54598e-15
3.95358e-15
4.40055e-15
4.89033e-15
5.42656e-15
6.01303e-15
6.6536e-15
7.35214e-15
8.11241e-15
8.93785e-15
9.83139e-15
1.07951e-14
1.18296e-14
1.29338e-14
1.41037e-14
1.53319e-14
1.66057e-14
1.79061e-14
1.92053e-14
2.04649e-14
2.1633e-14
2.26414e-14
2.34036e-14
2.38122e-14
2.37399e-14
2.30426e-14
2.15684e-14
1.91758e-14
1.57627e-14
1.13108e-14
5.94462e-15
4.39015e-36
2.76956e-44
3.64643e-43
1.19932e-42
2.40971e-42
3.87191e-42
5.48698e-42
7.17667e-42
8.87992e-42
1.05498e-41
1.21511e-41
1.36581e-41
1.50527e-41
1.63232e-41
1.74629e-41
1.84688e-41
1.93414e-41
2.00832e-41
2.06988e-41
2.1194e-41
2.15754e-41
2.18504e-41
2.20267e-41
2.2112e-41
2.21143e-41
2.20412e-41
2.19003e-41
2.16986e-41
2.1443e-41
2.114e-41
2.07957e-41
2.04157e-41
1.35212e-40
3.20477e-40
4.64342e-40
6.65581e-40
9.45389e-40
1.33244e-39
1.86543e-39
2.59652e-39
3.59587e-39
4.9577e-39
6.80833e-39
9.31684e-39
1.27092e-38
1.72868e-38
2.3451e-38
3.1735e-38
4.28457e-38
5.77175e-38
7.7582e-38
1.04056e-37
1.39254e-37
1.85924e-37
2.47615e-37
3.28872e-37
4.35454e-37
5.74562e-37
7.55034e-37
9.87461e-37
1.2841e-36
1.65842e-36
2.12402e-36
2.69243e-36
3.36939e-36
4.14871e-36
5.00291e-36
5.87017e-36
6.63727e-36
7.12078e-36
7.05172e-36
6.07579e-36
3.79051e-36
1.50362e-36
