-1.04989e-38
-1.38229e-37
-4.54638e-37
-9.13468e-37
-1.46775e-36
-2.07998e-36
-2.72048e-36
-3.36612e-36
-3.99911e-36
-4.60608e-36
-5.17728e-36
-5.70589e-36
-6.18744e-36
-6.61938e-36
-7.00064e-36
-7.33133e-36
-7.61247e-36
-7.84575e-36
-8.03337e-36
-8.17788e-36
-8.28205e-36
-8.3488e-36
-8.3811e-36
-8.38191e-36
-8.35416e-36
-8.30067e-36
-8.22417e-36
-8.12726e-36
-8.01238e-36
-7.88182e-36
-7.73775e-36
-5.12455e-35
-1.21455e-34
-1.75962e-34
-2.52194e-34
-3.58168e-34
-5.04721e-34
-7.0647e-34
-9.83099e-34
-1.36105e-33
-1.87578e-33
-2.57476e-33
-3.52137e-33
-4.80011e-33
-6.52332e-33
-8.84001e-33
-1.19472e-32
-1.61046e-32
-2.16529e-32
-2.90374e-32
-3.88365e-32
-5.17961e-32
-6.88707e-32
-9.12681e-32
-1.20497e-31
-1.58412e-31
-2.0724e-31
-2.6958e-31
-3.48348e-31
-4.46615e-31
-5.67312e-31
-7.12716e-31
-8.83651e-31
-1.07834e-30
-1.29086e-30
-1.50919e-30
-1.71293e-30
-1.87099e-30
-1.93936e-30
-1.85971e-30
-1.5594e-30
-9.54892e-31
-1.81823e-31
2.84836e-17
1.92583e-14
3.75761e-14
5.50214e-14
7.16354e-14
8.74578e-14
1.02526e-13
1.16876e-13
1.30542e-13
1.43557e-13
1.55951e-13
1.67754e-13
1.78995e-13
1.897e-13
1.99894e-13
2.09602e-13
2.18848e-13
2.27652e-13
2.36037e-13
2.44022e-13
2.51627e-13
2.58869e-13
2.65765e-13
2.72333e-13
2.78588e-13
2.84545e-13
2.90217e-13
2.9562e-13
3.00765e-13
3.05664e-13
3.1033e-13
3.14774e-13
3.637e-13
4.17487e-13
4.7661e-13
5.41586e-13
6.12978e-13
6.91398e-13
7.77507e-13
8.72021e-13
9.75705e-13
1.08938e-12
1.21391e-12
1.3502e-12
1.4992e-12
1.66185e-12
1.83911e-12
2.03188e-12
2.24097e-12
2.46705e-12
2.71055e-12
2.97154e-12
3.24961e-12
3.54367e-12
3.85174e-12
4.17067e-12
4.49581e-12
4.82071e-12
5.13669e-12
5.43254e-12
5.69429e-12
5.90505e-12
6.0453e-12
6.09342e-12
6.02687e-12
5.82382e-12
5.46544e-12
4.93841e-12
4.23757e-12
3.36826e-12
2.34812e-12
1.20898e-12
-1.02134e-30
5.95522e-17
4.02639e-14
7.85618e-14
1.15035e-13
1.49771e-13
1.82851e-13
2.14354e-13
2.44356e-13
2.72928e-13
3.00137e-13
3.2605e-13
3.50727e-13
3.74227e-13
3.96607e-13
4.1792e-13
4.38216e-13
4.57545e-13
4.75952e-13
4.93482e-13
5.10176e-13
5.26074e-13
5.41214e-13
5.55632e-13
5.69362e-13
5.82439e-13
5.94891e-13
6.0675e-13
6.18044e-13
6.288e-13
6.39043e-13
6.48797e-13
6.58087e-13
7.60365e-13
8.72803e-13
9.96388e-13
1.1322e-12
1.28141e-12
1.44529e-12
1.62523e-12
1.82269e-12
2.03927e-12
2.27667e-12
2.53667e-12
2.82113e-12
3.13197e-12
3.47114e-12
3.84053e-12
4.24194e-12
4.67693e-12
5.14672e-12
5.65199e-12
6.19262e-12
6.7674e-12
7.37364e-12
8.00669e-12
8.65937e-12
9.32135e-12
9.97842e-12
1.06119e-11
1.11978e-11
1.17069e-11
1.21043e-11
1.23506e-11
1.24031e-11
1.22185e-11
1.17566e-11
1.09843e-11
9.88107e-12
8.44261e-12
6.68466e-12
4.64517e-12
2.38637e-12
-1.85728e-30
9.74298e-17
6.58724e-14
1.28528e-13
1.88199e-13
2.45026e-13
2.99145e-13
3.50684e-13
3.99767e-13
4.46509e-13
4.91023e-13
5.33415e-13
5.73785e-13
6.1223e-13
6.48842e-13
6.83708e-13
7.16911e-13
7.48531e-13
7.78643e-13
8.07319e-13
8.34628e-13
8.60634e-13
8.85401e-13
9.08986e-13
9.31447e-13
9.52837e-13
9.73207e-13
9.92607e-13
1.01108e-12
1.02867e-12
1.04543e-12
1.06139e-12
1.07658e-12
1.24388e-12
1.42778e-12
1.6299e-12
1.852e-12
2.09597e-12
2.3639e-12
2.65801e-12
2.9807e-12
3.33454e-12
3.72224e-12
4.14666e-12
4.61077e-12
5.11759e-12
5.67013e-12
6.27132e-12
6.92381e-12
7.62985e-12
8.39097e-12
9.20773e-12
1.00792e-11
1.10026e-11
1.19725e-11
1.29799e-11
1.40118e-11
1.50497e-11
1.60687e-11
1.7037e-11
1.79147e-11
1.86539e-11
1.91993e-11
1.94902e-11
1.94632e-11
1.90572e-11
1.82192e-11
1.69101e-11
1.51117e-11
1.28308e-11
1.01017e-11
6.98701e-12
3.57798e-12
-2.5387e-30
1.46213e-16
9.88523e-14
1.92877e-13
2.82422e-13
3.677e-13
4.48914e-13
5.26255e-13
5.9991e-13
6.70052e-13
7.3685e-13
8.00462e-13
8.6104e-13
9.18729e-13
9.73667e-13
1.02598e-12
1.07581e-12
1.12325e-12
1.16844e-12
1.21146e-12
1.25244e-12
1.29146e-12
1.32862e-12
1.36401e-12
1.39771e-12
1.4298e-12
1.46037e-12
1.48947e-12
1.51719e-12
1.54359e-12
1.56873e-12
1.59267e-12
1.61547e-12
1.86646e-12
2.14234e-12
2.44552e-12
2.77861e-12
3.14446e-12
3.54614e-12
3.98696e-12
4.47046e-12
5.00041e-12
5.5808e-12
6.21577e-12
6.9096e-12
7.66658e-12
8.49095e-12
9.38664e-12
1.03571e-11
1.14051e-11
1.25319e-11
1.37374e-11
1.50187e-11
1.63699e-11
1.77807e-11
1.92355e-11
2.07119e-11
2.21793e-11
2.35981e-11
2.49182e-11
2.60789e-11
2.70096e-11
2.7632e-11
2.78631e-11
2.76215e-11
2.68341e-11
2.54443e-11
2.34195e-11
2.07571e-11
1.74873e-11
1.36724e-11
9.40337e-12
4.79677e-12
-3.09617e-30
2.10604e-16
1.42382e-13
2.77812e-13
4.06788e-13
5.29617e-13
6.46591e-13
7.57987e-13
8.64072e-13
9.65097e-13
1.0613e-12
1.15292e-12
1.24017e-12
1.32326e-12
1.40238e-12
1.47773e-12
1.54948e-12
1.61781e-12
1.68288e-12
1.74484e-12
1.80385e-12
1.86005e-12
1.91356e-12
1.96452e-12
2.01306e-12
2.05927e-12
2.10328e-12
2.1452e-12
2.18511e-12
2.22312e-12
2.25932e-12
2.29379e-12
2.32662e-12
2.68801e-12
3.0852e-12
3.52163e-12
4.00103e-12
4.52746e-12
5.10529e-12
5.73921e-12
6.43421e-12
7.19558e-12
8.02888e-12
8.93982e-12
9.93423e-12
1.10179e-11
1.21962e-11
1.34742e-11
1.48559e-11
1.63437e-11
1.79383e-11
1.96372e-11
2.14338e-11
2.33167e-11
2.52674e-11
2.72594e-11
2.92561e-11
3.12094e-11
3.30581e-11
3.47281e-11
3.61323e-11
3.71734e-11
3.77481e-11
3.77538e-11
3.70973e-11
3.57044e-11
3.35295e-11
3.05626e-11
2.6833e-11
2.24073e-11
1.73832e-11
1.18805e-11
6.03456e-12
-3.54145e-30
2.96497e-16
2.00444e-13
3.91099e-13
5.72668e-13
7.45582e-13
9.10252e-13
1.06707e-12
1.21641e-12
1.35862e-12
1.49405e-12
1.62302e-12
1.74583e-12
1.86279e-12
1.97416e-12
2.08022e-12
2.18121e-12
2.27739e-12
2.36898e-12
2.4562e-12
2.53925e-12
2.61834e-12
2.69366e-12
2.76539e-12
2.83369e-12
2.89873e-12
2.96067e-12
3.01966e-12
3.07583e-12
3.12933e-12
3.18027e-12
3.22878e-12
3.27498e-12
3.78352e-12
4.34236e-12
4.95629e-12
5.63052e-12
6.3707e-12
7.18285e-12
8.07344e-12
9.04933e-12
1.01177e-11
1.12861e-11
1.2562e-11
1.39531e-11
1.54667e-11
1.71095e-11
1.88872e-11
2.08036e-11
2.28603e-11
2.50551e-11
2.73812e-11
2.98253e-11
3.23662e-11
3.49725e-11
3.76005e-11
4.01923e-11
4.26744e-11
4.49568e-11
4.69336e-11
4.84863e-11
4.94885e-11
4.98144e-11
4.93491e-11
4.80003e-11
4.571e-11
4.24636e-11
3.82932e-11
3.32761e-11
2.75256e-11
2.11782e-11
1.4379e-11
7.27127e-12
-3.87938e-30
4.11575e-16
2.78229e-13
5.42869e-13
7.94896e-13
1.03491e-12
1.26347e-12
1.48114e-12
1.68842e-12
1.8858e-12
2.07377e-12
2.25277e-12
2.42322e-12
2.58554e-12
2.74011e-12
2.8873e-12
3.02746e-12
3.16093e-12
3.28803e-12
3.40906e-12
3.52432e-12
3.63407e-12
3.73858e-12
3.83811e-12
3.93289e-12
4.02314e-12
4.10909e-12
4.19093e-12
4.26887e-12
4.34309e-12
4.41377e-12
4.48108e-12
4.54518e-12
5.25069e-12
6.02583e-12
6.8772e-12
7.81194e-12
8.83773e-12
9.96278e-12
1.11958e-11
1.25461e-11
1.4023e-11
1.56365e-11
1.73964e-11
1.93121e-11
2.13926e-11
2.36454e-11
2.6076e-11
2.86872e-11
3.14773e-11
3.44388e-11
3.75568e-11
4.08064e-11
4.41503e-11
4.75365e-11
5.08957e-11
5.41392e-11
5.71582e-11
5.98249e-11
6.19954e-11
6.35165e-11
6.42354e-11
6.40123e-11
6.27354e-11
6.03343e-11
5.67912e-11
5.21458e-11
4.64923e-11
3.99689e-11
3.27407e-11
2.49802e-11
1.6848e-11
8.48217e-12
-4.11428e-30
5.66057e-16
3.82639e-13
7.46587e-13
1.09319e-12
1.42326e-12
1.73759e-12
2.03691e-12
2.32196e-12
2.59339e-12
2.85187e-12
3.09801e-12
3.33239e-12
3.55558e-12
3.76811e-12
3.97049e-12
4.1632e-12
4.34671e-12
4.52145e-12
4.68785e-12
4.84631e-12
4.99719e-12
5.14087e-12
5.27769e-12
5.40798e-12
5.53205e-12
5.65019e-12
5.7627e-12
5.86983e-12
5.97185e-12
6.069e-12
6.16152e-12
6.24962e-12
7.21923e-12
8.2843e-12
9.45379e-12
1.07374e-11
1.21453e-11
1.36887e-11
1.53791e-11
1.72286e-11
1.92496e-11
2.14546e-11
2.38559e-11
2.64648e-11
2.92913e-11
3.2343e-11
3.56239e-11
3.91329e-11
4.28621e-11
4.6794e-11
5.08994e-11
5.51342e-11
5.9436e-11
6.37214e-11
6.78837e-11
7.17913e-11
7.52895e-11
7.82041e-11
8.03496e-11
8.1541e-11
8.16095e-11
8.04202e-11
7.78896e-11
7.39981e-11
6.87968e-11
6.24037e-11
5.49909e-11
4.67637e-11
3.79359e-11
2.87059e-11
1.92361e-11
9.64307e-12
-4.25274e-30
7.73648e-16
5.22927e-13
1.02031e-12
1.49398e-12
1.94505e-12
2.3746e-12
2.78365e-12
3.17317e-12
3.54408e-12
3.89728e-12
4.2336e-12
4.55385e-12
4.85881e-12
5.14918e-12
5.42569e-12
5.68898e-12
5.93968e-12
6.17841e-12
6.40573e-12
6.62219e-12
6.8283e-12
7.02457e-12
7.21146e-12
7.38943e-12
7.55889e-12
7.72026e-12
7.87392e-12
8.02024e-12
8.15958e-12
8.29226e-12
8.41861e-12
8.53893e-12
9.86293e-12
1.13169e-11
1.29128e-11
1.46637e-11
1.65833e-11
1.8686e-11
2.09871e-11
2.35022e-11
2.62471e-11
2.92371e-11
3.24869e-11
3.60094e-11
3.98144e-11
4.39078e-11
4.82891e-11
5.29494e-11
5.78688e-11
6.30124e-11
6.83277e-11
7.37396e-11
7.91476e-11
8.44226e-11
8.94054e-11
9.39084e-11
9.77204e-11
1.00617e-10
1.02373e-10
1.02785e-10
1.01692e-10
9.89941e-11
9.46713e-11
8.87901e-11
8.14995e-11
7.3015e-11
6.35934e-11
5.35036e-11
4.2996e-11
3.22785e-11
2.14981e-11
1.07337e-11
-4.30422e-30
1.05283e-15
7.1157e-13
1.38837e-12
2.0329e-12
2.64668e-12
3.23116e-12
3.78772e-12
4.3177e-12
4.82235e-12
5.30288e-12
5.76044e-12
6.19612e-12
6.61097e-12
7.00598e-12
7.38211e-12
7.74024e-12
8.08126e-12
8.40596e-12
8.71514e-12
9.00953e-12
9.28985e-12
9.55676e-12
9.81092e-12
1.00529e-11
1.02834e-11
1.05028e-11
1.07117e-11
1.09107e-11
1.11001e-11
1.12805e-11
1.14523e-11
1.16159e-11
1.34157e-11
1.53915e-11
1.75593e-11
1.99363e-11
2.25406e-11
2.5391e-11
2.85072e-11
3.19088e-11
3.56153e-11
3.96451e-11
4.40146e-11
4.87366e-11
5.3819e-11
5.92622e-11
6.50563e-11
7.11777e-11
7.75853e-11
8.42155e-11
9.09782e-11
9.77516e-11
1.04379e-10
1.10667e-10
1.16389e-10
1.21286e-10
1.25087e-10
1.27519e-10
1.28336e-10
1.27342e-10
1.24422e-10
1.19554e-10
1.12825e-10
1.04424e-10
9.46185e-11
8.37317e-11
7.20999e-11
6.00401e-11
4.78198e-11
3.56351e-11
2.35993e-11
1.17392e-11
-2.35272e-30
1.07857e-15
7.28966e-13
1.42232e-12
2.0826e-12
2.71138e-12
3.31014e-12
3.88031e-12
4.42324e-12
4.94022e-12
5.43249e-12
5.90123e-12
6.34755e-12
6.77253e-12
7.17719e-12
7.5625e-12
7.92938e-12
8.27872e-12
8.61135e-12
8.92807e-12
9.22965e-12
9.5168e-12
9.79023e-12
1.00506e-11
1.02985e-11
1.05346e-11
1.07593e-11
1.09734e-11
1.11772e-11
1.13712e-11
1.1556e-11
1.1732e-11
1.18996e-11
1.37432e-11
1.5767e-11
1.79875e-11
2.04221e-11
2.30894e-11
2.60086e-11
2.91996e-11
3.26825e-11
3.6477e-11
4.06019e-11
4.50734e-11
4.99046e-11
5.51028e-11
6.06677e-11
6.65886e-11
7.28402e-11
7.93792e-11
8.61393e-11
9.30263e-11
9.99141e-11
1.06641e-10
1.13007e-10
1.18779e-10
1.23694e-10
1.27474e-10
1.29844e-10
1.30557e-10
1.2942e-10
1.26323e-10
1.21253e-10
1.14306e-10
1.05683e-10
9.56626e-11
8.45744e-11
7.27614e-11
6.05434e-11
4.81879e-11
3.58893e-11
2.37575e-11
1.18146e-11
-3.6088e-31
1.4281e-15
9.65104e-13
1.88305e-12
2.7572e-12
3.58963e-12
4.3823e-12
5.1371e-12
5.85581e-12
6.54016e-12
7.19177e-12
7.81221e-12
8.40296e-12
8.96544e-12
9.501e-12
1.00109e-11
1.04965e-11
1.09587e-11
1.13989e-11
1.1818e-11
1.2217e-11
1.2597e-11
1.29587e-11
1.33032e-11
1.36312e-11
1.39435e-11
1.42408e-11
1.4524e-11
1.47936e-11
1.50503e-11
1.52947e-11
1.55274e-11
1.57491e-11
1.81871e-11
2.08624e-11
2.37962e-11
2.70111e-11
3.05305e-11
3.43787e-11
3.85803e-11
4.31597e-11
4.814e-11
5.35418e-11
5.93818e-11
6.56703e-11
7.24087e-11
7.95859e-11
8.71743e-11
9.51244e-11
1.0336e-10
1.11772e-10
1.20212e-10
1.2849e-10
1.36371e-10
1.43576e-10
1.49795e-10
1.54693e-10
1.57939e-10
1.59236e-10
1.58347e-10
1.55133e-10
1.49575e-10
1.41784e-10
1.31998e-10
1.20552e-10
1.07848e-10
9.43063e-11
8.0326e-11
6.62471e-11
5.23278e-11
3.87305e-11
2.55172e-11
1.26507e-11
-3.99076e-31
1.93344e-15
1.30644e-12
2.54902e-12
3.73231e-12
4.85909e-12
5.93202e-12
6.95365e-12
7.9264e-12
8.85259e-12
9.73444e-12
1.05741e-11
1.13735e-11
1.21346e-11
1.28592e-11
1.35492e-11
1.4206e-11
1.48314e-11
1.54269e-11
1.59938e-11
1.65336e-11
1.70475e-11
1.75368e-11
1.80026e-11
1.84462e-11
1.88685e-11
1.92706e-11
1.96534e-11
2.0018e-11
2.03651e-11
2.06955e-11
2.10102e-11
2.13098e-11
2.46051e-11
2.82192e-11
3.21801e-11
3.6517e-11
4.12599e-11
4.64396e-11
5.20862e-11
5.82289e-11
6.48934e-11
7.2101e-11
7.98652e-11
8.81886e-11
9.70587e-11
1.06443e-10
1.16281e-10
1.26481e-10
1.36911e-10
1.47391e-10
1.57688e-10
1.67516e-10
1.76535e-10
1.84363e-10
1.90595e-10
1.94826e-10
1.96694e-10
1.95912e-10
1.92315e-10
1.85884e-10
1.76763e-10
1.65248e-10
1.5176e-10
1.36796e-10
1.20881e-10
1.04511e-10
8.81162e-11
7.20272e-11
5.64653e-11
4.15375e-11
2.72404e-11
1.34648e-11
-4.02883e-31
2.61487e-15
1.7666e-12
3.44684e-12
5.04686e-12
6.57043e-12
8.02112e-12
9.40239e-12
1.07175e-11
1.19696e-11
1.31617e-11
1.42967e-11
1.53772e-11
1.64059e-11
1.73853e-11
1.83176e-11
1.92053e-11
2.00503e-11
2.08548e-11
2.16208e-11
2.235e-11
2.30442e-11
2.37051e-11
2.43344e-11
2.49334e-11
2.55038e-11
2.60468e-11
2.65638e-11
2.70561e-11
2.75248e-11
2.7971e-11
2.83958e-11
2.88004e-11
3.32479e-11
3.81228e-11
4.34614e-11
4.9301e-11
5.56795e-11
6.26348e-11
7.02029e-11
7.84163e-11
8.73018e-11
9.68769e-11
1.07146e-10
1.18094e-10
1.29682e-10
1.41839e-10
1.54452e-10
1.6736e-10
1.80343e-10
1.93118e-10
2.05333e-10
2.16573e-10
2.26371e-10
2.34229e-10
2.39655e-10
2.42205e-10
2.41532e-10
2.37439e-10
2.29908e-10
2.19122e-10
2.05453e-10
1.89422e-10
1.71649e-10
1.52783e-10
1.33441e-10
1.14158e-10
9.53532e-11
7.73153e-11
6.02015e-11
4.40455e-11
2.87676e-11
1.41825e-11
-2.34148e-31
2.76284e-15
1.86651e-12
3.64177e-12
5.33227e-12
6.94197e-12
8.47468e-12
9.93402e-12
1.13235e-11
1.26463e-11
1.39058e-11
1.51048e-11
1.62463e-11
1.73331e-11
1.83677e-11
1.93527e-11
2.02904e-11
2.11831e-11
2.2033e-11
2.28421e-11
2.36124e-11
2.43457e-11
2.50439e-11
2.57086e-11
2.63414e-11
2.69438e-11
2.75174e-11
2.80635e-11
2.85835e-11
2.90785e-11
2.95498e-11
2.99985e-11
3.04258e-11
3.5123e-11
4.02711e-11
4.59078e-11
5.20722e-11
5.8804e-11
6.61421e-11
7.41237e-11
8.27817e-11
9.21426e-11
1.02222e-10
1.13023e-10
1.24525e-10
1.36682e-10
1.49414e-10
1.62595e-10
1.76048e-10
1.89532e-10
2.02742e-10
2.15299e-10
2.26762e-10
2.36638e-10
2.44408e-10
2.49567e-10
2.51668e-10
2.50379e-10
2.45525e-10
2.37128e-10
2.25416e-10
2.10808e-10
1.93872e-10
1.75261e-10
1.55649e-10
1.35666e-10
1.15849e-10
9.66093e-11
7.82254e-11
6.08399e-11
4.44716e-11
2.90259e-11
1.43035e-11
-1.10598e-31
3.53235e-15
2.38599e-12
4.6553e-12
6.81622e-12
8.8738e-12
1.08329e-11
1.26981e-11
1.44739e-11
1.61645e-11
1.7774e-11
1.93062e-11
2.07648e-11
2.21533e-11
2.34752e-11
2.47335e-11
2.59314e-11
2.70717e-11
2.81572e-11
2.91906e-11
3.01743e-11
3.11108e-11
3.20023e-11
3.28511e-11
3.3659e-11
3.44282e-11
3.51605e-11
3.58576e-11
3.65213e-11
3.71532e-11
3.77548e-11
3.83275e-11
3.88728e-11
4.4866e-11
5.14303e-11
5.86121e-11
6.64586e-11
7.50166e-11
8.43312e-11
9.44432e-11
1.05386e-10
1.17183e-10
1.2984e-10
1.4334e-10
1.57637e-10
1.72644e-10
1.88226e-10
2.04185e-10
2.20253e-10
2.36082e-10
2.51241e-10
2.65221e-10
2.77449e-10
2.87313e-10
2.94208e-10
2.97592e-10
2.97043e-10
2.92321e-10
2.83412e-10
2.70549e-10
2.54197e-10
2.35006e-10
2.13743e-10
1.91212e-10
1.68177e-10
1.453e-10
1.23106e-10
1.01961e-10
8.20778e-11
6.35277e-11
4.62574e-11
3.01049e-11
1.48081e-11
-1.63989e-31
4.77107e-15
3.22195e-12
6.28628e-12
9.20415e-12
1.19824e-11
1.46274e-11
1.71456e-11
1.95429e-11
2.1825e-11
2.39973e-11
2.60652e-11
2.80337e-11
2.99073e-11
3.16908e-11
3.33885e-11
3.50044e-11
3.65425e-11
3.80066e-11
3.94003e-11
4.07268e-11
4.19895e-11
4.31915e-11
4.43357e-11
4.54248e-11
4.64616e-11
4.74486e-11
4.83881e-11
4.92825e-11
5.01339e-11
5.09445e-11
5.17161e-11
5.24507e-11
6.05211e-11
6.93525e-11
7.90035e-11
8.95324e-11
1.00995e-10
1.13443e-10
1.26919e-10
1.41451e-10
1.57049e-10
1.73694e-10
1.9133e-10
2.09852e-10
2.29096e-10
2.48819e-10
2.68693e-10
2.88292e-10
3.07086e-10
3.24449e-10
3.39674e-10
3.52011e-10
3.60716e-10
3.65122e-10
3.64713e-10
3.59199e-10
3.48571e-10
3.33123e-10
3.13437e-10
2.90321e-10
2.64728e-10
2.37651e-10
2.10035e-10
1.82697e-10
1.56287e-10
1.31263e-10
1.079e-10
8.63074e-11
6.64519e-11
4.81861e-11
3.12639e-11
1.53481e-11
-1.71172e-31
6.4472e-15
4.3526e-12
8.49217e-12
1.24337e-11
1.61864e-11
1.9759e-11
2.316e-11
2.63974e-11
2.94789e-11
3.2412e-11
3.52037e-11
3.78608e-11
4.03897e-11
4.27967e-11
4.50875e-11
4.72678e-11
4.93429e-11
5.13178e-11
5.31975e-11
5.49865e-11
5.66893e-11
5.83099e-11
5.98525e-11
6.13207e-11
6.27181e-11
6.40483e-11
6.53144e-11
6.65196e-11
6.76668e-11
6.87588e-11
6.97983e-11
7.07878e-11
8.16529e-11
9.35293e-11
1.06489e-10
1.20603e-10
1.35935e-10
1.52538e-10
1.70449e-10
1.89682e-10
2.10214e-10
2.31979e-10
2.5485e-10
2.78624e-10
3.03007e-10
3.27593e-10
3.51859e-10
3.75153e-10
3.96703e-10
4.15637e-10
4.3103e-10
4.41967e-10
4.47625e-10
4.47373e-10
4.40861e-10
4.28085e-10
4.0942e-10
3.85591e-10
3.57605e-10
3.26642e-10
2.93933e-10
2.60641e-10
2.27776e-10
1.96137e-10
1.66292e-10
1.38586e-10
1.13166e-10
9.00178e-11
6.89947e-11
4.98515e-11
3.22594e-11
1.58103e-11
-1.60332e-31
8.71799e-15
5.88356e-12
1.1479e-11
1.68065e-11
2.18784e-11
2.67065e-11
3.13022e-11
3.56764e-11
3.98395e-11
4.38015e-11
4.75721e-11
5.11604e-11
5.45751e-11
5.78247e-11
6.0917e-11
6.38597e-11
6.666e-11
6.93248e-11
7.18606e-11
7.42739e-11
7.65704e-11
7.87559e-11
8.08358e-11
8.28152e-11
8.4699e-11
8.64919e-11
8.81983e-11
8.98223e-11
9.1368e-11
9.28392e-11
9.42395e-11
9.55723e-11
1.10197e-10
1.26162e-10
1.43553e-10
1.62451e-10
1.82923e-10
2.05017e-10
2.2875e-10
2.54099e-10
2.80983e-10
3.09247e-10
3.38644e-10
3.6881e-10
3.99249e-10
4.29314e-10
4.582e-10
4.84953e-10
5.08496e-10
5.27686e-10
5.41391e-10
5.48598e-10
5.48533e-10
5.40769e-10
5.25315e-10
5.02643e-10
4.73663e-10
4.39631e-10
4.0201e-10
3.62322e-10
3.22004e-10
2.82297e-10
2.44185e-10
2.08364e-10
1.75263e-10
1.4507e-10
1.17779e-10
9.32381e-11
7.11851e-11
5.12775e-11
3.3108e-11
1.62033e-11
-1.49407e-31
1.17992e-14
7.95954e-12
1.5529e-11
2.27356e-11
2.95959e-11
3.61257e-11
4.23405e-11
4.82549e-11
5.38831e-11
5.92386e-11
6.43346e-11
6.91833e-11
7.37968e-11
7.81863e-11
8.23626e-11
8.63362e-11
9.01168e-11
9.37139e-11
9.71364e-11
1.00393e-10
1.03491e-10
1.06439e-10
1.09244e-10
1.11914e-10
1.14454e-10
1.16871e-10
1.1917e-10
1.21359e-10
1.23442e-10
1.25424e-10
1.27311e-10
1.29106e-10
1.4879e-10
1.7024e-10
1.93557e-10
2.18827e-10
2.4611e-10
2.75431e-10
3.06762e-10
3.40007e-10
3.74977e-10
4.1137e-10
4.48737e-10
4.86468e-10
5.23761e-10
5.59621e-10
5.92865e-10
6.22161e-10
6.4609e-10
6.6325e-10
6.7239e-10
6.72556e-10
6.6323e-10
6.44435e-10
6.16774e-10
5.81388e-10
5.39843e-10
4.93959e-10
4.45622e-10
3.96603e-10
3.48433e-10
3.02314e-10
2.59102e-10
2.19319e-10
1.83199e-10
1.50742e-10
1.21777e-10
9.60074e-11
7.30566e-11
5.24897e-11
3.38266e-11
1.65352e-11
-1.38629e-31
1.59875e-14
1.07791e-11
2.10296e-11
3.0788e-11
4.00764e-11
4.89164e-11
5.73285e-11
6.53328e-11
7.29484e-11
8.01937e-11
8.70864e-11
9.36435e-11
9.9881e-11
1.05814e-10
1.11459e-10
1.16827e-10
1.21935e-10
1.26793e-10
1.31414e-10
1.3581e-10
1.39992e-10
1.4397e-10
1.47755e-10
1.51356e-10
1.54781e-10
1.5804e-10
1.61141e-10
1.64091e-10
1.66898e-10
1.69569e-10
1.7211e-10
1.74529e-10
2.01018e-10
2.29824e-10
2.61056e-10
2.94791e-10
3.31064e-10
3.69845e-10
4.11016e-10
4.5435e-10
4.99473e-10
5.45834e-10
5.92677e-10
6.39011e-10
6.83599e-10
7.24974e-10
7.61479e-10
7.91349e-10
8.12846e-10
8.24416e-10
8.24882e-10
8.13614e-10
7.90656e-10
7.56777e-10
7.13413e-10
6.62523e-10
6.06376e-10
5.47308e-10
4.8751e-10
4.28864e-10
3.72846e-10
3.20499e-10
2.72457e-10
2.29001e-10
1.90135e-10
1.55653e-10
1.2521e-10
9.83697e-11
7.46443e-11
5.35136e-11
3.44317e-11
1.68141e-11
-1.28171e-31
2.16917e-14
1.46156e-11
2.85136e-11
4.17432e-11
5.43341e-11
6.63152e-11
7.77145e-11
8.85589e-11
9.88744e-11
1.08686e-10
1.18018e-10
1.26893e-10
1.35334e-10
1.43361e-10
1.50995e-10
1.58254e-10
1.65158e-10
1.71723e-10
1.77967e-10
1.83904e-10
1.89551e-10
1.94922e-10
2.0003e-10
2.04889e-10
2.0951e-10
2.13906e-10
2.18087e-10
2.22064e-10
2.25847e-10
2.29447e-10
2.32871e-10
2.36129e-10
2.71768e-10
3.10427e-10
3.52207e-10
3.97153e-10
4.45234e-10
4.96311e-10
5.50105e-10
6.06156e-10
6.63786e-10
7.22057e-10
7.79737e-10
8.35291e-10
8.8689e-10
9.32468e-10
9.69825e-10
9.96794e-10
1.01144e-09
1.01232e-09
9.98639e-10
9.70492e-10
9.28854e-10
8.75541e-10
8.13011e-10
7.44094e-10
6.71696e-10
5.98529e-10
5.2691e-10
4.58647e-10
3.9501e-10
3.36765e-10
2.84248e-10
2.37455e-10
1.96133e-10
1.59865e-10
1.28135e-10
1.00371e-10
7.59832e-11
5.4374e-11
3.49388e-11
1.70474e-11
-1.1815e-31
2.94773e-14
1.98456e-11
3.87155e-11
5.6676e-11
7.37668e-11
9.00267e-11
1.05494e-10
1.20204e-10
1.34193e-10
1.47496e-10
1.60144e-10
1.72169e-10
1.83602e-10
1.94471e-10
2.04804e-10
2.14627e-10
2.23966e-10
2.32844e-10
2.41285e-10
2.49309e-10
2.56939e-10
2.64192e-10
2.71089e-10
2.77647e-10
2.83883e-10
2.89813e-10
2.95452e-10
3.00814e-10
3.05914e-10
3.10765e-10
3.15378e-10
3.19766e-10
3.67701e-10
4.19534e-10
4.75331e-10
5.35057e-10
5.98548e-10
6.65463e-10
7.35239e-10
8.07036e-10
8.79688e-10
9.51666e-10
1.02105e-09
1.08556e-09
1.14261e-09
1.18945e-09
1.22337e-09
1.24195e-09
1.24339e-09
1.22674e-09
1.19211e-09
1.14078e-09
1.07504e-09
9.97981e-10
9.13148e-10
8.24164e-10
7.3439e-10
6.46683e-10
5.63259e-10
4.85664e-10
4.14819e-10
3.51116e-10
2.94535e-10
2.44758e-10
2.01273e-10
1.6345e-10
1.30609e-10
1.02056e-10
7.71063e-11
5.50935e-11
3.53619e-11
1.72418e-11
-1.08645e-31
4.01281e-14
2.69898e-11
5.26509e-11
7.70717e-11
1.00306e-10
1.22405e-10
1.43421e-10
1.63403e-10
1.82399e-10
2.00456e-10
2.17618e-10
2.33929e-10
2.49431e-10
2.64162e-10
2.78162e-10
2.91465e-10
3.04107e-10
3.16121e-10
3.27539e-10
3.38389e-10
3.48701e-10
3.58501e-10
3.67817e-10
3.7667e-10
3.85086e-10
3.93087e-10
4.00692e-10
4.07922e-10
4.14796e-10
4.21332e-10
4.27546e-10
4.33456e-10
4.97889e-10
5.67296e-10
6.41645e-10
7.20743e-10
8.04173e-10
8.91244e-10
9.80915e-10
1.07174e-09
1.1618e-09
1.24871e-09
1.3296e-09
1.40123e-09
1.46014e-09
1.50294e-09
1.52659e-09
1.52884e-09
1.50851e-09
1.46581e-09
1.40234e-09
1.32104e-09
1.22581e-09
1.12109e-09
1.01143e-09
9.00985e-10
7.93295e-10
6.91076e-10
5.96207e-10
5.0979e-10
4.32278e-10
3.63622e-10
3.03413e-10
2.5101e-10
2.05642e-10
1.6648e-10
1.32691e-10
1.03468e-10
7.8044e-11
5.56927e-11
3.57136e-11
1.74033e-11
-9.97011e-32
5.4735e-14
3.67702e-11
7.17266e-11
1.04988e-10
1.36626e-10
1.6671e-10
1.95309e-10
2.22491e-10
2.48322e-10
2.72866e-10
2.96183e-10
3.18333e-10
3.39374e-10
3.5936e-10
3.78343e-10
3.96373e-10
4.13499e-10
4.29766e-10
4.45218e-10
4.59895e-10
4.73837e-10
4.87082e-10
4.99665e-10
5.1162e-10
5.22979e-10
5.33771e-10
5.44027e-10
5.53773e-10
5.63035e-10
5.71839e-10
5.80206e-10
5.8816e-10
6.74689e-10
7.67458e-10
8.66237e-10
9.70523e-10
1.07947e-09
1.19177e-09
1.30564e-09
1.41869e-09
1.5279e-09
1.62967e-09
1.71993e-09
1.79432e-09
1.84853e-09
1.87878e-09
1.8822e-09
1.85737e-09
1.80457e-09
1.72589e-09
1.62506e-09
1.50703e-09
1.37742e-09
1.2419e-09
1.10568e-09
9.73118e-10
8.47559e-10
7.31281e-10
6.25601e-10
5.31033e-10
4.47478e-10
3.74405e-10
3.11005e-10
2.56319e-10
2.0933e-10
1.69025e-10
1.34432e-10
1.04645e-10
7.88238e-11
5.61899e-11
3.6005e-11
1.75369e-11
-9.13397e-32
7.48204e-14
5.01894e-11
9.78975e-11
1.43283e-10
1.86441e-10
2.27465e-10
2.66448e-10
3.03483e-10
3.38659e-10
3.72065e-10
4.03783e-10
4.33898e-10
4.62487e-10
4.89626e-10
5.15389e-10
5.39843e-10
5.63057e-10
5.85094e-10
6.06013e-10
6.25872e-10
6.44726e-10
6.62626e-10
6.79623e-10
6.95761e-10
7.11087e-10
7.25642e-10
7.39466e-10
7.52596e-10
7.65068e-10
7.76917e-10
7.88174e-10
7.9887e-10
9.14908e-10
1.03859e-09
1.16931e-09
1.30601e-09
1.4471e-09
1.59034e-09
1.73271e-09
1.87044e-09
1.99899e-09
2.11319e-09
2.20753e-09
2.27656e-09
2.31545e-09
2.32063e-09
2.29031e-09
2.22489e-09
2.12708e-09
2.00167e-09
1.85497e-09
1.69409e-09
1.52616e-09
1.3577e-09
1.19412e-09
1.03951e-09
8.96657e-10
7.67112e-10
6.51454e-10
5.49506e-10
4.60568e-10
3.83614e-10
3.17444e-10
2.60795e-10
2.12425e-10
1.71151e-10
1.35882e-10
1.05622e-10
7.94699e-11
5.66012e-11
3.62457e-11
1.76471e-11
-8.35632e-32
1.02517e-13
6.86446e-11
1.33886e-10
1.95935e-10
2.54918e-10
3.10961e-10
3.6419e-10
4.1473e-10
4.62704e-10
5.08234e-10
5.51435e-10
5.92423e-10
6.31306e-10
6.68191e-10
7.03178e-10
7.36365e-10
7.67845e-10
7.97705e-10
8.26031e-10
8.52902e-10
8.78394e-10
9.02581e-10
9.2553e-10
9.47306e-10
9.67972e-10
9.87585e-10
1.0062e-09
1.02387e-09
1.04065e-09
1.05658e-09
1.0717e-09
1.08607e-09
1.24136e-09
1.40569e-09
1.57776e-09
1.75561e-09
1.93641e-09
2.11641e-09
2.29081e-09
2.45388e-09
2.59905e-09
2.7193e-09
2.8077e-09
2.85809e-09
2.86591e-09
2.82894e-09
2.74774e-09
2.62584e-09
2.46941e-09
2.28653e-09
2.08624e-09
1.87757e-09
1.66867e-09
1.46628e-09
1.27545e-09
1.09952e-09
9.40362e-10
7.98589e-10
6.73908e-10
5.65395e-10
4.71734e-10
3.91415e-10
3.22865e-10
2.64546e-10
2.15007e-10
1.72919e-10
1.37084e-10
1.06431e-10
8.00034e-11
5.69403e-11
3.64439e-11
1.77379e-11
-7.63611e-32
1.40821e-13
9.40853e-11
1.8349e-10
2.68494e-10
3.49264e-10
4.25966e-10
4.98772e-10
5.67853e-10
6.33379e-10
6.95515e-10
7.54426e-10
8.10269e-10
8.63199e-10
9.13363e-10
9.60903e-10
1.00596e-09
1.04865e-09
1.08911e-09
1.12746e-09
1.16381e-09
1.19826e-09
1.23092e-09
1.26188e-09
1.29123e-09
1.31907e-09
1.34546e-09
1.3705e-09
1.39425e-09
1.41677e-09
1.43815e-09
1.45843e-09
1.47768e-09
1.6849e-09
1.90222e-09
2.12719e-09
2.35629e-09
2.58478e-09
2.8066e-09
3.01446e-09
3.19997e-09
3.35415e-09
3.4681e-09
3.53393e-09
3.5458e-09
3.50088e-09
3.39996e-09
3.24766e-09
3.05196e-09
2.82327e-09
2.57315e-09
2.31306e-09
2.05328e-09
1.80219e-09
1.56603e-09
1.34887e-09
1.15287e-09
9.78703e-10
8.25888e-10
6.93193e-10
5.78928e-10
4.81178e-10
3.97974e-10
3.27402e-10
2.67671e-10
2.17151e-10
1.74384e-10
1.38078e-10
1.07098e-10
8.04427e-11
5.72192e-11
3.66068e-11
1.78124e-11
-6.97138e-32
1.93956e-13
1.29238e-10
2.52018e-10
3.68713e-10
4.79535e-10
5.84709e-10
6.84466e-10
7.79039e-10
8.68663e-10
9.53569e-10
1.03398e-09
1.11013e-09
1.18223e-09
1.25048e-09
1.31509e-09
1.37626e-09
1.43415e-09
1.48896e-09
1.54085e-09
1.58997e-09
1.63648e-09
1.68052e-09
1.72223e-09
1.76174e-09
1.79916e-09
1.83462e-09
1.86821e-09
1.90005e-09
1.93022e-09
1.95883e-09
1.98595e-09
2.01166e-09
2.28707e-09
2.57271e-09
2.86419e-09
3.15551e-09
3.43901e-09
3.70536e-09
3.9438e-09
4.14278e-09
4.2908e-09
4.37766e-09
4.39579e-09
4.34155e-09
4.21603e-09
4.02529e-09
3.77972e-09
3.4928e-09
3.17942e-09
2.8542e-09
2.53014e-09
2.21775e-09
1.92471e-09
1.65596e-09
1.41405e-09
1.1996e-09
1.0119e-09
8.49297e-10
7.09593e-10
5.90357e-10
4.89107e-10
4.03454e-10
3.31176e-10
2.70262e-10
2.18925e-10
1.75592e-10
1.38896e-10
1.07646e-10
8.08034e-11
5.7448e-11
3.67403e-11
1.78735e-11
-6.35956e-32
2.67887e-13
1.77917e-10
3.46899e-10
5.07431e-10
6.59788e-10
8.04265e-10
9.41175e-10
1.07084e-09
1.19358e-09
1.30972e-09
1.41958e-09
1.52347e-09
1.62171e-09
1.71458e-09
1.80238e-09
1.88538e-09
1.96383e-09
2.038e-09
2.10812e-09
2.17442e-09
2.2371e-09
2.29639e-09
2.35246e-09
2.4055e-09
2.45568e-09
2.50316e-09
2.5481e-09
2.59064e-09
2.63091e-09
2.66905e-09
2.70517e-09
2.73938e-09
3.10345e-09
3.47584e-09
3.84902e-09
4.21321e-09
4.55646e-09
4.86493e-09
5.12361e-09
5.31756e-09
5.43345e-09
5.46138e-09
5.39656e-09
5.24046e-09
5.00105e-09
4.69194e-09
4.33073e-09
3.93668e-09
3.5286e-09
3.12301e-09
2.73313e-09
2.36847e-09
2.03501e-09
1.73567e-09
1.47104e-09
1.24e-09
1.04032e-09
8.69169e-10
7.23418e-10
5.99935e-10
4.95719e-10
4.08005e-10
3.343e-10
2.72401e-10
2.20385e-10
1.76585e-10
1.39567e-10
1.08095e-10
8.10986e-11
5.7635e-11
3.68495e-11
1.79234e-11
-5.79772e-32
3.71057e-13
2.45461e-10
4.7852e-10
6.998e-10
9.09649e-10
1.10845e-09
1.29663e-09
1.47463e-09
1.64289e-09
1.80188e-09
1.95204e-09
2.09382e-09
2.22766e-09
2.35399e-09
2.47321e-09
2.58572e-09
2.6919e-09
2.7921e-09
2.88667e-09
2.97594e-09
3.06021e-09
3.13978e-09
3.21491e-09
3.28588e-09
3.35291e-09
3.41625e-09
3.47611e-09
3.53269e-09
3.58618e-09
3.63677e-09
3.68461e-09
3.72988e-09
4.2077e-09
4.68804e-09
5.15843e-09
5.60352e-09
6.00536e-09
6.3444e-09
6.60102e-09
6.7576e-09
6.801e-09
6.72483e-09
6.53096e-09
6.22989e-09
5.83961e-09
5.38319e-09
4.88582e-09
4.37181e-09
3.86234e-09
3.3741e-09
2.91889e-09
2.50393e-09
2.13258e-09
1.80523e-09
1.52021e-09
1.27451e-09
1.0644e-09
8.85888e-10
7.34981e-10
6.07906e-10
5.012e-10
4.11765e-10
3.36874e-10
2.7416e-10
2.21582e-10
1.77398e-10
1.40116e-10
1.08462e-10
8.13396e-11
5.77877e-11
3.69384e-11
1.7964e-11
-5.28274e-32
5.15409e-13
3.39329e-10
6.61386e-10
9.6696e-10
1.25647e-09
1.53044e-09
1.7894e-09
2.03399e-09
2.26481e-09
2.48252e-09
2.68777e-09
2.88119e-09
3.06342e-09
3.23508e-09
3.39674e-09
3.54899e-09
3.69237e-09
3.82741e-09
3.9546e-09
4.07441e-09
4.18728e-09
4.29364e-09
4.39388e-09
4.48837e-09
4.57747e-09
4.66149e-09
4.74076e-09
4.81555e-09
4.88614e-09
4.95278e-09
5.01571e-09
5.07515e-09
5.69641e-09
6.30737e-09
6.88823e-09
7.41566e-09
7.86397e-09
8.20716e-09
8.42169e-09
8.48982e-09
8.40274e-09
8.16272e-09
7.78364e-09
7.28934e-09
6.71041e-09
6.08002e-09
5.42992e-09
4.78741e-09
4.17371e-09
3.60352e-09
3.08553e-09
2.62353e-09
2.21756e-09
1.86511e-09
1.56212e-09
1.30367e-09
1.08461e-09
8.99839e-10
7.44584e-10
6.145e-10
5.05719e-10
4.14856e-10
3.38985e-10
2.75599e-10
2.22561e-10
1.78062e-10
1.40563e-10
1.08761e-10
8.15358e-11
5.79118e-11
3.70108e-11
1.79971e-11
-4.81142e-32
7.17802e-13
4.69898e-10
9.15666e-10
1.33828e-09
1.73823e-09
2.11616e-09
2.47284e-09
2.80908e-09
3.12578e-09
3.42386e-09
3.70424e-09
3.96786e-09
4.21563e-09
4.44844e-09
4.66716e-09
4.87263e-09
5.06564e-09
5.24697e-09
5.41732e-09
5.57739e-09
5.72782e-09
5.86923e-09
6.00217e-09
6.1272e-09
6.24481e-09
6.35548e-09
6.45964e-09
6.55771e-09
6.65008e-09
6.73709e-09
6.8191e-09
6.89641e-09
7.69434e-09
8.45739e-09
9.15511e-09
9.75355e-09
1.02179e-08
1.05163e-08
1.06243e-08
1.05294e-08
1.02341e-08
9.75663e-09
9.1288e-09
8.39155e-09
7.58902e-09
6.76305e-09
5.94921e-09
5.17463e-09
4.45769e-09
3.80888e-09
3.23231e-09
2.72742e-09
2.29051e-09
1.91601e-09
1.59745e-09
1.32809e-09
1.10143e-09
9.11396e-10
7.52507e-10
6.19922e-10
5.09424e-10
4.17385e-10
3.40709e-10
2.76772e-10
2.23359e-10
1.78601e-10
1.40927e-10
1.09004e-10
8.16951e-11
5.80125e-11
3.70695e-11
1.80239e-11
-3.44568e-32
8.58945e-13
5.60359e-10
1.09179e-09
1.59536e-09
2.07161e-09
2.52126e-09
2.94519e-09
3.34439e-09
3.71994e-09
4.07294e-09
4.40452e-09
4.71584e-09
5.008e-09
5.28212e-09
5.53925e-09
5.78042e-09
6.00662e-09
6.21879e-09
6.41781e-09
6.60453e-09
6.77973e-09
6.94416e-09
7.09853e-09
7.24348e-09
7.37964e-09
7.50757e-09
7.62782e-09
7.74087e-09
7.84721e-09
7.94726e-09
8.04143e-09
8.13009e-09
9.03785e-09
9.89024e-09
1.06494e-08
1.12746e-08
1.17259e-08
1.19694e-08
1.19826e-08
1.17594e-08
1.13124e-08
1.0672e-08
9.88222e-09
8.99395e-09
8.05816e-09
7.12e-09
6.21536e-09
5.36969e-09
4.5986e-09
3.90945e-09
3.30339e-09
2.77726e-09
2.32524e-09
1.94008e-09
1.61406e-09
1.33952e-09
1.10927e-09
9.16766e-10
7.56179e-10
6.2243e-10
5.11135e-10
4.18551e-10
3.41503e-10
2.77312e-10
2.23725e-10
1.78849e-10
1.41094e-10
1.09115e-10
8.17681e-11
5.80587e-11
3.70963e-11
1.80361e-11
-3.9183e-31
1.00063e-12
6.5075e-10
1.26774e-09
1.85213e-09
2.40446e-09
2.92554e-09
3.41637e-09
3.8781e-09
4.31198e-09
4.71933e-09
5.10149e-09
5.45981e-09
5.79563e-09
6.11027e-09
6.405e-09
6.68104e-09
6.93958e-09
7.18172e-09
7.40852e-09
7.621e-09
7.82008e-09
8.00667e-09
8.18158e-09
8.3456e-09
8.49945e-09
8.64382e-09
8.77933e-09
8.90658e-09
9.02611e-09
9.13843e-09
9.24402e-09
9.34333e-09
1.03523e-08
1.12832e-08
1.20909e-08
1.27283e-08
1.31514e-08
1.33258e-08
1.32328e-08
1.28742e-08
1.22739e-08
1.14747e-08
1.0532e-08
9.50533e-09
8.45058e-09
7.41459e-09
6.43241e-09
5.52712e-09
4.7113e-09
3.98928e-09
3.35945e-09
2.81636e-09
2.35235e-09
1.9588e-09
1.62694e-09
1.34836e-09
1.11533e-09
9.20903e-10
7.59003e-10
6.24356e-10
5.12447e-10
4.19445e-10
3.42111e-10
2.77725e-10
2.24005e-10
1.79039e-10
1.41222e-10
1.092e-10
8.18239e-11
5.8094e-11
3.71169e-11
1.80455e-11
-1.15282e-30
1.39622e-12
9.01192e-10
1.75509e-09
2.56298e-09
3.3254e-09
4.04332e-09
4.71806e-09
5.35123e-09
5.9446e-09
6.50005e-09
7.01954e-09
7.50506e-09
7.95858e-09
8.38202e-09
8.77728e-09
9.14617e-09
9.49041e-09
9.81165e-09
1.01115e-08
1.03913e-08
1.06526e-08
1.08966e-08
1.11245e-08
1.13374e-08
1.15365e-08
1.17226e-08
1.18967e-08
1.20597e-08
1.22123e-08
1.23552e-08
1.24892e-08
1.26147e-08
1.38655e-08
1.4966e-08
1.5852e-08
1.64623e-08
1.67468e-08
1.66766e-08
1.62509e-08
1.55002e-08
1.44821e-08
1.32722e-08
1.19522e-08
1.05979e-08
9.27181e-09
8.01988e-09
6.87128e-09
5.84106e-09
4.93343e-09
4.14507e-09
3.46794e-09
2.89149e-09
2.40415e-09
1.9944e-09
1.65133e-09
1.36504e-09
1.12672e-09
9.28674e-10
7.64299e-10
6.27962e-10
5.14902e-10
4.21114e-10
3.43246e-10
2.78496e-10
2.24528e-10
1.79392e-10
1.41459e-10
1.09359e-10
8.19277e-11
5.81596e-11
3.71551e-11
1.8063e-11
-1.47556e-30
1.94932e-12
1.24758e-09
2.42884e-09
3.54507e-09
4.59665e-09
5.58473e-09
6.51105e-09
7.37782e-09
8.18756e-09
8.94301e-09
9.64703e-09
1.03025e-08
1.09124e-08
1.14796e-08
1.20068e-08
1.24968e-08
1.2952e-08
1.3375e-08
1.37681e-08
1.41334e-08
1.44729e-08
1.47885e-08
1.50821e-08
1.53552e-08
1.56094e-08
1.5846e-08
1.60665e-08
1.6272e-08
1.64635e-08
1.66422e-08
1.6809e-08
1.69648e-08
1.84765e-08
1.97219e-08
2.06143e-08
2.10802e-08
2.1073e-08
2.05855e-08
1.96548e-08
1.83584e-08
1.68006e-08
1.50948e-08
1.33456e-08
1.16381e-08
1.00332e-08
8.56811e-09
7.26088e-09
6.11504e-09
5.12451e-09
4.27747e-09
3.55923e-09
2.95418e-09
2.44708e-09
2.02372e-09
1.67134e-09
1.37867e-09
1.136e-09
9.34984e-10
7.6859e-10
6.30879e-10
5.16884e-10
4.22461e-10
3.4416e-10
2.79117e-10
2.24948e-10
1.79677e-10
1.41651e-10
1.09486e-10
8.20111e-11
5.82123e-11
3.71857e-11
1.8077e-11
-1.34247e-30
2.71606e-12
1.72262e-09
3.35239e-09
4.89039e-09
6.33661e-09
7.69231e-09
8.95977e-09
1.0142e-08
1.12427e-08
1.22657e-08
1.32152e-08
1.40956e-08
1.49111e-08
1.56659e-08
1.63642e-08
1.701e-08
1.76071e-08
1.8159e-08
1.86692e-08
1.91408e-08
1.95769e-08
1.99801e-08
2.03531e-08
2.06983e-08
2.10178e-08
2.13137e-08
2.15878e-08
2.1842e-08
2.20777e-08
2.22964e-08
2.24995e-08
2.26882e-08
2.4457e-08
2.57805e-08
2.65484e-08
2.66839e-08
2.61639e-08
2.50299e-08
2.33849e-08
2.13743e-08
1.91583e-08
1.68846e-08
1.46713e-08
1.26005e-08
1.07206e-08
9.05299e-09
7.59949e-09
6.3497e-09
5.28618e-09
4.38837e-09
3.63505e-09
3.00589e-09
2.48229e-09
2.04767e-09
1.68761e-09
1.38972e-09
1.1435e-09
9.40075e-10
7.72045e-10
6.33224e-10
5.18476e-10
4.23542e-10
3.44894e-10
2.79614e-10
2.25285e-10
1.79904e-10
1.41803e-10
1.09588e-10
8.20778e-11
5.82544e-11
3.72102e-11
1.80881e-11
-1.22119e-30
3.7721e-12
2.37087e-09
4.61219e-09
6.72443e-09
8.70684e-09
1.05607e-08
1.2289e-08
1.38958e-08
1.53862e-08
1.67659e-08
1.8041e-08
1.92177e-08
2.03023e-08
2.13011e-08
2.22201e-08
2.30652e-08
2.3842e-08
2.45557e-08
2.52114e-08
2.58138e-08
2.63671e-08
2.68754e-08
2.73425e-08
2.77718e-08
2.81665e-08
2.85296e-08
2.88636e-08
2.91711e-08
2.94543e-08
2.97153e-08
2.99559e-08
3.01779e-08
3.21588e-08
3.34243e-08
3.38461e-08
3.3367e-08
3.20244e-08
2.99517e-08
2.73525e-08
2.44572e-08
2.14797e-08
1.85881e-08
1.58961e-08
1.34672e-08
1.13265e-08
9.47263e-09
7.88817e-09
6.54729e-09
5.42094e-09
4.48003e-09
3.69728e-09
3.0481e-09
2.51089e-09
2.06704e-09
1.70073e-09
1.39861e-09
1.14952e-09
9.44157e-10
7.74812e-10
6.351e-10
5.19748e-10
4.24404e-10
3.45479e-10
2.8001e-10
2.25553e-10
1.80085e-10
1.41925e-10
1.09669e-10
8.21308e-11
5.82879e-11
3.72297e-11
1.8097e-11
-1.11072e-30
5.1849e-12
3.23326e-09
6.28774e-09
9.16283e-09
1.18566e-08
1.43701e-08
1.67072e-08
1.88733e-08
2.08755e-08
2.27216e-08
2.44205e-08
2.59808e-08
2.74118e-08
2.87223e-08
2.99213e-08
3.10171e-08
3.20178e-08
3.29311e-08
3.37643e-08
3.4524e-08
3.52167e-08
3.58481e-08
3.64236e-08
3.69481e-08
3.74263e-08
3.78623e-08
3.82599e-08
3.86226e-08
3.89535e-08
3.92556e-08
3.95315e-08
3.97836e-08
4.18747e-08
4.28579e-08
4.26042e-08
4.11199e-08
3.85638e-08
3.52184e-08
3.14224e-08
2.74951e-08
2.36856e-08
2.01564e-08
1.69936e-08
1.42265e-08
1.18474e-08
9.82796e-09
8.12955e-09
6.71082e-09
5.53153e-09
4.55474e-09
3.74773e-09
3.08215e-09
2.53388e-09
2.08257e-09
1.71122e-09
1.4057e-09
1.15432e-09
9.47403e-10
7.7701e-10
6.36589e-10
5.20757e-10
4.25088e-10
3.45942e-10
2.80324e-10
2.25766e-10
1.80229e-10
1.42021e-10
1.09733e-10
8.21728e-11
5.83144e-11
3.72451e-11
1.8104e-11
-1.01014e-30
6.80103e-12
4.21742e-09
8.19964e-09
1.19447e-08
1.54492e-08
1.8714e-08
2.17434e-08
2.45446e-08
2.71266e-08
2.95001e-08
3.16765e-08
3.36678e-08
3.54863e-08
3.7144e-08
3.8653e-08
4.00247e-08
4.12702e-08
4.24001e-08
4.34241e-08
4.43515e-08
4.51909e-08
4.59503e-08
4.6637e-08
4.72577e-08
4.78186e-08
4.83254e-08
4.87833e-08
4.91969e-08
4.95705e-08
4.99079e-08
5.02127e-08
5.0488e-08
5.25709e-08
5.30709e-08
5.18796e-08
4.91083e-08
4.50884e-08
4.02922e-08
3.52069e-08
3.02275e-08
2.56117e-08
2.14915e-08
1.79084e-08
1.48484e-08
1.22681e-08
1.01115e-08
8.32038e-09
6.83911e-09
5.61775e-09
4.61269e-09
3.78669e-09
3.10837e-09
2.55154e-09
2.09447e-09
1.71925e-09
1.41112e-09
1.15797e-09
9.49877e-10
7.78683e-10
6.37722e-10
5.21524e-10
4.25608e-10
3.46294e-10
2.80562e-10
2.25927e-10
1.80337e-10
1.42094e-10
1.09782e-10
8.22046e-11
5.83344e-11
3.72568e-11
1.81093e-11
-9.18585e-31
8.04952e-12
4.97655e-09
9.67431e-09
1.40902e-08
1.82196e-08
2.20631e-08
2.56256e-08
2.89153e-08
3.19431e-08
3.47214e-08
3.72639e-08
3.95851e-08
4.16996e-08
4.3622e-08
4.53668e-08
4.69479e-08
4.83786e-08
4.96716e-08
5.08389e-08
5.18917e-08
5.28403e-08
5.36943e-08
5.44627e-08
5.51535e-08
5.57743e-08
5.63318e-08
5.68322e-08
5.72812e-08
5.7684e-08
5.8045e-08
5.83685e-08
5.86584e-08
6.06935e-08
6.07716e-08
5.88062e-08
5.49996e-08
4.98267e-08
4.39124e-08
3.78575e-08
3.21073e-08
2.69156e-08
2.23828e-08
1.85119e-08
1.52547e-08
1.25407e-08
1.02942e-08
8.44263e-09
6.92095e-09
5.67255e-09
4.64943e-09
3.81134e-09
3.12493e-09
2.56267e-09
2.10196e-09
1.72429e-09
1.41452e-09
1.16027e-09
9.51429e-10
7.79733e-10
6.38432e-10
5.22005e-10
4.25933e-10
3.46514e-10
2.80712e-10
2.26028e-10
1.80405e-10
1.4214e-10
1.09812e-10
8.22245e-11
5.8347e-11
3.72641e-11
1.81127e-11
-8.35233e-31
8.25769e-12
5.10239e-09
9.91869e-09
1.44457e-08
1.86784e-08
2.26175e-08
2.6268e-08
2.96383e-08
3.27397e-08
3.55849e-08
3.81881e-08
4.0564e-08
4.27277e-08
4.46945e-08
4.64789e-08
4.80955e-08
4.95579e-08
5.08791e-08
5.20714e-08
5.31464e-08
5.41146e-08
5.4986e-08
5.57696e-08
5.64739e-08
5.71064e-08
5.76742e-08
5.81837e-08
5.86405e-08
5.905e-08
5.94168e-08
5.97454e-08
6.00395e-08
6.20907e-08
6.21293e-08
6.00668e-08
5.61125e-08
5.07579e-08
4.46512e-08
3.84163e-08
3.25137e-08
2.7203e-08
2.2582e-08
1.86482e-08
1.53472e-08
1.26032e-08
1.03362e-08
8.47088e-09
6.93991e-09
5.68528e-09
4.65797e-09
3.81708e-09
3.12878e-09
2.56526e-09
2.10371e-09
1.72547e-09
1.41532e-09
1.16081e-09
9.51791e-10
7.79978e-10
6.38598e-10
5.22117e-10
4.26009e-10
3.46566e-10
2.80747e-10
2.26052e-10
1.80421e-10
1.42151e-10
1.0982e-10
8.22292e-11
5.83499e-11
3.72658e-11
1.81135e-11
-7.59341e-31
7.1991e-12
4.45833e-09
8.66753e-09
1.26253e-08
1.63278e-08
1.97759e-08
2.29742e-08
2.59304e-08
2.86542e-08
3.11568e-08
3.34505e-08
3.55481e-08
3.74627e-08
3.92072e-08
4.07944e-08
4.22365e-08
4.35453e-08
4.47319e-08
4.58068e-08
4.67798e-08
4.766e-08
4.84558e-08
4.91749e-08
4.98247e-08
5.04114e-08
5.09412e-08
5.14195e-08
5.18513e-08
5.22409e-08
5.25926e-08
5.291e-08
5.31965e-08
5.53466e-08
5.58148e-08
5.44827e-08
5.14652e-08
4.71157e-08
4.19463e-08
3.64913e-08
3.11839e-08
2.63012e-08
2.19771e-08
1.82449e-08
1.50791e-08
1.24251e-08
1.02179e-08
8.39222e-09
6.88754e-09
5.65036e-09
4.63464e-09
3.80147e-09
3.11833e-09
2.55824e-09
2.09899e-09
1.7223e-09
1.41318e-09
1.15937e-09
9.50817e-10
7.7932e-10
6.38153e-10
5.21816e-10
4.25805e-10
3.46428e-10
2.80653e-10
2.25989e-10
1.80379e-10
1.42122e-10
1.09801e-10
8.22168e-11
5.83422e-11
3.72613e-11
1.81114e-11
-3.61422e-31
5.71462e-12
3.55637e-09
6.91548e-09
1.00764e-08
1.30366e-08
1.57975e-08
1.83629e-08
2.0739e-08
2.29337e-08
2.49558e-08
2.6815e-08
2.85212e-08
3.00844e-08
3.15148e-08
3.2822e-08
3.40155e-08
3.51044e-08
3.60971e-08
3.70017e-08
3.78257e-08
3.8576e-08
3.92591e-08
3.98809e-08
4.04469e-08
4.09623e-08
4.14315e-08
4.18587e-08
4.22479e-08
4.26025e-08
4.29256e-08
4.32203e-08
4.3489e-08
4.56892e-08
4.66496e-08
4.6228e-08
4.44346e-08
4.1455e-08
3.76199e-08
3.33257e-08
2.89426e-08
2.47501e-08
2.09194e-08
1.75304e-08
1.45991e-08
1.21036e-08
1.00029e-08
8.24851e-09
6.79145e-09
5.58607e-09
4.59159e-09
3.7726e-09
3.09895e-09
2.54522e-09
2.09023e-09
1.7164e-09
1.4092e-09
1.15668e-09
9.49003e-10
7.78093e-10
6.37322e-10
5.21254e-10
4.25425e-10
3.4617e-10
2.80479e-10
2.25871e-10
1.80299e-10
1.42069e-10
1.09765e-10
8.21937e-11
5.83276e-11
3.72528e-11
1.81076e-11
3.19894e-34
4.47782e-12
2.804e-09
5.45393e-09
7.94984e-09
1.02905e-08
1.24772e-08
1.45134e-08
1.64039e-08
1.81549e-08
1.97731e-08
2.1266e-08
2.2641e-08
2.39059e-08
2.50681e-08
2.61352e-08
2.71141e-08
2.80117e-08
2.88344e-08
2.95882e-08
3.02787e-08
3.09113e-08
3.14909e-08
3.20218e-08
3.25084e-08
3.29544e-08
3.33633e-08
3.37383e-08
3.40825e-08
3.43985e-08
3.46887e-08
3.49553e-08
3.52005e-08
3.73348e-08
3.85757e-08
3.87798e-08
3.78992e-08
3.60081e-08
3.32999e-08
3.00478e-08
2.65441e-08
2.30428e-08
1.9728e-08
1.67104e-08
1.40399e-08
1.17246e-08
9.74704e-09
8.07616e-09
6.6755e-09
5.5081e-09
4.53916e-09
3.73734e-09
3.07522e-09
2.52924e-09
2.07946e-09
1.70913e-09
1.40429e-09
1.15337e-09
9.46762e-10
7.76577e-10
6.36297e-10
5.20559e-10
4.24954e-10
3.45852e-10
2.80263e-10
2.25725e-10
1.80201e-10
1.42003e-10
1.09721e-10
8.2165e-11
5.83095e-11
3.72423e-11
1.81028e-11
3.51792e-34
3.47002e-12
2.18814e-09
4.25731e-09
6.20827e-09
8.0406e-09
9.75564e-09
1.13562e-08
1.2846e-08
1.42299e-08
1.5513e-08
1.67007e-08
1.77988e-08
1.88128e-08
1.97485e-08
2.06113e-08
2.14065e-08
2.21391e-08
2.28139e-08
2.34353e-08
2.40076e-08
2.45347e-08
2.50203e-08
2.54677e-08
2.588e-08
2.62601e-08
2.66107e-08
2.69343e-08
2.72329e-08
2.75088e-08
2.77638e-08
2.79996e-08
2.82178e-08
3.02049e-08
3.15647e-08
3.21664e-08
3.19349e-08
3.08758e-08
2.9085e-08
2.67345e-08
2.40372e-08
2.12044e-08
1.84122e-08
1.57854e-08
1.33981e-08
1.12835e-08
9.44587e-09
7.87143e-09
6.53675e-09
5.41425e-09
4.47575e-09
3.69452e-09
3.04631e-09
2.50972e-09
2.06627e-09
1.70022e-09
1.39827e-09
1.14929e-09
9.44006e-10
7.74711e-10
6.35033e-10
5.19703e-10
4.24374e-10
3.45458e-10
2.79997e-10
2.25545e-10
1.80079e-10
1.41922e-10
1.09667e-10
8.21295e-11
5.82871e-11
3.72293e-11
1.80969e-11
3.86847e-34
2.66433e-12
1.69242e-09
3.29384e-09
4.80542e-09
6.22726e-09
7.56064e-09
8.80783e-09
9.97182e-09
1.10561e-08
1.20646e-08
1.30013e-08
1.38703e-08
1.4676e-08
1.54224e-08
1.61135e-08
1.67531e-08
1.7345e-08
1.78926e-08
1.83993e-08
1.88681e-08
1.9302e-08
1.97036e-08
2.00754e-08
2.04198e-08
2.0739e-08
2.10348e-08
2.13091e-08
2.15637e-08
2.18e-08
2.20195e-08
2.22236e-08
2.24133e-08
2.42024e-08
2.55645e-08
2.63875e-08
2.65892e-08
2.61378e-08
2.50647e-08
2.34645e-08
2.1479e-08
1.92696e-08
1.6989e-08
1.47613e-08
1.26737e-08
1.07775e-08
9.09574e-09
7.63084e-09
6.37226e-09
5.30218e-09
4.39959e-09
3.64285e-09
3.01129e-09
2.486e-09
2.05021e-09
1.68935e-09
1.39091e-09
1.14431e-09
9.40627e-10
7.72421e-10
6.3348e-10
5.1865e-10
4.2366e-10
3.44975e-10
2.79669e-10
2.25323e-10
1.7993e-10
1.41821e-10
1.096e-10
8.20858e-11
5.82596e-11
3.72133e-11
1.80896e-11
2.3873e-34
2.54606e-12
1.61931e-09
3.1517e-09
4.5984e-09
5.95955e-09
7.23644e-09
8.43124e-09
9.54682e-09
1.05865e-08
1.1554e-08
1.24531e-08
1.32879e-08
1.40622e-08
1.47799e-08
1.5445e-08
1.60609e-08
1.66313e-08
1.71594e-08
1.76484e-08
1.81012e-08
1.85205e-08
1.89089e-08
1.92689e-08
1.96025e-08
1.99119e-08
2.01989e-08
2.04653e-08
2.07126e-08
2.09425e-08
2.11561e-08
2.13548e-08
2.15397e-08
2.32923e-08
2.46461e-08
2.54924e-08
2.57494e-08
2.5381e-08
2.44106e-08
2.29222e-08
2.10464e-08
1.89363e-08
1.67398e-08
1.45794e-08
1.25434e-08
1.06856e-08
9.03159e-09
7.58645e-09
6.34174e-09
5.2813e-09
4.38534e-09
3.63315e-09
3.0047e-09
2.48152e-09
2.04718e-09
1.68729e-09
1.38951e-09
1.14336e-09
9.39986e-10
7.71986e-10
6.33185e-10
5.1845e-10
4.23525e-10
3.44883e-10
2.79607e-10
2.25281e-10
1.79901e-10
1.41802e-10
1.09587e-10
8.20775e-11
5.82543e-11
3.72103e-11
1.80882e-11
2.22772e-34
2.02976e-12
1.2988e-09
2.52853e-09
3.69053e-09
4.78518e-09
5.81368e-09
6.77783e-09
7.67993e-09
8.52261e-09
9.30872e-09
1.00412e-08
1.07232e-08
1.13577e-08
1.19476e-08
1.24959e-08
1.30054e-08
1.34788e-08
1.39186e-08
1.43271e-08
1.47068e-08
1.50596e-08
1.53875e-08
1.56925e-08
1.59762e-08
1.62402e-08
1.64859e-08
1.67148e-08
1.69281e-08
1.71269e-08
1.73124e-08
1.74854e-08
1.7647e-08
1.92135e-08
2.04997e-08
2.14146e-08
2.18808e-08
2.18496e-08
2.13136e-08
2.0313e-08
1.89314e-08
1.72813e-08
1.54838e-08
1.36504e-08
1.18704e-08
1.0206e-08
8.69419e-09
7.35141e-09
6.17921e-09
5.16953e-09
4.30881e-09
3.58091e-09
2.96911e-09
2.45732e-09
2.03073e-09
1.67612e-09
1.38194e-09
1.13822e-09
9.36497e-10
7.69619e-10
6.31579e-10
5.1736e-10
4.22785e-10
3.44381e-10
2.79266e-10
2.2505e-10
1.79746e-10
1.41697e-10
1.09518e-10
8.2032e-11
5.82256e-11
3.71936e-11
1.80806e-11
4.31529e-34
1.53651e-12
9.9013e-10
1.92817e-09
2.81546e-09
3.65252e-09
4.44041e-09
5.18056e-09
5.87472e-09
6.52485e-09
7.13304e-09
7.70148e-09
8.23235e-09
8.72786e-09
9.19016e-09
9.62134e-09
1.00234e-08
1.03983e-08
1.07479e-08
1.10739e-08
1.13779e-08
1.16615e-08
1.19261e-08
1.2173e-08
1.24036e-08
1.26189e-08
1.28201e-08
1.30082e-08
1.3184e-08
1.33485e-08
1.35025e-08
1.36467e-08
1.37818e-08
1.51207e-08
1.6284e-08
1.72009e-08
1.78047e-08
1.80428e-08
1.78878e-08
1.73451e-08
1.64547e-08
1.52865e-08
1.39281e-08
1.24708e-08
1.09968e-08
9.57156e-09
8.24058e-09
7.03108e-09
5.95519e-09
5.01405e-09
4.20151e-09
3.50719e-09
2.91863e-09
2.42284e-09
2.00722e-09
1.66011e-09
1.37104e-09
1.13081e-09
9.31464e-10
7.66199e-10
6.29256e-10
5.15782e-10
4.21713e-10
3.43654e-10
2.78773e-10
2.24716e-10
1.7952e-10
1.41546e-10
1.09417e-10
8.19659e-11
5.81839e-11
3.71693e-11
1.80695e-11
5.14126e-34
1.15752e-12
7.50825e-10
1.46254e-09
2.1364e-09
2.77296e-09
3.37311e-09
3.93798e-09
4.46892e-09
4.96736e-09
5.43486e-09
5.87297e-09
6.28331e-09
6.66743e-09
7.0269e-09
7.36322e-09
7.67782e-09
7.97211e-09
8.24739e-09
8.50491e-09
8.74586e-09
8.97135e-09
9.18241e-09
9.38003e-09
9.56512e-09
9.73853e-09
9.90105e-09
1.00534e-08
1.01963e-08
1.03304e-08
1.04563e-08
1.05745e-08
1.06856e-08
1.18062e-08
1.28235e-08
1.36843e-08
1.43346e-08
1.47259e-08
1.48233e-08
1.46122e-08
1.41033e-08
1.33331e-08
1.2358e-08
1.12461e-08
1.00664e-08
8.88038e-09
7.73663e-09
6.66921e-09
5.69853e-09
4.83378e-09
4.07589e-09
3.42017e-09
2.85864e-09
2.38163e-09
1.979e-09
1.64082e-09
1.35788e-09
1.12184e-09
9.25353e-10
7.6204e-10
6.26427e-10
5.13858e-10
4.20406e-10
3.42765e-10
2.7817e-10
2.24308e-10
1.79244e-10
1.4136e-10
1.09293e-10
8.1885e-11
5.81328e-11
3.71396e-11
1.80559e-11
5.6512e-34
8.68783e-13
5.66923e-10
1.10459e-09
1.61409e-09
2.09597e-09
2.55096e-09
2.97996e-09
3.38397e-09
3.76407e-09
4.12139e-09
4.45706e-09
4.77224e-09
5.06806e-09
5.34564e-09
5.60605e-09
5.85032e-09
6.07945e-09
6.29439e-09
6.49602e-09
6.68521e-09
6.86275e-09
7.0294e-09
7.18585e-09
7.33278e-09
7.47081e-09
7.60051e-09
7.72242e-09
7.83706e-09
7.94489e-09
8.04635e-09
8.14185e-09
8.23178e-09
9.15289e-09
1.00186e-08
1.07904e-08
1.14267e-08
1.18869e-08
1.21357e-08
1.21498e-08
1.19224e-08
1.1466e-08
1.08116e-08
1.00044e-08
9.09723e-09
8.14255e-09
7.18688e-09
6.26696e-09
5.40859e-09
4.62735e-09
3.93036e-09
3.3184e-09
2.78792e-09
2.33273e-09
1.94532e-09
1.6177e-09
1.34204e-09
1.11101e-09
9.17958e-10
7.56997e-10
6.2299e-10
5.11518e-10
4.18813e-10
3.41682e-10
2.77435e-10
2.23809e-10
1.78907e-10
1.41133e-10
1.09142e-10
8.17859e-11
5.80702e-11
3.71032e-11
1.80393e-11
6.21068e-34
6.50278e-13
4.26614e-10
8.31394e-10
1.21526e-09
1.57871e-09
1.92233e-09
2.24681e-09
2.55293e-09
2.84147e-09
3.11326e-09
3.36914e-09
3.60992e-09
3.83644e-09
4.04947e-09
4.24981e-09
4.43819e-09
4.61531e-09
4.78187e-09
4.9385e-09
5.08581e-09
5.22438e-09
5.35476e-09
5.47745e-09
5.59294e-09
5.70167e-09
5.80407e-09
5.90053e-09
5.99142e-09
6.0771e-09
6.15788e-09
6.23407e-09
6.30595e-09
7.05129e-09
7.77163e-09
8.44007e-09
9.026e-09
9.4971e-09
9.82254e-09
9.97696e-09
9.94472e-09
9.7233e-09
9.32493e-09
8.77544e-09
8.1108e-09
7.37186e-09
6.59899e-09
5.82773e-09
5.08619e-09
4.39419e-09
3.7638e-09
3.2006e-09
2.70528e-09
2.27514e-09
1.90539e-09
1.59014e-09
1.32307e-09
1.09799e-09
9.09044e-10
7.50901e-10
6.18827e-10
5.08679e-10
4.16878e-10
3.40365e-10
2.76539e-10
2.23201e-10
1.78496e-10
1.40856e-10
1.08957e-10
8.1665e-11
5.79938e-11
3.70587e-11
1.8019e-11
6.82417e-34
4.85762e-13
3.20187e-10
6.24105e-10
9.12516e-10
1.18583e-09
1.44454e-09
1.68917e-09
1.9203e-09
2.13852e-09
2.34443e-09
2.53864e-09
2.72174e-09
2.89434e-09
3.05699e-09
3.21026e-09
3.35468e-09
3.49076e-09
3.61898e-09
3.7398e-09
3.85368e-09
3.96101e-09
4.0622e-09
4.15762e-09
4.2476e-09
4.33248e-09
4.41257e-09
4.48816e-09
4.55951e-09
4.62688e-09
4.69051e-09
4.75062e-09
4.80742e-09
5.40249e-09
5.99083e-09
6.55422e-09
7.07094e-09
7.51672e-09
7.8665e-09
8.09695e-09
8.18961e-09
8.13398e-09
7.92989e-09
7.58836e-09
7.13059e-09
6.58504e-09
5.98356e-09
5.35737e-09
4.7339e-09
4.13487e-09
3.5757e-09
3.06583e-09
2.60969e-09
2.2079e-09
1.85842e-09
1.5575e-09
1.30049e-09
1.08243e-09
8.98344e-10
7.43562e-10
6.13802e-10
5.05244e-10
4.14533e-10
3.38766e-10
2.75451e-10
2.22462e-10
1.77995e-10
1.40519e-10
1.08732e-10
8.15174e-11
5.79005e-11
3.70044e-11
1.79942e-11
7.4964e-34
3.6237e-13
2.3983e-10
4.67552e-10
6.83779e-10
8.88855e-10
1.08316e-09
1.26711e-09
1.44113e-09
1.60566e-09
1.76114e-09
1.90802e-09
2.04674e-09
2.17771e-09
2.30135e-09
2.41806e-09
2.52822e-09
2.63221e-09
2.73036e-09
2.82302e-09
2.9105e-09
2.9931e-09
3.0711e-09
3.14477e-09
3.21436e-09
3.28011e-09
3.34225e-09
3.40098e-09
3.45651e-09
3.50902e-09
3.55868e-09
3.60565e-09
3.6501e-09
4.11978e-09
4.59289e-09
5.05748e-09
5.49865e-09
5.89896e-09
6.23922e-09
6.49998e-09
6.66353e-09
6.71631e-09
6.65122e-09
6.46926e-09
6.18e-09
5.80062e-09
5.35368e-09
4.8641e-09
4.35621e-09
3.85135e-09
3.36648e-09
2.91367e-09
2.50038e-09
2.13018e-09
1.80362e-09
1.51912e-09
1.27378e-09
1.06391e-09
8.85558e-10
7.3476e-10
6.07758e-10
5.01101e-10
4.11699e-10
3.36831e-10
2.74131e-10
2.21564e-10
1.77386e-10
1.40109e-10
1.08458e-10
8.13378e-11
5.77869e-11
3.69382e-11
1.7964e-11
8.23239e-34
2.7008e-13
1.79377e-10
3.49746e-10
5.11596e-10
6.65204e-10
8.10869e-10
9.48905e-10
1.07964e-09
1.20339e-09
1.32048e-09
1.43125e-09
1.536e-09
1.63505e-09
1.72869e-09
1.81722e-09
1.9009e-09
1.98001e-09
2.0548e-09
2.1255e-09
2.19235e-09
2.25556e-09
2.31533e-09
2.37187e-09
2.42535e-09
2.47595e-09
2.52383e-09
2.56915e-09
2.61204e-09
2.65265e-09
2.69111e-09
2.72753e-09
2.76203e-09
3.12916e-09
3.50471e-09
3.88105e-09
4.24835e-09
4.59451e-09
4.90555e-09
5.1663e-09
5.36163e-09
5.47802e-09
5.50544e-09
5.43903e-09
5.28028e-09
5.03732e-09
4.724e-09
4.35821e-09
3.95957e-09
3.54713e-09
3.13764e-09
2.74442e-09
2.37701e-09
2.04135e-09
1.74031e-09
1.47439e-09
1.2424e-09
1.04202e-09
8.70364e-10
7.24253e-10
6.00516e-10
4.96123e-10
4.08284e-10
3.34494e-10
2.72535e-10
2.20477e-10
1.76649e-10
1.39611e-10
1.08126e-10
8.11193e-11
5.76486e-11
3.68576e-11
1.79272e-11
9.03734e-34
2.01189e-13
1.34021e-10
2.61344e-10
3.82351e-10
4.97262e-10
6.0631e-10
7.09733e-10
8.07774e-10
9.00675e-10
9.88677e-10
1.07202e-09
1.15093e-09
1.22563e-09
1.29634e-09
1.36327e-09
1.42662e-09
1.48658e-09
1.54334e-09
1.59706e-09
1.64792e-09
1.69607e-09
1.74166e-09
1.78483e-09
1.82571e-09
1.86444e-09
1.90112e-09
1.93588e-09
1.96881e-09
2.00002e-09
2.02961e-09
2.05765e-09
2.08424e-09
2.3689e-09
2.66379e-09
2.96424e-09
3.26395e-09
3.55484e-09
3.82713e-09
4.06963e-09
4.27032e-09
4.41741e-09
4.5005e-09
4.51211e-09
4.44886e-09
4.31241e-09
4.1095e-09
3.85132e-09
3.55208e-09
3.22726e-09
2.89192e-09
2.55924e-09
2.23977e-09
1.9411e-09
1.66798e-09
1.42275e-09
1.20584e-09
1.01633e-09
8.52414e-10
7.11776e-10
5.91877e-10
4.90162e-10
4.04184e-10
3.3168e-10
2.7061e-10
2.19163e-10
1.75756e-10
1.39008e-10
1.07722e-10
8.08541e-11
5.74806e-11
3.67597e-11
1.78824e-11
9.91661e-34
1.49834e-13
1.00063e-10
1.95145e-10
2.85542e-10
3.71427e-10
4.5298e-10
5.30381e-10
6.03811e-10
6.73452e-10
7.3948e-10
8.0207e-10
8.61391e-10
9.17607e-10
9.70876e-10
1.02135e-09
1.06917e-09
1.11449e-09
1.15742e-09
1.19811e-09
1.23666e-09
1.2732e-09
1.30783e-09
1.34066e-09
1.37177e-09
1.40127e-09
1.42924e-09
1.45577e-09
1.48093e-09
1.50479e-09
1.52742e-09
1.5489e-09
1.56928e-09
1.78849e-09
2.01798e-09
2.25499e-09
2.49562e-09
2.73467e-09
2.96554e-09
3.18033e-09
3.37006e-09
3.52524e-09
3.6366e-09
3.69611e-09
3.69813e-09
3.6403e-09
3.52421e-09
3.35544e-09
3.14298e-09
2.89818e-09
2.63331e-09
2.36028e-09
2.08958e-09
1.8296e-09
1.58638e-09
1.36376e-09
1.16364e-09
9.86413e-10
8.31358e-10
6.97046e-10
5.81626e-10
4.83058e-10
3.99278e-10
3.28304e-10
2.68293e-10
2.17579e-10
1.74677e-10
1.38278e-10
1.07233e-10
8.05326e-11
5.72769e-11
3.66408e-11
1.78281e-11
1.08756e-33
1.11583e-13
7.46765e-11
1.45648e-10
2.13142e-10
2.77294e-10
3.38241e-10
3.96119e-10
4.51064e-10
5.03211e-10
5.52691e-10
5.99633e-10
6.44159e-10
6.86391e-10
7.26443e-10
7.64428e-10
8.00449e-10
8.34611e-10
8.67008e-10
8.97733e-10
9.26875e-10
9.54515e-10
9.80735e-10
1.00561e-09
1.0292e-09
1.05159e-09
1.07284e-09
1.093e-09
1.11214e-09
1.1303e-09
1.14754e-09
1.16391e-09
1.17945e-09
1.34733e-09
1.5246e-09
1.70974e-09
1.90041e-09
2.0934e-09
2.2844e-09
2.46806e-09
2.63799e-09
2.78699e-09
2.90752e-09
2.99228e-09
3.03505e-09
3.0315e-09
2.97998e-09
2.88193e-09
2.74194e-09
2.56726e-09
2.36692e-09
2.15073e-09
1.92815e-09
1.70755e-09
1.49562e-09
1.29723e-09
1.11548e-09
9.51906e-10
8.06856e-10
6.79777e-10
5.69531e-10
4.74632e-10
3.93435e-10
3.24267e-10
2.65515e-10
2.15675e-10
1.73378e-10
1.37397e-10
1.06642e-10
8.01437e-11
5.70301e-11
3.64967e-11
1.77622e-11
1.19196e-33
8.31061e-14
5.57171e-11
1.08677e-10
1.59055e-10
2.06955e-10
2.52481e-10
2.95736e-10
3.36822e-10
3.75839e-10
4.12884e-10
4.48052e-10
4.81434e-10
5.13118e-10
5.43188e-10
5.71727e-10
5.98811e-10
6.24515e-10
6.4891e-10
6.72062e-10
6.94037e-10
7.14895e-10
7.34694e-10
7.53489e-10
7.71332e-10
7.88273e-10
8.04358e-10
8.19633e-10
8.34138e-10
8.47915e-10
8.61e-10
8.7343e-10
8.85238e-10
1.01321e-09
1.14932e-09
1.29276e-09
1.44225e-09
1.59584e-09
1.75084e-09
1.90376e-09
2.05021e-09
2.18504e-09
2.30248e-09
2.39651e-09
2.46137e-09
2.49218e-09
2.48564e-09
2.44054e-09
2.35817e-09
2.24227e-09
2.09868e-09
1.93465e-09
1.758e-09
1.57631e-09
1.39627e-09
1.22324e-09
1.06116e-09
9.12525e-10
7.78604e-10
6.59692e-10
5.5536e-10
4.64697e-10
3.86509e-10
3.19462e-10
2.62196e-10
2.13393e-10
1.71817e-10
1.36336e-10
1.0593e-10
7.96739e-11
5.67317e-11
3.63224e-11
1.76824e-11
1.30535e-33
6.19092e-14
4.15674e-11
8.10828e-11
1.18679e-10
1.54437e-10
1.88434e-10
2.20748e-10
2.51457e-10
2.80633e-10
3.0835e-10
3.34676e-10
3.5968e-10
3.83427e-10
4.05978e-10
4.27393e-10
4.47728e-10
4.6704e-10
4.85379e-10
5.02794e-10
5.19333e-10
5.35041e-10
5.4996e-10
5.64131e-10
5.77591e-10
5.90378e-10
6.02525e-10
6.14066e-10
6.25031e-10
6.35451e-10
6.45352e-10
6.54761e-10
6.63704e-10
7.60895e-10
8.64873e-10
9.75289e-10
1.09146e-09
1.21229e-09
1.33617e-09
1.46087e-09
1.58353e-09
1.70059e-09
1.80788e-09
1.90076e-09
1.97442e-09
2.0243e-09
2.04656e-09
2.03862e-09
1.99963e-09
1.93068e-09
1.83484e-09
1.71681e-09
1.58241e-09
1.43792e-09
1.2894e-09
1.14224e-09
1.00076e-09
8.68127e-10
7.46373e-10
6.36542e-10
5.38883e-10
4.53062e-10
3.78346e-10
3.13769e-10
2.58247e-10
2.10667e-10
1.69947e-10
1.35063e-10
1.05072e-10
7.91077e-11
5.63716e-11
3.61118e-11
1.7586e-11
1.42817e-33
4.61309e-14
3.10116e-11
6.04952e-11
8.85519e-11
1.15242e-10
1.40626e-10
1.64762e-10
1.87707e-10
2.09517e-10
2.30244e-10
2.49941e-10
2.68658e-10
2.86441e-10
3.03338e-10
3.19392e-10
3.34644e-10
3.49136e-10
3.62904e-10
3.75986e-10
3.88416e-10
4.00227e-10
4.1145e-10
4.22114e-10
4.32249e-10
4.41881e-10
4.51036e-10
4.59737e-10
4.68008e-10
4.75869e-10
4.83343e-10
4.90448e-10
4.97204e-10
5.70792e-10
6.49904e-10
7.34436e-10
8.24078e-10
9.1825e-10
1.01603e-09
1.11607e-09
1.21656e-09
1.31514e-09
1.40893e-09
1.49453e-09
1.56823e-09
1.62616e-09
1.66469e-09
1.68079e-09
1.67244e-09
1.63902e-09
1.58147e-09
1.50226e-09
1.40521e-09
1.29499e-09
1.17666e-09
1.0551e-09
9.3463e-10
8.18758e-10
7.10043e-10
6.10139e-10
5.19901e-10
4.3954e-10
3.68791e-10
3.07064e-10
2.53571e-10
2.07426e-10
1.67715e-10
1.33539e-10
1.04043e-10
7.84269e-11
5.59379e-11
3.58579e-11
1.74696e-11
1.56074e-33
3.43838e-14
2.31382e-11
4.51381e-11
6.60763e-11
8.59989e-11
1.04951e-10
1.22976e-10
1.40117e-10
1.56416e-10
1.71911e-10
1.86642e-10
2.00645e-10
2.13956e-10
2.26608e-10
2.38633e-10
2.50064e-10
2.60928e-10
2.71255e-10
2.81071e-10
2.90401e-10
2.99271e-10
3.07702e-10
3.15717e-10
3.23337e-10
3.30581e-10
3.37468e-10
3.44017e-10
3.50244e-10
3.56165e-10
3.61795e-10
3.6715e-10
3.72242e-10
4.27822e-10
4.87815e-10
5.52245e-10
6.21014e-10
6.9385e-10
7.70261e-10
8.49476e-10
9.30384e-10
1.01149e-09
1.09087e-09
1.16616e-09
1.23464e-09
1.29328e-09
1.339e-09
1.36889e-09
1.38053e-09
1.37236e-09
1.34389e-09
1.29592e-09
1.23047e-09
1.15062e-09
1.06015e-09
9.63116e-10
8.63471e-10
7.64706e-10
6.6965e-10
5.80385e-10
4.98257e-10
4.23966e-10
3.5769e-10
2.99217e-10
2.48065e-10
2.03591e-10
1.65062e-10
1.3172e-10
1.02812e-10
7.76105e-11
5.54169e-11
3.55524e-11
1.73295e-11
1.70324e-33
2.56355e-14
1.72657e-11
3.36831e-11
4.93101e-11
6.41815e-11
7.83312e-11
9.17922e-11
1.04596e-10
1.16774e-10
1.28356e-10
1.39369e-10
1.49842e-10
1.59801e-10
1.69269e-10
1.78272e-10
1.86833e-10
1.94972e-10
2.02712e-10
2.10071e-10
2.17068e-10
2.23722e-10
2.30049e-10
2.36065e-10
2.41787e-10
2.47228e-10
2.52404e-10
2.57325e-10
2.62007e-10
2.66459e-10
2.70695e-10
2.74723e-10
2.78556e-10
3.2045e-10
3.6582e-10
4.14753e-10
4.67258e-10
5.23242e-10
5.82471e-10
6.44531e-10
7.08777e-10
7.74294e-10
8.39851e-10
9.03873e-10
9.64443e-10
1.01934e-09
1.06613e-09
1.10233e-09
1.12559e-09
1.134e-09
1.12631e-09
1.10216e-09
1.06221e-09
1.00812e-09
9.42369e-10
8.68014e-10
7.8834e-10
7.06534e-10
6.25425e-10
5.47307e-10
4.7387e-10
4.06214e-10
3.4491e-10
2.90105e-10
2.41626e-10
1.99076e-10
1.61924e-10
1.2956e-10
1.01345e-10
7.66345e-11
5.47927e-11
3.51858e-11
1.71612e-11
1.85562e-33
1.9118e-14
1.28851e-11
2.51379e-11
3.68018e-11
4.79033e-11
5.84678e-11
6.852e-11
7.80838e-11
8.71821e-11
9.58368e-11
1.04069e-10
1.119e-10
1.19347e-10
1.26431e-10
1.33168e-10
1.39576e-10
1.45671e-10
1.51467e-10
1.5698e-10
1.62224e-10
1.67211e-10
1.71955e-10
1.76467e-10
1.8076e-10
1.84843e-10
1.88727e-10
1.92422e-10
1.95937e-10
1.99281e-10
2.02463e-10
2.0549e-10
2.08371e-10
2.39897e-10
2.74133e-10
3.11185e-10
3.51116e-10
3.93927e-10
4.39534e-10
4.87737e-10
5.38186e-10
5.90347e-10
6.43463e-10
6.96523e-10
7.4824e-10
7.9705e-10
8.41149e-10
8.78566e-10
9.07292e-10
9.25446e-10
9.31492e-10
9.24436e-10
9.04009e-10
8.70754e-10
8.26016e-10
7.71815e-10
7.10623e-10
6.45098e-10
5.77823e-10
5.1109e-10
4.46763e-10
3.86217e-10
3.30346e-10
2.79618e-10
2.3415e-10
1.93799e-10
1.58233e-10
1.27007e-10
9.9603e-11
7.5472e-11
5.40471e-11
3.4747e-11
1.69595e-11
2.01754e-33
1.42605e-14
9.6168e-12
1.87621e-11
2.74686e-11
3.57562e-11
4.36439e-11
5.11504e-11
5.82934e-11
6.50901e-11
7.15568e-11
7.77092e-11
8.35625e-11
8.91311e-11
9.44286e-11
9.94683e-11
1.04263e-10
1.08824e-10
1.13162e-10
1.1729e-10
1.21217e-10
1.24953e-10
1.28508e-10
1.31889e-10
1.35107e-10
1.38168e-10
1.4108e-10
1.43852e-10
1.46489e-10
1.48998e-10
1.51385e-10
1.53658e-10
1.5582e-10
1.79512e-10
2.05298e-10
2.33285e-10
2.63555e-10
2.96155e-10
3.31082e-10
3.68258e-10
4.07514e-10
4.48558e-10
4.90946e-10
5.34054e-10
5.7705e-10
6.18881e-10
6.58271e-10
6.93754e-10
7.2373e-10
7.46572e-10
7.60766e-10
7.65072e-10
7.58701e-10
7.41442e-10
7.13746e-10
6.76708e-10
6.31966e-10
5.81525e-10
5.2754e-10
4.72106e-10
4.17085e-10
3.63991e-10
3.13944e-10
2.6767e-10
2.2555e-10
1.87675e-10
1.5392e-10
1.24005e-10
9.7545e-11
7.4093e-11
5.316e-11
3.42238e-11
1.67186e-11
2.18821e-33
1.06386e-14
7.17773e-12
1.40038e-11
2.05028e-11
2.66896e-11
3.25787e-11
3.81838e-11
4.35183e-11
4.85949e-11
5.34259e-11
5.8023e-11
6.23973e-11
6.65596e-11
7.05201e-11
7.42886e-11
7.78743e-11
8.12861e-11
8.45325e-11
8.76214e-11
9.05607e-11
9.33575e-11
9.60189e-11
9.85513e-11
1.00961e-10
1.03254e-10
1.05437e-10
1.07514e-10
1.0949e-10
1.11371e-10
1.13161e-10
1.14865e-10
1.16486e-10
1.3427e-10
1.53661e-10
1.74757e-10
1.97641e-10
2.22379e-10
2.49005e-10
2.77512e-10
3.07832e-10
3.39821e-10
3.73235e-10
4.07707e-10
4.42722e-10
4.77596e-10
5.11467e-10
5.43293e-10
5.71878e-10
5.95924e-10
6.14111e-10
6.25213e-10
6.28232e-10
6.22533e-10
6.07953e-10
5.84861e-10
5.5415e-10
5.1715e-10
4.7549e-10
4.30919e-10
3.85138e-10
3.3966e-10
2.95716e-10
2.54218e-10
2.15755e-10
1.80632e-10
1.48918e-10
1.20499e-10
9.51273e-11
7.24654e-11
5.21089e-11
3.36021e-11
1.64319e-11
2.36634e-33
7.93675e-15
5.35695e-12
1.04516e-11
1.53024e-11
1.99206e-11
2.43169e-11
2.85017e-11
3.24849e-11
3.62761e-11
3.98843e-11
4.33183e-11
4.65865e-11
4.96967e-11
5.26566e-11
5.54734e-11
5.81541e-11
6.07051e-11
6.31328e-11
6.54432e-11
6.7642e-11
6.97345e-11
7.1726e-11
7.36213e-11
7.54251e-11
7.71418e-11
7.87758e-11
8.03309e-11
8.18111e-11
8.322e-11
8.4561e-11
8.58374e-11
8.70524e-11
1.00387e-10
1.14949e-10
1.30822e-10
1.48083e-10
1.66798e-10
1.87019e-10
2.08772e-10
2.32045e-10
2.56783e-10
2.82862e-10
3.10078e-10
3.38129e-10
3.66587e-10
3.94893e-10
4.22338e-10
4.48073e-10
4.7112e-10
4.90423e-10
5.04908e-10
5.13584e-10
5.15641e-10
5.10567e-10
4.98234e-10
4.78946e-10
4.53428e-10
4.22763e-10
3.88274e-10
3.51381e-10
3.13468e-10
2.75764e-10
2.39272e-10
2.0473e-10
1.72615e-10
1.43168e-10
1.16435e-10
9.23061e-11
7.05553e-11
5.087e-11
3.28669e-11
1.60921e-11
2.5499e-33
5.92041e-15
3.99731e-12
7.79899e-12
1.14189e-11
1.48654e-11
1.81465e-11
2.12701e-11
2.42435e-11
2.70739e-11
2.9768e-11
3.23324e-11
3.47732e-11
3.70963e-11
3.93074e-11
4.1412e-11
4.3415e-11
4.53215e-11
4.7136e-11
4.88631e-11
5.05069e-11
5.20715e-11
5.35608e-11
5.49783e-11
5.63275e-11
5.76117e-11
5.88342e-11
5.99978e-11
6.11055e-11
6.21599e-11
6.31636e-11
6.4119e-11
6.50286e-11
7.50171e-11
8.5939e-11
9.78627e-11
1.10855e-10
1.24977e-10
1.40284e-10
1.56814e-10
1.74586e-10
1.93591e-10
2.13777e-10
2.35042e-10
2.57217e-10
2.80049e-10
3.03187e-10
3.26169e-10
3.48417e-10
3.69232e-10
3.87819e-10
4.03313e-10
4.14844e-10
4.21601e-10
4.22931e-10
4.18419e-10
4.07961e-10
3.91806e-10
3.70546e-10
3.4506e-10
3.16423e-10
2.85791e-10
2.54289e-10
2.22915e-10
1.92484e-10
1.63594e-10
1.36626e-10
1.11767e-10
8.90392e-11
6.83289e-11
4.94184e-11
3.20021e-11
1.56914e-11
2.73601e-33
4.41498e-15
2.98167e-12
5.81749e-12
8.5178e-12
1.10889e-11
1.35368e-11
1.58673e-11
1.8086e-11
2.01981e-11
2.22087e-11
2.41227e-11
2.59447e-11
2.76789e-11
2.93298e-11
3.09013e-11
3.23971e-11
3.38209e-11
3.51763e-11
3.64665e-11
3.76946e-11
3.88636e-11
3.99764e-11
4.10357e-11
4.20442e-11
4.30041e-11
4.39179e-11
4.47879e-11
4.5616e-11
4.64044e-11
4.7155e-11
4.78696e-11
4.85498e-11
5.60241e-11
6.42053e-11
7.31486e-11
8.29093e-11
9.35412e-11
1.05094e-10
1.1761e-10
1.31121e-10
1.4564e-10
1.61157e-10
1.77628e-10
1.94968e-10
2.13034e-10
2.31618e-10
2.50429e-10
2.6909e-10
2.87122e-10
3.03955e-10
3.18937e-10
3.31364e-10
3.40523e-10
3.45755e-10
3.46529e-10
3.42506e-10
3.33603e-10
3.20023e-10
3.02247e-10
2.8099e-10
2.57126e-10
2.31596e-10
2.05312e-10
1.79087e-10
1.53579e-10
1.29269e-10
1.06461e-10
8.52902e-11
6.57542e-11
4.77294e-11
3.09912e-11
1.52216e-11
2.92076e-33
3.29054e-15
2.22277e-12
4.33685e-12
6.34997e-12
8.26683e-12
1.0092e-11
1.18297e-11
1.34841e-11
1.50592e-11
1.65587e-11
1.79862e-11
1.93452e-11
2.0639e-11
2.18706e-11
2.30431e-11
2.41593e-11
2.52218e-11
2.62333e-11
2.71963e-11
2.8113e-11
2.89857e-11
2.98165e-11
3.06074e-11
3.13604e-11
3.20772e-11
3.27597e-11
3.34094e-11
3.4028e-11
3.46169e-11
3.51776e-11
3.57114e-11
3.62197e-11
4.18061e-11
4.79262e-11
5.46235e-11
6.19429e-11
6.99291e-11
7.86254e-11
8.80718e-11
9.83021e-11
1.0934e-10
1.21197e-10
1.33861e-10
1.47296e-10
1.61429e-10
1.76142e-10
1.91262e-10
2.0655e-10
2.21692e-10
2.36298e-10
2.49899e-10
2.6196e-10
2.71905e-10
2.79152e-10
2.83163e-10
2.83503e-10
2.79898e-10
2.72277e-10
2.60807e-10
2.45877e-10
2.28069e-10
2.08093e-10
1.86713e-10
1.64672e-10
1.42626e-10
1.21107e-10
1.00498e-10
8.1033e-11
6.28043e-11
4.57803e-11
2.98185e-11
1.46748e-11
3.09898e-33
2.45038e-15
1.65554e-12
3.23015e-12
4.72959e-12
6.15739e-12
7.51692e-12
8.8114e-12
1.00439e-11
1.12174e-11
1.23346e-11
1.33983e-11
1.4411e-11
1.53751e-11
1.6293e-11
1.71669e-11
1.79989e-11
1.8791e-11
1.9545e-11
2.0263e-11
2.09465e-11
2.15972e-11
2.22167e-11
2.28066e-11
2.33682e-11
2.39028e-11
2.44119e-11
2.48965e-11
2.5358e-11
2.57973e-11
2.62157e-11
2.66139e-11
2.69932e-11
3.1163e-11
3.57342e-11
4.0741e-11
4.6219e-11
5.22044e-11
5.87334e-11
6.58408e-11
7.35586e-11
8.19138e-11
9.09251e-11
1.00599e-10
1.10927e-10
1.21877e-10
1.33387e-10
1.45359e-10
1.5765e-10
1.70061e-10
1.82334e-10
1.94148e-10
2.05118e-10
2.14804e-10
2.22734e-10
2.28432e-10
2.31458e-10
2.31454e-10
2.28196e-10
2.21627e-10
2.11879e-10
1.99268e-10
1.84268e-10
1.67454e-10
1.49447e-10
1.30848e-10
1.12187e-10
9.38894e-11
7.62563e-11
5.94605e-11
4.35526e-11
2.84698e-11
1.40434e-11
3.26415e-33
1.82241e-15
1.23145e-12
2.40272e-12
3.5181e-12
4.58022e-12
5.59158e-12
6.5546e-12
7.47155e-12
8.34462e-12
9.1759e-12
9.96738e-12
1.0721e-11
1.14385e-11
1.21216e-11
1.2772e-11
1.33912e-11
1.39808e-11
1.45422e-11
1.50766e-11
1.55855e-11
1.607e-11
1.65313e-11
1.69705e-11
1.73886e-11
1.77868e-11
1.81659e-11
1.85269e-11
1.88706e-11
1.91978e-11
1.95094e-11
1.98061e-11
2.00886e-11
2.31957e-11
2.6604e-11
3.03397e-11
3.44307e-11
3.89057e-11
4.37941e-11
4.91251e-11
5.49266e-11
6.12244e-11
6.80396e-11
7.53868e-11
8.32709e-11
9.16827e-11
1.00595e-10
1.09956e-10
1.19684e-10
1.29658e-10
1.39716e-10
1.49645e-10
1.59178e-10
1.68e-10
1.75748e-10
1.82037e-10
1.86473e-10
1.88696e-10
1.88414e-10
1.8544e-10
1.79726e-10
1.71379e-10
1.60654e-10
1.47935e-10
1.33688e-10
1.18416e-10
1.02603e-10
8.66756e-11
7.09701e-11
5.57167e-11
4.10348e-11
2.69344e-11
1.33212e-11
3.40834e-33
1.35293e-15
9.14321e-13
1.78396e-12
2.61213e-12
3.40076e-12
4.15173e-12
4.86682e-12
5.54774e-12
6.19609e-12
6.81344e-12
7.40126e-12
7.96096e-12
8.49388e-12
9.00129e-12
9.48443e-12
9.94445e-12
1.03824e-11
1.07995e-11
1.11966e-11
1.15747e-11
1.19347e-11
1.22774e-11
1.26038e-11
1.29146e-11
1.32105e-11
1.34923e-11
1.37605e-11
1.4016e-11
1.42592e-11
1.44909e-11
1.47114e-11
1.49214e-11
1.72317e-11
1.97671e-11
2.25478e-11
2.55952e-11
2.89318e-11
3.25808e-11
3.65661e-11
4.09109e-11
4.56379e-11
5.07675e-11
5.63163e-11
6.22956e-11
6.87083e-11
7.55461e-11
8.27853e-11
9.03823e-11
9.82685e-11
1.06344e-10
1.14474e-10
1.22481e-10
1.30147e-10
1.37209e-10
1.43372e-10
1.48316e-10
1.51719e-10
1.53284e-10
1.5277e-10
1.50022e-10
1.45001e-10
1.37788e-10
1.28592e-10
1.17722e-10
1.05555e-10
9.24961e-11
7.89351e-11
6.52104e-11
5.15838e-11
3.82253e-11
2.52072e-11
1.25044e-11
3.52223e-33
1.00186e-15
6.77131e-13
1.32118e-12
1.93452e-12
2.51859e-12
3.07478e-12
3.60442e-12
4.10875e-12
4.58899e-12
5.04628e-12
5.48171e-12
5.89632e-12
6.29111e-12
6.66703e-12
7.02497e-12
7.3658e-12
7.69033e-12
7.99934e-12
8.29358e-12
8.57375e-12
8.84053e-12
9.09455e-12
9.33643e-12
9.56675e-12
9.78607e-12
9.9949e-12
1.01938e-11
1.03831e-11
1.05634e-11
1.07351e-11
1.08986e-11
1.10543e-11
1.27673e-11
1.46479e-11
1.67115e-11
1.89744e-11
2.1454e-11
2.41684e-11
2.71363e-11
3.03769e-11
3.3909e-11
3.77505e-11
4.19176e-11
4.64234e-11
5.12763e-11
5.6478e-11
6.20205e-11
6.78834e-11
7.40299e-11
8.04021e-11
8.69172e-11
9.34623e-11
9.98914e-11
1.06023e-10
1.11641e-10
1.16501e-10
1.2034e-10
1.22892e-10
1.23912e-10
1.232e-10
1.2063e-10
1.16164e-10
1.09868e-10
1.01909e-10
9.25359e-11
8.20529e-11
7.07851e-11
5.90433e-11
4.70938e-11
3.51361e-11
2.32903e-11
1.15924e-11
3.59538e-33
7.39295e-16
4.99714e-13
9.75016e-13
1.42766e-12
1.85871e-12
2.2692e-12
2.66009e-12
3.03232e-12
3.38677e-12
3.7243e-12
4.0457e-12
4.35175e-12
4.64317e-12
4.92067e-12
5.18491e-12
5.43653e-12
5.67612e-12
5.90426e-12
6.1215e-12
6.32837e-12
6.52535e-12
6.71292e-12
6.89153e-12
7.0616e-12
7.22356e-12
7.37778e-12
7.52463e-12
7.66447e-12
7.79764e-12
7.92444e-12
8.0452e-12
8.16019e-12
9.42559e-12
1.08153e-11
1.23407e-11
1.40144e-11
1.58495e-11
1.78599e-11
2.00603e-11
2.24657e-11
2.50914e-11
2.79524e-11
3.1063e-11
3.44358e-11
3.8081e-11
4.20047e-11
4.62076e-11
5.06822e-11
5.54107e-11
6.03617e-11
6.54866e-11
7.07161e-11
7.59561e-11
8.10853e-11
8.59533e-11
9.03815e-11
9.41674e-11
9.70935e-11
9.89405e-11
9.95059e-11
9.86244e-11
9.6189e-11
9.21677e-11
8.66118e-11
7.96542e-11
7.14951e-11
6.23791e-11
5.25661e-11
4.23023e-11
3.17954e-11
2.11958e-11
1.05892e-11
3.61672e-33
5.42914e-16
3.66998e-13
7.16069e-13
1.0485e-12
1.36508e-12
1.66656e-12
1.95366e-12
2.22705e-12
2.4874e-12
2.73531e-12
2.97139e-12
3.1962e-12
3.41027e-12
3.61412e-12
3.80823e-12
3.99307e-12
4.16909e-12
4.3367e-12
4.4963e-12
4.64829e-12
4.79301e-12
4.93083e-12
5.06206e-12
5.18703e-12
5.30604e-12
5.41936e-12
5.52727e-12
5.63004e-12
5.72789e-12
5.82108e-12
5.90982e-12
5.99433e-12
6.9244e-12
7.94607e-12
9.06795e-12
1.02993e-11
1.16501e-11
1.3131e-11
1.47531e-11
1.6528e-11
1.84679e-11
2.05848e-11
2.28906e-11
2.53965e-11
2.81125e-11
3.10461e-11
3.42017e-11
3.7579e-11
4.1171e-11
4.49622e-11
4.89256e-11
5.30203e-11
5.71879e-11
6.135e-11
6.54055e-11
6.92295e-11
7.26739e-11
7.5571e-11
7.77408e-11
7.90019e-11
7.91864e-11
7.81572e-11
7.58247e-11
7.21607e-11
6.72051e-11
6.10639e-11
5.38981e-11
4.59039e-11
3.7289e-11
2.82489e-11
1.89471e-11
9.50389e-12
3.57524e-33
3.9601e-16
2.67709e-13
5.22342e-13
7.6484e-13
9.95777e-13
1.2157e-12
1.42514e-12
1.62458e-12
1.8145e-12
1.99537e-12
2.1676e-12
2.33161e-12
2.48779e-12
2.63652e-12
2.77814e-12
2.91301e-12
3.04144e-12
3.16373e-12
3.28019e-12
3.3911e-12
3.4967e-12
3.59727e-12
3.69304e-12
3.78423e-12
3.87108e-12
3.95378e-12
4.03253e-12
4.10753e-12
4.17895e-12
4.24696e-12
4.31173e-12
4.3734e-12
5.05229e-12
5.79819e-12
6.61747e-12
7.51702e-12
8.50424e-12
9.58705e-12
1.07739e-11
1.20736e-11
1.34955e-11
1.50491e-11
1.67439e-11
1.85892e-11
2.05937e-11
2.27649e-11
2.51084e-11
2.76273e-11
3.03203e-11
3.31809e-11
3.61954e-11
3.93406e-11
4.25817e-11
4.58696e-11
4.91387e-11
5.23046e-11
5.52634e-11
5.78921e-11
6.00518e-11
6.15933e-11
6.23665e-11
6.22325e-11
6.10776e-11
5.88272e-11
5.54569e-11
5.09982e-11
4.55367e-11
3.92023e-11
3.21539e-11
2.45595e-11
1.65788e-11
8.35152e-12
3.46088e-33
2.86068e-16
1.93395e-13
3.77345e-13
5.52529e-13
7.19363e-13
8.78242e-13
1.02955e-12
1.17363e-12
1.31085e-12
1.44151e-12
1.56595e-12
1.68444e-12
1.79729e-12
1.90474e-12
2.00707e-12
2.10452e-12
2.19732e-12
2.28569e-12
2.36984e-12
2.44997e-12
2.52629e-12
2.59896e-12
2.66816e-12
2.73407e-12
2.79683e-12
2.85659e-12
2.9135e-12
2.9677e-12
3.01932e-12
3.06847e-12
3.11528e-12
3.15985e-12
3.65054e-12
4.18976e-12
4.78216e-12
5.43276e-12
6.14702e-12
6.93077e-12
7.79026e-12
8.73214e-12
9.76337e-12
1.08912e-11
1.2123e-11
1.34663e-11
1.49281e-11
1.65151e-11
1.82329e-11
2.00854e-11
2.20743e-11
2.41979e-11
2.64501e-11
2.88185e-11
3.12832e-11
3.38145e-11
3.6371e-11
3.88977e-11
4.13241e-11
4.35637e-11
4.55147e-11
4.70618e-11
4.80818e-11
4.8451e-11
4.80549e-11
4.68001e-11
4.46254e-11
4.15113e-11
3.7484e-11
3.26144e-11
2.70101e-11
2.08031e-11
1.4136e-11
7.15241e-12
3.26547e-33
2.03671e-16
1.37696e-13
2.68667e-13
3.93398e-13
5.12184e-13
6.25308e-13
7.33038e-13
8.35631e-13
9.33332e-13
1.02637e-12
1.11498e-12
1.19935e-12
1.2797e-12
1.35622e-12
1.42909e-12
1.49848e-12
1.56456e-12
1.62749e-12
1.68742e-12
1.74449e-12
1.79884e-12
1.85059e-12
1.89988e-12
1.94681e-12
1.99151e-12
2.03407e-12
2.07461e-12
2.11321e-12
2.14997e-12
2.18498e-12
2.21831e-12
2.25006e-12
2.59958e-12
2.98371e-12
3.4058e-12
3.86946e-12
4.37863e-12
4.93752e-12
5.55069e-12
6.22297e-12
6.9595e-12
7.76567e-12
8.64705e-12
9.60929e-12
1.0658e-11
1.17986e-11
1.30359e-11
1.43739e-11
1.58153e-11
1.73606e-11
1.90078e-11
2.07508e-11
2.25788e-11
2.44745e-11
2.64126e-11
2.83581e-11
3.0265e-11
3.20746e-11
3.37153e-11
3.51029e-11
3.61425e-11
3.67334e-11
3.67743e-11
3.61724e-11
3.48527e-11
3.27672e-11
2.99024e-11
2.62831e-11
2.19715e-11
1.70613e-11
1.16695e-11
5.93051e-12
2.98314e-33
1.41674e-16
9.57838e-14
1.8689e-13
2.73656e-13
3.56287e-13
4.34979e-13
5.0992e-13
5.81289e-13
6.49254e-13
7.13979e-13
7.75616e-13
8.34315e-13
8.90214e-13
9.43447e-13
9.94141e-13
1.04242e-12
1.08839e-12
1.13217e-12
1.17386e-12
1.21357e-12
1.25138e-12
1.28739e-12
1.32168e-12
1.35433e-12
1.38543e-12
1.41505e-12
1.44325e-12
1.47011e-12
1.49569e-12
1.52005e-12
1.54324e-12
1.56533e-12
1.80854e-12
2.07587e-12
2.36965e-12
2.69243e-12
3.04695e-12
3.43621e-12
3.8634e-12
4.33198e-12
4.84559e-12
5.40812e-12
6.0236e-12
6.69618e-12
7.43006e-12
8.22937e-12
9.09797e-12
1.00393e-11
1.1056e-11
1.21496e-11
1.33198e-11
1.45643e-11
1.58773e-11
1.72493e-11
1.86652e-11
2.01036e-11
2.15354e-11
2.29222e-11
2.42157e-11
2.53575e-11
2.62787e-11
2.6903e-11
2.71491e-11
2.69367e-11
2.6193e-11
2.48605e-11
2.29049e-11
2.03211e-11
1.71363e-11
1.34095e-11
9.22902e-12
4.71013e-12
2.60994e-33
9.45522e-17
6.39269e-14
1.24732e-13
1.82641e-13
2.3779e-13
2.9031e-13
3.40328e-13
3.87961e-13
4.33323e-13
4.76522e-13
5.17662e-13
5.5684e-13
5.9415e-13
6.2968e-13
6.63517e-13
6.9574e-13
7.26426e-13
7.55649e-13
7.83479e-13
8.09981e-13
8.3522e-13
8.59255e-13
8.82144e-13
9.03942e-13
9.24701e-13
9.4447e-13
9.63297e-13
9.81225e-13
9.983e-13
1.01456e-12
1.03005e-12
1.04479e-12
1.20715e-12
1.38563e-12
1.58179e-12
1.79734e-12
2.03412e-12
2.29416e-12
2.57961e-12
2.89281e-12
3.23626e-12
3.61259e-12
4.02458e-12
4.47513e-12
4.96717e-12
5.50367e-12
6.08746e-12
6.72117e-12
7.407e-12
8.1465e-12
8.94027e-12
9.78752e-12
1.06856e-11
1.16293e-11
1.26103e-11
1.36158e-11
1.46282e-11
1.56236e-11
1.65711e-11
1.74322e-11
1.81603e-11
1.87018e-11
1.8997e-11
1.8984e-11
1.86022e-11
1.77987e-11
1.65339e-11
1.47882e-11
1.25666e-11
9.90126e-12
6.85277e-12
3.51079e-12
2.14147e-33
5.78608e-17
3.91204e-14
7.63306e-14
1.11768e-13
1.45517e-13
1.77658e-13
2.08267e-13
2.37416e-13
2.65177e-13
2.91614e-13
3.1679e-13
3.40766e-13
3.63599e-13
3.85344e-13
4.06051e-13
4.25772e-13
4.44552e-13
4.62436e-13
4.79468e-13
4.95688e-13
5.11135e-13
5.25845e-13
5.39853e-13
5.53194e-13
5.65899e-13
5.77999e-13
5.89521e-13
6.00494e-13
6.10944e-13
6.20896e-13
6.30374e-13
6.394e-13
7.38776e-13
8.48022e-13
9.68101e-13
1.10006e-12
1.24504e-12
1.40428e-12
1.57912e-12
1.77099e-12
1.98145e-12
2.21214e-12
2.46481e-12
2.74126e-12
3.04337e-12
3.37303e-12
3.7321e-12
4.12234e-12
4.54528e-12
5.00214e-12
5.4936e-12
6.01959e-12
6.57899e-12
7.16923e-12
7.78587e-12
8.42203e-12
9.06775e-12
9.70935e-12
1.03287e-11
1.09027e-11
1.14029e-11
1.17954e-11
1.20416e-11
1.20998e-11
1.19274e-11
1.14843e-11
1.07378e-11
9.66659e-12
8.26545e-12
6.54887e-12
4.55344e-12
2.3402e-12
1.56758e-33
2.76955e-17
1.87254e-14
3.65365e-14
5.34991e-14
6.96535e-14
8.50381e-14
9.96894e-14
1.13643e-13
1.26931e-13
1.39585e-13
1.51636e-13
1.63113e-13
1.74043e-13
1.84451e-13
1.94364e-13
2.03803e-13
2.12793e-13
2.21354e-13
2.29507e-13
2.37271e-13
2.44665e-13
2.51707e-13
2.58413e-13
2.64799e-13
2.70881e-13
2.76673e-13
2.82189e-13
2.87442e-13
2.92444e-13
2.97208e-13
3.01745e-13
3.06066e-13
3.53639e-13
4.05939e-13
4.63427e-13
5.26608e-13
5.96027e-13
6.72281e-13
7.56014e-13
8.4792e-13
9.48747e-13
1.05929e-12
1.18039e-12
1.31294e-12
1.45785e-12
1.61606e-12
1.78848e-12
1.976e-12
2.17943e-12
2.39942e-12
2.6364e-12
2.89045e-12
3.1612e-12
3.44761e-12
3.74779e-12
4.0587e-12
4.37588e-12
4.69308e-12
5.00192e-12
5.29153e-12
5.54834e-12
5.75593e-12
5.89525e-12
5.94516e-12
5.88351e-12
5.68877e-12
5.34217e-12
4.83028e-12
4.14756e-12
3.29877e-12
2.30091e-12
1.18512e-12
8.62369e-34
8.1841e-42
1.07753e-40
3.544e-40
7.12068e-40
1.14415e-39
1.62139e-39
2.12068e-39
2.62397e-39
3.1174e-39
3.59055e-39
4.03582e-39
4.44788e-39
4.82327e-39
5.15998e-39
5.45718e-39
5.71497e-39
5.93413e-39
6.11598e-39
6.26224e-39
6.37489e-39
6.4561e-39
6.50814e-39
6.53332e-39
6.53395e-39
6.51232e-39
6.47063e-39
6.411e-39
6.33546e-39
6.24591e-39
6.14414e-39
6.03183e-39
3.99477e-38
9.46785e-38
1.3717e-37
1.96598e-37
2.79213e-37
3.93465e-37
5.50753e-37
7.66424e-37
1.0611e-36
1.46245e-36
2.00748e-36
2.74567e-36
3.74295e-36
5.08702e-36
6.89425e-36
9.31854e-36
1.25629e-35
1.68937e-35
2.26596e-35
3.03135e-35
4.04406e-35
5.37903e-35
7.13127e-35
9.41973e-35
1.23909e-34
1.62215e-34
2.11185e-34
2.73153e-34
3.506e-34
4.45926e-34
5.61047e-34
6.96768e-34
8.51864e-34
1.02182e-33
1.19724e-33
1.36195e-33
1.49103e-33
1.54894e-33
1.4883e-33
1.25003e-33
7.66302e-34
2.99762e-34
