-8.6753e-39
-1.1422e-37
-3.75671e-37
-7.54805e-37
-1.21281e-36
-1.7187e-36
-2.24796e-36
-2.78145e-36
-3.30449e-36
-3.80604e-36
-4.27802e-36
-4.71482e-36
-5.11273e-36
-5.46964e-36
-5.78468e-36
-6.05793e-36
-6.29024e-36
-6.483e-36
-6.63803e-36
-6.75744e-36
-6.84352e-36
-6.89867e-36
-6.92536e-36
-6.92603e-36
-6.9031e-36
-6.8589e-36
-6.79569e-36
-6.71561e-36
-6.62068e-36
-6.51281e-36
-6.39376e-36
-4.23445e-35
-1.00359e-34
-1.45398e-34
-2.0839e-34
-2.95957e-34
-4.17054e-34
-5.83762e-34
-8.12341e-34
-1.12464e-33
-1.54997e-33
-2.12754e-33
-2.90973e-33
-3.96636e-33
-5.39027e-33
-7.30457e-33
-9.87206e-33
-1.33073e-32
-1.78919e-32
-2.39938e-32
-3.20909e-32
-4.27995e-32
-5.69083e-32
-7.54154e-32
-9.95677e-32
-1.30897e-31
-1.71243e-31
-2.22756e-31
-2.87842e-31
-3.69041e-31
-4.68774e-31
-5.88922e-31
-7.30166e-31
-8.91041e-31
-1.06665e-30
-1.24705e-30
-1.4154e-30
-1.54601e-30
-1.6025e-30
-1.53669e-30
-1.28854e-30
-7.89032e-31
-1.50214e-31
2.84836e-17
1.92583e-14
3.75761e-14
5.50214e-14
7.16354e-14
8.74578e-14
1.02526e-13
1.16876e-13
1.30542e-13
1.43557e-13
1.55951e-13
1.67754e-13
1.78995e-13
1.897e-13
1.99894e-13
2.09602e-13
2.18848e-13
2.27652e-13
2.36037e-13
2.44022e-13
2.51627e-13
2.58869e-13
2.65765e-13
2.72333e-13
2.78588e-13
2.84545e-13
2.90217e-13
2.9562e-13
3.00765e-13
3.05664e-13
3.1033e-13
3.14774e-13
3.637e-13
4.17487e-13
4.7661e-13
5.41586e-13
6.12978e-13
6.91398e-13
7.77507e-13
8.72021e-13
9.75705e-13
1.08938e-12
1.21391e-12
1.3502e-12
1.4992e-12
1.66185e-12
1.83911e-12
2.03188e-12
2.24097e-12
2.46705e-12
2.71055e-12
2.97154e-12
3.24961e-12
3.54367e-12
3.85174e-12
4.17067e-12
4.49581e-12
4.82071e-12
5.13669e-12
5.43254e-12
5.69429e-12
5.90505e-12
6.0453e-12
6.09342e-12
6.02687e-12
5.82382e-12
5.46544e-12
4.93841e-12
4.23757e-12
3.36826e-12
2.34812e-12
1.20898e-12
-8.43929e-31
5.95522e-17
4.02639e-14
7.85618e-14
1.15035e-13
1.49771e-13
1.82851e-13
2.14354e-13
2.44356e-13
2.72928e-13
3.00137e-13
3.2605e-13
3.50727e-13
3.74227e-13
3.96607e-13
4.1792e-13
4.38216e-13
4.57545e-13
4.75952e-13
4.93482e-13
5.10176e-13
5.26074e-13
5.41214e-13
5.55632e-13
5.69362e-13
5.82439e-13
5.94891e-13
6.0675e-13
6.18044e-13
6.288e-13
6.39043e-13
6.48797e-13
6.58087e-13
7.60365e-13
8.72803e-13
9.96388e-13
1.1322e-12
1.28141e-12
1.44529e-12
1.62523e-12
1.82269e-12
2.03927e-12
2.27667e-12
2.53667e-12
2.82113e-12
3.13197e-12
3.47114e-12
3.84053e-12
4.24194e-12
4.67693e-12
5.14672e-12
5.65199e-12
6.19262e-12
6.7674e-12
7.37364e-12
8.00669e-12
8.65937e-12
9.32135e-12
9.97842e-12
1.06119e-11
1.11978e-11
1.17069e-11
1.21043e-11
1.23506e-11
1.24031e-11
1.22185e-11
1.17566e-11
1.09843e-11
9.88107e-12
8.44261e-12
6.68466e-12
4.64517e-12
2.38637e-12
-1.53467e-30
9.74298e-17
6.58724e-14
1.28528e-13
1.88199e-13
2.45026e-13
2.99145e-13
3.50684e-13
3.99767e-13
4.46509e-13
4.91023e-13
5.33415e-13
5.73785e-13
6.1223e-13
6.48842e-13
6.83708e-13
7.16911e-13
7.48531e-13
7.78643e-13
8.07319e-13
8.34628e-13
8.60634e-13
8.85401e-13
9.08986e-13
9.31447e-13
9.52837e-13
9.73207e-13
9.92607e-13
1.01108e-12
1.02867e-12
1.04543e-12
1.06139e-12
1.07658e-12
1.24388e-12
1.42778e-12
1.6299e-12
1.852e-12
2.09597e-12
2.3639e-12
2.65801e-12
2.9807e-12
3.33454e-12
3.72224e-12
4.14666e-12
4.61077e-12
5.11759e-12
5.67013e-12
6.27132e-12
6.92381e-12
7.62985e-12
8.39097e-12
9.20773e-12
1.00792e-11
1.10026e-11
1.19725e-11
1.29799e-11
1.40118e-11
1.50497e-11
1.60687e-11
1.7037e-11
1.79147e-11
1.86539e-11
1.91993e-11
1.94902e-11
1.94632e-11
1.90572e-11
1.82192e-11
1.69101e-11
1.51117e-11
1.28308e-11
1.01017e-11
6.98701e-12
3.57798e-12
-2.09772e-30
1.46213e-16
9.88523e-14
1.92877e-13
2.82422e-13
3.677e-13
4.48914e-13
5.26255e-13
5.9991e-13
6.70052e-13
7.3685e-13
8.00462e-13
8.6104e-13
9.18729e-13
9.73667e-13
1.02598e-12
1.07581e-12
1.12325e-12
1.16844e-12
1.21146e-12
1.25244e-12
1.29146e-12
1.32862e-12
1.36401e-12
1.39771e-12
1.4298e-12
1.46037e-12
1.48947e-12
1.51719e-12
1.54359e-12
1.56873e-12
1.59267e-12
1.61547e-12
1.86646e-12
2.14234e-12
2.44552e-12
2.77861e-12
3.14446e-12
3.54614e-12
3.98696e-12
4.47046e-12
5.00041e-12
5.5808e-12
6.21577e-12
6.9096e-12
7.66658e-12
8.49095e-12
9.38664e-12
1.03571e-11
1.14051e-11
1.25319e-11
1.37374e-11
1.50187e-11
1.63699e-11
1.77807e-11
1.92355e-11
2.07119e-11
2.21793e-11
2.35981e-11
2.49182e-11
2.60789e-11
2.70096e-11
2.7632e-11
2.78631e-11
2.76215e-11
2.68341e-11
2.54443e-11
2.34195e-11
2.07571e-11
1.74873e-11
1.36724e-11
9.40337e-12
4.79677e-12
-2.55835e-30
2.10604e-16
1.42382e-13
2.77812e-13
4.06788e-13
5.29617e-13
6.46591e-13
7.57987e-13
8.64072e-13
9.65097e-13
1.0613e-12
1.15292e-12
1.24017e-12
1.32326e-12
1.40238e-12
1.47773e-12
1.54948e-12
1.61781e-12
1.68288e-12
1.74484e-12
1.80385e-12
1.86005e-12
1.91356e-12
1.96452e-12
2.01306e-12
2.05927e-12
2.10328e-12
2.1452e-12
2.18511e-12
2.22312e-12
2.25932e-12
2.29379e-12
2.32662e-12
2.68801e-12
3.0852e-12
3.52163e-12
4.00103e-12
4.52746e-12
5.10529e-12
5.73921e-12
6.43421e-12
7.19558e-12
8.02888e-12
8.93982e-12
9.93423e-12
1.10179e-11
1.21962e-11
1.34742e-11
1.48559e-11
1.63437e-11
1.79383e-11
1.96372e-11
2.14338e-11
2.33167e-11
2.52674e-11
2.72594e-11
2.92561e-11
3.12094e-11
3.30581e-11
3.47281e-11
3.61323e-11
3.71734e-11
3.77481e-11
3.77538e-11
3.70973e-11
3.57044e-11
3.35295e-11
3.05626e-11
2.6833e-11
2.24073e-11
1.73832e-11
1.18805e-11
6.03456e-12
-2.92629e-30
2.96497e-16
2.00444e-13
3.91099e-13
5.72668e-13
7.45582e-13
9.10252e-13
1.06707e-12
1.21641e-12
1.35862e-12
1.49405e-12
1.62302e-12
1.74583e-12
1.86279e-12
1.97416e-12
2.08022e-12
2.18121e-12
2.27739e-12
2.36898e-12
2.4562e-12
2.53925e-12
2.61834e-12
2.69366e-12
2.76539e-12
2.83369e-12
2.89873e-12
2.96067e-12
3.01966e-12
3.07583e-12
3.12933e-12
3.18027e-12
3.22878e-12
3.27498e-12
3.78352e-12
4.34236e-12
4.95629e-12
5.63052e-12
6.3707e-12
7.18285e-12
8.07344e-12
9.04933e-12
1.01177e-11
1.12861e-11
1.2562e-11
1.39531e-11
1.54667e-11
1.71095e-11
1.88872e-11
2.08036e-11
2.28603e-11
2.50551e-11
2.73812e-11
2.98253e-11
3.23662e-11
3.49725e-11
3.76005e-11
4.01923e-11
4.26744e-11
4.49568e-11
4.69336e-11
4.84863e-11
4.94885e-11
4.98144e-11
4.93491e-11
4.80003e-11
4.571e-11
4.24636e-11
3.82932e-11
3.32761e-11
2.75256e-11
2.11782e-11
1.4379e-11
7.27127e-12
-3.20553e-30
4.11575e-16
2.78229e-13
5.42869e-13
7.94896e-13
1.03491e-12
1.26347e-12
1.48114e-12
1.68842e-12
1.8858e-12
2.07377e-12
2.25277e-12
2.42322e-12
2.58554e-12
2.74011e-12
2.8873e-12
3.02746e-12
3.16093e-12
3.28803e-12
3.40906e-12
3.52432e-12
3.63407e-12
3.73858e-12
3.83811e-12
3.93289e-12
4.02314e-12
4.10909e-12
4.19093e-12
4.26887e-12
4.34309e-12
4.41377e-12
4.48108e-12
4.54518e-12
5.25069e-12
6.02583e-12
6.8772e-12
7.81194e-12
8.83773e-12
9.96278e-12
1.11958e-11
1.25461e-11
1.4023e-11
1.56365e-11
1.73964e-11
1.93121e-11
2.13926e-11
2.36454e-11
2.6076e-11
2.86872e-11
3.14773e-11
3.44388e-11
3.75568e-11
4.08064e-11
4.41503e-11
4.75365e-11
5.08957e-11
5.41392e-11
5.71582e-11
5.98249e-11
6.19954e-11
6.35165e-11
6.42354e-11
6.40123e-11
6.27354e-11
6.03343e-11
5.67912e-11
5.21458e-11
4.64923e-11
3.99689e-11
3.27407e-11
2.49802e-11
1.6848e-11
8.48217e-12
-3.39962e-30
5.66057e-16
3.82639e-13
7.46587e-13
1.09319e-12
1.42326e-12
1.73759e-12
2.03691e-12
2.32196e-12
2.59339e-12
2.85187e-12
3.09801e-12
3.33239e-12
3.55558e-12
3.76811e-12
3.97049e-12
4.1632e-12
4.34671e-12
4.52145e-12
4.68785e-12
4.84631e-12
4.99719e-12
5.14087e-12
5.27769e-12
5.40798e-12
5.53205e-12
5.65019e-12
5.7627e-12
5.86983e-12
5.97185e-12
6.069e-12
6.16152e-12
6.24962e-12
7.21923e-12
8.2843e-12
9.45379e-12
1.07374e-11
1.21453e-11
1.36887e-11
1.53791e-11
1.72286e-11
1.92496e-11
2.14546e-11
2.38559e-11
2.64648e-11
2.92913e-11
3.2343e-11
3.56239e-11
3.91329e-11
4.28621e-11
4.6794e-11
5.08994e-11
5.51342e-11
5.9436e-11
6.37214e-11
6.78837e-11
7.17913e-11
7.52895e-11
7.82041e-11
8.03496e-11
8.1541e-11
8.16095e-11
8.04202e-11
7.78896e-11
7.39981e-11
6.87968e-11
6.24037e-11
5.49909e-11
4.67637e-11
3.79359e-11
2.87059e-11
1.92361e-11
9.64307e-12
-3.51403e-30
7.73648e-16
5.22927e-13
1.02031e-12
1.49398e-12
1.94505e-12
2.3746e-12
2.78365e-12
3.17317e-12
3.54408e-12
3.89728e-12
4.2336e-12
4.55385e-12
4.85881e-12
5.14918e-12
5.42569e-12
5.68898e-12
5.93968e-12
6.17841e-12
6.40573e-12
6.62219e-12
6.8283e-12
7.02457e-12
7.21146e-12
7.38943e-12
7.55889e-12
7.72026e-12
7.87392e-12
8.02024e-12
8.15958e-12
8.29226e-12
8.41861e-12
8.53893e-12
9.86293e-12
1.13169e-11
1.29128e-11
1.46637e-11
1.65833e-11
1.8686e-11
2.09871e-11
2.35022e-11
2.62471e-11
2.92371e-11
3.24869e-11
3.60094e-11
3.98144e-11
4.39078e-11
4.82891e-11
5.29494e-11
5.78688e-11
6.30124e-11
6.83277e-11
7.37396e-11
7.91476e-11
8.44226e-11
8.94054e-11
9.39084e-11
9.77204e-11
1.00617e-10
1.02373e-10
1.02785e-10
1.01692e-10
9.89941e-11
9.46713e-11
8.87901e-11
8.14995e-11
7.3015e-11
6.35934e-11
5.35036e-11
4.2996e-11
3.22785e-11
2.14981e-11
1.07337e-11
-3.55657e-30
1.05283e-15
7.1157e-13
1.38837e-12
2.0329e-12
2.64668e-12
3.23116e-12
3.78772e-12
4.3177e-12
4.82235e-12
5.30288e-12
5.76044e-12
6.19612e-12
6.61097e-12
7.00598e-12
7.38211e-12
7.74024e-12
8.08126e-12
8.40596e-12
8.71514e-12
9.00953e-12
9.28985e-12
9.55676e-12
9.81092e-12
1.00529e-11
1.02834e-11
1.05028e-11
1.07117e-11
1.09107e-11
1.11001e-11
1.12805e-11
1.14523e-11
1.16159e-11
1.34157e-11
1.53915e-11
1.75593e-11
1.99363e-11
2.25406e-11
2.5391e-11
2.85072e-11
3.19088e-11
3.56153e-11
3.96451e-11
4.40146e-11
4.87366e-11
5.3819e-11
5.92622e-11
6.50563e-11
7.11777e-11
7.75853e-11
8.42155e-11
9.09782e-11
9.77516e-11
1.04379e-10
1.10667e-10
1.16389e-10
1.21286e-10
1.25087e-10
1.27519e-10
1.28336e-10
1.27342e-10
1.24422e-10
1.19554e-10
1.12825e-10
1.04424e-10
9.46185e-11
8.37317e-11
7.20999e-11
6.00401e-11
4.78198e-11
3.56351e-11
2.35993e-11
1.17392e-11
-1.94405e-30
1.07857e-15
7.28966e-13
1.42232e-12
2.0826e-12
2.71138e-12
3.31014e-12
3.88031e-12
4.42324e-12
4.94022e-12
5.43249e-12
5.90123e-12
6.34755e-12
6.77253e-12
7.17719e-12
7.5625e-12
7.92938e-12
8.27872e-12
8.61135e-12
8.92807e-12
9.22965e-12
9.5168e-12
9.79023e-12
1.00506e-11
1.02985e-11
1.05346e-11
1.07593e-11
1.09734e-11
1.11772e-11
1.13712e-11
1.1556e-11
1.1732e-11
1.18996e-11
1.37432e-11
1.5767e-11
1.79875e-11
2.04221e-11
2.30894e-11
2.60086e-11
2.91996e-11
3.26825e-11
3.6477e-11
4.06019e-11
4.50734e-11
4.99046e-11
5.51028e-11
6.06677e-11
6.65886e-11
7.28402e-11
7.93792e-11
8.61393e-11
9.30263e-11
9.99141e-11
1.06641e-10
1.13007e-10
1.18779e-10
1.23694e-10
1.27474e-10
1.29844e-10
1.30557e-10
1.2942e-10
1.26323e-10
1.21253e-10
1.14306e-10
1.05683e-10
9.56626e-11
8.45744e-11
7.27614e-11
6.05434e-11
4.81879e-11
3.58893e-11
2.37575e-11
1.18146e-11
-2.97938e-31
1.4281e-15
9.65104e-13
1.88305e-12
2.7572e-12
3.58963e-12
4.3823e-12
5.1371e-12
5.85581e-12
6.54016e-12
7.19177e-12
7.81221e-12
8.40296e-12
8.96544e-12
9.501e-12
1.00109e-11
1.04965e-11
1.09587e-11
1.13989e-11
1.1818e-11
1.2217e-11
1.2597e-11
1.29587e-11
1.33032e-11
1.36312e-11
1.39435e-11
1.42408e-11
1.4524e-11
1.47936e-11
1.50503e-11
1.52947e-11
1.55274e-11
1.57491e-11
1.81871e-11
2.08624e-11
2.37962e-11
2.70111e-11
3.05305e-11
3.43787e-11
3.85803e-11
4.31597e-11
4.814e-11
5.35418e-11
5.93818e-11
6.56703e-11
7.24087e-11
7.95859e-11
8.71743e-11
9.51244e-11
1.0336e-10
1.11772e-10
1.20212e-10
1.2849e-10
1.36371e-10
1.43576e-10
1.49795e-10
1.54693e-10
1.57939e-10
1.59236e-10
1.58347e-10
1.55133e-10
1.49575e-10
1.41784e-10
1.31998e-10
1.20552e-10
1.07848e-10
9.43063e-11
8.0326e-11
6.62471e-11
5.23278e-11
3.87305e-11
2.55172e-11
1.26507e-11
-3.29222e-31
1.93344e-15
1.30644e-12
2.54902e-12
3.73231e-12
4.85909e-12
5.93202e-12
6.95365e-12
7.9264e-12
8.85259e-12
9.73444e-12
1.05741e-11
1.13735e-11
1.21346e-11
1.28592e-11
1.35492e-11
1.4206e-11
1.48314e-11
1.54269e-11
1.59938e-11
1.65336e-11
1.70475e-11
1.75368e-11
1.80026e-11
1.84462e-11
1.88685e-11
1.92706e-11
1.96534e-11
2.0018e-11
2.03651e-11
2.06955e-11
2.10102e-11
2.13098e-11
2.46051e-11
2.82192e-11
3.21801e-11
3.6517e-11
4.12599e-11
4.64396e-11
5.20862e-11
5.82289e-11
6.48934e-11
7.2101e-11
7.98652e-11
8.81886e-11
9.70587e-11
1.06443e-10
1.16281e-10
1.26481e-10
1.36911e-10
1.47391e-10
1.57688e-10
1.67516e-10
1.76535e-10
1.84363e-10
1.90595e-10
1.94826e-10
1.96694e-10
1.95912e-10
1.92315e-10
1.85884e-10
1.76763e-10
1.65248e-10
1.5176e-10
1.36796e-10
1.20881e-10
1.04511e-10
8.81162e-11
7.20272e-11
5.64653e-11
4.15375e-11
2.72404e-11
1.34648e-11
-3.32363e-31
2.61487e-15
1.7666e-12
3.44684e-12
5.04686e-12
6.57043e-12
8.02112e-12
9.40239e-12
1.07175e-11
1.19696e-11
1.31617e-11
1.42967e-11
1.53772e-11
1.64059e-11
1.73853e-11
1.83176e-11
1.92053e-11
2.00503e-11
2.08548e-11
2.16208e-11
2.235e-11
2.30442e-11
2.37051e-11
2.43344e-11
2.49334e-11
2.55038e-11
2.60468e-11
2.65638e-11
2.70561e-11
2.75248e-11
2.7971e-11
2.83958e-11
2.88004e-11
3.32479e-11
3.81228e-11
4.34614e-11
4.9301e-11
5.56795e-11
6.26348e-11
7.02029e-11
7.84163e-11
8.73018e-11
9.68769e-11
1.07146e-10
1.18094e-10
1.29682e-10
1.41839e-10
1.54452e-10
1.6736e-10
1.80343e-10
1.93118e-10
2.05333e-10
2.16573e-10
2.26371e-10
2.34229e-10
2.39655e-10
2.42205e-10
2.41532e-10
2.37439e-10
2.29908e-10
2.19122e-10
2.05453e-10
1.89422e-10
1.71649e-10
1.52783e-10
1.33441e-10
1.14158e-10
9.53532e-11
7.73153e-11
6.02015e-11
4.40455e-11
2.87676e-11
1.41825e-11
-1.93164e-31
2.76284e-15
1.86651e-12
3.64177e-12
5.33227e-12
6.94197e-12
8.47468e-12
9.93402e-12
1.13235e-11
1.26463e-11
1.39058e-11
1.51048e-11
1.62463e-11
1.73331e-11
1.83677e-11
1.93527e-11
2.02904e-11
2.11831e-11
2.2033e-11
2.28421e-11
2.36124e-11
2.43457e-11
2.50439e-11
2.57086e-11
2.63414e-11
2.69438e-11
2.75174e-11
2.80635e-11
2.85835e-11
2.90785e-11
2.95498e-11
2.99985e-11
3.04258e-11
3.5123e-11
4.02711e-11
4.59078e-11
5.20722e-11
5.8804e-11
6.61421e-11
7.41237e-11
8.27817e-11
9.21426e-11
1.02222e-10
1.13023e-10
1.24525e-10
1.36682e-10
1.49414e-10
1.62595e-10
1.76048e-10
1.89532e-10
2.02742e-10
2.15299e-10
2.26762e-10
2.36638e-10
2.44408e-10
2.49567e-10
2.51668e-10
2.50379e-10
2.45525e-10
2.37128e-10
2.25416e-10
2.10808e-10
1.93872e-10
1.75261e-10
1.55649e-10
1.35666e-10
1.15849e-10
9.66093e-11
7.82254e-11
6.08399e-11
4.44716e-11
2.90259e-11
1.43035e-11
-9.11257e-32
3.53235e-15
2.38599e-12
4.6553e-12
6.81622e-12
8.8738e-12
1.08329e-11
1.26981e-11
1.44739e-11
1.61645e-11
1.7774e-11
1.93062e-11
2.07648e-11
2.21533e-11
2.34752e-11
2.47335e-11
2.59314e-11
2.70717e-11
2.81572e-11
2.91906e-11
3.01743e-11
3.11108e-11
3.20023e-11
3.28511e-11
3.3659e-11
3.44282e-11
3.51605e-11
3.58576e-11
3.65213e-11
3.71532e-11
3.77548e-11
3.83275e-11
3.88728e-11
4.4866e-11
5.14303e-11
5.86121e-11
6.64586e-11
7.50166e-11
8.43312e-11
9.44432e-11
1.05386e-10
1.17183e-10
1.2984e-10
1.4334e-10
1.57637e-10
1.72644e-10
1.88226e-10
2.04185e-10
2.20253e-10
2.36082e-10
2.51241e-10
2.65221e-10
2.77449e-10
2.87313e-10
2.94208e-10
2.97592e-10
2.97043e-10
2.92321e-10
2.83412e-10
2.70549e-10
2.54197e-10
2.35006e-10
2.13743e-10
1.91212e-10
1.68177e-10
1.453e-10
1.23106e-10
1.01961e-10
8.20778e-11
6.35277e-11
4.62574e-11
3.01049e-11
1.48081e-11
-1.35038e-31
4.77107e-15
3.22195e-12
6.28628e-12
9.20415e-12
1.19824e-11
1.46274e-11
1.71456e-11
1.95429e-11
2.1825e-11
2.39973e-11
2.60652e-11
2.80337e-11
2.99073e-11
3.16908e-11
3.33885e-11
3.50044e-11
3.65425e-11
3.80066e-11
3.94003e-11
4.07268e-11
4.19895e-11
4.31915e-11
4.43357e-11
4.54248e-11
4.64616e-11
4.74486e-11
4.83881e-11
4.92825e-11
5.01339e-11
5.09445e-11
5.17161e-11
5.24507e-11
6.05211e-11
6.93525e-11
7.90035e-11
8.95324e-11
1.00995e-10
1.13443e-10
1.26919e-10
1.41451e-10
1.57049e-10
1.73694e-10
1.9133e-10
2.09852e-10
2.29096e-10
2.48819e-10
2.68693e-10
2.88292e-10
3.07086e-10
3.24449e-10
3.39674e-10
3.52011e-10
3.60716e-10
3.65122e-10
3.64713e-10
3.59199e-10
3.48571e-10
3.33123e-10
3.13437e-10
2.90321e-10
2.64728e-10
2.37651e-10
2.10035e-10
1.82697e-10
1.56287e-10
1.31263e-10
1.079e-10
8.63074e-11
6.64519e-11
4.81861e-11
3.12639e-11
1.53481e-11
-1.40954e-31
6.4472e-15
4.3526e-12
8.49217e-12
1.24337e-11
1.61864e-11
1.9759e-11
2.316e-11
2.63974e-11
2.94789e-11
3.2412e-11
3.52037e-11
3.78608e-11
4.03898e-11
4.27967e-11
4.50875e-11
4.72678e-11
4.93429e-11
5.13178e-11
5.31975e-11
5.49865e-11
5.66893e-11
5.83099e-11
5.98525e-11
6.13207e-11
6.27181e-11
6.40483e-11
6.53144e-11
6.65196e-11
6.76668e-11
6.87588e-11
6.97983e-11
7.07878e-11
8.16529e-11
9.35293e-11
1.06489e-10
1.20603e-10
1.35935e-10
1.52538e-10
1.70449e-10
1.89682e-10
2.10214e-10
2.31979e-10
2.5485e-10
2.78624e-10
3.03007e-10
3.27593e-10
3.51859e-10
3.75153e-10
3.96703e-10
4.15637e-10
4.3103e-10
4.41967e-10
4.47625e-10
4.47373e-10
4.40861e-10
4.28085e-10
4.0942e-10
3.85591e-10
3.57605e-10
3.26642e-10
2.93933e-10
2.60641e-10
2.27776e-10
1.96137e-10
1.66292e-10
1.38586e-10
1.13166e-10
9.00178e-11
6.89947e-11
4.98515e-11
3.22594e-11
1.58103e-11
-1.32028e-31
8.71799e-15
5.88356e-12
1.1479e-11
1.68065e-11
2.18784e-11
2.67065e-11
3.13022e-11
3.56764e-11
3.98395e-11
4.38015e-11
4.75721e-11
5.11604e-11
5.45751e-11
5.78247e-11
6.0917e-11
6.38597e-11
6.666e-11
6.93248e-11
7.18606e-11
7.42739e-11
7.65704e-11
7.87559e-11
8.08358e-11
8.28152e-11
8.4699e-11
8.64919e-11
8.81983e-11
8.98223e-11
9.1368e-11
9.28392e-11
9.42395e-11
9.55723e-11
1.10197e-10
1.26162e-10
1.43553e-10
1.62451e-10
1.82923e-10
2.05017e-10
2.2875e-10
2.54099e-10
2.80983e-10
3.09247e-10
3.38644e-10
3.6881e-10
3.99249e-10
4.29314e-10
4.582e-10
4.84953e-10
5.08496e-10
5.27686e-10
5.41391e-10
5.48598e-10
5.48533e-10
5.40769e-10
5.25315e-10
5.02643e-10
4.73663e-10
4.39631e-10
4.0201e-10
3.62322e-10
3.22004e-10
2.82297e-10
2.44185e-10
2.08364e-10
1.75263e-10
1.4507e-10
1.17779e-10
9.32381e-11
7.11851e-11
5.12775e-11
3.3108e-11
1.62033e-11
-1.23031e-31
1.17992e-14
7.95954e-12
1.5529e-11
2.27356e-11
2.95959e-11
3.61257e-11
4.23405e-11
4.82549e-11
5.38831e-11
5.92386e-11
6.43346e-11
6.91833e-11
7.37968e-11
7.81863e-11
8.23626e-11
8.63362e-11
9.01168e-11
9.37139e-11
9.71364e-11
1.00393e-10
1.03491e-10
1.06439e-10
1.09244e-10
1.11914e-10
1.14454e-10
1.16871e-10
1.1917e-10
1.21359e-10
1.23442e-10
1.25424e-10
1.27311e-10
1.29106e-10
1.4879e-10
1.7024e-10
1.93557e-10
2.18827e-10
2.4611e-10
2.75431e-10
3.06762e-10
3.40007e-10
3.74977e-10
4.1137e-10
4.48737e-10
4.86468e-10
5.23761e-10
5.59621e-10
5.92865e-10
6.22161e-10
6.4609e-10
6.6325e-10
6.7239e-10
6.72556e-10
6.6323e-10
6.44435e-10
6.16774e-10
5.81388e-10
5.39843e-10
4.93959e-10
4.45622e-10
3.96603e-10
3.48433e-10
3.02314e-10
2.59102e-10
2.19319e-10
1.83199e-10
1.50742e-10
1.21777e-10
9.60074e-11
7.30566e-11
5.24897e-11
3.38266e-11
1.65352e-11
-1.14156e-31
1.59875e-14
1.07791e-11
2.10296e-11
3.0788e-11
4.00764e-11
4.89164e-11
5.73285e-11
6.53328e-11
7.29484e-11
8.01937e-11
8.70864e-11
9.36435e-11
9.9881e-11
1.05814e-10
1.11459e-10
1.16827e-10
1.21935e-10
1.26793e-10
1.31414e-10
1.3581e-10
1.39992e-10
1.4397e-10
1.47755e-10
1.51356e-10
1.54781e-10
1.5804e-10
1.61141e-10
1.64091e-10
1.66898e-10
1.69569e-10
1.7211e-10
1.74529e-10
2.01018e-10
2.29824e-10
2.61056e-10
2.94791e-10
3.31064e-10
3.69845e-10
4.11016e-10
4.5435e-10
4.99473e-10
5.45834e-10
5.92677e-10
6.39011e-10
6.83599e-10
7.24974e-10
7.61479e-10
7.91349e-10
8.12846e-10
8.24416e-10
8.24882e-10
8.13614e-10
7.90656e-10
7.56777e-10
7.13413e-10
6.62523e-10
6.06376e-10
5.47308e-10
4.8751e-10
4.28864e-10
3.72846e-10
3.20499e-10
2.72457e-10
2.29001e-10
1.90135e-10
1.55653e-10
1.2521e-10
9.83697e-11
7.46443e-11
5.35136e-11
3.44317e-11
1.68141e-11
-1.05544e-31
2.16917e-14
1.46156e-11
2.85136e-11
4.17432e-11
5.43341e-11
6.63152e-11
7.77145e-11
8.85589e-11
9.88744e-11
1.08686e-10
1.18018e-10
1.26893e-10
1.35334e-10
1.43361e-10
1.50995e-10
1.58254e-10
1.65158e-10
1.71723e-10
1.77967e-10
1.83904e-10
1.89551e-10
1.94922e-10
2.0003e-10
2.04889e-10
2.0951e-10
2.13906e-10
2.18087e-10
2.22064e-10
2.25847e-10
2.29447e-10
2.32871e-10
2.36129e-10
2.71768e-10
3.10427e-10
3.52207e-10
3.97153e-10
4.45234e-10
4.96311e-10
5.50105e-10
6.06156e-10
6.63786e-10
7.22057e-10
7.79737e-10
8.35291e-10
8.8689e-10
9.32468e-10
9.69825e-10
9.96794e-10
1.01144e-09
1.01232e-09
9.98639e-10
9.70492e-10
9.28854e-10
8.75541e-10
8.13011e-10
7.44094e-10
6.71696e-10
5.98529e-10
5.2691e-10
4.58647e-10
3.9501e-10
3.36765e-10
2.84248e-10
2.37455e-10
1.96133e-10
1.59865e-10
1.28135e-10
1.00371e-10
7.59832e-11
5.4374e-11
3.49388e-11
1.70474e-11
-9.72924e-32
2.94773e-14
1.98456e-11
3.87155e-11
5.6676e-11
7.37668e-11
9.00267e-11
1.05494e-10
1.20204e-10
1.34193e-10
1.47496e-10
1.60144e-10
1.72169e-10
1.83602e-10
1.94471e-10
2.04804e-10
2.14627e-10
2.23966e-10
2.32844e-10
2.41285e-10
2.49309e-10
2.56939e-10
2.64192e-10
2.71089e-10
2.77647e-10
2.83883e-10
2.89813e-10
2.95452e-10
3.00814e-10
3.05914e-10
3.10765e-10
3.15378e-10
3.19766e-10
3.67701e-10
4.19534e-10
4.75331e-10
5.35057e-10
5.98548e-10
6.65463e-10
7.35239e-10
8.07036e-10
8.79688e-10
9.51666e-10
1.02105e-09
1.08556e-09
1.14261e-09
1.18945e-09
1.22337e-09
1.24195e-09
1.24339e-09
1.22674e-09
1.19211e-09
1.14078e-09
1.07504e-09
9.97981e-10
9.13148e-10
8.24164e-10
7.3439e-10
6.46683e-10
5.63259e-10
4.85664e-10
4.14819e-10
3.51116e-10
2.94535e-10
2.44758e-10
2.01273e-10
1.6345e-10
1.30609e-10
1.02056e-10
7.71063e-11
5.50935e-11
3.53619e-11
1.72418e-11
-8.94655e-32
4.01281e-14
2.69898e-11
5.26509e-11
7.70717e-11
1.00306e-10
1.22405e-10
1.43421e-10
1.63403e-10
1.82399e-10
2.00456e-10
2.17618e-10
2.33929e-10
2.49431e-10
2.64162e-10
2.78162e-10
2.91465e-10
3.04107e-10
3.16121e-10
3.27539e-10
3.38389e-10
3.48701e-10
3.58501e-10
3.67817e-10
3.7667e-10
3.85086e-10
3.93087e-10
4.00692e-10
4.07922e-10
4.14796e-10
4.21332e-10
4.27546e-10
4.33456e-10
4.97889e-10
5.67296e-10
6.41645e-10
7.20743e-10
8.04173e-10
8.91244e-10
9.80915e-10
1.07174e-09
1.1618e-09
1.24871e-09
1.3296e-09
1.40123e-09
1.46014e-09
1.50294e-09
1.52659e-09
1.52884e-09
1.50851e-09
1.46581e-09
1.40234e-09
1.32104e-09
1.22581e-09
1.12109e-09
1.01143e-09
9.00985e-10
7.93295e-10
6.91076e-10
5.96207e-10
5.0979e-10
4.32278e-10
3.63622e-10
3.03413e-10
2.5101e-10
2.05642e-10
1.6648e-10
1.32691e-10
1.03468e-10
7.8044e-11
5.56927e-11
3.57136e-11
1.74033e-11
-8.21007e-32
5.4735e-14
3.67702e-11
7.17266e-11
1.04988e-10
1.36626e-10
1.6671e-10
1.95309e-10
2.22491e-10
2.48322e-10
2.72866e-10
2.96183e-10
3.18333e-10
3.39374e-10
3.5936e-10
3.78343e-10
3.96373e-10
4.13499e-10
4.29766e-10
4.45218e-10
4.59895e-10
4.73837e-10
4.87082e-10
4.99665e-10
5.1162e-10
5.22979e-10
5.33771e-10
5.44027e-10
5.53773e-10
5.63035e-10
5.71839e-10
5.80206e-10
5.8816e-10
6.74689e-10
7.67458e-10
8.66237e-10
9.70523e-10
1.07947e-09
1.19177e-09
1.30564e-09
1.41869e-09
1.5279e-09
1.62967e-09
1.71993e-09
1.79432e-09
1.84853e-09
1.87878e-09
1.8822e-09
1.85737e-09
1.80457e-09
1.72589e-09
1.62506e-09
1.50703e-09
1.37742e-09
1.2419e-09
1.10568e-09
9.73118e-10
8.47559e-10
7.31281e-10
6.25601e-10
5.31033e-10
4.47478e-10
3.74405e-10
3.11005e-10
2.56319e-10
2.0933e-10
1.69025e-10
1.34432e-10
1.04645e-10
7.88238e-11
5.61899e-11
3.6005e-11
1.75369e-11
-7.52155e-32
7.48204e-14
5.01894e-11
9.78975e-11
1.43283e-10
1.86441e-10
2.27465e-10
2.66448e-10
3.03483e-10
3.38659e-10
3.72065e-10
4.03783e-10
4.33898e-10
4.62487e-10
4.89626e-10
5.15389e-10
5.39843e-10
5.63057e-10
5.85094e-10
6.06013e-10
6.25872e-10
6.44726e-10
6.62626e-10
6.79623e-10
6.95761e-10
7.11087e-10
7.25642e-10
7.39466e-10
7.52596e-10
7.65068e-10
7.76917e-10
7.88174e-10
7.9887e-10
9.14908e-10
1.03859e-09
1.16931e-09
1.30601e-09
1.4471e-09
1.59034e-09
1.73271e-09
1.87044e-09
1.99899e-09
2.11319e-09
2.20753e-09
2.27656e-09
2.31545e-09
2.32063e-09
2.29031e-09
2.22489e-09
2.12708e-09
2.00167e-09
1.85497e-09
1.69409e-09
1.52616e-09
1.3577e-09
1.19412e-09
1.03951e-09
8.96657e-10
7.67112e-10
6.51454e-10
5.49506e-10
4.60568e-10
3.83614e-10
3.17444e-10
2.60795e-10
2.12425e-10
1.71151e-10
1.35882e-10
1.05622e-10
7.94699e-11
5.66012e-11
3.62457e-11
1.76471e-11
-6.88118e-32
1.02517e-13
6.86446e-11
1.33886e-10
1.95935e-10
2.54918e-10
3.10961e-10
3.6419e-10
4.1473e-10
4.62704e-10
5.08234e-10
5.51435e-10
5.92423e-10
6.31306e-10
6.68191e-10
7.03178e-10
7.36365e-10
7.67845e-10
7.97705e-10
8.26031e-10
8.52902e-10
8.78394e-10
9.02581e-10
9.2553e-10
9.47306e-10
9.67972e-10
9.87585e-10
1.0062e-09
1.02387e-09
1.04065e-09
1.05658e-09
1.0717e-09
1.08607e-09
1.24136e-09
1.40569e-09
1.57776e-09
1.75561e-09
1.93641e-09
2.11641e-09
2.29081e-09
2.45388e-09
2.59905e-09
2.7193e-09
2.8077e-09
2.85809e-09
2.86591e-09
2.82894e-09
2.74774e-09
2.62584e-09
2.46941e-09
2.28653e-09
2.08624e-09
1.87757e-09
1.66867e-09
1.46628e-09
1.27545e-09
1.09952e-09
9.40362e-10
7.98589e-10
6.73908e-10
5.65395e-10
4.71734e-10
3.91415e-10
3.22865e-10
2.64546e-10
2.15007e-10
1.72919e-10
1.37084e-10
1.06431e-10
8.00034e-11
5.69403e-11
3.64439e-11
1.77379e-11
-6.28811e-32
1.40821e-13
9.40853e-11
1.8349e-10
2.68494e-10
3.49264e-10
4.25966e-10
4.98772e-10
5.67853e-10
6.33379e-10
6.95515e-10
7.54426e-10
8.10269e-10
8.63199e-10
9.13363e-10
9.60903e-10
1.00596e-09
1.04865e-09
1.08911e-09
1.12746e-09
1.16381e-09
1.19826e-09
1.23092e-09
1.26188e-09
1.29123e-09
1.31907e-09
1.34546e-09
1.3705e-09
1.39425e-09
1.41677e-09
1.43815e-09
1.45843e-09
1.47768e-09
1.6849e-09
1.90222e-09
2.12719e-09
2.35629e-09
2.58478e-09
2.8066e-09
3.01446e-09
3.19997e-09
3.35415e-09
3.4681e-09
3.53393e-09
3.5458e-09
3.50088e-09
3.39996e-09
3.24766e-09
3.05196e-09
2.82327e-09
2.57315e-09
2.31306e-09
2.05328e-09
1.80219e-09
1.56603e-09
1.34887e-09
1.15287e-09
9.78703e-10
8.25888e-10
6.93193e-10
5.78928e-10
4.81178e-10
3.97974e-10
3.27402e-10
2.67671e-10
2.17151e-10
1.74384e-10
1.38078e-10
1.07098e-10
8.04427e-11
5.72192e-11
3.66068e-11
1.78124e-11
-5.74073e-32
1.93956e-13
1.29238e-10
2.52019e-10
3.68713e-10
4.79535e-10
5.84709e-10
6.84466e-10
7.7904e-10
8.68663e-10
9.53569e-10
1.03398e-09
1.11013e-09
1.18223e-09
1.25048e-09
1.31509e-09
1.37626e-09
1.43415e-09
1.48896e-09
1.54085e-09
1.58997e-09
1.63648e-09
1.68052e-09
1.72223e-09
1.76174e-09
1.79916e-09
1.83462e-09
1.86821e-09
1.90005e-09
1.93022e-09
1.95883e-09
1.98595e-09
2.01166e-09
2.28707e-09
2.57271e-09
2.86419e-09
3.15551e-09
3.43901e-09
3.70536e-09
3.9438e-09
4.14278e-09
4.2908e-09
4.37766e-09
4.39579e-09
4.34155e-09
4.21603e-09
4.02529e-09
3.77972e-09
3.4928e-09
3.17942e-09
2.8542e-09
2.53014e-09
2.21775e-09
1.92471e-09
1.65596e-09
1.41405e-09
1.1996e-09
1.0119e-09
8.49297e-10
7.09593e-10
5.90357e-10
4.89107e-10
4.03454e-10
3.31176e-10
2.70262e-10
2.18925e-10
1.75592e-10
1.38896e-10
1.07646e-10
8.08034e-11
5.7448e-11
3.67403e-11
1.78735e-11
-5.23691e-32
2.67887e-13
1.77917e-10
3.46899e-10
5.07431e-10
6.59788e-10
8.04265e-10
9.41175e-10
1.07084e-09
1.19358e-09
1.30972e-09
1.41958e-09
1.52347e-09
1.62171e-09
1.71458e-09
1.80238e-09
1.88538e-09
1.96383e-09
2.038e-09
2.10812e-09
2.17442e-09
2.2371e-09
2.29639e-09
2.35246e-09
2.4055e-09
2.45568e-09
2.50316e-09
2.5481e-09
2.59064e-09
2.63091e-09
2.66905e-09
2.70517e-09
2.73938e-09
3.10345e-09
3.47584e-09
3.84902e-09
4.21321e-09
4.55646e-09
4.86493e-09
5.12361e-09
5.31756e-09
5.43345e-09
5.46138e-09
5.39656e-09
5.24046e-09
5.00105e-09
4.69194e-09
4.33073e-09
3.93668e-09
3.5286e-09
3.12301e-09
2.73313e-09
2.36847e-09
2.03501e-09
1.73567e-09
1.47104e-09
1.24e-09
1.04032e-09
8.69169e-10
7.23418e-10
5.99935e-10
4.95719e-10
4.08005e-10
3.343e-10
2.72401e-10
2.20385e-10
1.76585e-10
1.39567e-10
1.08095e-10
8.10986e-11
5.7635e-11
3.68495e-11
1.79234e-11
-4.77426e-32
3.71057e-13
2.45461e-10
4.7852e-10
6.998e-10
9.09649e-10
1.10845e-09
1.29663e-09
1.47463e-09
1.64289e-09
1.80188e-09
1.95204e-09
2.09382e-09
2.22766e-09
2.35399e-09
2.47321e-09
2.58572e-09
2.6919e-09
2.7921e-09
2.88667e-09
2.97594e-09
3.06021e-09
3.13978e-09
3.21491e-09
3.28588e-09
3.35291e-09
3.41625e-09
3.47611e-09
3.53269e-09
3.58618e-09
3.63677e-09
3.68461e-09
3.72988e-09
4.2077e-09
4.68804e-09
5.15843e-09
5.60352e-09
6.00536e-09
6.3444e-09
6.60102e-09
6.7576e-09
6.801e-09
6.72483e-09
6.53096e-09
6.22989e-09
5.83961e-09
5.38319e-09
4.88582e-09
4.37181e-09
3.86234e-09
3.3741e-09
2.91889e-09
2.50393e-09
2.13258e-09
1.80523e-09
1.52021e-09
1.27451e-09
1.0644e-09
8.85888e-10
7.34981e-10
6.07906e-10
5.012e-10
4.11765e-10
3.36874e-10
2.7416e-10
2.21582e-10
1.77398e-10
1.40116e-10
1.08462e-10
8.13396e-11
5.77877e-11
3.69384e-11
1.7964e-11
-4.35018e-32
5.15408e-13
3.39329e-10
6.61385e-10
9.66959e-10
1.25647e-09
1.53043e-09
1.7894e-09
2.03398e-09
2.26481e-09
2.48252e-09
2.68777e-09
2.88119e-09
3.06342e-09
3.23507e-09
3.39674e-09
3.54899e-09
3.69237e-09
3.82741e-09
3.9546e-09
4.0744e-09
4.18728e-09
4.29364e-09
4.39388e-09
4.48837e-09
4.57746e-09
4.66149e-09
4.74075e-09
4.81554e-09
4.88613e-09
4.95278e-09
5.01571e-09
5.07515e-09
5.69641e-09
6.30737e-09
6.88823e-09
7.41566e-09
7.86397e-09
8.20716e-09
8.42169e-09
8.48982e-09
8.40274e-09
8.16272e-09
7.78364e-09
7.28934e-09
6.71041e-09
6.08002e-09
5.42992e-09
4.78741e-09
4.17371e-09
3.60352e-09
3.08553e-09
2.62353e-09
2.21756e-09
1.86511e-09
1.56212e-09
1.30367e-09
1.08461e-09
8.99839e-10
7.44584e-10
6.145e-10
5.05719e-10
4.14856e-10
3.38985e-10
2.75599e-10
2.22561e-10
1.78062e-10
1.40563e-10
1.08761e-10
8.15358e-11
5.79118e-11
3.70108e-11
1.79971e-11
-3.96206e-32
7.17799e-13
4.69897e-10
9.15663e-10
1.33827e-09
1.73822e-09
2.11616e-09
2.47283e-09
2.80907e-09
3.12577e-09
3.42385e-09
3.70423e-09
3.96785e-09
4.21561e-09
4.44842e-09
4.66715e-09
4.87261e-09
5.06563e-09
5.24695e-09
5.41731e-09
5.57737e-09
5.72781e-09
5.86921e-09
6.00216e-09
6.12718e-09
6.24479e-09
6.35546e-09
6.45962e-09
6.55769e-09
6.65006e-09
6.73708e-09
6.81909e-09
6.8964e-09
7.69432e-09
8.45737e-09
9.1551e-09
9.75354e-09
1.02179e-08
1.05163e-08
1.06243e-08
1.05294e-08
1.02341e-08
9.75663e-09
9.1288e-09
8.39155e-09
7.58902e-09
6.76305e-09
5.94921e-09
5.17463e-09
4.45769e-09
3.80888e-09
3.23231e-09
2.72742e-09
2.29051e-09
1.91601e-09
1.59745e-09
1.32809e-09
1.10143e-09
9.11396e-10
7.52507e-10
6.19922e-10
5.09424e-10
4.17385e-10
3.40709e-10
2.76772e-10
2.23359e-10
1.78601e-10
1.40927e-10
1.09004e-10
8.16951e-11
5.80125e-11
3.70695e-11
1.80239e-11
-2.83742e-32
8.5894e-13
5.60356e-10
1.09178e-09
1.59536e-09
2.0716e-09
2.52125e-09
2.94517e-09
3.34438e-09
3.71992e-09
4.07291e-09
4.4045e-09
4.71581e-09
5.00798e-09
5.28209e-09
5.53922e-09
5.78039e-09
6.0066e-09
6.21876e-09
6.41778e-09
6.6045e-09
6.7797e-09
6.94413e-09
7.0985e-09
7.24345e-09
7.37961e-09
7.50754e-09
7.62779e-09
7.74084e-09
7.84718e-09
7.94723e-09
8.04139e-09
8.13006e-09
9.03782e-09
9.89021e-09
1.06494e-08
1.12746e-08
1.17259e-08
1.19693e-08
1.19826e-08
1.17594e-08
1.13124e-08
1.0672e-08
9.88222e-09
8.99395e-09
8.05816e-09
7.12e-09
6.21536e-09
5.36969e-09
4.5986e-09
3.90945e-09
3.30339e-09
2.77726e-09
2.32524e-09
1.94008e-09
1.61406e-09
1.33952e-09
1.10927e-09
9.16766e-10
7.56179e-10
6.2243e-10
5.11135e-10
4.18551e-10
3.41503e-10
2.77312e-10
2.23725e-10
1.78849e-10
1.41094e-10
1.09115e-10
8.17681e-11
5.80587e-11
3.70963e-11
1.80361e-11
-3.23765e-31
1.00062e-12
6.50748e-10
1.26774e-09
1.85212e-09
2.40445e-09
2.92553e-09
3.41635e-09
3.87808e-09
4.31196e-09
4.71931e-09
5.10146e-09
5.45978e-09
5.79561e-09
6.11025e-09
6.40497e-09
6.68102e-09
6.93955e-09
7.18169e-09
7.40849e-09
7.62096e-09
7.82005e-09
8.00663e-09
8.18155e-09
8.34557e-09
8.49942e-09
8.64379e-09
8.7793e-09
8.90655e-09
9.02608e-09
9.1384e-09
9.24399e-09
9.34329e-09
1.03523e-08
1.12832e-08
1.20909e-08
1.27283e-08
1.31514e-08
1.33258e-08
1.32328e-08
1.28742e-08
1.22739e-08
1.14747e-08
1.0532e-08
9.50533e-09
8.45058e-09
7.41459e-09
6.43241e-09
5.52712e-09
4.7113e-09
3.98928e-09
3.35945e-09
2.81636e-09
2.35235e-09
1.9588e-09
1.62694e-09
1.34836e-09
1.11533e-09
9.20903e-10
7.59003e-10
6.24356e-10
5.12447e-10
4.19445e-10
3.42111e-10
2.77725e-10
2.24005e-10
1.79039e-10
1.41222e-10
1.092e-10
8.18239e-11
5.8094e-11
3.71169e-11
1.80455e-11
-9.52662e-31
1.39626e-12
9.01218e-10
1.75514e-09
2.56306e-09
3.32549e-09
4.04343e-09
4.7182e-09
5.35138e-09
5.94476e-09
6.50022e-09
7.01973e-09
7.50526e-09
7.95879e-09
8.38225e-09
8.77752e-09
9.14641e-09
9.49065e-09
9.8119e-09
1.01117e-08
1.03916e-08
1.06528e-08
1.08968e-08
1.11247e-08
1.13377e-08
1.15367e-08
1.17229e-08
1.1897e-08
1.206e-08
1.22126e-08
1.23555e-08
1.24894e-08
1.2615e-08
1.38658e-08
1.49662e-08
1.58522e-08
1.64624e-08
1.67469e-08
1.66766e-08
1.6251e-08
1.55002e-08
1.44821e-08
1.32722e-08
1.19522e-08
1.05979e-08
9.27182e-09
8.01989e-09
6.87128e-09
5.84106e-09
4.93343e-09
4.14507e-09
3.46794e-09
2.89149e-09
2.40415e-09
1.9944e-09
1.65133e-09
1.36504e-09
1.12672e-09
9.28674e-10
7.64299e-10
6.27962e-10
5.14902e-10
4.21114e-10
3.43246e-10
2.78496e-10
2.24528e-10
1.79392e-10
1.41459e-10
1.09359e-10
8.19277e-11
5.81596e-11
3.71551e-11
1.8063e-11
-1.21936e-30
1.94907e-12
1.24743e-09
2.42854e-09
3.54463e-09
4.59609e-09
5.58405e-09
6.51026e-09
7.37693e-09
8.18658e-09
8.94194e-09
9.64588e-09
1.03013e-08
1.09112e-08
1.14783e-08
1.20054e-08
1.24954e-08
1.29506e-08
1.33736e-08
1.37666e-08
1.41318e-08
1.44713e-08
1.4787e-08
1.50805e-08
1.53536e-08
1.56078e-08
1.58444e-08
1.60649e-08
1.62703e-08
1.64619e-08
1.66406e-08
1.68074e-08
1.69632e-08
1.8475e-08
1.97205e-08
2.06132e-08
2.10793e-08
2.10724e-08
2.05851e-08
1.96546e-08
1.83582e-08
1.68005e-08
1.50947e-08
1.33455e-08
1.16381e-08
1.00331e-08
8.5681e-09
7.26088e-09
6.11504e-09
5.12451e-09
4.27747e-09
3.55923e-09
2.95418e-09
2.44708e-09
2.02372e-09
1.67134e-09
1.37867e-09
1.13599e-09
9.34984e-10
7.68589e-10
6.30879e-10
5.16884e-10
4.22461e-10
3.4416e-10
2.79116e-10
2.24948e-10
1.79677e-10
1.41651e-10
1.09486e-10
8.20111e-11
5.82123e-11
3.71857e-11
1.8077e-11
-1.10938e-30
2.717e-12
1.7232e-09
3.35352e-09
4.89204e-09
6.33873e-09
7.69488e-09
8.96275e-09
1.01454e-08
1.12464e-08
1.22697e-08
1.32195e-08
1.41002e-08
1.49159e-08
1.56709e-08
1.63694e-08
1.70154e-08
1.76126e-08
1.81646e-08
1.86749e-08
1.91466e-08
1.95827e-08
1.9986e-08
2.0359e-08
2.07042e-08
2.10238e-08
2.13197e-08
2.15939e-08
2.1848e-08
2.20837e-08
2.23025e-08
2.25056e-08
2.26943e-08
2.44628e-08
2.57856e-08
2.65526e-08
2.66872e-08
2.61662e-08
2.50314e-08
2.33858e-08
2.13749e-08
1.91587e-08
1.68848e-08
1.46714e-08
1.26006e-08
1.07207e-08
9.05303e-09
7.59951e-09
6.34972e-09
5.2862e-09
4.38838e-09
3.63505e-09
3.00589e-09
2.48229e-09
2.04767e-09
1.68761e-09
1.38972e-09
1.1435e-09
9.40076e-10
7.72046e-10
6.33225e-10
5.18476e-10
4.23542e-10
3.44894e-10
2.79614e-10
2.25285e-10
1.79904e-10
1.41803e-10
1.09588e-10
8.20778e-11
5.82544e-11
3.72102e-11
1.80881e-11
-1.00916e-30
3.77385e-12
2.37198e-09
4.61434e-09
6.72756e-09
8.71089e-09
1.05656e-08
1.22947e-08
1.39022e-08
1.53933e-08
1.67736e-08
1.80493e-08
1.92265e-08
2.03116e-08
2.13108e-08
2.22301e-08
2.30755e-08
2.38526e-08
2.45666e-08
2.52225e-08
2.5825e-08
2.63784e-08
2.68869e-08
2.73541e-08
2.77835e-08
2.81783e-08
2.85413e-08
2.88754e-08
2.91829e-08
2.94662e-08
2.97272e-08
2.99678e-08
3.01898e-08
3.21701e-08
3.34345e-08
3.38546e-08
3.33736e-08
3.20292e-08
2.9955e-08
2.73547e-08
2.44587e-08
2.14807e-08
1.85888e-08
1.58965e-08
1.34675e-08
1.13267e-08
9.47275e-09
7.88825e-09
6.54734e-09
5.42097e-09
4.48005e-09
3.6973e-09
3.04811e-09
2.5109e-09
2.06705e-09
1.70073e-09
1.39861e-09
1.14952e-09
9.44158e-10
7.74813e-10
6.35101e-10
5.19749e-10
4.24404e-10
3.45479e-10
2.8001e-10
2.25554e-10
1.80085e-10
1.41925e-10
1.09669e-10
8.21309e-11
5.82879e-11
3.72297e-11
1.8097e-11
-9.17873e-31
5.1266e-12
3.19735e-09
6.21793e-09
9.0612e-09
1.17252e-08
1.42112e-08
1.65228e-08
1.86656e-08
2.06464e-08
2.24733e-08
2.41546e-08
2.56993e-08
2.71163e-08
2.84145e-08
2.96025e-08
3.06887e-08
3.16811e-08
3.25872e-08
3.34142e-08
3.41688e-08
3.4857e-08
3.54848e-08
3.60573e-08
3.65794e-08
3.70557e-08
3.74903e-08
3.78868e-08
3.82488e-08
3.85794e-08
3.88813e-08
3.91573e-08
3.94096e-08
4.15155e-08
4.25346e-08
4.23338e-08
4.09109e-08
3.8414e-08
3.51175e-08
3.1357e-08
2.74535e-08
2.36591e-08
2.01395e-08
1.69828e-08
1.42195e-08
1.18429e-08
9.82502e-09
8.12763e-09
6.70955e-09
5.53069e-09
4.55418e-09
3.74736e-09
3.08191e-09
2.53372e-09
2.08246e-09
1.71115e-09
1.40565e-09
1.15428e-09
9.47381e-10
7.76995e-10
6.36579e-10
5.2075e-10
4.25083e-10
3.45939e-10
2.80322e-10
2.25764e-10
1.80228e-10
1.42021e-10
1.09733e-10
8.21725e-11
5.83142e-11
3.7245e-11
1.8104e-11
-8.34754e-31
6.52306e-12
4.04656e-09
7.8676e-09
1.14614e-08
1.48246e-08
1.79584e-08
2.08669e-08
2.35573e-08
2.60382e-08
2.832e-08
3.04136e-08
3.23306e-08
3.40828e-08
3.56817e-08
3.71388e-08
3.8465e-08
3.96709e-08
4.07664e-08
4.17609e-08
4.26632e-08
4.34815e-08
4.42231e-08
4.48952e-08
4.55042e-08
4.60557e-08
4.65553e-08
4.70079e-08
4.74177e-08
4.7789e-08
4.81254e-08
4.84302e-08
4.87064e-08
5.08538e-08
5.15168e-08
5.05695e-08
4.80844e-08
4.43443e-08
3.97829e-08
3.48718e-08
3.00111e-08
2.54728e-08
2.14022e-08
1.78507e-08
1.4811e-08
1.22438e-08
1.00956e-08
8.30994e-09
6.83223e-09
5.61319e-09
4.60967e-09
3.78468e-09
3.10703e-09
2.55064e-09
2.09387e-09
1.71884e-09
1.41085e-09
1.15779e-09
9.49753e-10
7.786e-10
6.37665e-10
5.21486e-10
4.25582e-10
3.46277e-10
2.80551e-10
2.25919e-10
1.80332e-10
1.42091e-10
1.0978e-10
8.2203e-11
5.83334e-11
3.72562e-11
1.81091e-11
-7.59084e-31
7.44451e-12
4.60596e-09
8.95419e-09
1.30421e-08
1.68656e-08
2.04255e-08
2.37265e-08
2.67767e-08
2.9586e-08
3.21662e-08
3.453e-08
3.66908e-08
3.86621e-08
4.04574e-08
4.209e-08
4.35725e-08
4.49172e-08
4.61356e-08
4.72386e-08
4.82364e-08
4.91384e-08
4.99533e-08
5.06892e-08
5.13535e-08
5.1953e-08
5.24937e-08
5.29815e-08
5.34213e-08
5.38179e-08
5.41755e-08
5.44978e-08
5.47884e-08
5.6947e-08
5.7357e-08
5.58986e-08
5.26965e-08
4.81256e-08
4.27276e-08
3.70649e-08
3.15882e-08
2.65785e-08
2.21642e-08
1.83699e-08
1.51622e-08
1.24803e-08
1.02545e-08
8.41654e-09
6.90371e-09
5.66113e-09
4.64184e-09
3.80628e-09
3.12155e-09
2.56041e-09
2.10044e-09
1.72328e-09
1.41384e-09
1.15981e-09
9.51117e-10
7.79522e-10
6.3829e-10
5.21909e-10
4.25868e-10
3.4647e-10
2.80682e-10
2.26008e-10
1.80392e-10
1.42131e-10
1.09806e-10
8.22205e-11
5.83445e-11
3.72626e-11
1.8112e-11
-6.90191e-31
7.43933e-12
4.60287e-09
8.94819e-09
1.30334e-08
1.68544e-08
2.04121e-08
2.37112e-08
2.67597e-08
2.95676e-08
3.21468e-08
3.451e-08
3.66705e-08
3.86418e-08
4.04375e-08
4.20707e-08
4.35541e-08
4.49e-08
4.61198e-08
4.72244e-08
4.8224e-08
4.91279e-08
4.99448e-08
5.06829e-08
5.13494e-08
5.19511e-08
5.24942e-08
5.29842e-08
5.34264e-08
5.38253e-08
5.41852e-08
5.45098e-08
5.48026e-08
5.69898e-08
5.74359e-08
5.6016e-08
5.28463e-08
4.82934e-08
4.28947e-08
3.72152e-08
3.17123e-08
2.66747e-08
2.22355e-08
1.84212e-08
1.51983e-08
1.25053e-08
1.02718e-08
8.42831e-09
6.91171e-09
5.66656e-09
4.64551e-09
3.80876e-09
3.12322e-09
2.56154e-09
2.10121e-09
1.72379e-09
1.41419e-09
1.16005e-09
9.51277e-10
7.79631e-10
6.38363e-10
5.21958e-10
4.25902e-10
3.46493e-10
2.80697e-10
2.26018e-10
1.80399e-10
1.42136e-10
1.0981e-10
8.22226e-11
5.83458e-11
3.72634e-11
1.81124e-11
-6.27464e-31
6.43808e-12
3.99567e-09
7.7688e-09
1.13178e-08
1.46395e-08
1.77351e-08
2.0609e-08
2.3268e-08
2.57209e-08
2.79779e-08
3.00499e-08
3.19483e-08
3.36845e-08
3.52702e-08
3.67164e-08
3.8034e-08
3.92333e-08
4.03241e-08
4.13155e-08
4.22161e-08
4.30339e-08
4.37762e-08
4.44499e-08
4.50613e-08
4.5616e-08
4.61194e-08
4.65761e-08
4.69906e-08
4.73667e-08
4.77083e-08
4.80184e-08
4.83e-08
5.05292e-08
5.13153e-08
5.05173e-08
4.81804e-08
4.45571e-08
4.00601e-08
3.51597e-08
3.0271e-08
2.56863e-08
2.1567e-08
1.79727e-08
1.48987e-08
1.23056e-08
1.01387e-08
8.33964e-09
6.85258e-09
5.62707e-09
4.6191e-09
3.79108e-09
3.11137e-09
2.55358e-09
2.09586e-09
1.72019e-09
1.41176e-09
1.15841e-09
9.50171e-10
7.78883e-10
6.37857e-10
5.21616e-10
4.2567e-10
3.46336e-10
2.80591e-10
2.25947e-10
1.80351e-10
1.42104e-10
1.09788e-10
8.22086e-11
5.8337e-11
3.72583e-11
1.811e-11
-2.98623e-31
5.13246e-12
3.20311e-09
6.22932e-09
9.07819e-09
1.17479e-08
1.42398e-08
1.65575e-08
1.87068e-08
2.06945e-08
2.25287e-08
2.42179e-08
2.57709e-08
2.71966e-08
2.85039e-08
2.97014e-08
3.07974e-08
3.17999e-08
3.27164e-08
3.35539e-08
3.43191e-08
3.5018e-08
3.56564e-08
3.62395e-08
3.67721e-08
3.72588e-08
3.77036e-08
3.81101e-08
3.84819e-08
3.88221e-08
3.91333e-08
3.94184e-08
3.96795e-08
4.18899e-08
4.30312e-08
4.29541e-08
4.16313e-08
3.91857e-08
3.58772e-08
3.20464e-08
2.80353e-08
2.41217e-08
2.0491e-08
1.7241e-08
1.44047e-08
1.19735e-08
9.91596e-09
8.1904e-09
6.7526e-09
5.56008e-09
4.57418e-09
3.76094e-09
3.09112e-09
2.53996e-09
2.08669e-09
1.71401e-09
1.40759e-09
1.15559e-09
9.4827e-10
7.77597e-10
6.36987e-10
5.21027e-10
4.25271e-10
3.46066e-10
2.80408e-10
2.25823e-10
1.80267e-10
1.42048e-10
1.09751e-10
8.21843e-11
5.83217e-11
3.72494e-11
1.8106e-11
3.19868e-34
4.04359e-12
2.53984e-09
4.94075e-09
7.20318e-09
9.32626e-09
1.13114e-08
1.31616e-08
1.48816e-08
1.64766e-08
1.79528e-08
1.93168e-08
2.05753e-08
2.1735e-08
2.28027e-08
2.3785e-08
2.4688e-08
2.55178e-08
2.62802e-08
2.69804e-08
2.76234e-08
2.8214e-08
2.87564e-08
2.92548e-08
2.97126e-08
3.01335e-08
3.05205e-08
3.08765e-08
3.12041e-08
3.15058e-08
3.17837e-08
3.20398e-08
3.22761e-08
3.43787e-08
3.57077e-08
3.61211e-08
3.55527e-08
3.40402e-08
3.17298e-08
2.88505e-08
2.56647e-08
2.24153e-08
1.92895e-08
1.64082e-08
1.38337e-08
1.15848e-08
9.65267e-09
8.01258e-09
6.63272e-09
5.47934e-09
4.51982e-09
3.72433e-09
3.06646e-09
2.52334e-09
2.07548e-09
1.70645e-09
1.40249e-09
1.15214e-09
9.45936e-10
7.76018e-10
6.35918e-10
5.20303e-10
4.24781e-10
3.45734e-10
2.80183e-10
2.25671e-10
1.80165e-10
1.41979e-10
1.09705e-10
8.21544e-11
5.83029e-11
3.72385e-11
1.8101e-11
3.51759e-34
3.15301e-12
1.9942e-09
3.88045e-09
5.65975e-09
7.3319e-09
8.89826e-09
1.03614e-08
1.17249e-08
1.29928e-08
1.417e-08
1.52612e-08
1.62715e-08
1.72061e-08
1.80699e-08
1.88677e-08
1.96044e-08
2.02844e-08
2.09119e-08
2.14909e-08
2.20252e-08
2.25184e-08
2.29736e-08
2.33939e-08
2.37821e-08
2.41407e-08
2.44723e-08
2.47789e-08
2.50626e-08
2.53252e-08
2.55684e-08
2.57938e-08
2.60028e-08
2.79361e-08
2.93246e-08
3.00423e-08
3.00075e-08
2.92061e-08
2.77044e-08
2.56423e-08
2.32063e-08
2.05926e-08
1.79729e-08
1.54759e-08
1.31831e-08
1.11355e-08
9.34473e-09
7.80263e-09
6.4901e-09
5.38269e-09
4.45442e-09
3.68011e-09
3.03658e-09
2.50315e-09
2.06184e-09
1.69722e-09
1.39625e-09
1.14792e-09
9.43079e-10
7.74083e-10
6.34607e-10
5.19415e-10
4.24179e-10
3.45326e-10
2.79907e-10
2.25484e-10
1.80039e-10
1.41894e-10
1.09649e-10
8.21176e-11
5.82796e-11
3.7225e-11
1.80949e-11
3.86805e-34
2.43701e-12
1.55228e-09
3.02144e-09
4.40875e-09
5.71443e-09
6.93975e-09
8.08683e-09
9.15841e-09
1.01577e-08
1.10881e-08
1.19534e-08
1.27573e-08
1.35035e-08
1.41958e-08
1.48377e-08
1.54328e-08
1.59842e-08
1.64953e-08
1.69689e-08
1.74078e-08
1.78146e-08
1.81919e-08
1.85417e-08
1.88663e-08
1.91675e-08
1.94472e-08
1.97071e-08
1.99486e-08
2.01731e-08
2.03821e-08
2.05765e-08
2.07577e-08
2.24847e-08
2.38401e-08
2.47178e-08
2.50351e-08
2.47507e-08
2.3879e-08
2.24931e-08
2.0714e-08
1.86876e-08
1.65589e-08
1.44507e-08
1.24533e-08
1.06232e-08
8.9888e-09
7.55726e-09
6.3219e-09
5.26785e-09
4.37624e-09
3.627e-09
3.00054e-09
2.47872e-09
2.04528e-09
1.68601e-09
1.38865e-09
1.14277e-09
9.39589e-10
7.71718e-10
6.33003e-10
5.18327e-10
4.23441e-10
3.44826e-10
2.79568e-10
2.25255e-10
1.79884e-10
1.4179e-10
1.0958e-10
8.20724e-11
5.82511e-11
3.72084e-11
1.80873e-11
2.38702e-34
2.33148e-12
1.48683e-09
2.89419e-09
4.22337e-09
5.47466e-09
6.64929e-09
7.74932e-09
8.77736e-09
9.73646e-09
1.06299e-08
1.14613e-08
1.22341e-08
1.29518e-08
1.36181e-08
1.42363e-08
1.48098e-08
1.53415e-08
1.58347e-08
1.6292e-08
1.67161e-08
1.71094e-08
1.74744e-08
1.78132e-08
1.81276e-08
1.84197e-08
1.86911e-08
1.89434e-08
1.91781e-08
1.93964e-08
1.95997e-08
1.9789e-08
1.99655e-08
2.16556e-08
2.29985e-08
2.38919e-08
2.42535e-08
2.40395e-08
2.32577e-08
2.19721e-08
2.02939e-08
1.83607e-08
1.63122e-08
1.42693e-08
1.23225e-08
1.05305e-08
8.9238e-09
7.51213e-09
6.29078e-09
5.2465e-09
4.36165e-09
3.61706e-09
2.99378e-09
2.47412e-09
2.04216e-09
1.68389e-09
1.38721e-09
1.1418e-09
9.38929e-10
7.7127e-10
6.327e-10
5.18121e-10
4.23301e-10
3.44731e-10
2.79504e-10
2.25211e-10
1.79855e-10
1.4177e-10
1.09566e-10
8.20638e-11
5.82457e-11
3.72053e-11
1.80859e-11
2.22744e-34
1.86921e-12
1.19895e-09
2.33437e-09
3.40764e-09
4.4192e-09
5.37021e-09
6.26237e-09
7.09779e-09
7.87888e-09
8.60824e-09
9.28859e-09
9.92267e-09
1.05132e-08
1.1063e-08
1.15746e-08
1.20506e-08
1.24934e-08
1.29052e-08
1.32884e-08
1.36448e-08
1.39765e-08
1.42853e-08
1.45727e-08
1.48405e-08
1.50899e-08
1.53224e-08
1.55393e-08
1.57416e-08
1.59304e-08
1.61068e-08
1.62716e-08
1.64256e-08
1.79304e-08
1.91914e-08
2.01231e-08
2.06502e-08
2.07206e-08
2.03182e-08
1.947e-08
1.82447e-08
1.67414e-08
1.50726e-08
1.33454e-08
1.16489e-08
1.00479e-08
8.58282e-09
7.27374e-09
6.12546e-09
5.13255e-09
4.28348e-09
3.5636e-09
2.95732e-09
2.4493e-09
2.02528e-09
1.67242e-09
1.37942e-09
1.13651e-09
9.3534e-10
7.68834e-10
6.31046e-10
5.16999e-10
4.2254e-10
3.44214e-10
2.79154e-10
2.24974e-10
1.79694e-10
1.41663e-10
1.09495e-10
8.2017e-11
5.82162e-11
3.71881e-11
1.80781e-11
4.31471e-34
1.42452e-12
9.19839e-10
1.79144e-09
2.61612e-09
3.39445e-09
4.12743e-09
4.81641e-09
5.46302e-09
6.06906e-09
6.63647e-09
7.16723e-09
7.66336e-09
8.12687e-09
8.55972e-09
8.96383e-09
9.34103e-09
9.6931e-09
1.00217e-08
1.03284e-08
1.06148e-08
1.08822e-08
1.11319e-08
1.13652e-08
1.15832e-08
1.17871e-08
1.19777e-08
1.21561e-08
1.23231e-08
1.24794e-08
1.26259e-08
1.27631e-08
1.28919e-08
1.41748e-08
1.53053e-08
1.62173e-08
1.6847e-08
1.71418e-08
1.70704e-08
1.66308e-08
1.58536e-08
1.47984e-08
1.35446e-08
1.21781e-08
1.07789e-08
9.41257e-09
8.12649e-09
6.95027e-09
5.89854e-09
4.97465e-09
4.17428e-09
3.48845e-09
2.90578e-09
2.41406e-09
2.00123e-09
1.65603e-09
1.36827e-09
1.12892e-09
9.3018e-10
7.65327e-10
6.28663e-10
5.1538e-10
4.2144e-10
3.43468e-10
2.78647e-10
2.24631e-10
1.79463e-10
1.41507e-10
1.09391e-10
8.19491e-11
5.81733e-11
3.71632e-11
1.80667e-11
5.14048e-34
1.08015e-12
7.01822e-10
1.36718e-09
1.9973e-09
2.59274e-09
3.15436e-09
3.68324e-09
4.1806e-09
4.64781e-09
5.0863e-09
5.4975e-09
5.88291e-09
6.24397e-09
6.5821e-09
6.8987e-09
7.1951e-09
7.47256e-09
7.73231e-09
7.97551e-09
8.20323e-09
8.4165e-09
8.61629e-09
8.80349e-09
8.97896e-09
9.14348e-09
9.29778e-09
9.44256e-09
9.57845e-09
9.70604e-09
9.82589e-09
9.93852e-09
1.00444e-08
1.11173e-08
1.2101e-08
1.29461e-08
1.36016e-08
1.40202e-08
1.41659e-08
1.40208e-08
1.35899e-08
1.29028e-08
1.20092e-08
1.0972e-08
9.85674e-09
8.72371e-09
7.62184e-09
6.58645e-09
5.63963e-09
4.79231e-09
4.04692e-09
3.40007e-09
2.84476e-09
2.37209e-09
1.97245e-09
1.63635e-09
1.35482e-09
1.11975e-09
9.23933e-10
7.61073e-10
6.25769e-10
5.13411e-10
4.20101e-10
3.42559e-10
2.7803e-10
2.24213e-10
1.7918e-10
1.41317e-10
1.09265e-10
8.18662e-11
5.8121e-11
3.71327e-11
1.80528e-11
5.65024e-34
8.15737e-13
5.3303e-10
1.03861e-09
1.5178e-09
1.97113e-09
2.39931e-09
2.80319e-09
3.18371e-09
3.54188e-09
3.87875e-09
4.19539e-09
4.49286e-09
4.77223e-09
5.03452e-09
5.28074e-09
5.51184e-09
5.72875e-09
5.93234e-09
6.12346e-09
6.30289e-09
6.47137e-09
6.62961e-09
6.77826e-09
6.91794e-09
7.04924e-09
7.17268e-09
7.28877e-09
7.398e-09
7.50079e-09
7.59757e-09
7.6887e-09
7.77456e-09
8.65675e-09
9.49181e-09
1.02441e-08
1.08745e-08
1.13438e-08
1.16175e-08
1.16709e-08
1.14943e-08
1.1096e-08
1.05023e-08
9.75395e-09
8.90018e-09
7.99149e-09
7.07364e-09
6.18367e-09
5.34829e-09
4.58427e-09
3.8999e-09
3.29704e-09
2.77305e-09
2.32243e-09
1.93822e-09
1.61282e-09
1.33869e-09
1.10872e-09
9.16394e-10
7.55929e-10
6.22262e-10
5.11022e-10
4.18475e-10
3.41453e-10
2.77279e-10
2.23703e-10
1.78836e-10
1.41085e-10
1.0911e-10
8.17651e-11
5.80571e-11
3.70956e-11
1.80358e-11
6.20951e-34
6.14111e-13
4.0332e-10
7.86031e-10
1.14903e-09
1.49278e-09
1.81787e-09
2.12496e-09
2.41475e-09
2.68801e-09
2.94552e-09
3.18804e-09
3.41636e-09
3.63125e-09
3.83345e-09
4.02367e-09
4.20263e-09
4.37098e-09
4.52936e-09
4.67837e-09
4.81858e-09
4.95053e-09
5.07474e-09
5.19168e-09
5.3018e-09
5.40552e-09
5.50325e-09
5.59534e-09
5.68216e-09
5.76403e-09
5.84125e-09
5.9141e-09
5.98286e-09
6.69755e-09
7.39188e-09
8.0409e-09
8.61588e-09
9.08608e-09
9.42162e-09
9.59712e-09
9.59579e-09
9.41287e-09
9.05753e-09
8.55229e-09
7.93009e-09
7.22952e-09
6.48963e-09
5.74551e-09
5.02551e-09
4.35011e-09
3.73218e-09
3.17817e-09
2.6895e-09
2.26412e-09
1.89774e-09
1.58484e-09
1.31943e-09
1.09549e-09
9.07328e-10
7.49727e-10
6.18025e-10
5.08131e-10
4.16505e-10
3.40111e-10
2.76366e-10
2.23084e-10
1.78416e-10
1.40803e-10
1.08922e-10
8.16418e-11
5.79792e-11
3.70502e-11
1.80151e-11
6.82273e-34
4.61206e-13
3.04255e-10
5.93072e-10
8.67184e-10
1.12699e-09
1.37297e-09
1.60561e-09
1.82547e-09
2.03311e-09
2.2291e-09
2.41402e-09
2.58842e-09
2.75286e-09
2.90789e-09
3.05403e-09
3.19178e-09
3.32162e-09
3.444e-09
3.55938e-09
3.66815e-09
3.77071e-09
3.86744e-09
3.95867e-09
4.04474e-09
4.12596e-09
4.20262e-09
4.27499e-09
4.34333e-09
4.40787e-09
4.46885e-09
4.52647e-09
4.58093e-09
5.15252e-09
5.71982e-09
6.26591e-09
6.77041e-09
7.21035e-09
7.56167e-09
7.80155e-09
7.91134e-09
7.87956e-09
7.70434e-09
7.39452e-09
6.96898e-09
6.45413e-09
5.88031e-09
5.27786e-09
4.67396e-09
4.09051e-09
3.54337e-09
3.04256e-09
2.59313e-09
2.19623e-09
1.85024e-09
1.5518e-09
1.29655e-09
1.0797e-09
8.9647e-10
7.42276e-10
6.12921e-10
5.04641e-10
4.14121e-10
3.38485e-10
2.7526e-10
2.22332e-10
1.77907e-10
1.4046e-10
1.08693e-10
8.14917e-11
5.78843e-11
3.6995e-11
1.79899e-11
7.49465e-34
3.45746e-13
2.28976e-10
4.46403e-10
6.52875e-10
8.48722e-10
1.03431e-09
1.21004e-09
1.37632e-09
1.53357e-09
1.68221e-09
1.82266e-09
1.95533e-09
2.08063e-09
2.19895e-09
2.31067e-09
2.41615e-09
2.51574e-09
2.60977e-09
2.69857e-09
2.78242e-09
2.86161e-09
2.93642e-09
3.00709e-09
3.07387e-09
3.13698e-09
3.19663e-09
3.25303e-09
3.30636e-09
3.3568e-09
3.40452e-09
3.44967e-09
3.4924e-09
3.9445e-09
4.40121e-09
4.85138e-09
5.28106e-09
5.67375e-09
6.01113e-09
6.27438e-09
6.44606e-09
6.51238e-09
6.46546e-09
6.30501e-09
6.03905e-09
5.68317e-09
5.25849e-09
4.78892e-09
4.2982e-09
3.80752e-09
3.33394e-09
2.88989e-09
2.48323e-09
2.11794e-09
1.79496e-09
1.51305e-09
1.26954e-09
1.06097e-09
8.83523e-10
7.33358e-10
6.06794e-10
5.0044e-10
4.11246e-10
3.36521e-10
2.7392e-10
2.21421e-10
1.77289e-10
1.40044e-10
1.08415e-10
8.13092e-11
5.77689e-11
3.69277e-11
1.79592e-11
8.23025e-34
2.58848e-13
1.72003e-10
3.35375e-10
4.90589e-10
6.37913e-10
7.77635e-10
9.10059e-10
1.03549e-09
1.15425e-09
1.26664e-09
1.37298e-09
1.47356e-09
1.56869e-09
1.65864e-09
1.74369e-09
1.82411e-09
1.90015e-09
1.97205e-09
2.04003e-09
2.10433e-09
2.16513e-09
2.22265e-09
2.27706e-09
2.32854e-09
2.37725e-09
2.42336e-09
2.467e-09
2.50832e-09
2.54744e-09
2.5845e-09
2.6196e-09
2.65285e-09
3.00707e-09
3.37017e-09
3.73505e-09
4.09247e-09
4.43099e-09
4.73731e-09
4.99683e-09
5.19484e-09
5.31794e-09
5.35587e-09
5.30316e-09
5.16039e-09
4.93454e-09
4.63836e-09
4.28876e-09
3.90464e-09
3.50467e-09
3.10548e-09
2.72049e-09
2.35948e-09
2.02867e-09
1.73124e-09
1.46796e-09
1.23787e-09
1.03886e-09
8.68165e-10
7.22731e-10
5.99465e-10
4.954e-10
4.07788e-10
3.34154e-10
2.72303e-10
2.20319e-10
1.76542e-10
1.39539e-10
1.08077e-10
8.10877e-11
5.76287e-11
3.6846e-11
1.79219e-11
9.03473e-34
1.93611e-13
1.29022e-10
2.51599e-10
3.68101e-10
4.78743e-10
5.8375e-10
6.8335e-10
7.77778e-10
8.67267e-10
9.52049e-10
1.03235e-09
1.10839e-09
1.18039e-09
1.24856e-09
1.31309e-09
1.37418e-09
1.43201e-09
1.48675e-09
1.53859e-09
1.58766e-09
1.63412e-09
1.67813e-09
1.7198e-09
1.75927e-09
1.79666e-09
1.83209e-09
1.86566e-09
1.89747e-09
1.92763e-09
1.95621e-09
1.98332e-09
2.00901e-09
2.28432e-09
2.56998e-09
2.86162e-09
3.15331e-09
3.43742e-09
3.70463e-09
3.94421e-09
4.14457e-09
4.29415e-09
4.38262e-09
4.40228e-09
4.34932e-09
4.22469e-09
4.03435e-09
3.7887e-09
3.50125e-09
3.18702e-09
2.86075e-09
2.53559e-09
2.22214e-09
1.92815e-09
1.65859e-09
1.41602e-09
1.20106e-09
1.01296e-09
8.50056e-10
7.10134e-10
5.90739e-10
4.89376e-10
4.03642e-10
3.31308e-10
2.70355e-10
2.1899e-10
1.75638e-10
1.38928e-10
1.07669e-10
8.08192e-11
5.74586e-11
3.67469e-11
1.78766e-11
9.91344e-34
1.44724e-13
9.66785e-11
1.88546e-10
2.75891e-10
3.58881e-10
4.3769e-10
5.12492e-10
5.83464e-10
6.50779e-10
7.1461e-10
7.75123e-10
8.32482e-10
8.86845e-10
9.38364e-10
9.87185e-10
1.03345e-09
1.07729e-09
1.11883e-09
1.15821e-09
1.19552e-09
1.23089e-09
1.26441e-09
1.29619e-09
1.32632e-09
1.35489e-09
1.38198e-09
1.40767e-09
1.43204e-09
1.45515e-09
1.47708e-09
1.49789e-09
1.51764e-09
1.73017e-09
1.95293e-09
2.18334e-09
2.41772e-09
2.65115e-09
2.87734e-09
3.08874e-09
3.2767e-09
3.43198e-09
3.54549e-09
3.60924e-09
3.61738e-09
3.56723e-09
3.45989e-09
3.30036e-09
3.09708e-09
2.86089e-09
2.60374e-09
2.33735e-09
2.07215e-09
1.81657e-09
1.5768e-09
1.3568e-09
1.15865e-09
9.82857e-10
8.28848e-10
6.95286e-10
5.80398e-10
4.82206e-10
3.9869e-10
3.27898e-10
2.68015e-10
2.17389e-10
1.74548e-10
1.3819e-10
1.07174e-10
8.04942e-11
5.72526e-11
3.66267e-11
1.78216e-11
1.08717e-33
1.08139e-13
7.2387e-11
1.41183e-10
2.06611e-10
2.68802e-10
3.27889e-10
3.84004e-10
4.37279e-10
4.87844e-10
5.35828e-10
5.81352e-10
6.24539e-10
6.65503e-10
7.04357e-10
7.41208e-10
7.76158e-10
8.09306e-10
8.40745e-10
8.70564e-10
8.98849e-10
9.25679e-10
9.51131e-10
9.75278e-10
9.9819e-10
1.01993e-09
1.04056e-09
1.06014e-09
1.07872e-09
1.09637e-09
1.11311e-09
1.12902e-09
1.14411e-09
1.30727e-09
1.4797e-09
1.65999e-09
1.84593e-09
2.03447e-09
2.22153e-09
2.40196e-09
2.56961e-09
2.71754e-09
2.83837e-09
2.92492e-09
2.97096e-09
2.97204e-09
2.92625e-09
2.83467e-09
2.70148e-09
2.53352e-09
2.3395e-09
2.12896e-09
1.91124e-09
1.69467e-09
1.48598e-09
1.29013e-09
1.11031e-09
9.48188e-10
8.04207e-10
6.77905e-10
5.68217e-10
4.73715e-10
3.92798e-10
3.23827e-10
2.65212e-10
2.15467e-10
1.73236e-10
1.37301e-10
1.06578e-10
8.01014e-11
5.70033e-11
3.64812e-11
1.77551e-11
1.19149e-33
8.07844e-14
5.41693e-11
1.05659e-10
1.54639e-10
2.01212e-10
2.45477e-10
2.87537e-10
3.2749e-10
3.65433e-10
4.0146e-10
4.35663e-10
4.68132e-10
4.98951e-10
5.28203e-10
5.55967e-10
5.82317e-10
6.07326e-10
6.31063e-10
6.53593e-10
6.74977e-10
6.95277e-10
7.14547e-10
7.32841e-10
7.50209e-10
7.667e-10
7.8236e-10
7.9723e-10
8.11353e-10
8.24767e-10
8.37508e-10
8.49612e-10
8.61111e-10
9.85773e-10
1.11844e-09
1.25838e-09
1.40436e-09
1.55456e-09
1.7064e-09
1.85652e-09
2.00073e-09
2.13403e-09
2.25083e-09
2.34522e-09
2.41152e-09
2.44486e-09
2.4418e-09
2.40096e-09
2.32338e-09
2.21248e-09
2.07384e-09
1.91444e-09
1.74194e-09
1.56382e-09
1.38674e-09
1.2161e-09
1.05589e-09
9.08684e-10
7.75837e-10
6.57717e-10
5.53962e-10
4.63716e-10
3.85823e-10
3.18986e-10
2.61867e-10
2.13166e-10
1.71662e-10
1.36231e-10
1.05859e-10
7.96275e-11
5.67023e-11
3.63053e-11
1.76746e-11
1.30478e-33
6.03438e-14
4.05213e-11
7.90425e-11
1.15694e-10
1.50553e-10
1.83697e-10
2.15202e-10
2.45142e-10
2.73589e-10
3.00615e-10
3.26286e-10
3.50669e-10
3.73826e-10
3.95819e-10
4.16705e-10
4.36539e-10
4.55375e-10
4.73264e-10
4.90252e-10
5.06387e-10
5.21711e-10
5.36267e-10
5.50093e-10
5.63226e-10
5.75703e-10
5.87556e-10
5.98818e-10
6.09519e-10
6.19687e-10
6.2935e-10
6.38534e-10
6.47262e-10
7.42145e-10
8.43703e-10
9.51614e-10
1.06524e-09
1.18354e-09
1.30497e-09
1.42741e-09
1.5481e-09
1.66359e-09
1.76985e-09
1.86235e-09
1.93637e-09
1.98739e-09
2.01157e-09
2.00625e-09
1.97043e-09
1.90502e-09
1.81287e-09
1.69848e-09
1.56749e-09
1.42605e-09
1.28016e-09
1.13518e-09
9.95461e-10
8.64209e-10
7.43515e-10
6.3448e-10
5.37411e-10
4.52019e-10
3.77613e-10
3.13257e-10
2.57891e-10
2.10422e-10
1.69778e-10
1.34948e-10
1.04995e-10
7.90568e-11
5.63393e-11
3.6093e-11
1.75774e-11
1.42748e-33
4.5075e-14
3.03045e-11
5.9116e-11
8.65335e-11
1.12616e-10
1.37423e-10
1.61011e-10
1.83435e-10
2.0475e-10
2.25009e-10
2.4426e-10
2.62555e-10
2.79938e-10
2.96454e-10
3.12148e-10
3.27058e-10
3.41225e-10
3.54686e-10
3.67476e-10
3.79629e-10
3.91177e-10
4.02151e-10
4.12579e-10
4.2249e-10
4.31909e-10
4.40861e-10
4.4937e-10
4.57459e-10
4.65148e-10
4.72458e-10
4.79407e-10
4.86014e-10
5.58003e-10
6.35422e-10
7.18184e-10
8.05999e-10
8.98318e-10
9.9426e-10
1.09254e-09
1.19141e-09
1.28859e-09
1.38128e-09
1.46618e-09
1.53966e-09
1.59791e-09
1.63734e-09
1.65489e-09
1.64851e-09
1.61745e-09
1.56251e-09
1.48603e-09
1.39166e-09
1.28395e-09
1.16787e-09
1.04824e-09
9.29391e-10
8.14821e-10
7.07129e-10
6.0801e-10
5.18364e-10
4.38441e-10
3.68012e-10
3.06516e-10
2.53188e-10
2.07161e-10
1.67532e-10
1.33414e-10
1.03959e-10
7.83713e-11
5.59026e-11
3.58373e-11
1.74602e-11
1.55991e-33
3.36712e-14
2.26602e-11
4.42057e-11
6.47117e-11
8.42232e-11
1.02784e-10
1.20438e-10
1.37227e-10
1.5319e-10
1.68368e-10
1.82796e-10
1.96513e-10
2.09551e-10
2.21944e-10
2.33725e-10
2.44922e-10
2.55566e-10
2.65683e-10
2.75299e-10
2.84441e-10
2.93131e-10
3.01391e-10
3.09244e-10
3.1671e-10
3.23809e-10
3.30558e-10
3.36975e-10
3.43077e-10
3.48879e-10
3.54397e-10
3.59644e-10
3.64635e-10
4.1911e-10
4.77927e-10
5.41115e-10
6.08587e-10
6.80088e-10
7.55149e-10
8.33031e-10
9.12665e-10
9.92603e-10
1.07098e-09
1.1455e-09
1.2135e-09
1.27202e-09
1.31802e-09
1.3486e-09
1.36135e-09
1.35464e-09
1.32793e-09
1.2819e-09
1.21846e-09
1.14059e-09
1.05197e-09
9.56599e-10
8.58386e-10
7.60814e-10
6.66722e-10
5.78215e-10
4.9667e-10
4.2282e-10
3.56871e-10
2.98636e-10
2.47657e-10
2.03306e-10
1.64865e-10
1.31585e-10
1.02721e-10
7.755e-11
5.53784e-11
3.55299e-11
1.73192e-11
1.70225e-33
2.51542e-14
1.69424e-11
3.30526e-11
4.83871e-11
6.29804e-11
7.68656e-11
9.00752e-11
1.0264e-10
1.14591e-10
1.25957e-10
1.36766e-10
1.47044e-10
1.56817e-10
1.6611e-10
1.74947e-10
1.83349e-10
1.91338e-10
1.98934e-10
2.06157e-10
2.13026e-10
2.19557e-10
2.25767e-10
2.31674e-10
2.3729e-10
2.42632e-10
2.47712e-10
2.52544e-10
2.5714e-10
2.61511e-10
2.65669e-10
2.69624e-10
2.73387e-10
3.14522e-10
3.59078e-10
4.07145e-10
4.58737e-10
5.1377e-10
5.72022e-10
6.33096e-10
6.96373e-10
7.60966e-10
8.25681e-10
8.88987e-10
9.49013e-10
1.00358e-09
1.05031e-09
1.08673e-09
1.11053e-09
1.11977e-09
1.11317e-09
1.09033e-09
1.05182e-09
9.99222e-10
9.34934e-10
8.61949e-10
7.83502e-10
7.02756e-10
6.2253e-10
5.45127e-10
4.72254e-10
4.05031e-10
3.44055e-10
2.89494e-10
2.41192e-10
1.98772e-10
1.61713e-10
1.29415e-10
1.01246e-10
7.65688e-11
5.47508e-11
3.51612e-11
1.71499e-11
1.85443e-33
1.87928e-14
1.26664e-11
2.47113e-11
3.61774e-11
4.70906e-11
5.74761e-11
6.7358e-11
7.67599e-11
8.57043e-11
9.42128e-11
1.02306e-10
1.10005e-10
1.17327e-10
1.24291e-10
1.30915e-10
1.37215e-10
1.43207e-10
1.48906e-10
1.54327e-10
1.59483e-10
1.64387e-10
1.69051e-10
1.73488e-10
1.77709e-10
1.81724e-10
1.85543e-10
1.89177e-10
1.92633e-10
1.95922e-10
1.99051e-10
2.02028e-10
2.0486e-10
2.35866e-10
2.6954e-10
3.05992e-10
3.45285e-10
3.87425e-10
4.32334e-10
4.7982e-10
5.29548e-10
5.81002e-10
6.33446e-10
6.85898e-10
7.371e-10
7.85523e-10
8.29398e-10
8.66783e-10
8.95692e-10
9.14255e-10
9.20926e-10
9.1469e-10
8.95234e-10
8.63047e-10
8.19414e-10
7.66297e-10
7.06119e-10
6.41504e-10
5.75014e-10
5.08936e-10
4.4514e-10
3.85012e-10
3.29464e-10
2.7898e-10
2.33695e-10
1.93476e-10
1.58008e-10
1.2685e-10
9.94964e-11
7.5401e-11
5.40017e-11
3.47204e-11
1.69473e-11
2.01611e-33
1.40406e-14
9.4688e-12
1.84734e-11
2.70459e-11
3.5206e-11
4.29726e-11
5.03637e-11
5.7397e-11
6.40894e-11
7.04569e-11
7.6515e-11
8.22787e-11
8.7762e-11
9.29785e-11
9.79412e-11
1.02662e-10
1.07154e-10
1.11426e-10
1.15491e-10
1.19358e-10
1.23038e-10
1.26538e-10
1.29868e-10
1.33037e-10
1.36051e-10
1.3892e-10
1.41649e-10
1.44246e-10
1.46717e-10
1.49069e-10
1.51307e-10
1.53436e-10
1.76771e-10
2.02172e-10
2.29744e-10
2.59571e-10
2.91701e-10
3.26133e-10
3.62795e-10
4.01526e-10
4.42042e-10
4.83912e-10
5.2653e-10
5.69085e-10
6.10545e-10
6.4966e-10
6.84988e-10
7.14951e-10
7.37939e-10
7.52443e-10
7.57221e-10
7.51462e-10
7.34926e-10
7.08023e-10
6.71804e-10
6.27866e-10
5.78177e-10
5.24866e-10
4.70015e-10
4.15481e-10
3.62782e-10
3.13046e-10
2.67013e-10
2.25075e-10
1.87336e-10
1.53681e-10
1.23838e-10
9.74307e-11
7.40166e-11
5.31109e-11
3.41949e-11
1.67053e-11
2.18651e-33
1.04898e-14
7.07751e-12
1.38083e-11
2.02166e-11
2.63171e-11
3.2124e-11
3.76509e-11
4.29111e-11
4.7917e-11
5.26807e-11
5.72138e-11
6.15273e-11
6.56318e-11
6.95373e-11
7.32534e-11
7.67894e-11
8.01539e-11
8.33553e-11
8.64015e-11
8.93001e-11
9.20582e-11
9.46827e-11
9.71802e-11
9.95568e-11
1.01818e-10
1.03971e-10
1.06019e-10
1.07968e-10
1.09823e-10
1.11589e-10
1.13269e-10
1.14868e-10
1.32408e-10
1.51535e-10
1.72345e-10
1.94922e-10
2.19332e-10
2.45611e-10
2.73753e-10
3.03694e-10
3.35297e-10
3.68324e-10
4.02417e-10
4.37074e-10
4.71627e-10
5.05229e-10
5.36858e-10
5.65336e-10
5.8938e-10
6.07681e-10
6.19019e-10
6.22392e-10
6.17151e-10
6.03109e-10
5.80606e-10
5.50504e-10
5.14101e-10
4.72999e-10
4.28929e-10
3.83581e-10
3.38465e-10
2.94815e-10
2.53549e-10
2.15266e-10
1.80279e-10
1.48667e-10
1.20322e-10
9.50057e-11
7.23836e-11
5.20562e-11
3.3571e-11
1.64176e-11
2.36432e-33
7.83604e-15
5.28906e-12
1.03192e-11
1.51085e-11
1.96682e-11
2.40088e-11
2.81406e-11
3.20734e-11
3.58166e-11
3.93793e-11
4.27699e-11
4.59967e-11
4.90677e-11
5.19902e-11
5.47715e-11
5.74184e-11
5.99373e-11
6.23344e-11
6.46157e-11
6.67868e-11
6.8853e-11
7.08195e-11
7.26909e-11
7.44721e-11
7.61673e-11
7.77807e-11
7.93164e-11
8.0778e-11
8.21692e-11
8.34934e-11
8.47539e-11
8.59536e-11
9.91217e-11
1.13503e-10
1.2918e-10
1.46229e-10
1.64717e-10
1.84696e-10
2.06191e-10
2.29196e-10
2.53654e-10
2.79448e-10
3.0638e-10
3.34152e-10
3.62349e-10
3.9042e-10
4.17671e-10
4.43264e-10
4.66236e-10
4.85541e-10
5.00117e-10
5.08971e-10
5.11294e-10
5.06562e-10
4.9463e-10
4.75781e-10
4.50716e-10
4.20494e-10
3.86419e-10
3.49899e-10
3.12308e-10
2.74874e-10
2.38601e-10
2.04232e-10
1.72251e-10
1.42907e-10
1.1625e-10
9.21775e-11
7.04683e-11
5.08137e-11
3.28335e-11
1.60767e-11
2.54751e-33
5.85219e-15
3.95129e-12
7.70922e-12
1.12874e-11
1.46943e-11
1.79377e-11
2.10253e-11
2.39646e-11
2.67624e-11
2.94256e-11
3.19605e-11
3.43732e-11
3.66697e-11
3.88555e-11
4.09359e-11
4.2916e-11
4.48006e-11
4.65944e-11
4.83017e-11
4.99267e-11
5.14734e-11
5.29456e-11
5.43469e-11
5.56807e-11
5.69503e-11
5.81588e-11
5.93091e-11
6.04041e-11
6.14465e-11
6.24388e-11
6.33833e-11
6.42825e-11
7.41574e-11
8.49555e-11
9.67448e-11
1.09591e-10
1.23557e-10
1.38695e-10
1.55046e-10
1.72628e-10
1.91433e-10
2.11413e-10
2.32469e-10
2.54433e-10
2.77061e-10
3.00007e-10
3.22818e-10
3.44924e-10
3.65638e-10
3.84171e-10
3.99671e-10
4.11271e-10
4.18164e-10
4.19694e-10
4.15437e-10
4.05278e-10
3.8945e-10
3.68527e-10
3.4337e-10
3.15042e-10
2.84687e-10
2.53425e-10
2.22253e-10
1.91985e-10
1.63224e-10
1.36357e-10
1.11575e-10
8.89044e-11
6.8237e-11
4.93586e-11
3.19665e-11
1.56749e-11
2.7332e-33
4.36874e-15
2.95047e-12
5.75662e-12
8.42867e-12
1.09729e-11
1.33952e-11
1.57013e-11
1.78968e-11
1.99868e-11
2.19765e-11
2.38704e-11
2.56734e-11
2.73896e-11
2.90232e-11
3.05782e-11
3.20585e-11
3.34675e-11
3.48087e-11
3.60854e-11
3.73008e-11
3.84576e-11
3.95589e-11
4.06072e-11
4.16051e-11
4.25551e-11
4.34594e-11
4.43203e-11
4.51398e-11
4.59201e-11
4.66628e-11
4.737e-11
4.80432e-11
5.544e-11
6.35367e-11
7.23879e-11
8.20488e-11
9.25726e-11
1.04009e-10
1.164e-10
1.29778e-10
1.44156e-10
1.59526e-10
1.75845e-10
1.93029e-10
2.1094e-10
2.29373e-10
2.48044e-10
2.66579e-10
2.84508e-10
3.01267e-10
3.16213e-10
3.28645e-10
3.37857e-10
3.43193e-10
3.44116e-10
3.40284e-10
3.31605e-10
3.18269e-10
3.00743e-10
2.79732e-10
2.56098e-10
2.30774e-10
2.04669e-10
1.78594e-10
1.53208e-10
1.28996e-10
1.06263e-10
8.51504e-11
6.56582e-11
4.76664e-11
3.09537e-11
1.52042e-11
2.91748e-33
3.25919e-15
2.20161e-12
4.29556e-12
6.2895e-12
8.18812e-12
9.99587e-12
1.1717e-11
1.33557e-11
1.49158e-11
1.64011e-11
1.78151e-11
1.91611e-11
2.04426e-11
2.16625e-11
2.28239e-11
2.39294e-11
2.49819e-11
2.59838e-11
2.69376e-11
2.78457e-11
2.87101e-11
2.9533e-11
3.03164e-11
3.10623e-11
3.17723e-11
3.24483e-11
3.30919e-11
3.37046e-11
3.4288e-11
3.48434e-11
3.53721e-11
3.58756e-11
4.14093e-11
4.74716e-11
5.41061e-11
6.1357e-11
6.92689e-11
7.78849e-11
8.72448e-11
9.73823e-11
1.08322e-10
1.20074e-10
1.32629e-10
1.45951e-10
1.59969e-10
1.74568e-10
1.89577e-10
2.04761e-10
2.19811e-10
2.34342e-10
2.47889e-10
2.59924e-10
2.69875e-10
2.77163e-10
2.81252e-10
2.81704e-10
2.78242e-10
2.70788e-10
2.59499e-10
2.44756e-10
2.27132e-10
2.07327e-10
1.86102e-10
1.64194e-10
1.42261e-10
1.20833e-10
1.00298e-10
8.08895e-11
6.27049e-11
4.57146e-11
2.97791e-11
1.46564e-11
3.09518e-33
2.42911e-15
1.64118e-12
3.20212e-12
4.68856e-12
6.10398e-12
7.45171e-12
8.73497e-12
9.95678e-12
1.11201e-11
1.22276e-11
1.32821e-11
1.4286e-11
1.52418e-11
1.61518e-11
1.70181e-11
1.78429e-11
1.86281e-11
1.93756e-11
2.00874e-11
2.07649e-11
2.14101e-11
2.20242e-11
2.2609e-11
2.31657e-11
2.36957e-11
2.42004e-11
2.46809e-11
2.51383e-11
2.55739e-11
2.59886e-11
2.63835e-11
2.67594e-11
3.08933e-11
3.54252e-11
4.03891e-11
4.58203e-11
5.17547e-11
5.82284e-11
6.52761e-11
7.29296e-11
8.12158e-11
9.01537e-11
9.97507e-11
1.09998e-10
1.20864e-10
1.32289e-10
1.44177e-10
1.56385e-10
1.6872e-10
1.80926e-10
1.92684e-10
2.03615e-10
2.13282e-10
2.21218e-10
2.26948e-10
2.30032e-10
2.30113e-10
2.26962e-10
2.20517e-10
2.10905e-10
1.98434e-10
1.83571e-10
1.66885e-10
1.48994e-10
1.30495e-10
1.11918e-10
9.36891e-11
7.61111e-11
5.93588e-11
4.34849e-11
2.84289e-11
1.40242e-11
3.25979e-33
1.80798e-15
1.2217e-12
2.3837e-12
3.49025e-12
4.54396e-12
5.54733e-12
6.50272e-12
7.41241e-12
8.27858e-12
9.10329e-12
9.88851e-12
1.06361e-11
1.1348e-11
1.20257e-11
1.26709e-11
1.32853e-11
1.38702e-11
1.44271e-11
1.49574e-11
1.54622e-11
1.59429e-11
1.64005e-11
1.68363e-11
1.72512e-11
1.76462e-11
1.80223e-11
1.83804e-11
1.87214e-11
1.90461e-11
1.93552e-11
1.96496e-11
1.99299e-11
2.30125e-11
2.63939e-11
3.01004e-11
3.41594e-11
3.85995e-11
4.345e-11
4.87398e-11
5.44969e-11
6.07468e-11
6.75108e-11
7.48035e-11
8.263e-11
9.09818e-11
9.9832e-11
1.0913e-10
1.18795e-10
1.28709e-10
1.38711e-10
1.4859e-10
1.58083e-10
1.66876e-10
1.74612e-10
1.80905e-10
1.85365e-10
1.87633e-10
1.87414e-10
1.8452e-10
1.789e-10
1.70654e-10
1.60034e-10
1.47417e-10
1.33266e-10
1.1808e-10
1.02343e-10
8.64788e-11
7.08254e-11
5.56141e-11
4.09658e-11
2.68924e-11
1.33014e-11
3.40339e-33
1.34313e-15
9.07704e-13
1.77105e-12
2.59322e-12
3.37615e-12
4.12169e-12
4.83161e-12
5.50759e-12
6.15126e-12
6.76415e-12
7.34772e-12
7.90337e-12
8.43243e-12
8.93618e-12
9.41583e-12
9.87252e-12
1.03074e-11
1.07214e-11
1.11156e-11
1.1491e-11
1.18484e-11
1.21887e-11
1.25127e-11
1.28212e-11
1.3115e-11
1.33947e-11
1.36611e-11
1.39147e-11
1.41562e-11
1.43861e-11
1.46051e-11
1.48136e-11
1.71072e-11
1.96244e-11
2.23851e-11
2.54106e-11
2.87234e-11
3.23465e-11
3.63034e-11
4.06177e-11
4.53116e-11
5.04055e-11
5.59163e-11
6.1855e-11
6.8225e-11
7.50182e-11
8.22115e-11
8.97618e-11
9.76016e-11
1.05633e-10
1.13721e-10
1.21691e-10
1.29327e-10
1.36369e-10
1.42523e-10
1.47471e-10
1.50892e-10
1.52491e-10
1.52024e-10
1.49337e-10
1.44386e-10
1.37249e-10
1.28132e-10
1.17338e-10
1.05243e-10
9.22495e-11
7.87453e-11
6.50687e-11
5.14819e-11
3.81561e-11
2.51647e-11
1.24843e-11
3.51668e-33
9.9521e-16
6.72641e-13
1.31242e-12
1.92169e-12
2.50189e-12
3.05439e-12
3.58052e-12
4.08151e-12
4.55856e-12
5.01282e-12
5.44536e-12
5.85723e-12
6.24941e-12
6.62283e-12
6.9784e-12
7.31697e-12
7.63935e-12
7.94632e-12
8.23861e-12
8.51693e-12
8.78194e-12
9.03428e-12
9.27456e-12
9.50336e-12
9.72123e-12
9.92868e-12
1.01262e-11
1.03143e-11
1.04934e-11
1.0664e-11
1.08264e-11
1.09811e-11
1.26827e-11
1.4551e-11
1.66009e-11
1.8849e-11
2.13123e-11
2.40089e-11
2.69575e-11
3.01771e-11
3.36863e-11
3.75032e-11
4.16438e-11
4.61213e-11
5.09441e-11
5.6114e-11
6.16234e-11
6.74522e-11
7.35641e-11
7.99021e-11
8.6384e-11
9.28984e-11
9.93005e-11
1.0541e-10
1.11014e-10
1.15868e-10
1.1971e-10
1.22276e-10
1.23321e-10
1.22646e-10
1.20121e-10
1.15707e-10
1.09469e-10
1.01569e-10
9.22533e-11
8.18245e-11
7.06059e-11
5.89073e-11
4.69946e-11
3.50678e-11
2.3248e-11
1.15723e-11
3.58926e-33
7.34789e-16
4.96668e-13
9.69074e-13
1.41896e-12
1.84738e-12
2.25537e-12
2.64388e-12
3.01384e-12
3.36614e-12
3.70161e-12
4.02105e-12
4.32524e-12
4.61489e-12
4.8907e-12
5.15333e-12
5.40341e-12
5.64154e-12
5.8683e-12
6.08422e-12
6.28982e-12
6.4856e-12
6.67203e-12
6.84955e-12
7.0186e-12
7.17957e-12
7.33285e-12
7.47881e-12
7.6178e-12
7.75015e-12
7.87619e-12
7.99621e-12
8.1105e-12
9.36821e-12
1.07494e-11
1.22657e-11
1.39292e-11
1.57532e-11
1.77515e-11
1.99387e-11
2.23297e-11
2.49397e-11
2.77837e-11
3.0876e-11
3.42291e-11
3.78532e-11
4.17546e-11
4.59339e-11
5.03839e-11
5.50871e-11
6.00125e-11
6.51121e-11
7.03171e-11
7.55345e-11
8.06438e-11
8.54959e-11
8.99134e-11
9.3695e-11
9.66241e-11
9.84822e-11
9.90669e-11
9.82128e-11
9.58117e-11
9.183e-11
8.63173e-11
7.94042e-11
7.12888e-11
6.22139e-11
5.24383e-11
4.22077e-11
3.17294e-11
2.11545e-11
1.05694e-11
3.61009e-33
5.39862e-16
3.64935e-13
7.12045e-13
1.04261e-12
1.35741e-12
1.6572e-12
1.94268e-12
2.21454e-12
2.47342e-12
2.71994e-12
2.9547e-12
3.17824e-12
3.39111e-12
3.59381e-12
3.78684e-12
3.97064e-12
4.14567e-12
4.31234e-12
4.47105e-12
4.62218e-12
4.76609e-12
4.90313e-12
5.03363e-12
5.1579e-12
5.27624e-12
5.38892e-12
5.49623e-12
5.59842e-12
5.69573e-12
5.78839e-12
5.87663e-12
5.96067e-12
6.88552e-12
7.90147e-12
9.01707e-12
1.02416e-11
1.15848e-11
1.30574e-11
1.46705e-11
1.64356e-11
1.83648e-11
2.047e-11
2.27632e-11
2.52556e-11
2.79569e-11
3.08748e-11
3.40139e-11
3.73737e-11
4.09475e-11
4.472e-11
4.86645e-11
5.27404e-11
5.689e-11
6.10354e-11
6.50764e-11
6.88888e-11
7.23256e-11
7.52198e-11
7.73922e-11
7.8662e-11
7.88613e-11
7.78529e-11
7.55465e-11
7.19126e-11
6.69897e-11
6.08823e-11
5.37497e-11
4.57869e-11
3.72008e-11
2.81865e-11
1.89076e-11
9.48487e-12
3.56821e-33
3.93949e-16
2.66315e-13
5.19624e-13
7.60859e-13
9.90595e-13
1.20937e-12
1.41772e-12
1.61612e-12
1.80506e-12
1.98498e-12
2.15632e-12
2.31948e-12
2.47484e-12
2.6228e-12
2.76369e-12
2.89785e-12
3.02561e-12
3.14727e-12
3.26313e-12
3.37345e-12
3.47851e-12
3.57856e-12
3.67383e-12
3.76455e-12
3.85094e-12
3.93321e-12
4.01156e-12
4.08616e-12
4.15721e-12
4.22487e-12
4.2893e-12
4.35066e-12
5.02601e-12
5.76804e-12
6.58308e-12
7.47796e-12
8.46007e-12
9.53728e-12
1.0718e-11
1.2011e-11
1.34257e-11
1.49713e-11
1.66574e-11
1.84934e-11
2.04878e-11
2.26482e-11
2.49802e-11
2.74867e-11
3.01668e-11
3.3014e-11
3.60146e-11
3.91459e-11
4.23732e-11
4.56479e-11
4.89048e-11
5.20601e-11
5.50106e-11
5.7634e-11
5.97918e-11
6.13357e-11
6.21157e-11
6.19933e-11
6.08543e-11
5.86239e-11
5.52766e-11
5.08428e-11
4.54071e-11
3.90982e-11
3.2074e-11
2.45022e-11
1.65421e-11
8.3337e-12
3.45362e-33
2.84682e-16
1.92458e-13
3.75517e-13
5.49852e-13
7.15878e-13
8.73988e-13
1.02456e-12
1.16795e-12
1.3045e-12
1.43453e-12
1.55836e-12
1.67628e-12
1.78858e-12
1.89552e-12
1.99735e-12
2.09433e-12
2.18667e-12
2.27462e-12
2.35836e-12
2.43811e-12
2.51405e-12
2.58637e-12
2.65524e-12
2.72083e-12
2.78328e-12
2.84276e-12
2.8994e-12
2.95333e-12
3.0047e-12
3.05361e-12
3.10019e-12
3.14455e-12
3.63287e-12
4.16948e-12
4.75901e-12
5.40648e-12
6.11729e-12
6.89726e-12
7.75262e-12
8.68997e-12
9.71626e-12
1.08387e-11
1.20647e-11
1.34016e-11
1.48565e-11
1.6436e-11
1.81458e-11
1.99898e-11
2.19697e-11
2.40838e-11
2.63261e-11
2.86844e-11
3.11389e-11
3.36601e-11
3.6207e-11
3.87249e-11
4.11437e-11
4.33774e-11
4.53247e-11
4.68708e-11
4.7893e-11
4.82677e-11
4.78807e-11
4.66382e-11
4.44789e-11
4.13825e-11
3.73744e-11
3.25246e-11
2.69401e-11
2.0752e-11
1.41029e-11
7.13622e-12
3.25819e-33
2.02747e-16
1.37071e-13
2.67448e-13
3.91613e-13
5.0986e-13
6.22471e-13
7.29712e-13
8.3184e-13
9.29098e-13
1.02172e-12
1.10992e-12
1.19391e-12
1.2739e-12
1.35007e-12
1.42261e-12
1.49168e-12
1.55747e-12
1.62011e-12
1.67977e-12
1.73658e-12
1.79068e-12
1.8422e-12
1.89126e-12
1.93798e-12
1.98247e-12
2.02484e-12
2.0652e-12
2.10362e-12
2.14022e-12
2.17506e-12
2.20825e-12
2.23986e-12
2.58779e-12
2.97018e-12
3.39036e-12
3.85193e-12
4.35879e-12
4.91516e-12
5.52555e-12
6.19481e-12
6.92803e-12
7.73058e-12
8.60801e-12
9.56596e-12
1.061e-11
1.17456e-11
1.29774e-11
1.43096e-11
1.57448e-11
1.72835e-11
1.89237e-11
2.06596e-11
2.24803e-11
2.43686e-11
2.62994e-11
2.8238e-11
3.01386e-11
3.19429e-11
3.35796e-11
3.49647e-11
3.60041e-11
3.6597e-11
3.66424e-11
3.60478e-11
3.47378e-11
3.26641e-11
2.9813e-11
2.62086e-11
2.19124e-11
1.70175e-11
1.16408e-11
5.91635e-12
2.97612e-33
1.41067e-16
9.53738e-14
1.8609e-13
2.72484e-13
3.54762e-13
4.33117e-13
5.07738e-13
5.788e-13
6.46475e-13
7.10922e-13
7.72296e-13
8.30743e-13
8.86403e-13
9.39408e-13
9.89885e-13
1.03795e-12
1.08373e-12
1.12733e-12
1.16884e-12
1.20837e-12
1.24602e-12
1.28188e-12
1.31602e-12
1.34854e-12
1.3795e-12
1.40899e-12
1.43707e-12
1.46382e-12
1.48929e-12
1.51354e-12
1.53664e-12
1.55864e-12
1.8008e-12
2.06699e-12
2.35951e-12
2.68091e-12
3.03392e-12
3.42152e-12
3.84689e-12
4.31347e-12
4.8249e-12
5.38504e-12
5.99791e-12
6.66765e-12
7.39845e-12
8.1944e-12
9.05938e-12
9.9968e-12
1.10093e-11
1.20984e-11
1.3264e-11
1.45035e-11
1.58114e-11
1.71781e-11
1.85888e-11
2.00221e-11
2.14491e-11
2.28315e-11
2.41215e-11
2.52606e-11
2.61805e-11
2.68049e-11
2.7053e-11
2.68444e-11
2.61064e-11
2.47816e-11
2.28353e-11
2.02621e-11
1.70887e-11
1.33738e-11
9.20534e-12
4.69835e-12
2.60351e-33
9.41669e-17
6.36664e-14
1.24224e-13
1.81896e-13
2.36821e-13
2.89127e-13
3.38941e-13
3.8638e-13
4.31557e-13
4.74581e-13
5.15553e-13
5.54571e-13
5.91729e-13
6.27115e-13
6.60814e-13
6.92905e-13
7.23467e-13
7.5257e-13
7.80287e-13
8.06681e-13
8.31817e-13
8.55755e-13
8.78551e-13
9.0026e-13
9.20934e-13
9.40622e-13
9.59372e-13
9.77228e-13
9.94233e-13
1.01043e-12
1.02585e-12
1.04054e-12
1.20224e-12
1.37999e-12
1.57535e-12
1.79002e-12
2.02584e-12
2.28482e-12
2.56911e-12
2.88105e-12
3.2231e-12
3.5979e-12
4.00823e-12
4.45696e-12
4.94703e-12
5.48138e-12
6.06284e-12
6.69403e-12
7.37714e-12
8.11375e-12
8.90443e-12
9.74843e-12
1.06431e-11
1.15833e-11
1.25607e-11
1.35627e-11
1.45716e-11
1.55638e-11
1.65085e-11
1.73673e-11
1.8094e-11
1.86348e-11
1.89306e-11
1.89194e-11
1.85408e-11
1.77419e-11
1.6483e-11
1.47444e-11
1.25308e-11
9.87408e-12
6.83455e-12
3.50167e-12
2.13598e-33
5.76341e-17
3.89671e-14
7.60314e-14
1.1133e-13
1.44947e-13
1.76961e-13
2.0745e-13
2.36486e-13
2.64138e-13
2.90471e-13
3.15549e-13
3.39431e-13
3.62175e-13
3.83834e-13
4.0446e-13
4.24103e-13
4.4281e-13
4.60624e-13
4.77589e-13
4.93746e-13
5.09132e-13
5.23784e-13
5.37738e-13
5.51027e-13
5.63682e-13
5.75734e-13
5.87211e-13
5.98141e-13
6.0855e-13
6.18463e-13
6.27904e-13
6.36895e-13
7.35881e-13
8.447e-13
9.64309e-13
1.09575e-12
1.24016e-12
1.39878e-12
1.57293e-12
1.76406e-12
1.9737e-12
2.20349e-12
2.45517e-12
2.73055e-12
3.03149e-12
3.35988e-12
3.71756e-12
4.1063e-12
4.52762e-12
4.98275e-12
5.47235e-12
5.99638e-12
6.5537e-12
7.14179e-12
7.75623e-12
8.39016e-12
9.03369e-12
9.6732e-12
1.02907e-11
1.0863e-11
1.1362e-11
1.17538e-11
1.2e-11
1.20589e-11
1.18881e-11
1.14476e-11
1.07045e-11
9.63758e-12
8.24146e-12
6.53047e-12
4.541e-12
2.33393e-12
1.56344e-33
2.75897e-17
1.86539e-14
3.6397e-14
5.32948e-14
6.93875e-14
8.47133e-14
9.93088e-14
1.13209e-13
1.26446e-13
1.39052e-13
1.51057e-13
1.6249e-13
1.73378e-13
1.83747e-13
1.93621e-13
2.03025e-13
2.1198e-13
2.20509e-13
2.28631e-13
2.36365e-13
2.43731e-13
2.50746e-13
2.57426e-13
2.63788e-13
2.69847e-13
2.75616e-13
2.81111e-13
2.86344e-13
2.91327e-13
2.96073e-13
3.00593e-13
3.04897e-13
3.52288e-13
4.04389e-13
4.61658e-13
5.24598e-13
5.93753e-13
6.69716e-13
7.5313e-13
8.44686e-13
9.45129e-13
1.05525e-12
1.17589e-12
1.30794e-12
1.4523e-12
1.60991e-12
1.78168e-12
1.9685e-12
2.17117e-12
2.39034e-12
2.62644e-12
2.87956e-12
3.14932e-12
3.43471e-12
3.73382e-12
4.04366e-12
4.35976e-12
4.67592e-12
4.98379e-12
5.27256e-12
5.5287e-12
5.73585e-12
5.87503e-12
5.92517e-12
5.86417e-12
5.67053e-12
5.32551e-12
4.81565e-12
4.13538e-12
3.28936e-12
2.29451e-12
1.18188e-12
8.60046e-34
8.15316e-42
1.07345e-40
3.5306e-40
7.09376e-40
1.13982e-39
1.61526e-39
2.11266e-39
2.61405e-39
3.10561e-39
3.57697e-39
4.02056e-39
4.43107e-39
4.80503e-39
5.14047e-39
5.43655e-39
5.69336e-39
5.91169e-39
6.09286e-39
6.23857e-39
6.35079e-39
6.43169e-39
6.48353e-39
6.50862e-39
6.50925e-39
6.4877e-39
6.44617e-39
6.38677e-39
6.31151e-39
6.2223e-39
6.12091e-39
6.00903e-39
3.97967e-38
9.43207e-38
1.36651e-37
1.95855e-37
2.78158e-37
3.91979e-37
5.48672e-37
7.63529e-37
1.0571e-36
1.45692e-36
1.9999e-36
2.73531e-36
3.72883e-36
5.06785e-36
6.86828e-36
9.28348e-36
1.25156e-35
1.68303e-35
2.25747e-35
3.02001e-35
4.02897e-35
5.35901e-35
7.10482e-35
9.38494e-35
1.23454e-34
1.61622e-34
2.10419e-34
2.7217e-34
3.49352e-34
4.44357e-34
5.591e-34
6.94389e-34
8.49009e-34
1.01847e-33
1.1934e-33
1.3577e-33
1.4865e-33
1.54436e-33
1.48402e-33
1.24652e-33
7.64183e-34
2.98944e-34
