-6.51579e-39
-8.57875e-38
-2.82156e-37
-5.66914e-37
-9.10913e-37
-1.29087e-36
-1.68838e-36
-2.08907e-36
-2.48192e-36
-2.85861e-36
-3.21311e-36
-3.54117e-36
-3.84004e-36
-4.1081e-36
-4.34472e-36
-4.54995e-36
-4.72443e-36
-4.86921e-36
-4.98565e-36
-5.07534e-36
-5.13999e-36
-5.18141e-36
-5.20146e-36
-5.20196e-36
-5.18474e-36
-5.15154e-36
-5.10407e-36
-5.04392e-36
-4.97262e-36
-4.8916e-36
-4.80218e-36
-3.18039e-35
-7.53769e-35
-1.09205e-34
-1.56516e-34
-2.22285e-34
-3.13238e-34
-4.38448e-34
-6.10128e-34
-8.4469e-34
-1.16414e-33
-1.59794e-33
-2.18542e-33
-2.97903e-33
-4.04849e-33
-5.48627e-33
-7.41465e-33
-9.99477e-33
-1.34382e-32
-1.80211e-32
-2.41026e-32
-3.21456e-32
-4.27423e-32
-5.66425e-32
-7.47826e-32
-9.8313e-32
-1.28616e-31
-1.67306e-31
-2.1619e-31
-2.77176e-31
-3.52083e-31
-4.42322e-31
-5.48407e-31
-6.69235e-31
-8.01128e-31
-9.36622e-31
-1.06307e-30
-1.16116e-30
-1.20359e-30
-1.15416e-30
-9.67784e-31
-5.92617e-31
-1.12782e-31
2.84836e-17
1.92583e-14
3.75761e-14
5.50214e-14
7.16354e-14
8.74578e-14
1.02526e-13
1.16876e-13
1.30542e-13
1.43557e-13
1.55951e-13
1.67754e-13
1.78995e-13
1.897e-13
1.99894e-13
2.09602e-13
2.18848e-13
2.27652e-13
2.36037e-13
2.44022e-13
2.51627e-13
2.58869e-13
2.65765e-13
2.72333e-13
2.78588e-13
2.84545e-13
2.90217e-13
2.9562e-13
3.00765e-13
3.05664e-13
3.1033e-13
3.14774e-13
3.637e-13
4.17487e-13
4.7661e-13
5.41586e-13
6.12978e-13
6.91398e-13
7.77507e-13
8.72021e-13
9.75705e-13
1.08938e-12
1.21391e-12
1.3502e-12
1.4992e-12
1.66185e-12
1.83911e-12
2.03188e-12
2.24097e-12
2.46705e-12
2.71055e-12
2.97154e-12
3.24961e-12
3.54367e-12
3.85174e-12
4.17067e-12
4.49581e-12
4.82071e-12
5.13669e-12
5.43254e-12
5.69429e-12
5.90505e-12
6.0453e-12
6.09342e-12
6.02687e-12
5.82382e-12
5.46544e-12
4.93841e-12
4.23757e-12
3.36826e-12
2.34812e-12
1.20898e-12
-6.33837e-31
5.95522e-17
4.02639e-14
7.85618e-14
1.15035e-13
1.49771e-13
1.82851e-13
2.14354e-13
2.44356e-13
2.72928e-13
3.00137e-13
3.2605e-13
3.50727e-13
3.74227e-13
3.96607e-13
4.1792e-13
4.38216e-13
4.57545e-13
4.75952e-13
4.93482e-13
5.10176e-13
5.26074e-13
5.41214e-13
5.55632e-13
5.69362e-13
5.82439e-13
5.94891e-13
6.0675e-13
6.18044e-13
6.288e-13
6.39043e-13
6.48797e-13
6.58087e-13
7.60365e-13
8.72803e-13
9.96388e-13
1.1322e-12
1.28141e-12
1.44529e-12
1.62523e-12
1.82269e-12
2.03927e-12
2.27667e-12
2.53667e-12
2.82113e-12
3.13197e-12
3.47114e-12
3.84053e-12
4.24194e-12
4.67693e-12
5.14672e-12
5.65199e-12
6.19262e-12
6.7674e-12
7.37364e-12
8.00669e-12
8.65937e-12
9.32135e-12
9.97842e-12
1.06119e-11
1.11978e-11
1.17069e-11
1.21043e-11
1.23506e-11
1.24031e-11
1.22185e-11
1.17566e-11
1.09843e-11
9.88107e-12
8.44261e-12
6.68466e-12
4.64517e-12
2.38637e-12
-1.15262e-30
9.74298e-17
6.58724e-14
1.28528e-13
1.88199e-13
2.45026e-13
2.99145e-13
3.50684e-13
3.99767e-13
4.46509e-13
4.91023e-13
5.33415e-13
5.73785e-13
6.1223e-13
6.48842e-13
6.83708e-13
7.16911e-13
7.48531e-13
7.78643e-13
8.07319e-13
8.34628e-13
8.60634e-13
8.85401e-13
9.08986e-13
9.31447e-13
9.52837e-13
9.73207e-13
9.92607e-13
1.01108e-12
1.02867e-12
1.04543e-12
1.06139e-12
1.07658e-12
1.24388e-12
1.42778e-12
1.6299e-12
1.852e-12
2.09597e-12
2.3639e-12
2.65801e-12
2.9807e-12
3.33454e-12
3.72224e-12
4.14666e-12
4.61077e-12
5.11759e-12
5.67013e-12
6.27132e-12
6.92381e-12
7.62985e-12
8.39097e-12
9.20773e-12
1.00792e-11
1.10026e-11
1.19725e-11
1.29799e-11
1.40118e-11
1.50497e-11
1.60687e-11
1.7037e-11
1.79147e-11
1.86539e-11
1.91993e-11
1.94902e-11
1.94632e-11
1.90572e-11
1.82192e-11
1.69101e-11
1.51117e-11
1.28308e-11
1.01017e-11
6.98701e-12
3.57798e-12
-1.5755e-30
1.46213e-16
9.88523e-14
1.92877e-13
2.82422e-13
3.677e-13
4.48914e-13
5.26255e-13
5.9991e-13
6.70052e-13
7.3685e-13
8.00462e-13
8.6104e-13
9.18729e-13
9.73667e-13
1.02598e-12
1.07581e-12
1.12325e-12
1.16844e-12
1.21146e-12
1.25244e-12
1.29146e-12
1.32862e-12
1.36401e-12
1.39771e-12
1.4298e-12
1.46037e-12
1.48947e-12
1.51719e-12
1.54359e-12
1.56873e-12
1.59267e-12
1.61547e-12
1.86646e-12
2.14234e-12
2.44552e-12
2.77861e-12
3.14446e-12
3.54614e-12
3.98696e-12
4.47046e-12
5.00041e-12
5.5808e-12
6.21577e-12
6.9096e-12
7.66658e-12
8.49095e-12
9.38664e-12
1.03571e-11
1.14051e-11
1.25319e-11
1.37374e-11
1.50187e-11
1.63699e-11
1.77807e-11
1.92355e-11
2.07119e-11
2.21793e-11
2.35981e-11
2.49182e-11
2.60789e-11
2.70096e-11
2.7632e-11
2.78631e-11
2.76215e-11
2.68341e-11
2.54443e-11
2.34195e-11
2.07571e-11
1.74873e-11
1.36724e-11
9.40337e-12
4.79677e-12
-1.92147e-30
2.10604e-16
1.42382e-13
2.77812e-13
4.06788e-13
5.29617e-13
6.46591e-13
7.57987e-13
8.64072e-13
9.65097e-13
1.0613e-12
1.15292e-12
1.24017e-12
1.32326e-12
1.40238e-12
1.47773e-12
1.54948e-12
1.61781e-12
1.68288e-12
1.74484e-12
1.80385e-12
1.86005e-12
1.91356e-12
1.96452e-12
2.01306e-12
2.05927e-12
2.10328e-12
2.1452e-12
2.18511e-12
2.22312e-12
2.25932e-12
2.29379e-12
2.32662e-12
2.68801e-12
3.0852e-12
3.52163e-12
4.00103e-12
4.52746e-12
5.10529e-12
5.73921e-12
6.43421e-12
7.19558e-12
8.02888e-12
8.93982e-12
9.93423e-12
1.10179e-11
1.21962e-11
1.34742e-11
1.48559e-11
1.63437e-11
1.79383e-11
1.96372e-11
2.14338e-11
2.33167e-11
2.52674e-11
2.72594e-11
2.92561e-11
3.12094e-11
3.30581e-11
3.47281e-11
3.61323e-11
3.71734e-11
3.77481e-11
3.77538e-11
3.70973e-11
3.57044e-11
3.35295e-11
3.05626e-11
2.6833e-11
2.24073e-11
1.73832e-11
1.18805e-11
6.03456e-12
-2.19781e-30
2.96497e-16
2.00444e-13
3.91099e-13
5.72668e-13
7.45582e-13
9.10252e-13
1.06707e-12
1.21641e-12
1.35862e-12
1.49405e-12
1.62302e-12
1.74583e-12
1.86279e-12
1.97416e-12
2.08022e-12
2.18121e-12
2.27739e-12
2.36898e-12
2.4562e-12
2.53925e-12
2.61834e-12
2.69366e-12
2.76539e-12
2.83369e-12
2.89873e-12
2.96067e-12
3.01966e-12
3.07583e-12
3.12933e-12
3.18027e-12
3.22878e-12
3.27498e-12
3.78352e-12
4.34236e-12
4.95629e-12
5.63052e-12
6.3707e-12
7.18285e-12
8.07344e-12
9.04933e-12
1.01177e-11
1.12861e-11
1.2562e-11
1.39531e-11
1.54667e-11
1.71095e-11
1.88872e-11
2.08036e-11
2.28603e-11
2.50551e-11
2.73812e-11
2.98253e-11
3.23662e-11
3.49725e-11
3.76005e-11
4.01923e-11
4.26744e-11
4.49568e-11
4.69336e-11
4.84863e-11
4.94885e-11
4.98144e-11
4.93491e-11
4.80003e-11
4.571e-11
4.24636e-11
3.82932e-11
3.32761e-11
2.75256e-11
2.11782e-11
1.4379e-11
7.27127e-12
-2.40753e-30
4.11575e-16
2.78229e-13
5.42869e-13
7.94896e-13
1.03491e-12
1.26347e-12
1.48114e-12
1.68842e-12
1.8858e-12
2.07377e-12
2.25277e-12
2.42322e-12
2.58554e-12
2.74011e-12
2.8873e-12
3.02746e-12
3.16093e-12
3.28803e-12
3.40906e-12
3.52432e-12
3.63407e-12
3.73858e-12
3.83811e-12
3.93289e-12
4.02314e-12
4.10909e-12
4.19093e-12
4.26887e-12
4.34309e-12
4.41377e-12
4.48108e-12
4.54518e-12
5.25069e-12
6.02583e-12
6.8772e-12
7.81194e-12
8.83773e-12
9.96278e-12
1.11958e-11
1.25461e-11
1.4023e-11
1.56365e-11
1.73964e-11
1.93121e-11
2.13926e-11
2.36454e-11
2.6076e-11
2.86872e-11
3.14773e-11
3.44388e-11
3.75568e-11
4.08064e-11
4.41503e-11
4.75365e-11
5.08957e-11
5.41392e-11
5.71582e-11
5.98249e-11
6.19954e-11
6.35165e-11
6.42354e-11
6.40123e-11
6.27354e-11
6.03343e-11
5.67912e-11
5.21458e-11
4.64923e-11
3.99689e-11
3.27407e-11
2.49802e-11
1.6848e-11
8.48217e-12
-2.55331e-30
5.66057e-16
3.82639e-13
7.46587e-13
1.09319e-12
1.42326e-12
1.73759e-12
2.03691e-12
2.32196e-12
2.59339e-12
2.85187e-12
3.09801e-12
3.33239e-12
3.55558e-12
3.76811e-12
3.97049e-12
4.1632e-12
4.34671e-12
4.52145e-12
4.68785e-12
4.84631e-12
4.99719e-12
5.14087e-12
5.27769e-12
5.40798e-12
5.53205e-12
5.65019e-12
5.7627e-12
5.86983e-12
5.97185e-12
6.069e-12
6.16152e-12
6.24962e-12
7.21923e-12
8.2843e-12
9.45379e-12
1.07374e-11
1.21453e-11
1.36887e-11
1.53791e-11
1.72286e-11
1.92496e-11
2.14546e-11
2.38559e-11
2.64648e-11
2.92913e-11
3.2343e-11
3.56239e-11
3.91329e-11
4.28621e-11
4.6794e-11
5.08994e-11
5.51342e-11
5.9436e-11
6.37214e-11
6.78837e-11
7.17913e-11
7.52895e-11
7.82041e-11
8.03496e-11
8.1541e-11
8.16095e-11
8.04202e-11
7.78896e-11
7.39981e-11
6.87968e-11
6.24037e-11
5.49909e-11
4.67637e-11
3.79359e-11
2.87059e-11
1.92361e-11
9.64307e-12
-2.63924e-30
7.73648e-16
5.22927e-13
1.02031e-12
1.49398e-12
1.94505e-12
2.3746e-12
2.78365e-12
3.17317e-12
3.54408e-12
3.89728e-12
4.2336e-12
4.55385e-12
4.85881e-12
5.14918e-12
5.42569e-12
5.68898e-12
5.93968e-12
6.17841e-12
6.40573e-12
6.62219e-12
6.8283e-12
7.02457e-12
7.21146e-12
7.38943e-12
7.55889e-12
7.72026e-12
7.87392e-12
8.02024e-12
8.15958e-12
8.29226e-12
8.41861e-12
8.53893e-12
9.86293e-12
1.13169e-11
1.29128e-11
1.46637e-11
1.65833e-11
1.8686e-11
2.09871e-11
2.35022e-11
2.62471e-11
2.92371e-11
3.24869e-11
3.60094e-11
3.98144e-11
4.39078e-11
4.82891e-11
5.29494e-11
5.78688e-11
6.30124e-11
6.83277e-11
7.37396e-11
7.91476e-11
8.44226e-11
8.94054e-11
9.39084e-11
9.77204e-11
1.00617e-10
1.02373e-10
1.02785e-10
1.01692e-10
9.89941e-11
9.46713e-11
8.87901e-11
8.14995e-11
7.3015e-11
6.35934e-11
5.35036e-11
4.2996e-11
3.22785e-11
2.14981e-11
1.07337e-11
-2.67119e-30
1.05283e-15
7.1157e-13
1.38837e-12
2.0329e-12
2.64668e-12
3.23116e-12
3.78772e-12
4.3177e-12
4.82235e-12
5.30288e-12
5.76044e-12
6.19612e-12
6.61097e-12
7.00598e-12
7.38211e-12
7.74024e-12
8.08126e-12
8.40596e-12
8.71514e-12
9.00953e-12
9.28985e-12
9.55676e-12
9.81092e-12
1.00529e-11
1.02834e-11
1.05028e-11
1.07117e-11
1.09107e-11
1.11001e-11
1.12805e-11
1.14523e-11
1.16159e-11
1.34157e-11
1.53915e-11
1.75593e-11
1.99363e-11
2.25406e-11
2.5391e-11
2.85072e-11
3.19088e-11
3.56153e-11
3.96451e-11
4.40146e-11
4.87366e-11
5.3819e-11
5.92622e-11
6.50563e-11
7.11777e-11
7.75853e-11
8.42155e-11
9.09782e-11
9.77516e-11
1.04379e-10
1.10667e-10
1.16389e-10
1.21286e-10
1.25087e-10
1.27519e-10
1.28336e-10
1.27342e-10
1.24422e-10
1.19554e-10
1.12825e-10
1.04424e-10
9.46185e-11
8.37317e-11
7.20999e-11
6.00401e-11
4.78198e-11
3.56351e-11
2.35993e-11
1.17392e-11
-1.46009e-30
1.07857e-15
7.28966e-13
1.42232e-12
2.0826e-12
2.71138e-12
3.31014e-12
3.88031e-12
4.42324e-12
4.94022e-12
5.43249e-12
5.90123e-12
6.34755e-12
6.77253e-12
7.17719e-12
7.5625e-12
7.92938e-12
8.27872e-12
8.61135e-12
8.92807e-12
9.22965e-12
9.5168e-12
9.79023e-12
1.00506e-11
1.02985e-11
1.05346e-11
1.07593e-11
1.09734e-11
1.11772e-11
1.13712e-11
1.1556e-11
1.1732e-11
1.18996e-11
1.37432e-11
1.5767e-11
1.79875e-11
2.04221e-11
2.30894e-11
2.60086e-11
2.91996e-11
3.26825e-11
3.6477e-11
4.06019e-11
4.50734e-11
4.99046e-11
5.51028e-11
6.06677e-11
6.65886e-11
7.28402e-11
7.93792e-11
8.61393e-11
9.30263e-11
9.99141e-11
1.06641e-10
1.13007e-10
1.18779e-10
1.23694e-10
1.27474e-10
1.29844e-10
1.30557e-10
1.2942e-10
1.26323e-10
1.21253e-10
1.14306e-10
1.05683e-10
9.56626e-11
8.45744e-11
7.27614e-11
6.05434e-11
4.81879e-11
3.58893e-11
2.37575e-11
1.18146e-11
-2.23401e-31
1.4281e-15
9.65104e-13
1.88305e-12
2.7572e-12
3.58963e-12
4.3823e-12
5.1371e-12
5.85581e-12
6.54016e-12
7.19177e-12
7.81221e-12
8.40296e-12
8.96544e-12
9.501e-12
1.00109e-11
1.04965e-11
1.09587e-11
1.13989e-11
1.1818e-11
1.2217e-11
1.2597e-11
1.29587e-11
1.33032e-11
1.36312e-11
1.39435e-11
1.42408e-11
1.4524e-11
1.47936e-11
1.50503e-11
1.52947e-11
1.55274e-11
1.57491e-11
1.81871e-11
2.08624e-11
2.37962e-11
2.70111e-11
3.05305e-11
3.43787e-11
3.85803e-11
4.31597e-11
4.814e-11
5.35418e-11
5.93818e-11
6.56703e-11
7.24087e-11
7.95859e-11
8.71743e-11
9.51244e-11
1.0336e-10
1.11772e-10
1.20212e-10
1.2849e-10
1.36371e-10
1.43576e-10
1.49795e-10
1.54693e-10
1.57939e-10
1.59236e-10
1.58347e-10
1.55133e-10
1.49575e-10
1.41784e-10
1.31998e-10
1.20552e-10
1.07848e-10
9.43063e-11
8.0326e-11
6.62471e-11
5.23278e-11
3.87305e-11
2.55172e-11
1.26507e-11
-2.465e-31
1.93344e-15
1.30644e-12
2.54902e-12
3.73231e-12
4.85909e-12
5.93202e-12
6.95365e-12
7.9264e-12
8.85259e-12
9.73444e-12
1.05741e-11
1.13735e-11
1.21346e-11
1.28592e-11
1.35492e-11
1.4206e-11
1.48314e-11
1.54269e-11
1.59938e-11
1.65336e-11
1.70475e-11
1.75368e-11
1.80026e-11
1.84462e-11
1.88685e-11
1.92706e-11
1.96534e-11
2.0018e-11
2.03651e-11
2.06955e-11
2.10102e-11
2.13098e-11
2.46051e-11
2.82192e-11
3.21801e-11
3.6517e-11
4.12599e-11
4.64396e-11
5.20862e-11
5.82289e-11
6.48934e-11
7.2101e-11
7.98652e-11
8.81886e-11
9.70587e-11
1.06443e-10
1.16281e-10
1.26481e-10
1.36911e-10
1.47391e-10
1.57688e-10
1.67516e-10
1.76535e-10
1.84363e-10
1.90595e-10
1.94826e-10
1.96694e-10
1.95912e-10
1.92315e-10
1.85884e-10
1.76763e-10
1.65248e-10
1.5176e-10
1.36796e-10
1.20881e-10
1.04511e-10
8.81162e-11
7.20272e-11
5.64653e-11
4.15375e-11
2.72404e-11
1.34648e-11
-2.48853e-31
2.61487e-15
1.7666e-12
3.44684e-12
5.04686e-12
6.57043e-12
8.02112e-12
9.40239e-12
1.07175e-11
1.19696e-11
1.31617e-11
1.42967e-11
1.53772e-11
1.64059e-11
1.73853e-11
1.83176e-11
1.92053e-11
2.00503e-11
2.08548e-11
2.16208e-11
2.235e-11
2.30442e-11
2.37051e-11
2.43344e-11
2.49334e-11
2.55038e-11
2.60468e-11
2.65638e-11
2.70561e-11
2.75248e-11
2.7971e-11
2.83958e-11
2.88004e-11
3.32479e-11
3.81228e-11
4.34614e-11
4.9301e-11
5.56795e-11
6.26348e-11
7.02029e-11
7.84163e-11
8.73018e-11
9.68769e-11
1.07146e-10
1.18094e-10
1.29682e-10
1.41839e-10
1.54452e-10
1.6736e-10
1.80343e-10
1.93118e-10
2.05333e-10
2.16573e-10
2.26371e-10
2.34229e-10
2.39655e-10
2.42205e-10
2.41532e-10
2.37439e-10
2.29908e-10
2.19122e-10
2.05453e-10
1.89422e-10
1.71649e-10
1.52783e-10
1.33441e-10
1.14158e-10
9.53532e-11
7.73153e-11
6.02015e-11
4.40455e-11
2.87676e-11
1.41825e-11
-1.44629e-31
2.76284e-15
1.86651e-12
3.64177e-12
5.33227e-12
6.94197e-12
8.47468e-12
9.93402e-12
1.13235e-11
1.26463e-11
1.39058e-11
1.51048e-11
1.62463e-11
1.73331e-11
1.83677e-11
1.93527e-11
2.02904e-11
2.11831e-11
2.2033e-11
2.28421e-11
2.36124e-11
2.43457e-11
2.50439e-11
2.57086e-11
2.63414e-11
2.69438e-11
2.75174e-11
2.80635e-11
2.85835e-11
2.90785e-11
2.95498e-11
2.99985e-11
3.04258e-11
3.5123e-11
4.02711e-11
4.59078e-11
5.20722e-11
5.8804e-11
6.61421e-11
7.41237e-11
8.27817e-11
9.21426e-11
1.02222e-10
1.13023e-10
1.24525e-10
1.36682e-10
1.49414e-10
1.62595e-10
1.76048e-10
1.89532e-10
2.02742e-10
2.15299e-10
2.26762e-10
2.36638e-10
2.44408e-10
2.49567e-10
2.51668e-10
2.50379e-10
2.45525e-10
2.37128e-10
2.25416e-10
2.10808e-10
1.93872e-10
1.75261e-10
1.55649e-10
1.35666e-10
1.15849e-10
9.66093e-11
7.82254e-11
6.08399e-11
4.44716e-11
2.90259e-11
1.43035e-11
-6.80663e-32
3.53235e-15
2.38599e-12
4.6553e-12
6.81622e-12
8.8738e-12
1.08329e-11
1.26981e-11
1.44739e-11
1.61645e-11
1.7774e-11
1.93062e-11
2.07648e-11
2.21533e-11
2.34752e-11
2.47335e-11
2.59314e-11
2.70717e-11
2.81572e-11
2.91906e-11
3.01743e-11
3.11108e-11
3.20023e-11
3.28511e-11
3.3659e-11
3.44282e-11
3.51605e-11
3.58576e-11
3.65213e-11
3.71532e-11
3.77548e-11
3.83275e-11
3.88728e-11
4.4866e-11
5.14303e-11
5.86121e-11
6.64586e-11
7.50166e-11
8.43312e-11
9.44432e-11
1.05386e-10
1.17183e-10
1.2984e-10
1.4334e-10
1.57637e-10
1.72644e-10
1.88226e-10
2.04185e-10
2.20253e-10
2.36082e-10
2.51241e-10
2.65221e-10
2.77449e-10
2.87313e-10
2.94208e-10
2.97592e-10
2.97043e-10
2.92321e-10
2.83412e-10
2.70549e-10
2.54197e-10
2.35006e-10
2.13743e-10
1.91212e-10
1.68177e-10
1.453e-10
1.23106e-10
1.01961e-10
8.20778e-11
6.35277e-11
4.62574e-11
3.01049e-11
1.48081e-11
-1.00754e-31
4.77107e-15
3.22195e-12
6.28628e-12
9.20415e-12
1.19824e-11
1.46274e-11
1.71456e-11
1.95429e-11
2.1825e-11
2.39973e-11
2.60652e-11
2.80337e-11
2.99073e-11
3.16908e-11
3.33885e-11
3.50044e-11
3.65425e-11
3.80066e-11
3.94003e-11
4.07268e-11
4.19895e-11
4.31915e-11
4.43357e-11
4.54248e-11
4.64616e-11
4.74486e-11
4.83881e-11
4.92825e-11
5.01339e-11
5.09445e-11
5.17161e-11
5.24507e-11
6.05211e-11
6.93525e-11
7.90035e-11
8.95324e-11
1.00995e-10
1.13443e-10
1.26919e-10
1.41451e-10
1.57049e-10
1.73694e-10
1.9133e-10
2.09852e-10
2.29096e-10
2.48819e-10
2.68693e-10
2.88292e-10
3.07086e-10
3.24449e-10
3.39674e-10
3.52011e-10
3.60716e-10
3.65122e-10
3.64713e-10
3.59199e-10
3.48571e-10
3.33123e-10
3.13437e-10
2.90321e-10
2.64728e-10
2.37651e-10
2.10035e-10
1.82697e-10
1.56287e-10
1.31263e-10
1.079e-10
8.63074e-11
6.64519e-11
4.81861e-11
3.12639e-11
1.53481e-11
-1.05168e-31
6.4472e-15
4.3526e-12
8.49217e-12
1.24337e-11
1.61864e-11
1.9759e-11
2.316e-11
2.63974e-11
2.94789e-11
3.2412e-11
3.52037e-11
3.78608e-11
4.03898e-11
4.27967e-11
4.50875e-11
4.72678e-11
4.93429e-11
5.13178e-11
5.31975e-11
5.49865e-11
5.66893e-11
5.83099e-11
5.98525e-11
6.13207e-11
6.27181e-11
6.40483e-11
6.53144e-11
6.65196e-11
6.76668e-11
6.87588e-11
6.97983e-11
7.07878e-11
8.16529e-11
9.35293e-11
1.06489e-10
1.20603e-10
1.35935e-10
1.52538e-10
1.70449e-10
1.89682e-10
2.10214e-10
2.31979e-10
2.5485e-10
2.78624e-10
3.03007e-10
3.27593e-10
3.51859e-10
3.75153e-10
3.96703e-10
4.15637e-10
4.3103e-10
4.41967e-10
4.47625e-10
4.47373e-10
4.40861e-10
4.28085e-10
4.0942e-10
3.85591e-10
3.57605e-10
3.26642e-10
2.93933e-10
2.60641e-10
2.27776e-10
1.96137e-10
1.66292e-10
1.38586e-10
1.13166e-10
9.00178e-11
6.89947e-11
4.98515e-11
3.22594e-11
1.58103e-11
-9.85088e-32
8.71799e-15
5.88356e-12
1.1479e-11
1.68065e-11
2.18784e-11
2.67065e-11
3.13022e-11
3.56764e-11
3.98395e-11
4.38015e-11
4.75721e-11
5.11604e-11
5.45751e-11
5.78247e-11
6.0917e-11
6.38597e-11
6.666e-11
6.93248e-11
7.18606e-11
7.42739e-11
7.65704e-11
7.87559e-11
8.08358e-11
8.28152e-11
8.4699e-11
8.64919e-11
8.81983e-11
8.98223e-11
9.1368e-11
9.28392e-11
9.42395e-11
9.55723e-11
1.10197e-10
1.26162e-10
1.43553e-10
1.62451e-10
1.82923e-10
2.05017e-10
2.2875e-10
2.54099e-10
2.80983e-10
3.09247e-10
3.38644e-10
3.6881e-10
3.99249e-10
4.29314e-10
4.582e-10
4.84953e-10
5.08496e-10
5.27686e-10
5.41391e-10
5.48598e-10
5.48533e-10
5.40769e-10
5.25315e-10
5.02643e-10
4.73663e-10
4.39631e-10
4.0201e-10
3.62322e-10
3.22004e-10
2.82297e-10
2.44185e-10
2.08364e-10
1.75263e-10
1.4507e-10
1.17779e-10
9.32381e-11
7.11851e-11
5.12775e-11
3.3108e-11
1.62033e-11
-9.17968e-32
1.17992e-14
7.95954e-12
1.5529e-11
2.27356e-11
2.95959e-11
3.61257e-11
4.23405e-11
4.82549e-11
5.38831e-11
5.92386e-11
6.43346e-11
6.91833e-11
7.37968e-11
7.81863e-11
8.23626e-11
8.63362e-11
9.01168e-11
9.37139e-11
9.71364e-11
1.00393e-10
1.03491e-10
1.06439e-10
1.09244e-10
1.11914e-10
1.14454e-10
1.16871e-10
1.1917e-10
1.21359e-10
1.23442e-10
1.25424e-10
1.27311e-10
1.29106e-10
1.4879e-10
1.7024e-10
1.93557e-10
2.18827e-10
2.4611e-10
2.75431e-10
3.06762e-10
3.40007e-10
3.74977e-10
4.1137e-10
4.48737e-10
4.86468e-10
5.23761e-10
5.59621e-10
5.92865e-10
6.22161e-10
6.4609e-10
6.6325e-10
6.7239e-10
6.72556e-10
6.6323e-10
6.44435e-10
6.16774e-10
5.81388e-10
5.39843e-10
4.93959e-10
4.45622e-10
3.96603e-10
3.48433e-10
3.02314e-10
2.59102e-10
2.19319e-10
1.83199e-10
1.50742e-10
1.21777e-10
9.60074e-11
7.30566e-11
5.24897e-11
3.38266e-11
1.65352e-11
-8.51754e-32
1.59875e-14
1.07791e-11
2.10296e-11
3.0788e-11
4.00764e-11
4.89164e-11
5.73285e-11
6.53328e-11
7.29484e-11
8.01937e-11
8.70864e-11
9.36435e-11
9.9881e-11
1.05814e-10
1.11459e-10
1.16827e-10
1.21935e-10
1.26793e-10
1.31414e-10
1.3581e-10
1.39992e-10
1.4397e-10
1.47755e-10
1.51356e-10
1.54781e-10
1.5804e-10
1.61141e-10
1.64091e-10
1.66898e-10
1.69569e-10
1.7211e-10
1.74529e-10
2.01018e-10
2.29824e-10
2.61056e-10
2.94791e-10
3.31064e-10
3.69845e-10
4.11016e-10
4.5435e-10
4.99473e-10
5.45834e-10
5.92677e-10
6.39011e-10
6.83599e-10
7.24974e-10
7.61479e-10
7.91349e-10
8.12846e-10
8.24416e-10
8.24882e-10
8.13614e-10
7.90656e-10
7.56777e-10
7.13413e-10
6.62523e-10
6.06376e-10
5.47308e-10
4.8751e-10
4.28864e-10
3.72846e-10
3.20499e-10
2.72457e-10
2.29001e-10
1.90135e-10
1.55653e-10
1.2521e-10
9.83697e-11
7.46443e-11
5.35136e-11
3.44317e-11
1.68141e-11
-7.87497e-32
2.16917e-14
1.46156e-11
2.85136e-11
4.17432e-11
5.43341e-11
6.63152e-11
7.77145e-11
8.85589e-11
9.88744e-11
1.08686e-10
1.18018e-10
1.26893e-10
1.35334e-10
1.43361e-10
1.50995e-10
1.58254e-10
1.65158e-10
1.71723e-10
1.77967e-10
1.83904e-10
1.89551e-10
1.94922e-10
2.0003e-10
2.04889e-10
2.0951e-10
2.13906e-10
2.18087e-10
2.22064e-10
2.25847e-10
2.29447e-10
2.32871e-10
2.36129e-10
2.71768e-10
3.10427e-10
3.52207e-10
3.97153e-10
4.45234e-10
4.96311e-10
5.50105e-10
6.06156e-10
6.63786e-10
7.22057e-10
7.79737e-10
8.35291e-10
8.8689e-10
9.32468e-10
9.69825e-10
9.96794e-10
1.01144e-09
1.01232e-09
9.98639e-10
9.70492e-10
9.28854e-10
8.75541e-10
8.13011e-10
7.44094e-10
6.71696e-10
5.98529e-10
5.2691e-10
4.58647e-10
3.9501e-10
3.36765e-10
2.84248e-10
2.37455e-10
1.96133e-10
1.59865e-10
1.28135e-10
1.00371e-10
7.59832e-11
5.4374e-11
3.49388e-11
1.70474e-11
-7.2593e-32
2.94773e-14
1.98456e-11
3.87155e-11
5.6676e-11
7.37668e-11
9.00267e-11
1.05494e-10
1.20204e-10
1.34193e-10
1.47496e-10
1.60144e-10
1.72169e-10
1.83602e-10
1.94471e-10
2.04804e-10
2.14627e-10
2.23966e-10
2.32844e-10
2.41285e-10
2.49309e-10
2.56939e-10
2.64192e-10
2.71089e-10
2.77647e-10
2.83883e-10
2.89813e-10
2.95452e-10
3.00814e-10
3.05914e-10
3.10765e-10
3.15378e-10
3.19766e-10
3.67701e-10
4.19534e-10
4.75331e-10
5.35057e-10
5.98548e-10
6.65463e-10
7.35239e-10
8.07036e-10
8.79688e-10
9.51666e-10
1.02105e-09
1.08556e-09
1.14261e-09
1.18945e-09
1.22337e-09
1.24195e-09
1.24339e-09
1.22674e-09
1.19211e-09
1.14078e-09
1.07504e-09
9.97981e-10
9.13148e-10
8.24164e-10
7.3439e-10
6.46683e-10
5.63259e-10
4.85664e-10
4.14819e-10
3.51116e-10
2.94535e-10
2.44758e-10
2.01273e-10
1.6345e-10
1.30609e-10
1.02056e-10
7.71063e-11
5.50935e-11
3.53619e-11
1.72418e-11
-6.67531e-32
4.01281e-14
2.69898e-11
5.26509e-11
7.70717e-11
1.00306e-10
1.22405e-10
1.43421e-10
1.63403e-10
1.82399e-10
2.00456e-10
2.17618e-10
2.33929e-10
2.49431e-10
2.64162e-10
2.78162e-10
2.91465e-10
3.04107e-10
3.16121e-10
3.27539e-10
3.38389e-10
3.48701e-10
3.58501e-10
3.67817e-10
3.7667e-10
3.85086e-10
3.93087e-10
4.00692e-10
4.07922e-10
4.14796e-10
4.21332e-10
4.27546e-10
4.33456e-10
4.97889e-10
5.67296e-10
6.41645e-10
7.20743e-10
8.04173e-10
8.91244e-10
9.80915e-10
1.07174e-09
1.1618e-09
1.24871e-09
1.3296e-09
1.40123e-09
1.46014e-09
1.50294e-09
1.52659e-09
1.52884e-09
1.50851e-09
1.46581e-09
1.40234e-09
1.32104e-09
1.22581e-09
1.12109e-09
1.01143e-09
9.00985e-10
7.93295e-10
6.91076e-10
5.96207e-10
5.0979e-10
4.32278e-10
3.63622e-10
3.03413e-10
2.5101e-10
2.05642e-10
1.6648e-10
1.32691e-10
1.03468e-10
7.8044e-11
5.56927e-11
3.57136e-11
1.74033e-11
-6.12582e-32
5.4735e-14
3.67702e-11
7.17266e-11
1.04988e-10
1.36626e-10
1.6671e-10
1.95309e-10
2.22491e-10
2.48322e-10
2.72866e-10
2.96183e-10
3.18333e-10
3.39374e-10
3.5936e-10
3.78343e-10
3.96373e-10
4.13499e-10
4.29766e-10
4.45218e-10
4.59895e-10
4.73837e-10
4.87082e-10
4.99665e-10
5.1162e-10
5.22979e-10
5.33771e-10
5.44027e-10
5.53773e-10
5.63035e-10
5.71839e-10
5.80206e-10
5.8816e-10
6.74689e-10
7.67458e-10
8.66237e-10
9.70523e-10
1.07947e-09
1.19177e-09
1.30564e-09
1.41869e-09
1.5279e-09
1.62967e-09
1.71993e-09
1.79432e-09
1.84853e-09
1.87878e-09
1.8822e-09
1.85737e-09
1.80457e-09
1.72589e-09
1.62506e-09
1.50703e-09
1.37742e-09
1.2419e-09
1.10568e-09
9.73118e-10
8.47559e-10
7.31281e-10
6.25601e-10
5.31033e-10
4.47478e-10
3.74405e-10
3.11005e-10
2.56319e-10
2.0933e-10
1.69025e-10
1.34432e-10
1.04645e-10
7.88238e-11
5.61899e-11
3.6005e-11
1.75369e-11
-5.61209e-32
7.48204e-14
5.01894e-11
9.78975e-11
1.43283e-10
1.86441e-10
2.27465e-10
2.66448e-10
3.03483e-10
3.38659e-10
3.72065e-10
4.03783e-10
4.33898e-10
4.62487e-10
4.89626e-10
5.15389e-10
5.39843e-10
5.63057e-10
5.85094e-10
6.06013e-10
6.25872e-10
6.44726e-10
6.62626e-10
6.79623e-10
6.95761e-10
7.11087e-10
7.25642e-10
7.39466e-10
7.52596e-10
7.65068e-10
7.76917e-10
7.88174e-10
7.9887e-10
9.14908e-10
1.03859e-09
1.16931e-09
1.30601e-09
1.4471e-09
1.59034e-09
1.73271e-09
1.87044e-09
1.99899e-09
2.11319e-09
2.20753e-09
2.27656e-09
2.31545e-09
2.32063e-09
2.29031e-09
2.22489e-09
2.12708e-09
2.00167e-09
1.85497e-09
1.69409e-09
1.52616e-09
1.3577e-09
1.19412e-09
1.03951e-09
8.96657e-10
7.67112e-10
6.51454e-10
5.49506e-10
4.60568e-10
3.83614e-10
3.17444e-10
2.60795e-10
2.12425e-10
1.71151e-10
1.35882e-10
1.05622e-10
7.94699e-11
5.66012e-11
3.62457e-11
1.76471e-11
-5.1343e-32
1.02517e-13
6.86446e-11
1.33886e-10
1.95935e-10
2.54918e-10
3.10961e-10
3.6419e-10
4.1473e-10
4.62704e-10
5.08234e-10
5.51435e-10
5.92423e-10
6.31306e-10
6.68191e-10
7.03178e-10
7.36365e-10
7.67845e-10
7.97705e-10
8.26031e-10
8.52902e-10
8.78394e-10
9.02581e-10
9.2553e-10
9.47306e-10
9.67972e-10
9.87585e-10
1.0062e-09
1.02387e-09
1.04065e-09
1.05658e-09
1.0717e-09
1.08607e-09
1.24136e-09
1.40569e-09
1.57776e-09
1.75561e-09
1.93641e-09
2.11641e-09
2.29081e-09
2.45388e-09
2.59905e-09
2.7193e-09
2.8077e-09
2.85809e-09
2.86591e-09
2.82894e-09
2.74774e-09
2.62584e-09
2.46941e-09
2.28653e-09
2.08624e-09
1.87757e-09
1.66867e-09
1.46628e-09
1.27545e-09
1.09952e-09
9.40362e-10
7.98589e-10
6.73908e-10
5.65395e-10
4.71734e-10
3.91415e-10
3.22865e-10
2.64546e-10
2.15007e-10
1.72919e-10
1.37084e-10
1.06431e-10
8.00034e-11
5.69403e-11
3.64439e-11
1.77379e-11
-4.69179e-32
1.40821e-13
9.40853e-11
1.8349e-10
2.68494e-10
3.49263e-10
4.25966e-10
4.98772e-10
5.67853e-10
6.33379e-10
6.95515e-10
7.54426e-10
8.10269e-10
8.63199e-10
9.13363e-10
9.60903e-10
1.00596e-09
1.04865e-09
1.08911e-09
1.12746e-09
1.16381e-09
1.19826e-09
1.23092e-09
1.26188e-09
1.29123e-09
1.31907e-09
1.34546e-09
1.3705e-09
1.39425e-09
1.41677e-09
1.43815e-09
1.45843e-09
1.47768e-09
1.6849e-09
1.90222e-09
2.12719e-09
2.35629e-09
2.58478e-09
2.8066e-09
3.01446e-09
3.19997e-09
3.35415e-09
3.4681e-09
3.53393e-09
3.5458e-09
3.50088e-09
3.39996e-09
3.24766e-09
3.05196e-09
2.82327e-09
2.57315e-09
2.31306e-09
2.05328e-09
1.80219e-09
1.56603e-09
1.34887e-09
1.15287e-09
9.78703e-10
8.25888e-10
6.93193e-10
5.78928e-10
4.81178e-10
3.97974e-10
3.27402e-10
2.67671e-10
2.17151e-10
1.74384e-10
1.38078e-10
1.07098e-10
8.04427e-11
5.72192e-11
3.66068e-11
1.78124e-11
-4.28337e-32
1.93956e-13
1.29238e-10
2.52018e-10
3.68713e-10
4.79535e-10
5.84709e-10
6.84466e-10
7.79039e-10
8.68663e-10
9.53568e-10
1.03398e-09
1.11013e-09
1.18223e-09
1.25048e-09
1.31509e-09
1.37625e-09
1.43415e-09
1.48896e-09
1.54085e-09
1.58997e-09
1.63648e-09
1.68052e-09
1.72223e-09
1.76174e-09
1.79916e-09
1.83462e-09
1.86821e-09
1.90005e-09
1.93022e-09
1.95883e-09
1.98595e-09
2.01166e-09
2.28707e-09
2.57271e-09
2.86419e-09
3.15551e-09
3.43901e-09
3.70536e-09
3.9438e-09
4.14278e-09
4.2908e-09
4.37766e-09
4.39579e-09
4.34155e-09
4.21603e-09
4.02529e-09
3.77972e-09
3.4928e-09
3.17942e-09
2.8542e-09
2.53014e-09
2.21775e-09
1.92471e-09
1.65596e-09
1.41405e-09
1.1996e-09
1.0119e-09
8.49297e-10
7.09593e-10
5.90357e-10
4.89107e-10
4.03454e-10
3.31176e-10
2.70262e-10
2.18925e-10
1.75592e-10
1.38896e-10
1.07646e-10
8.08034e-11
5.7448e-11
3.67403e-11
1.78735e-11
-3.90746e-32
2.67887e-13
1.77917e-10
3.46899e-10
5.07431e-10
6.59787e-10
8.04265e-10
9.41175e-10
1.07084e-09
1.19358e-09
1.30972e-09
1.41958e-09
1.52347e-09
1.62171e-09
1.71458e-09
1.80238e-09
1.88538e-09
1.96383e-09
2.038e-09
2.10812e-09
2.17441e-09
2.2371e-09
2.29638e-09
2.35245e-09
2.40549e-09
2.45568e-09
2.50316e-09
2.5481e-09
2.59064e-09
2.63091e-09
2.66905e-09
2.70517e-09
2.73938e-09
3.10345e-09
3.47584e-09
3.84902e-09
4.21321e-09
4.55646e-09
4.86493e-09
5.12361e-09
5.31756e-09
5.43345e-09
5.46138e-09
5.39656e-09
5.24046e-09
5.00105e-09
4.69194e-09
4.33073e-09
3.93668e-09
3.52859e-09
3.12301e-09
2.73313e-09
2.36847e-09
2.03501e-09
1.73567e-09
1.47104e-09
1.24e-09
1.04032e-09
8.69169e-10
7.23418e-10
5.99935e-10
4.95719e-10
4.08005e-10
3.343e-10
2.72401e-10
2.20385e-10
1.76585e-10
1.39567e-10
1.08095e-10
8.10986e-11
5.7635e-11
3.68495e-11
1.79234e-11
-3.56225e-32
3.71057e-13
2.45461e-10
4.7852e-10
6.998e-10
9.09648e-10
1.10845e-09
1.29663e-09
1.47463e-09
1.64289e-09
1.80188e-09
1.95204e-09
2.09382e-09
2.22766e-09
2.35399e-09
2.47321e-09
2.58572e-09
2.69189e-09
2.7921e-09
2.88667e-09
2.97594e-09
3.06021e-09
3.13978e-09
3.21491e-09
3.28588e-09
3.35291e-09
3.41625e-09
3.47611e-09
3.53269e-09
3.58618e-09
3.63676e-09
3.68461e-09
3.72987e-09
4.2077e-09
4.68803e-09
5.15843e-09
5.60352e-09
6.00536e-09
6.3444e-09
6.60102e-09
6.7576e-09
6.801e-09
6.72483e-09
6.53096e-09
6.22989e-09
5.83961e-09
5.38319e-09
4.88582e-09
4.37181e-09
3.86234e-09
3.3741e-09
2.91889e-09
2.50393e-09
2.13258e-09
1.80523e-09
1.52021e-09
1.27451e-09
1.0644e-09
8.85888e-10
7.34981e-10
6.07906e-10
5.012e-10
4.11765e-10
3.36874e-10
2.7416e-10
2.21582e-10
1.77398e-10
1.40116e-10
1.08462e-10
8.13396e-11
5.77877e-11
3.69384e-11
1.7964e-11
-3.24584e-32
5.15409e-13
3.39329e-10
6.61386e-10
9.66959e-10
1.25647e-09
1.53043e-09
1.7894e-09
2.03399e-09
2.26481e-09
2.48252e-09
2.68777e-09
2.88119e-09
3.06342e-09
3.23507e-09
3.39674e-09
3.54899e-09
3.69237e-09
3.82741e-09
3.9546e-09
4.07441e-09
4.18728e-09
4.29364e-09
4.39388e-09
4.48837e-09
4.57747e-09
4.66149e-09
4.74075e-09
4.81555e-09
4.88614e-09
4.95278e-09
5.01571e-09
5.07515e-09
5.69641e-09
6.30737e-09
6.88823e-09
7.41566e-09
7.86397e-09
8.20716e-09
8.42169e-09
8.48982e-09
8.40273e-09
8.16272e-09
7.78364e-09
7.28934e-09
6.71041e-09
6.08002e-09
5.42992e-09
4.78741e-09
4.17371e-09
3.60352e-09
3.08553e-09
2.62353e-09
2.21756e-09
1.86511e-09
1.56212e-09
1.30367e-09
1.08461e-09
8.99839e-10
7.44584e-10
6.145e-10
5.05719e-10
4.14856e-10
3.38985e-10
2.75599e-10
2.22561e-10
1.78062e-10
1.40563e-10
1.08761e-10
8.15358e-11
5.79118e-11
3.70108e-11
1.79971e-11
-2.95625e-32
7.17802e-13
4.69899e-10
9.15667e-10
1.33828e-09
1.73823e-09
2.11617e-09
2.47284e-09
2.80908e-09
3.12579e-09
3.42386e-09
3.70425e-09
3.96786e-09
4.21563e-09
4.44844e-09
4.66716e-09
4.87263e-09
5.06565e-09
5.24697e-09
5.41732e-09
5.57739e-09
5.72783e-09
5.86923e-09
6.00217e-09
6.1272e-09
6.24481e-09
6.35548e-09
6.45964e-09
6.55771e-09
6.65008e-09
6.7371e-09
6.81911e-09
6.89642e-09
7.69434e-09
8.45739e-09
9.15511e-09
9.75355e-09
1.02179e-08
1.05163e-08
1.06243e-08
1.05294e-08
1.02341e-08
9.75663e-09
9.1288e-09
8.39155e-09
7.58902e-09
6.76305e-09
5.94921e-09
5.17463e-09
4.45769e-09
3.80888e-09
3.23231e-09
2.72742e-09
2.29051e-09
1.91601e-09
1.59745e-09
1.32809e-09
1.10143e-09
9.11396e-10
7.52507e-10
6.19922e-10
5.09424e-10
4.17385e-10
3.40709e-10
2.76772e-10
2.23359e-10
1.78601e-10
1.40927e-10
1.09004e-10
8.16951e-11
5.80125e-11
3.70695e-11
1.80239e-11
-2.11711e-32
8.58946e-13
5.60361e-10
1.09179e-09
1.59537e-09
2.07162e-09
2.52126e-09
2.9452e-09
3.3444e-09
3.71994e-09
4.07294e-09
4.40453e-09
4.71584e-09
5.00801e-09
5.28212e-09
5.53925e-09
5.78043e-09
6.00663e-09
6.2188e-09
6.41782e-09
6.60454e-09
6.77974e-09
6.94417e-09
7.09854e-09
7.24349e-09
7.37965e-09
7.50758e-09
7.62783e-09
7.74088e-09
7.84722e-09
7.94727e-09
8.04144e-09
8.1301e-09
9.03786e-09
9.89025e-09
1.06494e-08
1.12746e-08
1.17259e-08
1.19694e-08
1.19826e-08
1.17594e-08
1.13124e-08
1.0672e-08
9.88222e-09
8.99395e-09
8.05816e-09
7.12e-09
6.21536e-09
5.36969e-09
4.5986e-09
3.90945e-09
3.30339e-09
2.77726e-09
2.32524e-09
1.94008e-09
1.61406e-09
1.33952e-09
1.10927e-09
9.16766e-10
7.56179e-10
6.2243e-10
5.11135e-10
4.18551e-10
3.41503e-10
2.77312e-10
2.23725e-10
1.78849e-10
1.41094e-10
1.09115e-10
8.17681e-11
5.80587e-11
3.70963e-11
1.80361e-11
-2.4316e-31
1.00064e-12
6.50762e-10
1.26777e-09
1.85217e-09
2.40451e-09
2.92559e-09
3.41643e-09
3.87817e-09
4.31206e-09
4.71941e-09
5.10157e-09
5.4599e-09
5.79573e-09
6.11037e-09
6.4051e-09
6.68115e-09
6.93969e-09
7.18183e-09
7.40863e-09
7.62111e-09
7.8202e-09
8.00678e-09
8.1817e-09
8.34572e-09
8.49957e-09
8.64394e-09
8.77945e-09
8.9067e-09
9.02623e-09
9.13855e-09
9.24415e-09
9.34345e-09
1.03524e-08
1.12833e-08
1.2091e-08
1.27283e-08
1.31515e-08
1.33259e-08
1.32328e-08
1.28743e-08
1.22739e-08
1.14748e-08
1.0532e-08
9.50534e-09
8.45058e-09
7.41459e-09
6.43241e-09
5.52712e-09
4.7113e-09
3.98928e-09
3.35945e-09
2.81636e-09
2.35235e-09
1.9588e-09
1.62694e-09
1.34836e-09
1.11533e-09
9.20903e-10
7.59003e-10
6.24356e-10
5.12447e-10
4.19445e-10
3.42111e-10
2.77725e-10
2.24005e-10
1.79039e-10
1.41222e-10
1.092e-10
8.18239e-11
5.8094e-11
3.71169e-11
1.80455e-11
-7.15628e-31
1.39614e-12
9.01148e-10
1.755e-09
2.56286e-09
3.32524e-09
4.04312e-09
4.71784e-09
5.35098e-09
5.94432e-09
6.49974e-09
7.01922e-09
7.50472e-09
7.95822e-09
8.38165e-09
8.7769e-09
9.14577e-09
9.49e-09
9.81124e-09
1.0111e-08
1.03909e-08
1.06521e-08
1.08961e-08
1.1124e-08
1.1337e-08
1.1536e-08
1.17222e-08
1.18963e-08
1.20593e-08
1.22118e-08
1.23548e-08
1.24887e-08
1.26143e-08
1.38651e-08
1.49656e-08
1.58517e-08
1.6462e-08
1.67466e-08
1.66764e-08
1.62508e-08
1.55001e-08
1.4482e-08
1.32722e-08
1.19522e-08
1.05978e-08
9.27181e-09
8.01988e-09
6.87128e-09
5.84106e-09
4.93343e-09
4.14507e-09
3.46794e-09
2.89149e-09
2.40415e-09
1.9944e-09
1.65133e-09
1.36504e-09
1.12672e-09
9.28674e-10
7.64299e-10
6.27962e-10
5.14902e-10
4.21114e-10
3.43246e-10
2.78496e-10
2.24528e-10
1.79392e-10
1.41459e-10
1.09359e-10
8.19277e-11
5.81596e-11
3.71551e-11
1.8063e-11
-9.15971e-31
1.94943e-12
1.24764e-09
2.42896e-09
3.54524e-09
4.59687e-09
5.585e-09
6.51136e-09
7.37817e-09
8.18794e-09
8.94341e-09
9.64746e-09
1.0303e-08
1.09129e-08
1.14801e-08
1.20073e-08
1.24973e-08
1.29526e-08
1.33756e-08
1.37686e-08
1.41339e-08
1.44734e-08
1.47891e-08
1.50827e-08
1.53558e-08
1.56099e-08
1.58466e-08
1.60671e-08
1.62725e-08
1.64641e-08
1.66428e-08
1.68096e-08
1.69654e-08
1.84771e-08
1.97225e-08
2.06148e-08
2.10806e-08
2.10734e-08
2.05858e-08
1.9655e-08
1.83585e-08
1.68007e-08
1.50948e-08
1.33456e-08
1.16381e-08
1.00332e-08
8.56811e-09
7.26089e-09
6.11505e-09
5.12452e-09
4.27747e-09
3.55923e-09
2.95418e-09
2.44708e-09
2.02372e-09
1.67134e-09
1.37867e-09
1.136e-09
9.34984e-10
7.6859e-10
6.30879e-10
5.16884e-10
4.22461e-10
3.4416e-10
2.79117e-10
2.24948e-10
1.79677e-10
1.41651e-10
1.09486e-10
8.20111e-11
5.82123e-11
3.71857e-11
1.8077e-11
-8.33353e-31
2.71882e-12
1.72432e-09
3.3557e-09
4.89521e-09
6.34283e-09
7.69984e-09
8.96851e-09
1.01519e-08
1.12536e-08
1.22775e-08
1.32279e-08
1.4109e-08
1.49251e-08
1.56805e-08
1.63794e-08
1.70256e-08
1.76231e-08
1.81754e-08
1.86858e-08
1.91577e-08
1.9594e-08
1.99974e-08
2.03705e-08
2.07158e-08
2.10354e-08
2.13313e-08
2.16055e-08
2.18597e-08
2.20955e-08
2.23142e-08
2.25173e-08
2.2706e-08
2.4474e-08
2.57958e-08
2.65611e-08
2.66938e-08
2.6171e-08
2.50347e-08
2.3388e-08
2.13763e-08
1.91596e-08
1.68854e-08
1.46718e-08
1.26009e-08
1.07209e-08
9.05314e-09
7.59959e-09
6.34976e-09
5.28623e-09
4.3884e-09
3.63506e-09
3.0059e-09
2.48229e-09
2.04767e-09
1.68761e-09
1.38972e-09
1.1435e-09
9.40076e-10
7.72046e-10
6.33225e-10
5.18477e-10
4.23542e-10
3.44894e-10
2.79614e-10
2.25285e-10
1.79904e-10
1.41803e-10
1.09588e-10
8.20778e-11
5.82544e-11
3.72102e-11
1.80881e-11
-7.58068e-31
3.73847e-12
2.35051e-09
4.57265e-09
6.66692e-09
8.6326e-09
1.0471e-08
1.21851e-08
1.37789e-08
1.52575e-08
1.66266e-08
1.7892e-08
1.90602e-08
2.01371e-08
2.11291e-08
2.20422e-08
2.28821e-08
2.36543e-08
2.43641e-08
2.50164e-08
2.56158e-08
2.61666e-08
2.66729e-08
2.71383e-08
2.75662e-08
2.79598e-08
2.83219e-08
2.86553e-08
2.89623e-08
2.92452e-08
2.9506e-08
2.97465e-08
2.99686e-08
3.19557e-08
3.32386e-08
3.36873e-08
3.32408e-08
3.19315e-08
2.98878e-08
2.73108e-08
2.44307e-08
2.1463e-08
1.85776e-08
1.58894e-08
1.34629e-08
1.13237e-08
9.47082e-09
7.88699e-09
6.54652e-09
5.42043e-09
4.47969e-09
3.69706e-09
3.04795e-09
2.51079e-09
2.06698e-09
1.70069e-09
1.39858e-09
1.1495e-09
9.44143e-10
7.74803e-10
6.35094e-10
5.19744e-10
4.24401e-10
3.45477e-10
2.80009e-10
2.25553e-10
1.80085e-10
1.41925e-10
1.09669e-10
8.21307e-11
5.82878e-11
3.72296e-11
1.8097e-11
-6.89493e-31
4.90689e-12
3.06392e-09
5.95876e-09
8.68417e-09
1.12385e-08
1.3623e-08
1.58412e-08
1.78985e-08
1.98017e-08
2.15582e-08
2.31762e-08
2.46642e-08
2.60307e-08
2.7284e-08
2.84325e-08
2.9484e-08
3.04461e-08
3.13259e-08
3.21303e-08
3.28655e-08
3.35373e-08
3.41512e-08
3.47121e-08
3.52248e-08
3.56935e-08
3.6122e-08
3.65139e-08
3.68725e-08
3.72007e-08
3.75013e-08
3.77766e-08
3.8029e-08
4.01754e-08
4.13074e-08
4.12823e-08
4.00727e-08
3.77927e-08
3.46858e-08
3.1071e-08
2.72688e-08
2.3541e-08
2.00639e-08
1.69342e-08
1.41881e-08
1.18226e-08
9.81173e-09
8.11891e-09
6.70382e-09
5.5269e-09
4.55167e-09
3.74569e-09
3.08079e-09
2.53297e-09
2.08196e-09
1.71082e-09
1.40543e-09
1.15413e-09
9.47278e-10
7.76926e-10
6.36532e-10
5.20719e-10
4.25062e-10
3.45924e-10
2.80312e-10
2.25758e-10
1.80223e-10
1.42018e-10
1.09731e-10
8.21712e-11
5.83134e-11
3.72445e-11
1.81038e-11
-6.2705e-31
5.92678e-12
3.68476e-09
7.16485e-09
1.04391e-08
1.35049e-08
1.63635e-08
1.9019e-08
2.14779e-08
2.37482e-08
2.58394e-08
2.77614e-08
2.95246e-08
3.11395e-08
3.26167e-08
3.39662e-08
3.5198e-08
3.63213e-08
3.73451e-08
3.82776e-08
3.91267e-08
3.98996e-08
4.0603e-08
4.12431e-08
4.18256e-08
4.23556e-08
4.2838e-08
4.32771e-08
4.36769e-08
4.40409e-08
4.43726e-08
4.46748e-08
4.49504e-08
4.71969e-08
4.81527e-08
4.7668e-08
4.57509e-08
4.25953e-08
3.85518e-08
3.4045e-08
2.94707e-08
2.51233e-08
2.11767e-08
1.77049e-08
1.47164e-08
1.21821e-08
1.00553e-08
8.28343e-09
6.81474e-09
5.60162e-09
4.60199e-09
3.77957e-09
3.10362e-09
2.54836e-09
2.09234e-09
1.71782e-09
1.41016e-09
1.15733e-09
9.49439e-10
7.78388e-10
6.37522e-10
5.21389e-10
4.25516e-10
3.46232e-10
2.80521e-10
2.25899e-10
1.80318e-10
1.42082e-10
1.09773e-10
8.2199e-11
5.83309e-11
3.72547e-11
1.81084e-11
-5.70195e-31
6.43745e-12
3.99553e-09
7.76857e-09
1.13175e-08
1.46394e-08
1.77352e-08
2.06096e-08
2.32694e-08
2.57236e-08
2.79823e-08
3.00564e-08
3.19574e-08
3.36969e-08
3.52861e-08
3.67365e-08
3.80586e-08
3.92628e-08
4.03588e-08
4.13558e-08
4.22622e-08
4.3086e-08
4.38345e-08
4.45145e-08
4.51322e-08
4.56933e-08
4.6203e-08
4.6666e-08
4.70867e-08
4.74691e-08
4.78166e-08
4.81327e-08
4.84201e-08
5.07206e-08
5.15931e-08
5.0883e-08
4.86149e-08
4.50213e-08
4.0506e-08
3.55474e-08
3.0581e-08
2.5919e-08
2.17344e-08
1.80899e-08
1.49794e-08
1.23606e-08
1.01759e-08
8.36475e-09
6.86948e-09
5.63844e-09
4.62675e-09
3.79623e-09
3.11483e-09
2.55591e-09
2.09743e-09
1.72125e-09
1.41247e-09
1.15889e-09
9.50497e-10
7.79104e-10
6.38007e-10
5.21717e-10
4.25739e-10
3.46383e-10
2.80623e-10
2.25968e-10
1.80365e-10
1.42113e-10
1.09794e-10
8.22127e-11
5.83395e-11
3.72597e-11
1.81107e-11
-5.18429e-31
6.23316e-12
3.87228e-09
7.52922e-09
1.09695e-08
1.41902e-08
1.71926e-08
1.99811e-08
2.25624e-08
2.49452e-08
2.71391e-08
2.91549e-08
3.10035e-08
3.2696e-08
3.42435e-08
3.56567e-08
3.6946e-08
3.81213e-08
3.91919e-08
4.01667e-08
4.10537e-08
4.18608e-08
4.25948e-08
4.32624e-08
4.38696e-08
4.44217e-08
4.49239e-08
4.53807e-08
4.57963e-08
4.61746e-08
4.65189e-08
4.68324e-08
4.7118e-08
4.94316e-08
5.03779e-08
4.97991e-08
4.77055e-08
4.43058e-08
3.99772e-08
3.51773e-08
3.03323e-08
2.57561e-08
2.1629e-08
1.8022e-08
1.49356e-08
1.23323e-08
1.01575e-08
8.35275e-09
6.86162e-09
5.63326e-09
4.62333e-09
3.79396e-09
3.11332e-09
2.5549e-09
2.09675e-09
1.7208e-09
1.41217e-09
1.15869e-09
9.5036e-10
7.79011e-10
6.37944e-10
5.21675e-10
4.2571e-10
3.46364e-10
2.8061e-10
2.25959e-10
1.80359e-10
1.42109e-10
1.09792e-10
8.2211e-11
5.83385e-11
3.72591e-11
1.81104e-11
-4.71296e-31
5.35994e-12
3.34272e-09
6.50064e-09
9.47318e-09
1.22584e-08
1.48576e-08
1.72747e-08
1.95156e-08
2.15876e-08
2.34991e-08
2.5259e-08
2.68765e-08
2.83611e-08
2.9722e-08
3.09682e-08
3.21085e-08
3.31512e-08
3.41041e-08
3.49747e-08
3.57697e-08
3.64957e-08
3.71586e-08
3.77639e-08
3.83167e-08
3.88215e-08
3.92827e-08
3.97041e-08
4.00894e-08
4.04416e-08
4.07639e-08
4.10588e-08
4.13289e-08
4.36073e-08
4.47627e-08
4.46371e-08
4.32004e-08
4.05816e-08
3.70581e-08
3.2996e-08
2.87641e-08
2.46598e-08
2.08767e-08
1.75118e-08
1.45921e-08
1.21019e-08
1.00033e-08
8.24959e-09
6.79261e-09
5.58708e-09
4.59239e-09
3.77322e-09
3.0994e-09
2.54554e-09
2.09046e-09
1.71656e-09
1.40931e-09
1.15676e-09
9.49056e-10
7.78129e-10
6.37347e-10
5.21271e-10
4.25437e-10
3.46178e-10
2.80484e-10
2.25874e-10
1.80302e-10
1.42071e-10
1.09766e-10
8.21944e-11
5.8328e-11
3.72531e-11
1.81077e-11
-2.24257e-31
4.30915e-12
2.70352e-09
5.2589e-09
7.66648e-09
9.92522e-09
1.20365e-08
1.40038e-08
1.58316e-08
1.7526e-08
1.90934e-08
2.05409e-08
2.18757e-08
2.31051e-08
2.42362e-08
2.52761e-08
2.62315e-08
2.71089e-08
2.79143e-08
2.86535e-08
2.93319e-08
2.99545e-08
3.05258e-08
3.10503e-08
3.15318e-08
3.1974e-08
3.23803e-08
3.27536e-08
3.3097e-08
3.34128e-08
3.37035e-08
3.39712e-08
3.42179e-08
3.63981e-08
3.77407e-08
3.80952e-08
3.73944e-08
3.5685e-08
3.31325e-08
2.9993e-08
2.65559e-08
2.30849e-08
1.97777e-08
1.67561e-08
1.40775e-08
1.17536e-08
9.76853e-09
8.09166e-09
6.68648e-09
5.51579e-09
4.5445e-09
3.74102e-09
3.07774e-09
2.53096e-09
2.08064e-09
1.70993e-09
1.40484e-09
1.15374e-09
9.47015e-10
7.76749e-10
6.36413e-10
5.20639e-10
4.25008e-10
3.45888e-10
2.80288e-10
2.25742e-10
1.80212e-10
1.42011e-10
1.09726e-10
8.21683e-11
5.83116e-11
3.72436e-11
1.81033e-11
3.19821e-34
3.42801e-12
2.1645e-09
4.21155e-09
6.14204e-09
7.95565e-09
9.65376e-09
1.12392e-08
1.27157e-08
1.40879e-08
1.53609e-08
1.65401e-08
1.7631e-08
1.86393e-08
1.95703e-08
2.04295e-08
2.1222e-08
2.19528e-08
2.26265e-08
2.32476e-08
2.38201e-08
2.43478e-08
2.48345e-08
2.52833e-08
2.56973e-08
2.60794e-08
2.64322e-08
2.67581e-08
2.70593e-08
2.73378e-08
2.75954e-08
2.78338e-08
2.80547e-08
3.00804e-08
3.14967e-08
3.21685e-08
3.20115e-08
3.10195e-08
2.92765e-08
2.69475e-08
2.4246e-08
2.13906e-08
1.85665e-08
1.59065e-08
1.34895e-08
1.13505e-08
9.49386e-09
7.90532e-09
6.56042e-09
5.43064e-09
4.48703e-09
3.70226e-09
3.05159e-09
2.51332e-09
2.06873e-09
1.70189e-09
1.39941e-09
1.15006e-09
9.44529e-10
7.75066e-10
6.35274e-10
5.19867e-10
4.24485e-10
3.45534e-10
2.80048e-10
2.25579e-10
1.80103e-10
1.41937e-10
1.09677e-10
8.21364e-11
5.82915e-11
3.72319e-11
1.8098e-11
3.51702e-34
2.70121e-12
1.71686e-09
3.34148e-09
4.87509e-09
6.31783e-09
7.67102e-09
8.93697e-09
1.01187e-08
1.12198e-08
1.22441e-08
1.31958e-08
1.4079e-08
1.48981e-08
1.56571e-08
1.636e-08
1.70109e-08
1.76134e-08
1.8171e-08
1.86871e-08
1.91648e-08
1.9607e-08
2.00165e-08
2.03957e-08
2.07471e-08
2.10728e-08
2.13749e-08
2.16551e-08
2.19152e-08
2.21567e-08
2.23811e-08
2.25897e-08
2.27838e-08
2.46176e-08
2.60208e-08
2.68772e-08
2.70997e-08
2.66512e-08
2.55597e-08
2.39199e-08
2.18778e-08
1.96025e-08
1.7255e-08
1.49662e-08
1.28267e-08
1.08891e-08
9.17569e-09
7.68731e-09
6.41173e-09
5.32955e-09
4.41846e-09
3.6558e-09
3.02014e-09
2.49204e-09
2.05433e-09
1.69215e-09
1.39281e-09
1.1456e-09
9.41507e-10
7.73018e-10
6.33886e-10
5.18926e-10
4.23847e-10
3.45102e-10
2.79755e-10
2.25381e-10
1.79969e-10
1.41848e-10
1.09618e-10
8.20974e-11
5.82669e-11
3.72176e-11
1.80915e-11
3.86735e-34
2.11066e-12
1.35034e-09
2.62886e-09
3.83693e-09
4.97494e-09
6.04413e-09
7.04638e-09
7.98408e-09
8.85994e-09
9.67696e-09
1.04382e-08
1.11469e-08
1.18061e-08
1.2419e-08
1.29887e-08
1.35179e-08
1.40096e-08
1.44663e-08
1.48905e-08
1.52847e-08
1.5651e-08
1.59914e-08
1.63079e-08
1.66023e-08
1.68762e-08
1.71312e-08
1.73686e-08
1.75898e-08
1.7796e-08
1.79883e-08
1.81677e-08
1.83352e-08
1.99573e-08
2.1285e-08
2.22226e-08
2.26887e-08
2.26318e-08
2.20445e-08
2.09703e-08
1.94995e-08
1.77532e-08
1.58616e-08
1.3943e-08
1.20907e-08
1.03681e-08
8.81122e-09
7.43467e-09
6.23778e-09
5.21037e-09
4.33709e-09
3.60039e-09
2.98248e-09
2.46647e-09
2.03698e-09
1.68038e-09
1.38483e-09
1.14019e-09
9.37838e-10
7.70531e-10
6.32199e-10
5.17781e-10
4.23071e-10
3.44575e-10
2.79398e-10
2.2514e-10
1.79806e-10
1.41738e-10
1.09545e-10
8.20498e-11
5.82369e-11
3.72001e-11
1.80836e-11
2.38655e-34
2.02301e-12
1.29568e-09
2.52256e-09
3.68202e-09
4.77449e-09
5.80118e-09
6.7639e-09
7.66495e-09
8.50693e-09
9.29269e-09
1.00252e-08
1.07074e-08
1.13423e-08
1.1933e-08
1.24822e-08
1.29928e-08
1.34674e-08
1.39085e-08
1.43185e-08
1.46997e-08
1.50541e-08
1.53837e-08
1.56903e-08
1.59757e-08
1.62413e-08
1.64888e-08
1.67193e-08
1.69342e-08
1.71347e-08
1.73217e-08
1.74964e-08
1.76595e-08
1.92449e-08
2.05554e-08
2.14986e-08
2.19944e-08
2.19903e-08
2.14747e-08
2.0484e-08
1.91004e-08
1.74375e-08
1.56198e-08
1.37629e-08
1.19595e-08
1.02742e-08
8.74498e-09
7.38842e-09
6.20573e-09
5.18831e-09
4.32197e-09
3.59005e-09
2.97543e-09
2.46167e-09
2.03372e-09
1.67817e-09
1.38333e-09
1.13917e-09
9.37146e-10
7.70061e-10
6.3188e-10
5.17565e-10
4.22924e-10
3.44476e-10
2.79331e-10
2.25094e-10
1.79775e-10
1.41717e-10
1.09531e-10
8.20408e-11
5.82312e-11
3.71968e-11
1.80821e-11
2.22697e-34
1.63675e-12
1.05386e-09
2.0522e-09
2.99642e-09
3.88704e-09
4.72516e-09
5.5123e-09
6.25033e-09
6.94134e-09
7.58756e-09
8.19131e-09
8.75497e-09
9.28087e-09
9.77132e-09
1.02286e-08
1.06548e-08
1.1052e-08
1.14222e-08
1.17673e-08
1.2089e-08
1.23889e-08
1.26686e-08
1.29296e-08
1.31731e-08
1.34004e-08
1.36127e-08
1.38111e-08
1.39965e-08
1.41699e-08
1.43321e-08
1.44839e-08
1.46261e-08
1.60313e-08
1.72434e-08
1.81864e-08
1.87891e-08
1.89966e-08
1.87819e-08
1.81542e-08
1.71606e-08
1.58803e-08
1.44104e-08
1.28502e-08
1.12869e-08
9.78805e-09
8.39894e-09
7.14504e-09
6.03613e-09
5.07095e-09
4.24119e-09
3.53468e-09
2.93759e-09
2.43586e-09
2.01614e-09
1.66621e-09
1.37521e-09
1.13365e-09
9.33396e-10
7.67515e-10
6.30151e-10
5.16391e-10
4.22127e-10
3.43935e-10
2.78964e-10
2.24846e-10
1.79608e-10
1.41605e-10
1.09456e-10
8.19917e-11
5.82003e-11
3.71789e-11
1.80738e-11
4.31372e-34
1.26091e-12
8.16806e-10
1.59098e-09
2.32384e-09
3.01594e-09
3.66824e-09
4.28196e-09
4.85855e-09
5.3996e-09
5.90678e-09
6.38183e-09
6.8265e-09
7.24252e-09
7.6316e-09
7.99538e-09
8.33547e-09
8.65337e-09
8.95056e-09
9.22839e-09
9.48816e-09
9.7311e-09
9.95836e-09
1.0171e-08
1.037e-08
1.05564e-08
1.07309e-08
1.08944e-08
1.10477e-08
1.11915e-08
1.13263e-08
1.14529e-08
1.15717e-08
1.27663e-08
1.38408e-08
1.47367e-08
1.53953e-08
1.5765e-08
1.58102e-08
1.55191e-08
1.49086e-08
1.40237e-08
1.29305e-08
1.17057e-08
1.04248e-08
9.15273e-09
7.93912e-09
6.81703e-09
5.80483e-09
4.90931e-09
4.12902e-09
3.45726e-09
2.88438e-09
2.3994e-09
1.99122e-09
1.64921e-09
1.36362e-09
1.12576e-09
9.2803e-10
7.63865e-10
6.2767e-10
5.14705e-10
4.20982e-10
3.43157e-10
2.78436e-10
2.24488e-10
1.79366e-10
1.41442e-10
1.09348e-10
8.1921e-11
5.81556e-11
3.71529e-11
1.8062e-11
5.13917e-34
9.66082e-13
6.29362e-10
1.22616e-09
1.79156e-09
2.32613e-09
2.83066e-09
3.30614e-09
3.75368e-09
4.17448e-09
4.5698e-09
4.94093e-09
5.28915e-09
5.61575e-09
5.92197e-09
6.20903e-09
6.47809e-09
6.73028e-09
6.96666e-09
7.18824e-09
7.39597e-09
7.59077e-09
7.77346e-09
7.94485e-09
8.10569e-09
8.25666e-09
8.39842e-09
8.53158e-09
8.6567e-09
8.7743e-09
8.88489e-09
8.98891e-09
9.08679e-09
1.00852e-08
1.10143e-08
1.18305e-08
1.24873e-08
1.29403e-08
1.31526e-08
1.31018e-08
1.27853e-08
1.22226e-08
1.14535e-08
1.05318e-08
9.51779e-09
8.46896e-09
7.43425e-09
6.45064e-09
5.54265e-09
4.72381e-09
3.99896e-09
3.36673e-09
2.82171e-09
2.35621e-09
1.96156e-09
1.62889e-09
1.34973e-09
1.11628e-09
9.21562e-10
7.59458e-10
6.24669e-10
5.12663e-10
4.19593e-10
3.42213e-10
2.77796e-10
2.24054e-10
1.79073e-10
1.41245e-10
1.09217e-10
8.18349e-11
5.81012e-11
3.71213e-11
1.80476e-11
5.64864e-34
7.36815e-13
4.82484e-10
9.40203e-10
1.37416e-09
1.78487e-09
2.17301e-09
2.53933e-09
2.88471e-09
3.21004e-09
3.51627e-09
3.80435e-09
4.07524e-09
4.32986e-09
4.56915e-09
4.79397e-09
5.0052e-09
5.20365e-09
5.39009e-09
5.56527e-09
5.7299e-09
5.88462e-09
6.03008e-09
6.16684e-09
6.29548e-09
6.41649e-09
6.53036e-09
6.63756e-09
6.73849e-09
6.83355e-09
6.92312e-09
7.00754e-09
7.08713e-09
7.90885e-09
8.69521e-09
9.41473e-09
1.00321e-08
1.05111e-08
1.0818e-08
1.0927e-08
1.08246e-08
1.05129e-08
1.00113e-08
9.35349e-09
8.58308e-09
7.74698e-09
6.88943e-09
6.04759e-09
5.24942e-09
4.5134e-09
3.84967e-09
3.26175e-09
2.74843e-09
2.30536e-09
1.92643e-09
1.6047e-09
1.33313e-09
1.10491e-09
9.13789e-10
7.54151e-10
6.21049e-10
5.10196e-10
4.17913e-10
3.4107e-10
2.77019e-10
2.23527e-10
1.78716e-10
1.41005e-10
1.09057e-10
8.17302e-11
5.80351e-11
3.70828e-11
1.803e-11
6.20755e-34
5.59838e-13
3.68296e-10
7.17823e-10
1.04942e-09
1.36355e-09
1.66075e-09
1.94162e-09
2.20681e-09
2.45703e-09
2.69296e-09
2.91532e-09
3.1248e-09
3.32209e-09
3.50786e-09
3.68277e-09
3.84744e-09
4.00245e-09
4.1484e-09
4.28581e-09
4.41521e-09
4.53707e-09
4.65186e-09
4.76001e-09
4.86192e-09
4.95798e-09
5.04854e-09
5.13395e-09
5.21451e-09
5.29052e-09
5.36226e-09
5.42999e-09
5.49394e-09
6.16111e-09
6.81453e-09
7.43214e-09
7.98809e-09
8.4542e-09
8.8022e-09
9.00702e-09
9.05044e-09
8.9246e-09
8.6342e-09
8.19674e-09
7.64041e-09
7.00007e-09
6.31244e-09
5.6117e-09
4.92639e-09
4.27785e-09
3.68023e-09
3.14122e-09
2.66346e-09
2.24591e-09
1.88507e-09
1.57608e-09
1.31338e-09
1.09133e-09
9.04478e-10
7.47776e-10
6.16691e-10
5.07221e-10
4.15884e-10
3.39688e-10
2.76079e-10
2.22889e-10
1.78284e-10
1.40714e-10
1.08863e-10
8.16031e-11
5.79548e-11
3.70361e-11
1.80087e-11
6.82034e-34
4.24059e-13
2.80119e-10
5.46054e-10
7.98496e-10
1.03783e-09
1.26449e-09
1.47895e-09
1.68171e-09
1.87328e-09
2.0542e-09
2.22497e-09
2.38613e-09
2.53817e-09
2.68158e-09
2.81684e-09
2.94441e-09
3.06473e-09
3.1782e-09
3.28523e-09
3.3862e-09
3.48145e-09
3.57133e-09
3.65615e-09
3.73622e-09
3.81182e-09
3.8832e-09
3.95062e-09
4.01432e-09
4.07451e-09
4.13139e-09
4.18518e-09
4.23603e-09
4.77123e-09
5.30562e-09
5.82418e-09
6.30861e-09
6.73795e-09
7.08976e-09
7.34216e-09
7.47642e-09
7.47977e-09
7.34792e-09
7.08645e-09
6.71069e-09
6.24381e-09
5.71361e-09
5.14894e-09
4.57639e-09
4.01804e-09
3.4904e-09
3.00437e-09
2.56589e-09
2.17698e-09
1.83674e-09
1.54239e-09
1.29002e-09
1.0752e-09
8.93365e-10
7.40143e-10
6.1146e-10
5.03641e-10
4.13438e-10
3.38019e-10
2.74942e-10
2.22117e-10
1.77761e-10
1.40362e-10
1.08627e-10
8.14489e-11
5.78573e-11
3.69793e-11
1.79828e-11
7.49174e-34
3.20411e-13
2.12415e-10
4.14134e-10
6.05716e-10
7.87477e-10
9.59762e-10
1.12294e-09
1.27739e-09
1.42351e-09
1.56167e-09
1.69227e-09
1.8157e-09
1.93231e-09
2.04248e-09
2.14654e-09
2.24484e-09
2.33769e-09
2.42539e-09
2.50824e-09
2.58652e-09
2.66048e-09
2.73037e-09
2.79643e-09
2.85887e-09
2.9179e-09
2.97372e-09
3.02652e-09
3.07646e-09
3.12371e-09
3.16843e-09
3.21076e-09
3.25083e-09
3.67565e-09
4.10673e-09
4.53415e-09
4.94536e-09
5.32534e-09
5.65713e-09
5.92297e-09
6.10594e-09
6.19201e-09
6.17221e-09
6.04443e-09
5.81433e-09
5.49498e-09
5.10526e-09
4.66739e-09
4.20407e-09
3.73613e-09
3.2808e-09
2.85095e-09
2.45508e-09
2.09781e-09
1.7807e-09
1.50303e-09
1.26254e-09
1.0561e-09
8.80158e-10
7.31037e-10
6.05198e-10
4.99345e-10
4.10497e-10
3.36009e-10
2.73571e-10
2.21183e-10
1.77128e-10
1.39935e-10
1.08342e-10
8.12619e-11
5.7739e-11
3.69104e-11
1.79513e-11
8.2267e-34
2.41616e-13
1.60678e-10
3.13304e-10
4.58323e-10
5.95993e-10
7.26584e-10
8.5038e-10
9.6767e-10
1.07875e-09
1.1839e-09
1.28342e-09
1.37758e-09
1.46667e-09
1.55093e-09
1.63064e-09
1.70602e-09
1.77732e-09
1.84476e-09
1.90856e-09
1.9689e-09
2.026e-09
2.08002e-09
2.13114e-09
2.17952e-09
2.22531e-09
2.26867e-09
2.30972e-09
2.34859e-09
2.38542e-09
2.4203e-09
2.45335e-09
2.48467e-09
2.8188e-09
3.16246e-09
3.50931e-09
3.85102e-09
4.17717e-09
4.47549e-09
4.73234e-09
4.93365e-09
5.06634e-09
5.11984e-09
5.08785e-09
4.96955e-09
4.77022e-09
4.50086e-09
4.17679e-09
3.81576e-09
3.43573e-09
3.05311e-09
2.68142e-09
2.33078e-09
2.00787e-09
1.71634e-09
1.45739e-09
1.23043e-09
1.03365e-09
8.64539e-10
7.20218e-10
5.9773e-10
4.94206e-10
4.06968e-10
3.33592e-10
2.7192e-10
2.20058e-10
1.76364e-10
1.39419e-10
1.07998e-10
8.10355e-11
5.75957e-11
3.68268e-11
1.79132e-11
9.03042e-34
1.81911e-13
1.21298e-10
2.36543e-10
3.46085e-10
4.5013e-10
5.48889e-10
6.42579e-10
7.31421e-10
8.15633e-10
8.95433e-10
9.71033e-10
1.04264e-09
1.11046e-09
1.17468e-09
1.23549e-09
1.29307e-09
1.3476e-09
1.39923e-09
1.44812e-09
1.49442e-09
1.53828e-09
1.57981e-09
1.61916e-09
1.65644e-09
1.69176e-09
1.72524e-09
1.75696e-09
1.78703e-09
1.81554e-09
1.84257e-09
1.86821e-09
1.89252e-09
2.15326e-09
2.42447e-09
2.70226e-09
2.98126e-09
3.25451e-09
3.51343e-09
3.74802e-09
3.94732e-09
4.10022e-09
4.19654e-09
4.2283e-09
4.19103e-09
4.08466e-09
3.91393e-09
3.68797e-09
3.41921e-09
3.12183e-09
2.81012e-09
2.49706e-09
2.19334e-09
1.90696e-09
1.64321e-09
1.40497e-09
1.1932e-09
1.00742e-09
8.46173e-10
7.07427e-10
5.88861e-10
4.88078e-10
4.02749e-10
3.30694e-10
2.69935e-10
2.18703e-10
1.75443e-10
1.38796e-10
1.07581e-10
8.07616e-11
5.74222e-11
3.67257e-11
1.78669e-11
9.9082e-34
1.36792e-13
9.1421e-11
1.78296e-10
2.60899e-10
3.39391e-10
4.13936e-10
4.84701e-10
5.51851e-10
6.15551e-10
6.75964e-10
7.33247e-10
7.87554e-10
8.39033e-10
8.87829e-10
9.34078e-10
9.77913e-10
1.01946e-09
1.05884e-09
1.09616e-09
1.13155e-09
1.16509e-09
1.19688e-09
1.22703e-09
1.25562e-09
1.28273e-09
1.30845e-09
1.33284e-09
1.35598e-09
1.37793e-09
1.39876e-09
1.41852e-09
1.43728e-09
1.63938e-09
1.85159e-09
2.0716e-09
2.29611e-09
2.52059e-09
2.73927e-09
2.9451e-09
3.12996e-09
3.28506e-09
3.40158e-09
3.47159e-09
3.48903e-09
3.4507e-09
3.35696e-09
3.21192e-09
3.02311e-09
2.80062e-09
2.55581e-09
2.30008e-09
2.04374e-09
1.7953e-09
1.56112e-09
1.3454e-09
1.15045e-09
9.77016e-10
8.24722e-10
6.92391e-10
5.78378e-10
4.80803e-10
3.97719e-10
3.2723e-10
2.67556e-10
2.17075e-10
1.74334e-10
1.38046e-10
1.07078e-10
8.04307e-11
5.72124e-11
3.66033e-11
1.7811e-11
1.08654e-33
1.02765e-13
6.88133e-11
1.34215e-10
1.96418e-10
2.55547e-10
3.11729e-10
3.6509e-10
4.15757e-10
4.63852e-10
5.09497e-10
5.52809e-10
5.93902e-10
6.32885e-10
6.69866e-10
7.04945e-10
7.38219e-10
7.69782e-10
7.99722e-10
8.28123e-10
8.55067e-10
8.80628e-10
9.0488e-10
9.27892e-10
9.49729e-10
9.70452e-10
9.9012e-10
1.00879e-09
1.02651e-09
1.04333e-09
1.05931e-09
1.07447e-09
1.08888e-09
1.24463e-09
1.40946e-09
1.5821e-09
1.76057e-09
1.94206e-09
2.12279e-09
2.298e-09
2.46191e-09
2.60793e-09
2.729e-09
2.81812e-09
2.86909e-09
2.87726e-09
2.84034e-09
2.75888e-09
2.6364e-09
2.47909e-09
2.29513e-09
2.09364e-09
1.88375e-09
1.67369e-09
1.47025e-09
1.27851e-09
1.10185e-09
9.42093e-10
7.99859e-10
6.7483e-10
5.66056e-10
4.72206e-10
3.91749e-10
3.23101e-10
2.64712e-10
2.15124e-10
1.73002e-10
1.37142e-10
1.06472e-10
8.00317e-11
5.69592e-11
3.64555e-11
1.77434e-11
1.19072e-33
7.71454e-14
5.17426e-11
1.00927e-10
1.47715e-10
1.92206e-10
2.34496e-10
2.74681e-10
3.12856e-10
3.49114e-10
3.83545e-10
4.16236e-10
4.47271e-10
4.76734e-10
5.04701e-10
5.31247e-10
5.56445e-10
5.80363e-10
6.03067e-10
6.24618e-10
6.45077e-10
6.64499e-10
6.82937e-10
7.00444e-10
7.17067e-10
7.32851e-10
7.47841e-10
7.62077e-10
7.75598e-10
7.88442e-10
8.00643e-10
8.12234e-10
8.23246e-10
9.42695e-10
1.06995e-09
1.20435e-09
1.3448e-09
1.4896e-09
1.63639e-09
1.78205e-09
1.92262e-09
2.05339e-09
2.16902e-09
2.26383e-09
2.33226e-09
2.36941e-09
2.37173e-09
2.33755e-09
2.26747e-09
2.1645e-09
2.03371e-09
1.88171e-09
1.71587e-09
1.5435e-09
1.37121e-09
1.20444e-09
1.04727e-09
9.02394e-10
7.71301e-10
6.54478e-10
5.51669e-10
4.62103e-10
3.84696e-10
3.18202e-10
2.61325e-10
2.12793e-10
1.71407e-10
1.36058e-10
1.05743e-10
7.9551e-11
5.66538e-11
3.6277e-11
1.76617e-11
1.30385e-33
5.78802e-14
3.88745e-11
7.58309e-11
1.10994e-10
1.44439e-10
1.76241e-10
2.06471e-10
2.35201e-10
2.625e-10
2.88437e-10
3.13076e-10
3.3648e-10
3.5871e-10
3.79823e-10
3.99876e-10
4.1892e-10
4.37007e-10
4.54186e-10
4.70502e-10
4.85999e-10
5.00718e-10
5.147e-10
5.27983e-10
5.40601e-10
5.52589e-10
5.63978e-10
5.74801e-10
5.85084e-10
5.94857e-10
6.04145e-10
6.12972e-10
6.21362e-10
7.12601e-10
8.10335e-10
9.14284e-10
1.02387e-09
1.13815e-09
1.25569e-09
1.37451e-09
1.49202e-09
1.60498e-09
1.70952e-09
1.80132e-09
1.87581e-09
1.92853e-09
1.95565e-09
1.9544e-09
1.92355e-09
1.86373e-09
1.77743e-09
1.66884e-09
1.5433e-09
1.40676e-09
1.26512e-09
1.12367e-09
9.86809e-10
8.57804e-10
7.38836e-10
6.31102e-10
5.34996e-10
4.50307e-10
3.76409e-10
3.12415e-10
2.57306e-10
2.10018e-10
1.69501e-10
1.3476e-10
1.04868e-10
7.89732e-11
5.62862e-11
3.6062e-11
1.75632e-11
1.42636e-33
4.34071e-14
2.91874e-11
5.69372e-11
8.3345e-11
1.08468e-10
1.32363e-10
1.55084e-10
1.76685e-10
1.9722e-10
2.16737e-10
2.35285e-10
2.52912e-10
2.69662e-10
2.85578e-10
3.00701e-10
3.15071e-10
3.28725e-10
3.417e-10
3.54028e-10
3.65743e-10
3.76876e-10
3.87455e-10
3.9751e-10
4.07065e-10
4.16148e-10
4.2478e-10
4.32986e-10
4.40786e-10
4.48202e-10
4.55252e-10
4.61955e-10
4.68328e-10
5.37784e-10
6.12522e-10
6.92476e-10
7.77391e-10
8.66765e-10
9.59784e-10
1.05525e-09
1.15152e-09
1.24643e-09
1.33734e-09
1.42108e-09
1.49414e-09
1.55283e-09
1.59361e-09
1.61342e-09
1.61009e-09
1.58275e-09
1.53196e-09
1.45981e-09
1.36973e-09
1.26605e-09
1.15359e-09
1.03709e-09
9.2085e-10
8.08393e-10
7.02365e-10
6.04527e-10
5.15847e-10
4.3664e-10
3.66735e-10
3.05617e-10
2.5256e-10
2.06725e-10
1.67232e-10
1.33209e-10
1.03821e-10
7.828e-11
5.58446e-11
3.58034e-11
1.74447e-11
1.55856e-33
3.25419e-14
2.19025e-11
4.27279e-11
6.25488e-11
8.14088e-11
9.93508e-11
1.16416e-10
1.32646e-10
1.48078e-10
1.62751e-10
1.76701e-10
1.89962e-10
2.02569e-10
2.14553e-10
2.25944e-10
2.36772e-10
2.47065e-10
2.56849e-10
2.6615e-10
2.74992e-10
2.83397e-10
2.91387e-10
2.98983e-10
3.06206e-10
3.13073e-10
3.19602e-10
3.2581e-10
3.31713e-10
3.37327e-10
3.42666e-10
3.47744e-10
3.52573e-10
4.05296e-10
4.62244e-10
5.23459e-10
5.88868e-10
6.58243e-10
7.31152e-10
8.06905e-10
8.84498e-10
9.62561e-10
1.03932e-09
1.11259e-09
1.17979e-09
1.23807e-09
1.28446e-09
1.3161e-09
1.33056e-09
1.32615e-09
1.30221e-09
1.25926e-09
1.19904e-09
1.12434e-09
1.0387e-09
9.46005e-10
8.50107e-10
7.54468e-10
6.61942e-10
5.74669e-10
4.94076e-10
4.20943e-10
3.55527e-10
2.97683e-10
2.46987e-10
2.02838e-10
1.64541e-10
1.31363e-10
1.02571e-10
7.74506e-11
5.53151e-11
3.54928e-11
1.73023e-11
1.70062e-33
2.43894e-14
1.64286e-11
3.20503e-11
4.69201e-11
6.10712e-11
7.45361e-11
8.7346e-11
9.95313e-11
1.11121e-10
1.22144e-10
1.32627e-10
1.42596e-10
1.52075e-10
1.61089e-10
1.6966e-10
1.7781e-10
1.8556e-10
1.92929e-10
1.99936e-10
2.06599e-10
2.12936e-10
2.18961e-10
2.24692e-10
2.30141e-10
2.35324e-10
2.40254e-10
2.44942e-10
2.49402e-10
2.53644e-10
2.57679e-10
2.61517e-10
2.65169e-10
3.05094e-10
3.48355e-10
3.95043e-10
4.45182e-10
4.98698e-10
5.5539e-10
6.14889e-10
6.76612e-10
7.39722e-10
8.03081e-10
8.65227e-10
9.24362e-10
9.78388e-10
1.02498e-09
1.06173e-09
1.08635e-09
1.09689e-09
1.09202e-09
1.07125e-09
1.03504e-09
9.84819e-10
9.2288e-10
8.521e-10
7.75635e-10
6.96604e-10
6.17811e-10
5.41569e-10
4.69613e-10
4.03097e-10
3.42656e-10
2.88492e-10
2.40482e-10
1.98273e-10
1.61365e-10
1.29176e-10
1.01084e-10
7.6461e-11
5.46819e-11
3.51209e-11
1.71315e-11
1.85248e-33
1.82746e-14
1.23179e-11
2.40314e-11
3.51822e-11
4.57954e-11
5.58955e-11
6.55062e-11
7.46501e-11
8.33492e-11
9.16246e-11
9.94964e-11
1.06984e-10
1.14106e-10
1.2088e-10
1.27324e-10
1.33452e-10
1.39281e-10
1.44825e-10
1.50098e-10
1.55114e-10
1.59885e-10
1.64423e-10
1.6874e-10
1.72846e-10
1.76752e-10
1.80468e-10
1.84004e-10
1.87367e-10
1.90567e-10
1.93611e-10
1.96508e-10
1.99264e-10
2.29439e-10
2.62218e-10
2.97712e-10
3.35987e-10
3.77054e-10
4.20846e-10
4.67186e-10
5.1576e-10
5.66078e-10
6.17442e-10
6.68911e-10
7.19278e-10
7.67069e-10
8.10567e-10
8.47883e-10
8.77064e-10
8.96259e-10
9.03914e-10
8.98975e-10
8.81063e-10
8.50581e-10
8.08719e-10
7.57345e-10
6.98801e-10
6.35656e-10
5.70438e-10
5.05423e-10
4.4249e-10
3.83044e-10
3.28023e-10
2.77937e-10
2.32948e-10
1.92948e-10
1.57637e-10
1.26594e-10
9.93216e-11
7.52845e-11
5.39271e-11
3.46766e-11
1.69272e-11
2.01377e-33
1.36894e-14
9.23238e-12
1.80121e-11
2.63707e-11
3.43273e-11
4.19001e-11
4.9107e-11
5.59651e-11
6.24908e-11
6.86999e-11
7.46074e-11
8.02278e-11
8.5575e-11
9.0662e-11
9.55016e-11
1.00106e-10
1.04486e-10
1.08653e-10
1.12617e-10
1.16389e-10
1.19977e-10
1.23391e-10
1.26639e-10
1.2973e-10
1.3267e-10
1.35468e-10
1.3813e-10
1.40663e-10
1.43074e-10
1.45368e-10
1.47551e-10
1.49628e-10
1.72393e-10
1.97177e-10
2.24086e-10
2.53203e-10
2.84581e-10
3.18221e-10
3.54061e-10
3.91948e-10
4.31616e-10
4.72655e-10
5.14484e-10
5.56325e-10
5.97182e-10
6.35846e-10
6.70914e-10
7.00843e-10
7.24051e-10
7.3904e-10
7.44561e-10
7.39774e-10
7.24391e-10
6.98758e-10
6.63855e-10
6.2121e-10
5.72735e-10
5.20515e-10
4.66609e-10
4.12865e-10
3.60807e-10
3.11579e-10
2.65939e-10
2.24298e-10
1.86781e-10
1.53289e-10
1.23565e-10
9.72436e-11
7.38913e-11
5.30305e-11
3.41476e-11
1.66836e-11
2.18373e-33
1.02517e-14
6.91709e-12
1.34953e-11
1.97584e-11
2.57207e-11
3.13961e-11
3.67979e-11
4.19391e-11
4.68318e-11
5.14878e-11
5.59185e-11
6.01347e-11
6.41465e-11
6.79639e-11
7.15963e-11
7.50526e-11
7.83414e-11
8.14708e-11
8.44485e-11
8.72819e-11
8.99781e-11
9.25438e-11
9.49852e-11
9.73085e-11
9.95194e-11
1.01623e-10
1.03626e-10
1.05531e-10
1.07345e-10
1.09071e-10
1.10714e-10
1.12277e-10
1.29426e-10
1.4813e-10
1.68482e-10
1.90568e-10
2.14453e-10
2.40175e-10
2.67731e-10
2.97066e-10
3.28047e-10
3.6045e-10
3.93934e-10
4.28014e-10
4.62046e-10
4.95213e-10
5.26519e-10
5.54816e-10
5.78847e-10
5.97323e-10
6.09032e-10
6.12965e-10
6.08452e-10
5.9527e-10
5.73714e-10
5.4459e-10
5.09149e-10
4.68949e-10
4.25689e-10
3.81044e-10
3.36516e-10
2.93344e-10
2.52456e-10
2.14466e-10
1.79702e-10
1.48256e-10
1.20034e-10
9.48066e-11
7.22496e-11
5.19698e-11
3.352e-11
1.63941e-11
2.36101e-33
7.67453e-15
5.18017e-12
1.01067e-11
1.47975e-11
1.92633e-11
2.35147e-11
2.75615e-11
3.14135e-11
3.50798e-11
3.85692e-11
4.18903e-11
4.50509e-11
4.80589e-11
5.09215e-11
5.36458e-11
5.62384e-11
5.87058e-11
6.10539e-11
6.32885e-11
6.54152e-11
6.74392e-11
6.93655e-11
7.11988e-11
7.29436e-11
7.46042e-11
7.61848e-11
7.76891e-11
7.9121e-11
8.04839e-11
8.17811e-11
8.30159e-11
8.41913e-11
9.70921e-11
1.11183e-10
1.26545e-10
1.43254e-10
1.61378e-10
1.80967e-10
2.0205e-10
2.24622e-10
2.48631e-10
2.73967e-10
3.0044e-10
3.27764e-10
3.55538e-10
3.83229e-10
4.10164e-10
4.35524e-10
4.5837e-10
4.77675e-10
4.92387e-10
5.01524e-10
5.04269e-10
5.00082e-10
4.88794e-10
4.70649e-10
4.46313e-10
4.16807e-10
3.83403e-10
3.47486e-10
3.10418e-10
2.73422e-10
2.37506e-10
2.03419e-10
1.71657e-10
1.42479e-10
1.15947e-10
9.19671e-11
7.03259e-11
5.07215e-11
3.27789e-11
1.60515e-11
2.5436e-33
5.74259e-15
3.87736e-12
7.56499e-12
1.10763e-11
1.44194e-11
1.76022e-11
2.06321e-11
2.35164e-11
2.6262e-11
2.88754e-11
3.1363e-11
3.37308e-11
3.59844e-11
3.81294e-11
4.0171e-11
4.21142e-11
4.39638e-11
4.57241e-11
4.73997e-11
4.89945e-11
5.05124e-11
5.19573e-11
5.33325e-11
5.46415e-11
5.58876e-11
5.70736e-11
5.82026e-11
5.92774e-11
6.03004e-11
6.12743e-11
6.22013e-11
6.30839e-11
7.27762e-11
8.33754e-11
9.49486e-11
1.07561e-10
1.21275e-10
1.36142e-10
1.52204e-10
1.6948e-10
1.87965e-10
2.07613e-10
2.2833e-10
2.49956e-10
2.72253e-10
2.94889e-10
3.17422e-10
3.39298e-10
3.59844e-10
3.78289e-10
3.93794e-10
4.05501e-10
4.12609e-10
4.14456e-10
4.10608e-10
4.0093e-10
3.85627e-10
3.65247e-10
3.40624e-10
3.12795e-10
2.8289e-10
2.52017e-10
2.21172e-10
1.9117e-10
1.62621e-10
1.35917e-10
1.11261e-10
8.8684e-11
6.80869e-11
4.92608e-11
3.19084e-11
1.5648e-11
2.72861e-33
4.29434e-15
2.90027e-12
5.65867e-12
8.28526e-12
1.07862e-11
1.31673e-11
1.54342e-11
1.75924e-11
1.96469e-11
2.16027e-11
2.34645e-11
2.52368e-11
2.69239e-11
2.85298e-11
3.00585e-11
3.15136e-11
3.28988e-11
3.42173e-11
3.54724e-11
3.66671e-11
3.78044e-11
3.8887e-11
3.99176e-11
4.08986e-11
4.18325e-11
4.27216e-11
4.35679e-11
4.43736e-11
4.51407e-11
4.58709e-11
4.65661e-11
4.72279e-11
5.45001e-11
6.24608e-11
7.1164e-11
8.0664e-11
9.10138e-11
1.02263e-10
1.14453e-10
1.27616e-10
1.41767e-10
1.56899e-10
1.72972e-10
1.89906e-10
2.07568e-10
2.25757e-10
2.442e-10
2.62531e-10
2.80292e-10
2.9693e-10
3.11814e-10
3.24253e-10
3.33549e-10
3.39047e-10
3.40209e-10
3.36684e-10
3.28363e-10
3.15419e-10
2.98299e-10
2.77685e-10
2.54424e-10
2.29435e-10
2.03621e-10
1.7779e-10
1.52604e-10
1.2855e-10
1.0594e-10
8.49218e-11
6.55012e-11
4.75635e-11
3.08922e-11
1.51757e-11
2.91211e-33
3.20867e-15
2.1675e-12
4.22902e-12
6.19208e-12
8.0613e-12
9.84106e-12
1.15356e-11
1.31489e-11
1.46849e-11
1.61471e-11
1.75392e-11
1.88645e-11
2.01262e-11
2.13273e-11
2.24706e-11
2.35591e-11
2.45954e-11
2.55818e-11
2.65209e-11
2.74149e-11
2.8266e-11
2.90762e-11
2.98476e-11
3.05819e-11
3.1281e-11
3.19466e-11
3.25803e-11
3.31836e-11
3.37579e-11
3.43048e-11
3.48254e-11
3.53211e-11
4.07698e-11
4.67392e-11
5.32723e-11
6.04129e-11
6.82051e-11
7.66916e-11
8.59118e-11
9.58998e-11
1.0668e-10
1.18264e-10
1.30642e-10
1.43782e-10
1.57615e-10
1.72029e-10
1.86859e-10
2.01874e-10
2.16775e-10
2.31182e-10
2.44642e-10
2.56633e-10
2.66592e-10
2.73945e-10
2.78157e-10
2.78789e-10
2.75556e-10
2.68371e-10
2.57376e-10
2.42935e-10
2.25607e-10
2.06081e-10
1.85106e-10
1.63416e-10
1.41665e-10
1.20387e-10
9.99703e-11
8.06552e-11
6.25424e-11
4.56073e-11
2.97146e-11
1.46264e-11
3.08896e-33
2.3948e-15
1.61801e-12
3.15692e-12
4.62237e-12
6.01781e-12
7.34652e-12
8.61167e-12
9.81624e-12
1.09631e-11
1.20551e-11
1.30947e-11
1.40844e-11
1.50268e-11
1.59239e-11
1.6778e-11
1.75912e-11
1.83653e-11
1.91024e-11
1.98041e-11
2.04721e-11
2.11081e-11
2.17137e-11
2.22902e-11
2.28391e-11
2.33617e-11
2.38592e-11
2.4333e-11
2.4784e-11
2.52135e-11
2.56223e-11
2.60117e-11
2.63823e-11
3.04582e-11
3.49267e-11
3.98213e-11
4.51769e-11
5.10292e-11
5.74137e-11
6.43648e-11
7.19145e-11
8.00894e-11
8.89089e-11
9.83808e-11
1.08497e-10
1.19228e-10
1.30516e-10
1.42266e-10
1.54342e-10
1.66553e-10
1.78649e-10
1.90317e-10
2.01184e-10
2.10821e-10
2.18765e-10
2.24544e-10
2.27721e-10
2.27937e-10
2.24959e-10
2.18715e-10
2.09322e-10
1.97078e-10
1.82436e-10
1.65958e-10
1.48254e-10
1.29918e-10
1.11478e-10
9.33621e-11
7.58741e-11
5.91927e-11
4.33743e-11
2.8362e-11
1.39929e-11
3.25266e-33
1.78467e-15
1.20596e-12
2.35298e-12
3.44527e-12
4.48541e-12
5.47585e-12
6.41893e-12
7.31691e-12
8.17192e-12
8.98601e-12
9.76113e-12
1.04991e-11
1.12018e-11
1.18708e-11
1.25078e-11
1.31142e-11
1.36916e-11
1.42414e-11
1.47648e-11
1.52631e-11
1.57376e-11
1.61894e-11
1.66195e-11
1.70291e-11
1.7419e-11
1.77903e-11
1.81439e-11
1.84805e-11
1.8801e-11
1.91061e-11
1.93967e-11
1.96734e-11
2.27165e-11
2.60547e-11
2.97138e-11
3.37211e-11
3.8105e-11
4.28941e-11
4.81175e-11
5.38027e-11
5.99753e-11
6.66565e-11
7.38611e-11
8.15946e-11
8.98492e-11
9.85991e-11
1.07795e-10
1.17359e-10
1.27175e-10
1.37085e-10
1.46883e-10
1.5631e-10
1.65057e-10
1.72771e-10
1.79071e-10
1.83569e-10
1.85908e-10
1.85791e-10
1.83027e-10
1.77557e-10
1.69475e-10
1.59024e-10
1.46573e-10
1.32578e-10
1.17533e-10
1.01918e-10
8.61576e-11
7.05892e-11
5.54466e-11
4.08531e-11
2.68238e-11
1.32692e-11
3.3953e-33
1.3273e-15
8.97007e-13
1.75018e-12
2.56266e-12
3.33637e-12
4.07312e-12
4.77468e-12
5.4427e-12
6.07879e-12
6.68445e-12
7.26115e-12
7.81026e-12
8.3331e-12
8.83092e-12
9.30492e-12
9.75624e-12
1.0186e-11
1.05951e-11
1.09847e-11
1.13556e-11
1.17088e-11
1.20451e-11
1.23654e-11
1.26703e-11
1.29606e-11
1.3237e-11
1.35002e-11
1.37509e-11
1.39895e-11
1.42168e-11
1.44332e-11
1.46392e-11
1.69059e-11
1.93936e-11
2.2122e-11
2.51123e-11
2.83865e-11
3.19676e-11
3.58788e-11
4.01435e-11
4.47839e-11
4.98203e-11
5.52694e-11
6.11426e-11
6.74435e-11
7.41645e-11
8.12832e-11
8.8758e-11
9.65227e-11
1.04481e-10
1.12501e-10
1.20412e-10
1.28e-10
1.35008e-10
1.41147e-10
1.46101e-10
1.49552e-10
1.51204e-10
1.50814e-10
1.48225e-10
1.43386e-10
1.36373e-10
1.27382e-10
1.16713e-10
1.04736e-10
9.18477e-11
7.84358e-11
6.48375e-11
5.13157e-11
3.8043e-11
2.50952e-11
1.24515e-11
3.50762e-33
9.84457e-16
6.65375e-13
1.29824e-12
1.90093e-12
2.47486e-12
3.0214e-12
3.54185e-12
4.03743e-12
4.50933e-12
4.95869e-12
5.38656e-12
5.79398e-12
6.18193e-12
6.55132e-12
6.90306e-12
7.23797e-12
7.55688e-12
7.86053e-12
8.14967e-12
8.42499e-12
8.68714e-12
8.93677e-12
9.17446e-12
9.40079e-12
9.6163e-12
9.82152e-12
1.00169e-11
1.0203e-11
1.03802e-11
1.05489e-11
1.07096e-11
1.08626e-11
1.25459e-11
1.43941e-11
1.6422e-11
1.8646e-11
2.10829e-11
2.37508e-11
2.66681e-11
2.98536e-11
3.3326e-11
3.7103e-11
4.12007e-11
4.56323e-11
5.04064e-11
5.55249e-11
6.09806e-11
6.67542e-11
7.281e-11
7.90923e-11
8.55205e-11
9.1985e-11
9.83431e-11
1.04417e-10
1.09997e-10
1.1484e-10
1.18687e-10
1.21276e-10
1.22362e-10
1.21745e-10
1.19293e-10
1.14965e-10
1.08819e-10
1.01015e-10
9.1793e-11
8.14525e-11
7.03139e-11
5.86854e-11
4.68327e-11
3.49564e-11
2.31789e-11
1.15395e-11
3.57927e-33
7.27492e-16
4.91737e-13
9.59453e-13
1.40487e-12
1.82904e-12
2.23298e-12
2.61763e-12
2.98392e-12
3.33272e-12
3.66486e-12
3.98114e-12
4.2823e-12
4.56908e-12
4.84215e-12
5.10218e-12
5.34978e-12
5.58555e-12
5.81006e-12
6.02384e-12
6.2274e-12
6.42124e-12
6.60582e-12
6.78159e-12
6.94895e-12
7.10833e-12
7.26009e-12
7.40461e-12
7.54222e-12
7.67326e-12
7.79805e-12
7.91688e-12
8.03004e-12
9.2753e-12
1.06429e-11
1.21441e-11
1.37912e-11
1.55973e-11
1.75759e-11
1.97417e-11
2.21093e-11
2.4694e-11
2.75106e-11
3.05731e-11
3.38944e-11
3.74844e-11
4.13495e-11
4.54906e-11
4.99008e-11
5.4563e-11
5.94468e-11
6.45052e-11
6.96705e-11
7.4851e-11
7.99281e-11
8.47543e-11
8.91542e-11
9.29284e-11
9.58621e-11
9.77379e-11
9.83539e-11
9.75438e-11
9.51982e-11
9.12808e-11
8.58381e-11
7.89971e-11
7.09526e-11
6.19447e-11
5.22301e-11
4.20533e-11
3.16217e-11
2.10871e-11
1.05372e-11
3.59927e-33
5.34918e-16
3.61593e-13
7.05524e-13
1.03306e-12
1.34498e-12
1.64202e-12
1.92489e-12
2.19426e-12
2.45077e-12
2.69504e-12
2.92764e-12
3.14914e-12
3.36006e-12
3.56091e-12
3.75217e-12
3.93429e-12
4.10771e-12
4.27286e-12
4.43012e-12
4.57986e-12
4.72246e-12
4.85825e-12
4.98755e-12
5.11069e-12
5.22794e-12
5.3396e-12
5.44592e-12
5.54718e-12
5.6436e-12
5.73541e-12
5.82285e-12
5.90611e-12
6.82252e-12
7.82919e-12
8.93462e-12
1.0148e-11
1.1479e-11
1.29382e-11
1.45367e-11
1.62859e-11
1.81976e-11
2.0284e-11
2.25568e-11
2.50271e-11
2.77047e-11
3.05973e-11
3.37094e-11
3.70409e-11
4.05852e-11
4.43273e-11
4.8241e-11
5.22865e-11
5.64068e-11
6.05252e-11
6.45425e-11
6.83361e-11
7.17603e-11
7.46497e-11
7.68261e-11
7.81097e-11
7.83331e-11
7.73583e-11
7.50941e-11
7.1509e-11
6.66391e-11
6.05865e-11
5.35079e-11
4.55963e-11
3.70571e-11
2.80849e-11
1.88432e-11
9.45385e-12
3.55673e-33
3.90606e-16
2.64056e-13
5.15216e-13
7.54405e-13
9.82192e-13
1.19912e-12
1.40569e-12
1.60242e-12
1.78975e-12
1.96815e-12
2.13803e-12
2.2998e-12
2.45385e-12
2.60055e-12
2.74025e-12
2.87328e-12
2.99995e-12
3.12058e-12
3.23546e-12
3.34484e-12
3.44901e-12
3.54821e-12
3.64267e-12
3.73263e-12
3.81829e-12
3.89986e-12
3.97754e-12
4.05152e-12
4.12196e-12
4.18905e-12
4.25293e-12
4.31377e-12
4.98341e-12
5.71916e-12
6.5273e-12
7.41462e-12
8.38844e-12
9.45658e-12
1.06274e-11
1.19096e-11
1.33123e-11
1.48451e-11
1.65172e-11
1.8338e-11
2.03161e-11
2.24589e-11
2.47721e-11
2.72588e-11
2.99179e-11
3.27432e-11
3.57215e-11
3.883e-11
4.2035e-11
4.52882e-11
4.85253e-11
5.16634e-11
5.46003e-11
5.72148e-11
5.93696e-11
6.09171e-11
6.17082e-11
6.16043e-11
6.04913e-11
5.82931e-11
5.4983e-11
5.05898e-11
4.5196e-11
3.89285e-11
3.19439e-11
2.44087e-11
1.64823e-11
8.30464e-12
3.44177e-33
2.82433e-16
1.90938e-13
3.72551e-13
5.45509e-13
7.10224e-13
8.67085e-13
1.01647e-12
1.15872e-12
1.29419e-12
1.4232e-12
1.54605e-12
1.66305e-12
1.77446e-12
1.88055e-12
1.98158e-12
2.07779e-12
2.16941e-12
2.25665e-12
2.33974e-12
2.41886e-12
2.4942e-12
2.56595e-12
2.63428e-12
2.69934e-12
2.7613e-12
2.82031e-12
2.8765e-12
2.93001e-12
2.98097e-12
3.0295e-12
3.07572e-12
3.11973e-12
3.60419e-12
4.13657e-12
4.72146e-12
5.36383e-12
6.06905e-12
6.8429e-12
7.69155e-12
8.62156e-12
9.63983e-12
1.07535e-11
1.197e-11
1.32965e-11
1.47403e-11
1.63078e-11
1.80046e-11
1.98347e-11
2.18e-11
2.38987e-11
2.61249e-11
2.84667e-11
3.09046e-11
3.34095e-11
3.59407e-11
3.84442e-11
4.08507e-11
4.30748e-11
4.50161e-11
4.65605e-11
4.75861e-11
4.79698e-11
4.75973e-11
4.6375e-11
4.42405e-11
4.11728e-11
3.71959e-11
3.23784e-11
2.68259e-11
2.06689e-11
1.4049e-11
7.10982e-12
3.24632e-33
2.01247e-16
1.36057e-13
2.65469e-13
3.88715e-13
5.06088e-13
6.17865e-13
7.24313e-13
8.25686e-13
9.22223e-13
1.01416e-12
1.10171e-12
1.18508e-12
1.26447e-12
1.34008e-12
1.41208e-12
1.48065e-12
1.54594e-12
1.60813e-12
1.66734e-12
1.72373e-12
1.77743e-12
1.82857e-12
1.87727e-12
1.92364e-12
1.96781e-12
2.00987e-12
2.04992e-12
2.08806e-12
2.12438e-12
2.15898e-12
2.19192e-12
2.22329e-12
2.56865e-12
2.94822e-12
3.36529e-12
3.82345e-12
4.32658e-12
4.87885e-12
5.48475e-12
6.14909e-12
6.87693e-12
7.67361e-12
8.54463e-12
9.49561e-12
1.05321e-11
1.16595e-11
1.28825e-11
1.42052e-11
1.56303e-11
1.71583e-11
1.87873e-11
2.05115e-11
2.23203e-11
2.41965e-11
2.61155e-11
2.8043e-11
2.99333e-11
3.17289e-11
3.3359e-11
3.47403e-11
3.57791e-11
3.63751e-11
3.6428e-11
3.5845e-11
3.45507e-11
3.24964e-11
2.96675e-11
2.60872e-11
2.1816e-11
1.69463e-11
1.1594e-11
5.89328e-12
2.96468e-33
1.40082e-16
9.47078e-14
1.84791e-13
2.70582e-13
3.52284e-13
4.30093e-13
5.04192e-13
5.74759e-13
6.41961e-13
7.05958e-13
7.66904e-13
8.24943e-13
8.80214e-13
9.32849e-13
9.82974e-13
1.03071e-12
1.07617e-12
1.11945e-12
1.16068e-12
1.19994e-12
1.23732e-12
1.27293e-12
1.30683e-12
1.33912e-12
1.36987e-12
1.39915e-12
1.42704e-12
1.4536e-12
1.47889e-12
1.50297e-12
1.52591e-12
1.54775e-12
1.78823e-12
2.05256e-12
2.34305e-12
2.66221e-12
3.01276e-12
3.39765e-12
3.82007e-12
4.28341e-12
4.7913e-12
5.34756e-12
5.95619e-12
6.62132e-12
7.3471e-12
8.13761e-12
8.9967e-12
9.92778e-12
1.09335e-11
1.20154e-11
1.31732e-11
1.44047e-11
1.57043e-11
1.70626e-11
1.84647e-11
1.98897e-11
2.13088e-11
2.26842e-11
2.39683e-11
2.51031e-11
2.60208e-11
2.66455e-11
2.68967e-11
2.66943e-11
2.59657e-11
2.46532e-11
2.2722e-11
2.01659e-11
1.70111e-11
1.33156e-11
9.16675e-12
4.67916e-12
2.59302e-33
9.35409e-17
6.32432e-14
1.23398e-13
1.80687e-13
2.35246e-13
2.87206e-13
3.36688e-13
3.83812e-13
4.28689e-13
4.71426e-13
5.12126e-13
5.50885e-13
5.87796e-13
6.22947e-13
6.56421e-13
6.883e-13
7.18658e-13
7.47568e-13
7.751e-13
8.01319e-13
8.26288e-13
8.50067e-13
8.72711e-13
8.94276e-13
9.14813e-13
9.34371e-13
9.52996e-13
9.70733e-13
9.87625e-13
1.00371e-12
1.01903e-12
1.03362e-12
1.19425e-12
1.37082e-12
1.56488e-12
1.77812e-12
2.01238e-12
2.26965e-12
2.55206e-12
2.86192e-12
3.20171e-12
3.57405e-12
3.98167e-12
4.42745e-12
4.9143e-12
5.44516e-12
6.02283e-12
6.64993e-12
7.32864e-12
8.06053e-12
8.8462e-12
9.68491e-12
1.05741e-11
1.15086e-11
1.24801e-11
1.34763e-11
1.44797e-11
1.54667e-11
1.64068e-11
1.72619e-11
1.79861e-11
1.85259e-11
1.88226e-11
1.88143e-11
1.84409e-11
1.76494e-11
1.64002e-11
1.46732e-11
1.24725e-11
9.82981e-12
6.80487e-12
3.48681e-12
2.12704e-33
5.72655e-17
3.87179e-14
7.55452e-14
1.10618e-13
1.4402e-13
1.7583e-13
2.06124e-13
2.34974e-13
2.62448e-13
2.88613e-13
3.13531e-13
3.3726e-13
3.59859e-13
3.81379e-13
4.01874e-13
4.21391e-13
4.39978e-13
4.57679e-13
4.74535e-13
4.90588e-13
5.05876e-13
5.20435e-13
5.34299e-13
5.47503e-13
5.60077e-13
5.72052e-13
5.83456e-13
5.94317e-13
6.04659e-13
6.14509e-13
6.23889e-13
6.32822e-13
7.31176e-13
8.39299e-13
9.58144e-13
1.08875e-12
1.23224e-12
1.38984e-12
1.56288e-12
1.75279e-12
1.9611e-12
2.18943e-12
2.43951e-12
2.71314e-12
3.01218e-12
3.33849e-12
3.69393e-12
4.08023e-12
4.49892e-12
4.95122e-12
5.43781e-12
5.95864e-12
6.51261e-12
7.0972e-12
7.70805e-12
8.33836e-12
8.97833e-12
9.61443e-12
1.02288e-11
1.07985e-11
1.12955e-11
1.16861e-11
1.19323e-11
1.19924e-11
1.18242e-11
1.13878e-11
1.06503e-11
9.59035e-12
8.2024e-12
6.5005e-12
4.52073e-12
2.32372e-12
1.55669e-33
2.74178e-17
1.85377e-14
3.61702e-14
5.29627e-14
6.89551e-14
8.41854e-14
9.86899e-14
1.12503e-13
1.25658e-13
1.38186e-13
1.50116e-13
1.61478e-13
1.72298e-13
1.82602e-13
1.92415e-13
2.0176e-13
2.1066e-13
2.19135e-13
2.27206e-13
2.34892e-13
2.42212e-13
2.49183e-13
2.55822e-13
2.62144e-13
2.68165e-13
2.73899e-13
2.7936e-13
2.8456e-13
2.89512e-13
2.94229e-13
2.9872e-13
3.02998e-13
3.50093e-13
4.0187e-13
4.58782e-13
5.2133e-13
5.90054e-13
6.65545e-13
7.4844e-13
8.39428e-13
9.39247e-13
1.04869e-12
1.16858e-12
1.29981e-12
1.44328e-12
1.59992e-12
1.77063e-12
1.95631e-12
2.15774e-12
2.37558e-12
2.61025e-12
2.86186e-12
3.13002e-12
3.41373e-12
3.71112e-12
4.0192e-12
4.33356e-12
4.64803e-12
4.95433e-12
5.24172e-12
5.49676e-12
5.7032e-12
5.84215e-12
5.89266e-12
5.8327e-12
5.64086e-12
5.2984e-12
4.79185e-12
4.11554e-12
3.27404e-12
2.28409e-12
1.17661e-12
8.56261e-34
8.10285e-42
1.06683e-40
3.50882e-40
7.04999e-40
1.13279e-39
1.60529e-39
2.09963e-39
2.59792e-39
3.08645e-39
3.5549e-39
3.99575e-39
4.40372e-39
4.77539e-39
5.10875e-39
5.40301e-39
5.65824e-39
5.87522e-39
6.05527e-39
6.20008e-39
6.31161e-39
6.39201e-39
6.44353e-39
6.46846e-39
6.46909e-39
6.44768e-39
6.4064e-39
6.34736e-39
6.27257e-39
6.18391e-39
6.08315e-39
5.97196e-39
3.95511e-38
9.37388e-38
1.35808e-37
1.94647e-37
2.76443e-37
3.89561e-37
5.45289e-37
7.58822e-37
1.05058e-36
1.44795e-36
1.98758e-36
2.71847e-36
3.70588e-36
5.03668e-36
6.82606e-36
9.22646e-36
1.24388e-35
1.67272e-35
2.24366e-35
3.00158e-35
4.00443e-35
5.32646e-35
7.06181e-35
9.32837e-35
1.22713e-34
1.60658e-34
2.09173e-34
2.70572e-34
3.47321e-34
4.41805e-34
5.55933e-34
6.90519e-34
8.44365e-34
1.01301e-33
1.18716e-33
1.35078e-33
1.47913e-33
1.53691e-33
1.47705e-33
1.2408e-33
7.60731e-34
2.97611e-34
