-3.2968e-38
-4.3406e-37
-1.42763e-36
-2.86842e-36
-4.60895e-36
-6.53143e-36
-8.54271e-36
-1.05701e-35
-1.25578e-35
-1.44637e-35
-1.62574e-35
-1.79173e-35
-1.94295e-35
-2.07858e-35
-2.1983e-35
-2.30214e-35
-2.39042e-35
-2.46368e-35
-2.52259e-35
-2.56797e-35
-2.60068e-35
-2.62164e-35
-2.63178e-35
-2.63204e-35
-2.62332e-35
-2.60653e-35
-2.58251e-35
-2.55207e-35
-2.516e-35
-2.475e-35
-2.42976e-35
-1.60918e-34
-3.81385e-34
-5.52545e-34
-7.91925e-34
-1.1247e-33
-1.58489e-33
-2.21842e-33
-3.08707e-33
-4.27388e-33
-5.89022e-33
-8.0851e-33
-1.10576e-32
-1.5073e-32
-2.04842e-32
-2.77589e-32
-3.75159e-32
-5.05706e-32
-6.79932e-32
-9.11817e-32
-1.21952e-31
-1.62647e-31
-2.16264e-31
-2.86595e-31
-3.78379e-31
-4.97436e-31
-6.50763e-31
-8.46523e-31
-1.09387e-30
-1.40244e-30
-1.78145e-30
-2.23804e-30
-2.7748e-30
-3.38617e-30
-4.05352e-30
-4.7391e-30
-5.37889e-30
-5.87523e-30
-6.08994e-30
-5.83981e-30
-4.89681e-30
-2.99853e-30
-5.71292e-31
2.84836e-17
1.92583e-14
3.75761e-14
5.50214e-14
7.16354e-14
8.74578e-14
1.02526e-13
1.16876e-13
1.30542e-13
1.43557e-13
1.55951e-13
1.67754e-13
1.78995e-13
1.897e-13
1.99894e-13
2.09602e-13
2.18848e-13
2.27652e-13
2.36037e-13
2.44022e-13
2.51627e-13
2.58869e-13
2.65765e-13
2.72333e-13
2.78588e-13
2.84545e-13
2.90217e-13
2.9562e-13
3.00765e-13
3.05664e-13
3.1033e-13
3.14774e-13
3.637e-13
4.17487e-13
4.7661e-13
5.41586e-13
6.12978e-13
6.91398e-13
7.77507e-13
8.72021e-13
9.75705e-13
1.08938e-12
1.21391e-12
1.3502e-12
1.4992e-12
1.66185e-12
1.83911e-12
2.03188e-12
2.24097e-12
2.46705e-12
2.71055e-12
2.97154e-12
3.24961e-12
3.54367e-12
3.85174e-12
4.17067e-12
4.49581e-12
4.82071e-12
5.13669e-12
5.43254e-12
5.69429e-12
5.90505e-12
6.0453e-12
6.09342e-12
6.02687e-12
5.82382e-12
5.46544e-12
4.93841e-12
4.23757e-12
3.36826e-12
2.34812e-12
1.20898e-12
-3.20728e-30
5.95522e-17
4.02639e-14
7.85618e-14
1.15035e-13
1.49771e-13
1.82851e-13
2.14354e-13
2.44356e-13
2.72928e-13
3.00137e-13
3.2605e-13
3.50727e-13
3.74227e-13
3.96607e-13
4.1792e-13
4.38216e-13
4.57545e-13
4.75952e-13
4.93482e-13
5.10176e-13
5.26074e-13
5.41214e-13
5.55632e-13
5.69362e-13
5.82439e-13
5.94891e-13
6.0675e-13
6.18044e-13
6.288e-13
6.39043e-13
6.48797e-13
6.58087e-13
7.60365e-13
8.72803e-13
9.96388e-13
1.1322e-12
1.28141e-12
1.44529e-12
1.62523e-12
1.82269e-12
2.03927e-12
2.27667e-12
2.53667e-12
2.82113e-12
3.13197e-12
3.47114e-12
3.84053e-12
4.24194e-12
4.67693e-12
5.14672e-12
5.65199e-12
6.19262e-12
6.7674e-12
7.37364e-12
8.00669e-12
8.65937e-12
9.32135e-12
9.97842e-12
1.06119e-11
1.11978e-11
1.17069e-11
1.21043e-11
1.23506e-11
1.24031e-11
1.22185e-11
1.17566e-11
1.09843e-11
9.88107e-12
8.44261e-12
6.68466e-12
4.64517e-12
2.38637e-12
-5.83237e-30
9.74298e-17
6.58724e-14
1.28528e-13
1.88199e-13
2.45026e-13
2.99145e-13
3.50684e-13
3.99767e-13
4.46509e-13
4.91023e-13
5.33415e-13
5.73785e-13
6.1223e-13
6.48842e-13
6.83708e-13
7.16911e-13
7.48531e-13
7.78643e-13
8.07319e-13
8.34628e-13
8.60634e-13
8.85401e-13
9.08986e-13
9.31447e-13
9.52837e-13
9.73207e-13
9.92607e-13
1.01108e-12
1.02867e-12
1.04543e-12
1.06139e-12
1.07658e-12
1.24388e-12
1.42778e-12
1.6299e-12
1.852e-12
2.09597e-12
2.3639e-12
2.65801e-12
2.9807e-12
3.33454e-12
3.72224e-12
4.14666e-12
4.61077e-12
5.11759e-12
5.67013e-12
6.27132e-12
6.92381e-12
7.62985e-12
8.39097e-12
9.20773e-12
1.00792e-11
1.10026e-11
1.19725e-11
1.29799e-11
1.40118e-11
1.50497e-11
1.60687e-11
1.7037e-11
1.79147e-11
1.86539e-11
1.91993e-11
1.94902e-11
1.94632e-11
1.90572e-11
1.82192e-11
1.69101e-11
1.51117e-11
1.28308e-11
1.01017e-11
6.98701e-12
3.57798e-12
-7.97218e-30
1.46213e-16
9.88523e-14
1.92877e-13
2.82422e-13
3.677e-13
4.48914e-13
5.26255e-13
5.9991e-13
6.70052e-13
7.3685e-13
8.00462e-13
8.6104e-13
9.18729e-13
9.73667e-13
1.02598e-12
1.07581e-12
1.12325e-12
1.16844e-12
1.21146e-12
1.25244e-12
1.29146e-12
1.32862e-12
1.36401e-12
1.39771e-12
1.4298e-12
1.46037e-12
1.48947e-12
1.51719e-12
1.54359e-12
1.56873e-12
1.59267e-12
1.61547e-12
1.86646e-12
2.14234e-12
2.44552e-12
2.77861e-12
3.14446e-12
3.54614e-12
3.98696e-12
4.47046e-12
5.00041e-12
5.5808e-12
6.21577e-12
6.9096e-12
7.66658e-12
8.49095e-12
9.38664e-12
1.03571e-11
1.14051e-11
1.25319e-11
1.37374e-11
1.50187e-11
1.63699e-11
1.77807e-11
1.92355e-11
2.07119e-11
2.21793e-11
2.35981e-11
2.49182e-11
2.60789e-11
2.70096e-11
2.7632e-11
2.78631e-11
2.76215e-11
2.68341e-11
2.54443e-11
2.34195e-11
2.07571e-11
1.74873e-11
1.36724e-11
9.40337e-12
4.79677e-12
-9.72278e-30
2.10604e-16
1.42382e-13
2.77812e-13
4.06788e-13
5.29617e-13
6.46591e-13
7.57987e-13
8.64072e-13
9.65097e-13
1.0613e-12
1.15292e-12
1.24017e-12
1.32326e-12
1.40238e-12
1.47773e-12
1.54948e-12
1.61781e-12
1.68288e-12
1.74484e-12
1.80385e-12
1.86005e-12
1.91356e-12
1.96452e-12
2.01306e-12
2.05927e-12
2.10328e-12
2.1452e-12
2.18511e-12
2.22312e-12
2.25932e-12
2.29379e-12
2.32662e-12
2.68801e-12
3.0852e-12
3.52163e-12
4.00103e-12
4.52746e-12
5.10529e-12
5.73921e-12
6.43421e-12
7.19558e-12
8.02888e-12
8.93982e-12
9.93423e-12
1.10179e-11
1.21962e-11
1.34742e-11
1.48559e-11
1.63437e-11
1.79383e-11
1.96372e-11
2.14338e-11
2.33167e-11
2.52674e-11
2.72594e-11
2.92561e-11
3.12094e-11
3.30581e-11
3.47281e-11
3.61323e-11
3.71734e-11
3.77481e-11
3.77538e-11
3.70973e-11
3.57044e-11
3.35295e-11
3.05626e-11
2.6833e-11
2.24073e-11
1.73832e-11
1.18805e-11
6.03456e-12
-1.11211e-29
2.96497e-16
2.00444e-13
3.91099e-13
5.72668e-13
7.45582e-13
9.10252e-13
1.06707e-12
1.21641e-12
1.35862e-12
1.49405e-12
1.62302e-12
1.74583e-12
1.86279e-12
1.97416e-12
2.08022e-12
2.18121e-12
2.27739e-12
2.36898e-12
2.4562e-12
2.53925e-12
2.61834e-12
2.69366e-12
2.76539e-12
2.83369e-12
2.89873e-12
2.96067e-12
3.01966e-12
3.07583e-12
3.12933e-12
3.18027e-12
3.22878e-12
3.27498e-12
3.78352e-12
4.34236e-12
4.95629e-12
5.63052e-12
6.3707e-12
7.18285e-12
8.07344e-12
9.04933e-12
1.01177e-11
1.12861e-11
1.2562e-11
1.39531e-11
1.54667e-11
1.71095e-11
1.88872e-11
2.08036e-11
2.28603e-11
2.50551e-11
2.73812e-11
2.98253e-11
3.23662e-11
3.49725e-11
3.76005e-11
4.01923e-11
4.26744e-11
4.49568e-11
4.69336e-11
4.84863e-11
4.94885e-11
4.98144e-11
4.93491e-11
4.80003e-11
4.571e-11
4.24636e-11
3.82932e-11
3.32761e-11
2.75256e-11
2.11782e-11
1.4379e-11
7.27127e-12
-1.21823e-29
4.11575e-16
2.78229e-13
5.42869e-13
7.94896e-13
1.03491e-12
1.26347e-12
1.48114e-12
1.68842e-12
1.8858e-12
2.07377e-12
2.25277e-12
2.42322e-12
2.58554e-12
2.74011e-12
2.8873e-12
3.02746e-12
3.16093e-12
3.28803e-12
3.40906e-12
3.52432e-12
3.63407e-12
3.73858e-12
3.83811e-12
3.93289e-12
4.02314e-12
4.10909e-12
4.19093e-12
4.26887e-12
4.34309e-12
4.41377e-12
4.48108e-12
4.54518e-12
5.25069e-12
6.02583e-12
6.8772e-12
7.81194e-12
8.83773e-12
9.96278e-12
1.11958e-11
1.25461e-11
1.4023e-11
1.56365e-11
1.73964e-11
1.93121e-11
2.13926e-11
2.36454e-11
2.6076e-11
2.86872e-11
3.14773e-11
3.44388e-11
3.75568e-11
4.08064e-11
4.41503e-11
4.75365e-11
5.08957e-11
5.41392e-11
5.71582e-11
5.98249e-11
6.19954e-11
6.35165e-11
6.42354e-11
6.40123e-11
6.27354e-11
6.03343e-11
5.67912e-11
5.21458e-11
4.64923e-11
3.99689e-11
3.27407e-11
2.49802e-11
1.6848e-11
8.48217e-12
-1.29199e-29
5.66057e-16
3.82639e-13
7.46587e-13
1.09319e-12
1.42326e-12
1.73759e-12
2.03691e-12
2.32196e-12
2.59339e-12
2.85187e-12
3.09801e-12
3.33239e-12
3.55558e-12
3.76811e-12
3.97049e-12
4.1632e-12
4.34671e-12
4.52145e-12
4.68785e-12
4.84631e-12
4.99719e-12
5.14087e-12
5.27769e-12
5.40798e-12
5.53205e-12
5.65019e-12
5.7627e-12
5.86983e-12
5.97185e-12
6.069e-12
6.16152e-12
6.24962e-12
7.21923e-12
8.2843e-12
9.45379e-12
1.07374e-11
1.21453e-11
1.36887e-11
1.53791e-11
1.72286e-11
1.92496e-11
2.14546e-11
2.38559e-11
2.64648e-11
2.92913e-11
3.2343e-11
3.56239e-11
3.91329e-11
4.28621e-11
4.6794e-11
5.08994e-11
5.51342e-11
5.9436e-11
6.37214e-11
6.78837e-11
7.17913e-11
7.52895e-11
7.82041e-11
8.03496e-11
8.1541e-11
8.16095e-11
8.04202e-11
7.78896e-11
7.39981e-11
6.87968e-11
6.24037e-11
5.49909e-11
4.67637e-11
3.79359e-11
2.87059e-11
1.92361e-11
9.64307e-12
-1.33547e-29
7.73648e-16
5.22927e-13
1.02031e-12
1.49398e-12
1.94505e-12
2.3746e-12
2.78365e-12
3.17317e-12
3.54408e-12
3.89728e-12
4.2336e-12
4.55385e-12
4.85881e-12
5.14918e-12
5.42569e-12
5.68898e-12
5.93968e-12
6.17841e-12
6.40573e-12
6.62219e-12
6.8283e-12
7.02457e-12
7.21146e-12
7.38943e-12
7.55889e-12
7.72026e-12
7.87392e-12
8.02024e-12
8.15958e-12
8.29226e-12
8.41861e-12
8.53893e-12
9.86293e-12
1.13169e-11
1.29128e-11
1.46637e-11
1.65833e-11
1.8686e-11
2.09871e-11
2.35022e-11
2.62471e-11
2.92371e-11
3.24869e-11
3.60094e-11
3.98144e-11
4.39078e-11
4.82891e-11
5.29494e-11
5.78688e-11
6.30124e-11
6.83277e-11
7.37396e-11
7.91476e-11
8.44226e-11
8.94054e-11
9.39084e-11
9.77204e-11
1.00617e-10
1.02373e-10
1.02785e-10
1.01692e-10
9.89941e-11
9.46713e-11
8.87901e-11
8.14995e-11
7.3015e-11
6.35934e-11
5.35036e-11
4.2996e-11
3.22785e-11
2.14981e-11
1.07337e-11
-1.35163e-29
1.05283e-15
7.1157e-13
1.38837e-12
2.0329e-12
2.64668e-12
3.23116e-12
3.78772e-12
4.3177e-12
4.82235e-12
5.30288e-12
5.76044e-12
6.19612e-12
6.61097e-12
7.00598e-12
7.38211e-12
7.74024e-12
8.08126e-12
8.40596e-12
8.71514e-12
9.00953e-12
9.28985e-12
9.55676e-12
9.81092e-12
1.00529e-11
1.02834e-11
1.05028e-11
1.07117e-11
1.09107e-11
1.11001e-11
1.12805e-11
1.14523e-11
1.16159e-11
1.34157e-11
1.53915e-11
1.75593e-11
1.99363e-11
2.25406e-11
2.5391e-11
2.85072e-11
3.19088e-11
3.56153e-11
3.96451e-11
4.40146e-11
4.87366e-11
5.3819e-11
5.92622e-11
6.50563e-11
7.11777e-11
7.75853e-11
8.42155e-11
9.09782e-11
9.77516e-11
1.04379e-10
1.10667e-10
1.16389e-10
1.21286e-10
1.25087e-10
1.27519e-10
1.28336e-10
1.27342e-10
1.24422e-10
1.19554e-10
1.12825e-10
1.04424e-10
9.46185e-11
8.37317e-11
7.20999e-11
6.00401e-11
4.78198e-11
3.56351e-11
2.35993e-11
1.17392e-11
-7.38811e-30
1.07857e-15
7.28966e-13
1.42232e-12
2.0826e-12
2.71138e-12
3.31014e-12
3.88031e-12
4.42324e-12
4.94022e-12
5.43249e-12
5.90123e-12
6.34755e-12
6.77253e-12
7.17719e-12
7.5625e-12
7.92938e-12
8.27872e-12
8.61135e-12
8.92807e-12
9.22965e-12
9.5168e-12
9.79023e-12
1.00506e-11
1.02985e-11
1.05346e-11
1.07593e-11
1.09734e-11
1.11772e-11
1.13712e-11
1.1556e-11
1.1732e-11
1.18996e-11
1.37432e-11
1.5767e-11
1.79875e-11
2.04221e-11
2.30894e-11
2.60086e-11
2.91996e-11
3.26825e-11
3.6477e-11
4.06019e-11
4.50734e-11
4.99046e-11
5.51028e-11
6.06677e-11
6.65886e-11
7.28402e-11
7.93792e-11
8.61393e-11
9.30263e-11
9.99141e-11
1.06641e-10
1.13007e-10
1.18779e-10
1.23694e-10
1.27474e-10
1.29844e-10
1.30557e-10
1.2942e-10
1.26323e-10
1.21253e-10
1.14306e-10
1.05683e-10
9.56626e-11
8.45744e-11
7.27614e-11
6.05434e-11
4.81879e-11
3.58893e-11
2.37575e-11
1.18146e-11
-1.13641e-30
1.4281e-15
9.65104e-13
1.88305e-12
2.7572e-12
3.58963e-12
4.3823e-12
5.1371e-12
5.85581e-12
6.54016e-12
7.19177e-12
7.81221e-12
8.40296e-12
8.96544e-12
9.501e-12
1.00109e-11
1.04965e-11
1.09587e-11
1.13989e-11
1.1818e-11
1.2217e-11
1.2597e-11
1.29587e-11
1.33032e-11
1.36312e-11
1.39435e-11
1.42408e-11
1.4524e-11
1.47935e-11
1.50503e-11
1.52947e-11
1.55274e-11
1.57491e-11
1.81871e-11
2.08624e-11
2.37962e-11
2.70111e-11
3.05305e-11
3.43787e-11
3.85803e-11
4.31597e-11
4.814e-11
5.35418e-11
5.93818e-11
6.56703e-11
7.24087e-11
7.95859e-11
8.71743e-11
9.51244e-11
1.0336e-10
1.11772e-10
1.20212e-10
1.2849e-10
1.36371e-10
1.43576e-10
1.49795e-10
1.54693e-10
1.57939e-10
1.59236e-10
1.58347e-10
1.55133e-10
1.49575e-10
1.41784e-10
1.31998e-10
1.20552e-10
1.07848e-10
9.43063e-11
8.0326e-11
6.62471e-11
5.23278e-11
3.87305e-11
2.55172e-11
1.26507e-11
-1.25978e-30
1.93344e-15
1.30644e-12
2.54902e-12
3.73231e-12
4.85909e-12
5.93202e-12
6.95365e-12
7.9264e-12
8.85259e-12
9.73444e-12
1.05741e-11
1.13735e-11
1.21346e-11
1.28592e-11
1.35492e-11
1.4206e-11
1.48314e-11
1.54269e-11
1.59938e-11
1.65336e-11
1.70475e-11
1.75368e-11
1.80026e-11
1.84462e-11
1.88685e-11
1.92706e-11
1.96534e-11
2.0018e-11
2.03651e-11
2.06955e-11
2.10102e-11
2.13098e-11
2.46051e-11
2.82192e-11
3.21801e-11
3.6517e-11
4.12599e-11
4.64396e-11
5.20862e-11
5.82289e-11
6.48934e-11
7.2101e-11
7.98652e-11
8.81886e-11
9.70587e-11
1.06443e-10
1.16281e-10
1.26481e-10
1.36911e-10
1.47391e-10
1.57688e-10
1.67516e-10
1.76535e-10
1.84363e-10
1.90595e-10
1.94826e-10
1.96694e-10
1.95912e-10
1.92315e-10
1.85884e-10
1.76763e-10
1.65248e-10
1.5176e-10
1.36796e-10
1.20881e-10
1.04511e-10
8.81162e-11
7.20272e-11
5.64653e-11
4.15375e-11
2.72404e-11
1.34648e-11
-1.27178e-30
2.61487e-15
1.7666e-12
3.44684e-12
5.04686e-12
6.57043e-12
8.02112e-12
9.40239e-12
1.07175e-11
1.19696e-11
1.31617e-11
1.42967e-11
1.53772e-11
1.64059e-11
1.73853e-11
1.83176e-11
1.92053e-11
2.00503e-11
2.08548e-11
2.16208e-11
2.235e-11
2.30442e-11
2.37051e-11
2.43344e-11
2.49334e-11
2.55038e-11
2.60468e-11
2.65638e-11
2.70561e-11
2.75248e-11
2.7971e-11
2.83958e-11
2.88004e-11
3.32479e-11
3.81228e-11
4.34614e-11
4.9301e-11
5.56795e-11
6.26348e-11
7.02029e-11
7.84163e-11
8.73018e-11
9.68769e-11
1.07146e-10
1.18094e-10
1.29682e-10
1.41839e-10
1.54452e-10
1.6736e-10
1.80343e-10
1.93118e-10
2.05333e-10
2.16573e-10
2.26371e-10
2.34229e-10
2.39655e-10
2.42205e-10
2.41532e-10
2.37439e-10
2.29908e-10
2.19122e-10
2.05453e-10
1.89422e-10
1.71649e-10
1.52783e-10
1.33441e-10
1.14158e-10
9.53532e-11
7.73153e-11
6.02015e-11
4.40455e-11
2.87676e-11
1.41825e-11
-7.39135e-31
2.76284e-15
1.86651e-12
3.64177e-12
5.33227e-12
6.94197e-12
8.47468e-12
9.93402e-12
1.13235e-11
1.26463e-11
1.39058e-11
1.51048e-11
1.62463e-11
1.73331e-11
1.83677e-11
1.93527e-11
2.02904e-11
2.11831e-11
2.2033e-11
2.28421e-11
2.36124e-11
2.43457e-11
2.50439e-11
2.57086e-11
2.63414e-11
2.69438e-11
2.75174e-11
2.80635e-11
2.85835e-11
2.90785e-11
2.95498e-11
2.99985e-11
3.04258e-11
3.5123e-11
4.02711e-11
4.59078e-11
5.20722e-11
5.8804e-11
6.61421e-11
7.41237e-11
8.27817e-11
9.21426e-11
1.02222e-10
1.13023e-10
1.24525e-10
1.36682e-10
1.49414e-10
1.62595e-10
1.76048e-10
1.89532e-10
2.02742e-10
2.15299e-10
2.26762e-10
2.36638e-10
2.44408e-10
2.49567e-10
2.51668e-10
2.50379e-10
2.45525e-10
2.37128e-10
2.25416e-10
2.10808e-10
1.93872e-10
1.75261e-10
1.55649e-10
1.35666e-10
1.15849e-10
9.66093e-11
7.82254e-11
6.08399e-11
4.44716e-11
2.90259e-11
1.43035e-11
-3.50524e-31
3.53235e-15
2.38599e-12
4.6553e-12
6.81622e-12
8.8738e-12
1.08329e-11
1.26981e-11
1.44739e-11
1.61645e-11
1.7774e-11
1.93062e-11
2.07648e-11
2.21533e-11
2.34752e-11
2.47335e-11
2.59314e-11
2.70717e-11
2.81572e-11
2.91906e-11
3.01743e-11
3.11108e-11
3.20023e-11
3.28511e-11
3.3659e-11
3.44282e-11
3.51605e-11
3.58576e-11
3.65213e-11
3.71532e-11
3.77548e-11
3.83275e-11
3.88728e-11
4.4866e-11
5.14303e-11
5.86121e-11
6.64586e-11
7.50166e-11
8.43312e-11
9.44432e-11
1.05386e-10
1.17183e-10
1.2984e-10
1.4334e-10
1.57637e-10
1.72644e-10
1.88226e-10
2.04185e-10
2.20253e-10
2.36082e-10
2.51241e-10
2.65221e-10
2.77449e-10
2.87313e-10
2.94208e-10
2.97592e-10
2.97043e-10
2.92321e-10
2.83412e-10
2.70549e-10
2.54197e-10
2.35006e-10
2.13743e-10
1.91212e-10
1.68177e-10
1.453e-10
1.23106e-10
1.01961e-10
8.20778e-11
6.35277e-11
4.62574e-11
3.01049e-11
1.48081e-11
-5.20705e-31
4.77107e-15
3.22195e-12
6.28628e-12
9.20415e-12
1.19824e-11
1.46274e-11
1.71456e-11
1.95429e-11
2.1825e-11
2.39973e-11
2.60652e-11
2.80337e-11
2.99073e-11
3.16908e-11
3.33885e-11
3.50044e-11
3.65425e-11
3.80066e-11
3.94003e-11
4.07268e-11
4.19895e-11
4.31915e-11
4.43357e-11
4.54248e-11
4.64616e-11
4.74486e-11
4.83881e-11
4.92825e-11
5.01339e-11
5.09445e-11
5.17161e-11
5.24507e-11
6.05211e-11
6.93525e-11
7.90035e-11
8.95324e-11
1.00995e-10
1.13443e-10
1.26919e-10
1.41451e-10
1.57049e-10
1.73694e-10
1.9133e-10
2.09852e-10
2.29096e-10
2.48819e-10
2.68693e-10
2.88292e-10
3.07086e-10
3.24449e-10
3.39674e-10
3.52011e-10
3.60716e-10
3.65122e-10
3.64713e-10
3.59199e-10
3.48571e-10
3.33123e-10
3.13437e-10
2.90321e-10
2.64728e-10
2.37651e-10
2.10035e-10
1.82697e-10
1.56287e-10
1.31263e-10
1.079e-10
8.63074e-11
6.64519e-11
4.81861e-11
3.12639e-11
1.53481e-11
-5.43509e-31
6.4472e-15
4.3526e-12
8.49217e-12
1.24337e-11
1.61864e-11
1.9759e-11
2.316e-11
2.63974e-11
2.94789e-11
3.2412e-11
3.52037e-11
3.78608e-11
4.03897e-11
4.27967e-11
4.50875e-11
4.72678e-11
4.93429e-11
5.13178e-11
5.31975e-11
5.49865e-11
5.66893e-11
5.83099e-11
5.98525e-11
6.13207e-11
6.27181e-11
6.40483e-11
6.53144e-11
6.65196e-11
6.76668e-11
6.87588e-11
6.97983e-11
7.07878e-11
8.16529e-11
9.35293e-11
1.06489e-10
1.20603e-10
1.35935e-10
1.52538e-10
1.70449e-10
1.89682e-10
2.10214e-10
2.31979e-10
2.5485e-10
2.78624e-10
3.03007e-10
3.27593e-10
3.51859e-10
3.75153e-10
3.96703e-10
4.15637e-10
4.3103e-10
4.41967e-10
4.47625e-10
4.47373e-10
4.40861e-10
4.28085e-10
4.0942e-10
3.85591e-10
3.57605e-10
3.26642e-10
2.93933e-10
2.60641e-10
2.27776e-10
1.96137e-10
1.66292e-10
1.38586e-10
1.13166e-10
9.00178e-11
6.89947e-11
4.98515e-11
3.22594e-11
1.58103e-11
-5.09085e-31
8.71799e-15
5.88356e-12
1.1479e-11
1.68065e-11
2.18784e-11
2.67065e-11
3.13022e-11
3.56764e-11
3.98395e-11
4.38015e-11
4.75721e-11
5.11604e-11
5.45751e-11
5.78247e-11
6.0917e-11
6.38597e-11
6.666e-11
6.93248e-11
7.18606e-11
7.42739e-11
7.65704e-11
7.87559e-11
8.08358e-11
8.28152e-11
8.4699e-11
8.64919e-11
8.81983e-11
8.98223e-11
9.1368e-11
9.28392e-11
9.42395e-11
9.55723e-11
1.10197e-10
1.26162e-10
1.43553e-10
1.62451e-10
1.82923e-10
2.05017e-10
2.2875e-10
2.54099e-10
2.80983e-10
3.09247e-10
3.38644e-10
3.6881e-10
3.99249e-10
4.29314e-10
4.582e-10
4.84953e-10
5.08496e-10
5.27686e-10
5.41391e-10
5.48598e-10
5.48533e-10
5.40769e-10
5.25315e-10
5.02643e-10
4.73663e-10
4.39631e-10
4.0201e-10
3.62322e-10
3.22004e-10
2.82297e-10
2.44185e-10
2.08364e-10
1.75263e-10
1.4507e-10
1.17779e-10
9.32381e-11
7.11851e-11
5.12775e-11
3.3108e-11
1.62033e-11
-4.74392e-31
1.17992e-14
7.95954e-12
1.5529e-11
2.27356e-11
2.95959e-11
3.61257e-11
4.23405e-11
4.82549e-11
5.38831e-11
5.92386e-11
6.43346e-11
6.91833e-11
7.37968e-11
7.81863e-11
8.23626e-11
8.63362e-11
9.01168e-11
9.37139e-11
9.71364e-11
1.00393e-10
1.03491e-10
1.06439e-10
1.09244e-10
1.11914e-10
1.14454e-10
1.16871e-10
1.1917e-10
1.21359e-10
1.23442e-10
1.25424e-10
1.27311e-10
1.29106e-10
1.4879e-10
1.7024e-10
1.93557e-10
2.18827e-10
2.4611e-10
2.75431e-10
3.06762e-10
3.40007e-10
3.74977e-10
4.1137e-10
4.48737e-10
4.86468e-10
5.23761e-10
5.59621e-10
5.92865e-10
6.22161e-10
6.4609e-10
6.6325e-10
6.7239e-10
6.72556e-10
6.6323e-10
6.44435e-10
6.16774e-10
5.81388e-10
5.39843e-10
4.93959e-10
4.45622e-10
3.96603e-10
3.48433e-10
3.02314e-10
2.59102e-10
2.19319e-10
1.83199e-10
1.50742e-10
1.21777e-10
9.60074e-11
7.30566e-11
5.24897e-11
3.38266e-11
1.65352e-11
-4.4017e-31
1.59875e-14
1.07791e-11
2.10296e-11
3.0788e-11
4.00764e-11
4.89164e-11
5.73285e-11
6.53328e-11
7.29484e-11
8.01937e-11
8.70864e-11
9.36435e-11
9.9881e-11
1.05814e-10
1.11459e-10
1.16827e-10
1.21935e-10
1.26793e-10
1.31414e-10
1.3581e-10
1.39992e-10
1.4397e-10
1.47755e-10
1.51356e-10
1.54781e-10
1.5804e-10
1.61141e-10
1.64091e-10
1.66898e-10
1.69569e-10
1.7211e-10
1.74529e-10
2.01018e-10
2.29824e-10
2.61056e-10
2.94791e-10
3.31064e-10
3.69845e-10
4.11016e-10
4.5435e-10
4.99473e-10
5.45834e-10
5.92677e-10
6.39011e-10
6.83599e-10
7.24974e-10
7.61479e-10
7.91349e-10
8.12846e-10
8.24416e-10
8.24882e-10
8.13614e-10
7.90656e-10
7.56777e-10
7.13413e-10
6.62523e-10
6.06376e-10
5.47308e-10
4.8751e-10
4.28864e-10
3.72846e-10
3.20499e-10
2.72457e-10
2.29001e-10
1.90135e-10
1.55653e-10
1.2521e-10
9.83697e-11
7.46443e-11
5.35136e-11
3.44317e-11
1.68141e-11
-4.06959e-31
2.16917e-14
1.46156e-11
2.85136e-11
4.17432e-11
5.43341e-11
6.63152e-11
7.77145e-11
8.85589e-11
9.88744e-11
1.08686e-10
1.18018e-10
1.26893e-10
1.35334e-10
1.43361e-10
1.50995e-10
1.58254e-10
1.65158e-10
1.71723e-10
1.77967e-10
1.83904e-10
1.89551e-10
1.94922e-10
2.0003e-10
2.04889e-10
2.0951e-10
2.13906e-10
2.18087e-10
2.22064e-10
2.25847e-10
2.29447e-10
2.32871e-10
2.36129e-10
2.71768e-10
3.10427e-10
3.52207e-10
3.97153e-10
4.45234e-10
4.96311e-10
5.50105e-10
6.06156e-10
6.63786e-10
7.22057e-10
7.79737e-10
8.35291e-10
8.8689e-10
9.32468e-10
9.69825e-10
9.96794e-10
1.01144e-09
1.01232e-09
9.98639e-10
9.70492e-10
9.28854e-10
8.75541e-10
8.13011e-10
7.44094e-10
6.71696e-10
5.98529e-10
5.2691e-10
4.58647e-10
3.9501e-10
3.36765e-10
2.84248e-10
2.37455e-10
1.96133e-10
1.59865e-10
1.28135e-10
1.00371e-10
7.59832e-11
5.4374e-11
3.49388e-11
1.70474e-11
-3.75141e-31
2.94773e-14
1.98456e-11
3.87155e-11
5.6676e-11
7.37668e-11
9.00267e-11
1.05494e-10
1.20204e-10
1.34193e-10
1.47496e-10
1.60144e-10
1.72169e-10
1.83602e-10
1.94471e-10
2.04804e-10
2.14627e-10
2.23966e-10
2.32844e-10
2.41285e-10
2.49309e-10
2.56939e-10
2.64192e-10
2.71089e-10
2.77647e-10
2.83883e-10
2.89813e-10
2.95452e-10
3.00814e-10
3.05914e-10
3.10765e-10
3.15378e-10
3.19766e-10
3.67701e-10
4.19534e-10
4.75331e-10
5.35057e-10
5.98548e-10
6.65463e-10
7.35239e-10
8.07036e-10
8.79688e-10
9.51666e-10
1.02105e-09
1.08556e-09
1.14261e-09
1.18945e-09
1.22337e-09
1.24195e-09
1.24339e-09
1.22674e-09
1.19211e-09
1.14078e-09
1.07504e-09
9.97981e-10
9.13148e-10
8.24164e-10
7.3439e-10
6.46683e-10
5.63259e-10
4.85664e-10
4.14819e-10
3.51116e-10
2.94535e-10
2.44758e-10
2.01273e-10
1.6345e-10
1.30609e-10
1.02056e-10
7.71063e-11
5.50935e-11
3.53619e-11
1.72418e-11
-3.4496e-31
4.01281e-14
2.69898e-11
5.26508e-11
7.70717e-11
1.00306e-10
1.22405e-10
1.43421e-10
1.63403e-10
1.82399e-10
2.00456e-10
2.17618e-10
2.33929e-10
2.49431e-10
2.64162e-10
2.78162e-10
2.91465e-10
3.04107e-10
3.16121e-10
3.27539e-10
3.38389e-10
3.48701e-10
3.58501e-10
3.67817e-10
3.7667e-10
3.85086e-10
3.93087e-10
4.00692e-10
4.07922e-10
4.14796e-10
4.21332e-10
4.27546e-10
4.33456e-10
4.97889e-10
5.67296e-10
6.41645e-10
7.20743e-10
8.04173e-10
8.91244e-10
9.80915e-10
1.07174e-09
1.1618e-09
1.24871e-09
1.3296e-09
1.40123e-09
1.46014e-09
1.50294e-09
1.52659e-09
1.52884e-09
1.50851e-09
1.46581e-09
1.40234e-09
1.32104e-09
1.22581e-09
1.12109e-09
1.01143e-09
9.00985e-10
7.93295e-10
6.91076e-10
5.96207e-10
5.0979e-10
4.32278e-10
3.63622e-10
3.03413e-10
2.5101e-10
2.05642e-10
1.6648e-10
1.32691e-10
1.03468e-10
7.8044e-11
5.56927e-11
3.57136e-11
1.74033e-11
-3.16562e-31
5.4735e-14
3.67702e-11
7.17266e-11
1.04988e-10
1.36626e-10
1.6671e-10
1.95309e-10
2.22491e-10
2.48322e-10
2.72866e-10
2.96183e-10
3.18333e-10
3.39374e-10
3.5936e-10
3.78343e-10
3.96373e-10
4.13499e-10
4.29766e-10
4.45218e-10
4.59895e-10
4.73837e-10
4.87082e-10
4.99665e-10
5.1162e-10
5.22979e-10
5.33771e-10
5.44027e-10
5.53773e-10
5.63035e-10
5.71839e-10
5.80206e-10
5.8816e-10
6.74689e-10
7.67458e-10
8.66237e-10
9.70523e-10
1.07947e-09
1.19177e-09
1.30564e-09
1.41869e-09
1.5279e-09
1.62967e-09
1.71993e-09
1.79432e-09
1.84853e-09
1.87878e-09
1.8822e-09
1.85737e-09
1.80457e-09
1.72589e-09
1.62506e-09
1.50703e-09
1.37742e-09
1.2419e-09
1.10568e-09
9.73118e-10
8.47559e-10
7.31281e-10
6.25601e-10
5.31033e-10
4.47478e-10
3.74405e-10
3.11005e-10
2.56319e-10
2.0933e-10
1.69025e-10
1.34432e-10
1.04645e-10
7.88238e-11
5.61899e-11
3.6005e-11
1.75369e-11
-2.90013e-31
7.48204e-14
5.01894e-11
9.78975e-11
1.43283e-10
1.86441e-10
2.27465e-10
2.66448e-10
3.03483e-10
3.38659e-10
3.72065e-10
4.03783e-10
4.33898e-10
4.62487e-10
4.89626e-10
5.15389e-10
5.39843e-10
5.63057e-10
5.85094e-10
6.06013e-10
6.25872e-10
6.44726e-10
6.62626e-10
6.79623e-10
6.95761e-10
7.11087e-10
7.25642e-10
7.39466e-10
7.52596e-10
7.65068e-10
7.76917e-10
7.88174e-10
7.9887e-10
9.14908e-10
1.03859e-09
1.16931e-09
1.30601e-09
1.4471e-09
1.59034e-09
1.73271e-09
1.87044e-09
1.99899e-09
2.11319e-09
2.20753e-09
2.27656e-09
2.31545e-09
2.32063e-09
2.29031e-09
2.22489e-09
2.12708e-09
2.00167e-09
1.85497e-09
1.69409e-09
1.52616e-09
1.3577e-09
1.19412e-09
1.03951e-09
8.96657e-10
7.67112e-10
6.51454e-10
5.49506e-10
4.60568e-10
3.83614e-10
3.17444e-10
2.60795e-10
2.12425e-10
1.71151e-10
1.35882e-10
1.05622e-10
7.94699e-11
5.66012e-11
3.62457e-11
1.76471e-11
-2.65322e-31
1.02517e-13
6.86446e-11
1.33886e-10
1.95935e-10
2.54918e-10
3.10961e-10
3.6419e-10
4.1473e-10
4.62704e-10
5.08234e-10
5.51435e-10
5.92423e-10
6.31306e-10
6.68191e-10
7.03178e-10
7.36365e-10
7.67845e-10
7.97705e-10
8.26031e-10
8.52902e-10
8.78394e-10
9.02581e-10
9.2553e-10
9.47306e-10
9.67972e-10
9.87585e-10
1.0062e-09
1.02387e-09
1.04065e-09
1.05658e-09
1.0717e-09
1.08607e-09
1.24136e-09
1.40569e-09
1.57776e-09
1.75561e-09
1.93641e-09
2.11641e-09
2.29081e-09
2.45388e-09
2.59905e-09
2.7193e-09
2.8077e-09
2.85809e-09
2.86591e-09
2.82894e-09
2.74774e-09
2.62584e-09
2.46941e-09
2.28653e-09
2.08624e-09
1.87757e-09
1.66867e-09
1.46628e-09
1.27545e-09
1.09952e-09
9.40362e-10
7.98589e-10
6.73908e-10
5.65395e-10
4.71734e-10
3.91415e-10
3.22865e-10
2.64546e-10
2.15007e-10
1.72919e-10
1.37084e-10
1.06431e-10
8.00034e-11
5.69403e-11
3.64439e-11
1.77379e-11
-2.42454e-31
1.40821e-13
9.40853e-11
1.8349e-10
2.68494e-10
3.49264e-10
4.25966e-10
4.98772e-10
5.67853e-10
6.33379e-10
6.95515e-10
7.54426e-10
8.10269e-10
8.63199e-10
9.13363e-10
9.60903e-10
1.00596e-09
1.04865e-09
1.08911e-09
1.12746e-09
1.16381e-09
1.19826e-09
1.23092e-09
1.26188e-09
1.29123e-09
1.31907e-09
1.34546e-09
1.3705e-09
1.39425e-09
1.41677e-09
1.43815e-09
1.45843e-09
1.47768e-09
1.6849e-09
1.90222e-09
2.12719e-09
2.35629e-09
2.58478e-09
2.8066e-09
3.01446e-09
3.19997e-09
3.35415e-09
3.4681e-09
3.53393e-09
3.5458e-09
3.50088e-09
3.39996e-09
3.24766e-09
3.05196e-09
2.82327e-09
2.57315e-09
2.31306e-09
2.05328e-09
1.80219e-09
1.56603e-09
1.34887e-09
1.15287e-09
9.78703e-10
8.25888e-10
6.93193e-10
5.78928e-10
4.81178e-10
3.97974e-10
3.27402e-10
2.67671e-10
2.17151e-10
1.74384e-10
1.38078e-10
1.07098e-10
8.04427e-11
5.72192e-11
3.66068e-11
1.78124e-11
-2.21348e-31
1.93956e-13
1.29238e-10
2.52018e-10
3.68713e-10
4.79535e-10
5.84709e-10
6.84466e-10
7.79039e-10
8.68663e-10
9.53569e-10
1.03398e-09
1.11013e-09
1.18223e-09
1.25048e-09
1.31509e-09
1.37626e-09
1.43415e-09
1.48896e-09
1.54085e-09
1.58997e-09
1.63648e-09
1.68052e-09
1.72223e-09
1.76174e-09
1.79916e-09
1.83462e-09
1.86821e-09
1.90005e-09
1.93022e-09
1.95883e-09
1.98595e-09
2.01166e-09
2.28707e-09
2.57271e-09
2.86419e-09
3.15551e-09
3.43901e-09
3.70536e-09
3.9438e-09
4.14278e-09
4.2908e-09
4.37766e-09
4.39579e-09
4.34155e-09
4.21603e-09
4.02529e-09
3.77972e-09
3.4928e-09
3.17942e-09
2.8542e-09
2.53014e-09
2.21775e-09
1.92471e-09
1.65596e-09
1.41405e-09
1.1996e-09
1.0119e-09
8.49297e-10
7.09593e-10
5.90357e-10
4.89107e-10
4.03454e-10
3.31176e-10
2.70262e-10
2.18925e-10
1.75592e-10
1.38896e-10
1.07646e-10
8.08034e-11
5.7448e-11
3.67403e-11
1.78735e-11
-2.01922e-31
2.67887e-13
1.77917e-10
3.46899e-10
5.07431e-10
6.59788e-10
8.04265e-10
9.41175e-10
1.07084e-09
1.19358e-09
1.30972e-09
1.41958e-09
1.52347e-09
1.62171e-09
1.71458e-09
1.80238e-09
1.88538e-09
1.96383e-09
2.038e-09
2.10812e-09
2.17442e-09
2.2371e-09
2.29639e-09
2.35246e-09
2.4055e-09
2.45568e-09
2.50316e-09
2.5481e-09
2.59064e-09
2.63091e-09
2.66905e-09
2.70517e-09
2.73938e-09
3.10345e-09
3.47584e-09
3.84902e-09
4.21321e-09
4.55646e-09
4.86493e-09
5.12361e-09
5.31756e-09
5.43345e-09
5.46138e-09
5.39656e-09
5.24046e-09
5.00105e-09
4.69194e-09
4.33073e-09
3.93668e-09
3.5286e-09
3.12301e-09
2.73313e-09
2.36847e-09
2.03501e-09
1.73567e-09
1.47104e-09
1.24e-09
1.04032e-09
8.69169e-10
7.23418e-10
5.99935e-10
4.95719e-10
4.08005e-10
3.343e-10
2.72401e-10
2.20385e-10
1.76585e-10
1.39567e-10
1.08095e-10
8.10986e-11
5.7635e-11
3.68495e-11
1.79234e-11
-1.84083e-31
3.71057e-13
2.45461e-10
4.7852e-10
6.998e-10
9.09649e-10
1.10845e-09
1.29663e-09
1.47463e-09
1.64289e-09
1.80188e-09
1.95204e-09
2.09382e-09
2.22766e-09
2.35399e-09
2.47321e-09
2.58572e-09
2.6919e-09
2.7921e-09
2.88667e-09
2.97594e-09
3.06021e-09
3.13978e-09
3.21491e-09
3.28588e-09
3.35291e-09
3.41625e-09
3.47611e-09
3.53269e-09
3.58618e-09
3.63676e-09
3.68461e-09
3.72988e-09
4.2077e-09
4.68804e-09
5.15843e-09
5.60352e-09
6.00536e-09
6.3444e-09
6.60102e-09
6.7576e-09
6.801e-09
6.72483e-09
6.53096e-09
6.22989e-09
5.83961e-09
5.38319e-09
4.88582e-09
4.37181e-09
3.86234e-09
3.3741e-09
2.91889e-09
2.50393e-09
2.13258e-09
1.80523e-09
1.52021e-09
1.27451e-09
1.0644e-09
8.85888e-10
7.34981e-10
6.07906e-10
5.012e-10
4.11765e-10
3.36874e-10
2.7416e-10
2.21582e-10
1.77398e-10
1.40116e-10
1.08462e-10
8.13396e-11
5.77877e-11
3.69384e-11
1.7964e-11
-1.67731e-31
5.15408e-13
3.39329e-10
6.61385e-10
9.66959e-10
1.25647e-09
1.53043e-09
1.7894e-09
2.03398e-09
2.26481e-09
2.48252e-09
2.68777e-09
2.88119e-09
3.06342e-09
3.23507e-09
3.39674e-09
3.54899e-09
3.69237e-09
3.82741e-09
3.9546e-09
4.0744e-09
4.18728e-09
4.29364e-09
4.39388e-09
4.48837e-09
4.57746e-09
4.66149e-09
4.74075e-09
4.81554e-09
4.88613e-09
4.95278e-09
5.01571e-09
5.07515e-09
5.69641e-09
6.30737e-09
6.88823e-09
7.41566e-09
7.86397e-09
8.20716e-09
8.42169e-09
8.48982e-09
8.40273e-09
8.16272e-09
7.78364e-09
7.28934e-09
6.71041e-09
6.08002e-09
5.42992e-09
4.78741e-09
4.17371e-09
3.60352e-09
3.08553e-09
2.62353e-09
2.21756e-09
1.86511e-09
1.56212e-09
1.30367e-09
1.08461e-09
8.99839e-10
7.44584e-10
6.145e-10
5.05719e-10
4.14856e-10
3.38985e-10
2.75599e-10
2.22561e-10
1.78062e-10
1.40563e-10
1.08761e-10
8.15358e-11
5.79118e-11
3.70108e-11
1.79971e-11
-1.52767e-31
7.178e-13
4.69897e-10
9.15665e-10
1.33827e-09
1.73823e-09
2.11616e-09
2.47283e-09
2.80908e-09
3.12578e-09
3.42386e-09
3.70424e-09
3.96785e-09
4.21562e-09
4.44843e-09
4.66715e-09
4.87262e-09
5.06564e-09
5.24696e-09
5.41731e-09
5.57738e-09
5.72781e-09
5.86922e-09
6.00216e-09
6.12719e-09
6.2448e-09
6.35547e-09
6.45963e-09
6.5577e-09
6.65007e-09
6.73708e-09
6.81909e-09
6.8964e-09
7.69433e-09
8.45738e-09
9.1551e-09
9.75354e-09
1.02179e-08
1.05163e-08
1.06243e-08
1.05294e-08
1.02341e-08
9.75663e-09
9.1288e-09
8.39155e-09
7.58902e-09
6.76305e-09
5.94921e-09
5.17463e-09
4.45769e-09
3.80888e-09
3.23231e-09
2.72742e-09
2.29051e-09
1.91601e-09
1.59745e-09
1.32809e-09
1.10143e-09
9.11396e-10
7.52507e-10
6.19922e-10
5.09424e-10
4.17385e-10
3.40709e-10
2.76772e-10
2.23359e-10
1.78601e-10
1.40927e-10
1.09004e-10
8.16951e-11
5.80125e-11
3.70695e-11
1.80239e-11
-1.09403e-31
8.58942e-13
5.60358e-10
1.09179e-09
1.59536e-09
2.07161e-09
2.52125e-09
2.94518e-09
3.34439e-09
3.71993e-09
4.07293e-09
4.40451e-09
4.71583e-09
5.00799e-09
5.2821e-09
5.53923e-09
5.78041e-09
6.00661e-09
6.21878e-09
6.4178e-09
6.60451e-09
6.77972e-09
6.94415e-09
7.09852e-09
7.24347e-09
7.37963e-09
7.50756e-09
7.6278e-09
7.74086e-09
7.8472e-09
7.94725e-09
8.04141e-09
8.13008e-09
9.03784e-09
9.89023e-09
1.06494e-08
1.12746e-08
1.17259e-08
1.19694e-08
1.19826e-08
1.17594e-08
1.13124e-08
1.0672e-08
9.88222e-09
8.99395e-09
8.05816e-09
7.12e-09
6.21536e-09
5.36969e-09
4.5986e-09
3.90945e-09
3.30339e-09
2.77726e-09
2.32524e-09
1.94008e-09
1.61406e-09
1.33952e-09
1.10927e-09
9.16766e-10
7.56179e-10
6.2243e-10
5.11135e-10
4.18551e-10
3.41503e-10
2.77312e-10
2.23725e-10
1.78849e-10
1.41094e-10
1.09115e-10
8.17681e-11
5.80587e-11
3.70963e-11
1.80361e-11
-1.2305e-30
1.00063e-12
6.50751e-10
1.26775e-09
1.85213e-09
2.40447e-09
2.92555e-09
3.41637e-09
3.8781e-09
4.31199e-09
4.71933e-09
5.10149e-09
5.45981e-09
5.79564e-09
6.11028e-09
6.40501e-09
6.68105e-09
6.93958e-09
7.18172e-09
7.40853e-09
7.621e-09
7.82009e-09
8.00667e-09
8.18159e-09
8.34561e-09
8.49946e-09
8.64383e-09
8.77934e-09
8.90659e-09
9.02612e-09
9.13844e-09
9.24403e-09
9.34334e-09
1.03523e-08
1.12832e-08
1.20909e-08
1.27283e-08
1.31514e-08
1.33259e-08
1.32328e-08
1.28743e-08
1.22739e-08
1.14747e-08
1.0532e-08
9.50533e-09
8.45058e-09
7.41459e-09
6.43241e-09
5.52712e-09
4.7113e-09
3.98928e-09
3.35945e-09
2.81636e-09
2.35235e-09
1.9588e-09
1.62694e-09
1.34836e-09
1.11533e-09
9.20903e-10
7.59003e-10
6.24356e-10
5.12447e-10
4.19445e-10
3.42111e-10
2.77725e-10
2.24005e-10
1.79039e-10
1.41222e-10
1.092e-10
8.18239e-11
5.8094e-11
3.71169e-11
1.80455e-11
-3.61909e-30
1.39622e-12
9.01196e-10
1.7551e-09
2.56299e-09
3.32541e-09
4.04333e-09
4.71808e-09
5.35125e-09
5.94462e-09
6.50007e-09
7.01957e-09
7.50509e-09
7.95861e-09
8.38206e-09
8.77732e-09
9.14621e-09
9.49045e-09
9.81169e-09
1.01115e-08
1.03914e-08
1.06526e-08
1.08966e-08
1.11245e-08
1.13374e-08
1.15365e-08
1.17226e-08
1.18968e-08
1.20597e-08
1.22123e-08
1.23553e-08
1.24892e-08
1.26148e-08
1.38655e-08
1.4966e-08
1.58521e-08
1.64623e-08
1.67468e-08
1.66766e-08
1.62509e-08
1.55002e-08
1.44821e-08
1.32722e-08
1.19522e-08
1.05979e-08
9.27181e-09
8.01988e-09
6.87128e-09
5.84106e-09
4.93343e-09
4.14507e-09
3.46794e-09
2.89149e-09
2.40415e-09
1.9944e-09
1.65133e-09
1.36504e-09
1.12672e-09
9.28674e-10
7.64299e-10
6.27962e-10
5.14902e-10
4.21114e-10
3.43246e-10
2.78496e-10
2.24528e-10
1.79392e-10
1.41459e-10
1.09359e-10
8.19277e-11
5.81596e-11
3.71551e-11
1.8063e-11
-4.63227e-30
1.94924e-12
1.24753e-09
2.42873e-09
3.54492e-09
4.59646e-09
5.58449e-09
6.51078e-09
7.37751e-09
8.18722e-09
8.94263e-09
9.64662e-09
1.03021e-08
1.0912e-08
1.14791e-08
1.20063e-08
1.24963e-08
1.29515e-08
1.33745e-08
1.37676e-08
1.41328e-08
1.44723e-08
1.4788e-08
1.50815e-08
1.53546e-08
1.56088e-08
1.58455e-08
1.60659e-08
1.62714e-08
1.64629e-08
1.66417e-08
1.68085e-08
1.69642e-08
1.8476e-08
1.97214e-08
2.06139e-08
2.10799e-08
2.10728e-08
2.05854e-08
1.96547e-08
1.83583e-08
1.68006e-08
1.50947e-08
1.33455e-08
1.16381e-08
1.00332e-08
8.56811e-09
7.26088e-09
6.11504e-09
5.12451e-09
4.27747e-09
3.55923e-09
2.95418e-09
2.44708e-09
2.02372e-09
1.67134e-09
1.37867e-09
1.13599e-09
9.34984e-10
7.68589e-10
6.30879e-10
5.16884e-10
4.22461e-10
3.4416e-10
2.79116e-10
2.24948e-10
1.79677e-10
1.41651e-10
1.09486e-10
8.20111e-11
5.82123e-11
3.71857e-11
1.8077e-11
-4.21445e-30
2.71672e-12
1.72304e-09
3.35321e-09
4.89157e-09
6.33814e-09
7.69416e-09
8.96193e-09
1.01445e-08
1.12454e-08
1.22686e-08
1.32184e-08
1.40989e-08
1.49146e-08
1.56696e-08
1.63681e-08
1.7014e-08
1.76111e-08
1.81631e-08
1.86734e-08
1.91451e-08
1.95812e-08
1.99845e-08
2.03575e-08
2.07027e-08
2.10222e-08
2.13181e-08
2.15923e-08
2.18464e-08
2.20822e-08
2.23009e-08
2.2504e-08
2.26927e-08
2.44612e-08
2.57842e-08
2.65514e-08
2.66862e-08
2.61655e-08
2.50309e-08
2.33855e-08
2.13748e-08
1.91586e-08
1.68848e-08
1.46714e-08
1.26006e-08
1.07207e-08
9.05302e-09
7.59951e-09
6.34971e-09
5.28619e-09
4.38838e-09
3.63505e-09
3.00589e-09
2.48229e-09
2.04767e-09
1.68761e-09
1.38972e-09
1.1435e-09
9.40075e-10
7.72046e-10
6.33225e-10
5.18476e-10
4.23542e-10
3.44894e-10
2.79614e-10
2.25285e-10
1.79904e-10
1.41803e-10
1.09588e-10
8.20778e-11
5.82544e-11
3.72102e-11
1.80881e-11
-3.83372e-30
3.76869e-12
2.36874e-09
4.60805e-09
6.71839e-09
8.69903e-09
1.05512e-08
1.2278e-08
1.38834e-08
1.53725e-08
1.6751e-08
1.80251e-08
1.92008e-08
2.02846e-08
2.12826e-08
2.22009e-08
2.30454e-08
2.38217e-08
2.4535e-08
2.51903e-08
2.57924e-08
2.63454e-08
2.68535e-08
2.73204e-08
2.77496e-08
2.81442e-08
2.85072e-08
2.88411e-08
2.91486e-08
2.94318e-08
2.96928e-08
2.99335e-08
3.01555e-08
3.21374e-08
3.34053e-08
3.38305e-08
3.33552e-08
3.20162e-08
2.99463e-08
2.7349e-08
2.44551e-08
2.14783e-08
1.85873e-08
1.58955e-08
1.34668e-08
1.13263e-08
9.47248e-09
7.88807e-09
6.54723e-09
5.42089e-09
4.48e-09
3.69726e-09
3.04809e-09
2.51088e-09
2.06704e-09
1.70073e-09
1.39861e-09
1.14952e-09
9.44156e-10
7.74811e-10
6.351e-10
5.19748e-10
4.24404e-10
3.45478e-10
2.8001e-10
2.25553e-10
1.80085e-10
1.41925e-10
1.09669e-10
8.21308e-11
5.82879e-11
3.72297e-11
1.8097e-11
-3.48693e-30
5.18405e-12
3.23257e-09
6.28636e-09
9.1608e-09
1.18539e-08
1.43669e-08
1.67033e-08
1.88688e-08
2.08704e-08
2.2716e-08
2.44143e-08
2.59742e-08
2.74048e-08
2.87149e-08
2.99135e-08
3.10089e-08
3.20094e-08
3.29224e-08
3.37554e-08
3.4515e-08
3.52075e-08
3.58387e-08
3.64141e-08
3.69386e-08
3.74167e-08
3.78527e-08
3.82502e-08
3.86129e-08
3.89438e-08
3.92459e-08
3.95218e-08
3.97739e-08
4.18657e-08
4.28503e-08
4.25985e-08
4.11159e-08
3.8561e-08
3.52163e-08
3.14207e-08
2.74939e-08
2.36846e-08
2.01557e-08
1.69931e-08
1.42262e-08
1.18472e-08
9.82782e-09
8.12946e-09
6.71076e-09
5.53149e-09
4.55471e-09
3.74771e-09
3.08214e-09
2.53388e-09
2.08257e-09
1.71122e-09
1.4057e-09
1.15431e-09
9.47402e-10
7.77009e-10
6.36589e-10
5.20757e-10
4.25088e-10
3.45942e-10
2.80324e-10
2.25766e-10
1.80228e-10
1.42021e-10
1.09733e-10
8.21727e-11
5.83143e-11
3.72451e-11
1.8104e-11
-3.17118e-30
7.03138e-12
4.36136e-09
8.47957e-09
1.23527e-08
1.59769e-08
1.93532e-08
2.24859e-08
2.53822e-08
2.80514e-08
3.05042e-08
3.27523e-08
3.48082e-08
3.66843e-08
3.83933e-08
3.99474e-08
4.13588e-08
4.26389e-08
4.37985e-08
4.4848e-08
4.5797e-08
4.66546e-08
4.74289e-08
4.81278e-08
4.87582e-08
4.93266e-08
4.9839e-08
5.03008e-08
5.07168e-08
5.10916e-08
5.14291e-08
5.17331e-08
5.20068e-08
5.40216e-08
5.43641e-08
5.2946e-08
4.99192e-08
4.56605e-08
4.06735e-08
3.5453e-08
3.03846e-08
2.57119e-08
2.15556e-08
1.79495e-08
1.4875e-08
1.22853e-08
1.01228e-08
8.32779e-09
6.84399e-09
5.62097e-09
4.61483e-09
3.78812e-09
3.10932e-09
2.55217e-09
2.0949e-09
1.71953e-09
1.41131e-09
1.1581e-09
9.49964e-10
7.78742e-10
6.37761e-10
5.21551e-10
4.25626e-10
3.46306e-10
2.80571e-10
2.25933e-10
1.80341e-10
1.42097e-10
1.09784e-10
8.22057e-11
5.83351e-11
3.72572e-11
1.81095e-11
-2.88378e-30
9.33367e-12
5.78634e-09
1.12498e-08
1.63872e-08
2.11932e-08
2.56679e-08
2.98161e-08
3.36466e-08
3.71706e-08
4.04017e-08
4.3355e-08
4.60465e-08
4.84927e-08
5.07105e-08
5.27164e-08
5.45267e-08
5.61572e-08
5.7623e-08
5.89384e-08
6.01168e-08
6.11709e-08
6.21122e-08
6.29518e-08
6.36994e-08
6.43642e-08
6.49545e-08
6.5478e-08
6.59415e-08
6.63514e-08
6.67131e-08
6.7032e-08
6.73125e-08
6.8955e-08
6.81235e-08
6.48574e-08
5.95982e-08
5.30813e-08
4.60992e-08
3.92848e-08
3.30278e-08
2.75077e-08
2.27641e-08
1.87584e-08
1.54147e-08
1.2645e-08
1.03625e-08
8.48755e-09
6.95058e-09
5.69218e-09
4.66246e-09
3.82002e-09
3.13072e-09
2.56654e-09
2.10456e-09
1.72604e-09
1.4157e-09
1.16106e-09
9.51962e-10
7.80093e-10
6.38675e-10
5.22169e-10
4.26044e-10
3.4659e-10
2.80763e-10
2.26062e-10
1.80429e-10
1.42156e-10
1.09823e-10
8.22312e-11
5.83512e-11
3.72665e-11
1.81138e-11
-2.62224e-30
1.22258e-11
7.64647e-09
1.48717e-08
2.16741e-08
2.80475e-08
3.39914e-08
3.95107e-08
4.46139e-08
4.93131e-08
5.36233e-08
5.75614e-08
6.11462e-08
6.43974e-08
6.7336e-08
6.99829e-08
7.23591e-08
7.44855e-08
7.63823e-08
7.8069e-08
7.95642e-08
8.08854e-08
8.20492e-08
8.30711e-08
8.39653e-08
8.47451e-08
8.54225e-08
8.60087e-08
8.65136e-08
8.69463e-08
8.73151e-08
8.76272e-08
8.78891e-08
8.86007e-08
8.55824e-08
7.92248e-08
7.05852e-08
6.09931e-08
5.15658e-08
4.29685e-08
3.54753e-08
2.91222e-08
2.38259e-08
1.94562e-08
1.58738e-08
1.29476e-08
1.05623e-08
8.61981e-09
7.03834e-09
5.75053e-09
4.70135e-09
3.84599e-09
3.1481e-09
2.57819e-09
2.11238e-09
1.7313e-09
1.41924e-09
1.16345e-09
9.53573e-10
7.81181e-10
6.39411e-10
5.22667e-10
4.26382e-10
3.46818e-10
2.80917e-10
2.26167e-10
1.80499e-10
1.42203e-10
1.09854e-10
8.22517e-11
5.83642e-11
3.7274e-11
1.81172e-11
-2.38429e-30
1.30989e-11
8.21621e-09
1.59817e-08
2.32957e-08
3.01519e-08
3.65499e-08
4.24941e-08
4.79931e-08
5.30591e-08
5.77069e-08
6.19539e-08
6.58195e-08
6.93245e-08
7.24904e-08
7.53397e-08
7.78948e-08
8.01779e-08
8.22106e-08
8.40141e-08
8.56086e-08
8.70132e-08
8.82461e-08
8.93243e-08
9.02636e-08
9.10784e-08
9.1782e-08
9.23863e-08
9.29023e-08
9.33399e-08
9.3708e-08
9.40149e-08
9.42681e-08
9.46536e-08
9.09009e-08
8.353e-08
7.38099e-08
6.32648e-08
5.31042e-08
4.39882e-08
3.6144e-08
2.95587e-08
2.41107e-08
1.96423e-08
1.59956e-08
1.30275e-08
1.06149e-08
8.65458e-09
7.06137e-09
5.76582e-09
4.71153e-09
3.85278e-09
3.15264e-09
2.58123e-09
2.11442e-09
1.73267e-09
1.42016e-09
1.16407e-09
9.53993e-10
7.81465e-10
6.39603e-10
5.22797e-10
4.26469e-10
3.46877e-10
2.80957e-10
2.26194e-10
1.80517e-10
1.42215e-10
1.09862e-10
8.22571e-11
5.83675e-11
3.7276e-11
1.81181e-11
-1.1353e-30
1.04144e-11
6.46813e-09
1.25763e-08
1.83213e-08
2.36972e-08
2.87038e-08
3.33462e-08
3.76332e-08
4.15768e-08
4.51916e-08
4.84936e-08
5.15003e-08
5.42298e-08
5.67007e-08
5.89313e-08
6.09399e-08
6.27442e-08
6.43612e-08
6.58072e-08
6.70975e-08
6.82465e-08
6.92675e-08
7.0173e-08
7.09745e-08
7.16823e-08
7.23061e-08
7.28547e-08
7.33361e-08
7.37575e-08
7.41255e-08
7.44458e-08
7.47237e-08
7.60953e-08
7.45691e-08
7.02806e-08
6.38567e-08
5.62313e-08
4.8327e-08
4.08143e-08
3.40589e-08
2.81955e-08
2.32204e-08
1.90603e-08
1.56144e-08
1.27772e-08
1.04501e-08
8.54571e-09
6.98926e-09
5.71794e-09
4.67965e-09
3.83151e-09
3.13842e-09
2.5717e-09
2.10803e-09
1.72837e-09
1.41727e-09
1.16212e-09
9.52677e-10
7.80576e-10
6.39002e-10
5.2239e-10
4.26194e-10
3.46691e-10
2.80831e-10
2.26109e-10
1.8046e-10
1.42177e-10
1.09837e-10
8.22404e-11
5.8357e-11
3.72699e-11
1.81153e-11
3.20029e-34
8.04038e-12
4.98243e-09
9.68668e-09
1.41101e-08
1.82483e-08
2.21017e-08
2.5675e-08
2.89762e-08
3.20155e-08
3.48051e-08
3.73582e-08
3.96889e-08
4.18117e-08
4.37408e-08
4.54908e-08
4.70753e-08
4.85078e-08
4.9801e-08
5.09669e-08
5.20168e-08
5.29612e-08
5.38099e-08
5.45718e-08
5.52553e-08
5.5868e-08
5.64168e-08
5.69081e-08
5.73475e-08
5.77403e-08
5.80912e-08
5.84044e-08
5.8684e-08
6.05756e-08
6.04592e-08
5.82903e-08
5.43308e-08
4.91017e-08
4.32321e-08
3.72868e-08
3.16651e-08
2.65905e-08
2.21516e-08
1.8351e-08
1.51443e-08
1.24656e-08
1.02434e-08
8.40837e-09
6.89788e-09
5.65703e-09
4.63898e-09
3.80431e-09
3.12019e-09
2.55948e-09
2.09981e-09
1.72284e-09
1.41354e-09
1.15961e-09
9.5098e-10
7.79429e-10
6.38226e-10
5.21866e-10
4.25839e-10
3.46451e-10
2.80668e-10
2.25999e-10
1.80386e-10
1.42127e-10
1.09804e-10
8.22188e-11
5.83434e-11
3.7262e-11
1.81117e-11
3.51963e-34
6.06814e-12
3.77207e-09
7.33455e-09
1.06861e-08
1.38241e-08
1.67494e-08
1.94661e-08
2.19807e-08
2.43011e-08
2.64369e-08
2.83981e-08
3.01953e-08
3.18393e-08
3.33408e-08
3.47102e-08
3.59579e-08
3.70933e-08
3.81258e-08
3.9064e-08
3.99161e-08
4.06895e-08
4.13913e-08
4.2028e-08
4.26054e-08
4.31291e-08
4.36041e-08
4.40348e-08
4.44254e-08
4.47797e-08
4.51012e-08
4.53929e-08
4.56577e-08
4.7743e-08
4.84588e-08
4.76889e-08
4.54992e-08
4.2144e-08
3.80087e-08
3.35109e-08
2.90095e-08
2.47579e-08
2.09028e-08
1.7507e-08
1.45767e-08
1.20851e-08
9.9886e-09
8.23789e-09
6.78378e-09
5.58063e-09
4.58778e-09
3.76996e-09
3.09712e-09
2.54396e-09
2.08937e-09
1.71581e-09
1.4088e-09
1.15641e-09
9.48816e-10
7.77966e-10
6.37236e-10
5.21195e-10
4.25385e-10
3.46143e-10
2.8046e-10
2.25858e-10
1.80291e-10
1.42063e-10
1.09761e-10
8.21911e-11
5.83259e-11
3.72518e-11
1.81071e-11
3.87061e-34
4.50445e-12
2.81824e-09
5.48141e-09
7.98945e-09
1.0341e-08
1.25373e-08
1.45818e-08
1.64792e-08
1.82357e-08
1.98582e-08
2.1354e-08
2.27308e-08
2.39963e-08
2.51582e-08
2.6224e-08
2.72008e-08
2.80955e-08
2.89146e-08
2.96643e-08
3.03503e-08
3.09779e-08
3.15522e-08
3.20776e-08
3.25584e-08
3.29986e-08
3.34015e-08
3.37706e-08
3.41088e-08
3.44188e-08
3.4703e-08
3.49639e-08
3.52033e-08
3.72643e-08
3.84111e-08
3.85114e-08
3.75352e-08
3.55773e-08
3.28452e-08
2.96133e-08
2.61623e-08
2.27293e-08
1.94838e-08
1.65272e-08
1.39064e-08
1.16293e-08
9.68005e-09
8.02956e-09
6.64334e-09
5.48603e-09
4.52407e-09
3.72706e-09
3.06822e-09
2.52448e-09
2.07623e-09
1.70694e-09
1.40281e-09
1.15236e-09
9.46079e-10
7.76113e-10
6.35982e-10
5.20346e-10
4.24809e-10
3.45753e-10
2.80196e-10
2.25679e-10
1.8017e-10
1.41982e-10
1.09707e-10
8.21559e-11
5.83037e-11
3.72389e-11
1.81012e-11
2.38875e-34
4.27801e-12
2.68005e-09
5.21293e-09
7.59875e-09
9.83635e-09
1.1927e-08
1.38739e-08
1.56817e-08
1.73562e-08
1.89039e-08
2.03319e-08
2.16472e-08
2.28572e-08
2.39691e-08
2.499e-08
2.59265e-08
2.67853e-08
2.75723e-08
2.82935e-08
2.89542e-08
2.95594e-08
3.01138e-08
3.06217e-08
3.10872e-08
3.15138e-08
3.19049e-08
3.22637e-08
3.25929e-08
3.28951e-08
3.31727e-08
3.34277e-08
3.36623e-08
3.57039e-08
3.6894e-08
3.71004e-08
3.62837e-08
3.45195e-08
3.19917e-08
2.89528e-08
2.56688e-08
2.23707e-08
1.92288e-08
1.63488e-08
1.37829e-08
1.15446e-08
9.62229e-09
7.99032e-09
6.61676e-09
5.46806e-09
4.51193e-09
3.71886e-09
3.06269e-09
2.52075e-09
2.07371e-09
1.70524e-09
1.40166e-09
1.15158e-09
9.45552e-10
7.75756e-10
6.3574e-10
5.20182e-10
4.24698e-10
3.45678e-10
2.80145e-10
2.25645e-10
1.80147e-10
1.41967e-10
1.09697e-10
8.21491e-11
5.82994e-11
3.72364e-11
1.81001e-11
2.2292e-34
3.30461e-12
2.08457e-09
4.05585e-09
5.91462e-09
7.66048e-09
9.29472e-09
1.082e-08
1.224e-08
1.35591e-08
1.47822e-08
1.59146e-08
1.69616e-08
1.79287e-08
1.88212e-08
1.96442e-08
2.04028e-08
2.11018e-08
2.17458e-08
2.23389e-08
2.28852e-08
2.33884e-08
2.3852e-08
2.42792e-08
2.4673e-08
2.50362e-08
2.53712e-08
2.56804e-08
2.59659e-08
2.62296e-08
2.64734e-08
2.66989e-08
2.69076e-08
2.88112e-08
3.01219e-08
3.07173e-08
3.05286e-08
2.95629e-08
2.791e-08
2.57283e-08
2.32119e-08
2.05539e-08
1.79167e-08
1.54185e-08
1.31324e-08
1.10943e-08
9.31294e-09
7.77895e-09
6.47288e-09
5.37038e-09
4.44574e-09
3.67405e-09
3.03237e-09
2.50025e-09
2.05984e-09
1.69586e-09
1.39531e-09
1.14728e-09
9.42642e-10
7.73786e-10
6.34405e-10
5.19277e-10
4.24084e-10
3.45262e-10
2.79863e-10
2.25454e-10
1.80018e-10
1.4188e-10
1.09639e-10
8.21114e-11
5.82757e-11
3.72226e-11
1.80938e-11
4.3184e-34
2.40556e-12
1.53082e-09
2.97956e-09
4.34739e-09
5.63449e-09
6.84209e-09
7.97226e-09
9.02769e-09
1.00115e-08
1.09273e-08
1.17785e-08
1.25691e-08
1.33025e-08
1.39827e-08
1.4613e-08
1.5197e-08
1.5738e-08
1.62391e-08
1.67032e-08
1.71331e-08
1.75314e-08
1.79004e-08
1.82426e-08
1.85598e-08
1.88541e-08
1.91272e-08
1.93808e-08
1.96163e-08
1.98353e-08
2.00389e-08
2.02283e-08
2.04047e-08
2.20808e-08
2.33862e-08
2.4219e-08
2.45023e-08
2.42013e-08
2.33357e-08
2.19805e-08
2.02535e-08
1.82935e-08
1.62362e-08
1.41966e-08
1.22595e-08
1.04793e-08
8.88416e-09
7.48239e-09
6.269e-09
5.23084e-09
4.35054e-09
3.60925e-09
2.98834e-09
2.47035e-09
2.03956e-09
1.68211e-09
1.38599e-09
1.14096e-09
9.38357e-10
7.70879e-10
6.32433e-10
5.17939e-10
4.23177e-10
3.44647e-10
2.79446e-10
2.25172e-10
1.79828e-10
1.41752e-10
1.09554e-10
8.20556e-11
5.82405e-11
3.72021e-11
1.80844e-11
5.14542e-34
1.74338e-12
1.11902e-09
2.17882e-09
3.1807e-09
4.12512e-09
5.01316e-09
5.84643e-09
6.62689e-09
7.3568e-09
8.03856e-09
8.6747e-09
9.26777e-09
9.82035e-09
1.03349e-08
1.0814e-08
1.12598e-08
1.16747e-08
1.20608e-08
1.24201e-08
1.27545e-08
1.30659e-08
1.33558e-08
1.36258e-08
1.38774e-08
1.4112e-08
1.43307e-08
1.45348e-08
1.47252e-08
1.49031e-08
1.50692e-08
1.52245e-08
1.53698e-08
1.67928e-08
1.79943e-08
1.88955e-08
1.94265e-08
1.95381e-08
1.92135e-08
1.84742e-08
1.73797e-08
1.60172e-08
1.4487e-08
1.28868e-08
1.12996e-08
9.78799e-09
8.39318e-09
7.13754e-09
6.02887e-09
5.06473e-09
4.23623e-09
3.53089e-09
2.93477e-09
2.43382e-09
2.01468e-09
1.66518e-09
1.37448e-09
1.13314e-09
9.33045e-10
7.67272e-10
6.29983e-10
5.16276e-10
4.22048e-10
3.4388e-10
2.78927e-10
2.2482e-10
1.7959e-10
1.41592e-10
1.09448e-10
8.19859e-11
5.81964e-11
3.71765e-11
1.80728e-11
5.65635e-34
1.26081e-12
8.15758e-10
1.58886e-09
2.32057e-09
3.01143e-09
3.66236e-09
4.27458e-09
4.84953e-09
5.38881e-09
5.89411e-09
6.36717e-09
6.80976e-09
7.22362e-09
7.61047e-09
7.97198e-09
8.30975e-09
8.62534e-09
8.92018e-09
9.19569e-09
9.45315e-09
9.6938e-09
9.91879e-09
1.01292e-08
1.0326e-08
1.05103e-08
1.06827e-08
1.08442e-08
1.09955e-08
1.11374e-08
1.12704e-08
1.13951e-08
1.15122e-08
1.26863e-08
1.3736e-08
1.46036e-08
1.52321e-08
1.55728e-08
1.55937e-08
1.52868e-08
1.4672e-08
1.3795e-08
1.27205e-08
1.15221e-08
1.02711e-08
9.02903e-09
7.84276e-09
6.74398e-09
5.75068e-09
4.86988e-09
4.10072e-09
3.43719e-09
2.87026e-09
2.38956e-09
1.98439e-09
1.64449e-09
1.36037e-09
1.12353e-09
9.265e-10
7.62818e-10
6.26955e-10
5.14216e-10
4.20648e-10
3.42929e-10
2.78281e-10
2.24383e-10
1.79294e-10
1.41394e-10
1.09315e-10
8.18992e-11
5.81417e-11
3.71447e-11
1.80582e-11
6.21705e-34
9.11371e-13
5.93883e-10
1.15705e-09
1.69061e-09
2.19511e-09
2.67129e-09
3.12009e-09
3.54255e-09
3.93981e-09
4.31307e-09
4.66352e-09
4.99239e-09
5.30087e-09
5.59016e-09
5.86137e-09
6.11563e-09
6.35398e-09
6.57742e-09
6.7869e-09
6.98333e-09
7.16755e-09
7.34035e-09
7.5025e-09
7.65468e-09
7.79755e-09
7.93173e-09
8.05779e-09
8.17625e-09
8.28762e-09
8.39236e-09
8.49089e-09
8.58363e-09
9.5305e-09
1.0414e-08
1.11935e-08
1.18258e-08
1.22693e-08
1.24897e-08
1.24655e-08
1.21933e-08
1.16895e-08
1.09893e-08
1.0141e-08
9.19906e-09
8.21655e-09
7.23956e-09
6.30387e-09
5.43413e-09
4.64488e-09
3.94232e-09
3.32652e-09
2.79341e-09
2.33645e-09
1.94783e-09
1.61939e-09
1.34319e-09
1.11178e-09
9.18481e-10
7.5735e-10
6.23228e-10
5.11679e-10
4.18922e-10
3.41755e-10
2.77484e-10
2.23842e-10
1.78929e-10
1.41148e-10
1.09151e-10
8.17917e-11
5.80737e-11
3.71051e-11
1.80402e-11
6.83201e-34
6.59185e-13
4.32222e-10
8.42303e-10
1.23117e-09
1.59931e-09
1.94731e-09
2.2759e-09
2.58582e-09
2.87789e-09
3.15296e-09
3.41186e-09
3.65544e-09
3.88453e-09
4.09994e-09
4.30246e-09
4.49284e-09
4.67182e-09
4.84007e-09
4.99826e-09
5.147e-09
5.28689e-09
5.41847e-09
5.54227e-09
5.65877e-09
5.76844e-09
5.87169e-09
5.96894e-09
6.06057e-09
6.14691e-09
6.2283e-09
6.30505e-09
6.37745e-09
7.12734e-09
7.85027e-09
8.51886e-09
9.10212e-09
9.56759e-09
9.88463e-09
1.00285e-08
9.98442e-09
9.75114e-09
9.34198e-09
8.78365e-09
8.11253e-09
7.36943e-09
6.59435e-09
5.82232e-09
5.08091e-09
4.38952e-09
3.75992e-09
3.19753e-09
2.70292e-09
2.27338e-09
1.9041e-09
1.5892e-09
1.32241e-09
1.09752e-09
9.08714e-10
7.50671e-10
6.18667e-10
5.08567e-10
4.16801e-10
3.40311e-10
2.76502e-10
2.23175e-10
1.78478e-10
1.40844e-10
1.08949e-10
8.1659e-11
5.79898e-11
3.70562e-11
1.80179e-11
7.50604e-34
4.77418e-13
3.14702e-10
6.13415e-10
8.96888e-10
1.16553e-09
1.41981e-09
1.66027e-09
1.88745e-09
2.10195e-09
2.30435e-09
2.49525e-09
2.67525e-09
2.84491e-09
3.00481e-09
3.15549e-09
3.29746e-09
3.43124e-09
3.5573e-09
3.6761e-09
3.78806e-09
3.89359e-09
3.99309e-09
4.08691e-09
4.17539e-09
4.25886e-09
4.33762e-09
4.41194e-09
4.48211e-09
4.54836e-09
4.61094e-09
4.67006e-09
4.72592e-09
5.31126e-09
5.89019e-09
6.44488e-09
6.95407e-09
7.394e-09
7.74015e-09
7.96968e-09
8.06446e-09
8.01411e-09
7.81829e-09
7.48752e-09
7.04223e-09
6.50994e-09
5.92159e-09
5.30764e-09
4.69499e-09
4.10511e-09
3.55339e-09
3.04937e-09
2.59773e-09
2.19932e-09
1.85232e-09
1.55319e-09
1.29748e-09
1.08033e-09
8.9689e-10
7.42557e-10
6.1311e-10
5.04768e-10
4.14206e-10
3.38542e-10
2.75297e-10
2.22357e-10
1.77923e-10
1.4047e-10
1.08699e-10
8.14954e-11
5.78863e-11
3.6996e-11
1.79903e-11
8.2442e-34
3.46385e-13
2.29351e-10
4.4713e-10
6.5393e-10
8.50081e-10
1.03595e-09
1.21193e-09
1.37844e-09
1.53589e-09
1.68471e-09
1.82532e-09
1.95813e-09
2.08355e-09
2.20198e-09
2.31378e-09
2.41934e-09
2.51899e-09
2.61308e-09
2.70191e-09
2.78579e-09
2.86501e-09
2.93983e-09
3.01051e-09
3.07729e-09
3.14039e-09
3.20004e-09
3.25643e-09
3.30974e-09
3.36017e-09
3.40787e-09
3.453e-09
3.4957e-09
3.94738e-09
4.40328e-09
4.85217e-09
5.28003e-09
5.67034e-09
6.00482e-09
6.26479e-09
6.43303e-09
6.49608e-09
6.44641e-09
6.28408e-09
6.01733e-09
5.66179e-09
5.23847e-09
4.77101e-09
4.28283e-09
3.7948e-09
3.32376e-09
2.88195e-09
2.47718e-09
2.11343e-09
1.79165e-09
1.51065e-09
1.26782e-09
1.05975e-09
8.82666e-10
7.32758e-10
6.06376e-10
5.0015e-10
4.11045e-10
3.36382e-10
2.73824e-10
2.21355e-10
1.77244e-10
1.40012e-10
1.08393e-10
8.12945e-11
5.77592e-11
3.69219e-11
1.79565e-11
9.0518e-34
2.51823e-13
1.67362e-10
3.26329e-10
4.77362e-10
6.20721e-10
7.5669e-10
8.85561e-10
1.00764e-09
1.12322e-09
1.23262e-09
1.33613e-09
1.43404e-09
1.52665e-09
1.61423e-09
1.69704e-09
1.77535e-09
1.8494e-09
1.91942e-09
1.98564e-09
2.04826e-09
2.10749e-09
2.16352e-09
2.21653e-09
2.26669e-09
2.31415e-09
2.35908e-09
2.40161e-09
2.44187e-09
2.48001e-09
2.51612e-09
2.55033e-09
2.58275e-09
2.92815e-09
3.28249e-09
3.63894e-09
3.98858e-09
4.3204e-09
4.6215e-09
4.87774e-09
5.07481e-09
5.19958e-09
5.24192e-09
5.19622e-09
5.0627e-09
4.84776e-09
4.56341e-09
4.22581e-09
3.85317e-09
3.46363e-09
3.07351e-09
2.69609e-09
2.34119e-09
2.01519e-09
1.72143e-09
1.46091e-09
1.23285e-09
1.03531e-09
8.65677e-10
7.20995e-10
5.98259e-10
4.94565e-10
4.07212e-10
3.33757e-10
2.7203e-10
2.20132e-10
1.76413e-10
1.39451e-10
1.08018e-10
8.10483e-11
5.76033e-11
3.6831e-11
1.7915e-11
9.93427e-34
1.83465e-13
1.2231e-10
2.38514e-10
3.48965e-10
4.53869e-10
5.53438e-10
6.47892e-10
7.37453e-10
8.22341e-10
9.02775e-10
9.7897e-10
1.05114e-09
1.11948e-09
1.18419e-09
1.24546e-09
1.30347e-09
1.3584e-09
1.41041e-09
1.45965e-09
1.50628e-09
1.55045e-09
1.59228e-09
1.6319e-09
1.66943e-09
1.70499e-09
1.73869e-09
1.77062e-09
1.80089e-09
1.82959e-09
1.85679e-09
1.88259e-09
1.90705e-09
2.16934e-09
2.44194e-09
2.72088e-09
3.00068e-09
3.27426e-09
3.53294e-09
3.76663e-09
3.96436e-09
4.11502e-09
4.20857e-09
4.23724e-09
4.19681e-09
4.0875e-09
3.91429e-09
3.68645e-09
3.41646e-09
3.11847e-09
2.80663e-09
2.49376e-09
2.19044e-09
1.90454e-09
1.64126e-09
1.40345e-09
1.19205e-09
1.00656e-09
8.45543e-10
7.06971e-10
5.88534e-10
4.87845e-10
4.02584e-10
3.30578e-10
2.69853e-10
2.18645e-10
1.75402e-10
1.38768e-10
1.0756e-10
8.07475e-11
5.74127e-11
3.67198e-11
1.78641e-11
1.08971e-33
1.33949e-13
8.95276e-11
1.74604e-10
2.55497e-10
3.32366e-10
4.05371e-10
4.74675e-10
5.4044e-10
6.02829e-10
6.61999e-10
7.18105e-10
7.71298e-10
8.21723e-10
8.6952e-10
9.14825e-10
9.57766e-10
9.98466e-10
1.03704e-09
1.07361e-09
1.10828e-09
1.14114e-09
1.17229e-09
1.20184e-09
1.22985e-09
1.25641e-09
1.28161e-09
1.30551e-09
1.32818e-09
1.3497e-09
1.37011e-09
1.38948e-09
1.40787e-09
1.60596e-09
1.81403e-09
2.02985e-09
2.2502e-09
2.47069e-09
2.6857e-09
2.88837e-09
3.07079e-09
3.22436e-09
3.34045e-09
3.41129e-09
3.43086e-09
3.39593e-09
3.30668e-09
3.16698e-09
2.98403e-09
2.76754e-09
2.52853e-09
2.27813e-09
2.02649e-09
1.78202e-09
1.55109e-09
1.33794e-09
1.14498e-09
9.73062e-10
8.21889e-10
6.90379e-10
5.76959e-10
4.79808e-10
3.97025e-10
3.26747e-10
2.67222e-10
2.16844e-10
1.74175e-10
1.37936e-10
1.07003e-10
8.03808e-11
5.71801e-11
3.65841e-11
1.78021e-11
1.19458e-33
9.80012e-14
6.56392e-11
1.28025e-10
1.87362e-10
2.43769e-10
2.97368e-10
3.4828e-10
3.96624e-10
4.42518e-10
4.86078e-10
5.27415e-10
5.66637e-10
6.03851e-10
6.39155e-10
6.72647e-10
7.0442e-10
7.34562e-10
7.63156e-10
7.90284e-10
8.16021e-10
8.40441e-10
8.63612e-10
8.85601e-10
9.06467e-10
9.26272e-10
9.4507e-10
9.62915e-10
9.79855e-10
9.95939e-10
1.01121e-09
1.02571e-09
1.03949e-09
1.18848e-09
1.34633e-09
1.51186e-09
1.68325e-09
1.85791e-09
2.03232e-09
2.20201e-09
2.36154e-09
2.50467e-09
2.62466e-09
2.71475e-09
2.76886e-09
2.78231e-09
2.75258e-09
2.67982e-09
2.56701e-09
2.41979e-09
2.24573e-09
2.05349e-09
1.85187e-09
1.64891e-09
1.45136e-09
1.26436e-09
1.0914e-09
9.3448e-10
7.94375e-10
6.70916e-10
5.63285e-10
4.70257e-10
3.90386e-10
3.22153e-10
2.64054e-10
2.1467e-10
1.72689e-10
1.36929e-10
1.06327e-10
7.99351e-11
5.68971e-11
3.64188e-11
1.77264e-11
1.30853e-33
7.18442e-14
4.82029e-11
9.40235e-11
1.37615e-10
1.79068e-10
2.18473e-10
2.55921e-10
2.91499e-10
3.25294e-10
3.5739e-10
3.87868e-10
4.16807e-10
4.44282e-10
4.70366e-10
4.95128e-10
5.18637e-10
5.40954e-10
5.6214e-10
5.82254e-10
6.01351e-10
6.19483e-10
6.36698e-10
6.53046e-10
6.6857e-10
6.83314e-10
6.97316e-10
7.10616e-10
7.2325e-10
7.35252e-10
7.46654e-10
7.57487e-10
7.67781e-10
8.79505e-10
9.98686e-10
1.12478e-09
1.25682e-09
1.39334e-09
1.53224e-09
1.67069e-09
1.80514e-09
1.93125e-09
2.0441e-09
2.13835e-09
2.2087e-09
2.25035e-09
2.25965e-09
2.23459e-09
2.17528e-09
2.08406e-09
1.96532e-09
1.82502e-09
1.66999e-09
1.50721e-09
1.34309e-09
1.18306e-09
1.03128e-09
8.90608e-10
7.62725e-10
6.48305e-10
5.47266e-10
4.58988e-10
3.82507e-10
3.16672e-10
2.60261e-10
2.12057e-10
1.70899e-10
1.35711e-10
1.05508e-10
7.93945e-11
5.65535e-11
3.62179e-11
1.76344e-11
1.43202e-33
5.27677e-14
3.5454e-11
6.91596e-11
1.01232e-10
1.31739e-10
1.60749e-10
1.88328e-10
2.14543e-10
2.39455e-10
2.63127e-10
2.85617e-10
3.06984e-10
3.27281e-10
3.46561e-10
3.64876e-10
3.82273e-10
3.98798e-10
4.14495e-10
4.29406e-10
4.43571e-10
4.57027e-10
4.69811e-10
4.81957e-10
4.93497e-10
5.04462e-10
5.14881e-10
5.24783e-10
5.34193e-10
5.43136e-10
5.51637e-10
5.59717e-10
5.67398e-10
6.50983e-10
7.4065e-10
8.362e-10
9.37176e-10
1.04279e-09
1.15184e-09
1.26264e-09
1.37291e-09
1.47981e-09
1.5799e-09
1.66925e-09
1.74364e-09
1.79887e-09
1.83116e-09
1.83759e-09
1.8166e-09
1.76824e-09
1.69434e-09
1.59836e-09
1.48499e-09
1.35965e-09
1.22789e-09
1.09486e-09
9.64909e-10
8.41433e-10
7.26774e-10
6.22326e-10
5.28679e-10
4.45802e-10
3.73221e-10
3.10175e-10
2.55742e-10
2.08931e-10
1.6875e-10
1.34245e-10
1.04519e-10
7.87411e-11
5.61375e-11
3.59744e-11
1.75229e-11
1.56539e-33
3.88242e-14
2.61158e-11
5.0946e-11
7.45767e-11
9.70593e-11
1.18445e-10
1.38782e-10
1.58119e-10
1.76504e-10
1.93979e-10
2.10591e-10
2.26378e-10
2.41383e-10
2.55643e-10
2.69195e-10
2.82074e-10
2.94313e-10
3.05945e-10
3.17e-10
3.27506e-10
3.37491e-10
3.46981e-10
3.56002e-10
3.64576e-10
3.72727e-10
3.80475e-10
3.87841e-10
3.94844e-10
4.01503e-10
4.07834e-10
4.13854e-10
4.19578e-10
4.82009e-10
5.49289e-10
6.21402e-10
6.98174e-10
7.79226e-10
8.6391e-10
9.51251e-10
1.03988e-09
1.12798e-09
1.21326e-09
1.29297e-09
1.36399e-09
1.42295e-09
1.46651e-09
1.49167e-09
1.49612e-09
1.4786e-09
1.43913e-09
1.37915e-09
1.30139e-09
1.20955e-09
1.10797e-09
1.00106e-09
8.92958e-10
7.87195e-10
6.86515e-10
5.92846e-10
5.07344e-10
4.30519e-10
3.62369e-10
3.02528e-10
2.5039e-10
2.05211e-10
1.66182e-10
1.32487e-10
1.03331e-10
7.79535e-11
5.56352e-11
3.568e-11
1.73879e-11
1.70885e-33
2.86108e-14
1.92638e-11
3.75808e-11
5.50151e-11
7.16055e-11
8.73897e-11
1.02404e-10
1.16685e-10
1.30266e-10
1.4318e-10
1.5546e-10
1.67135e-10
1.78236e-10
1.88789e-10
1.98823e-10
2.08362e-10
2.1743e-10
2.26052e-10
2.34249e-10
2.42042e-10
2.49452e-10
2.56497e-10
2.63196e-10
2.69565e-10
2.75622e-10
2.81382e-10
2.8686e-10
2.92069e-10
2.97023e-10
3.01735e-10
3.06217e-10
3.1048e-10
3.57056e-10
4.07437e-10
4.61693e-10
5.198e-10
5.81611e-10
6.46811e-10
7.14869e-10
7.84992e-10
8.56072e-10
9.26646e-10
9.94876e-10
1.05856e-09
1.11519e-09
1.16209e-09
1.19659e-09
1.21629e-09
1.21934e-09
1.20474e-09
1.17248e-09
1.1237e-09
1.06054e-09
9.85973e-10
9.03434e-10
8.16477e-10
7.28429e-10
6.42145e-10
5.59861e-10
4.83157e-10
4.12993e-10
3.49801e-10
2.93598e-10
2.44097e-10
2.0081e-10
1.63129e-10
1.30389e-10
1.01907e-10
7.70076e-11
5.50307e-11
3.53251e-11
1.7225e-11
1.86238e-33
2.11145e-14
1.42276e-11
2.77567e-11
4.06352e-11
5.28922e-11
6.45557e-11
7.56529e-11
8.62102e-11
9.62529e-11
1.05805e-10
1.14891e-10
1.23532e-10
1.3175e-10
1.39565e-10
1.46998e-10
1.54067e-10
1.60789e-10
1.67182e-10
1.73262e-10
1.79044e-10
1.84544e-10
1.89774e-10
1.94749e-10
1.9948e-10
2.03981e-10
2.08262e-10
2.12334e-10
2.16208e-10
2.19893e-10
2.23399e-10
2.26734e-10
2.29908e-10
2.64627e-10
3.02296e-10
3.43019e-10
3.86846e-10
4.33752e-10
4.83611e-10
5.36162e-10
5.90972e-10
6.47396e-10
7.04534e-10
7.61208e-10
8.15937e-10
8.6695e-10
9.1224e-10
9.49656e-10
9.77063e-10
9.92538e-10
9.94599e-10
9.82424e-10
9.5601e-10
9.16239e-10
8.64822e-10
8.04122e-10
7.36892e-10
6.65989e-10
5.94097e-10
5.23531e-10
4.56114e-10
3.93139e-10
3.35403e-10
2.83267e-10
2.36756e-10
1.9564e-10
1.59522e-10
1.27898e-10
1.0021e-10
7.58762e-11
5.43056e-11
3.48987e-11
1.70291e-11
2.02564e-33
1.5602e-14
1.05198e-11
2.05236e-11
3.00473e-11
3.91123e-11
4.77398e-11
5.59499e-11
6.3762e-11
7.11948e-11
7.82664e-11
8.4994e-11
9.13941e-11
9.74823e-11
1.03274e-10
1.08783e-10
1.14024e-10
1.19009e-10
1.23752e-10
1.28263e-10
1.32554e-10
1.36637e-10
1.40521e-10
1.44215e-10
1.47731e-10
1.51075e-10
1.54257e-10
1.57284e-10
1.60164e-10
1.62905e-10
1.65513e-10
1.67994e-10
1.70355e-10
1.96221e-10
2.24354e-10
2.54864e-10
2.87828e-10
3.23285e-10
3.6121e-10
4.01496e-10
4.43927e-10
4.8815e-10
5.33638e-10
5.79663e-10
6.25271e-10
6.69267e-10
7.10225e-10
7.4653e-10
7.76454e-10
7.98279e-10
8.10459e-10
8.11802e-10
8.01637e-10
7.79952e-10
7.47444e-10
7.05474e-10
6.55932e-10
6.01029e-10
5.43065e-10
4.84212e-10
4.26348e-10
3.70959e-10
3.19105e-10
2.71441e-10
2.2827e-10
1.89615e-10
1.55287e-10
1.24956e-10
9.81965e-11
7.45287e-11
5.34396e-11
3.43882e-11
1.67941e-11
2.19789e-33
1.15412e-14
7.78575e-12
1.519e-11
2.22393e-11
2.89499e-11
3.53373e-11
4.14165e-11
4.7202e-11
5.27076e-11
5.79466e-11
6.29316e-11
6.7675e-11
7.21881e-11
7.64823e-11
8.0568e-11
8.44554e-11
8.81541e-11
9.16732e-11
9.50216e-11
9.82075e-11
1.01239e-10
1.04123e-10
1.06868e-10
1.09479e-10
1.11965e-10
1.14329e-10
1.1658e-10
1.18721e-10
1.20759e-10
1.22699e-10
1.24545e-10
1.26301e-10
1.45563e-10
1.66556e-10
1.89381e-10
2.14121e-10
2.4084e-10
2.69564e-10
3.0027e-10
3.32869e-10
3.67182e-10
4.02919e-10
4.39652e-10
4.76789e-10
5.13557e-10
5.48989e-10
5.81936e-10
6.11092e-10
6.35065e-10
6.52472e-10
6.62064e-10
6.62877e-10
6.54364e-10
6.36507e-10
6.09856e-10
5.75498e-10
5.34948e-10
4.89986e-10
4.42466e-10
3.94148e-10
3.46559e-10
3.00908e-10
2.58064e-10
2.18563e-10
1.82656e-10
1.50357e-10
1.21507e-10
9.58224e-11
7.29325e-11
5.24098e-11
3.37796e-11
1.65136e-11
2.37785e-33
8.54476e-15
5.7668e-12
1.12512e-11
1.6473e-11
2.14443e-11
2.61767e-11
3.06813e-11
3.49688e-11
3.90494e-11
4.2933e-11
4.6629e-11
5.01463e-11
5.34935e-11
5.66789e-11
5.97101e-11
6.25947e-11
6.53397e-11
6.7952e-11
7.04379e-11
7.28036e-11
7.50549e-11
7.71974e-11
7.92364e-11
8.11769e-11
8.30237e-11
8.47813e-11
8.64542e-11
8.80463e-11
8.95617e-11
9.1004e-11
9.23769e-11
9.36836e-11
1.08023e-10
1.23677e-10
1.40731e-10
1.59267e-10
1.7935e-10
2.0103e-10
2.24326e-10
2.49217e-10
2.75627e-10
3.0341e-10
3.32328e-10
3.6203e-10
3.92037e-10
4.2172e-10
4.50296e-10
4.76835e-10
5.0028e-10
5.19507e-10
5.33397e-10
5.40941e-10
5.41354e-10
5.34192e-10
5.1943e-10
4.97506e-10
4.69288e-10
4.35992e-10
3.99054e-10
3.59974e-10
3.20177e-10
2.80903e-10
2.43139e-10
2.07593e-10
1.74702e-10
1.44668e-10
1.17496e-10
9.3042e-11
7.10528e-11
5.1192e-11
3.30574e-11
1.618e-11
2.56353e-33
6.33042e-15
4.27384e-12
8.33851e-12
1.22088e-11
1.58936e-11
1.94016e-11
2.2741e-11
2.59199e-11
2.89458e-11
3.18259e-11
3.45672e-11
3.71764e-11
3.96597e-11
4.20232e-11
4.42727e-11
4.64137e-11
4.84515e-11
5.03909e-11
5.22367e-11
5.39936e-11
5.56657e-11
5.72572e-11
5.8772e-11
6.02139e-11
6.15863e-11
6.28926e-11
6.4136e-11
6.53195e-11
6.64462e-11
6.75186e-11
6.85395e-11
6.95113e-11
8.01822e-11
9.18471e-11
1.04578e-10
1.18443e-10
1.33507e-10
1.49823e-10
1.67429e-10
1.86339e-10
2.06534e-10
2.27951e-10
2.50468e-10
2.73891e-10
2.97933e-10
3.22203e-10
3.4619e-10
3.69259e-10
3.90654e-10
4.09519e-10
4.24943e-10
4.3602e-10
4.41929e-10
4.42035e-10
4.3597e-10
4.2371e-10
4.056e-10
3.82337e-10
3.54899e-10
3.24445e-10
2.92187e-10
2.59283e-10
2.2674e-10
1.9536e-10
1.6572e-10
1.38171e-10
1.12871e-10
8.98116e-11
6.88547e-11
4.97605e-11
3.22054e-11
1.57854e-11
2.75207e-33
4.69174e-15
3.16843e-12
6.18185e-12
9.05126e-12
1.17833e-11
1.43845e-11
1.68609e-11
1.92183e-11
2.14626e-11
2.35989e-11
2.56325e-11
2.75683e-11
2.9411e-11
3.11649e-11
3.28345e-11
3.44236e-11
3.59363e-11
3.73762e-11
3.87468e-11
4.00514e-11
4.12933e-11
4.24754e-11
4.36007e-11
4.46718e-11
4.56915e-11
4.66622e-11
4.75862e-11
4.84658e-11
4.93032e-11
5.01004e-11
5.08594e-11
5.15819e-11
5.95195e-11
6.82062e-11
7.76996e-11
8.80576e-11
9.93356e-11
1.11585e-10
1.24847e-10
1.39152e-10
1.54511e-10
1.70905e-10
1.88283e-10
2.06545e-10
2.25528e-10
2.45001e-10
2.64642e-10
2.84037e-10
3.02667e-10
3.19918e-10
3.35097e-10
3.47462e-10
3.56276e-10
3.60873e-10
3.60733e-10
3.55555e-10
3.45314e-10
3.30282e-10
3.11018e-10
2.88311e-10
2.63096e-10
2.36355e-10
2.09027e-10
1.81929e-10
1.55712e-10
1.30841e-10
1.07596e-10
8.6093e-11
6.63051e-11
4.80901e-11
3.12066e-11
1.53215e-11
2.93953e-33
3.47753e-15
2.349e-12
4.58312e-12
6.71053e-12
8.73622e-12
1.06649e-11
1.25013e-11
1.42495e-11
1.5914e-11
1.74985e-11
1.9007e-11
2.0443e-11
2.18101e-11
2.31115e-11
2.43504e-11
2.55297e-11
2.66524e-11
2.77212e-11
2.87386e-11
2.97072e-11
3.06292e-11
3.1507e-11
3.23426e-11
3.31381e-11
3.38954e-11
3.46164e-11
3.53028e-11
3.59563e-11
3.65784e-11
3.71708e-11
3.77347e-11
3.82716e-11
4.41726e-11
5.06363e-11
5.77085e-11
6.54357e-11
7.38644e-11
8.30392e-11
9.30009e-11
1.03783e-10
1.15409e-10
1.27886e-10
1.41198e-10
1.55302e-10
1.70115e-10
1.85503e-10
2.01277e-10
2.17174e-10
2.32854e-10
2.47897e-10
2.618e-10
2.74e-10
2.83893e-10
2.90878e-10
2.94413e-10
2.94071e-10
2.89606e-10
2.80989e-10
2.68439e-10
2.52402e-10
2.33515e-10
2.12533e-10
1.90252e-10
1.67431e-10
1.44733e-10
1.22683e-10
1.01652e-10
8.18575e-11
6.33754e-11
4.6157e-11
3.00447e-11
1.478e-11
3.12076e-33
2.57681e-15
1.74091e-12
3.39671e-12
4.97347e-12
6.47488e-12
7.90449e-12
9.26568e-12
1.05617e-11
1.17956e-11
1.29704e-11
1.40889e-11
1.51537e-11
1.61675e-11
1.71326e-11
1.80515e-11
1.89262e-11
1.9759e-11
2.05519e-11
2.13067e-11
2.20254e-11
2.27095e-11
2.33609e-11
2.3981e-11
2.45714e-11
2.51335e-11
2.56687e-11
2.61783e-11
2.66634e-11
2.71253e-11
2.7565e-11
2.79838e-11
2.83824e-11
3.27658e-11
3.75706e-11
4.28326e-11
4.85887e-11
5.48767e-11
6.17338e-11
6.91959e-11
7.72956e-11
8.60596e-11
9.55058e-11
1.05639e-10
1.16446e-10
1.2789e-10
1.39902e-10
1.52372e-10
1.65144e-10
1.78003e-10
1.90672e-10
2.02805e-10
2.13994e-10
2.23779e-10
2.31665e-10
2.37165e-10
2.39833e-10
2.3932e-10
2.35421e-10
2.28109e-10
2.17557e-10
2.04122e-10
1.88318e-10
1.70753e-10
1.52073e-10
1.32891e-10
1.13741e-10
9.50439e-11
7.70919e-11
6.00454e-11
4.39417e-11
2.87049e-11
1.41532e-11
3.28919e-33
1.90795e-15
1.28922e-12
2.51544e-12
3.68314e-12
4.79507e-12
5.85387e-12
6.86204e-12
7.82199e-12
8.73599e-12
9.60623e-12
1.04348e-11
1.12237e-11
1.19748e-11
1.26899e-11
1.33708e-11
1.4019e-11
1.46362e-11
1.52238e-11
1.57833e-11
1.6316e-11
1.68231e-11
1.7306e-11
1.77657e-11
1.82035e-11
1.86202e-11
1.90171e-11
1.93949e-11
1.97546e-11
2.00972e-11
2.04233e-11
2.07339e-11
2.10296e-11
2.42816e-11
2.78486e-11
3.17579e-11
3.60384e-11
4.072e-11
4.5833e-11
5.14075e-11
5.74723e-11
6.40532e-11
7.11715e-11
7.8841e-11
8.70648e-11
9.58314e-11
1.05109e-10
1.14841e-10
1.24936e-10
1.35266e-10
1.45654e-10
1.55873e-10
1.6564e-10
1.74621e-10
1.8244e-10
1.88692e-10
1.92978e-10
1.94932e-10
1.94269e-10
1.90816e-10
1.84548e-10
1.75601e-10
1.64261e-10
1.50941e-10
1.36133e-10
1.20357e-10
1.04107e-10
8.78114e-11
7.18039e-11
5.63073e-11
4.14316e-11
2.7176e-11
1.34346e-11
3.43679e-33
1.41082e-15
9.5343e-13
1.86027e-12
2.72385e-12
3.54621e-12
4.3293e-12
5.07497e-12
5.78499e-12
6.46106e-12
7.1048e-12
7.71774e-12
8.30135e-12
8.85704e-12
9.38613e-12
9.8899e-12
1.03696e-11
1.08263e-11
1.12611e-11
1.16752e-11
1.20694e-11
1.24447e-11
1.28021e-11
1.31424e-11
1.34665e-11
1.3775e-11
1.40688e-11
1.43485e-11
1.46148e-11
1.48684e-11
1.51099e-11
1.53399e-11
1.55588e-11
1.79675e-11
2.06107e-11
2.35094e-11
2.66858e-11
3.01633e-11
3.39658e-11
3.81179e-11
4.26436e-11
4.7566e-11
5.29056e-11
5.86793e-11
6.48975e-11
7.1562e-11
7.86626e-11
8.61723e-11
9.40435e-11
1.02201e-10
1.10539e-10
1.18912e-10
1.27133e-10
1.3497e-10
1.42148e-10
1.4836e-10
1.53275e-10
1.56563e-10
1.57926e-10
1.57126e-10
1.5402e-10
1.48584e-10
1.40923e-10
1.31267e-10
1.19947e-10
1.07359e-10
9.3922e-11
8.00314e-11
6.60279e-11
5.21707e-11
3.86239e-11
2.54518e-11
1.26199e-11
3.55415e-33
1.04104e-15
7.03606e-13
1.37284e-12
2.01015e-12
2.61706e-12
3.195e-12
3.74533e-12
4.26938e-12
4.76839e-12
5.24354e-12
5.69598e-12
6.1268e-12
6.53701e-12
6.92761e-12
7.29953e-12
7.65366e-12
7.99086e-12
8.31194e-12
8.61766e-12
8.90877e-12
9.18596e-12
9.44989e-12
9.70121e-12
9.94052e-12
1.01684e-11
1.03854e-11
1.0592e-11
1.07887e-11
1.09761e-11
1.11544e-11
1.13243e-11
1.14861e-11
1.32658e-11
1.52196e-11
1.73634e-11
1.9714e-11
2.22895e-11
2.51086e-11
2.81906e-11
3.15552e-11
3.52216e-11
3.92081e-11
4.35312e-11
4.82038e-11
5.32339e-11
5.86222e-11
6.43594e-11
7.04227e-11
7.67719e-11
8.33451e-11
9.00536e-11
9.6778e-11
1.03364e-10
1.09621e-10
1.15323e-10
1.20218e-10
1.24032e-10
1.26497e-10
1.27364e-10
1.26438e-10
1.23598e-10
1.18822e-10
1.1219e-10
1.03885e-10
9.41744e-11
8.33747e-11
7.1821e-11
5.98291e-11
4.76663e-11
3.55297e-11
2.35341e-11
1.17082e-11
3.63064e-33
7.65808e-16
5.1763e-13
1.00997e-12
1.47884e-12
1.92535e-12
2.35055e-12
2.75545e-12
3.14102e-12
3.50818e-12
3.8578e-12
4.19072e-12
4.50773e-12
4.8096e-12
5.09704e-12
5.37074e-12
5.63137e-12
5.87954e-12
6.11585e-12
6.34087e-12
6.55514e-12
6.75917e-12
6.95346e-12
7.13846e-12
7.31462e-12
7.48237e-12
7.64211e-12
7.79422e-12
7.93906e-12
8.07699e-12
8.20833e-12
8.33341e-12
8.45251e-12
9.76314e-12
1.12024e-11
1.27823e-11
1.45156e-11
1.64159e-11
1.84976e-11
2.07758e-11
2.3266e-11
2.59837e-11
2.89445e-11
3.21627e-11
3.56512e-11
3.94202e-11
4.34753e-11
4.78164e-11
5.24352e-11
5.7312e-11
6.24129e-11
6.76863e-11
7.30585e-11
7.84305e-11
8.36748e-11
8.86344e-11
9.31235e-11
9.69329e-11
9.98391e-11
1.01619e-10
1.02068e-10
1.01025e-10
9.83866e-11
9.41315e-11
8.83224e-11
8.11047e-11
7.26909e-11
6.33352e-11
5.33046e-11
4.2849e-11
3.21762e-11
2.14342e-11
1.07031e-11
3.65496e-33
5.60833e-16
3.79108e-13
7.39698e-13
1.0831e-12
1.41013e-12
1.72155e-12
2.01812e-12
2.30054e-12
2.56947e-12
2.82556e-12
3.06943e-12
3.30165e-12
3.52278e-12
3.73335e-12
3.93386e-12
4.1248e-12
4.30662e-12
4.47975e-12
4.64462e-12
4.80161e-12
4.95111e-12
5.09346e-12
5.22902e-12
5.35811e-12
5.48104e-12
5.59809e-12
5.70956e-12
5.81571e-12
5.91679e-12
6.01305e-12
6.10471e-12
6.192e-12
7.15269e-12
8.20796e-12
9.36671e-12
1.06385e-11
1.20336e-11
1.35629e-11
1.52379e-11
1.70706e-11
1.90733e-11
2.12585e-11
2.36383e-11
2.62241e-11
2.90258e-11
3.20511e-11
3.5304e-11
3.87837e-11
4.24823e-11
4.63831e-11
5.04572e-11
5.46613e-11
5.8934e-11
6.3193e-11
6.73328e-11
7.12233e-11
7.47114e-11
7.76241e-11
7.9777e-11
8.09858e-11
8.10818e-11
7.99294e-11
7.74435e-11
7.36026e-11
6.84554e-11
6.21173e-11
5.47579e-11
4.65808e-11
3.77986e-11
2.86089e-11
1.91749e-11
9.6136e-12
3.61581e-33
4.08093e-16
2.75876e-13
5.38277e-13
7.88173e-13
1.02615e-12
1.25279e-12
1.46861e-12
1.67414e-12
1.86986e-12
2.05623e-12
2.23372e-12
2.40273e-12
2.56367e-12
2.71693e-12
2.86288e-12
3.00186e-12
3.1342e-12
3.26023e-12
3.38024e-12
3.49452e-12
3.60334e-12
3.70697e-12
3.80566e-12
3.89964e-12
3.98913e-12
4.07435e-12
4.1555e-12
4.23278e-12
4.30638e-12
4.37646e-12
4.4432e-12
4.50676e-12
5.20631e-12
5.97491e-12
6.81911e-12
7.74598e-12
8.76315e-12
9.87876e-12
1.11015e-11
1.24404e-11
1.39051e-11
1.55052e-11
1.72506e-11
1.91506e-11
2.12141e-11
2.34488e-11
2.58601e-11
2.84508e-11
3.12194e-11
3.41587e-11
3.72539e-11
4.04806e-11
4.38021e-11
4.7167e-11
5.05069e-11
5.3734e-11
5.67407e-11
5.94001e-11
6.15694e-11
6.30963e-11
6.38283e-11
6.3626e-11
6.23768e-11
6.00094e-11
5.65045e-11
5.18999e-11
4.62881e-11
3.98054e-11
3.26158e-11
2.48908e-11
1.67909e-11
8.45446e-12
3.50285e-33
2.94181e-16
1.98879e-13
3.88045e-13
5.68196e-13
7.3976e-13
9.03145e-13
1.05874e-12
1.20691e-12
1.34801e-12
1.48239e-12
1.61035e-12
1.7322e-12
1.84824e-12
1.95875e-12
2.06398e-12
2.16418e-12
2.25961e-12
2.35048e-12
2.43702e-12
2.51943e-12
2.5979e-12
2.67263e-12
2.7438e-12
2.81157e-12
2.87611e-12
2.93756e-12
2.99609e-12
3.05182e-12
3.1049e-12
3.15544e-12
3.20358e-12
3.24942e-12
3.754e-12
4.30848e-12
4.91763e-12
5.58662e-12
6.32104e-12
7.12689e-12
8.01059e-12
8.97893e-12
1.00391e-11
1.11984e-11
1.24646e-11
1.38451e-11
1.53472e-11
1.69777e-11
1.87421e-11
2.06445e-11
2.26862e-11
2.48654e-11
2.71752e-11
2.96028e-11
3.2127e-11
3.4717e-11
3.73296e-11
3.99075e-11
4.23778e-11
4.46514e-11
4.66232e-11
4.81754e-11
4.91823e-11
4.95184e-11
4.90689e-11
4.77412e-11
4.54766e-11
4.22591e-11
3.81199e-11
3.31347e-11
2.74157e-11
2.10984e-11
1.43273e-11
7.24601e-12
3.30754e-33
2.09074e-16
1.41348e-13
2.75793e-13
4.03833e-13
5.25769e-13
6.41893e-13
7.52481e-13
8.57795e-13
9.58087e-13
1.0536e-12
1.14455e-12
1.23116e-12
1.31364e-12
1.39219e-12
1.46699e-12
1.53822e-12
1.60606e-12
1.67065e-12
1.73217e-12
1.79075e-12
1.84654e-12
1.89966e-12
1.95026e-12
1.99844e-12
2.04432e-12
2.08801e-12
2.12962e-12
2.16924e-12
2.20698e-12
2.24291e-12
2.27713e-12
2.30972e-12
2.6685e-12
3.0628e-12
3.49607e-12
3.972e-12
4.49462e-12
5.06827e-12
5.69761e-12
6.3876e-12
7.1435e-12
7.97081e-12
8.87524e-12
9.86256e-12
1.09385e-11
1.21085e-11
1.33776e-11
1.47496e-11
1.62273e-11
1.78111e-11
1.94986e-11
2.12835e-11
2.31544e-11
2.50932e-11
2.70735e-11
2.90592e-11
3.10025e-11
3.28431e-11
3.4507e-11
3.5908e-11
3.69492e-11
3.75279e-11
3.75417e-11
3.68975e-11
3.55209e-11
3.33656e-11
3.0421e-11
2.67153e-11
2.23142e-11
1.73145e-11
1.18355e-11
6.01241e-12
3.02373e-33
1.45216e-16
9.81783e-14
1.91562e-13
2.80497e-13
3.65194e-13
4.45853e-13
5.22668e-13
5.9582e-13
6.65484e-13
7.31826e-13
7.95005e-13
8.5517e-13
9.12466e-13
9.6703e-13
1.01899e-12
1.06847e-12
1.1156e-12
1.16047e-12
1.20321e-12
1.2439e-12
1.28266e-12
1.31957e-12
1.35471e-12
1.38818e-12
1.42006e-12
1.45041e-12
1.47932e-12
1.50685e-12
1.53307e-12
1.55804e-12
1.58181e-12
1.60446e-12
1.85374e-12
2.12774e-12
2.42886e-12
2.75968e-12
3.12305e-12
3.522e-12
3.95982e-12
4.44005e-12
4.96641e-12
5.54288e-12
6.17358e-12
6.86274e-12
7.61466e-12
8.43353e-12
9.32329e-12
1.02874e-11
1.13285e-11
1.24481e-11
1.36458e-11
1.49191e-11
1.6262e-11
1.76644e-11
1.91107e-11
2.05789e-11
2.20387e-11
2.34506e-11
2.47651e-11
2.59219e-11
2.68508e-11
2.74738e-11
2.77085e-11
2.74735e-11
2.66959e-11
2.53187e-11
2.3309e-11
2.06636e-11
1.74122e-11
1.36163e-11
9.36617e-12
4.7783e-12
2.64719e-33
9.68002e-17
6.54467e-14
1.27698e-13
1.86983e-13
2.43443e-13
2.97212e-13
3.48418e-13
3.97184e-13
4.43624e-13
4.87851e-13
5.29968e-13
5.70077e-13
6.08274e-13
6.44649e-13
6.7929e-13
7.12279e-13
7.43694e-13
7.73612e-13
8.02103e-13
8.29235e-13
8.55073e-13
8.7968e-13
9.03113e-13
9.25429e-13
9.46681e-13
9.6692e-13
9.86194e-13
1.00455e-12
1.02203e-12
1.03868e-12
1.05453e-12
1.06963e-12
1.23584e-12
1.41856e-12
1.61938e-12
1.84004e-12
2.08244e-12
2.34864e-12
2.64086e-12
2.96148e-12
3.31304e-12
3.69825e-12
4.11996e-12
4.5811e-12
5.08469e-12
5.63373e-12
6.23112e-12
6.87951e-12
7.58113e-12
8.33754e-12
9.14928e-12
1.00155e-11
1.09334e-11
1.18976e-11
1.28993e-11
1.39255e-11
1.49578e-11
1.59718e-11
1.69357e-11
1.78098e-11
1.85467e-11
1.90914e-11
1.93834e-11
1.93596e-11
1.89591e-11
1.81286e-11
1.68292e-11
1.50423e-11
1.27742e-11
1.00588e-11
6.95833e-12
3.56364e-12
2.17327e-33
5.91832e-17
4.00144e-14
7.8075e-14
1.14322e-13
1.48842e-13
1.81718e-13
2.13026e-13
2.42842e-13
2.71237e-13
2.98278e-13
3.24029e-13
3.48553e-13
3.71908e-13
3.94149e-13
4.1533e-13
4.35501e-13
4.5471e-13
4.73003e-13
4.90424e-13
5.07015e-13
5.22814e-13
5.3786e-13
5.52189e-13
5.65835e-13
5.7883e-13
5.91206e-13
6.02991e-13
6.14215e-13
6.24904e-13
6.35083e-13
6.44778e-13
6.5401e-13
7.55655e-13
8.67396e-13
9.90216e-13
1.12519e-12
1.27348e-12
1.43635e-12
1.61517e-12
1.81141e-12
2.02666e-12
2.26259e-12
2.52099e-12
2.80371e-12
3.11265e-12
3.44974e-12
3.81689e-12
4.21586e-12
4.64822e-12
5.1152e-12
5.61746e-12
6.15491e-12
6.72635e-12
7.32912e-12
7.95862e-12
8.60772e-12
9.26619e-12
9.91993e-12
1.05503e-11
1.11337e-11
1.1641e-11
1.20374e-11
1.22838e-11
1.23376e-11
1.21557e-11
1.16979e-11
1.09313e-11
9.83501e-12
8.40461e-12
6.65558e-12
4.62555e-12
2.3765e-12
1.59158e-33
2.83119e-17
1.91422e-14
3.73497e-14
5.46898e-14
7.12038e-14
8.69308e-14
1.01908e-13
1.16172e-13
1.29756e-13
1.42692e-13
1.55011e-13
1.66743e-13
1.77916e-13
1.88557e-13
1.98689e-13
2.08339e-13
2.17529e-13
2.26281e-13
2.34615e-13
2.42552e-13
2.50111e-13
2.57309e-13
2.64164e-13
2.70692e-13
2.76909e-13
2.8283e-13
2.88469e-13
2.93838e-13
2.98952e-13
3.03822e-13
3.0846e-13
3.12877e-13
3.61508e-13
4.14972e-13
4.73739e-13
5.38324e-13
6.09286e-13
6.87234e-13
7.72826e-13
8.66772e-13
9.69834e-13
1.08283e-12
1.20661e-12
1.34209e-12
1.49019e-12
1.65188e-12
1.82808e-12
2.01971e-12
2.22757e-12
2.45233e-12
2.69441e-12
2.95389e-12
3.23037e-12
3.52278e-12
3.82914e-12
4.14633e-12
4.46976e-12
4.79299e-12
5.10744e-12
5.40196e-12
5.66266e-12
5.87276e-12
6.01284e-12
6.06139e-12
5.99593e-12
5.79472e-12
5.43891e-12
4.91517e-12
4.21826e-12
3.35337e-12
2.33801e-12
1.20388e-12
8.75832e-34
8.36442e-42
1.10127e-40
3.62208e-40
7.27757e-40
1.16935e-39
1.65711e-39
2.1674e-39
2.68178e-39
3.18608e-39
3.66965e-39
4.12473e-39
4.54588e-39
4.92953e-39
5.27366e-39
5.57741e-39
5.84088e-39
6.06486e-39
6.25072e-39
6.4002e-39
6.51534e-39
6.59833e-39
6.65152e-39
6.67725e-39
6.6779e-39
6.65579e-39
6.61318e-39
6.55224e-39
6.47503e-39
6.38351e-39
6.2795e-39
6.16471e-39
4.08277e-38
9.67642e-38
1.40191e-37
2.00928e-37
2.85363e-37
4.0213e-37
5.6288e-37
7.83297e-37
1.08446e-36
1.49463e-36
2.05164e-36
2.80604e-36
3.82521e-36
5.19875e-36
7.04556e-36
9.52288e-36
1.2838e-35
1.72633e-35
2.31545e-35
3.09742e-35
4.13199e-35
5.49565e-35
7.28534e-35
9.6224e-35
1.26562e-34
1.65666e-34
2.15646e-34
2.78873e-34
3.57868e-34
4.55059e-34
5.72375e-34
7.10607e-34
8.68467e-34
1.04131e-33
1.21953e-33
1.38665e-33
1.51733e-33
1.57549e-33
1.51313e-33
1.27041e-33
7.7859e-34
3.04507e-34
