-5.92268e-39
-7.79786e-38
-2.56473e-37
-5.1531e-37
-8.27996e-37
-1.17337e-36
-1.53469e-36
-1.89891e-36
-2.256e-36
-2.5984e-36
-2.92063e-36
-3.21883e-36
-3.49049e-36
-3.73416e-36
-3.94924e-36
-4.13579e-36
-4.29438e-36
-4.42598e-36
-4.53183e-36
-4.61335e-36
-4.67211e-36
-4.70977e-36
-4.72799e-36
-4.72844e-36
-4.71279e-36
-4.68261e-36
-4.63946e-36
-4.58479e-36
-4.51998e-36
-4.44633e-36
-4.36506e-36
-2.89089e-35
-6.85156e-35
-9.92643e-35
-1.42269e-34
-2.02052e-34
-2.84725e-34
-3.98538e-34
-5.5459e-34
-7.67801e-34
-1.05817e-33
-1.45248e-33
-1.98649e-33
-2.70786e-33
-3.67997e-33
-4.98687e-33
-6.73972e-33
-9.08498e-33
-1.22149e-32
-1.63807e-32
-2.19086e-32
-2.92195e-32
-3.88516e-32
-5.14865e-32
-6.79754e-32
-8.93639e-32
-1.16909e-31
-1.52077e-31
-1.96511e-31
-2.51946e-31
-3.20034e-31
-4.02059e-31
-4.98487e-31
-6.08316e-31
-7.28203e-31
-8.51363e-31
-9.66298e-31
-1.05546e-30
-1.09403e-30
-1.04909e-30
-8.79687e-31
-5.38671e-31
-1.02501e-31
2.84836e-17
1.92583e-14
3.75761e-14
5.50214e-14
7.16354e-14
8.74578e-14
1.02526e-13
1.16876e-13
1.30542e-13
1.43557e-13
1.55951e-13
1.67754e-13
1.78995e-13
1.897e-13
1.99894e-13
2.09602e-13
2.18848e-13
2.27652e-13
2.36037e-13
2.44022e-13
2.51627e-13
2.58869e-13
2.65765e-13
2.72333e-13
2.78588e-13
2.84545e-13
2.90217e-13
2.9562e-13
3.00765e-13
3.05664e-13
3.1033e-13
3.14774e-13
3.637e-13
4.17487e-13
4.7661e-13
5.41586e-13
6.12978e-13
6.91398e-13
7.77507e-13
8.72021e-13
9.75705e-13
1.08938e-12
1.21391e-12
1.3502e-12
1.4992e-12
1.66185e-12
1.83911e-12
2.03188e-12
2.24097e-12
2.46705e-12
2.71055e-12
2.97154e-12
3.24961e-12
3.54367e-12
3.85174e-12
4.17067e-12
4.49581e-12
4.82071e-12
5.13669e-12
5.43254e-12
5.69429e-12
5.90505e-12
6.0453e-12
6.09342e-12
6.02687e-12
5.82382e-12
5.46544e-12
4.93841e-12
4.23757e-12
3.36826e-12
2.34812e-12
1.20898e-12
-5.76136e-31
5.95522e-17
4.02639e-14
7.85618e-14
1.15035e-13
1.49771e-13
1.82851e-13
2.14354e-13
2.44356e-13
2.72928e-13
3.00137e-13
3.2605e-13
3.50727e-13
3.74227e-13
3.96607e-13
4.1792e-13
4.38216e-13
4.57545e-13
4.75952e-13
4.93482e-13
5.10176e-13
5.26074e-13
5.41214e-13
5.55632e-13
5.69362e-13
5.82439e-13
5.94891e-13
6.0675e-13
6.18044e-13
6.288e-13
6.39043e-13
6.48797e-13
6.58087e-13
7.60365e-13
8.72803e-13
9.96388e-13
1.1322e-12
1.28141e-12
1.44529e-12
1.62523e-12
1.82269e-12
2.03927e-12
2.27667e-12
2.53667e-12
2.82113e-12
3.13197e-12
3.47114e-12
3.84053e-12
4.24194e-12
4.67693e-12
5.14672e-12
5.65199e-12
6.19262e-12
6.7674e-12
7.37364e-12
8.00669e-12
8.65937e-12
9.32135e-12
9.97842e-12
1.06119e-11
1.11978e-11
1.17069e-11
1.21043e-11
1.23506e-11
1.24031e-11
1.22185e-11
1.17566e-11
1.09843e-11
9.88107e-12
8.44261e-12
6.68466e-12
4.64517e-12
2.38637e-12
-1.04769e-30
9.74298e-17
6.58724e-14
1.28528e-13
1.88199e-13
2.45026e-13
2.99145e-13
3.50684e-13
3.99767e-13
4.46509e-13
4.91023e-13
5.33415e-13
5.73785e-13
6.1223e-13
6.48842e-13
6.83708e-13
7.16911e-13
7.48531e-13
7.78643e-13
8.07319e-13
8.34628e-13
8.60634e-13
8.85401e-13
9.08986e-13
9.31447e-13
9.52837e-13
9.73207e-13
9.92607e-13
1.01108e-12
1.02867e-12
1.04543e-12
1.06139e-12
1.07658e-12
1.24388e-12
1.42778e-12
1.6299e-12
1.852e-12
2.09597e-12
2.3639e-12
2.65801e-12
2.9807e-12
3.33454e-12
3.72224e-12
4.14666e-12
4.61077e-12
5.11759e-12
5.67013e-12
6.27132e-12
6.92381e-12
7.62985e-12
8.39097e-12
9.20773e-12
1.00792e-11
1.10026e-11
1.19725e-11
1.29799e-11
1.40118e-11
1.50497e-11
1.60687e-11
1.7037e-11
1.79147e-11
1.86539e-11
1.91993e-11
1.94902e-11
1.94632e-11
1.90572e-11
1.82192e-11
1.69101e-11
1.51117e-11
1.28308e-11
1.01017e-11
6.98701e-12
3.57798e-12
-1.43208e-30
1.46213e-16
9.88523e-14
1.92877e-13
2.82422e-13
3.677e-13
4.48914e-13
5.26255e-13
5.9991e-13
6.70052e-13
7.3685e-13
8.00462e-13
8.6104e-13
9.18729e-13
9.73667e-13
1.02598e-12
1.07581e-12
1.12325e-12
1.16844e-12
1.21146e-12
1.25244e-12
1.29146e-12
1.32862e-12
1.36401e-12
1.39771e-12
1.4298e-12
1.46037e-12
1.48947e-12
1.51719e-12
1.54359e-12
1.56873e-12
1.59267e-12
1.61547e-12
1.86646e-12
2.14234e-12
2.44552e-12
2.77861e-12
3.14446e-12
3.54614e-12
3.98696e-12
4.47046e-12
5.00041e-12
5.5808e-12
6.21577e-12
6.9096e-12
7.66658e-12
8.49095e-12
9.38664e-12
1.03571e-11
1.14051e-11
1.25319e-11
1.37374e-11
1.50187e-11
1.63699e-11
1.77807e-11
1.92355e-11
2.07119e-11
2.21793e-11
2.35981e-11
2.49182e-11
2.60789e-11
2.70096e-11
2.7632e-11
2.78631e-11
2.76215e-11
2.68341e-11
2.54443e-11
2.34195e-11
2.07571e-11
1.74873e-11
1.36724e-11
9.40337e-12
4.79677e-12
-1.74655e-30
2.10604e-16
1.42382e-13
2.77812e-13
4.06788e-13
5.29617e-13
6.46591e-13
7.57987e-13
8.64072e-13
9.65097e-13
1.0613e-12
1.15292e-12
1.24017e-12
1.32326e-12
1.40238e-12
1.47773e-12
1.54948e-12
1.61781e-12
1.68288e-12
1.74484e-12
1.80385e-12
1.86005e-12
1.91356e-12
1.96452e-12
2.01306e-12
2.05927e-12
2.10328e-12
2.1452e-12
2.18511e-12
2.22312e-12
2.25932e-12
2.29379e-12
2.32662e-12
2.68801e-12
3.0852e-12
3.52163e-12
4.00103e-12
4.52746e-12
5.10529e-12
5.73921e-12
6.43421e-12
7.19558e-12
8.02888e-12
8.93982e-12
9.93423e-12
1.10179e-11
1.21962e-11
1.34742e-11
1.48559e-11
1.63437e-11
1.79383e-11
1.96372e-11
2.14338e-11
2.33167e-11
2.52674e-11
2.72594e-11
2.92561e-11
3.12094e-11
3.30581e-11
3.47281e-11
3.61323e-11
3.71734e-11
3.77481e-11
3.77538e-11
3.70973e-11
3.57044e-11
3.35295e-11
3.05626e-11
2.6833e-11
2.24073e-11
1.73832e-11
1.18805e-11
6.03456e-12
-1.99773e-30
2.96497e-16
2.00444e-13
3.91099e-13
5.72668e-13
7.45582e-13
9.10252e-13
1.06707e-12
1.21641e-12
1.35862e-12
1.49405e-12
1.62302e-12
1.74583e-12
1.86279e-12
1.97416e-12
2.08022e-12
2.18121e-12
2.27739e-12
2.36898e-12
2.4562e-12
2.53925e-12
2.61834e-12
2.69366e-12
2.76539e-12
2.83369e-12
2.89873e-12
2.96067e-12
3.01966e-12
3.07583e-12
3.12933e-12
3.18027e-12
3.22878e-12
3.27498e-12
3.78352e-12
4.34236e-12
4.95629e-12
5.63052e-12
6.3707e-12
7.18285e-12
8.07344e-12
9.04933e-12
1.01177e-11
1.12861e-11
1.2562e-11
1.39531e-11
1.54667e-11
1.71095e-11
1.88872e-11
2.08036e-11
2.28603e-11
2.50551e-11
2.73812e-11
2.98253e-11
3.23662e-11
3.49725e-11
3.76005e-11
4.01923e-11
4.26744e-11
4.49568e-11
4.69336e-11
4.84863e-11
4.94885e-11
4.98144e-11
4.93491e-11
4.80003e-11
4.571e-11
4.24636e-11
3.82932e-11
3.32761e-11
2.75256e-11
2.11782e-11
1.4379e-11
7.27127e-12
-2.18837e-30
4.11575e-16
2.78229e-13
5.42869e-13
7.94896e-13
1.03491e-12
1.26347e-12
1.48114e-12
1.68842e-12
1.8858e-12
2.07377e-12
2.25277e-12
2.42322e-12
2.58554e-12
2.74011e-12
2.8873e-12
3.02746e-12
3.16093e-12
3.28803e-12
3.40906e-12
3.52432e-12
3.63407e-12
3.73858e-12
3.83811e-12
3.93289e-12
4.02314e-12
4.10909e-12
4.19093e-12
4.26887e-12
4.34309e-12
4.41377e-12
4.48108e-12
4.54518e-12
5.25069e-12
6.02583e-12
6.8772e-12
7.81194e-12
8.83773e-12
9.96278e-12
1.11958e-11
1.25461e-11
1.4023e-11
1.56365e-11
1.73964e-11
1.93121e-11
2.13926e-11
2.36454e-11
2.6076e-11
2.86872e-11
3.14773e-11
3.44388e-11
3.75568e-11
4.08064e-11
4.41503e-11
4.75365e-11
5.08957e-11
5.41392e-11
5.71582e-11
5.98249e-11
6.19954e-11
6.35165e-11
6.42354e-11
6.40123e-11
6.27354e-11
6.03343e-11
5.67912e-11
5.21458e-11
4.64923e-11
3.99689e-11
3.27407e-11
2.49802e-11
1.6848e-11
8.48217e-12
-2.32087e-30
5.66057e-16
3.82639e-13
7.46587e-13
1.09319e-12
1.42326e-12
1.73759e-12
2.03691e-12
2.32196e-12
2.59339e-12
2.85187e-12
3.09801e-12
3.33239e-12
3.55558e-12
3.76811e-12
3.97049e-12
4.1632e-12
4.34671e-12
4.52145e-12
4.68785e-12
4.84631e-12
4.99719e-12
5.14087e-12
5.27769e-12
5.40798e-12
5.53205e-12
5.65019e-12
5.7627e-12
5.86983e-12
5.97185e-12
6.069e-12
6.16152e-12
6.24962e-12
7.21923e-12
8.2843e-12
9.45379e-12
1.07374e-11
1.21453e-11
1.36887e-11
1.53791e-11
1.72286e-11
1.92496e-11
2.14546e-11
2.38559e-11
2.64648e-11
2.92913e-11
3.2343e-11
3.56239e-11
3.91329e-11
4.28621e-11
4.6794e-11
5.08994e-11
5.51342e-11
5.9436e-11
6.37214e-11
6.78837e-11
7.17913e-11
7.52895e-11
7.82041e-11
8.03496e-11
8.1541e-11
8.16095e-11
8.04202e-11
7.78896e-11
7.39981e-11
6.87968e-11
6.24037e-11
5.49909e-11
4.67637e-11
3.79359e-11
2.87059e-11
1.92361e-11
9.64307e-12
-2.39898e-30
7.73648e-16
5.22927e-13
1.02031e-12
1.49398e-12
1.94505e-12
2.3746e-12
2.78365e-12
3.17317e-12
3.54408e-12
3.89728e-12
4.2336e-12
4.55385e-12
4.85881e-12
5.14918e-12
5.42569e-12
5.68898e-12
5.93968e-12
6.17841e-12
6.40573e-12
6.62219e-12
6.8283e-12
7.02457e-12
7.21146e-12
7.38943e-12
7.55889e-12
7.72026e-12
7.87392e-12
8.02024e-12
8.15958e-12
8.29226e-12
8.41861e-12
8.53893e-12
9.86293e-12
1.13169e-11
1.29128e-11
1.46637e-11
1.65833e-11
1.8686e-11
2.09871e-11
2.35022e-11
2.62471e-11
2.92371e-11
3.24869e-11
3.60094e-11
3.98144e-11
4.39078e-11
4.82891e-11
5.29494e-11
5.78688e-11
6.30124e-11
6.83277e-11
7.37396e-11
7.91476e-11
8.44226e-11
8.94054e-11
9.39084e-11
9.77204e-11
1.00617e-10
1.02373e-10
1.02785e-10
1.01692e-10
9.89941e-11
9.46713e-11
8.87901e-11
8.14995e-11
7.3015e-11
6.35934e-11
5.35036e-11
4.2996e-11
3.22785e-11
2.14981e-11
1.07337e-11
-2.42803e-30
1.05283e-15
7.1157e-13
1.38837e-12
2.0329e-12
2.64668e-12
3.23116e-12
3.78772e-12
4.3177e-12
4.82235e-12
5.30288e-12
5.76044e-12
6.19612e-12
6.61097e-12
7.00598e-12
7.38211e-12
7.74024e-12
8.08126e-12
8.40596e-12
8.71514e-12
9.00953e-12
9.28985e-12
9.55676e-12
9.81092e-12
1.00529e-11
1.02834e-11
1.05028e-11
1.07117e-11
1.09107e-11
1.11001e-11
1.12805e-11
1.14523e-11
1.16159e-11
1.34157e-11
1.53915e-11
1.75593e-11
1.99363e-11
2.25406e-11
2.5391e-11
2.85072e-11
3.19088e-11
3.56153e-11
3.96451e-11
4.40146e-11
4.87366e-11
5.3819e-11
5.92622e-11
6.50563e-11
7.11777e-11
7.75853e-11
8.42155e-11
9.09782e-11
9.77516e-11
1.04379e-10
1.10667e-10
1.16389e-10
1.21286e-10
1.25087e-10
1.27519e-10
1.28336e-10
1.27342e-10
1.24422e-10
1.19554e-10
1.12825e-10
1.04424e-10
9.46185e-11
8.37317e-11
7.20999e-11
6.00401e-11
4.78198e-11
3.56351e-11
2.35993e-11
1.17392e-11
-1.32718e-30
1.07857e-15
7.28966e-13
1.42232e-12
2.0826e-12
2.71138e-12
3.31014e-12
3.88031e-12
4.42324e-12
4.94022e-12
5.43249e-12
5.90123e-12
6.34755e-12
6.77253e-12
7.17719e-12
7.5625e-12
7.92938e-12
8.27872e-12
8.61135e-12
8.92807e-12
9.22965e-12
9.5168e-12
9.79023e-12
1.00506e-11
1.02985e-11
1.05346e-11
1.07593e-11
1.09734e-11
1.11772e-11
1.13712e-11
1.1556e-11
1.1732e-11
1.18996e-11
1.37432e-11
1.5767e-11
1.79875e-11
2.04221e-11
2.30894e-11
2.60086e-11
2.91996e-11
3.26825e-11
3.6477e-11
4.06019e-11
4.50734e-11
4.99046e-11
5.51028e-11
6.06677e-11
6.65886e-11
7.28402e-11
7.93792e-11
8.61393e-11
9.30263e-11
9.99141e-11
1.06641e-10
1.13007e-10
1.18779e-10
1.23694e-10
1.27474e-10
1.29844e-10
1.30557e-10
1.2942e-10
1.26323e-10
1.21253e-10
1.14306e-10
1.05683e-10
9.56626e-11
8.45744e-11
7.27614e-11
6.05434e-11
4.81879e-11
3.58893e-11
2.37575e-11
1.18146e-11
-2.02929e-31
1.4281e-15
9.65104e-13
1.88305e-12
2.7572e-12
3.58963e-12
4.3823e-12
5.1371e-12
5.85581e-12
6.54016e-12
7.19177e-12
7.81221e-12
8.40296e-12
8.96544e-12
9.501e-12
1.00109e-11
1.04965e-11
1.09587e-11
1.13989e-11
1.1818e-11
1.2217e-11
1.2597e-11
1.29587e-11
1.33032e-11
1.36312e-11
1.39435e-11
1.42408e-11
1.4524e-11
1.47936e-11
1.50503e-11
1.52947e-11
1.55274e-11
1.57491e-11
1.81871e-11
2.08624e-11
2.37962e-11
2.70111e-11
3.05305e-11
3.43787e-11
3.85803e-11
4.31597e-11
4.814e-11
5.35418e-11
5.93818e-11
6.56703e-11
7.24087e-11
7.95859e-11
8.71743e-11
9.51244e-11
1.0336e-10
1.11772e-10
1.20212e-10
1.2849e-10
1.36371e-10
1.43576e-10
1.49795e-10
1.54693e-10
1.57939e-10
1.59236e-10
1.58347e-10
1.55133e-10
1.49575e-10
1.41784e-10
1.31998e-10
1.20552e-10
1.07848e-10
9.43063e-11
8.0326e-11
6.62471e-11
5.23278e-11
3.87305e-11
2.55172e-11
1.26507e-11
-2.23781e-31
1.93344e-15
1.30644e-12
2.54902e-12
3.73231e-12
4.85909e-12
5.93202e-12
6.95365e-12
7.9264e-12
8.85259e-12
9.73444e-12
1.05741e-11
1.13735e-11
1.21346e-11
1.28592e-11
1.35492e-11
1.4206e-11
1.48314e-11
1.54269e-11
1.59938e-11
1.65336e-11
1.70475e-11
1.75368e-11
1.80026e-11
1.84462e-11
1.88685e-11
1.92706e-11
1.96534e-11
2.0018e-11
2.03651e-11
2.06955e-11
2.10102e-11
2.13098e-11
2.46051e-11
2.82192e-11
3.21801e-11
3.6517e-11
4.12599e-11
4.64396e-11
5.20862e-11
5.82289e-11
6.48934e-11
7.2101e-11
7.98652e-11
8.81886e-11
9.70587e-11
1.06443e-10
1.16281e-10
1.26481e-10
1.36911e-10
1.47391e-10
1.57688e-10
1.67516e-10
1.76535e-10
1.84363e-10
1.90595e-10
1.94826e-10
1.96694e-10
1.95912e-10
1.92315e-10
1.85884e-10
1.76763e-10
1.65248e-10
1.5176e-10
1.36796e-10
1.20881e-10
1.04511e-10
8.81162e-11
7.20272e-11
5.64653e-11
4.15375e-11
2.72404e-11
1.34648e-11
-2.25917e-31
2.61487e-15
1.7666e-12
3.44684e-12
5.04686e-12
6.57043e-12
8.02112e-12
9.40239e-12
1.07175e-11
1.19696e-11
1.31617e-11
1.42967e-11
1.53772e-11
1.64059e-11
1.73853e-11
1.83176e-11
1.92053e-11
2.00503e-11
2.08548e-11
2.16208e-11
2.235e-11
2.30442e-11
2.37051e-11
2.43344e-11
2.49334e-11
2.55038e-11
2.60468e-11
2.65638e-11
2.70561e-11
2.75248e-11
2.7971e-11
2.83958e-11
2.88004e-11
3.32479e-11
3.81228e-11
4.34614e-11
4.9301e-11
5.56795e-11
6.26348e-11
7.02029e-11
7.84163e-11
8.73018e-11
9.68769e-11
1.07146e-10
1.18094e-10
1.29682e-10
1.41839e-10
1.54452e-10
1.6736e-10
1.80343e-10
1.93118e-10
2.05333e-10
2.16573e-10
2.26371e-10
2.34229e-10
2.39655e-10
2.42205e-10
2.41532e-10
2.37439e-10
2.29908e-10
2.19122e-10
2.05453e-10
1.89422e-10
1.71649e-10
1.52783e-10
1.33441e-10
1.14158e-10
9.53532e-11
7.73153e-11
6.02015e-11
4.40455e-11
2.87676e-11
1.41825e-11
-1.31299e-31
2.76284e-15
1.86651e-12
3.64177e-12
5.33227e-12
6.94197e-12
8.47468e-12
9.93402e-12
1.13235e-11
1.26463e-11
1.39058e-11
1.51048e-11
1.62463e-11
1.73331e-11
1.83677e-11
1.93527e-11
2.02904e-11
2.11831e-11
2.2033e-11
2.28421e-11
2.36124e-11
2.43457e-11
2.50439e-11
2.57086e-11
2.63414e-11
2.69438e-11
2.75174e-11
2.80635e-11
2.85835e-11
2.90785e-11
2.95498e-11
2.99985e-11
3.04258e-11
3.5123e-11
4.02711e-11
4.59078e-11
5.20722e-11
5.8804e-11
6.61421e-11
7.41237e-11
8.27817e-11
9.21426e-11
1.02222e-10
1.13023e-10
1.24525e-10
1.36682e-10
1.49414e-10
1.62595e-10
1.76048e-10
1.89532e-10
2.02742e-10
2.15299e-10
2.26762e-10
2.36638e-10
2.44408e-10
2.49567e-10
2.51668e-10
2.50379e-10
2.45525e-10
2.37128e-10
2.25416e-10
2.10808e-10
1.93872e-10
1.75261e-10
1.55649e-10
1.35666e-10
1.15849e-10
9.66093e-11
7.82254e-11
6.08399e-11
4.44716e-11
2.90259e-11
1.43035e-11
-6.17331e-32
3.53235e-15
2.38599e-12
4.6553e-12
6.81622e-12
8.8738e-12
1.08329e-11
1.26981e-11
1.44739e-11
1.61645e-11
1.7774e-11
1.93062e-11
2.07648e-11
2.21533e-11
2.34752e-11
2.47335e-11
2.59314e-11
2.70717e-11
2.81572e-11
2.91906e-11
3.01743e-11
3.11108e-11
3.20023e-11
3.28511e-11
3.3659e-11
3.44282e-11
3.51605e-11
3.58576e-11
3.65213e-11
3.71532e-11
3.77548e-11
3.83275e-11
3.88728e-11
4.4866e-11
5.14303e-11
5.86121e-11
6.64586e-11
7.50166e-11
8.43312e-11
9.44432e-11
1.05386e-10
1.17183e-10
1.2984e-10
1.4334e-10
1.57637e-10
1.72644e-10
1.88226e-10
2.04185e-10
2.20253e-10
2.36082e-10
2.51241e-10
2.65221e-10
2.77449e-10
2.87313e-10
2.94208e-10
2.97592e-10
2.97043e-10
2.92321e-10
2.83412e-10
2.70549e-10
2.54197e-10
2.35006e-10
2.13743e-10
1.91212e-10
1.68177e-10
1.453e-10
1.23106e-10
1.01961e-10
8.20778e-11
6.35277e-11
4.62574e-11
3.01049e-11
1.48081e-11
-9.13382e-32
4.77107e-15
3.22195e-12
6.28628e-12
9.20415e-12
1.19824e-11
1.46274e-11
1.71456e-11
1.95429e-11
2.1825e-11
2.39973e-11
2.60652e-11
2.80337e-11
2.99073e-11
3.16908e-11
3.33885e-11
3.50044e-11
3.65425e-11
3.80066e-11
3.94003e-11
4.07268e-11
4.19895e-11
4.31915e-11
4.43357e-11
4.54248e-11
4.64616e-11
4.74486e-11
4.83881e-11
4.92825e-11
5.01339e-11
5.09445e-11
5.17161e-11
5.24507e-11
6.05211e-11
6.93525e-11
7.90035e-11
8.95324e-11
1.00995e-10
1.13443e-10
1.26919e-10
1.41451e-10
1.57049e-10
1.73694e-10
1.9133e-10
2.09852e-10
2.29096e-10
2.48819e-10
2.68693e-10
2.88292e-10
3.07086e-10
3.24449e-10
3.39674e-10
3.52011e-10
3.60716e-10
3.65122e-10
3.64713e-10
3.59199e-10
3.48571e-10
3.33123e-10
3.13437e-10
2.90321e-10
2.64728e-10
2.37651e-10
2.10035e-10
1.82697e-10
1.56287e-10
1.31263e-10
1.079e-10
8.63074e-11
6.64519e-11
4.81861e-11
3.12639e-11
1.53481e-11
-9.53399e-32
6.4472e-15
4.3526e-12
8.49217e-12
1.24337e-11
1.61864e-11
1.9759e-11
2.316e-11
2.63974e-11
2.94789e-11
3.2412e-11
3.52037e-11
3.78608e-11
4.03897e-11
4.27967e-11
4.50875e-11
4.72678e-11
4.93429e-11
5.13178e-11
5.31975e-11
5.49865e-11
5.66893e-11
5.83099e-11
5.98525e-11
6.13207e-11
6.27181e-11
6.40483e-11
6.53144e-11
6.65196e-11
6.76668e-11
6.87588e-11
6.97983e-11
7.07878e-11
8.16529e-11
9.35293e-11
1.06489e-10
1.20603e-10
1.35935e-10
1.52538e-10
1.70449e-10
1.89682e-10
2.10214e-10
2.31979e-10
2.5485e-10
2.78624e-10
3.03007e-10
3.27593e-10
3.51859e-10
3.75153e-10
3.96703e-10
4.15637e-10
4.3103e-10
4.41967e-10
4.47625e-10
4.47373e-10
4.40861e-10
4.28085e-10
4.0942e-10
3.85591e-10
3.57605e-10
3.26642e-10
2.93933e-10
2.60641e-10
2.27776e-10
1.96137e-10
1.66292e-10
1.38586e-10
1.13166e-10
9.00178e-11
6.89947e-11
4.98515e-11
3.22594e-11
1.58103e-11
-8.93029e-32
8.71799e-15
5.88356e-12
1.1479e-11
1.68065e-11
2.18784e-11
2.67065e-11
3.13022e-11
3.56764e-11
3.98395e-11
4.38015e-11
4.75721e-11
5.11604e-11
5.45751e-11
5.78247e-11
6.0917e-11
6.38597e-11
6.666e-11
6.93248e-11
7.18606e-11
7.42739e-11
7.65704e-11
7.87559e-11
8.08358e-11
8.28152e-11
8.4699e-11
8.64919e-11
8.81983e-11
8.98223e-11
9.1368e-11
9.28392e-11
9.42395e-11
9.55723e-11
1.10197e-10
1.26162e-10
1.43553e-10
1.62451e-10
1.82923e-10
2.05017e-10
2.2875e-10
2.54099e-10
2.80983e-10
3.09247e-10
3.38644e-10
3.6881e-10
3.99249e-10
4.29314e-10
4.582e-10
4.84953e-10
5.08496e-10
5.27686e-10
5.41391e-10
5.48598e-10
5.48533e-10
5.40769e-10
5.25315e-10
5.02643e-10
4.73663e-10
4.39631e-10
4.0201e-10
3.62322e-10
3.22004e-10
2.82297e-10
2.44185e-10
2.08364e-10
1.75263e-10
1.4507e-10
1.17779e-10
9.32381e-11
7.11851e-11
5.12775e-11
3.3108e-11
1.62033e-11
-8.32182e-32
1.17992e-14
7.95954e-12
1.5529e-11
2.27356e-11
2.95959e-11
3.61257e-11
4.23405e-11
4.82549e-11
5.38831e-11
5.92386e-11
6.43346e-11
6.91833e-11
7.37968e-11
7.81863e-11
8.23626e-11
8.63362e-11
9.01168e-11
9.37139e-11
9.71364e-11
1.00393e-10
1.03491e-10
1.06439e-10
1.09244e-10
1.11914e-10
1.14454e-10
1.16871e-10
1.1917e-10
1.21359e-10
1.23442e-10
1.25424e-10
1.27311e-10
1.29106e-10
1.4879e-10
1.7024e-10
1.93557e-10
2.18827e-10
2.4611e-10
2.75431e-10
3.06762e-10
3.40007e-10
3.74977e-10
4.1137e-10
4.48737e-10
4.86468e-10
5.23761e-10
5.59621e-10
5.92865e-10
6.22161e-10
6.4609e-10
6.6325e-10
6.7239e-10
6.72556e-10
6.6323e-10
6.44435e-10
6.16774e-10
5.81388e-10
5.39843e-10
4.93959e-10
4.45622e-10
3.96603e-10
3.48433e-10
3.02314e-10
2.59102e-10
2.19319e-10
1.83199e-10
1.50742e-10
1.21777e-10
9.60074e-11
7.30566e-11
5.24897e-11
3.38266e-11
1.65352e-11
-7.72157e-32
1.59875e-14
1.07791e-11
2.10296e-11
3.0788e-11
4.00764e-11
4.89164e-11
5.73285e-11
6.53328e-11
7.29484e-11
8.01937e-11
8.70864e-11
9.36435e-11
9.9881e-11
1.05814e-10
1.11459e-10
1.16827e-10
1.21935e-10
1.26793e-10
1.31414e-10
1.3581e-10
1.39992e-10
1.4397e-10
1.47755e-10
1.51356e-10
1.54781e-10
1.5804e-10
1.61141e-10
1.64091e-10
1.66898e-10
1.69569e-10
1.7211e-10
1.74529e-10
2.01018e-10
2.29824e-10
2.61056e-10
2.94791e-10
3.31064e-10
3.69845e-10
4.11016e-10
4.5435e-10
4.99473e-10
5.45834e-10
5.92677e-10
6.39011e-10
6.83599e-10
7.24974e-10
7.61479e-10
7.91349e-10
8.12846e-10
8.24416e-10
8.24882e-10
8.13614e-10
7.90656e-10
7.56777e-10
7.13413e-10
6.62523e-10
6.06376e-10
5.47308e-10
4.8751e-10
4.28864e-10
3.72846e-10
3.20499e-10
2.72457e-10
2.29001e-10
1.90135e-10
1.55653e-10
1.2521e-10
9.83697e-11
7.46443e-11
5.35136e-11
3.44317e-11
1.68141e-11
-7.13906e-32
2.16917e-14
1.46156e-11
2.85136e-11
4.17432e-11
5.43341e-11
6.63152e-11
7.77145e-11
8.85589e-11
9.88744e-11
1.08686e-10
1.18018e-10
1.26893e-10
1.35334e-10
1.43361e-10
1.50995e-10
1.58254e-10
1.65158e-10
1.71723e-10
1.77967e-10
1.83904e-10
1.89551e-10
1.94922e-10
2.0003e-10
2.04889e-10
2.0951e-10
2.13906e-10
2.18087e-10
2.22064e-10
2.25847e-10
2.29447e-10
2.32871e-10
2.36129e-10
2.71768e-10
3.10427e-10
3.52207e-10
3.97153e-10
4.45234e-10
4.96311e-10
5.50105e-10
6.06156e-10
6.63786e-10
7.22057e-10
7.79737e-10
8.35291e-10
8.8689e-10
9.32468e-10
9.69825e-10
9.96794e-10
1.01144e-09
1.01232e-09
9.98639e-10
9.70492e-10
9.28854e-10
8.75541e-10
8.13011e-10
7.44094e-10
6.71696e-10
5.98529e-10
5.2691e-10
4.58647e-10
3.9501e-10
3.36765e-10
2.84248e-10
2.37455e-10
1.96133e-10
1.59865e-10
1.28135e-10
1.00371e-10
7.59832e-11
5.4374e-11
3.49388e-11
1.70474e-11
-6.58093e-32
2.94773e-14
1.98456e-11
3.87155e-11
5.6676e-11
7.37668e-11
9.00267e-11
1.05494e-10
1.20204e-10
1.34193e-10
1.47496e-10
1.60144e-10
1.72169e-10
1.83602e-10
1.94471e-10
2.04804e-10
2.14627e-10
2.23966e-10
2.32844e-10
2.41285e-10
2.49309e-10
2.56939e-10
2.64192e-10
2.71089e-10
2.77647e-10
2.83883e-10
2.89813e-10
2.95452e-10
3.00814e-10
3.05914e-10
3.10765e-10
3.15378e-10
3.19766e-10
3.67701e-10
4.19534e-10
4.75331e-10
5.35057e-10
5.98548e-10
6.65463e-10
7.35239e-10
8.07036e-10
8.79688e-10
9.51666e-10
1.02105e-09
1.08556e-09
1.14261e-09
1.18945e-09
1.22337e-09
1.24195e-09
1.24339e-09
1.22674e-09
1.19211e-09
1.14078e-09
1.07504e-09
9.97981e-10
9.13148e-10
8.24164e-10
7.3439e-10
6.46683e-10
5.63259e-10
4.85664e-10
4.14819e-10
3.51116e-10
2.94535e-10
2.44758e-10
2.01273e-10
1.6345e-10
1.30609e-10
1.02056e-10
7.71063e-11
5.50935e-11
3.53619e-11
1.72418e-11
-6.05152e-32
4.01281e-14
2.69898e-11
5.26508e-11
7.70717e-11
1.00306e-10
1.22405e-10
1.43421e-10
1.63403e-10
1.82399e-10
2.00456e-10
2.17618e-10
2.33929e-10
2.49431e-10
2.64162e-10
2.78162e-10
2.91465e-10
3.04107e-10
3.16121e-10
3.27539e-10
3.38389e-10
3.48701e-10
3.58501e-10
3.67817e-10
3.7667e-10
3.85086e-10
3.93087e-10
4.00692e-10
4.07922e-10
4.14796e-10
4.21332e-10
4.27546e-10
4.33456e-10
4.97889e-10
5.67296e-10
6.41645e-10
7.20743e-10
8.04173e-10
8.91244e-10
9.80915e-10
1.07174e-09
1.1618e-09
1.24871e-09
1.3296e-09
1.40123e-09
1.46014e-09
1.50294e-09
1.52659e-09
1.52884e-09
1.50851e-09
1.46581e-09
1.40234e-09
1.32104e-09
1.22581e-09
1.12109e-09
1.01143e-09
9.00985e-10
7.93295e-10
6.91076e-10
5.96207e-10
5.0979e-10
4.32278e-10
3.63622e-10
3.03413e-10
2.5101e-10
2.05642e-10
1.6648e-10
1.32691e-10
1.03468e-10
7.8044e-11
5.56927e-11
3.57136e-11
1.74033e-11
-5.55338e-32
5.4735e-14
3.67702e-11
7.17266e-11
1.04988e-10
1.36626e-10
1.6671e-10
1.95309e-10
2.22491e-10
2.48322e-10
2.72866e-10
2.96183e-10
3.18333e-10
3.39374e-10
3.5936e-10
3.78343e-10
3.96373e-10
4.13499e-10
4.29766e-10
4.45218e-10
4.59895e-10
4.73837e-10
4.87082e-10
4.99665e-10
5.1162e-10
5.22979e-10
5.33771e-10
5.44027e-10
5.53773e-10
5.63035e-10
5.71839e-10
5.80206e-10
5.8816e-10
6.74689e-10
7.67458e-10
8.66237e-10
9.70523e-10
1.07947e-09
1.19177e-09
1.30564e-09
1.41869e-09
1.5279e-09
1.62967e-09
1.71993e-09
1.79432e-09
1.84853e-09
1.87878e-09
1.8822e-09
1.85737e-09
1.80457e-09
1.72589e-09
1.62506e-09
1.50703e-09
1.37742e-09
1.2419e-09
1.10568e-09
9.73118e-10
8.47559e-10
7.31281e-10
6.25601e-10
5.31033e-10
4.47478e-10
3.74405e-10
3.11005e-10
2.56319e-10
2.0933e-10
1.69025e-10
1.34432e-10
1.04645e-10
7.88238e-11
5.61899e-11
3.6005e-11
1.75369e-11
-5.08766e-32
7.48204e-14
5.01894e-11
9.78975e-11
1.43283e-10
1.86441e-10
2.27465e-10
2.66448e-10
3.03483e-10
3.38659e-10
3.72065e-10
4.03783e-10
4.33898e-10
4.62487e-10
4.89626e-10
5.15389e-10
5.39843e-10
5.63057e-10
5.85094e-10
6.06013e-10
6.25872e-10
6.44726e-10
6.62626e-10
6.79623e-10
6.95761e-10
7.11087e-10
7.25642e-10
7.39466e-10
7.52596e-10
7.65068e-10
7.76917e-10
7.88174e-10
7.9887e-10
9.14908e-10
1.03859e-09
1.16931e-09
1.30601e-09
1.4471e-09
1.59034e-09
1.73271e-09
1.87044e-09
1.99899e-09
2.11319e-09
2.20753e-09
2.27656e-09
2.31545e-09
2.32063e-09
2.29031e-09
2.22489e-09
2.12708e-09
2.00167e-09
1.85497e-09
1.69409e-09
1.52616e-09
1.3577e-09
1.19412e-09
1.03951e-09
8.96657e-10
7.67112e-10
6.51454e-10
5.49506e-10
4.60568e-10
3.83614e-10
3.17444e-10
2.60795e-10
2.12425e-10
1.71151e-10
1.35882e-10
1.05622e-10
7.94699e-11
5.66012e-11
3.62457e-11
1.76471e-11
-4.65451e-32
1.02517e-13
6.86446e-11
1.33886e-10
1.95935e-10
2.54918e-10
3.10961e-10
3.6419e-10
4.1473e-10
4.62704e-10
5.08233e-10
5.51435e-10
5.92423e-10
6.31306e-10
6.68191e-10
7.03178e-10
7.36365e-10
7.67845e-10
7.97705e-10
8.26031e-10
8.52902e-10
8.78394e-10
9.02581e-10
9.2553e-10
9.47306e-10
9.67972e-10
9.87585e-10
1.0062e-09
1.02387e-09
1.04065e-09
1.05658e-09
1.0717e-09
1.08607e-09
1.24136e-09
1.40569e-09
1.57776e-09
1.75561e-09
1.93641e-09
2.11641e-09
2.29081e-09
2.45388e-09
2.59905e-09
2.7193e-09
2.8077e-09
2.85809e-09
2.86591e-09
2.82894e-09
2.74774e-09
2.62584e-09
2.46941e-09
2.28653e-09
2.08624e-09
1.87757e-09
1.66867e-09
1.46628e-09
1.27545e-09
1.09952e-09
9.40362e-10
7.98589e-10
6.73908e-10
5.65395e-10
4.71734e-10
3.91415e-10
3.22865e-10
2.64546e-10
2.15007e-10
1.72919e-10
1.37084e-10
1.06431e-10
8.00034e-11
5.69403e-11
3.64439e-11
1.77379e-11
-4.25336e-32
1.40821e-13
9.40853e-11
1.8349e-10
2.68494e-10
3.49263e-10
4.25966e-10
4.98772e-10
5.67853e-10
6.33379e-10
6.95515e-10
7.54426e-10
8.10269e-10
8.63199e-10
9.13363e-10
9.60903e-10
1.00596e-09
1.04865e-09
1.08911e-09
1.12746e-09
1.16381e-09
1.19826e-09
1.23092e-09
1.26188e-09
1.29123e-09
1.31907e-09
1.34546e-09
1.3705e-09
1.39425e-09
1.41677e-09
1.43815e-09
1.45843e-09
1.47768e-09
1.6849e-09
1.90222e-09
2.12719e-09
2.35629e-09
2.58478e-09
2.8066e-09
3.01446e-09
3.19997e-09
3.35415e-09
3.4681e-09
3.53393e-09
3.5458e-09
3.50088e-09
3.39996e-09
3.24766e-09
3.05196e-09
2.82327e-09
2.57315e-09
2.31306e-09
2.05328e-09
1.80219e-09
1.56603e-09
1.34887e-09
1.15287e-09
9.78703e-10
8.25888e-10
6.93193e-10
5.78928e-10
4.81178e-10
3.97974e-10
3.27402e-10
2.67671e-10
2.17151e-10
1.74384e-10
1.38078e-10
1.07098e-10
8.04427e-11
5.72192e-11
3.66068e-11
1.78124e-11
-3.88311e-32
1.93956e-13
1.29238e-10
2.52018e-10
3.68713e-10
4.79535e-10
5.84709e-10
6.84466e-10
7.79039e-10
8.68663e-10
9.53569e-10
1.03398e-09
1.11013e-09
1.18223e-09
1.25048e-09
1.31509e-09
1.37626e-09
1.43415e-09
1.48896e-09
1.54085e-09
1.58997e-09
1.63648e-09
1.68052e-09
1.72223e-09
1.76174e-09
1.79916e-09
1.83462e-09
1.86821e-09
1.90005e-09
1.93022e-09
1.95883e-09
1.98595e-09
2.01166e-09
2.28707e-09
2.57271e-09
2.86419e-09
3.15551e-09
3.43901e-09
3.70536e-09
3.9438e-09
4.14278e-09
4.2908e-09
4.37766e-09
4.39579e-09
4.34155e-09
4.21603e-09
4.02529e-09
3.77972e-09
3.4928e-09
3.17942e-09
2.8542e-09
2.53014e-09
2.21775e-09
1.92471e-09
1.65596e-09
1.41405e-09
1.1996e-09
1.0119e-09
8.49297e-10
7.09593e-10
5.90357e-10
4.89107e-10
4.03454e-10
3.31176e-10
2.70262e-10
2.18925e-10
1.75592e-10
1.38896e-10
1.07646e-10
8.08034e-11
5.7448e-11
3.67403e-11
1.78735e-11
-3.54232e-32
2.67887e-13
1.77917e-10
3.46899e-10
5.07431e-10
6.59788e-10
8.04266e-10
9.41176e-10
1.07084e-09
1.19358e-09
1.30972e-09
1.41958e-09
1.52347e-09
1.62171e-09
1.71458e-09
1.80238e-09
1.88538e-09
1.96383e-09
2.038e-09
2.10812e-09
2.17442e-09
2.2371e-09
2.29639e-09
2.35246e-09
2.4055e-09
2.45568e-09
2.50316e-09
2.5481e-09
2.59064e-09
2.63091e-09
2.66905e-09
2.70517e-09
2.73938e-09
3.10345e-09
3.47584e-09
3.84902e-09
4.21321e-09
4.55646e-09
4.86493e-09
5.12361e-09
5.31756e-09
5.43345e-09
5.46138e-09
5.39656e-09
5.24046e-09
5.00105e-09
4.69194e-09
4.33073e-09
3.93668e-09
3.5286e-09
3.12301e-09
2.73313e-09
2.36847e-09
2.03501e-09
1.73567e-09
1.47104e-09
1.24e-09
1.04032e-09
8.69169e-10
7.23418e-10
5.99935e-10
4.95719e-10
4.08005e-10
3.343e-10
2.72401e-10
2.20385e-10
1.76585e-10
1.39567e-10
1.08095e-10
8.10986e-11
5.7635e-11
3.68495e-11
1.79234e-11
-3.22938e-32
3.71057e-13
2.45461e-10
4.78521e-10
6.99801e-10
9.0965e-10
1.10846e-09
1.29664e-09
1.47463e-09
1.6429e-09
1.80188e-09
1.95204e-09
2.09382e-09
2.22766e-09
2.35399e-09
2.47321e-09
2.58572e-09
2.6919e-09
2.7921e-09
2.88668e-09
2.97595e-09
3.06022e-09
3.13978e-09
3.21492e-09
3.28588e-09
3.35292e-09
3.41626e-09
3.47611e-09
3.53269e-09
3.58618e-09
3.63677e-09
3.68461e-09
3.72988e-09
4.20771e-09
4.68804e-09
5.15844e-09
5.60352e-09
6.00536e-09
6.34441e-09
6.60102e-09
6.7576e-09
6.80101e-09
6.72483e-09
6.53096e-09
6.22989e-09
5.83961e-09
5.38319e-09
4.88582e-09
4.37181e-09
3.86234e-09
3.3741e-09
2.91889e-09
2.50393e-09
2.13258e-09
1.80523e-09
1.52021e-09
1.27451e-09
1.0644e-09
8.85888e-10
7.34981e-10
6.07906e-10
5.012e-10
4.11765e-10
3.36874e-10
2.7416e-10
2.21582e-10
1.77398e-10
1.40116e-10
1.08462e-10
8.13396e-11
5.77877e-11
3.69384e-11
1.7964e-11
-2.94253e-32
5.1541e-13
3.3933e-10
6.61388e-10
9.66962e-10
1.25648e-09
1.53044e-09
1.78941e-09
2.03399e-09
2.26482e-09
2.48253e-09
2.68778e-09
2.8812e-09
3.06343e-09
3.23508e-09
3.39675e-09
3.549e-09
3.69238e-09
3.82742e-09
3.95461e-09
4.07442e-09
4.18729e-09
4.29365e-09
4.39389e-09
4.48838e-09
4.57748e-09
4.6615e-09
4.74077e-09
4.81556e-09
4.88615e-09
4.95279e-09
5.01572e-09
5.07517e-09
5.69642e-09
6.30738e-09
6.88824e-09
7.41567e-09
7.86398e-09
8.20716e-09
8.42169e-09
8.48982e-09
8.40274e-09
8.16272e-09
7.78364e-09
7.28934e-09
6.71041e-09
6.08002e-09
5.42992e-09
4.78741e-09
4.17371e-09
3.60352e-09
3.08553e-09
2.62353e-09
2.21756e-09
1.86511e-09
1.56212e-09
1.30367e-09
1.08461e-09
8.99839e-10
7.44584e-10
6.145e-10
5.05719e-10
4.14856e-10
3.38985e-10
2.75599e-10
2.22561e-10
1.78062e-10
1.40563e-10
1.08761e-10
8.15358e-11
5.79118e-11
3.70108e-11
1.79971e-11
-2.68e-32
7.17806e-13
4.69901e-10
9.15671e-10
1.33828e-09
1.73824e-09
2.11618e-09
2.47285e-09
2.8091e-09
3.1258e-09
3.42388e-09
3.70426e-09
3.96788e-09
4.21565e-09
4.44846e-09
4.66718e-09
4.87265e-09
5.06567e-09
5.24699e-09
5.41734e-09
5.57741e-09
5.72785e-09
5.86925e-09
6.0022e-09
6.12722e-09
6.24483e-09
6.3555e-09
6.45966e-09
6.55774e-09
6.6501e-09
6.73712e-09
6.81913e-09
6.89644e-09
7.69436e-09
8.45741e-09
9.15513e-09
9.75357e-09
1.02179e-08
1.05163e-08
1.06243e-08
1.05295e-08
1.02341e-08
9.75663e-09
9.1288e-09
8.39155e-09
7.58902e-09
6.76305e-09
5.94921e-09
5.17463e-09
4.45769e-09
3.80888e-09
3.23231e-09
2.72742e-09
2.29051e-09
1.91601e-09
1.59745e-09
1.32809e-09
1.10143e-09
9.11396e-10
7.52507e-10
6.19922e-10
5.09424e-10
4.17385e-10
3.40709e-10
2.76772e-10
2.23359e-10
1.78601e-10
1.40927e-10
1.09004e-10
8.16951e-11
5.80125e-11
3.70695e-11
1.80239e-11
-1.91928e-32
8.58951e-13
5.60363e-10
1.0918e-09
1.59538e-09
2.07163e-09
2.52128e-09
2.94521e-09
3.34442e-09
3.71996e-09
4.07296e-09
4.40455e-09
4.71587e-09
5.00803e-09
5.28215e-09
5.53928e-09
5.78046e-09
6.00666e-09
6.21883e-09
6.41785e-09
6.60457e-09
6.77977e-09
6.9442e-09
7.09857e-09
7.24352e-09
7.37968e-09
7.50761e-09
7.62786e-09
7.74091e-09
7.84725e-09
7.9473e-09
8.04147e-09
8.13013e-09
9.03789e-09
9.89027e-09
1.06494e-08
1.12746e-08
1.17259e-08
1.19694e-08
1.19826e-08
1.17594e-08
1.13124e-08
1.0672e-08
9.88222e-09
8.99395e-09
8.05816e-09
7.12e-09
6.21536e-09
5.36969e-09
4.5986e-09
3.90945e-09
3.30339e-09
2.77726e-09
2.32524e-09
1.94008e-09
1.61406e-09
1.33952e-09
1.10927e-09
9.16766e-10
7.56179e-10
6.2243e-10
5.11135e-10
4.18551e-10
3.41503e-10
2.77312e-10
2.23725e-10
1.78849e-10
1.41094e-10
1.09115e-10
8.17681e-11
5.80587e-11
3.70963e-11
1.80361e-11
-2.21022e-31
1.00064e-12
6.50757e-10
1.26776e-09
1.85215e-09
2.40449e-09
2.92557e-09
3.4164e-09
3.87814e-09
4.31202e-09
4.71937e-09
5.10154e-09
5.45986e-09
5.79569e-09
6.11033e-09
6.40506e-09
6.68111e-09
6.93964e-09
7.18178e-09
7.40859e-09
7.62106e-09
7.82015e-09
8.00673e-09
8.18165e-09
8.34567e-09
8.49952e-09
8.64389e-09
8.7794e-09
8.90665e-09
9.02618e-09
9.1385e-09
9.24409e-09
9.3434e-09
1.03524e-08
1.12833e-08
1.20909e-08
1.27283e-08
1.31515e-08
1.33259e-08
1.32328e-08
1.28743e-08
1.22739e-08
1.14748e-08
1.0532e-08
9.50534e-09
8.45058e-09
7.41459e-09
6.43241e-09
5.52712e-09
4.7113e-09
3.98928e-09
3.35945e-09
2.81636e-09
2.35235e-09
1.9588e-09
1.62694e-09
1.34836e-09
1.11533e-09
9.20903e-10
7.59003e-10
6.24356e-10
5.12447e-10
4.19445e-10
3.42111e-10
2.77725e-10
2.24005e-10
1.79039e-10
1.41222e-10
1.092e-10
8.18239e-11
5.8094e-11
3.71169e-11
1.80455e-11
-6.50527e-31
1.39612e-12
9.01131e-10
1.75497e-09
2.56281e-09
3.32518e-09
4.04305e-09
4.71775e-09
5.35088e-09
5.94421e-09
6.49963e-09
7.0191e-09
7.50459e-09
7.95808e-09
8.38151e-09
8.77676e-09
9.14562e-09
9.48985e-09
9.81108e-09
1.01109e-08
1.03907e-08
1.0652e-08
1.0896e-08
1.11238e-08
1.13368e-08
1.15359e-08
1.1722e-08
1.18961e-08
1.20591e-08
1.22117e-08
1.23546e-08
1.24885e-08
1.26141e-08
1.38649e-08
1.49654e-08
1.58516e-08
1.64619e-08
1.67465e-08
1.66764e-08
1.62508e-08
1.55001e-08
1.4482e-08
1.32722e-08
1.19522e-08
1.05978e-08
9.27181e-09
8.01988e-09
6.87128e-09
5.84106e-09
4.93343e-09
4.14507e-09
3.46794e-09
2.89149e-09
2.40415e-09
1.9944e-09
1.65133e-09
1.36504e-09
1.12672e-09
9.28674e-10
7.64299e-10
6.27962e-10
5.14902e-10
4.21114e-10
3.43246e-10
2.78496e-10
2.24528e-10
1.79392e-10
1.41459e-10
1.09359e-10
8.19277e-11
5.81596e-11
3.71551e-11
1.8063e-11
-8.32645e-31
1.94994e-12
1.24795e-09
2.42955e-09
3.54611e-09
4.59799e-09
5.58635e-09
6.51292e-09
7.37992e-09
8.18987e-09
8.94551e-09
9.64969e-09
1.03053e-08
1.09154e-08
1.14827e-08
1.201e-08
1.25e-08
1.29554e-08
1.33785e-08
1.37716e-08
1.41369e-08
1.44764e-08
1.47921e-08
1.50857e-08
1.53589e-08
1.56131e-08
1.58497e-08
1.60702e-08
1.62757e-08
1.64673e-08
1.6646e-08
1.68128e-08
1.69686e-08
1.84802e-08
1.97253e-08
2.06172e-08
2.10825e-08
2.10748e-08
2.05868e-08
1.96556e-08
1.83589e-08
1.6801e-08
1.5095e-08
1.33457e-08
1.16382e-08
1.00332e-08
8.56814e-09
7.26091e-09
6.11506e-09
5.12452e-09
4.27748e-09
3.55923e-09
2.95418e-09
2.44708e-09
2.02373e-09
1.67134e-09
1.37867e-09
1.136e-09
9.34984e-10
7.6859e-10
6.30879e-10
5.16884e-10
4.22461e-10
3.4416e-10
2.79117e-10
2.24948e-10
1.79677e-10
1.41651e-10
1.09486e-10
8.20111e-11
5.82123e-11
3.71857e-11
1.8077e-11
-7.57543e-31
2.71627e-12
1.72279e-09
3.35273e-09
4.89089e-09
6.33726e-09
7.69311e-09
8.96071e-09
1.01431e-08
1.12439e-08
1.2267e-08
1.32167e-08
1.40972e-08
1.49127e-08
1.56677e-08
1.63661e-08
1.70119e-08
1.7609e-08
1.8161e-08
1.86712e-08
1.91429e-08
1.95789e-08
1.99822e-08
2.03552e-08
2.07004e-08
2.10199e-08
2.13158e-08
2.15899e-08
2.1844e-08
2.20797e-08
2.22985e-08
2.25016e-08
2.26903e-08
2.44587e-08
2.57816e-08
2.65489e-08
2.66839e-08
2.61636e-08
2.50295e-08
2.33846e-08
2.13742e-08
1.91583e-08
1.68846e-08
1.46713e-08
1.26005e-08
1.07207e-08
9.053e-09
7.5995e-09
6.34971e-09
5.28619e-09
4.38837e-09
3.63505e-09
3.00589e-09
2.48229e-09
2.04767e-09
1.68761e-09
1.38972e-09
1.1435e-09
9.40075e-10
7.72045e-10
6.33225e-10
5.18476e-10
4.23542e-10
3.44894e-10
2.79614e-10
2.25285e-10
1.79904e-10
1.41803e-10
1.09588e-10
8.20778e-11
5.82544e-11
3.72102e-11
1.80881e-11
-6.89106e-31
3.7072e-12
2.33164e-09
4.536e-09
6.61363e-09
8.56384e-09
1.03879e-08
1.20889e-08
1.36707e-08
1.51384e-08
1.64976e-08
1.77542e-08
1.89144e-08
1.99843e-08
2.097e-08
2.18775e-08
2.27125e-08
2.34805e-08
2.41866e-08
2.48357e-08
2.54324e-08
2.59809e-08
2.64852e-08
2.69489e-08
2.73754e-08
2.77679e-08
2.81291e-08
2.84618e-08
2.87682e-08
2.90507e-08
2.93112e-08
2.95516e-08
2.97736e-08
3.17655e-08
3.3063e-08
3.35351e-08
3.31179e-08
3.18391e-08
2.9823e-08
2.72676e-08
2.44029e-08
2.14453e-08
1.85663e-08
1.58822e-08
1.34583e-08
1.13207e-08
9.46888e-09
7.88572e-09
6.54568e-09
5.41987e-09
4.47932e-09
3.69681e-09
3.04779e-09
2.51068e-09
2.0669e-09
1.70064e-09
1.39855e-09
1.14948e-09
9.44128e-10
7.74793e-10
6.35087e-10
5.19739e-10
4.24398e-10
3.45475e-10
2.80007e-10
2.25552e-10
1.80084e-10
1.41924e-10
1.09669e-10
8.21305e-11
5.82877e-11
3.72296e-11
1.8097e-11
-6.26769e-31
4.79358e-12
2.99555e-09
5.82599e-09
8.4911e-09
1.09893e-08
1.3322e-08
1.54926e-08
1.75065e-08
1.93701e-08
2.10909e-08
2.26768e-08
2.4136e-08
2.54768e-08
2.67073e-08
2.78356e-08
2.88694e-08
2.9816e-08
3.06824e-08
3.1475e-08
3.22001e-08
3.28633e-08
3.34699e-08
3.40247e-08
3.45322e-08
3.49967e-08
3.54217e-08
3.58109e-08
3.61674e-08
3.6494e-08
3.67934e-08
3.70681e-08
3.73201e-08
3.94819e-08
4.06647e-08
4.07224e-08
3.96169e-08
3.74469e-08
3.44402e-08
3.09055e-08
2.71609e-08
2.34716e-08
2.00194e-08
1.69055e-08
1.41696e-08
1.18105e-08
9.80388e-09
8.11377e-09
6.70043e-09
5.52466e-09
4.55019e-09
3.7447e-09
3.08014e-09
2.53253e-09
2.08167e-09
1.71062e-09
1.4053e-09
1.15404e-09
9.47218e-10
7.76885e-10
6.36505e-10
5.207e-10
4.25049e-10
3.45916e-10
2.80306e-10
2.25754e-10
1.8022e-10
1.42016e-10
1.0973e-10
8.21704e-11
5.83129e-11
3.72442e-11
1.81036e-11
-5.70003e-31
5.68839e-12
3.54095e-09
6.88559e-09
1.0033e-08
1.29809e-08
1.57305e-08
1.82859e-08
2.06533e-08
2.28405e-08
2.48564e-08
2.67107e-08
2.84132e-08
2.9974e-08
3.1403e-08
3.27099e-08
3.39041e-08
3.49945e-08
3.59895e-08
3.68971e-08
3.77247e-08
3.84791e-08
3.91667e-08
3.97934e-08
4.03646e-08
4.08853e-08
4.13601e-08
4.1793e-08
4.21879e-08
4.25483e-08
4.28772e-08
4.31775e-08
4.34519e-08
4.5726e-08
4.67828e-08
4.6466e-08
4.47635e-08
4.18376e-08
3.80063e-08
3.36721e-08
2.92242e-08
2.4963e-08
2.10729e-08
1.76377e-08
1.46727e-08
1.21536e-08
1.00366e-08
8.27116e-09
6.80665e-09
5.59626e-09
4.59843e-09
3.7772e-09
3.10204e-09
2.5473e-09
2.09163e-09
1.71734e-09
1.40984e-09
1.15711e-09
9.49294e-10
7.7829e-10
6.37456e-10
5.21344e-10
4.25486e-10
3.46212e-10
2.80507e-10
2.25889e-10
1.80312e-10
1.42077e-10
1.09771e-10
8.21972e-11
5.83298e-11
3.72541e-11
1.81081e-11
-5.18316e-31
6.08769e-12
3.7845e-09
7.35876e-09
1.07216e-08
1.38703e-08
1.68062e-08
1.95336e-08
2.2059e-08
2.4391e-08
2.65391e-08
2.85135e-08
3.03251e-08
3.19846e-08
3.35027e-08
3.489e-08
3.61565e-08
3.73117e-08
3.83649e-08
3.93245e-08
4.01985e-08
4.09943e-08
4.17189e-08
4.23784e-08
4.29788e-08
4.35254e-08
4.4023e-08
4.44762e-08
4.4889e-08
4.52651e-08
4.56078e-08
4.59203e-08
4.62053e-08
4.85372e-08
4.95467e-08
4.90719e-08
4.71099e-08
4.38496e-08
3.96484e-08
3.49508e-08
3.018e-08
2.56545e-08
2.15612e-08
1.79768e-08
1.49054e-08
1.23121e-08
1.0144e-08
8.34371e-09
6.85556e-09
5.62921e-09
4.62061e-09
3.79213e-09
3.11209e-09
2.55408e-09
2.0962e-09
1.72042e-09
1.41192e-09
1.15852e-09
9.50245e-10
7.78933e-10
6.37891e-10
5.21639e-10
4.25686e-10
3.46347e-10
2.80598e-10
2.25952e-10
1.80354e-10
1.42106e-10
1.09789e-10
8.22095e-11
5.83375e-11
3.72586e-11
1.81102e-11
-4.71254e-31
5.84374e-12
3.63709e-09
7.07249e-09
1.03052e-08
1.3333e-08
1.61569e-08
1.87814e-08
2.12126e-08
2.34588e-08
2.5529e-08
2.74331e-08
2.91813e-08
3.07839e-08
3.22512e-08
3.35932e-08
3.48194e-08
3.5939e-08
3.69606e-08
3.78925e-08
3.87422e-08
3.95168e-08
4.02229e-08
4.08664e-08
4.14529e-08
4.19875e-08
4.2475e-08
4.29195e-08
4.3325e-08
4.3695e-08
4.40327e-08
4.43411e-08
4.46228e-08
4.69572e-08
4.80392e-08
4.77054e-08
4.59394e-08
4.2905e-08
3.89296e-08
3.44319e-08
2.98206e-08
2.54124e-08
2.14007e-08
1.78711e-08
1.4836e-08
1.22665e-08
1.01141e-08
8.32397e-09
6.84251e-09
5.62056e-09
4.61486e-09
3.7883e-09
3.10954e-09
2.55237e-09
2.09505e-09
1.71965e-09
1.4114e-09
1.15817e-09
9.50009e-10
7.78774e-10
6.37784e-10
5.21567e-10
4.25637e-10
3.46314e-10
2.80576e-10
2.25936e-10
1.80344e-10
1.42099e-10
1.09785e-10
8.22065e-11
5.83357e-11
3.72575e-11
1.81097e-11
-4.28406e-31
5.01985e-12
3.1369e-09
6.10088e-09
8.89174e-09
1.15079e-08
1.39506e-08
1.62237e-08
1.83327e-08
2.02845e-08
2.20868e-08
2.3748e-08
2.52765e-08
2.66812e-08
2.79705e-08
2.91529e-08
3.02364e-08
3.12287e-08
3.2137e-08
3.29683e-08
3.37288e-08
3.44245e-08
3.5061e-08
3.56433e-08
3.61761e-08
3.66637e-08
3.71102e-08
3.7519e-08
3.78935e-08
3.82368e-08
3.85516e-08
3.88403e-08
3.91054e-08
4.13821e-08
4.26328e-08
4.26979e-08
4.15287e-08
3.92203e-08
3.60092e-08
3.22264e-08
2.82206e-08
2.42858e-08
2.06235e-08
1.73419e-08
1.44786e-08
1.20262e-08
9.95295e-09
8.21605e-09
6.77025e-09
5.57215e-09
4.58241e-09
3.76653e-09
3.09492e-09
2.54254e-09
2.08844e-09
1.71519e-09
1.40839e-09
1.15614e-09
9.48638e-10
7.77847e-10
6.37157e-10
5.21142e-10
4.25349e-10
3.46119e-10
2.80444e-10
2.25847e-10
1.80284e-10
1.42059e-10
1.09758e-10
8.21891e-11
5.83247e-11
3.72511e-11
1.81068e-11
-2.03834e-31
4.04913e-12
2.54549e-09
4.95192e-09
7.21985e-09
9.34849e-09
1.13393e-08
1.31954e-08
1.49213e-08
1.65224e-08
1.8005e-08
1.93755e-08
2.06406e-08
2.1807e-08
2.28816e-08
2.38707e-08
2.47806e-08
2.56174e-08
2.63866e-08
2.70936e-08
2.77434e-08
2.83406e-08
2.88896e-08
2.93943e-08
2.98585e-08
3.02854e-08
3.06783e-08
3.10401e-08
3.13732e-08
3.16803e-08
3.19634e-08
3.22245e-08
3.24656e-08
3.46237e-08
3.60151e-08
3.6491e-08
3.59747e-08
3.44922e-08
3.21811e-08
2.92695e-08
2.60276e-08
2.27107e-08
1.95182e-08
1.65787e-08
1.39572e-08
1.16725e-08
9.71405e-09
8.0551e-09
6.66197e-09
5.49935e-09
4.53346e-09
3.73361e-09
3.07276e-09
2.52762e-09
2.07838e-09
1.70841e-09
1.40382e-09
1.15305e-09
9.46548e-10
7.76433e-10
6.36199e-10
5.20494e-10
4.2491e-10
3.45822e-10
2.80243e-10
2.25711e-10
1.80192e-10
1.41997e-10
1.09717e-10
8.21624e-11
5.83079e-11
3.72414e-11
1.81023e-11
3.19804e-34
3.23286e-12
2.04518e-09
3.9797e-09
5.80459e-09
7.51967e-09
9.12634e-09
1.06273e-08
1.20261e-08
1.3327e-08
1.45349e-08
1.56548e-08
1.66918e-08
1.76512e-08
1.8538e-08
1.93573e-08
2.01139e-08
2.08123e-08
2.14569e-08
2.20519e-08
2.2601e-08
2.31079e-08
2.35759e-08
2.4008e-08
2.44072e-08
2.47761e-08
2.51172e-08
2.54326e-08
2.57245e-08
2.59948e-08
2.62451e-08
2.64772e-08
2.66924e-08
2.86846e-08
3.01182e-08
3.08612e-08
3.08258e-08
2.99938e-08
2.8431e-08
2.62821e-08
2.37436e-08
2.10238e-08
1.83056e-08
1.57243e-08
1.33639e-08
1.12646e-08
9.43553e-09
7.86583e-09
6.53375e-09
5.41265e-09
4.47491e-09
3.69409e-09
3.04609e-09
2.50961e-09
2.06622e-09
1.7002e-09
1.39826e-09
1.14929e-09
9.44007e-10
7.74713e-10
6.35035e-10
5.19705e-10
4.24375e-10
3.45459e-10
2.79998e-10
2.25545e-10
1.8008e-10
1.41922e-10
1.09667e-10
8.21297e-11
5.82873e-11
3.72294e-11
1.80969e-11
3.51681e-34
2.55716e-12
1.62813e-09
3.16903e-09
4.62398e-09
5.99321e-09
7.27804e-09
8.48067e-09
9.60398e-09
1.06513e-08
1.16264e-08
1.25329e-08
1.3375e-08
1.41566e-08
1.48814e-08
1.55534e-08
1.61762e-08
1.67532e-08
1.72878e-08
1.77831e-08
1.8242e-08
1.86673e-08
1.90614e-08
1.94269e-08
1.97659e-08
2.00804e-08
2.03724e-08
2.06435e-08
2.08954e-08
2.11296e-08
2.13474e-08
2.15501e-08
2.17389e-08
2.35346e-08
2.4935e-08
2.5828e-08
2.61258e-08
2.57854e-08
2.48237e-08
2.33214e-08
2.14107e-08
1.92507e-08
1.69978e-08
1.47823e-08
1.26974e-08
1.07994e-08
9.11394e-09
7.64508e-09
6.38297e-09
5.31002e-09
4.40522e-09
3.64684e-09
3.01408e-09
2.48794e-09
2.05156e-09
1.69027e-09
1.39155e-09
1.14474e-09
9.40926e-10
7.72625e-10
6.33619e-10
5.18745e-10
4.23725e-10
3.45019e-10
2.79699e-10
2.25343e-10
1.79944e-10
1.4183e-10
1.09606e-10
8.20899e-11
5.82622e-11
3.72149e-11
1.80903e-11
3.86709e-34
2.00588e-12
1.28529e-09
2.50236e-09
3.65264e-09
4.73656e-09
5.75532e-09
6.71075e-09
7.60509e-09
8.44095e-09
9.22113e-09
9.94855e-09
1.06262e-08
1.1257e-08
1.18439e-08
1.23898e-08
1.28974e-08
1.33694e-08
1.38081e-08
1.4216e-08
1.45953e-08
1.4948e-08
1.52761e-08
1.55814e-08
1.58657e-08
1.61303e-08
1.63768e-08
1.66066e-08
1.68209e-08
1.70207e-08
1.72073e-08
1.73815e-08
1.75442e-08
1.91281e-08
2.04419e-08
2.13933e-08
2.19021e-08
2.19145e-08
2.14168e-08
2.04435e-08
1.90748e-08
1.74232e-08
1.56133e-08
1.3761e-08
1.196e-08
1.02756e-08
8.74667e-09
7.38999e-09
6.20704e-09
5.18933e-09
4.32274e-09
3.59062e-09
2.97584e-09
2.46196e-09
2.03392e-09
1.67831e-09
1.38343e-09
1.13924e-09
9.37194e-10
7.70094e-10
6.31902e-10
5.1758e-10
4.22935e-10
3.44483e-10
2.79336e-10
2.25097e-10
1.79778e-10
1.41719e-10
1.09532e-10
8.20415e-11
5.82316e-11
3.71971e-11
1.80822e-11
2.38638e-34
1.92385e-12
1.23402e-09
2.40267e-09
3.50734e-09
4.5485e-09
5.52735e-09
6.44563e-09
7.30551e-09
8.10948e-09
8.86021e-09
9.56048e-09
1.02131e-08
1.0821e-08
1.13869e-08
1.19135e-08
1.24034e-08
1.28591e-08
1.3283e-08
1.36773e-08
1.40442e-08
1.43856e-08
1.47034e-08
1.49992e-08
1.52747e-08
1.55314e-08
1.57707e-08
1.59939e-08
1.6202e-08
1.63963e-08
1.65778e-08
1.67473e-08
1.69058e-08
1.84534e-08
1.97486e-08
2.07027e-08
2.12369e-08
2.12967e-08
2.08648e-08
1.99696e-08
1.86835e-08
1.71119e-08
1.53735e-08
1.35816e-08
1.18288e-08
1.01815e-08
8.68003e-09
7.34336e-09
6.17469e-09
5.16702e-09
4.30743e-09
3.58015e-09
2.9687e-09
2.4571e-09
2.03062e-09
1.67606e-09
1.38191e-09
1.1382e-09
9.3649e-10
7.69616e-10
6.31578e-10
5.1736e-10
4.22785e-10
3.44381e-10
2.79267e-10
2.25051e-10
1.79746e-10
1.41698e-10
1.09518e-10
8.20323e-11
5.82259e-11
3.71937e-11
1.80806e-11
2.2268e-34
1.56155e-12
1.00676e-09
1.9606e-09
2.8629e-09
3.71421e-09
4.5156e-09
5.26855e-09
5.97483e-09
6.63642e-09
7.25546e-09
7.83414e-09
8.37469e-09
8.87934e-09
9.35027e-09
9.78959e-09
1.01993e-08
1.05815e-08
1.09379e-08
1.12703e-08
1.15804e-08
1.18697e-08
1.21397e-08
1.23917e-08
1.26271e-08
1.28469e-08
1.30524e-08
1.32445e-08
1.34241e-08
1.35922e-08
1.37496e-08
1.3897e-08
1.40351e-08
1.5405e-08
1.65979e-08
1.75407e-08
1.81642e-08
1.84131e-08
1.82572e-08
1.77005e-08
1.67833e-08
1.55779e-08
1.4176e-08
1.26736e-08
1.11571e-08
9.69441e-09
8.33242e-09
7.09834e-09
6.00364e-09
5.04849e-09
4.22575e-09
3.52411e-09
2.93036e-09
2.43094e-09
2.01279e-09
1.66393e-09
1.37366e-09
1.1326e-09
9.32683e-10
7.6703e-10
6.29822e-10
5.16168e-10
4.21976e-10
3.43832e-10
2.78894e-10
2.24799e-10
1.79576e-10
1.41583e-10
1.09442e-10
8.19824e-11
5.81944e-11
3.71755e-11
1.80723e-11
4.31335e-34
1.20755e-12
7.83108e-10
1.52542e-09
2.22821e-09
2.89208e-09
3.51793e-09
4.10697e-09
4.66057e-09
5.18025e-09
5.66762e-09
6.12431e-09
6.552e-09
6.95233e-09
7.32691e-09
7.67733e-09
8.00508e-09
8.31163e-09
8.59834e-09
8.86652e-09
9.11741e-09
9.35216e-09
9.57187e-09
9.77756e-09
9.97017e-09
1.01506e-08
1.03197e-08
1.04782e-08
1.06268e-08
1.07663e-08
1.08972e-08
1.10201e-08
1.11355e-08
1.22993e-08
1.33533e-08
1.42415e-08
1.49069e-08
1.52986e-08
1.538e-08
1.51365e-08
1.45808e-08
1.37528e-08
1.27142e-08
1.15381e-08
1.02984e-08
9.05952e-09
7.87164e-09
6.76888e-09
5.77088e-09
4.88558e-09
4.11255e-09
3.4459e-09
2.87657e-09
2.39405e-09
1.98757e-09
1.64671e-09
1.36192e-09
1.1246e-09
9.27242e-10
7.63329e-10
6.27306e-10
5.14457e-10
4.20814e-10
3.43043e-10
2.78359e-10
2.24436e-10
1.79331e-10
1.41419e-10
1.09332e-10
8.19107e-11
5.81491e-11
3.71491e-11
1.80603e-11
5.13869e-34
9.28581e-13
6.05483e-10
1.17968e-09
1.72374e-09
2.23823e-09
2.72392e-09
3.18176e-09
3.61282e-09
4.01826e-09
4.39928e-09
4.75712e-09
5.09299e-09
5.40814e-09
5.70374e-09
5.98095e-09
6.2409e-09
6.48464e-09
6.7132e-09
6.92754e-09
7.12857e-09
7.31715e-09
7.49409e-09
7.66016e-09
7.81606e-09
7.96245e-09
8.09997e-09
8.22918e-09
8.35064e-09
8.46486e-09
8.57229e-09
8.67338e-09
8.76853e-09
9.74119e-09
1.06509e-08
1.14559e-08
1.21115e-08
1.2574e-08
1.28067e-08
1.2786e-08
1.25068e-08
1.19855e-08
1.12583e-08
1.03763e-08
9.39733e-09
8.37797e-09
7.36697e-09
6.40175e-09
5.50763e-09
4.69902e-09
3.98157e-09
3.35462e-09
2.81332e-09
2.35043e-09
1.95759e-09
1.62617e-09
1.34786e-09
1.11501e-09
9.20696e-10
7.58868e-10
6.24268e-10
5.1239e-10
4.19407e-10
3.42087e-10
2.7771e-10
2.23996e-10
1.79034e-10
1.41219e-10
1.09199e-10
8.18234e-11
5.8094e-11
3.71171e-11
1.80457e-11
5.64806e-34
7.10667e-13
4.65704e-10
9.07531e-10
1.32647e-09
1.72302e-09
2.09784e-09
2.45167e-09
2.78535e-09
3.09974e-09
3.39576e-09
3.67431e-09
3.93632e-09
4.18267e-09
4.41426e-09
4.63192e-09
4.83648e-09
5.02873e-09
5.20941e-09
5.37923e-09
5.53887e-09
5.68896e-09
5.8301e-09
5.96286e-09
6.08775e-09
6.20528e-09
6.31592e-09
6.42009e-09
6.5182e-09
6.61064e-09
6.69776e-09
6.77989e-09
6.85734e-09
7.65829e-09
8.42762e-09
9.13522e-09
9.74715e-09
1.02281e-08
1.05449e-08
1.06715e-08
1.05931e-08
1.03101e-08
9.83945e-09
9.21249e-09
8.47081e-09
7.65998e-09
6.82359e-09
5.99878e-09
5.21385e-09
4.48783e-09
3.8315e-09
3.24897e-09
2.7395e-09
2.29916e-09
1.92214e-09
1.60175e-09
1.3311e-09
1.10352e-09
9.1284e-10
7.53503e-10
6.20607e-10
5.09895e-10
4.17708e-10
3.40931e-10
2.76924e-10
2.23463e-10
1.78673e-10
1.40976e-10
1.09037e-10
8.17175e-11
5.80271e-11
3.70782e-11
1.80279e-11
6.20684e-34
5.41723e-13
3.56588e-10
6.9502e-10
1.01612e-09
1.32034e-09
1.6082e-09
1.88029e-09
2.13725e-09
2.37974e-09
2.60843e-09
2.82402e-09
3.02717e-09
3.21855e-09
3.3988e-09
3.56855e-09
3.7284e-09
3.87892e-09
4.02067e-09
4.15417e-09
4.2799e-09
4.39835e-09
4.50995e-09
4.61512e-09
4.71425e-09
4.80771e-09
4.89584e-09
4.97897e-09
5.0574e-09
5.13142e-09
5.2013e-09
5.26727e-09
5.32959e-09
5.98047e-09
6.61969e-09
7.22615e-09
7.77502e-09
8.23895e-09
8.59031e-09
8.80421e-09
8.86205e-09
8.75501e-09
8.48636e-09
8.07189e-09
7.53816e-09
6.91869e-09
6.24933e-09
5.56386e-09
4.89083e-09
4.25187e-09
3.6615e-09
3.12787e-09
2.65404e-09
2.23931e-09
1.88048e-09
1.5729e-09
1.31119e-09
1.08982e-09
9.03442e-10
7.47066e-10
6.16206e-10
5.06889e-10
4.15658e-10
3.39534e-10
2.75974e-10
2.22818e-10
1.78236e-10
1.40682e-10
1.08841e-10
8.1589e-11
5.79459e-11
3.70309e-11
1.80063e-11
6.81947e-34
4.11575e-13
2.71998e-10
5.30231e-10
7.7538e-10
1.00782e-09
1.22797e-09
1.4363e-09
1.6333e-09
1.81946e-09
1.99529e-09
2.16129e-09
2.31797e-09
2.46582e-09
2.6053e-09
2.73689e-09
2.86101e-09
2.9781e-09
3.08855e-09
3.19275e-09
3.29107e-09
3.38384e-09
3.4714e-09
3.55404e-09
3.63207e-09
3.70574e-09
3.77533e-09
3.84107e-09
3.90318e-09
3.96188e-09
4.01738e-09
4.06985e-09
4.11947e-09
4.6422e-09
5.1652e-09
5.67411e-09
6.15134e-09
6.5766e-09
6.92803e-09
7.18412e-09
7.32616e-09
7.34102e-09
7.22363e-09
6.9785e-09
6.61976e-09
6.16942e-09
5.65441e-09
5.10299e-09
4.5415e-09
3.99205e-09
3.47136e-09
2.9906e-09
2.55606e-09
2.17002e-09
1.83186e-09
1.53898e-09
1.28766e-09
1.07356e-09
8.92238e-10
7.39369e-10
6.10929e-10
5.03278e-10
4.1319e-10
3.3785e-10
2.74827e-10
2.22038e-10
1.77708e-10
1.40326e-10
1.08604e-10
8.14333e-11
5.78474e-11
3.69736e-11
1.79802e-11
7.49068e-34
3.11843e-13
2.06808e-10
4.03208e-10
5.89749e-10
7.66738e-10
9.34516e-10
1.09344e-09
1.24388e-09
1.38622e-09
1.52083e-09
1.6481e-09
1.76838e-09
1.88204e-09
1.98944e-09
2.0909e-09
2.18675e-09
2.27731e-09
2.36286e-09
2.44369e-09
2.52006e-09
2.59224e-09
2.66045e-09
2.72493e-09
2.78589e-09
2.84353e-09
2.89805e-09
2.94961e-09
2.9984e-09
3.04456e-09
3.08825e-09
3.12961e-09
3.16877e-09
3.58423e-09
4.00645e-09
4.42595e-09
4.83065e-09
5.206e-09
5.53555e-09
5.80191e-09
5.98836e-09
6.08083e-09
6.07003e-09
5.95325e-09
5.73536e-09
5.42857e-09
5.05098e-09
4.62417e-09
4.17049e-09
3.7106e-09
3.26175e-09
2.83696e-09
2.44494e-09
2.09055e-09
1.77556e-09
1.4994e-09
1.26001e-09
1.05434e-09
8.78939e-10
7.30196e-10
6.04619e-10
4.98948e-10
4.10225e-10
3.35823e-10
2.73444e-10
2.21097e-10
1.7707e-10
1.39896e-10
1.08316e-10
8.12447e-11
5.77281e-11
3.69041e-11
1.79484e-11
8.22541e-34
2.35754e-13
1.56823e-10
3.05789e-10
4.47338e-10
5.8172e-10
7.092e-10
8.30057e-10
9.44573e-10
1.05303e-09
1.15572e-09
1.25291e-09
1.34489e-09
1.43191e-09
1.51423e-09
1.5921e-09
1.66577e-09
1.73545e-09
1.80137e-09
1.86373e-09
1.92273e-09
1.97855e-09
2.03137e-09
2.08136e-09
2.12868e-09
2.17348e-09
2.21589e-09
2.25605e-09
2.29409e-09
2.33012e-09
2.36426e-09
2.39661e-09
2.42726e-09
2.75449e-09
3.09143e-09
3.43202e-09
3.76822e-09
4.08997e-09
4.38535e-09
4.64105e-09
4.84326e-09
4.97899e-09
5.03762e-09
5.01257e-09
4.90257e-09
4.71235e-09
4.45225e-09
4.13707e-09
3.78412e-09
3.41112e-09
3.03436e-09
2.66741e-09
2.32047e-09
2.00039e-09
1.71097e-09
1.45357e-09
1.22774e-09
1.03177e-09
8.63227e-10
7.19309e-10
5.97102e-10
4.93773e-10
4.06671e-10
3.33389e-10
2.7178e-10
2.19963e-10
1.763e-10
1.39376e-10
1.07969e-10
8.10165e-11
5.75837e-11
3.68199e-11
1.791e-11
9.02885e-34
1.7791e-13
1.18655e-10
2.31391e-10
3.38552e-10
4.40338e-10
5.36959e-10
6.28626e-10
7.15555e-10
7.97959e-10
8.76052e-10
9.50041e-10
1.02013e-09
1.08651e-09
1.14938e-09
1.20892e-09
1.2653e-09
1.31869e-09
1.36925e-09
1.41713e-09
1.46248e-09
1.50544e-09
1.54613e-09
1.58468e-09
1.6212e-09
1.65581e-09
1.68862e-09
1.71971e-09
1.74918e-09
1.77712e-09
1.80362e-09
1.82874e-09
1.85258e-09
2.10829e-09
2.37451e-09
2.64749e-09
2.92206e-09
3.19148e-09
3.44744e-09
3.68017e-09
3.87896e-09
4.03284e-09
4.13169e-09
4.16749e-09
4.13552e-09
4.0354e-09
3.87143e-09
3.6523e-09
3.39007e-09
3.09861e-09
2.79204e-09
2.48327e-09
2.18301e-09
1.89935e-09
1.63767e-09
1.40099e-09
1.19037e-09
1.00542e-09
8.44771e-10
7.06449e-10
5.88182e-10
4.87609e-10
4.02425e-10
3.30472e-10
2.69783e-10
2.18599e-10
1.75372e-10
1.38749e-10
1.07549e-10
8.07407e-11
5.7409e-11
3.6718e-11
1.78634e-11
9.9063e-34
1.34066e-13
8.96136e-11
1.74772e-10
2.55745e-10
3.3269e-10
4.05769e-10
4.75145e-10
5.40981e-10
6.03438e-10
6.62675e-10
7.18846e-10
7.72103e-10
8.2259e-10
8.70447e-10
9.15811e-10
9.58809e-10
9.99565e-10
1.0382e-09
1.07482e-09
1.10953e-09
1.14244e-09
1.17365e-09
1.20324e-09
1.23129e-09
1.2579e-09
1.28314e-09
1.30708e-09
1.32979e-09
1.35134e-09
1.37179e-09
1.3912e-09
1.40962e-09
1.6081e-09
1.81666e-09
2.03307e-09
2.25412e-09
2.47547e-09
2.69149e-09
2.89532e-09
3.07902e-09
3.23394e-09
3.35139e-09
3.42347e-09
3.44404e-09
3.40974e-09
3.32067e-09
3.18064e-09
2.99689e-09
2.77919e-09
2.53873e-09
2.28677e-09
2.03357e-09
1.78768e-09
1.55549e-09
1.3413e-09
1.14749e-09
9.74911e-10
8.23233e-10
6.91345e-10
5.77648e-10
4.80296e-10
3.97368e-10
3.26988e-10
2.6739e-10
2.16961e-10
1.74256e-10
1.37993e-10
1.07043e-10
8.04078e-11
5.71979e-11
3.65949e-11
1.78071e-11
1.08631e-33
1.0091e-13
6.75797e-11
1.3181e-10
1.92899e-10
2.50971e-10
3.0615e-10
3.58561e-10
4.08326e-10
4.55569e-10
5.00406e-10
5.42953e-10
5.83322e-10
6.21621e-10
6.57954e-10
6.92421e-10
7.25116e-10
7.5613e-10
7.85552e-10
8.13463e-10
8.39943e-10
8.65065e-10
8.88902e-10
9.11521e-10
9.32986e-10
9.53357e-10
9.72691e-10
9.91044e-10
1.00847e-09
1.02501e-09
1.04071e-09
1.05563e-09
1.06979e-09
1.22297e-09
1.38516e-09
1.55514e-09
1.73101e-09
1.91002e-09
2.08854e-09
2.26189e-09
2.42445e-09
2.56975e-09
2.69083e-09
2.78077e-09
2.83337e-09
2.84395e-09
2.81008e-09
2.73211e-09
2.61335e-09
2.45977e-09
2.27934e-09
2.08105e-09
1.87392e-09
1.66617e-09
1.46461e-09
1.27434e-09
1.0988e-09
9.39899e-10
7.98293e-10
6.73721e-10
5.65277e-10
4.71661e-10
3.9137e-10
3.22839e-10
2.64532e-10
2.15e-10
1.72917e-10
1.37085e-10
1.06433e-10
8.00064e-11
5.69432e-11
3.64462e-11
1.77391e-11
1.19044e-33
7.58848e-14
5.09017e-11
9.92867e-11
1.45316e-10
1.89085e-10
2.30691e-10
2.70226e-10
3.07785e-10
3.43459e-10
3.77336e-10
4.09502e-10
4.40041e-10
4.69033e-10
4.96554e-10
5.22679e-10
5.47477e-10
5.71017e-10
5.93362e-10
6.14574e-10
6.34711e-10
6.53828e-10
6.71978e-10
6.89212e-10
7.05575e-10
7.21114e-10
7.35872e-10
7.49887e-10
7.632e-10
7.75845e-10
7.87858e-10
7.99271e-10
8.10115e-10
9.27752e-10
1.05312e-09
1.18559e-09
1.3241e-09
1.46702e-09
1.61204e-09
1.75612e-09
1.89539e-09
2.02525e-09
2.14043e-09
2.23534e-09
2.30446e-09
2.3429e-09
2.34705e-09
2.31516e-09
2.24769e-09
2.14748e-09
2.01944e-09
1.87005e-09
1.70656e-09
1.53624e-09
1.36565e-09
1.20026e-09
1.04417e-09
9.00134e-10
7.69669e-10
6.53312e-10
5.50842e-10
4.61521e-10
3.84289e-10
3.17919e-10
2.61129e-10
2.12659e-10
1.71314e-10
1.35996e-10
1.05701e-10
7.95234e-11
5.66363e-11
3.62668e-11
1.7657e-11
1.30352e-33
5.70238e-14
3.8302e-11
7.47142e-11
1.0936e-10
1.42314e-10
1.73648e-10
2.03435e-10
2.31744e-10
2.58644e-10
2.84203e-10
3.08483e-10
3.31546e-10
3.53453e-10
3.74261e-10
3.94023e-10
4.12792e-10
4.30619e-10
4.4755e-10
4.63632e-10
4.78907e-10
4.93416e-10
5.07199e-10
5.20292e-10
5.32731e-10
5.44548e-10
5.55777e-10
5.66446e-10
5.76584e-10
5.86219e-10
5.95376e-10
6.04079e-10
6.12351e-10
7.02321e-10
7.9872e-10
9.01286e-10
1.00947e-09
1.12233e-09
1.23851e-09
1.35605e-09
1.47244e-09
1.58449e-09
1.68841e-09
1.77993e-09
1.85455e-09
1.90784e-09
1.93596e-09
1.9361e-09
1.90697e-09
1.84909e-09
1.76485e-09
1.65829e-09
1.53468e-09
1.39988e-09
1.25974e-09
1.11955e-09
9.83706e-10
8.55504e-10
7.37155e-10
6.29888e-10
5.34127e-10
4.49691e-10
3.75975e-10
3.12112e-10
2.57095e-10
2.09872e-10
1.69401e-10
1.34691e-10
1.04822e-10
7.8943e-11
5.62671e-11
3.60508e-11
1.75581e-11
1.42595e-33
4.28255e-14
2.87978e-11
5.61774e-11
8.22329e-11
1.07021e-10
1.30598e-10
1.53017e-10
1.74331e-10
1.94593e-10
2.13851e-10
2.32154e-10
2.49548e-10
2.66077e-10
2.81784e-10
2.96708e-10
3.10889e-10
3.24365e-10
3.37169e-10
3.49337e-10
3.60899e-10
3.71887e-10
3.82329e-10
3.92252e-10
4.01684e-10
4.10649e-10
4.1917e-10
4.2727e-10
4.34969e-10
4.42289e-10
4.49249e-10
4.55865e-10
4.62157e-10
5.30728e-10
6.04529e-10
6.83501e-10
7.674e-10
8.55741e-10
9.47734e-10
1.04221e-09
1.13756e-09
1.23167e-09
1.32193e-09
1.40525e-09
1.47815e-09
1.53698e-09
1.57821e-09
1.59878e-09
1.59652e-09
1.57046e-09
1.52112e-09
1.4505e-09
1.36192e-09
1.25966e-09
1.14848e-09
1.0331e-09
9.17791e-10
8.06088e-10
7.00655e-10
6.03276e-10
5.14942e-10
4.35992e-10
3.66275e-10
3.05294e-10
2.52334e-10
2.06568e-10
1.67124e-10
1.33135e-10
1.03771e-10
7.82471e-11
5.58236e-11
3.57911e-11
1.74391e-11
1.55807e-33
3.2147e-14
2.16376e-11
4.22111e-11
6.17924e-11
8.04246e-11
9.81499e-11
1.1501e-10
1.31043e-10
1.4629e-10
1.60787e-10
1.74569e-10
1.87671e-10
2.00127e-10
2.11967e-10
2.23223e-10
2.33922e-10
2.44092e-10
2.5376e-10
2.6295e-10
2.71686e-10
2.79992e-10
2.87887e-10
2.95394e-10
3.02531e-10
3.09317e-10
3.15769e-10
3.21904e-10
3.27738e-10
3.33286e-10
3.38563e-10
3.4358e-10
3.48353e-10
4.00462e-10
4.56756e-10
5.17279e-10
5.81965e-10
6.50594e-10
7.22747e-10
7.9775e-10
8.74622e-10
9.52021e-10
1.02821e-09
1.10102e-09
1.16793e-09
1.22612e-09
1.27263e-09
1.30462e-09
1.31967e-09
1.31607e-09
1.29309e-09
1.25122e-09
1.19213e-09
1.11855e-09
1.03396e-09
9.4222e-10
8.47145e-10
7.52195e-10
6.60227e-10
5.73397e-10
4.93144e-10
4.20269e-10
3.55044e-10
2.9734e-10
2.46745e-10
2.02669e-10
1.64425e-10
1.31283e-10
1.02517e-10
7.74148e-11
5.52923e-11
3.54795e-11
1.72962e-11
1.70003e-33
2.41213e-14
1.62485e-11
3.16989e-11
4.64057e-11
6.04019e-11
7.37194e-11
8.63892e-11
9.84414e-11
1.09905e-10
1.20807e-10
1.31176e-10
1.41036e-10
1.50412e-10
1.59328e-10
1.67806e-10
1.75868e-10
1.83534e-10
1.90823e-10
1.97755e-10
2.04346e-10
2.10614e-10
2.16575e-10
2.22243e-10
2.27634e-10
2.32762e-10
2.37638e-10
2.42277e-10
2.46688e-10
2.50885e-10
2.54877e-10
2.58674e-10
2.62287e-10
3.01788e-10
3.44595e-10
3.90798e-10
4.40426e-10
4.93408e-10
5.49552e-10
6.08496e-10
6.69672e-10
7.32257e-10
7.95136e-10
8.56868e-10
9.15684e-10
9.69509e-10
1.01605e-09
1.05291e-09
1.0778e-09
1.08879e-09
1.08453e-09
1.06448e-09
1.02907e-09
9.79691e-10
9.18583e-10
8.48583e-10
7.72823e-10
6.94402e-10
6.1612e-10
5.40293e-10
4.68665e-10
4.02403e-10
3.42153e-10
2.88132e-10
2.40227e-10
1.98094e-10
1.6124e-10
1.29089e-10
1.01025e-10
7.64222e-11
5.46572e-11
3.51064e-11
1.71248e-11
1.85177e-33
1.80926e-14
1.21955e-11
2.37926e-11
3.48325e-11
4.53404e-11
5.53402e-11
6.48555e-11
7.39087e-11
8.25217e-11
9.07151e-11
9.85091e-11
1.05923e-10
1.12975e-10
1.19682e-10
1.26062e-10
1.32129e-10
1.37901e-10
1.43391e-10
1.48612e-10
1.53578e-10
1.58303e-10
1.62796e-10
1.67071e-10
1.71137e-10
1.75005e-10
1.78685e-10
1.82186e-10
1.85516e-10
1.88685e-10
1.917e-10
1.94569e-10
1.97298e-10
2.2718e-10
2.59645e-10
2.94801e-10
3.32718e-10
3.73408e-10
4.16806e-10
4.62742e-10
5.10908e-10
5.60825e-10
6.11807e-10
6.62927e-10
7.12996e-10
7.6056e-10
8.0392e-10
8.41205e-10
8.70476e-10
8.89888e-10
8.97884e-10
8.93398e-10
8.76027e-10
8.46146e-10
8.04909e-10
7.54151e-10
6.96188e-10
6.33565e-10
5.688e-10
5.04165e-10
4.41539e-10
3.82338e-10
3.27505e-10
2.77563e-10
2.3268e-10
1.92758e-10
1.57504e-10
1.26502e-10
9.92587e-11
7.52425e-11
5.39003e-11
3.46608e-11
1.692e-11
2.01293e-33
1.35658e-14
9.14914e-12
1.78498e-11
2.6133e-11
3.40179e-11
4.15225e-11
4.86646e-11
5.5461e-11
6.1928e-11
6.80813e-11
7.39358e-11
7.95058e-11
8.4805e-11
8.98465e-11
9.46427e-11
9.92057e-11
1.03547e-10
1.07676e-10
1.11605e-10
1.15343e-10
1.189e-10
1.22283e-10
1.25503e-10
1.28565e-10
1.3148e-10
1.34253e-10
1.36891e-10
1.39402e-10
1.41791e-10
1.44065e-10
1.46228e-10
1.48287e-10
1.70851e-10
1.95418e-10
2.22093e-10
2.50961e-10
2.82073e-10
3.15434e-10
3.50983e-10
3.88572e-10
4.2794e-10
4.68685e-10
5.10235e-10
5.51822e-10
5.92464e-10
6.30966e-10
6.65938e-10
6.95852e-10
7.19133e-10
7.34289e-10
7.40069e-10
7.35622e-10
7.20644e-10
6.95459e-10
6.61021e-10
6.18835e-10
5.7079e-10
5.18959e-10
4.65389e-10
4.11927e-10
3.60099e-10
3.11053e-10
2.65553e-10
2.24019e-10
1.86582e-10
1.53148e-10
1.23467e-10
9.71763e-11
7.38462e-11
5.30015e-11
3.41305e-11
1.66758e-11
2.18272e-33
1.01677e-14
6.86051e-12
1.33849e-11
1.95968e-11
2.55103e-11
3.11394e-11
3.64971e-11
4.15963e-11
4.6449e-11
5.10671e-11
5.54617e-11
5.96435e-11
6.36226e-11
6.7409e-11
7.10118e-11
7.44401e-11
7.77021e-11
8.08061e-11
8.37596e-11
8.65701e-11
8.92444e-11
9.17893e-11
9.4211e-11
9.65155e-11
9.87085e-11
1.00796e-10
1.02782e-10
1.04672e-10
1.06471e-10
1.08183e-10
1.09812e-10
1.11363e-10
1.28375e-10
1.46929e-10
1.6712e-10
1.89032e-10
2.12732e-10
2.38257e-10
2.65606e-10
2.94726e-10
3.25487e-10
3.5767e-10
3.90937e-10
4.24812e-10
4.5866e-10
4.9167e-10
5.2286e-10
5.51091e-10
5.75115e-10
5.9365e-10
6.05487e-10
6.09616e-10
6.05358e-10
5.9248e-10
5.71257e-10
5.42481e-10
5.07381e-10
4.67501e-10
4.24531e-10
3.80135e-10
3.35817e-10
2.92817e-10
2.52064e-10
2.14179e-10
1.79495e-10
1.48108e-10
1.1993e-10
9.4735e-11
7.22014e-11
5.19388e-11
3.35017e-11
1.63857e-11
2.35982e-33
7.61747e-15
5.14171e-12
1.00317e-11
1.46876e-11
1.91203e-11
2.33401e-11
2.73569e-11
3.11804e-11
3.48195e-11
3.82831e-11
4.15795e-11
4.47168e-11
4.77025e-11
5.05439e-11
5.32481e-11
5.58216e-11
5.82707e-11
6.06015e-11
6.28197e-11
6.49307e-11
6.69398e-11
6.88518e-11
7.06716e-11
7.24036e-11
7.4052e-11
7.5621e-11
7.71143e-11
7.85356e-11
7.98885e-11
8.11762e-11
8.24019e-11
8.35687e-11
9.63751e-11
1.10363e-10
1.25614e-10
1.42203e-10
1.60198e-10
1.7965e-10
2.00587e-10
2.23005e-10
2.46856e-10
2.72029e-10
2.98339e-10
3.25504e-10
3.53128e-10
3.80684e-10
4.07505e-10
4.32782e-10
4.55582e-10
4.74884e-10
4.89644e-10
4.98878e-10
5.01771e-10
4.97777e-10
4.86715e-10
4.68819e-10
4.44741e-10
4.1549e-10
3.82325e-10
3.46623e-10
3.09741e-10
2.72902e-10
2.37113e-10
2.03127e-10
1.71444e-10
1.42326e-10
1.15839e-10
9.18915e-11
7.02747e-11
5.06883e-11
3.27593e-11
1.60424e-11
2.54219e-33
5.70381e-15
3.85121e-12
7.51396e-12
1.10016e-11
1.43221e-11
1.74835e-11
2.0493e-11
2.33579e-11
2.6085e-11
2.86808e-11
3.11516e-11
3.35035e-11
3.57419e-11
3.78725e-11
3.99004e-11
4.18306e-11
4.36677e-11
4.54163e-11
4.70806e-11
4.86647e-11
5.01724e-11
5.16076e-11
5.29736e-11
5.42739e-11
5.55116e-11
5.66897e-11
5.78112e-11
5.88787e-11
5.98949e-11
6.08623e-11
6.17831e-11
6.26598e-11
7.22875e-11
8.28164e-11
9.43131e-11
1.06843e-10
1.20467e-10
1.35238e-10
1.51198e-10
1.68366e-10
1.86737e-10
2.06268e-10
2.26864e-10
2.4837e-10
2.7055e-10
2.93075e-10
3.1551e-10
3.37303e-10
3.57789e-10
3.76202e-10
3.91707e-10
4.03451e-10
4.10633e-10
4.12592e-10
4.08888e-10
3.99379e-10
3.84264e-10
3.64076e-10
3.39642e-10
3.11991e-10
2.82247e-10
2.51513e-10
2.20784e-10
1.90878e-10
1.62404e-10
1.3576e-10
1.11148e-10
8.86049e-11
6.80329e-11
4.92256e-11
3.18875e-11
1.56384e-11
2.72696e-33
4.26798e-15
2.88248e-12
5.62397e-12
8.23446e-12
1.072e-11
1.30866e-11
1.53396e-11
1.74846e-11
1.95265e-11
2.14703e-11
2.33208e-11
2.50822e-11
2.6759e-11
2.83551e-11
2.98744e-11
3.13206e-11
3.26973e-11
3.40078e-11
3.52552e-11
3.64426e-11
3.7573e-11
3.8649e-11
3.96733e-11
4.06483e-11
4.15765e-11
4.24602e-11
4.33014e-11
4.41022e-11
4.48646e-11
4.55903e-11
4.62813e-11
4.69391e-11
5.41672e-11
6.20796e-11
7.07303e-11
8.01734e-11
9.04615e-11
1.01644e-10
1.13763e-10
1.2685e-10
1.40921e-10
1.55968e-10
1.71954e-10
1.88799e-10
2.06372e-10
2.24475e-10
2.42836e-10
2.61095e-10
2.78795e-10
2.9539e-10
3.10251e-10
3.22692e-10
3.32016e-10
3.37571e-10
3.38818e-10
3.354e-10
3.27207e-10
3.14403e-10
2.97426e-10
2.76954e-10
2.53825e-10
2.28956e-10
2.03246e-10
1.77502e-10
1.52387e-10
1.2839e-10
1.05824e-10
8.48398e-11
6.54448e-11
4.75265e-11
3.08701e-11
1.51654e-11
2.91019e-33
3.19075e-15
2.15541e-12
4.20542e-12
6.15753e-12
8.01632e-12
9.78616e-12
1.14712e-11
1.30756e-11
1.4603e-11
1.60571e-11
1.74414e-11
1.87593e-11
2.0014e-11
2.12083e-11
2.23454e-11
2.34278e-11
2.44583e-11
2.54392e-11
2.63731e-11
2.72621e-11
2.81085e-11
2.89142e-11
2.96813e-11
3.04116e-11
3.11068e-11
3.17687e-11
3.23988e-11
3.29988e-11
3.357e-11
3.41138e-11
3.46315e-11
3.51245e-11
4.05429e-11
4.64794e-11
5.29766e-11
6.00781e-11
6.78278e-11
7.62683e-11
8.5439e-11
9.53739e-11
1.06097e-10
1.17621e-10
1.29938e-10
1.43013e-10
1.5678e-10
1.71128e-10
1.85893e-10
2.00849e-10
2.15697e-10
2.3006e-10
2.43488e-10
2.55463e-10
2.65424e-10
2.72799e-10
2.77055e-10
2.7775e-10
2.74599e-10
2.67509e-10
2.56617e-10
2.42284e-10
2.25062e-10
2.05635e-10
1.8475e-10
1.63137e-10
1.41452e-10
1.20227e-10
9.98528e-11
8.05711e-11
6.24841e-11
4.55688e-11
2.96915e-11
1.46157e-11
3.08673e-33
2.38261e-15
1.60978e-12
3.14087e-12
4.59887e-12
5.98722e-12
7.30918e-12
8.56789e-12
9.76635e-12
1.09074e-11
1.19938e-11
1.30281e-11
1.40129e-11
1.49504e-11
1.5843e-11
1.66928e-11
1.75018e-11
1.8272e-11
1.90053e-11
1.97035e-11
2.03681e-11
2.10009e-11
2.16034e-11
2.2177e-11
2.27231e-11
2.32431e-11
2.37381e-11
2.42095e-11
2.46582e-11
2.50855e-11
2.54923e-11
2.58796e-11
2.62485e-11
3.03037e-11
3.47497e-11
3.96197e-11
4.49485e-11
5.07716e-11
5.71244e-11
6.40413e-11
7.1554e-11
7.96895e-11
8.84668e-11
9.78942e-11
1.07964e-10
1.18647e-10
1.29886e-10
1.41588e-10
1.53616e-10
1.65783e-10
1.77839e-10
1.89476e-10
2.0032e-10
2.09945e-10
2.17891e-10
2.23687e-10
2.26898e-10
2.27162e-10
2.24244e-10
2.18072e-10
2.08757e-10
1.96593e-10
1.8203e-10
1.65627e-10
1.4799e-10
1.29712e-10
1.11321e-10
9.32448e-11
7.57891e-11
5.91331e-11
4.33345e-11
2.83379e-11
1.39817e-11
3.2501e-33
1.77639e-15
1.20037e-12
2.34207e-12
3.42929e-12
4.4646e-12
5.45044e-12
6.38916e-12
7.28297e-12
8.13402e-12
8.94433e-12
9.71586e-12
1.04504e-11
1.11498e-11
1.18157e-11
1.24498e-11
1.30534e-11
1.36281e-11
1.41753e-11
1.46963e-11
1.51924e-11
1.56647e-11
1.61144e-11
1.65425e-11
1.69502e-11
1.73383e-11
1.77079e-11
1.80598e-11
1.83948e-11
1.87139e-11
1.90176e-11
1.93069e-11
1.95823e-11
2.26114e-11
2.59341e-11
2.95764e-11
3.35654e-11
3.79292e-11
4.26966e-11
4.78963e-11
5.3556e-11
5.97011e-11
6.63528e-11
7.35261e-11
8.12266e-11
8.94466e-11
9.81608e-11
1.07321e-10
1.16848e-10
1.26629e-10
1.36507e-10
1.46276e-10
1.55679e-10
1.64409e-10
1.72116e-10
1.78417e-10
1.82929e-10
1.85293e-10
1.85212e-10
1.82493e-10
1.77077e-10
1.69054e-10
1.58663e-10
1.46272e-10
1.32332e-10
1.17337e-10
1.01766e-10
8.60425e-11
7.05046e-11
5.53865e-11
4.08127e-11
2.67992e-11
1.32576e-11
3.3924e-33
1.32167e-15
8.93202e-13
1.74276e-12
2.55179e-12
3.32222e-12
4.05585e-12
4.75443e-12
5.41962e-12
6.05301e-12
6.65611e-12
7.23036e-12
7.77715e-12
8.29777e-12
8.79348e-12
9.26547e-12
9.71488e-12
1.01428e-11
1.05502e-11
1.09381e-11
1.13075e-11
1.16592e-11
1.19941e-11
1.2313e-11
1.26166e-11
1.29057e-11
1.31809e-11
1.3443e-11
1.36926e-11
1.39303e-11
1.41565e-11
1.4372e-11
1.45772e-11
1.68344e-11
1.93115e-11
2.20284e-11
2.50061e-11
2.82666e-11
3.18328e-11
3.57278e-11
3.99749e-11
4.45963e-11
4.96121e-11
5.50393e-11
6.08892e-11
6.71654e-11
7.38607e-11
8.09529e-11
8.84008e-11
9.61387e-11
1.04071e-10
1.12067e-10
1.19957e-10
1.27527e-10
1.34524e-10
1.40657e-10
1.45613e-10
1.49074e-10
1.50745e-10
1.50383e-10
1.47827e-10
1.43029e-10
1.3606e-10
1.27114e-10
1.1649e-10
1.04554e-10
9.17037e-11
7.83249e-11
6.47546e-11
5.12562e-11
3.80025e-11
2.50703e-11
1.24398e-11
3.50437e-33
9.8063e-16
6.62789e-13
1.2932e-12
1.89354e-12
2.46525e-12
3.00966e-12
3.52808e-12
4.02174e-12
4.49181e-12
4.93942e-12
5.36563e-12
5.77147e-12
6.15791e-12
6.52587e-12
6.87624e-12
7.20985e-12
7.52752e-12
7.83e-12
8.11802e-12
8.39226e-12
8.6534e-12
8.90205e-12
9.13882e-12
9.36428e-12
9.57896e-12
9.78338e-12
9.97803e-12
1.01634e-11
1.03399e-11
1.0508e-11
1.0668e-11
1.08204e-11
1.24972e-11
1.43382e-11
1.63584e-11
1.85737e-11
2.10013e-11
2.3659e-11
2.65651e-11
2.97385e-11
3.31977e-11
3.69605e-11
4.1043e-11
4.54583e-11
5.02149e-11
5.53151e-11
6.07517e-11
6.65056e-11
7.25414e-11
7.88039e-11
8.5213e-11
9.16596e-11
9.8002e-11
1.04064e-10
1.09634e-10
1.14473e-10
1.18322e-10
1.20919e-10
1.2202e-10
1.21423e-10
1.18998e-10
1.147e-10
1.08587e-10
1.00816e-10
9.16283e-11
8.13193e-11
7.02093e-11
5.86059e-11
4.67747e-11
3.49165e-11
2.31541e-11
1.15277e-11
3.57568e-33
7.24893e-16
4.89981e-13
9.56026e-13
1.39985e-12
1.82251e-12
2.225e-12
2.60828e-12
2.97327e-12
3.32082e-12
3.65177e-12
3.96692e-12
4.26701e-12
4.55276e-12
4.82486e-12
5.08396e-12
5.33068e-12
5.56561e-12
5.78931e-12
6.00233e-12
6.20517e-12
6.39832e-12
6.58224e-12
6.75738e-12
6.92415e-12
7.08295e-12
7.23418e-12
7.37818e-12
7.5153e-12
7.64588e-12
7.77022e-12
7.88863e-12
8.00138e-12
9.24221e-12
1.06049e-11
1.21008e-11
1.37421e-11
1.55417e-11
1.75134e-11
1.96715e-11
2.20309e-11
2.46065e-11
2.74133e-11
3.04653e-11
3.37751e-11
3.7353e-11
4.12052e-11
4.53327e-11
4.97286e-11
5.43762e-11
5.92452e-11
6.42889e-11
6.944e-11
7.46074e-11
7.96729e-11
8.44898e-11
8.88834e-11
9.2655e-11
9.55902e-11
9.74723e-11
9.80992e-11
9.73048e-11
9.49789e-11
9.10845e-11
8.56667e-11
7.88514e-11
7.08323e-11
6.18483e-11
5.21555e-11
4.1998e-11
3.15831e-11
2.10629e-11
1.05256e-11
3.59538e-33
5.33155e-16
3.60402e-13
7.032e-13
1.02966e-12
1.34055e-12
1.63661e-12
1.91855e-12
2.18703e-12
2.4427e-12
2.68616e-12
2.918e-12
3.13877e-12
3.349e-12
3.54918e-12
3.73981e-12
3.92133e-12
4.09419e-12
4.25879e-12
4.41553e-12
4.56478e-12
4.70691e-12
4.84225e-12
4.97113e-12
5.09386e-12
5.21073e-12
5.32202e-12
5.428e-12
5.52891e-12
5.62502e-12
5.71653e-12
5.80368e-12
5.88667e-12
6.80007e-12
7.80343e-12
8.90523e-12
1.01146e-11
1.14413e-11
1.28958e-11
1.4489e-11
1.62325e-11
1.81381e-11
2.02177e-11
2.24832e-11
2.49456e-11
2.76148e-11
3.04984e-11
3.36009e-11
3.69223e-11
4.0456e-11
4.41872e-11
4.809e-11
5.21247e-11
5.62345e-11
6.03432e-11
6.4352e-11
6.81389e-11
7.15585e-11
7.44462e-11
7.6624e-11
7.79125e-11
7.81444e-11
7.71816e-11
7.49323e-11
7.13646e-11
6.65137e-11
6.04806e-11
5.34213e-11
4.5528e-11
3.70057e-11
2.80485e-11
1.88202e-11
9.44274e-12
3.55262e-33
3.89415e-16
2.63251e-13
5.13644e-13
7.52104e-13
9.79195e-13
1.19546e-12
1.4014e-12
1.59753e-12
1.78429e-12
1.96214e-12
2.13151e-12
2.29279e-12
2.44637e-12
2.59262e-12
2.73189e-12
2.86451e-12
2.9908e-12
3.11107e-12
3.22559e-12
3.33464e-12
3.43849e-12
3.53739e-12
3.63156e-12
3.72124e-12
3.80664e-12
3.88797e-12
3.96541e-12
4.03916e-12
4.10939e-12
4.17627e-12
4.23996e-12
4.30061e-12
4.96821e-12
5.70172e-12
6.50741e-12
7.39204e-12
8.3629e-12
9.4278e-12
1.0595e-11
1.18734e-11
1.32719e-11
1.48001e-11
1.64672e-11
1.82826e-11
2.02548e-11
2.23914e-11
2.46979e-11
2.71775e-11
2.98291e-11
3.26467e-11
3.56169e-11
3.87174e-11
4.19143e-11
4.51598e-11
4.83898e-11
5.15218e-11
5.44538e-11
5.70651e-11
5.92189e-11
6.07676e-11
6.15627e-11
6.14654e-11
6.03615e-11
5.81748e-11
5.4878e-11
5.04993e-11
4.51204e-11
3.88678e-11
3.18973e-11
2.43753e-11
1.64608e-11
8.29422e-12
3.43752e-33
2.81631e-16
1.90396e-13
3.71493e-13
5.4396e-13
7.08206e-13
8.64622e-13
1.01358e-12
1.15543e-12
1.29052e-12
1.41916e-12
1.54166e-12
1.65832e-12
1.76942e-12
1.87521e-12
1.97595e-12
2.07189e-12
2.16325e-12
2.25025e-12
2.33309e-12
2.41199e-12
2.48712e-12
2.55866e-12
2.6268e-12
2.69168e-12
2.75346e-12
2.8123e-12
2.86834e-12
2.92169e-12
2.97251e-12
3.0209e-12
3.06698e-12
3.11087e-12
3.59396e-12
4.12483e-12
4.70806e-12
5.34861e-12
6.05184e-12
6.8235e-12
7.66976e-12
8.59715e-12
9.61256e-12
1.07231e-11
1.19362e-11
1.32591e-11
1.46988e-11
1.6262e-11
1.79542e-11
1.97794e-11
2.17394e-11
2.38326e-11
2.60531e-11
2.8389e-11
3.0821e-11
3.332e-11
3.58457e-11
3.8344e-11
4.07461e-11
4.29668e-11
4.49058e-11
4.64497e-11
4.74765e-11
4.78633e-11
4.74961e-11
4.62808e-11
4.41553e-11
4.10978e-11
3.7132e-11
3.23261e-11
2.67851e-11
2.06391e-11
1.40296e-11
7.10036e-12
3.24206e-33
2.00711e-16
1.35695e-13
2.64763e-13
3.87681e-13
5.04741e-13
6.16221e-13
7.22386e-13
8.23489e-13
9.1977e-13
1.01146e-12
1.09877e-12
1.18193e-12
1.26111e-12
1.33652e-12
1.40833e-12
1.47671e-12
1.54183e-12
1.60385e-12
1.6629e-12
1.71914e-12
1.7727e-12
1.8237e-12
1.87227e-12
1.91853e-12
1.96257e-12
2.00452e-12
2.04447e-12
2.08251e-12
2.11873e-12
2.15323e-12
2.18609e-12
2.21738e-12
2.56182e-12
2.94038e-12
3.35634e-12
3.81329e-12
4.31508e-12
4.86589e-12
5.47019e-12
6.13277e-12
6.85869e-12
7.65327e-12
8.52201e-12
9.4705e-12
1.05043e-11
1.16287e-11
1.28486e-11
1.4168e-11
1.55894e-11
1.71136e-11
1.87386e-11
2.04587e-11
2.22631e-11
2.41351e-11
2.60499e-11
2.79733e-11
2.986e-11
3.16525e-11
3.32802e-11
3.46601e-11
3.56987e-11
3.62959e-11
3.63513e-11
3.57725e-11
3.44838e-11
3.24364e-11
2.96154e-11
2.60438e-11
2.17815e-11
1.69207e-11
1.15773e-11
5.88501e-12
2.96059e-33
1.3973e-16
9.447e-14
1.84327e-13
2.69902e-13
3.514e-13
4.29013e-13
5.02926e-13
5.73316e-13
6.40349e-13
7.04186e-13
7.64979e-13
8.22872e-13
8.78004e-13
9.30507e-13
9.80506e-13
1.02812e-12
1.07346e-12
1.11664e-12
1.15777e-12
1.19693e-12
1.23422e-12
1.26973e-12
1.30355e-12
1.33576e-12
1.36643e-12
1.39564e-12
1.42346e-12
1.44995e-12
1.47518e-12
1.4992e-12
1.52208e-12
1.54387e-12
1.78374e-12
2.04741e-12
2.33717e-12
2.65553e-12
3.0052e-12
3.38914e-12
3.81049e-12
4.27268e-12
4.7793e-12
5.33417e-12
5.9413e-12
6.60478e-12
7.32876e-12
8.11733e-12
8.97432e-12
9.90313e-12
1.09064e-11
1.19857e-11
1.31408e-11
1.43695e-11
1.56661e-11
1.70213e-11
1.84204e-11
1.98424e-11
2.12587e-11
2.26316e-11
2.39136e-11
2.50469e-11
2.59638e-11
2.65885e-11
2.68408e-11
2.66406e-11
2.59153e-11
2.46073e-11
2.26814e-11
2.01315e-11
1.69834e-11
1.32948e-11
9.15293e-12
4.67229e-12
2.58927e-33
9.33173e-17
6.30921e-14
1.23103e-13
1.80255e-13
2.34684e-13
2.86519e-13
3.35883e-13
3.82894e-13
4.27664e-13
4.70299e-13
5.10902e-13
5.49568e-13
5.86391e-13
6.21458e-13
6.54852e-13
6.86655e-13
7.1694e-13
7.45782e-13
7.73248e-13
7.99405e-13
8.24314e-13
8.48035e-13
8.70626e-13
8.92139e-13
9.12627e-13
9.32138e-13
9.50719e-13
9.68414e-13
9.85265e-13
1.00131e-12
1.0166e-12
1.03115e-12
1.19139e-12
1.36754e-12
1.56114e-12
1.77388e-12
2.00758e-12
2.26423e-12
2.54597e-12
2.8551e-12
3.19408e-12
3.56552e-12
3.97218e-12
4.41691e-12
4.90261e-12
5.43222e-12
6.00854e-12
6.63417e-12
7.31131e-12
8.04152e-12
8.8254e-12
9.66222e-12
1.05494e-11
1.14819e-11
1.24514e-11
1.34455e-11
1.44469e-11
1.5432e-11
1.63705e-11
1.72243e-11
1.79475e-11
1.8487e-11
1.8784e-11
1.87767e-11
1.84052e-11
1.76164e-11
1.63706e-11
1.46477e-11
1.24517e-11
9.81397e-12
6.79424e-12
3.48148e-12
2.12383e-33
5.71338e-17
3.86289e-14
7.53715e-14
1.10364e-13
1.43689e-13
1.75426e-13
2.0565e-13
2.34433e-13
2.61845e-13
2.8795e-13
3.1281e-13
3.36485e-13
3.59031e-13
3.80502e-13
4.0095e-13
4.20422e-13
4.38967e-13
4.56626e-13
4.73444e-13
4.8946e-13
5.04713e-13
5.19238e-13
5.33071e-13
5.46244e-13
5.5879e-13
5.70737e-13
5.82115e-13
5.9295e-13
6.03269e-13
6.13096e-13
6.22455e-13
6.31368e-13
7.29495e-13
8.3737e-13
9.55942e-13
1.08625e-12
1.22941e-12
1.38665e-12
1.55929e-12
1.74877e-12
1.9566e-12
2.1844e-12
2.43392e-12
2.70692e-12
3.00528e-12
3.33085e-12
3.68548e-12
4.07091e-12
4.48867e-12
4.93996e-12
5.42548e-12
5.94516e-12
6.49792e-12
7.08127e-12
7.69083e-12
8.31985e-12
8.95854e-12
9.59343e-12
1.02067e-11
1.07755e-11
1.12717e-11
1.1662e-11
1.19081e-11
1.19686e-11
1.18013e-11
1.13664e-11
1.06309e-11
9.57345e-12
8.18842e-12
6.48977e-12
4.51348e-12
2.32007e-12
1.55428e-33
2.73563e-17
1.84961e-14
3.60891e-14
5.2844e-14
6.88006e-14
8.39968e-14
9.84688e-14
1.12251e-13
1.25376e-13
1.37876e-13
1.4978e-13
1.61116e-13
1.71912e-13
1.82193e-13
1.91984e-13
2.01308e-13
2.10188e-13
2.18644e-13
2.26697e-13
2.34366e-13
2.4167e-13
2.48625e-13
2.55249e-13
2.61557e-13
2.67564e-13
2.73285e-13
2.78734e-13
2.83922e-13
2.88864e-13
2.93569e-13
2.98051e-13
3.02319e-13
3.49309e-13
4.00969e-13
4.57755e-13
5.20162e-13
5.88733e-13
6.64055e-13
7.46765e-13
8.37549e-13
9.37145e-13
1.04634e-12
1.16597e-12
1.29691e-12
1.44006e-12
1.59635e-12
1.76669e-12
1.95195e-12
2.15294e-12
2.37031e-12
2.60447e-12
2.85553e-12
3.12313e-12
3.40624e-12
3.70301e-12
4.01046e-12
4.32419e-12
4.63806e-12
4.94379e-12
5.23069e-12
5.48534e-12
5.69152e-12
5.8304e-12
5.88103e-12
5.82145e-12
5.63025e-12
5.28871e-12
4.78333e-12
4.10844e-12
3.26855e-12
2.28036e-12
1.17472e-12
8.54907e-34
8.08487e-42
1.06446e-40
3.50103e-40
7.03435e-40
1.13027e-39
1.60173e-39
2.09497e-39
2.59215e-39
3.0796e-39
3.54702e-39
3.98689e-39
4.39396e-39
4.76479e-39
5.09742e-39
5.39102e-39
5.64569e-39
5.86219e-39
6.04184e-39
6.18632e-39
6.29761e-39
6.37783e-39
6.42924e-39
6.45411e-39
6.45474e-39
6.43338e-39
6.39219e-39
6.33329e-39
6.25866e-39
6.17019e-39
6.06966e-39
5.95871e-39
3.94634e-38
9.35309e-38
1.35507e-37
1.94215e-37
2.7583e-37
3.88697e-37
5.4408e-37
7.5714e-37
1.04825e-36
1.44474e-36
1.98318e-36
2.71245e-36
3.69768e-36
5.02554e-36
6.81098e-36
9.20609e-36
1.24114e-35
1.66903e-35
2.23872e-35
2.99499e-35
3.99566e-35
5.31483e-35
7.04644e-35
9.30815e-35
1.22449e-34
1.60314e-34
2.08728e-34
2.70001e-34
3.46596e-34
4.40892e-34
5.54801e-34
6.89135e-34
8.42704e-34
1.01106e-33
1.18493e-33
1.3483e-33
1.47649e-33
1.53425e-33
1.47456e-33
1.23875e-33
7.59495e-34
2.97133e-34
