-4.0426e-39
-5.32253e-38
-1.75059e-37
-3.51732e-37
-5.6516e-37
-8.00897e-37
-1.04752e-36
-1.29613e-36
-1.53986e-36
-1.77357e-36
-1.99352e-36
-2.19706e-36
-2.38248e-36
-2.5488e-36
-2.6956e-36
-2.82294e-36
-2.93119e-36
-3.02101e-36
-3.09326e-36
-3.1489e-36
-3.18901e-36
-3.21471e-36
-3.22715e-36
-3.22746e-36
-3.21677e-36
-3.19618e-36
-3.16672e-36
-3.12941e-36
-3.08517e-36
-3.0349e-36
-2.97943e-36
-1.97321e-35
-4.67662e-35
-6.77542e-35
-9.71075e-35
-1.37913e-34
-1.94343e-34
-2.72027e-34
-3.78543e-34
-5.24073e-34
-7.2227e-34
-9.91411e-34
-1.3559e-33
-1.84828e-33
-2.51181e-33
-3.40385e-33
-4.60028e-33
-6.20107e-33
-8.33746e-33
-1.11809e-32
-1.4954e-32
-1.99441e-32
-2.65187e-32
-3.51428e-32
-4.63974e-32
-6.09964e-32
-7.97974e-32
-1.03802e-31
-1.34131e-31
-1.71968e-31
-2.18442e-31
-2.74429e-31
-3.40247e-31
-4.15212e-31
-4.97041e-31
-5.81104e-31
-6.59553e-31
-7.20411e-31
-7.46736e-31
-7.16064e-31
-6.00434e-31
-3.67672e-31
-6.99127e-32
2.84836e-17
1.92583e-14
3.75761e-14
5.50214e-14
7.16354e-14
8.74578e-14
1.02526e-13
1.16876e-13
1.30542e-13
1.43557e-13
1.55951e-13
1.67754e-13
1.78995e-13
1.897e-13
1.99894e-13
2.09602e-13
2.18848e-13
2.27652e-13
2.36037e-13
2.44022e-13
2.51627e-13
2.58869e-13
2.65765e-13
2.72333e-13
2.78588e-13
2.84545e-13
2.90217e-13
2.9562e-13
3.00765e-13
3.05664e-13
3.1033e-13
3.14774e-13
3.637e-13
4.17487e-13
4.7661e-13
5.41586e-13
6.12978e-13
6.91398e-13
7.77507e-13
8.72021e-13
9.75705e-13
1.08938e-12
1.21391e-12
1.3502e-12
1.4992e-12
1.66185e-12
1.83911e-12
2.03188e-12
2.24097e-12
2.46705e-12
2.71055e-12
2.97154e-12
3.24961e-12
3.54367e-12
3.85174e-12
4.17067e-12
4.49581e-12
4.82071e-12
5.13669e-12
5.43254e-12
5.69429e-12
5.90505e-12
6.0453e-12
6.09342e-12
6.02687e-12
5.82382e-12
5.46544e-12
4.93841e-12
4.23757e-12
3.36826e-12
2.34812e-12
1.20898e-12
-3.9323e-31
5.95522e-17
4.02639e-14
7.85618e-14
1.15035e-13
1.49771e-13
1.82851e-13
2.14354e-13
2.44356e-13
2.72928e-13
3.00137e-13
3.2605e-13
3.50727e-13
3.74227e-13
3.96607e-13
4.1792e-13
4.38216e-13
4.57545e-13
4.75952e-13
4.93482e-13
5.10176e-13
5.26074e-13
5.41214e-13
5.55632e-13
5.69362e-13
5.82439e-13
5.94891e-13
6.0675e-13
6.18044e-13
6.288e-13
6.39043e-13
6.48797e-13
6.58087e-13
7.60365e-13
8.72803e-13
9.96388e-13
1.1322e-12
1.28141e-12
1.44529e-12
1.62523e-12
1.82269e-12
2.03927e-12
2.27667e-12
2.53667e-12
2.82113e-12
3.13197e-12
3.47114e-12
3.84053e-12
4.24194e-12
4.67693e-12
5.14672e-12
5.65199e-12
6.19262e-12
6.7674e-12
7.37364e-12
8.00669e-12
8.65937e-12
9.32135e-12
9.97842e-12
1.06119e-11
1.11978e-11
1.17069e-11
1.21043e-11
1.23506e-11
1.24031e-11
1.22185e-11
1.17566e-11
1.09843e-11
9.88107e-12
8.44261e-12
6.68466e-12
4.64517e-12
2.38637e-12
-7.15081e-31
9.74298e-17
6.58724e-14
1.28528e-13
1.88199e-13
2.45026e-13
2.99145e-13
3.50684e-13
3.99767e-13
4.46509e-13
4.91023e-13
5.33415e-13
5.73785e-13
6.1223e-13
6.48842e-13
6.83708e-13
7.16911e-13
7.48531e-13
7.78643e-13
8.07319e-13
8.34628e-13
8.60634e-13
8.85401e-13
9.08986e-13
9.31447e-13
9.52837e-13
9.73207e-13
9.92607e-13
1.01108e-12
1.02867e-12
1.04543e-12
1.06139e-12
1.07658e-12
1.24388e-12
1.42778e-12
1.6299e-12
1.852e-12
2.09597e-12
2.3639e-12
2.65801e-12
2.9807e-12
3.33454e-12
3.72224e-12
4.14666e-12
4.61077e-12
5.11759e-12
5.67013e-12
6.27132e-12
6.92381e-12
7.62985e-12
8.39097e-12
9.20773e-12
1.00792e-11
1.10026e-11
1.19725e-11
1.29799e-11
1.40118e-11
1.50497e-11
1.60687e-11
1.7037e-11
1.79147e-11
1.86539e-11
1.91993e-11
1.94902e-11
1.94632e-11
1.90572e-11
1.82192e-11
1.69101e-11
1.51117e-11
1.28308e-11
1.01017e-11
6.98701e-12
3.57798e-12
-9.77436e-31
1.46213e-16
9.88523e-14
1.92877e-13
2.82422e-13
3.677e-13
4.48914e-13
5.26255e-13
5.9991e-13
6.70052e-13
7.3685e-13
8.00462e-13
8.6104e-13
9.18729e-13
9.73667e-13
1.02598e-12
1.07581e-12
1.12325e-12
1.16844e-12
1.21146e-12
1.25244e-12
1.29146e-12
1.32862e-12
1.36401e-12
1.39771e-12
1.4298e-12
1.46037e-12
1.48947e-12
1.51719e-12
1.54359e-12
1.56873e-12
1.59267e-12
1.61547e-12
1.86646e-12
2.14234e-12
2.44552e-12
2.77861e-12
3.14446e-12
3.54614e-12
3.98696e-12
4.47046e-12
5.00041e-12
5.5808e-12
6.21577e-12
6.9096e-12
7.66658e-12
8.49095e-12
9.38664e-12
1.03571e-11
1.14051e-11
1.25319e-11
1.37374e-11
1.50187e-11
1.63699e-11
1.77807e-11
1.92355e-11
2.07119e-11
2.21793e-11
2.35981e-11
2.49182e-11
2.60789e-11
2.70096e-11
2.7632e-11
2.78631e-11
2.76215e-11
2.68341e-11
2.54443e-11
2.34195e-11
2.07571e-11
1.74873e-11
1.36724e-11
9.40337e-12
4.79677e-12
-1.19207e-30
2.10604e-16
1.42382e-13
2.77812e-13
4.06788e-13
5.29617e-13
6.46591e-13
7.57987e-13
8.64072e-13
9.65097e-13
1.0613e-12
1.15292e-12
1.24017e-12
1.32326e-12
1.40238e-12
1.47773e-12
1.54948e-12
1.61781e-12
1.68288e-12
1.74484e-12
1.80385e-12
1.86005e-12
1.91356e-12
1.96452e-12
2.01306e-12
2.05927e-12
2.10328e-12
2.1452e-12
2.18511e-12
2.22312e-12
2.25932e-12
2.29379e-12
2.32662e-12
2.68801e-12
3.0852e-12
3.52163e-12
4.00103e-12
4.52746e-12
5.10529e-12
5.73921e-12
6.43421e-12
7.19558e-12
8.02888e-12
8.93982e-12
9.93423e-12
1.10179e-11
1.21962e-11
1.34742e-11
1.48559e-11
1.63437e-11
1.79383e-11
1.96372e-11
2.14338e-11
2.33167e-11
2.52674e-11
2.72594e-11
2.92561e-11
3.12094e-11
3.30581e-11
3.47281e-11
3.61323e-11
3.71734e-11
3.77481e-11
3.77538e-11
3.70973e-11
3.57044e-11
3.35295e-11
3.05626e-11
2.6833e-11
2.24073e-11
1.73832e-11
1.18805e-11
6.03456e-12
-1.36352e-30
2.96497e-16
2.00444e-13
3.91099e-13
5.72668e-13
7.45582e-13
9.10252e-13
1.06707e-12
1.21641e-12
1.35862e-12
1.49405e-12
1.62302e-12
1.74583e-12
1.86279e-12
1.97416e-12
2.08022e-12
2.18121e-12
2.27739e-12
2.36898e-12
2.4562e-12
2.53925e-12
2.61834e-12
2.69366e-12
2.76539e-12
2.83369e-12
2.89873e-12
2.96067e-12
3.01966e-12
3.07583e-12
3.12933e-12
3.18027e-12
3.22878e-12
3.27498e-12
3.78352e-12
4.34236e-12
4.95629e-12
5.63052e-12
6.3707e-12
7.18285e-12
8.07344e-12
9.04933e-12
1.01177e-11
1.12861e-11
1.2562e-11
1.39531e-11
1.54667e-11
1.71095e-11
1.88872e-11
2.08036e-11
2.28603e-11
2.50551e-11
2.73812e-11
2.98253e-11
3.23662e-11
3.49725e-11
3.76005e-11
4.01923e-11
4.26744e-11
4.49568e-11
4.69336e-11
4.84863e-11
4.94885e-11
4.98144e-11
4.93491e-11
4.80003e-11
4.571e-11
4.24636e-11
3.82932e-11
3.32761e-11
2.75256e-11
2.11782e-11
1.4379e-11
7.27127e-12
-1.49363e-30
4.11575e-16
2.78229e-13
5.42869e-13
7.94896e-13
1.03491e-12
1.26347e-12
1.48114e-12
1.68842e-12
1.8858e-12
2.07377e-12
2.25277e-12
2.42322e-12
2.58554e-12
2.74011e-12
2.8873e-12
3.02746e-12
3.16093e-12
3.28803e-12
3.40906e-12
3.52432e-12
3.63407e-12
3.73858e-12
3.83811e-12
3.93289e-12
4.02314e-12
4.10909e-12
4.19093e-12
4.26887e-12
4.34309e-12
4.41377e-12
4.48108e-12
4.54518e-12
5.25069e-12
6.02583e-12
6.8772e-12
7.81194e-12
8.83773e-12
9.96278e-12
1.11958e-11
1.25461e-11
1.4023e-11
1.56365e-11
1.73964e-11
1.93121e-11
2.13926e-11
2.36454e-11
2.6076e-11
2.86872e-11
3.14773e-11
3.44388e-11
3.75568e-11
4.08064e-11
4.41503e-11
4.75365e-11
5.08957e-11
5.41392e-11
5.71582e-11
5.98249e-11
6.19954e-11
6.35165e-11
6.42354e-11
6.40123e-11
6.27354e-11
6.03343e-11
5.67912e-11
5.21458e-11
4.64923e-11
3.99689e-11
3.27407e-11
2.49802e-11
1.6848e-11
8.48217e-12
-1.58407e-30
5.66057e-16
3.82639e-13
7.46587e-13
1.09319e-12
1.42326e-12
1.73759e-12
2.03691e-12
2.32196e-12
2.59339e-12
2.85187e-12
3.09801e-12
3.33239e-12
3.55558e-12
3.76811e-12
3.97049e-12
4.1632e-12
4.34671e-12
4.52145e-12
4.68785e-12
4.84631e-12
4.99719e-12
5.14087e-12
5.27769e-12
5.40798e-12
5.53205e-12
5.65019e-12
5.7627e-12
5.86983e-12
5.97185e-12
6.069e-12
6.16152e-12
6.24962e-12
7.21923e-12
8.2843e-12
9.45379e-12
1.07374e-11
1.21453e-11
1.36887e-11
1.53791e-11
1.72286e-11
1.92496e-11
2.14546e-11
2.38559e-11
2.64648e-11
2.92913e-11
3.2343e-11
3.56239e-11
3.91329e-11
4.28621e-11
4.6794e-11
5.08994e-11
5.51342e-11
5.9436e-11
6.37214e-11
6.78837e-11
7.17913e-11
7.52895e-11
7.82041e-11
8.03496e-11
8.1541e-11
8.16095e-11
8.04202e-11
7.78896e-11
7.39981e-11
6.87968e-11
6.24037e-11
5.49909e-11
4.67637e-11
3.79359e-11
2.87059e-11
1.92361e-11
9.64307e-12
-1.63739e-30
7.73648e-16
5.22927e-13
1.02031e-12
1.49398e-12
1.94505e-12
2.3746e-12
2.78365e-12
3.17317e-12
3.54408e-12
3.89728e-12
4.2336e-12
4.55385e-12
4.85881e-12
5.14918e-12
5.42569e-12
5.68898e-12
5.93968e-12
6.17841e-12
6.40573e-12
6.62219e-12
6.8283e-12
7.02457e-12
7.21146e-12
7.38943e-12
7.55889e-12
7.72026e-12
7.87392e-12
8.02024e-12
8.15958e-12
8.29226e-12
8.41861e-12
8.53893e-12
9.86293e-12
1.13169e-11
1.29128e-11
1.46637e-11
1.65833e-11
1.8686e-11
2.09871e-11
2.35022e-11
2.62471e-11
2.92371e-11
3.24869e-11
3.60094e-11
3.98144e-11
4.39078e-11
4.82891e-11
5.29494e-11
5.78688e-11
6.30124e-11
6.83277e-11
7.37396e-11
7.91476e-11
8.44226e-11
8.94054e-11
9.39084e-11
9.77204e-11
1.00617e-10
1.02373e-10
1.02785e-10
1.01692e-10
9.89941e-11
9.46713e-11
8.87901e-11
8.14995e-11
7.3015e-11
6.35934e-11
5.35036e-11
4.2996e-11
3.22785e-11
2.14981e-11
1.07337e-11
-1.65721e-30
1.05283e-15
7.1157e-13
1.38837e-12
2.0329e-12
2.64668e-12
3.23116e-12
3.78772e-12
4.3177e-12
4.82235e-12
5.30288e-12
5.76044e-12
6.19612e-12
6.61097e-12
7.00598e-12
7.38211e-12
7.74024e-12
8.08126e-12
8.40596e-12
8.71514e-12
9.00953e-12
9.28985e-12
9.55676e-12
9.81092e-12
1.00529e-11
1.02834e-11
1.05028e-11
1.07117e-11
1.09107e-11
1.11001e-11
1.12805e-11
1.14523e-11
1.16159e-11
1.34157e-11
1.53915e-11
1.75593e-11
1.99363e-11
2.25406e-11
2.5391e-11
2.85072e-11
3.19088e-11
3.56153e-11
3.96451e-11
4.40146e-11
4.87366e-11
5.3819e-11
5.92622e-11
6.50563e-11
7.11777e-11
7.75853e-11
8.42155e-11
9.09782e-11
9.77516e-11
1.04379e-10
1.10667e-10
1.16389e-10
1.21286e-10
1.25087e-10
1.27519e-10
1.28336e-10
1.27342e-10
1.24422e-10
1.19554e-10
1.12825e-10
1.04424e-10
9.46185e-11
8.37317e-11
7.20999e-11
6.00401e-11
4.78198e-11
3.56351e-11
2.35993e-11
1.17392e-11
-9.05844e-31
1.07857e-15
7.28966e-13
1.42232e-12
2.0826e-12
2.71138e-12
3.31014e-12
3.88031e-12
4.42324e-12
4.94022e-12
5.43249e-12
5.90123e-12
6.34755e-12
6.77253e-12
7.17719e-12
7.5625e-12
7.92938e-12
8.27872e-12
8.61135e-12
8.92807e-12
9.22965e-12
9.5168e-12
9.79023e-12
1.00506e-11
1.02985e-11
1.05346e-11
1.07593e-11
1.09734e-11
1.11772e-11
1.13712e-11
1.1556e-11
1.1732e-11
1.18996e-11
1.37432e-11
1.5767e-11
1.79875e-11
2.04221e-11
2.30894e-11
2.60086e-11
2.91996e-11
3.26825e-11
3.6477e-11
4.06019e-11
4.50734e-11
4.99046e-11
5.51028e-11
6.06677e-11
6.65886e-11
7.28402e-11
7.93792e-11
8.61393e-11
9.30263e-11
9.99141e-11
1.06641e-10
1.13007e-10
1.18779e-10
1.23694e-10
1.27474e-10
1.29844e-10
1.30557e-10
1.2942e-10
1.26323e-10
1.21253e-10
1.14306e-10
1.05683e-10
9.56626e-11
8.45744e-11
7.27614e-11
6.05434e-11
4.81879e-11
3.58893e-11
2.37575e-11
1.18146e-11
-1.38037e-31
1.4281e-15
9.65104e-13
1.88305e-12
2.7572e-12
3.58963e-12
4.3823e-12
5.1371e-12
5.85581e-12
6.54016e-12
7.19177e-12
7.81221e-12
8.40296e-12
8.96544e-12
9.501e-12
1.00109e-11
1.04965e-11
1.09587e-11
1.13989e-11
1.1818e-11
1.2217e-11
1.2597e-11
1.29587e-11
1.33032e-11
1.36312e-11
1.39435e-11
1.42408e-11
1.4524e-11
1.47936e-11
1.50503e-11
1.52947e-11
1.55274e-11
1.57491e-11
1.81871e-11
2.08624e-11
2.37962e-11
2.70111e-11
3.05305e-11
3.43787e-11
3.85803e-11
4.31597e-11
4.814e-11
5.35418e-11
5.93818e-11
6.56703e-11
7.24087e-11
7.95859e-11
8.71743e-11
9.51244e-11
1.0336e-10
1.11772e-10
1.20212e-10
1.2849e-10
1.36371e-10
1.43576e-10
1.49795e-10
1.54693e-10
1.57939e-10
1.59236e-10
1.58347e-10
1.55133e-10
1.49575e-10
1.41784e-10
1.31998e-10
1.20552e-10
1.07848e-10
9.43063e-11
8.0326e-11
6.62471e-11
5.23278e-11
3.87305e-11
2.55172e-11
1.26507e-11
-1.51763e-31
1.93344e-15
1.30644e-12
2.54902e-12
3.73231e-12
4.85909e-12
5.93202e-12
6.95365e-12
7.9264e-12
8.85259e-12
9.73444e-12
1.05741e-11
1.13735e-11
1.21346e-11
1.28592e-11
1.35492e-11
1.4206e-11
1.48314e-11
1.54269e-11
1.59938e-11
1.65336e-11
1.70475e-11
1.75368e-11
1.80026e-11
1.84462e-11
1.88685e-11
1.92706e-11
1.96534e-11
2.0018e-11
2.03651e-11
2.06955e-11
2.10102e-11
2.13098e-11
2.46051e-11
2.82192e-11
3.21801e-11
3.6517e-11
4.12599e-11
4.64396e-11
5.20862e-11
5.82289e-11
6.48934e-11
7.2101e-11
7.98652e-11
8.81886e-11
9.70587e-11
1.06443e-10
1.16281e-10
1.26481e-10
1.36911e-10
1.47391e-10
1.57688e-10
1.67516e-10
1.76535e-10
1.84363e-10
1.90595e-10
1.94826e-10
1.96694e-10
1.95912e-10
1.92315e-10
1.85884e-10
1.76763e-10
1.65248e-10
1.5176e-10
1.36796e-10
1.20881e-10
1.04511e-10
8.81162e-11
7.20272e-11
5.64653e-11
4.15375e-11
2.72404e-11
1.34648e-11
-1.53212e-31
2.61487e-15
1.7666e-12
3.44684e-12
5.04686e-12
6.57043e-12
8.02112e-12
9.40239e-12
1.07175e-11
1.19696e-11
1.31617e-11
1.42967e-11
1.53772e-11
1.64059e-11
1.73853e-11
1.83176e-11
1.92053e-11
2.00503e-11
2.08548e-11
2.16208e-11
2.235e-11
2.30442e-11
2.37051e-11
2.43344e-11
2.49334e-11
2.55038e-11
2.60468e-11
2.65638e-11
2.70561e-11
2.75248e-11
2.7971e-11
2.83958e-11
2.88004e-11
3.32479e-11
3.81228e-11
4.34614e-11
4.9301e-11
5.56795e-11
6.26348e-11
7.02029e-11
7.84163e-11
8.73018e-11
9.68769e-11
1.07146e-10
1.18094e-10
1.29682e-10
1.41839e-10
1.54452e-10
1.6736e-10
1.80343e-10
1.93118e-10
2.05333e-10
2.16573e-10
2.26371e-10
2.34229e-10
2.39655e-10
2.42205e-10
2.41532e-10
2.37439e-10
2.29908e-10
2.19122e-10
2.05453e-10
1.89422e-10
1.71649e-10
1.52783e-10
1.33441e-10
1.14158e-10
9.53532e-11
7.73153e-11
6.02015e-11
4.40455e-11
2.87676e-11
1.41825e-11
-8.90451e-32
2.76284e-15
1.86651e-12
3.64177e-12
5.33227e-12
6.94197e-12
8.47468e-12
9.93402e-12
1.13235e-11
1.26463e-11
1.39058e-11
1.51048e-11
1.62463e-11
1.73331e-11
1.83677e-11
1.93527e-11
2.02904e-11
2.11831e-11
2.2033e-11
2.28421e-11
2.36124e-11
2.43457e-11
2.50439e-11
2.57086e-11
2.63414e-11
2.69438e-11
2.75174e-11
2.80635e-11
2.85835e-11
2.90785e-11
2.95498e-11
2.99985e-11
3.04258e-11
3.5123e-11
4.02711e-11
4.59078e-11
5.20722e-11
5.8804e-11
6.61421e-11
7.41237e-11
8.27817e-11
9.21426e-11
1.02222e-10
1.13023e-10
1.24525e-10
1.36682e-10
1.49414e-10
1.62595e-10
1.76048e-10
1.89532e-10
2.02742e-10
2.15299e-10
2.26762e-10
2.36638e-10
2.44408e-10
2.49567e-10
2.51668e-10
2.50379e-10
2.45525e-10
2.37128e-10
2.25416e-10
2.10808e-10
1.93872e-10
1.75261e-10
1.55649e-10
1.35666e-10
1.15849e-10
9.66093e-11
7.82254e-11
6.08399e-11
4.44716e-11
2.90259e-11
1.43035e-11
-4.16575e-32
3.53235e-15
2.38599e-12
4.6553e-12
6.81622e-12
8.8738e-12
1.08329e-11
1.26981e-11
1.44739e-11
1.61645e-11
1.7774e-11
1.93062e-11
2.07648e-11
2.21533e-11
2.34752e-11
2.47335e-11
2.59314e-11
2.70717e-11
2.81572e-11
2.91906e-11
3.01743e-11
3.11108e-11
3.20023e-11
3.28511e-11
3.3659e-11
3.44282e-11
3.51605e-11
3.58576e-11
3.65213e-11
3.71532e-11
3.77548e-11
3.83275e-11
3.88728e-11
4.4866e-11
5.14303e-11
5.86121e-11
6.64586e-11
7.50166e-11
8.43312e-11
9.44432e-11
1.05386e-10
1.17183e-10
1.2984e-10
1.4334e-10
1.57637e-10
1.72644e-10
1.88226e-10
2.04185e-10
2.20253e-10
2.36082e-10
2.51241e-10
2.65221e-10
2.77449e-10
2.87313e-10
2.94208e-10
2.97592e-10
2.97043e-10
2.92321e-10
2.83412e-10
2.70549e-10
2.54197e-10
2.35006e-10
2.13743e-10
1.91212e-10
1.68177e-10
1.453e-10
1.23106e-10
1.01961e-10
8.20778e-11
6.35277e-11
4.62574e-11
3.01049e-11
1.48081e-11
-6.14904e-32
4.77107e-15
3.22195e-12
6.28628e-12
9.20415e-12
1.19824e-11
1.46274e-11
1.71456e-11
1.95429e-11
2.1825e-11
2.39973e-11
2.60652e-11
2.80337e-11
2.99073e-11
3.16908e-11
3.33885e-11
3.50044e-11
3.65425e-11
3.80066e-11
3.94003e-11
4.07268e-11
4.19895e-11
4.31915e-11
4.43357e-11
4.54248e-11
4.64616e-11
4.74486e-11
4.83881e-11
4.92825e-11
5.01339e-11
5.09445e-11
5.17161e-11
5.24507e-11
6.05211e-11
6.93525e-11
7.90035e-11
8.95324e-11
1.00995e-10
1.13443e-10
1.26919e-10
1.41451e-10
1.57049e-10
1.73694e-10
1.9133e-10
2.09852e-10
2.29096e-10
2.48819e-10
2.68693e-10
2.88292e-10
3.07086e-10
3.24449e-10
3.39674e-10
3.52011e-10
3.60716e-10
3.65122e-10
3.64713e-10
3.59199e-10
3.48571e-10
3.33123e-10
3.13437e-10
2.90321e-10
2.64728e-10
2.37651e-10
2.10035e-10
1.82697e-10
1.56287e-10
1.31263e-10
1.079e-10
8.63074e-11
6.64519e-11
4.81861e-11
3.12639e-11
1.53481e-11
-6.41851e-32
6.4472e-15
4.3526e-12
8.49217e-12
1.24337e-11
1.61864e-11
1.9759e-11
2.316e-11
2.63974e-11
2.94789e-11
3.2412e-11
3.52037e-11
3.78608e-11
4.03897e-11
4.27967e-11
4.50875e-11
4.72678e-11
4.93429e-11
5.13178e-11
5.31975e-11
5.49865e-11
5.66893e-11
5.83099e-11
5.98525e-11
6.13207e-11
6.27181e-11
6.40483e-11
6.53144e-11
6.65196e-11
6.76668e-11
6.87588e-11
6.97983e-11
7.07878e-11
8.16529e-11
9.35293e-11
1.06489e-10
1.20603e-10
1.35935e-10
1.52538e-10
1.70449e-10
1.89682e-10
2.10214e-10
2.31979e-10
2.5485e-10
2.78624e-10
3.03007e-10
3.27593e-10
3.51859e-10
3.75153e-10
3.96703e-10
4.15637e-10
4.3103e-10
4.41967e-10
4.47625e-10
4.47373e-10
4.40861e-10
4.28085e-10
4.0942e-10
3.85591e-10
3.57605e-10
3.26642e-10
2.93933e-10
2.60641e-10
2.27776e-10
1.96137e-10
1.66292e-10
1.38586e-10
1.13166e-10
9.00178e-11
6.89947e-11
4.98515e-11
3.22594e-11
1.58103e-11
-6.01214e-32
8.71799e-15
5.88356e-12
1.1479e-11
1.68065e-11
2.18784e-11
2.67065e-11
3.13022e-11
3.56764e-11
3.98395e-11
4.38015e-11
4.75721e-11
5.11604e-11
5.45751e-11
5.78247e-11
6.0917e-11
6.38597e-11
6.666e-11
6.93248e-11
7.18606e-11
7.42739e-11
7.65704e-11
7.87559e-11
8.08358e-11
8.28152e-11
8.4699e-11
8.64919e-11
8.81983e-11
8.98223e-11
9.1368e-11
9.28392e-11
9.42395e-11
9.55723e-11
1.10197e-10
1.26162e-10
1.43553e-10
1.62451e-10
1.82923e-10
2.05017e-10
2.2875e-10
2.54099e-10
2.80983e-10
3.09247e-10
3.38644e-10
3.6881e-10
3.99249e-10
4.29314e-10
4.582e-10
4.84953e-10
5.08496e-10
5.27686e-10
5.41391e-10
5.48598e-10
5.48533e-10
5.40769e-10
5.25315e-10
5.02643e-10
4.73663e-10
4.39631e-10
4.0201e-10
3.62322e-10
3.22004e-10
2.82297e-10
2.44185e-10
2.08364e-10
1.75263e-10
1.4507e-10
1.17779e-10
9.32381e-11
7.11851e-11
5.12775e-11
3.3108e-11
1.62033e-11
-5.60254e-32
1.17992e-14
7.95954e-12
1.5529e-11
2.27356e-11
2.95959e-11
3.61257e-11
4.23405e-11
4.82549e-11
5.38831e-11
5.92386e-11
6.43346e-11
6.91833e-11
7.37968e-11
7.81863e-11
8.23626e-11
8.63362e-11
9.01168e-11
9.37139e-11
9.71364e-11
1.00393e-10
1.03491e-10
1.06439e-10
1.09244e-10
1.11914e-10
1.14454e-10
1.16871e-10
1.1917e-10
1.21359e-10
1.23442e-10
1.25424e-10
1.27311e-10
1.29106e-10
1.4879e-10
1.7024e-10
1.93557e-10
2.18827e-10
2.4611e-10
2.75431e-10
3.06762e-10
3.40007e-10
3.74977e-10
4.1137e-10
4.48737e-10
4.86468e-10
5.23761e-10
5.59621e-10
5.92865e-10
6.22161e-10
6.4609e-10
6.6325e-10
6.7239e-10
6.72556e-10
6.6323e-10
6.44435e-10
6.16774e-10
5.81388e-10
5.39843e-10
4.93959e-10
4.45622e-10
3.96603e-10
3.48433e-10
3.02314e-10
2.59102e-10
2.19319e-10
1.83199e-10
1.50742e-10
1.21777e-10
9.60074e-11
7.30566e-11
5.24897e-11
3.38266e-11
1.65352e-11
-5.19846e-32
1.59875e-14
1.07791e-11
2.10296e-11
3.0788e-11
4.00764e-11
4.89164e-11
5.73285e-11
6.53328e-11
7.29484e-11
8.01937e-11
8.70864e-11
9.36435e-11
9.9881e-11
1.05814e-10
1.11459e-10
1.16827e-10
1.21935e-10
1.26793e-10
1.31414e-10
1.3581e-10
1.39992e-10
1.4397e-10
1.47755e-10
1.51356e-10
1.54781e-10
1.5804e-10
1.61141e-10
1.64091e-10
1.66898e-10
1.69569e-10
1.7211e-10
1.74529e-10
2.01018e-10
2.29824e-10
2.61056e-10
2.94791e-10
3.31064e-10
3.69845e-10
4.11016e-10
4.5435e-10
4.99473e-10
5.45834e-10
5.92677e-10
6.39011e-10
6.83599e-10
7.24974e-10
7.61479e-10
7.91349e-10
8.12846e-10
8.24416e-10
8.24882e-10
8.13614e-10
7.90656e-10
7.56777e-10
7.13413e-10
6.62523e-10
6.06376e-10
5.47308e-10
4.8751e-10
4.28864e-10
3.72846e-10
3.20499e-10
2.72457e-10
2.29001e-10
1.90135e-10
1.55653e-10
1.2521e-10
9.83697e-11
7.46443e-11
5.35136e-11
3.44317e-11
1.68141e-11
-4.80632e-32
2.16917e-14
1.46156e-11
2.85136e-11
4.17432e-11
5.43341e-11
6.63152e-11
7.77145e-11
8.85589e-11
9.88744e-11
1.08686e-10
1.18018e-10
1.26893e-10
1.35334e-10
1.43361e-10
1.50995e-10
1.58254e-10
1.65158e-10
1.71723e-10
1.77967e-10
1.83904e-10
1.89551e-10
1.94922e-10
2.0003e-10
2.04889e-10
2.0951e-10
2.13906e-10
2.18087e-10
2.22064e-10
2.25847e-10
2.29447e-10
2.32871e-10
2.36129e-10
2.71768e-10
3.10427e-10
3.52207e-10
3.97153e-10
4.45234e-10
4.96311e-10
5.50105e-10
6.06156e-10
6.63786e-10
7.22057e-10
7.79737e-10
8.35291e-10
8.8689e-10
9.32468e-10
9.69825e-10
9.96794e-10
1.01144e-09
1.01232e-09
9.98639e-10
9.70492e-10
9.28854e-10
8.75541e-10
8.13011e-10
7.44094e-10
6.71696e-10
5.98529e-10
5.2691e-10
4.58647e-10
3.9501e-10
3.36765e-10
2.84248e-10
2.37455e-10
1.96133e-10
1.59865e-10
1.28135e-10
1.00371e-10
7.59832e-11
5.4374e-11
3.49388e-11
1.70474e-11
-4.43058e-32
2.94773e-14
1.98456e-11
3.87155e-11
5.6676e-11
7.37668e-11
9.00267e-11
1.05494e-10
1.20204e-10
1.34193e-10
1.47496e-10
1.60144e-10
1.72169e-10
1.83602e-10
1.94471e-10
2.04804e-10
2.14627e-10
2.23966e-10
2.32844e-10
2.41285e-10
2.49309e-10
2.56939e-10
2.64192e-10
2.71089e-10
2.77647e-10
2.83883e-10
2.89813e-10
2.95452e-10
3.00814e-10
3.05914e-10
3.10765e-10
3.15378e-10
3.19766e-10
3.67701e-10
4.19534e-10
4.75331e-10
5.35057e-10
5.98548e-10
6.65463e-10
7.35239e-10
8.07036e-10
8.79688e-10
9.51666e-10
1.02105e-09
1.08556e-09
1.14261e-09
1.18945e-09
1.22337e-09
1.24195e-09
1.24339e-09
1.22674e-09
1.19211e-09
1.14078e-09
1.07504e-09
9.97981e-10
9.13148e-10
8.24164e-10
7.3439e-10
6.46683e-10
5.63259e-10
4.85664e-10
4.14819e-10
3.51116e-10
2.94535e-10
2.44758e-10
2.01273e-10
1.6345e-10
1.30609e-10
1.02056e-10
7.71063e-11
5.50935e-11
3.53619e-11
1.72418e-11
-4.07418e-32
4.01281e-14
2.69898e-11
5.26508e-11
7.70717e-11
1.00306e-10
1.22405e-10
1.43421e-10
1.63403e-10
1.82399e-10
2.00456e-10
2.17618e-10
2.33929e-10
2.49431e-10
2.64162e-10
2.78162e-10
2.91465e-10
3.04107e-10
3.16121e-10
3.27539e-10
3.38389e-10
3.48701e-10
3.58501e-10
3.67817e-10
3.7667e-10
3.85086e-10
3.93087e-10
4.00692e-10
4.07922e-10
4.14796e-10
4.21332e-10
4.27546e-10
4.33456e-10
4.97889e-10
5.67296e-10
6.41645e-10
7.20743e-10
8.04173e-10
8.91244e-10
9.80915e-10
1.07174e-09
1.1618e-09
1.24871e-09
1.3296e-09
1.40123e-09
1.46014e-09
1.50294e-09
1.52659e-09
1.52884e-09
1.50851e-09
1.46581e-09
1.40234e-09
1.32104e-09
1.22581e-09
1.12109e-09
1.01143e-09
9.00985e-10
7.93295e-10
6.91076e-10
5.96207e-10
5.0979e-10
4.32278e-10
3.63622e-10
3.03413e-10
2.5101e-10
2.05642e-10
1.6648e-10
1.32691e-10
1.03468e-10
7.8044e-11
5.56927e-11
3.57136e-11
1.74033e-11
-3.73882e-32
5.4735e-14
3.67702e-11
7.17266e-11
1.04988e-10
1.36626e-10
1.6671e-10
1.95309e-10
2.22491e-10
2.48322e-10
2.72866e-10
2.96183e-10
3.18333e-10
3.39374e-10
3.5936e-10
3.78343e-10
3.96373e-10
4.13499e-10
4.29766e-10
4.45218e-10
4.59895e-10
4.73837e-10
4.87082e-10
4.99665e-10
5.1162e-10
5.22979e-10
5.33771e-10
5.44027e-10
5.53773e-10
5.63035e-10
5.71839e-10
5.80206e-10
5.8816e-10
6.74689e-10
7.67458e-10
8.66237e-10
9.70523e-10
1.07947e-09
1.19177e-09
1.30564e-09
1.41869e-09
1.5279e-09
1.62967e-09
1.71993e-09
1.79432e-09
1.84853e-09
1.87878e-09
1.8822e-09
1.85737e-09
1.80457e-09
1.72589e-09
1.62506e-09
1.50703e-09
1.37742e-09
1.2419e-09
1.10568e-09
9.73118e-10
8.47559e-10
7.31281e-10
6.25601e-10
5.31033e-10
4.47478e-10
3.74405e-10
3.11005e-10
2.56319e-10
2.0933e-10
1.69025e-10
1.34432e-10
1.04645e-10
7.88238e-11
5.61899e-11
3.6005e-11
1.75369e-11
-3.42528e-32
7.48204e-14
5.01894e-11
9.78975e-11
1.43283e-10
1.86441e-10
2.27465e-10
2.66448e-10
3.03483e-10
3.38659e-10
3.72064e-10
4.03783e-10
4.33898e-10
4.62487e-10
4.89626e-10
5.15388e-10
5.39843e-10
5.63057e-10
5.85094e-10
6.06013e-10
6.25872e-10
6.44726e-10
6.62626e-10
6.79623e-10
6.95761e-10
7.11087e-10
7.25642e-10
7.39466e-10
7.52596e-10
7.65068e-10
7.76917e-10
7.88174e-10
7.9887e-10
9.14908e-10
1.03859e-09
1.16931e-09
1.30601e-09
1.4471e-09
1.59034e-09
1.73271e-09
1.87044e-09
1.99899e-09
2.11319e-09
2.20753e-09
2.27656e-09
2.31545e-09
2.32063e-09
2.29031e-09
2.22489e-09
2.12708e-09
2.00167e-09
1.85497e-09
1.69409e-09
1.52616e-09
1.3577e-09
1.19412e-09
1.03951e-09
8.96657e-10
7.67112e-10
6.51454e-10
5.49506e-10
4.60568e-10
3.83614e-10
3.17444e-10
2.60795e-10
2.12425e-10
1.71151e-10
1.35882e-10
1.05622e-10
7.94699e-11
5.66012e-11
3.62457e-11
1.76471e-11
-3.13367e-32
1.02517e-13
6.86445e-11
1.33886e-10
1.95935e-10
2.54918e-10
3.10961e-10
3.6419e-10
4.1473e-10
4.62704e-10
5.08233e-10
5.51435e-10
5.92423e-10
6.31306e-10
6.68191e-10
7.03178e-10
7.36365e-10
7.67845e-10
7.97705e-10
8.26031e-10
8.52902e-10
8.78394e-10
9.02581e-10
9.2553e-10
9.47306e-10
9.67972e-10
9.87585e-10
1.0062e-09
1.02387e-09
1.04065e-09
1.05658e-09
1.0717e-09
1.08607e-09
1.24136e-09
1.40569e-09
1.57776e-09
1.75561e-09
1.93641e-09
2.11641e-09
2.29081e-09
2.45388e-09
2.59905e-09
2.7193e-09
2.8077e-09
2.85809e-09
2.86591e-09
2.82894e-09
2.74774e-09
2.62584e-09
2.46941e-09
2.28653e-09
2.08624e-09
1.87757e-09
1.66867e-09
1.46628e-09
1.27545e-09
1.09952e-09
9.40362e-10
7.98589e-10
6.73908e-10
5.65395e-10
4.71734e-10
3.91415e-10
3.22865e-10
2.64546e-10
2.15007e-10
1.72919e-10
1.37084e-10
1.06431e-10
8.00034e-11
5.69403e-11
3.64439e-11
1.77379e-11
-2.8636e-32
1.40821e-13
9.40852e-11
1.8349e-10
2.68494e-10
3.49263e-10
4.25965e-10
4.98772e-10
5.67853e-10
6.33378e-10
6.95515e-10
7.54425e-10
8.10269e-10
8.63198e-10
9.13362e-10
9.60902e-10
1.00595e-09
1.04865e-09
1.08911e-09
1.12746e-09
1.16381e-09
1.19826e-09
1.23092e-09
1.26188e-09
1.29123e-09
1.31907e-09
1.34546e-09
1.3705e-09
1.39425e-09
1.41677e-09
1.43815e-09
1.45843e-09
1.47768e-09
1.6849e-09
1.90222e-09
2.12719e-09
2.35629e-09
2.58477e-09
2.8066e-09
3.01446e-09
3.19997e-09
3.35415e-09
3.4681e-09
3.53393e-09
3.5458e-09
3.50088e-09
3.39996e-09
3.24766e-09
3.05196e-09
2.82327e-09
2.57315e-09
2.31306e-09
2.05328e-09
1.80219e-09
1.56603e-09
1.34887e-09
1.15287e-09
9.78703e-10
8.25888e-10
6.93193e-10
5.78928e-10
4.81178e-10
3.97974e-10
3.27402e-10
2.67671e-10
2.17151e-10
1.74384e-10
1.38078e-10
1.07098e-10
8.04427e-11
5.72192e-11
3.66068e-11
1.78124e-11
-2.61433e-32
1.93955e-13
1.29237e-10
2.52018e-10
3.68712e-10
4.79534e-10
5.84708e-10
6.84465e-10
7.79038e-10
8.68661e-10
9.53566e-10
1.03398e-09
1.11013e-09
1.18223e-09
1.25048e-09
1.31509e-09
1.37625e-09
1.43415e-09
1.48896e-09
1.54084e-09
1.58997e-09
1.63648e-09
1.68052e-09
1.72223e-09
1.76174e-09
1.79916e-09
1.83461e-09
1.86821e-09
1.90005e-09
1.93022e-09
1.95882e-09
1.98594e-09
2.01166e-09
2.28707e-09
2.57271e-09
2.86418e-09
3.15551e-09
3.43901e-09
3.70535e-09
3.9438e-09
4.14278e-09
4.2908e-09
4.37766e-09
4.39579e-09
4.34155e-09
4.21603e-09
4.02529e-09
3.77972e-09
3.4928e-09
3.17942e-09
2.8542e-09
2.53014e-09
2.21775e-09
1.92471e-09
1.65596e-09
1.41405e-09
1.1996e-09
1.0119e-09
8.49297e-10
7.09593e-10
5.90357e-10
4.89107e-10
4.03454e-10
3.31176e-10
2.70262e-10
2.18925e-10
1.75592e-10
1.38896e-10
1.07646e-10
8.08034e-11
5.7448e-11
3.67403e-11
1.78735e-11
-2.38489e-32
2.67886e-13
1.77916e-10
3.46897e-10
5.07429e-10
6.59785e-10
8.04262e-10
9.41171e-10
1.07083e-09
1.19357e-09
1.30971e-09
1.41957e-09
1.52346e-09
1.6217e-09
1.71457e-09
1.80237e-09
1.88537e-09
1.96382e-09
2.03799e-09
2.10811e-09
2.17441e-09
2.23709e-09
2.29638e-09
2.35245e-09
2.40549e-09
2.45567e-09
2.50315e-09
2.54809e-09
2.59063e-09
2.6309e-09
2.66904e-09
2.70516e-09
2.73937e-09
3.10344e-09
3.47583e-09
3.84901e-09
4.2132e-09
4.55645e-09
4.86492e-09
5.1236e-09
5.31756e-09
5.43345e-09
5.46138e-09
5.39656e-09
5.24046e-09
5.00105e-09
4.69194e-09
4.33073e-09
3.93668e-09
3.52859e-09
3.12301e-09
2.73313e-09
2.36847e-09
2.03501e-09
1.73567e-09
1.47104e-09
1.24e-09
1.04032e-09
8.69169e-10
7.23418e-10
5.99934e-10
4.95719e-10
4.08005e-10
3.343e-10
2.72401e-10
2.20385e-10
1.76585e-10
1.39567e-10
1.08095e-10
8.10986e-11
5.7635e-11
3.68495e-11
1.79234e-11
-2.1742e-32
3.71053e-13
2.45459e-10
4.78516e-10
6.99794e-10
9.09641e-10
1.10844e-09
1.29662e-09
1.47462e-09
1.64288e-09
1.80186e-09
1.95202e-09
2.0938e-09
2.22764e-09
2.35397e-09
2.47319e-09
2.5857e-09
2.69187e-09
2.79208e-09
2.88665e-09
2.97592e-09
3.06019e-09
3.13976e-09
3.21489e-09
3.28585e-09
3.35289e-09
3.41623e-09
3.47608e-09
3.53266e-09
3.58616e-09
3.63674e-09
3.68459e-09
3.72985e-09
4.20768e-09
4.68801e-09
5.15841e-09
5.60349e-09
6.00534e-09
6.34439e-09
6.601e-09
6.75759e-09
6.801e-09
6.72482e-09
6.53096e-09
6.22989e-09
5.83961e-09
5.38319e-09
4.88582e-09
4.37181e-09
3.86234e-09
3.3741e-09
2.91889e-09
2.50393e-09
2.13258e-09
1.80523e-09
1.52021e-09
1.27451e-09
1.0644e-09
8.85888e-10
7.34981e-10
6.07906e-10
5.012e-10
4.11765e-10
3.36874e-10
2.7416e-10
2.21582e-10
1.77398e-10
1.40116e-10
1.08462e-10
8.13396e-11
5.77877e-11
3.69384e-11
1.7964e-11
-1.98108e-32
5.15401e-13
3.39324e-10
6.61376e-10
9.66946e-10
1.25646e-09
1.53041e-09
1.78938e-09
2.03396e-09
2.26478e-09
2.48249e-09
2.68773e-09
2.88116e-09
3.06338e-09
3.23503e-09
3.3967e-09
3.54894e-09
3.69233e-09
3.82736e-09
3.95455e-09
4.07436e-09
4.18723e-09
4.29359e-09
4.39383e-09
4.48832e-09
4.57741e-09
4.66144e-09
4.7407e-09
4.81549e-09
4.88608e-09
4.95272e-09
5.01566e-09
5.0751e-09
5.69635e-09
6.30732e-09
6.88818e-09
7.41561e-09
7.86393e-09
8.20713e-09
8.42166e-09
8.4898e-09
8.40272e-09
8.16272e-09
7.78363e-09
7.28933e-09
6.71041e-09
6.08002e-09
5.42992e-09
4.78741e-09
4.17371e-09
3.60352e-09
3.08553e-09
2.62353e-09
2.21756e-09
1.86511e-09
1.56212e-09
1.30367e-09
1.08461e-09
8.99839e-10
7.44584e-10
6.145e-10
5.05719e-10
4.14856e-10
3.38985e-10
2.75599e-10
2.22561e-10
1.78062e-10
1.40563e-10
1.08761e-10
8.15358e-11
5.79118e-11
3.70108e-11
1.79971e-11
-1.80433e-32
7.17785e-13
4.69888e-10
9.15647e-10
1.33825e-09
1.73819e-09
2.11612e-09
2.47279e-09
2.80902e-09
3.12572e-09
3.42379e-09
3.70417e-09
3.96778e-09
4.21554e-09
4.44835e-09
4.66707e-09
4.87254e-09
5.06555e-09
5.24687e-09
5.41722e-09
5.57729e-09
5.72772e-09
5.86912e-09
6.00207e-09
6.12709e-09
6.2447e-09
6.35537e-09
6.45953e-09
6.5576e-09
6.64997e-09
6.73699e-09
6.81899e-09
6.8963e-09
7.69423e-09
8.45729e-09
9.15502e-09
9.75347e-09
1.02178e-08
1.05163e-08
1.06243e-08
1.05294e-08
1.02341e-08
9.75662e-09
9.12879e-09
8.39155e-09
7.58901e-09
6.76305e-09
5.94921e-09
5.17463e-09
4.45769e-09
3.80888e-09
3.23231e-09
2.72742e-09
2.29051e-09
1.91601e-09
1.59745e-09
1.32809e-09
1.10143e-09
9.11396e-10
7.52507e-10
6.19922e-10
5.09424e-10
4.17385e-10
3.40709e-10
2.76772e-10
2.23359e-10
1.78601e-10
1.40927e-10
1.09004e-10
8.16951e-11
5.80125e-11
3.70695e-11
1.80239e-11
-1.29217e-32
8.5892e-13
5.60345e-10
1.09176e-09
1.59532e-09
2.07156e-09
2.5212e-09
2.94512e-09
3.34431e-09
3.71985e-09
4.07284e-09
4.40442e-09
4.71572e-09
5.00788e-09
5.28199e-09
5.53912e-09
5.78029e-09
6.00649e-09
6.21866e-09
6.41767e-09
6.60439e-09
6.77959e-09
6.94402e-09
7.09838e-09
7.24334e-09
7.37949e-09
7.50742e-09
7.62767e-09
7.74073e-09
7.84706e-09
7.94711e-09
8.04128e-09
8.12994e-09
9.0377e-09
9.8901e-09
1.06493e-08
1.12745e-08
1.17258e-08
1.19693e-08
1.19826e-08
1.17594e-08
1.13124e-08
1.0672e-08
9.88221e-09
8.99395e-09
8.05816e-09
7.12e-09
6.21536e-09
5.36969e-09
4.5986e-09
3.90945e-09
3.30339e-09
2.77726e-09
2.32524e-09
1.94008e-09
1.61406e-09
1.33952e-09
1.10927e-09
9.16766e-10
7.56179e-10
6.2243e-10
5.11135e-10
4.18551e-10
3.41503e-10
2.77312e-10
2.23725e-10
1.78849e-10
1.41094e-10
1.09115e-10
8.17681e-11
5.80587e-11
3.70963e-11
1.80361e-11
-1.50848e-31
1.00064e-12
6.50758e-10
1.26776e-09
1.85215e-09
2.40449e-09
2.92557e-09
3.41641e-09
3.87814e-09
4.31203e-09
4.71938e-09
5.10154e-09
5.45986e-09
5.79569e-09
6.11033e-09
6.40507e-09
6.68111e-09
6.93965e-09
7.18179e-09
7.40859e-09
7.62107e-09
7.82016e-09
8.00674e-09
8.18166e-09
8.34568e-09
8.49953e-09
8.6439e-09
8.77941e-09
8.90666e-09
9.02619e-09
9.13851e-09
9.24411e-09
9.34341e-09
1.03524e-08
1.12833e-08
1.2091e-08
1.27284e-08
1.31515e-08
1.33259e-08
1.32329e-08
1.28743e-08
1.2274e-08
1.14748e-08
1.0532e-08
9.50534e-09
8.45058e-09
7.41459e-09
6.43241e-09
5.52712e-09
4.7113e-09
3.98928e-09
3.35945e-09
2.81636e-09
2.35235e-09
1.9588e-09
1.62694e-09
1.34836e-09
1.11533e-09
9.20903e-10
7.59003e-10
6.24356e-10
5.12447e-10
4.19445e-10
3.42111e-10
2.77725e-10
2.24005e-10
1.79039e-10
1.41222e-10
1.092e-10
8.18239e-11
5.8094e-11
3.71169e-11
1.80455e-11
-4.44165e-31
1.39671e-12
9.01489e-10
1.75567e-09
2.56382e-09
3.32648e-09
4.04462e-09
4.71957e-09
5.35293e-09
5.94646e-09
6.50207e-09
7.0217e-09
7.50734e-09
7.96097e-09
8.38451e-09
8.77986e-09
9.14882e-09
9.49313e-09
9.81443e-09
1.01143e-08
1.03942e-08
1.06555e-08
1.08995e-08
1.11274e-08
1.13404e-08
1.15395e-08
1.17256e-08
1.18998e-08
1.20627e-08
1.22153e-08
1.23583e-08
1.24922e-08
1.26178e-08
1.38685e-08
1.49688e-08
1.58545e-08
1.64643e-08
1.67483e-08
1.66776e-08
1.62516e-08
1.55006e-08
1.44824e-08
1.32724e-08
1.19523e-08
1.05979e-08
9.27186e-09
8.01992e-09
6.8713e-09
5.84107e-09
4.93344e-09
4.14507e-09
3.46795e-09
2.89149e-09
2.40415e-09
1.9944e-09
1.65133e-09
1.36505e-09
1.12672e-09
9.28674e-10
7.64299e-10
6.27962e-10
5.14902e-10
4.21114e-10
3.43246e-10
2.78496e-10
2.24528e-10
1.79392e-10
1.41459e-10
1.09359e-10
8.19277e-11
5.81596e-11
3.71551e-11
1.8063e-11
-5.6851e-31
1.94376e-12
1.24424e-09
2.42235e-09
3.53563e-09
4.58448e-09
5.57003e-09
6.49404e-09
7.35869e-09
8.1665e-09
8.92021e-09
9.62265e-09
1.02767e-08
1.08854e-08
1.14514e-08
1.19776e-08
1.24667e-08
1.29212e-08
1.33435e-08
1.3736e-08
1.41007e-08
1.44398e-08
1.4755e-08
1.50482e-08
1.5321e-08
1.5575e-08
1.58114e-08
1.60317e-08
1.6237e-08
1.64285e-08
1.66071e-08
1.67738e-08
1.69295e-08
1.84414e-08
1.96887e-08
2.05844e-08
2.10549e-08
2.10531e-08
2.05709e-08
1.96448e-08
1.83519e-08
1.67965e-08
1.50922e-08
1.3344e-08
1.16371e-08
1.00325e-08
8.5677e-09
7.26061e-09
6.11487e-09
5.1244e-09
4.2774e-09
3.55918e-09
2.95415e-09
2.44706e-09
2.02371e-09
1.67133e-09
1.37867e-09
1.13599e-09
9.34981e-10
7.68587e-10
6.30877e-10
5.16883e-10
4.2246e-10
3.4416e-10
2.79116e-10
2.24948e-10
1.79676e-10
1.4165e-10
1.09486e-10
8.20111e-11
5.82123e-11
3.71857e-11
1.80769e-11
-5.17232e-31
2.64902e-12
1.68236e-09
3.27422e-09
4.77674e-09
6.18999e-09
7.51526e-09
8.75479e-09
9.91155e-09
1.0989e-08
1.19911e-08
1.29218e-08
1.37852e-08
1.45856e-08
1.5327e-08
1.60134e-08
1.66486e-08
1.72364e-08
1.77802e-08
1.82833e-08
1.87488e-08
1.91795e-08
1.95782e-08
1.99472e-08
2.02891e-08
2.06058e-08
2.08993e-08
2.11715e-08
2.14241e-08
2.16585e-08
2.18763e-08
2.20787e-08
2.22668e-08
2.40404e-08
2.53884e-08
2.61997e-08
2.63929e-08
2.59372e-08
2.48651e-08
2.32722e-08
2.13008e-08
1.91115e-08
1.6855e-08
1.46525e-08
1.25885e-08
1.07129e-08
9.04797e-09
7.59622e-09
6.34755e-09
5.28477e-09
4.38744e-09
3.63443e-09
3.00548e-09
2.48201e-09
2.04748e-09
1.68748e-09
1.38964e-09
1.14344e-09
9.40038e-10
7.7202e-10
6.33207e-10
5.18465e-10
4.23534e-10
3.44888e-10
2.7961e-10
2.25283e-10
1.79902e-10
1.41802e-10
1.09587e-10
8.20773e-11
5.82541e-11
3.72101e-11
1.8088e-11
-4.70503e-31
3.43975e-12
2.17075e-09
4.2236e-09
6.15942e-09
7.97782e-09
9.68019e-09
1.12693e-08
1.2749e-08
1.4124e-08
1.53992e-08
1.65802e-08
1.76725e-08
1.86817e-08
1.96135e-08
2.04731e-08
2.12658e-08
2.19966e-08
2.267e-08
2.32907e-08
2.38626e-08
2.43897e-08
2.48756e-08
2.53236e-08
2.57367e-08
2.61179e-08
2.64697e-08
2.67946e-08
2.70947e-08
2.73721e-08
2.76287e-08
2.78661e-08
2.80859e-08
3.00975e-08
3.14938e-08
3.21399e-08
3.19533e-08
3.09304e-08
2.91598e-08
2.68113e-08
2.41023e-08
2.12518e-08
1.84426e-08
1.5803e-08
1.34073e-08
1.12878e-08
9.44743e-09
7.87169e-09
6.53647e-09
5.4138e-09
4.4753e-09
3.69414e-09
3.04601e-09
2.50949e-09
2.06611e-09
1.7001e-09
1.39819e-09
1.14923e-09
9.43965e-10
7.74683e-10
6.35013e-10
5.19689e-10
4.24364e-10
3.45452e-10
2.79992e-10
2.25541e-10
1.80077e-10
1.4192e-10
1.09666e-10
8.21284e-11
5.82864e-11
3.72288e-11
1.80966e-11
-4.27935e-31
4.15576e-12
2.61162e-09
5.08051e-09
7.40718e-09
9.5908e-09
1.16328e-08
1.35365e-08
1.53065e-08
1.69483e-08
1.84684e-08
1.98733e-08
2.11701e-08
2.23656e-08
2.34668e-08
2.44802e-08
2.54124e-08
2.62695e-08
2.70573e-08
2.77813e-08
2.84466e-08
2.9058e-08
2.96198e-08
3.01363e-08
3.06112e-08
3.1048e-08
3.14499e-08
3.18198e-08
3.21604e-08
3.24743e-08
3.27636e-08
3.30305e-08
3.32767e-08
3.54779e-08
3.68877e-08
3.73515e-08
3.67887e-08
3.52253e-08
3.28051e-08
2.97692e-08
2.64039e-08
2.29792e-08
1.97018e-08
1.67008e-08
1.40371e-08
1.17244e-08
9.74768e-09
8.07692e-09
6.67617e-09
5.50862e-09
4.53955e-09
3.73763e-09
3.07542e-09
2.52938e-09
2.07956e-09
1.7092e-09
1.40434e-09
1.1534e-09
9.46785e-10
7.76593e-10
6.36307e-10
5.20566e-10
4.24959e-10
3.45855e-10
2.80265e-10
2.25726e-10
1.80202e-10
1.42003e-10
1.09721e-10
8.21649e-11
5.83094e-11
3.72422e-11
1.81027e-11
-3.89167e-31
4.61435e-12
2.89388e-09
5.62912e-09
8.20599e-09
1.06234e-08
1.28828e-08
1.49878e-08
1.69435e-08
1.87562e-08
2.04328e-08
2.19811e-08
2.34086e-08
2.47232e-08
2.59326e-08
2.70444e-08
2.80657e-08
2.90035e-08
2.98644e-08
3.06543e-08
3.13792e-08
3.20444e-08
3.26548e-08
3.32149e-08
3.37292e-08
3.42014e-08
3.46352e-08
3.50338e-08
3.54002e-08
3.57373e-08
3.60474e-08
3.6333e-08
3.65961e-08
3.89172e-08
4.03337e-08
4.06783e-08
3.98715e-08
3.79582e-08
3.51181e-08
3.16385e-08
2.78511e-08
2.40586e-08
2.04835e-08
1.72544e-08
1.44231e-08
1.19906e-08
9.92982e-09
8.20091e-09
6.76028e-09
5.56556e-09
4.57804e-09
3.76362e-09
3.09297e-09
2.54123e-09
2.08756e-09
1.71461e-09
1.408e-09
1.15587e-09
9.48459e-10
7.77726e-10
6.37075e-10
5.21087e-10
4.25312e-10
3.46094e-10
2.80427e-10
2.25835e-10
1.80276e-10
1.42053e-10
1.09754e-10
8.21866e-11
5.83231e-11
3.72502e-11
1.81064e-11
-3.53862e-31
4.69682e-12
2.94541e-09
5.72932e-09
8.35203e-09
1.08124e-08
1.31119e-08
1.52543e-08
1.72446e-08
1.90893e-08
2.07956e-08
2.23711e-08
2.38237e-08
2.51614e-08
2.6392e-08
2.75232e-08
2.85624e-08
2.95165e-08
3.03923e-08
3.1196e-08
3.19334e-08
3.261e-08
3.32308e-08
3.38006e-08
3.43236e-08
3.48038e-08
3.5245e-08
3.56503e-08
3.60229e-08
3.63655e-08
3.66809e-08
3.69711e-08
3.72386e-08
3.95965e-08
4.10317e-08
4.13729e-08
4.05385e-08
3.85734e-08
3.56613e-08
3.20966e-08
2.82201e-08
2.43436e-08
2.06959e-08
1.74083e-08
1.45323e-08
1.20669e-08
9.98256e-09
8.23709e-09
6.78498e-09
5.58235e-09
4.58943e-09
3.77134e-09
3.0982e-09
2.54477e-09
2.08995e-09
1.71623e-09
1.40909e-09
1.15661e-09
9.48961e-10
7.78066e-10
6.37305e-10
5.21243e-10
4.25417e-10
3.46166e-10
2.80476e-10
2.25868e-10
1.80298e-10
1.42068e-10
1.09764e-10
8.21932e-11
5.83273e-11
3.72526e-11
1.81075e-11
-3.21716e-31
4.39076e-12
2.75861e-09
5.3664e-09
7.82387e-09
1.01301e-08
1.22867e-08
1.4297e-08
1.6166e-08
1.78995e-08
1.95042e-08
2.09873e-08
2.2356e-08
2.36176e-08
2.47795e-08
2.58488e-08
2.68321e-08
2.77361e-08
2.85669e-08
2.93302e-08
3.00316e-08
3.06759e-08
3.1268e-08
3.18122e-08
3.23124e-08
3.27723e-08
3.31955e-08
3.35848e-08
3.39433e-08
3.42735e-08
3.45778e-08
3.48584e-08
3.51173e-08
3.74267e-08
3.88935e-08
3.9352e-08
3.87148e-08
3.70081e-08
3.43859e-08
3.1109e-08
2.74894e-08
2.38227e-08
2.03342e-08
1.71614e-08
1.43655e-08
1.19549e-08
9.90756e-09
8.18694e-09
6.75144e-09
5.55992e-09
4.57441e-09
3.76127e-09
3.09144e-09
2.54023e-09
2.0869e-09
1.71417e-09
1.40771e-09
1.15568e-09
9.48329e-10
7.77639e-10
6.37016e-10
5.21047e-10
4.25285e-10
3.46076e-10
2.80415e-10
2.25828e-10
1.8027e-10
1.4205e-10
1.09752e-10
8.21852e-11
5.83223e-11
3.72497e-11
1.81061e-11
-2.92452e-31
3.77324e-12
2.38035e-09
4.63135e-09
6.7539e-09
8.74757e-09
1.06138e-08
1.23558e-08
1.39776e-08
1.54843e-08
1.68816e-08
1.81754e-08
1.93718e-08
2.04771e-08
2.14973e-08
2.24383e-08
2.33058e-08
2.41054e-08
2.48421e-08
2.55209e-08
2.61462e-08
2.67223e-08
2.72532e-08
2.77426e-08
2.81938e-08
2.86099e-08
2.89938e-08
2.93483e-08
2.96756e-08
2.9978e-08
3.02576e-08
3.05162e-08
3.07556e-08
3.29396e-08
3.44389e-08
3.51015e-08
3.48329e-08
3.3627e-08
3.15829e-08
2.88953e-08
2.58172e-08
2.26054e-08
1.94725e-08
1.65634e-08
1.39557e-08
1.16764e-08
9.71923e-09
8.05999e-09
6.66601e-09
5.50247e-09
4.53578e-09
3.73529e-09
3.07396e-09
2.52846e-09
2.07897e-09
1.70882e-09
1.4041e-09
1.15324e-09
9.46679e-10
7.76523e-10
6.36261e-10
5.20536e-10
4.24939e-10
3.45841e-10
2.80256e-10
2.2572e-10
1.80198e-10
1.42001e-10
1.0972e-10
8.21641e-11
5.8309e-11
3.7242e-11
1.81026e-11
-1.39095e-31
3.09087e-12
1.96063e-09
3.81562e-09
5.56618e-09
7.21233e-09
8.75552e-09
1.01983e-08
1.15443e-08
1.27974e-08
1.39621e-08
1.50434e-08
1.60459e-08
1.69746e-08
1.78343e-08
1.86298e-08
1.93654e-08
2.00456e-08
2.06744e-08
2.12557e-08
2.1793e-08
2.22899e-08
2.27493e-08
2.31744e-08
2.35677e-08
2.39317e-08
2.42689e-08
2.45812e-08
2.48708e-08
2.51393e-08
2.53885e-08
2.56199e-08
2.58348e-08
2.78469e-08
2.93439e-08
3.01923e-08
3.02949e-08
2.96162e-08
2.82007e-08
2.61738e-08
2.37208e-08
2.10502e-08
1.83528e-08
1.57747e-08
1.34087e-08
1.13009e-08
9.46338e-09
7.88642e-09
6.5486e-09
5.42319e-09
4.4823e-09
3.69922e-09
3.04963e-09
2.51205e-09
2.06789e-09
1.70134e-09
1.39904e-09
1.14982e-09
9.44369e-10
7.74959e-10
6.35202e-10
5.19818e-10
4.24453e-10
3.45512e-10
2.80033e-10
2.25569e-10
1.80096e-10
1.41933e-10
1.09675e-10
8.21345e-11
5.82903e-11
3.72312e-11
1.80977e-11
3.19724e-34
2.50814e-12
1.59989e-09
3.11429e-09
4.54462e-09
5.8912e-09
7.15536e-09
8.33932e-09
9.44589e-09
1.04783e-08
1.14402e-08
1.23353e-08
1.31674e-08
1.39404e-08
1.4658e-08
1.53238e-08
1.59415e-08
1.65143e-08
1.70456e-08
1.75383e-08
1.79952e-08
1.84191e-08
1.88124e-08
1.91774e-08
1.95164e-08
1.98311e-08
2.01236e-08
2.03955e-08
2.06484e-08
2.08837e-08
2.11028e-08
2.13068e-08
2.1497e-08
2.33176e-08
2.47611e-08
2.57136e-08
2.60822e-08
2.58148e-08
2.49175e-08
2.34614e-08
2.15737e-08
1.94145e-08
1.71461e-08
1.49067e-08
1.2796e-08
1.08744e-08
9.16926e-09
7.68501e-09
6.41132e-09
5.32992e-09
4.41906e-09
3.6564e-09
3.02066e-09
2.49245e-09
2.05464e-09
1.69238e-09
1.39298e-09
1.14572e-09
9.41589e-10
7.73076e-10
6.33926e-10
5.18954e-10
4.23867e-10
3.45115e-10
2.79764e-10
2.25387e-10
1.79974e-10
1.41851e-10
1.0962e-10
8.20987e-11
5.82678e-11
3.72181e-11
1.80917e-11
3.51582e-34
2.01728e-12
1.29393e-09
2.5193e-09
3.6776e-09
4.7693e-09
5.79565e-09
6.75848e-09
7.66008e-09
8.50303e-09
9.29015e-09
1.00243e-08
1.07086e-08
1.13459e-08
1.19391e-08
1.24912e-08
1.30047e-08
1.34824e-08
1.39267e-08
1.434e-08
1.47245e-08
1.50823e-08
1.54152e-08
1.57252e-08
1.60139e-08
1.62828e-08
1.65335e-08
1.67672e-08
1.69852e-08
1.71887e-08
1.73787e-08
1.75562e-08
1.77221e-08
1.93411e-08
2.06927e-08
2.16824e-08
2.2226e-08
2.22647e-08
2.17798e-08
2.08021e-08
1.9411e-08
1.77221e-08
1.58658e-08
1.39649e-08
1.21183e-08
1.03948e-08
8.83417e-09
7.45302e-09
6.25179e-09
5.22075e-09
4.34461e-09
3.60575e-09
2.98626e-09
2.46911e-09
2.03881e-09
1.68165e-09
1.38571e-09
1.14079e-09
9.38248e-10
7.70811e-10
6.3239e-10
5.17912e-10
4.2316e-10
3.44636e-10
2.7944e-10
2.25168e-10
1.79825e-10
1.41751e-10
1.09554e-10
8.20555e-11
5.82405e-11
3.72023e-11
1.80845e-11
3.86589e-34
1.60915e-12
1.03776e-09
2.02098e-09
2.95112e-09
3.82875e-09
4.65497e-09
5.43131e-09
6.1596e-09
6.84188e-09
7.48034e-09
8.07724e-09
8.63488e-09
9.15553e-09
9.64144e-09
1.00948e-08
1.05177e-08
1.09121e-08
1.128e-08
1.16232e-08
1.19434e-08
1.22421e-08
1.25209e-08
1.27812e-08
1.30243e-08
1.32514e-08
1.34636e-08
1.36621e-08
1.38477e-08
1.40214e-08
1.4184e-08
1.43363e-08
1.4479e-08
1.58951e-08
1.71286e-08
1.81034e-08
1.87464e-08
1.8999e-08
1.88286e-08
1.82382e-08
1.72702e-08
1.60014e-08
1.45299e-08
1.29585e-08
1.13788e-08
9.8621e-09
8.45628e-09
7.18812e-09
6.06774e-09
5.09373e-09
4.25739e-09
3.54608e-09
2.94554e-09
2.44138e-09
2.01995e-09
1.66883e-09
1.377e-09
1.13488e-09
9.34236e-10
7.68087e-10
6.30541e-10
5.16657e-10
4.22308e-10
3.44058e-10
2.79048e-10
2.24903e-10
1.79646e-10
1.41631e-10
1.09474e-10
8.20032e-11
5.82075e-11
3.71831e-11
1.80758e-11
2.38558e-34
1.5477e-12
9.9902e-10
1.94562e-09
2.84122e-09
3.68642e-09
4.48229e-09
5.23031e-09
5.93224e-09
6.59004e-09
7.20581e-09
7.78171e-09
8.31994e-09
8.82268e-09
9.29207e-09
9.7302e-09
1.01391e-08
1.05206e-08
1.08766e-08
1.12089e-08
1.1519e-08
1.18084e-08
1.20787e-08
1.23312e-08
1.2567e-08
1.27875e-08
1.29936e-08
1.31864e-08
1.33668e-08
1.35357e-08
1.36939e-08
1.38421e-08
1.39811e-08
1.53633e-08
1.65752e-08
1.75433e-08
1.81967e-08
1.84774e-08
1.83512e-08
1.78176e-08
1.69136e-08
1.57103e-08
1.43004e-08
1.27831e-08
1.12483e-08
9.76701e-09
8.3882e-09
7.14001e-09
6.0341e-09
5.07039e-09
4.24129e-09
3.53502e-09
2.93797e-09
2.43621e-09
2.01643e-09
1.66643e-09
1.37537e-09
1.13377e-09
9.33483e-10
7.67576e-10
6.30194e-10
5.16421e-10
4.22148e-10
3.43949e-10
2.78974e-10
2.24853e-10
1.79613e-10
1.41608e-10
1.09459e-10
8.19933e-11
5.82013e-11
3.71795e-11
1.80741e-11
2.226e-34
1.27367e-12
8.25706e-10
1.60837e-09
2.34933e-09
3.04921e-09
3.70895e-09
4.32982e-09
4.91327e-09
5.46089e-09
5.97439e-09
6.4555e-09
6.90598e-09
7.32757e-09
7.72199e-09
8.09088e-09
8.43586e-09
8.75844e-09
9.0601e-09
9.3422e-09
9.60606e-09
9.8529e-09
1.00839e-08
1.03001e-08
1.05025e-08
1.0692e-08
1.08696e-08
1.10361e-08
1.11921e-08
1.13385e-08
1.14759e-08
1.16049e-08
1.1726e-08
1.29453e-08
1.40459e-08
1.49679e-08
1.56506e-08
1.60399e-08
1.60973e-08
1.58084e-08
1.51887e-08
1.42833e-08
1.31607e-08
1.19011e-08
1.05842e-08
9.27829e-09
8.03512e-09
6.88864e-09
5.8572e-09
4.947e-09
4.1558e-09
3.47611e-09
2.89753e-09
2.40854e-09
1.99753e-09
1.65355e-09
1.3666e-09
1.1278e-09
9.29423e-10
7.64816e-10
6.28319e-10
5.15147e-10
4.21283e-10
3.43362e-10
2.78576e-10
2.24583e-10
1.7943e-10
1.41486e-10
1.09377e-10
8.194e-11
5.81676e-11
3.71599e-11
1.80652e-11
4.31169e-34
1.00102e-12
6.52173e-10
1.27061e-09
1.85651e-09
2.41047e-09
2.93332e-09
3.42607e-09
3.88987e-09
4.32596e-09
4.73567e-09
5.1203e-09
5.48121e-09
5.81971e-09
6.13709e-09
6.43462e-09
6.7135e-09
6.97489e-09
7.2199e-09
7.44956e-09
7.66488e-09
7.86678e-09
8.05615e-09
8.23379e-09
8.4005e-09
8.55698e-09
8.70391e-09
8.84192e-09
8.97159e-09
9.09348e-09
9.20809e-09
9.3159e-09
9.41735e-09
1.04519e-08
1.1414e-08
1.22582e-08
1.29356e-08
1.33993e-08
1.36104e-08
1.35453e-08
1.32013e-08
1.25995e-08
1.17829e-08
1.08097e-08
9.74436e-09
8.64798e-09
7.57186e-09
6.55394e-09
5.61868e-09
4.77887e-09
4.03831e-09
3.39455e-09
2.84122e-09
2.3698e-09
1.97097e-09
1.63538e-09
1.35419e-09
1.11934e-09
9.23659e-10
7.60892e-10
6.25648e-10
5.13331e-10
4.20048e-10
3.42523e-10
2.78006e-10
2.24197e-10
1.7917e-10
1.4131e-10
1.0926e-10
8.18636e-11
5.81194e-11
3.71319e-11
1.80524e-11
5.13651e-34
7.81828e-13
5.11729e-10
9.97173e-10
1.45739e-09
1.89291e-09
2.30444e-09
2.6928e-09
3.0589e-09
3.40369e-09
3.72819e-09
4.03339e-09
4.32032e-09
4.58997e-09
4.84332e-09
5.08131e-09
5.30486e-09
5.51483e-09
5.71206e-09
5.89734e-09
6.07141e-09
6.23497e-09
6.3887e-09
6.53322e-09
6.66911e-09
6.79692e-09
6.91717e-09
7.03034e-09
7.13687e-09
7.23719e-09
7.3317e-09
7.42075e-09
7.50468e-09
8.37021e-09
9.19599e-09
9.9481e-09
1.05887e-08
1.10787e-08
1.13828e-08
1.14737e-08
1.13381e-08
1.09803e-08
1.04229e-08
9.70418e-09
8.87238e-09
7.97853e-09
7.06974e-09
6.18467e-09
5.35148e-09
4.58808e-09
3.90352e-09
3.30014e-09
2.77552e-09
2.32434e-09
1.93964e-09
1.61385e-09
1.33944e-09
1.10925e-09
9.16768e-10
7.56191e-10
6.22444e-10
5.11149e-10
4.18563e-10
3.41513e-10
2.7732e-10
2.23732e-10
1.78855e-10
1.41099e-10
1.09119e-10
8.17713e-11
5.80612e-11
3.7098e-11
1.8037e-11
5.64539e-34
6.07248e-13
3.99155e-10
7.77942e-10
1.13726e-09
1.47759e-09
1.79951e-09
2.10367e-09
2.39078e-09
2.6616e-09
2.91687e-09
3.15738e-09
3.38388e-09
3.59713e-09
3.79785e-09
3.98677e-09
4.16455e-09
4.33186e-09
4.48931e-09
4.6375e-09
4.77699e-09
4.90832e-09
5.03197e-09
5.14843e-09
5.25813e-09
5.36149e-09
5.45891e-09
5.55075e-09
5.63735e-09
5.71903e-09
5.79609e-09
5.86883e-09
5.93749e-09
6.65233e-09
7.34932e-09
8.00392e-09
8.58761e-09
9.06951e-09
9.41907e-09
9.60975e-09
9.62319e-09
9.4529e-09
9.10659e-09
8.60598e-09
7.98402e-09
7.28004e-09
6.53428e-09
5.78313e-09
5.05595e-09
4.37393e-09
3.75034e-09
3.19169e-09
2.6994e-09
2.27127e-09
1.90284e-09
1.58844e-09
1.32195e-09
1.09725e-09
9.08549e-10
7.50571e-10
6.18606e-10
5.08531e-10
4.16779e-10
3.40298e-10
2.76495e-10
2.23172e-10
1.78476e-10
1.40844e-10
1.08949e-10
8.16599e-11
5.79908e-11
3.70571e-11
1.80183e-11
6.2036e-34
4.69349e-13
3.09705e-10
6.037e-10
8.82738e-10
1.14723e-09
1.39765e-09
1.63452e-09
1.85839e-09
2.06983e-09
2.26943e-09
2.45776e-09
2.6354e-09
2.80292e-09
2.96087e-09
3.10977e-09
3.25013e-09
3.38245e-09
3.50718e-09
3.62478e-09
3.73566e-09
3.84022e-09
3.93883e-09
4.03186e-09
4.11963e-09
4.20246e-09
4.28064e-09
4.35445e-09
4.42416e-09
4.49e-09
4.55221e-09
4.611e-09
4.66656e-09
5.24998e-09
5.82947e-09
6.38778e-09
6.90406e-09
7.35472e-09
7.71489e-09
7.96087e-09
8.07312e-09
8.03945e-09
7.85768e-09
7.53688e-09
7.09673e-09
6.56493e-09
5.97326e-09
5.35346e-09
4.73372e-09
4.13658e-09
3.57812e-09
3.0683e-09
2.6119e-09
2.20973e-09
1.85986e-09
1.55859e-09
1.30131e-09
1.08302e-09
8.98769e-10
7.43865e-10
6.14016e-10
5.05393e-10
4.14637e-10
3.38839e-10
2.75501e-10
2.22497e-10
1.78019e-10
1.40536e-10
1.08744e-10
8.15254e-11
5.79058e-11
3.70076e-11
1.79957e-11
6.81553e-34
3.6122e-13
2.39181e-10
4.66296e-10
6.8196e-10
8.86521e-10
1.08036e-09
1.26389e-09
1.43754e-09
1.60175e-09
1.75696e-09
1.9036e-09
2.04211e-09
2.17292e-09
2.29643e-09
2.41304e-09
2.52313e-09
2.62706e-09
2.72519e-09
2.81783e-09
2.90532e-09
2.98794e-09
3.06597e-09
3.13969e-09
3.20934e-09
3.27515e-09
3.33736e-09
3.39617e-09
3.45178e-09
3.50436e-09
3.55411e-09
3.60117e-09
3.64571e-09
4.11674e-09
4.59205e-09
5.05987e-09
5.50542e-09
5.91124e-09
6.25801e-09
6.52592e-09
6.69668e-09
6.75604e-09
6.69608e-09
6.51717e-09
6.22851e-09
5.8473e-09
5.3965e-09
4.90169e-09
4.38793e-09
3.87719e-09
3.3869e-09
2.92939e-09
2.51222e-09
2.13893e-09
1.80999e-09
1.52371e-09
1.27704e-09
1.06621e-09
8.87172e-10
7.35885e-10
6.08539e-10
5.01641e-10
4.12071e-10
3.37087e-10
2.74307e-10
2.21685e-10
1.77469e-10
1.40165e-10
1.08496e-10
8.13631e-11
5.78031e-11
3.69478e-11
1.79684e-11
7.48589e-34
2.76977e-13
1.83963e-10
3.58689e-10
5.24679e-10
6.82217e-10
8.31609e-10
9.73179e-10
1.10726e-09
1.23418e-09
1.35427e-09
1.46788e-09
1.57532e-09
1.67691e-09
1.77296e-09
1.86375e-09
1.94959e-09
2.03073e-09
2.10743e-09
2.17995e-09
2.24852e-09
2.31335e-09
2.37466e-09
2.43266e-09
2.48751e-09
2.53942e-09
2.58853e-09
2.63501e-09
2.67901e-09
2.72067e-09
2.76011e-09
2.79747e-09
2.83285e-09
3.20943e-09
3.59462e-09
3.98059e-09
4.35717e-09
4.71188e-09
5.03027e-09
5.29661e-09
5.49521e-09
5.61206e-09
5.63674e-09
5.56431e-09
5.39647e-09
5.14191e-09
4.81532e-09
4.43559e-09
4.02326e-09
3.59815e-09
3.17752e-09
2.77491e-09
2.39987e-09
2.05821e-09
1.75258e-09
1.48321e-09
1.24867e-09
1.04645e-09
8.7347e-10
7.2642e-10
6.0202e-10
4.97163e-10
4.09002e-10
3.34987e-10
2.72874e-10
2.20709e-10
1.76807e-10
1.39719e-10
1.08198e-10
8.11673e-11
5.76793e-11
3.68757e-11
1.79355e-11
8.21961e-34
2.11706e-13
1.40991e-10
2.74932e-10
4.02224e-10
5.23098e-10
6.37796e-10
7.46571e-10
8.49677e-10
9.47368e-10
1.0399e-09
1.12752e-09
1.21047e-09
1.28899e-09
1.36331e-09
1.43365e-09
1.50022e-09
1.56322e-09
1.62284e-09
1.67928e-09
1.7327e-09
1.78326e-09
1.83113e-09
1.87646e-09
1.91938e-09
1.96003e-09
1.99854e-09
2.03502e-09
2.06958e-09
2.10233e-09
2.13337e-09
2.1628e-09
2.19069e-09
2.48915e-09
2.79797e-09
3.11211e-09
3.4248e-09
3.7274e-09
4.00944e-09
4.25904e-09
4.46349e-09
4.6104e-09
4.68901e-09
4.69177e-09
4.61567e-09
4.46307e-09
4.2418e-09
3.96425e-09
3.64586e-09
3.30313e-09
2.9518e-09
2.60547e-09
2.27477e-09
1.96714e-09
1.68707e-09
1.43656e-09
1.21573e-09
1.02335e-09
8.57357e-10
7.15235e-10
5.94286e-10
4.91833e-10
4.05338e-10
3.32475e-10
2.71156e-10
2.19537e-10
1.76011e-10
1.39181e-10
1.07839e-10
8.09313e-11
5.75299e-11
3.67886e-11
1.78957e-11
9.02181e-34
1.61377e-13
1.07725e-10
2.10083e-10
3.07391e-10
3.99836e-10
4.87607e-10
5.709e-10
6.49909e-10
7.24829e-10
7.95852e-10
8.63166e-10
9.26953e-10
9.8739e-10
1.04465e-09
1.09889e-09
1.15028e-09
1.19896e-09
1.24508e-09
1.28877e-09
1.33016e-09
1.36939e-09
1.40656e-09
1.44178e-09
1.47517e-09
1.50682e-09
1.53682e-09
1.56526e-09
1.59224e-09
1.61782e-09
1.64209e-09
1.6651e-09
1.68694e-09
1.92166e-09
2.16692e-09
2.4196e-09
2.67532e-09
2.92829e-09
3.17121e-09
3.3954e-09
3.5911e-09
3.74811e-09
3.85663e-09
3.90842e-09
3.89799e-09
3.82359e-09
3.68782e-09
3.49752e-09
3.26305e-09
2.99699e-09
2.71263e-09
2.4225e-09
2.13737e-09
1.86562e-09
1.61309e-09
1.38329e-09
1.17775e-09
9.965e-10
8.38508e-10
7.02078e-10
5.85145e-10
4.85508e-10
4.00976e-10
3.29477e-10
2.69101e-10
2.18133e-10
1.75056e-10
1.38535e-10
1.07406e-10
8.0647e-11
5.73498e-11
3.66836e-11
1.78477e-11
9.89777e-34
1.22727e-13
8.20902e-11
1.60104e-10
2.3429e-10
3.04795e-10
3.71769e-10
4.35361e-10
4.95721e-10
5.52997e-10
6.07333e-10
6.5887e-10
7.07746e-10
7.54093e-10
7.98039e-10
8.39706e-10
8.79211e-10
9.16668e-10
9.52183e-10
9.85857e-10
1.01779e-09
1.04807e-09
1.07679e-09
1.10402e-09
1.12986e-09
1.15437e-09
1.17762e-09
1.19968e-09
1.22061e-09
1.24048e-09
1.25933e-09
1.27723e-09
1.29422e-09
1.47756e-09
1.67074e-09
1.8719e-09
2.07833e-09
2.28625e-09
2.49075e-09
2.68572e-09
2.86398e-09
3.01757e-09
3.13828e-09
3.21839e-09
3.25157e-09
3.23379e-09
3.16415e-09
3.0452e-09
2.88283e-09
2.68564e-09
2.46388e-09
2.22824e-09
1.98875e-09
1.75397e-09
1.53054e-09
1.3231e-09
1.13437e-09
9.65541e-10
8.166e-10
6.86683e-10
5.7439e-10
4.78031e-10
3.958e-10
3.25907e-10
2.66647e-10
2.16453e-10
1.7391e-10
1.37759e-10
1.06886e-10
8.03049e-11
5.71328e-11
3.6557e-11
1.77899e-11
1.08528e-33
9.31485e-14
6.2414e-11
1.21737e-10
1.78163e-10
2.31808e-10
2.82786e-10
3.31214e-10
3.77206e-10
4.20873e-10
4.62324e-10
5.01667e-10
5.39003e-10
5.74432e-10
6.08049e-10
6.39946e-10
6.7021e-10
6.98925e-10
7.26171e-10
7.52023e-10
7.76555e-10
7.99834e-10
8.21927e-10
8.42894e-10
8.62796e-10
8.81687e-10
8.9962e-10
9.16646e-10
9.32812e-10
9.48162e-10
9.6274e-10
9.76585e-10
9.89734e-10
1.1321e-09
1.28315e-09
1.44188e-09
1.60666e-09
1.77514e-09
1.94409e-09
2.10937e-09
2.26589e-09
2.40775e-09
2.52847e-09
2.62144e-09
2.68056e-09
2.70095e-09
2.67967e-09
2.61633e-09
2.51329e-09
2.37559e-09
2.21031e-09
2.02581e-09
1.8307e-09
1.63304e-09
1.43967e-09
1.25587e-09
1.0853e-09
9.30152e-10
7.91326e-10
6.68784e-10
5.61803e-10
4.69232e-10
3.89681e-10
3.21669e-10
2.63725e-10
2.14447e-10
1.7254e-10
1.36829e-10
1.06262e-10
7.98937e-11
5.68718e-11
3.64046e-11
1.77201e-11
1.1892e-33
7.05798e-14
4.73619e-11
9.23836e-11
1.35216e-10
1.75948e-10
2.1467e-10
2.51469e-10
2.86433e-10
3.19647e-10
3.51192e-10
3.81149e-10
4.09594e-10
4.36603e-10
4.62246e-10
4.86591e-10
5.09704e-10
5.31648e-10
5.52481e-10
5.72261e-10
5.91042e-10
6.08874e-10
6.25807e-10
6.41887e-10
6.57158e-10
6.71661e-10
6.85437e-10
6.98522e-10
7.10952e-10
7.22761e-10
7.33981e-10
7.44641e-10
7.54771e-10
8.64747e-10
9.82134e-10
1.10642e-09
1.2367e-09
1.37157e-09
1.50898e-09
1.64623e-09
1.77984e-09
1.90559e-09
2.01862e-09
2.11367e-09
2.18542e-09
2.22905e-09
2.24077e-09
2.21844e-09
2.16195e-09
2.07347e-09
1.95721e-09
1.81903e-09
1.66573e-09
1.50427e-09
1.34112e-09
1.18178e-09
1.03047e-09
8.90109e-10
7.62423e-10
6.48128e-10
5.47165e-10
4.58932e-10
3.82478e-10
3.16659e-10
2.60257e-10
2.12058e-10
1.70903e-10
1.35716e-10
1.05513e-10
7.94e-11
5.65581e-11
3.62212e-11
1.76362e-11
1.30201e-33
5.34022e-14
3.588e-11
6.99907e-11
1.02448e-10
1.33322e-10
1.6268e-10
1.90591e-10
2.1712e-10
2.42332e-10
2.66287e-10
2.89048e-10
3.1067e-10
3.31211e-10
3.50723e-10
3.69257e-10
3.86862e-10
4.03585e-10
4.1947e-10
4.3456e-10
4.48894e-10
4.62512e-10
4.75449e-10
4.8774e-10
4.99418e-10
5.10514e-10
5.21058e-10
5.31078e-10
5.406e-10
5.49651e-10
5.58253e-10
5.66429e-10
5.74202e-10
6.58783e-10
7.49516e-10
8.46197e-10
9.48363e-10
1.05521e-09
1.16553e-09
1.27758e-09
1.38909e-09
1.49715e-09
1.59827e-09
1.68846e-09
1.76344e-09
1.81894e-09
1.85113e-09
1.85707e-09
1.83518e-09
1.78553e-09
1.71003e-09
1.61222e-09
1.49691e-09
1.36964e-09
1.23605e-09
1.10137e-09
9.69993e-10
8.45325e-10
7.29702e-10
6.24496e-10
5.30266e-10
4.4695e-10
3.74044e-10
3.10761e-10
2.56156e-10
2.09222e-10
1.68955e-10
1.34388e-10
1.04618e-10
7.88082e-11
5.61815e-11
3.60009e-11
1.75353e-11
1.42414e-33
4.03552e-14
2.71428e-11
5.29492e-11
7.75085e-11
1.00874e-10
1.23099e-10
1.44234e-10
1.64329e-10
1.83433e-10
2.01593e-10
2.18853e-10
2.35257e-10
2.50846e-10
2.65662e-10
2.79741e-10
2.9312e-10
3.05834e-10
3.17917e-10
3.29399e-10
3.40311e-10
3.50682e-10
3.60539e-10
3.69907e-10
3.78812e-10
3.87276e-10
3.95322e-10
4.02971e-10
4.10242e-10
4.17156e-10
4.23729e-10
4.29979e-10
4.35922e-10
5.00726e-10
5.70533e-10
6.45315e-10
7.24875e-10
8.08797e-10
8.96385e-10
9.86595e-10
1.07797e-09
1.16859e-09
1.25604e-09
1.33744e-09
1.40951e-09
1.46879e-09
1.51183e-09
1.53557e-09
1.53773e-09
1.51712e-09
1.47395e-09
1.40984e-09
1.32776e-09
1.23166e-09
1.12606e-09
1.01553e-09
9.04292e-10
7.959e-10
6.93086e-10
5.9773e-10
5.10926e-10
4.33115e-10
3.64232e-10
3.03854e-10
2.51327e-10
2.05869e-10
1.66641e-10
1.32806e-10
1.03549e-10
7.81002e-11
5.57303e-11
3.57366e-11
1.74142e-11
1.55589e-33
3.04631e-14
2.05076e-11
4.0007e-11
5.85663e-11
7.62267e-11
9.30282e-11
1.0901e-10
1.2421e-10
1.38664e-10
1.52408e-10
1.65475e-10
1.77899e-10
1.8971e-10
2.00939e-10
2.11614e-10
2.21761e-10
2.31408e-10
2.40579e-10
2.49297e-10
2.57586e-10
2.65465e-10
2.72957e-10
2.8008e-10
2.86853e-10
2.93293e-10
2.99417e-10
3.0524e-10
3.10778e-10
3.16044e-10
3.21052e-10
3.25816e-10
3.30347e-10
3.79834e-10
4.3333e-10
4.90894e-10
5.52482e-10
6.1791e-10
6.86814e-10
7.5859e-10
8.32353e-10
9.06874e-10
9.80547e-10
1.05137e-09
1.11697e-09
1.17466e-09
1.22161e-09
1.25506e-09
1.27255e-09
1.27231e-09
1.25344e-09
1.21618e-09
1.16195e-09
1.0932e-09
1.01318e-09
9.25573e-10
8.34094e-10
7.42162e-10
6.52651e-10
5.67764e-10
4.89014e-10
4.17277e-10
3.529e-10
2.95818e-10
2.45673e-10
2.0192e-10
1.63906e-10
1.30927e-10
1.02276e-10
7.72552e-11
5.51907e-11
3.542e-11
1.72689e-11
1.69741e-33
2.29739e-14
1.54775e-11
3.0195e-11
4.42044e-11
5.75372e-11
7.02238e-11
8.22939e-11
9.3776e-11
1.04698e-10
1.15086e-10
1.24965e-10
1.3436e-10
1.43295e-10
1.51792e-10
1.59872e-10
1.67555e-10
1.74861e-10
1.81809e-10
1.88416e-10
1.947e-10
2.00675e-10
2.06358e-10
2.11762e-10
2.16903e-10
2.21791e-10
2.26441e-10
2.30864e-10
2.35071e-10
2.39073e-10
2.4288e-10
2.46502e-10
2.49947e-10
2.87631e-10
3.28488e-10
3.72615e-10
4.20049e-10
4.7074e-10
5.24522e-10
5.81075e-10
6.39885e-10
7.00199e-10
7.60988e-10
8.20913e-10
8.78315e-10
9.31234e-10
9.77479e-10
1.01474e-09
1.04078e-09
1.05365e-09
1.05194e-09
1.03497e-09
1.00302e-09
9.57261e-10
8.99745e-10
8.33141e-10
7.60451e-10
6.84698e-10
6.08657e-10
5.34654e-10
4.6447e-10
3.99326e-10
3.39924e-10
2.86534e-10
2.39093e-10
1.97296e-10
1.60685e-10
1.28707e-10
1.00765e-10
7.62494e-11
5.45468e-11
3.50417e-11
1.70952e-11
1.84864e-33
1.7311e-14
1.16697e-11
2.2767e-11
3.33312e-11
4.33865e-11
5.29558e-11
6.20617e-11
7.07257e-11
7.89685e-11
8.68102e-11
9.42698e-11
1.01366e-10
1.08115e-10
1.14536e-10
1.20643e-10
1.26451e-10
1.31976e-10
1.37232e-10
1.42231e-10
1.46986e-10
1.51509e-10
1.55812e-10
1.59905e-10
1.63798e-10
1.67503e-10
1.71026e-10
1.74379e-10
1.77569e-10
1.80603e-10
1.83491e-10
1.86238e-10
1.88853e-10
2.17478e-10
2.4859e-10
2.82297e-10
3.18671e-10
3.57736e-10
3.99438e-10
4.4363e-10
4.90036e-10
5.38215e-10
5.87536e-10
6.37136e-10
6.85901e-10
7.32457e-10
7.75192e-10
8.12309e-10
8.41929e-10
8.62239e-10
8.71673e-10
8.69111e-10
8.54059e-10
8.2676e-10
7.88224e-10
7.40141e-10
6.84702e-10
6.2436e-10
5.61578e-10
4.98609e-10
4.37339e-10
3.79213e-10
3.25212e-10
2.75902e-10
2.3149e-10
1.91915e-10
1.56913e-10
1.26092e-10
9.89792e-11
7.50561e-11
5.3781e-11
3.45908e-11
1.68878e-11
2.00919e-33
1.30335e-14
8.79076e-12
1.71506e-11
2.51096e-11
3.26857e-11
3.98967e-11
4.67595e-11
5.32902e-11
5.95046e-11
6.54177e-11
7.10438e-11
7.63966e-11
8.14893e-11
8.63345e-11
9.09442e-11
9.53297e-11
9.95021e-11
1.03472e-10
1.07248e-10
1.10841e-10
1.1426e-10
1.17512e-10
1.20607e-10
1.23551e-10
1.26353e-10
1.29019e-10
1.31556e-10
1.3397e-10
1.36267e-10
1.38453e-10
1.40533e-10
1.42512e-10
1.64211e-10
1.87842e-10
2.1351e-10
2.41299e-10
2.71266e-10
3.03421e-10
3.37715e-10
3.74015e-10
4.12085e-10
4.51553e-10
4.91886e-10
5.32365e-10
5.72063e-10
6.09845e-10
6.44383e-10
6.74205e-10
6.97778e-10
7.13632e-10
7.20507e-10
7.17514e-10
7.04276e-10
6.81022e-10
6.48599e-10
6.08406e-10
5.6224e-10
5.12106e-10
4.60011e-10
4.07789e-10
3.5697e-10
3.08724e-10
2.63845e-10
2.22783e-10
1.85697e-10
1.52524e-10
1.23031e-10
9.68774e-11
7.36461e-11
5.28729e-11
3.40548e-11
1.6641e-11
2.17826e-33
9.80521e-15
6.61626e-12
1.29084e-11
1.88992e-11
2.46024e-11
3.00312e-11
3.51984e-11
4.01164e-11
4.47968e-11
4.92509e-11
5.34895e-11
5.7523e-11
6.13611e-11
6.50134e-11
6.84887e-11
7.17956e-11
7.49423e-11
7.79366e-11
8.07858e-11
8.34971e-11
8.60771e-11
8.85322e-11
9.08685e-11
9.30918e-11
9.52077e-11
9.72213e-11
9.91376e-11
1.00961e-10
1.02697e-10
1.04349e-10
1.05921e-10
1.07418e-10
1.23834e-10
1.41742e-10
1.61236e-10
1.82398e-10
2.05296e-10
2.2997e-10
2.56425e-10
2.84614e-10
3.14422e-10
3.45647e-10
3.77974e-10
4.10956e-10
4.43994e-10
4.7632e-10
5.06993e-10
5.34922e-10
5.589e-10
5.77674e-10
5.9005e-10
5.95011e-10
5.91849e-10
5.80277e-10
5.60499e-10
5.33227e-10
4.99612e-10
4.61132e-10
4.19425e-10
3.76128e-10
3.32733e-10
2.90485e-10
2.5033e-10
2.12908e-10
1.78576e-10
1.47453e-10
1.1947e-10
9.44173e-11
7.19876e-11
5.18009e-11
3.34202e-11
1.63482e-11
2.35453e-33
7.37062e-15
4.97528e-12
9.707e-12
1.42123e-11
1.85016e-11
2.25849e-11
2.64718e-11
3.01717e-11
3.36932e-11
3.7045e-11
4.0235e-11
4.3271e-11
4.61605e-11
4.89103e-11
5.15274e-11
5.4018e-11
5.63882e-11
5.8644e-11
6.07909e-11
6.28341e-11
6.47786e-11
6.66293e-11
6.83907e-11
7.00671e-11
7.16626e-11
7.31813e-11
7.46267e-11
7.60025e-11
7.73121e-11
7.85586e-11
7.97451e-11
8.08745e-11
9.32722e-11
1.06816e-10
1.21585e-10
1.37655e-10
1.55091e-10
1.73946e-10
1.9425e-10
2.16004e-10
2.39165e-10
2.63633e-10
2.89235e-10
3.15707e-10
3.42674e-10
3.69638e-10
3.95961e-10
4.20867e-10
4.43456e-10
4.62738e-10
4.7769e-10
4.87339e-10
4.90863e-10
4.87694e-10
4.77612e-10
4.60798e-10
4.37843e-10
4.097e-10
3.77578e-10
3.42818e-10
3.06755e-10
2.70604e-10
2.35376e-10
2.01837e-10
1.705e-10
1.41646e-10
1.15357e-10
9.15563e-11
7.00477e-11
5.05412e-11
3.26721e-11
1.60022e-11
2.53595e-33
5.53572e-15
3.73782e-12
7.29274e-12
1.06777e-11
1.39005e-11
1.69688e-11
1.98898e-11
2.26705e-11
2.53174e-11
2.78369e-11
3.02352e-11
3.25179e-11
3.46907e-11
3.67588e-11
3.87272e-11
4.06008e-11
4.23841e-11
4.40814e-11
4.5697e-11
4.72347e-11
4.86983e-11
5.00915e-11
5.14176e-11
5.26799e-11
5.38814e-11
5.50251e-11
5.61138e-11
5.71502e-11
5.81367e-11
5.90759e-11
5.99699e-11
6.0821e-11
7.01685e-11
8.03921e-11
9.15572e-11
1.03728e-10
1.16964e-10
1.31319e-10
1.46835e-10
1.63533e-10
1.8141e-10
2.00429e-10
2.20503e-10
2.41485e-10
2.63153e-10
2.85196e-10
3.07196e-10
3.28626e-10
3.48844e-10
3.6711e-10
3.82609e-10
3.94506e-10
4.02006e-10
4.04443e-10
4.0136e-10
3.92586e-10
3.7828e-10
3.58931e-10
3.35325e-10
3.08453e-10
2.79411e-10
2.49288e-10
2.19074e-10
1.89587e-10
1.61446e-10
1.35061e-10
1.10648e-10
8.82542e-11
6.77938e-11
4.90698e-11
3.17948e-11
1.55955e-11
2.71963e-33
4.15351e-15
2.80523e-12
5.47325e-12
8.01379e-12
1.04328e-11
1.27359e-11
1.49286e-11
1.70161e-11
1.90034e-11
2.08953e-11
2.26962e-11
2.44105e-11
2.60425e-11
2.75959e-11
2.90746e-11
3.04823e-11
3.18222e-11
3.30977e-11
3.43118e-11
3.54676e-11
3.65678e-11
3.76151e-11
3.86121e-11
3.95612e-11
4.04647e-11
4.13248e-11
4.21436e-11
4.29231e-11
4.36652e-11
4.43717e-11
4.50442e-11
4.56846e-11
5.27207e-11
6.04238e-11
6.88466e-11
7.8042e-11
8.8062e-11
9.89552e-11
1.10764e-10
1.2352e-10
1.37241e-10
1.51922e-10
1.67528e-10
1.83985e-10
2.0117e-10
2.18895e-10
2.36901e-10
2.5484e-10
2.72275e-10
2.88677e-10
3.03434e-10
3.15878e-10
3.25322e-10
3.3112e-10
3.32728e-10
3.29778e-10
3.22136e-10
3.09937e-10
2.93589e-10
2.73734e-10
2.51188e-10
2.26843e-10
2.0159e-10
1.7623e-10
1.51429e-10
1.27682e-10
1.05311e-10
8.44765e-11
6.5195e-11
4.73627e-11
3.07722e-11
1.512e-11
2.90164e-33
3.1128e-15
2.10278e-12
4.10275e-12
6.00721e-12
7.82062e-12
9.54727e-12
1.11912e-11
1.27564e-11
1.42466e-11
1.56652e-11
1.70158e-11
1.83016e-11
1.95257e-11
2.0691e-11
2.18003e-11
2.28564e-11
2.38617e-11
2.48189e-11
2.573e-11
2.65974e-11
2.74232e-11
2.82094e-11
2.89578e-11
2.96703e-11
3.03487e-11
3.09945e-11
3.16093e-11
3.21947e-11
3.2752e-11
3.32826e-11
3.37878e-11
3.42688e-11
3.9556e-11
4.53491e-11
5.16897e-11
5.86209e-11
6.61857e-11
7.44261e-11
8.33813e-11
9.30849e-11
1.03562e-10
1.14825e-10
1.26869e-10
1.39662e-10
1.53141e-10
1.67202e-10
1.81688e-10
1.96381e-10
2.10993e-10
2.25163e-10
2.38451e-10
2.50353e-10
2.6032e-10
2.67789e-10
2.7223e-10
2.73199e-10
2.70399e-10
2.63723e-10
2.53286e-10
2.39422e-10
2.22662e-10
2.0367e-10
1.83177e-10
1.61906e-10
1.40509e-10
1.19519e-10
9.93334e-11
8.01991e-11
6.22259e-11
4.53982e-11
2.95889e-11
1.45679e-11
3.07685e-33
2.32953e-15
1.57393e-12
3.07093e-12
4.49647e-12
5.85391e-12
7.14644e-12
8.37714e-12
9.54893e-12
1.06646e-11
1.17268e-11
1.27381e-11
1.3701e-11
1.46177e-11
1.54904e-11
1.63213e-11
1.71124e-11
1.78655e-11
1.85825e-11
1.92652e-11
1.99151e-11
2.05339e-11
2.1123e-11
2.16838e-11
2.22178e-11
2.27263e-11
2.32103e-11
2.36712e-11
2.411e-11
2.45278e-11
2.49256e-11
2.53044e-11
2.5665e-11
2.96306e-11
3.39784e-11
3.87412e-11
4.3953e-11
4.96488e-11
5.58635e-11
6.26311e-11
6.9983e-11
7.7946e-11
8.65397e-11
9.57731e-11
1.0564e-10
1.16113e-10
1.27138e-10
1.38627e-10
1.50449e-10
1.62421e-10
1.74305e-10
1.85799e-10
1.96541e-10
2.06115e-10
2.14069e-10
2.19939e-10
2.2329e-10
2.23761e-10
2.21108e-10
2.15247e-10
2.06271e-10
1.94459e-10
1.80242e-10
1.64165e-10
1.46822e-10
1.288e-10
1.10625e-10
9.27266e-11
7.54131e-11
5.88694e-11
4.31588e-11
2.82316e-11
1.3932e-11
3.23877e-33
1.74024e-15
1.17595e-12
2.29443e-12
3.35955e-12
4.37381e-12
5.33961e-12
6.25923e-12
7.13488e-12
7.96863e-12
8.76248e-12
9.51833e-12
1.0238e-11
1.09232e-11
1.15756e-11
1.21967e-11
1.27881e-11
1.33512e-11
1.38873e-11
1.43977e-11
1.48837e-11
1.53464e-11
1.5787e-11
1.62064e-11
1.66058e-11
1.69861e-11
1.73482e-11
1.7693e-11
1.80212e-11
1.83338e-11
1.86314e-11
1.89148e-11
1.91846e-11
2.21524e-11
2.54081e-11
2.8977e-11
3.28858e-11
3.71622e-11
4.18345e-11
4.69311e-11
5.24793e-11
5.85043e-11
6.50274e-11
7.20639e-11
7.96198e-11
8.76886e-11
9.62468e-11
1.05248e-10
1.14617e-10
1.24245e-10
1.33979e-10
1.43621e-10
1.5292e-10
1.61576e-10
1.69246e-10
1.75556e-10
1.80125e-10
1.82596e-10
1.82671e-10
1.80152e-10
1.7497e-10
1.67202e-10
1.57075e-10
1.44943e-10
1.31248e-10
1.16473e-10
1.01095e-10
8.5534e-11
7.01304e-11
5.51209e-11
4.0634e-11
2.66902e-11
1.32064e-11
3.37955e-33
1.29706e-15
8.76581e-13
1.71033e-12
2.50431e-12
3.2604e-12
3.98038e-12
4.66596e-12
5.31878e-12
5.94039e-12
6.53228e-12
7.09585e-12
7.63247e-12
8.14342e-12
8.62992e-12
9.09314e-12
9.53419e-12
9.95415e-12
1.0354e-11
1.07347e-11
1.10973e-11
1.14424e-11
1.17711e-11
1.2084e-11
1.2382e-11
1.26657e-11
1.29359e-11
1.31931e-11
1.34381e-11
1.36713e-11
1.38934e-11
1.41049e-11
1.43063e-11
1.65216e-11
1.89529e-11
2.16197e-11
2.45425e-11
2.77431e-11
3.12439e-11
3.50679e-11
3.9238e-11
4.37761e-11
4.87024e-11
5.40336e-11
5.97815e-11
6.59501e-11
7.25328e-11
7.95089e-11
8.68389e-11
9.44595e-11
1.02278e-10
1.10169e-10
1.17964e-10
1.25458e-10
1.32401e-10
1.38508e-10
1.43472e-10
1.46977e-10
1.4873e-10
1.48486e-10
1.46081e-10
1.41459e-10
1.34682e-10
1.25934e-10
1.15505e-10
1.03753e-10
9.10687e-11
7.78353e-11
6.43886e-11
5.09928e-11
3.78234e-11
2.49602e-11
1.23877e-11
3.48999e-33
9.6389e-16
6.51478e-13
1.27113e-12
1.86123e-12
2.42318e-12
2.9583e-12
3.46788e-12
3.95312e-12
4.41517e-12
4.85514e-12
5.27409e-12
5.673e-12
6.05285e-12
6.41454e-12
6.75894e-12
7.08687e-12
7.39912e-12
7.69645e-12
7.97956e-12
8.24913e-12
8.50582e-12
8.75024e-12
8.98298e-12
9.20459e-12
9.41562e-12
9.61656e-12
9.8079e-12
9.9901e-12
1.01636e-11
1.03288e-11
1.04861e-11
1.06359e-11
1.22843e-11
1.4094e-11
1.60798e-11
1.82577e-11
2.06443e-11
2.32571e-11
2.61145e-11
2.92349e-11
3.26366e-11
3.63373e-11
4.0353e-11
4.46967e-11
4.93774e-11
5.43973e-11
5.97502e-11
6.54177e-11
7.1366e-11
7.75414e-11
8.38663e-11
9.02345e-11
9.65077e-11
1.02513e-10
1.08045e-10
1.12866e-10
1.16722e-10
1.19354e-10
1.20517e-10
1.2001e-10
1.17698e-10
1.13532e-10
1.07564e-10
9.99433e-11
9.09021e-11
8.07318e-11
6.97477e-11
5.82549e-11
4.65184e-11
3.474e-11
2.30447e-11
1.14757e-11
3.55983e-33
7.13514e-16
4.82291e-13
9.41022e-13
1.37788e-12
1.79391e-12
2.19009e-12
2.56735e-12
2.92661e-12
3.26871e-12
3.59447e-12
3.90468e-12
4.20006e-12
4.48133e-12
4.74916e-12
5.0042e-12
5.24705e-12
5.4783e-12
5.6985e-12
5.90818e-12
6.10784e-12
6.29796e-12
6.479e-12
6.65139e-12
6.81555e-12
6.97187e-12
7.12072e-12
7.26247e-12
7.39744e-12
7.52597e-12
7.64837e-12
7.76492e-12
7.87591e-12
9.09732e-12
1.04387e-11
1.19113e-11
1.3527e-11
1.52986e-11
1.72396e-11
1.93643e-11
2.16873e-11
2.42233e-11
2.69872e-11
2.99929e-11
3.3253e-11
3.67775e-11
4.05732e-11
4.46409e-11
4.89746e-11
5.3558e-11
5.83621e-11
6.33412e-11
6.843e-11
7.35395e-11
7.85542e-11
8.333e-11
8.76955e-11
9.14549e-11
9.43966e-11
9.63055e-11
9.69804e-11
9.62543e-11
9.40146e-11
9.02204e-11
8.4912e-11
7.82097e-11
7.03019e-11
6.14231e-11
5.18263e-11
4.17538e-11
3.14127e-11
2.09561e-11
1.04745e-11
3.57823e-33
5.25432e-16
3.55183e-13
6.93017e-13
1.01475e-12
1.32114e-12
1.61291e-12
1.89077e-12
2.15536e-12
2.40733e-12
2.64727e-12
2.87575e-12
3.09332e-12
3.30051e-12
3.4978e-12
3.68566e-12
3.86456e-12
4.03491e-12
4.19713e-12
4.35161e-12
4.4987e-12
4.63877e-12
4.77216e-12
4.89917e-12
5.02013e-12
5.13531e-12
5.24499e-12
5.34943e-12
5.44889e-12
5.5436e-12
5.6338e-12
5.71969e-12
5.80148e-12
6.70167e-12
7.69055e-12
8.77646e-12
9.96839e-12
1.1276e-11
1.27096e-11
1.428e-11
1.59986e-11
1.7877e-11
1.99272e-11
2.21608e-11
2.45887e-11
2.72208e-11
3.00648e-11
3.31252e-11
3.64022e-11
3.98898e-11
4.35734e-11
4.74281e-11
5.14149e-11
5.54788e-11
5.95449e-11
6.35164e-11
6.72735e-11
7.0673e-11
7.35525e-11
7.57363e-11
7.70459e-11
7.73147e-11
7.64042e-11
7.42206e-11
7.07291e-11
6.59613e-11
6.00141e-11
5.30396e-11
4.52268e-11
3.67785e-11
2.78877e-11
1.87183e-11
9.39363e-12
3.53445e-33
3.84188e-16
2.59718e-13
5.06751e-13
7.4201e-13
9.66054e-13
1.17941e-12
1.3826e-12
1.57609e-12
1.76035e-12
1.93581e-12
2.1029e-12
2.26202e-12
2.41354e-12
2.55783e-12
2.69523e-12
2.82608e-12
2.95068e-12
3.06933e-12
3.18231e-12
3.28991e-12
3.39236e-12
3.48993e-12
3.58284e-12
3.67132e-12
3.75558e-12
3.83581e-12
3.91222e-12
3.98498e-12
4.05427e-12
4.12025e-12
4.18309e-12
4.24293e-12
4.90159e-12
5.62528e-12
6.42018e-12
7.29299e-12
8.25089e-12
9.3016e-12
1.04533e-11
1.17147e-11
1.30947e-11
1.46027e-11
1.6248e-11
1.80396e-11
1.99863e-11
2.20953e-11
2.43725e-11
2.68208e-11
2.94396e-11
3.2223e-11
3.5158e-11
3.8223e-11
4.13847e-11
4.45965e-11
4.77953e-11
5.09001e-11
5.38106e-11
5.64078e-11
5.85565e-11
6.01107e-11
6.09226e-11
6.08541e-11
5.97905e-11
5.76541e-11
5.44157e-11
5.01005e-11
4.47874e-11
3.85999e-11
3.16917e-11
2.42276e-11
1.63661e-11
8.24824e-12
3.41877e-33
2.7811e-16
1.88016e-13
3.66849e-13
5.37161e-13
6.99354e-13
8.53815e-13
1.00091e-12
1.14099e-12
1.27439e-12
1.40142e-12
1.5224e-12
1.6376e-12
1.7473e-12
1.85177e-12
1.95126e-12
2.04599e-12
2.13621e-12
2.22212e-12
2.30394e-12
2.38185e-12
2.45604e-12
2.52669e-12
2.59397e-12
2.65804e-12
2.71906e-12
2.77716e-12
2.83249e-12
2.88519e-12
2.93537e-12
2.98315e-12
3.02866e-12
3.072e-12
3.54906e-12
4.07331e-12
4.64927e-12
5.28184e-12
5.97631e-12
6.73838e-12
7.57413e-12
8.49003e-12
9.49289e-12
1.05898e-11
1.17879e-11
1.30946e-11
1.45168e-11
1.60611e-11
1.7733e-11
1.95365e-11
2.14735e-11
2.35426e-11
2.57379e-11
2.8048e-11
3.04539e-11
3.29272e-11
3.54283e-11
3.7904e-11
4.02865e-11
4.2492e-11
4.44215e-11
4.59625e-11
4.69944e-11
4.7395e-11
4.70504e-11
4.58665e-11
4.37799e-11
4.07673e-11
3.68504e-11
3.20953e-11
2.66049e-11
2.05077e-11
1.39444e-11
7.05862e-12
3.2233e-33
1.9836e-16
1.34105e-13
2.61662e-13
3.8314e-13
4.98829e-13
6.09003e-13
7.13924e-13
8.13843e-13
9.08996e-13
9.99612e-13
1.0859e-12
1.16808e-12
1.24634e-12
1.32086e-12
1.39183e-12
1.45941e-12
1.52377e-12
1.58506e-12
1.64343e-12
1.69901e-12
1.75194e-12
1.80235e-12
1.85035e-12
1.89606e-12
1.93959e-12
1.98105e-12
2.02052e-12
2.05812e-12
2.09392e-12
2.12802e-12
2.16049e-12
2.19141e-12
2.53182e-12
2.90595e-12
3.31706e-12
3.76866e-12
4.2646e-12
4.80898e-12
5.40624e-12
6.06111e-12
6.77861e-12
7.56398e-12
8.42268e-12
9.36025e-12
1.03822e-11
1.14938e-11
1.26999e-11
1.40044e-11
1.541e-11
1.69174e-11
1.85248e-11
2.02265e-11
2.20122e-11
2.38653e-11
2.57615e-11
2.76672e-11
2.95379e-11
3.13166e-11
3.29339e-11
3.43075e-11
3.53451e-11
3.59472e-11
3.60141e-11
3.54533e-11
3.41893e-11
3.21722e-11
2.9386e-11
2.58523e-11
2.16295e-11
1.68082e-11
1.15034e-11
5.84855e-12
2.94251e-33
1.38185e-16
9.34254e-14
1.82289e-13
2.66918e-13
3.47514e-13
4.24269e-13
4.97365e-13
5.66977e-13
6.33269e-13
6.964e-13
7.5652e-13
8.13774e-13
8.68296e-13
9.20219e-13
9.69665e-13
1.01675e-12
1.0616e-12
1.1043e-12
1.14497e-12
1.18369e-12
1.22057e-12
1.25569e-12
1.28914e-12
1.32099e-12
1.35133e-12
1.38021e-12
1.40772e-12
1.43392e-12
1.45887e-12
1.48263e-12
1.50525e-12
1.5268e-12
1.76403e-12
2.02478e-12
2.31134e-12
2.62619e-12
2.972e-12
3.35171e-12
3.76843e-12
4.22552e-12
4.72658e-12
5.27538e-12
5.87586e-12
6.5321e-12
7.24821e-12
8.02823e-12
8.87599e-12
9.79485e-12
1.07875e-11
1.18554e-11
1.29985e-11
1.42145e-11
1.54981e-11
1.68399e-11
1.82256e-11
1.96346e-11
2.10385e-11
2.24003e-11
2.3673e-11
2.47995e-11
2.57128e-11
2.63379e-11
2.65949e-11
2.64044e-11
2.56937e-11
2.44051e-11
2.25029e-11
1.998e-11
1.68611e-11
1.3203e-11
9.092e-12
4.64198e-12
2.5727e-33
9.23347e-17
6.24277e-14
1.21807e-13
1.78357e-13
2.32213e-13
2.83502e-13
3.32347e-13
3.78863e-13
4.23161e-13
4.65348e-13
5.05523e-13
5.43782e-13
5.80217e-13
6.14915e-13
6.47958e-13
6.79425e-13
7.09392e-13
7.3793e-13
7.65107e-13
7.90988e-13
8.15635e-13
8.39107e-13
8.6146e-13
8.82747e-13
9.03019e-13
9.22325e-13
9.4071e-13
9.58219e-13
9.74893e-13
9.90772e-13
1.00589e-12
1.0203e-12
1.17885e-12
1.35315e-12
1.54471e-12
1.75521e-12
1.98646e-12
2.24041e-12
2.51919e-12
2.82508e-12
3.16051e-12
3.52807e-12
3.93049e-12
4.37058e-12
4.85124e-12
5.37535e-12
5.94573e-12
6.56494e-12
7.23516e-12
7.95797e-12
8.73397e-12
9.56248e-12
1.0441e-11
1.13645e-11
1.23248e-11
1.33099e-11
1.43025e-11
1.52794e-11
1.62106e-11
1.70586e-11
1.77779e-11
1.83158e-11
1.86141e-11
1.86114e-11
1.8248e-11
1.74708e-11
1.62402e-11
1.45353e-11
1.23597e-11
9.74412e-12
6.7474e-12
3.45802e-12
2.10971e-33
5.65549e-17
3.82375e-14
7.46079e-14
1.09246e-13
1.42233e-13
1.73648e-13
2.03566e-13
2.32058e-13
2.59192e-13
2.85032e-13
3.09641e-13
3.33076e-13
3.55394e-13
3.76647e-13
3.96888e-13
4.16163e-13
4.34519e-13
4.52e-13
4.68648e-13
4.84502e-13
4.996e-13
5.13978e-13
5.27671e-13
5.40711e-13
5.53129e-13
5.64955e-13
5.76218e-13
5.86943e-13
5.97158e-13
6.06885e-13
6.16149e-13
6.24972e-13
7.22106e-13
8.28889e-13
9.4626e-13
1.07525e-12
1.21696e-12
1.37261e-12
1.54351e-12
1.73107e-12
1.9368e-12
2.16232e-12
2.40932e-12
2.67958e-12
2.97495e-12
3.29726e-12
3.64836e-12
4.02996e-12
4.44359e-12
4.89045e-12
5.37122e-12
5.88588e-12
6.43336e-12
7.0112e-12
7.61512e-12
8.23845e-12
8.87153e-12
9.50106e-12
1.01094e-11
1.06741e-11
1.11672e-11
1.15556e-11
1.18016e-11
1.18639e-11
1.17007e-11
1.12722e-11
1.05455e-11
9.49901e-12
8.12684e-12
6.4425e-12
4.48151e-12
2.30396e-12
1.54363e-33
2.70862e-17
1.83135e-14
3.57327e-14
5.23222e-14
6.81212e-14
8.31674e-14
9.74964e-14
1.11143e-13
1.24138e-13
1.36514e-13
1.48301e-13
1.59525e-13
1.70214e-13
1.80394e-13
1.90088e-13
1.9932e-13
2.08112e-13
2.16485e-13
2.24459e-13
2.32052e-13
2.39284e-13
2.4617e-13
2.52729e-13
2.58975e-13
2.64923e-13
2.70587e-13
2.75982e-13
2.81119e-13
2.86012e-13
2.90671e-13
2.95108e-13
2.99334e-13
3.45861e-13
3.97011e-13
4.53236e-13
5.15028e-13
5.82923e-13
6.57502e-13
7.39397e-13
8.29287e-13
9.27904e-13
1.03603e-12
1.15448e-12
1.28413e-12
1.42588e-12
1.58065e-12
1.74933e-12
1.9328e-12
2.13184e-12
2.34711e-12
2.57904e-12
2.82772e-12
3.09279e-12
3.37327e-12
3.66733e-12
3.97201e-12
4.283e-12
4.5942e-12
4.89746e-12
5.18218e-12
5.4351e-12
5.64015e-12
5.77866e-12
5.82986e-12
5.77192e-12
5.58352e-12
5.246e-12
4.74582e-12
4.07717e-12
3.24438e-12
2.26392e-12
1.16641e-12
8.48935e-34
8.00582e-42
1.05405e-40
3.4668e-40
6.96557e-40
1.11922e-39
1.58607e-39
2.07448e-39
2.56681e-39
3.04949e-39
3.51234e-39
3.94791e-39
4.351e-39
4.71821e-39
5.04758e-39
5.33831e-39
5.59049e-39
5.80487e-39
5.98277e-39
6.12584e-39
6.23604e-39
6.31548e-39
6.36638e-39
6.39101e-39
6.39164e-39
6.37048e-39
6.3297e-39
6.27137e-39
6.19747e-39
6.10987e-39
6.01032e-39
5.90046e-39
3.90776e-38
9.26165e-38
1.34183e-37
1.92317e-37
2.73134e-37
3.84899e-37
5.38764e-37
7.49743e-37
1.03801e-36
1.43063e-36
1.96382e-36
2.68598e-36
3.66162e-36
4.97655e-36
6.74464e-36
9.1165e-36
1.22908e-35
1.65283e-35
2.21702e-35
2.96601e-35
3.95709e-35
5.26367e-35
6.97885e-35
9.21923e-35
1.21285e-34
1.58799e-34
2.06769e-34
2.67489e-34
3.43403e-34
4.36878e-34
5.49819e-34
6.83046e-34
8.35394e-34
1.00248e-33
1.1751e-33
1.3374e-33
1.46487e-33
1.5225e-33
1.46357e-33
1.22973e-33
7.5405e-34
2.9503e-34
