-3.33953e-39
-4.39686e-38
-1.44613e-37
-2.9056e-37
-4.6687e-37
-6.61609e-37
-8.65344e-37
-1.07071e-36
-1.27205e-36
-1.46512e-36
-1.64681e-36
-1.81496e-36
-1.96813e-36
-2.10552e-36
-2.2268e-36
-2.33199e-36
-2.42141e-36
-2.49561e-36
-2.55529e-36
-2.60126e-36
-2.63439e-36
-2.65563e-36
-2.6659e-36
-2.66616e-36
-2.65733e-36
-2.64032e-36
-2.61598e-36
-2.58516e-36
-2.54861e-36
-2.50709e-36
-2.46126e-36
-1.63004e-35
-3.86329e-35
-5.59707e-35
-8.02191e-35
-1.13928e-34
-1.60544e-34
-2.24717e-34
-3.12709e-34
-4.32928e-34
-5.96657e-34
-8.1899e-34
-1.12009e-33
-1.52684e-33
-2.07497e-33
-2.81187e-33
-3.80022e-33
-5.12261e-33
-6.88745e-33
-9.23635e-33
-1.23533e-32
-1.64755e-32
-2.19067e-32
-2.90309e-32
-3.83282e-32
-5.03882e-32
-6.59194e-32
-8.57489e-32
-1.10803e-31
-1.4206e-31
-1.80451e-31
-2.26701e-31
-2.81072e-31
-3.42999e-31
-4.10596e-31
-4.80038e-31
-5.44843e-31
-5.95116e-31
-6.16862e-31
-5.91525e-31
-4.96005e-31
-3.03725e-31
-5.7726e-32
2.84836e-17
1.92583e-14
3.75761e-14
5.50214e-14
7.16354e-14
8.74578e-14
1.02526e-13
1.16876e-13
1.30542e-13
1.43557e-13
1.55951e-13
1.67754e-13
1.78995e-13
1.897e-13
1.99894e-13
2.09602e-13
2.18848e-13
2.27652e-13
2.36037e-13
2.44022e-13
2.51627e-13
2.58869e-13
2.65765e-13
2.72333e-13
2.78588e-13
2.84545e-13
2.90217e-13
2.9562e-13
3.00765e-13
3.05664e-13
3.1033e-13
3.14774e-13
3.637e-13
4.17487e-13
4.7661e-13
5.41586e-13
6.12978e-13
6.91398e-13
7.77507e-13
8.72021e-13
9.75705e-13
1.08938e-12
1.21391e-12
1.3502e-12
1.4992e-12
1.66185e-12
1.83911e-12
2.03188e-12
2.24097e-12
2.46705e-12
2.71055e-12
2.97154e-12
3.24961e-12
3.54367e-12
3.85174e-12
4.17067e-12
4.49581e-12
4.82071e-12
5.13669e-12
5.43254e-12
5.69429e-12
5.90505e-12
6.0453e-12
6.09342e-12
6.02687e-12
5.82382e-12
5.46544e-12
4.93841e-12
4.23757e-12
3.36826e-12
2.34812e-12
1.20898e-12
-3.24831e-31
5.95522e-17
4.02639e-14
7.85618e-14
1.15035e-13
1.49771e-13
1.82851e-13
2.14354e-13
2.44356e-13
2.72928e-13
3.00137e-13
3.2605e-13
3.50727e-13
3.74227e-13
3.96607e-13
4.1792e-13
4.38216e-13
4.57545e-13
4.75952e-13
4.93482e-13
5.10176e-13
5.26074e-13
5.41214e-13
5.55632e-13
5.69362e-13
5.82439e-13
5.94891e-13
6.0675e-13
6.18044e-13
6.288e-13
6.39043e-13
6.48797e-13
6.58087e-13
7.60365e-13
8.72803e-13
9.96388e-13
1.1322e-12
1.28141e-12
1.44529e-12
1.62523e-12
1.82269e-12
2.03927e-12
2.27667e-12
2.53667e-12
2.82113e-12
3.13197e-12
3.47114e-12
3.84053e-12
4.24194e-12
4.67693e-12
5.14672e-12
5.65199e-12
6.19262e-12
6.7674e-12
7.37364e-12
8.00669e-12
8.65937e-12
9.32135e-12
9.97842e-12
1.06119e-11
1.11978e-11
1.17069e-11
1.21043e-11
1.23506e-11
1.24031e-11
1.22185e-11
1.17566e-11
1.09843e-11
9.88107e-12
8.44261e-12
6.68466e-12
4.64517e-12
2.38637e-12
-5.90699e-31
9.74298e-17
6.58724e-14
1.28528e-13
1.88199e-13
2.45026e-13
2.99145e-13
3.50684e-13
3.99767e-13
4.46509e-13
4.91023e-13
5.33415e-13
5.73785e-13
6.1223e-13
6.48842e-13
6.83708e-13
7.16911e-13
7.48531e-13
7.78643e-13
8.07319e-13
8.34628e-13
8.60634e-13
8.85401e-13
9.08986e-13
9.31447e-13
9.52837e-13
9.73207e-13
9.92607e-13
1.01108e-12
1.02867e-12
1.04543e-12
1.06139e-12
1.07658e-12
1.24388e-12
1.42778e-12
1.6299e-12
1.852e-12
2.09597e-12
2.3639e-12
2.65801e-12
2.9807e-12
3.33454e-12
3.72224e-12
4.14666e-12
4.61077e-12
5.11759e-12
5.67013e-12
6.27132e-12
6.92381e-12
7.62985e-12
8.39097e-12
9.20773e-12
1.00792e-11
1.10026e-11
1.19725e-11
1.29799e-11
1.40118e-11
1.50497e-11
1.60687e-11
1.7037e-11
1.79147e-11
1.86539e-11
1.91993e-11
1.94902e-11
1.94632e-11
1.90572e-11
1.82192e-11
1.69101e-11
1.51117e-11
1.28308e-11
1.01017e-11
6.98701e-12
3.57798e-12
-8.0742e-31
1.46213e-16
9.88523e-14
1.92877e-13
2.82422e-13
3.677e-13
4.48914e-13
5.26255e-13
5.9991e-13
6.70052e-13
7.3685e-13
8.00462e-13
8.6104e-13
9.18729e-13
9.73667e-13
1.02598e-12
1.07581e-12
1.12325e-12
1.16844e-12
1.21146e-12
1.25244e-12
1.29146e-12
1.32862e-12
1.36401e-12
1.39771e-12
1.4298e-12
1.46037e-12
1.48947e-12
1.51719e-12
1.54359e-12
1.56873e-12
1.59267e-12
1.61547e-12
1.86646e-12
2.14234e-12
2.44552e-12
2.77861e-12
3.14446e-12
3.54614e-12
3.98696e-12
4.47046e-12
5.00041e-12
5.5808e-12
6.21577e-12
6.9096e-12
7.66658e-12
8.49095e-12
9.38664e-12
1.03571e-11
1.14051e-11
1.25319e-11
1.37374e-11
1.50187e-11
1.63699e-11
1.77807e-11
1.92355e-11
2.07119e-11
2.21793e-11
2.35981e-11
2.49182e-11
2.60789e-11
2.70096e-11
2.7632e-11
2.78631e-11
2.76215e-11
2.68341e-11
2.54443e-11
2.34195e-11
2.07571e-11
1.74873e-11
1.36724e-11
9.40337e-12
4.79677e-12
-9.84723e-31
2.10604e-16
1.42382e-13
2.77812e-13
4.06788e-13
5.29617e-13
6.46591e-13
7.57987e-13
8.64072e-13
9.65097e-13
1.0613e-12
1.15292e-12
1.24017e-12
1.32326e-12
1.40238e-12
1.47773e-12
1.54948e-12
1.61781e-12
1.68288e-12
1.74484e-12
1.80385e-12
1.86005e-12
1.91356e-12
1.96452e-12
2.01306e-12
2.05927e-12
2.10328e-12
2.1452e-12
2.18511e-12
2.22312e-12
2.25932e-12
2.29379e-12
2.32662e-12
2.68801e-12
3.0852e-12
3.52163e-12
4.00103e-12
4.52746e-12
5.10529e-12
5.73921e-12
6.43421e-12
7.19558e-12
8.02888e-12
8.93982e-12
9.93423e-12
1.10179e-11
1.21962e-11
1.34742e-11
1.48559e-11
1.63437e-11
1.79383e-11
1.96372e-11
2.14338e-11
2.33167e-11
2.52674e-11
2.72594e-11
2.92561e-11
3.12094e-11
3.30581e-11
3.47281e-11
3.61323e-11
3.71734e-11
3.77481e-11
3.77538e-11
3.70973e-11
3.57044e-11
3.35295e-11
3.05626e-11
2.6833e-11
2.24073e-11
1.73832e-11
1.18805e-11
6.03456e-12
-1.12635e-30
2.96497e-16
2.00444e-13
3.91099e-13
5.72668e-13
7.45582e-13
9.10252e-13
1.06707e-12
1.21641e-12
1.35862e-12
1.49405e-12
1.62302e-12
1.74583e-12
1.86279e-12
1.97416e-12
2.08022e-12
2.18121e-12
2.27739e-12
2.36898e-12
2.4562e-12
2.53925e-12
2.61834e-12
2.69366e-12
2.76539e-12
2.83369e-12
2.89873e-12
2.96067e-12
3.01966e-12
3.07583e-12
3.12933e-12
3.18027e-12
3.22878e-12
3.27498e-12
3.78352e-12
4.34236e-12
4.95629e-12
5.63052e-12
6.3707e-12
7.18285e-12
8.07344e-12
9.04933e-12
1.01177e-11
1.12861e-11
1.2562e-11
1.39531e-11
1.54667e-11
1.71095e-11
1.88872e-11
2.08036e-11
2.28603e-11
2.50551e-11
2.73812e-11
2.98253e-11
3.23662e-11
3.49725e-11
3.76005e-11
4.01923e-11
4.26744e-11
4.49568e-11
4.69336e-11
4.84863e-11
4.94885e-11
4.98144e-11
4.93491e-11
4.80003e-11
4.571e-11
4.24636e-11
3.82932e-11
3.32761e-11
2.75256e-11
2.11782e-11
1.4379e-11
7.27127e-12
-1.23383e-30
4.11575e-16
2.78229e-13
5.42869e-13
7.94896e-13
1.03491e-12
1.26347e-12
1.48114e-12
1.68842e-12
1.8858e-12
2.07377e-12
2.25277e-12
2.42322e-12
2.58554e-12
2.74011e-12
2.8873e-12
3.02746e-12
3.16093e-12
3.28803e-12
3.40906e-12
3.52432e-12
3.63407e-12
3.73858e-12
3.83811e-12
3.93289e-12
4.02314e-12
4.10909e-12
4.19093e-12
4.26887e-12
4.34309e-12
4.41377e-12
4.48108e-12
4.54518e-12
5.25069e-12
6.02583e-12
6.8772e-12
7.81194e-12
8.83773e-12
9.96278e-12
1.11958e-11
1.25461e-11
1.4023e-11
1.56365e-11
1.73964e-11
1.93121e-11
2.13926e-11
2.36454e-11
2.6076e-11
2.86872e-11
3.14773e-11
3.44388e-11
3.75568e-11
4.08064e-11
4.41503e-11
4.75365e-11
5.08957e-11
5.41392e-11
5.71582e-11
5.98249e-11
6.19954e-11
6.35165e-11
6.42354e-11
6.40123e-11
6.27354e-11
6.03343e-11
5.67912e-11
5.21458e-11
4.64923e-11
3.99689e-11
3.27407e-11
2.49802e-11
1.6848e-11
8.48217e-12
-1.30854e-30
5.66057e-16
3.82639e-13
7.46587e-13
1.09319e-12
1.42326e-12
1.73759e-12
2.03691e-12
2.32196e-12
2.59339e-12
2.85187e-12
3.09801e-12
3.33239e-12
3.55558e-12
3.76811e-12
3.97049e-12
4.1632e-12
4.34671e-12
4.52145e-12
4.68785e-12
4.84631e-12
4.99719e-12
5.14087e-12
5.27769e-12
5.40798e-12
5.53205e-12
5.65019e-12
5.7627e-12
5.86983e-12
5.97185e-12
6.069e-12
6.16152e-12
6.24962e-12
7.21923e-12
8.2843e-12
9.45379e-12
1.07374e-11
1.21453e-11
1.36887e-11
1.53791e-11
1.72286e-11
1.92496e-11
2.14546e-11
2.38559e-11
2.64648e-11
2.92913e-11
3.2343e-11
3.56239e-11
3.91329e-11
4.28621e-11
4.6794e-11
5.08994e-11
5.51342e-11
5.9436e-11
6.37214e-11
6.78837e-11
7.17913e-11
7.52895e-11
7.82041e-11
8.03496e-11
8.1541e-11
8.16095e-11
8.04202e-11
7.78896e-11
7.39981e-11
6.87968e-11
6.24037e-11
5.49909e-11
4.67637e-11
3.79359e-11
2.87059e-11
1.92361e-11
9.64307e-12
-1.35258e-30
7.73648e-16
5.22927e-13
1.02031e-12
1.49398e-12
1.94505e-12
2.3746e-12
2.78365e-12
3.17317e-12
3.54408e-12
3.89728e-12
4.2336e-12
4.55385e-12
4.85881e-12
5.14918e-12
5.42569e-12
5.68898e-12
5.93968e-12
6.17841e-12
6.40573e-12
6.62219e-12
6.8283e-12
7.02457e-12
7.21146e-12
7.38943e-12
7.55889e-12
7.72026e-12
7.87392e-12
8.02024e-12
8.15958e-12
8.29226e-12
8.41861e-12
8.53893e-12
9.86293e-12
1.13169e-11
1.29128e-11
1.46637e-11
1.65833e-11
1.8686e-11
2.09871e-11
2.35022e-11
2.62471e-11
2.92371e-11
3.24869e-11
3.60094e-11
3.98144e-11
4.39078e-11
4.82891e-11
5.29494e-11
5.78688e-11
6.30124e-11
6.83277e-11
7.37396e-11
7.91476e-11
8.44226e-11
8.94054e-11
9.39084e-11
9.77204e-11
1.00617e-10
1.02373e-10
1.02785e-10
1.01692e-10
9.89941e-11
9.46713e-11
8.87901e-11
8.14995e-11
7.3015e-11
6.35934e-11
5.35036e-11
4.2996e-11
3.22785e-11
2.14981e-11
1.07337e-11
-1.36896e-30
1.05283e-15
7.1157e-13
1.38837e-12
2.0329e-12
2.64668e-12
3.23116e-12
3.78772e-12
4.3177e-12
4.82235e-12
5.30288e-12
5.76044e-12
6.19612e-12
6.61097e-12
7.00598e-12
7.38211e-12
7.74024e-12
8.08126e-12
8.40596e-12
8.71514e-12
9.00953e-12
9.28985e-12
9.55676e-12
9.81092e-12
1.00529e-11
1.02834e-11
1.05028e-11
1.07117e-11
1.09107e-11
1.11001e-11
1.12805e-11
1.14523e-11
1.16159e-11
1.34157e-11
1.53915e-11
1.75593e-11
1.99363e-11
2.25406e-11
2.5391e-11
2.85072e-11
3.19088e-11
3.56153e-11
3.96451e-11
4.40146e-11
4.87366e-11
5.3819e-11
5.92622e-11
6.50563e-11
7.11777e-11
7.75853e-11
8.42155e-11
9.09782e-11
9.77516e-11
1.04379e-10
1.10667e-10
1.16389e-10
1.21286e-10
1.25087e-10
1.27519e-10
1.28336e-10
1.27342e-10
1.24422e-10
1.19554e-10
1.12825e-10
1.04424e-10
9.46185e-11
8.37317e-11
7.20999e-11
6.00401e-11
4.78198e-11
3.56351e-11
2.35993e-11
1.17392e-11
-7.48284e-31
1.07857e-15
7.28966e-13
1.42232e-12
2.0826e-12
2.71138e-12
3.31014e-12
3.88031e-12
4.42324e-12
4.94022e-12
5.43249e-12
5.90123e-12
6.34755e-12
6.77253e-12
7.17719e-12
7.5625e-12
7.92938e-12
8.27872e-12
8.61135e-12
8.92807e-12
9.22965e-12
9.5168e-12
9.79023e-12
1.00506e-11
1.02985e-11
1.05346e-11
1.07593e-11
1.09734e-11
1.11772e-11
1.13712e-11
1.1556e-11
1.1732e-11
1.18996e-11
1.37432e-11
1.5767e-11
1.79875e-11
2.04221e-11
2.30894e-11
2.60086e-11
2.91996e-11
3.26825e-11
3.6477e-11
4.06019e-11
4.50734e-11
4.99046e-11
5.51028e-11
6.06677e-11
6.65886e-11
7.28402e-11
7.93792e-11
8.61393e-11
9.30263e-11
9.99141e-11
1.06641e-10
1.13007e-10
1.18779e-10
1.23694e-10
1.27474e-10
1.29844e-10
1.30557e-10
1.2942e-10
1.26323e-10
1.21253e-10
1.14306e-10
1.05683e-10
9.56626e-11
8.45744e-11
7.27614e-11
6.05434e-11
4.81879e-11
3.58893e-11
2.37575e-11
1.18146e-11
-1.13771e-31
1.4281e-15
9.65104e-13
1.88305e-12
2.7572e-12
3.58963e-12
4.3823e-12
5.1371e-12
5.85581e-12
6.54016e-12
7.19177e-12
7.81221e-12
8.40296e-12
8.96544e-12
9.501e-12
1.00109e-11
1.04965e-11
1.09587e-11
1.13989e-11
1.1818e-11
1.2217e-11
1.2597e-11
1.29587e-11
1.33032e-11
1.36312e-11
1.39435e-11
1.42408e-11
1.4524e-11
1.47936e-11
1.50503e-11
1.52947e-11
1.55274e-11
1.57491e-11
1.81871e-11
2.08624e-11
2.37962e-11
2.70111e-11
3.05305e-11
3.43787e-11
3.85803e-11
4.31597e-11
4.814e-11
5.35418e-11
5.93818e-11
6.56703e-11
7.24087e-11
7.95859e-11
8.71743e-11
9.51244e-11
1.0336e-10
1.11772e-10
1.20212e-10
1.2849e-10
1.36371e-10
1.43576e-10
1.49795e-10
1.54693e-10
1.57939e-10
1.59236e-10
1.58347e-10
1.55133e-10
1.49575e-10
1.41784e-10
1.31998e-10
1.20552e-10
1.07848e-10
9.43063e-11
8.0326e-11
6.62471e-11
5.23278e-11
3.87305e-11
2.55172e-11
1.26507e-11
-1.24831e-31
1.93344e-15
1.30644e-12
2.54902e-12
3.73231e-12
4.85909e-12
5.93202e-12
6.95365e-12
7.9264e-12
8.85259e-12
9.73444e-12
1.05741e-11
1.13735e-11
1.21346e-11
1.28592e-11
1.35492e-11
1.4206e-11
1.48314e-11
1.54269e-11
1.59938e-11
1.65336e-11
1.70475e-11
1.75368e-11
1.80026e-11
1.84462e-11
1.88685e-11
1.92706e-11
1.96534e-11
2.0018e-11
2.03651e-11
2.06955e-11
2.10102e-11
2.13098e-11
2.46051e-11
2.82192e-11
3.21801e-11
3.6517e-11
4.12599e-11
4.64396e-11
5.20862e-11
5.82289e-11
6.48934e-11
7.2101e-11
7.98652e-11
8.81886e-11
9.70587e-11
1.06443e-10
1.16281e-10
1.26481e-10
1.36911e-10
1.47391e-10
1.57688e-10
1.67516e-10
1.76535e-10
1.84363e-10
1.90595e-10
1.94826e-10
1.96694e-10
1.95912e-10
1.92315e-10
1.85884e-10
1.76763e-10
1.65248e-10
1.5176e-10
1.36796e-10
1.20881e-10
1.04511e-10
8.81162e-11
7.20272e-11
5.64653e-11
4.15375e-11
2.72404e-11
1.34648e-11
-1.26024e-31
2.61487e-15
1.7666e-12
3.44684e-12
5.04686e-12
6.57043e-12
8.02112e-12
9.40239e-12
1.07175e-11
1.19696e-11
1.31617e-11
1.42967e-11
1.53772e-11
1.64059e-11
1.73853e-11
1.83176e-11
1.92053e-11
2.00503e-11
2.08548e-11
2.16208e-11
2.235e-11
2.30442e-11
2.37051e-11
2.43344e-11
2.49334e-11
2.55038e-11
2.60468e-11
2.65638e-11
2.70561e-11
2.75248e-11
2.7971e-11
2.83958e-11
2.88004e-11
3.32479e-11
3.81228e-11
4.34614e-11
4.9301e-11
5.56795e-11
6.26348e-11
7.02029e-11
7.84163e-11
8.73018e-11
9.68769e-11
1.07146e-10
1.18094e-10
1.29682e-10
1.41839e-10
1.54452e-10
1.6736e-10
1.80343e-10
1.93118e-10
2.05333e-10
2.16573e-10
2.26371e-10
2.34229e-10
2.39655e-10
2.42205e-10
2.41532e-10
2.37439e-10
2.29908e-10
2.19122e-10
2.05453e-10
1.89422e-10
1.71649e-10
1.52783e-10
1.33441e-10
1.14158e-10
9.53532e-11
7.73153e-11
6.02015e-11
4.40455e-11
2.87676e-11
1.41825e-11
-7.32438e-32
2.76284e-15
1.86651e-12
3.64177e-12
5.33227e-12
6.94197e-12
8.47468e-12
9.93402e-12
1.13235e-11
1.26463e-11
1.39058e-11
1.51048e-11
1.62463e-11
1.73331e-11
1.83677e-11
1.93527e-11
2.02904e-11
2.11831e-11
2.2033e-11
2.28421e-11
2.36124e-11
2.43457e-11
2.50439e-11
2.57086e-11
2.63414e-11
2.69438e-11
2.75174e-11
2.80635e-11
2.85835e-11
2.90785e-11
2.95498e-11
2.99985e-11
3.04258e-11
3.5123e-11
4.02711e-11
4.59078e-11
5.20722e-11
5.8804e-11
6.61421e-11
7.41237e-11
8.27817e-11
9.21426e-11
1.02222e-10
1.13023e-10
1.24525e-10
1.36682e-10
1.49414e-10
1.62595e-10
1.76048e-10
1.89532e-10
2.02742e-10
2.15299e-10
2.26762e-10
2.36638e-10
2.44408e-10
2.49567e-10
2.51668e-10
2.50379e-10
2.45525e-10
2.37128e-10
2.25416e-10
2.10808e-10
1.93872e-10
1.75261e-10
1.55649e-10
1.35666e-10
1.15849e-10
9.66093e-11
7.82254e-11
6.08399e-11
4.44716e-11
2.90259e-11
1.43035e-11
-3.41501e-32
3.53235e-15
2.38599e-12
4.6553e-12
6.81622e-12
8.8738e-12
1.08329e-11
1.26981e-11
1.44739e-11
1.61645e-11
1.7774e-11
1.93062e-11
2.07648e-11
2.21533e-11
2.34752e-11
2.47335e-11
2.59314e-11
2.70717e-11
2.81572e-11
2.91906e-11
3.01743e-11
3.11108e-11
3.20023e-11
3.28511e-11
3.3659e-11
3.44282e-11
3.51605e-11
3.58576e-11
3.65213e-11
3.71532e-11
3.77548e-11
3.83275e-11
3.88728e-11
4.4866e-11
5.14303e-11
5.86121e-11
6.64586e-11
7.50166e-11
8.43312e-11
9.44432e-11
1.05386e-10
1.17183e-10
1.2984e-10
1.4334e-10
1.57637e-10
1.72644e-10
1.88226e-10
2.04185e-10
2.20253e-10
2.36082e-10
2.51241e-10
2.65221e-10
2.77449e-10
2.87313e-10
2.94208e-10
2.97592e-10
2.97043e-10
2.92321e-10
2.83412e-10
2.70549e-10
2.54197e-10
2.35006e-10
2.13743e-10
1.91212e-10
1.68177e-10
1.453e-10
1.23106e-10
1.01961e-10
8.20778e-11
6.35277e-11
4.62574e-11
3.01049e-11
1.48081e-11
-5.03286e-32
4.77107e-15
3.22195e-12
6.28628e-12
9.20415e-12
1.19824e-11
1.46274e-11
1.71456e-11
1.95429e-11
2.1825e-11
2.39973e-11
2.60652e-11
2.80337e-11
2.99073e-11
3.16908e-11
3.33885e-11
3.50044e-11
3.65425e-11
3.80066e-11
3.94003e-11
4.07268e-11
4.19895e-11
4.31915e-11
4.43357e-11
4.54248e-11
4.64616e-11
4.74486e-11
4.83881e-11
4.92825e-11
5.01339e-11
5.09445e-11
5.17161e-11
5.24507e-11
6.05211e-11
6.93525e-11
7.90035e-11
8.95324e-11
1.00995e-10
1.13443e-10
1.26919e-10
1.41451e-10
1.57049e-10
1.73694e-10
1.9133e-10
2.09852e-10
2.29096e-10
2.48819e-10
2.68693e-10
2.88292e-10
3.07086e-10
3.24449e-10
3.39674e-10
3.52011e-10
3.60716e-10
3.65122e-10
3.64713e-10
3.59199e-10
3.48571e-10
3.33123e-10
3.13437e-10
2.90321e-10
2.64728e-10
2.37651e-10
2.10035e-10
1.82697e-10
1.56287e-10
1.31263e-10
1.079e-10
8.63074e-11
6.64519e-11
4.81861e-11
3.12639e-11
1.53481e-11
-5.25345e-32
6.4472e-15
4.3526e-12
8.49217e-12
1.24337e-11
1.61864e-11
1.9759e-11
2.316e-11
2.63974e-11
2.94789e-11
3.2412e-11
3.52037e-11
3.78608e-11
4.03897e-11
4.27967e-11
4.50875e-11
4.72678e-11
4.93429e-11
5.13178e-11
5.31975e-11
5.49865e-11
5.66893e-11
5.83099e-11
5.98525e-11
6.13207e-11
6.27181e-11
6.40483e-11
6.53144e-11
6.65196e-11
6.76668e-11
6.87588e-11
6.97983e-11
7.07878e-11
8.16529e-11
9.35293e-11
1.06489e-10
1.20603e-10
1.35935e-10
1.52538e-10
1.70449e-10
1.89682e-10
2.10214e-10
2.31979e-10
2.5485e-10
2.78624e-10
3.03007e-10
3.27593e-10
3.51859e-10
3.75153e-10
3.96703e-10
4.15637e-10
4.3103e-10
4.41967e-10
4.47625e-10
4.47373e-10
4.40861e-10
4.28085e-10
4.0942e-10
3.85591e-10
3.57605e-10
3.26642e-10
2.93933e-10
2.60641e-10
2.27776e-10
1.96137e-10
1.66292e-10
1.38586e-10
1.13166e-10
9.00178e-11
6.89947e-11
4.98515e-11
3.22594e-11
1.58103e-11
-4.92087e-32
8.71799e-15
5.88356e-12
1.1479e-11
1.68065e-11
2.18784e-11
2.67065e-11
3.13022e-11
3.56764e-11
3.98395e-11
4.38015e-11
4.75721e-11
5.11604e-11
5.45751e-11
5.78247e-11
6.0917e-11
6.38597e-11
6.666e-11
6.93248e-11
7.18606e-11
7.42739e-11
7.65704e-11
7.87559e-11
8.08358e-11
8.28152e-11
8.4699e-11
8.64919e-11
8.81983e-11
8.98223e-11
9.1368e-11
9.28392e-11
9.42395e-11
9.55723e-11
1.10197e-10
1.26162e-10
1.43553e-10
1.62451e-10
1.82923e-10
2.05017e-10
2.2875e-10
2.54099e-10
2.80983e-10
3.09247e-10
3.38644e-10
3.6881e-10
3.99249e-10
4.29314e-10
4.582e-10
4.84953e-10
5.08496e-10
5.27686e-10
5.41391e-10
5.48598e-10
5.48533e-10
5.40769e-10
5.25315e-10
5.02643e-10
4.73663e-10
4.39631e-10
4.0201e-10
3.62322e-10
3.22004e-10
2.82297e-10
2.44185e-10
2.08364e-10
1.75263e-10
1.4507e-10
1.17779e-10
9.32381e-11
7.11851e-11
5.12775e-11
3.3108e-11
1.62033e-11
-4.58565e-32
1.17992e-14
7.95954e-12
1.5529e-11
2.27356e-11
2.95959e-11
3.61257e-11
4.23405e-11
4.82549e-11
5.38831e-11
5.92386e-11
6.43346e-11
6.91833e-11
7.37968e-11
7.81863e-11
8.23626e-11
8.63362e-11
9.01168e-11
9.37139e-11
9.71364e-11
1.00393e-10
1.03491e-10
1.06439e-10
1.09244e-10
1.11914e-10
1.14454e-10
1.16871e-10
1.1917e-10
1.21359e-10
1.23442e-10
1.25424e-10
1.27311e-10
1.29106e-10
1.4879e-10
1.7024e-10
1.93557e-10
2.18827e-10
2.4611e-10
2.75431e-10
3.06762e-10
3.40007e-10
3.74977e-10
4.1137e-10
4.48737e-10
4.86468e-10
5.23761e-10
5.59621e-10
5.92865e-10
6.22161e-10
6.4609e-10
6.6325e-10
6.7239e-10
6.72556e-10
6.6323e-10
6.44435e-10
6.16774e-10
5.81388e-10
5.39843e-10
4.93959e-10
4.45622e-10
3.96603e-10
3.48433e-10
3.02314e-10
2.59102e-10
2.19319e-10
1.83199e-10
1.50742e-10
1.21777e-10
9.60074e-11
7.30566e-11
5.24897e-11
3.38266e-11
1.65352e-11
-4.25493e-32
1.59875e-14
1.07791e-11
2.10296e-11
3.0788e-11
4.00764e-11
4.89164e-11
5.73285e-11
6.53328e-11
7.29484e-11
8.01937e-11
8.70864e-11
9.36435e-11
9.9881e-11
1.05814e-10
1.11459e-10
1.16827e-10
1.21935e-10
1.26793e-10
1.31414e-10
1.3581e-10
1.39992e-10
1.4397e-10
1.47755e-10
1.51356e-10
1.54781e-10
1.5804e-10
1.61141e-10
1.64091e-10
1.66898e-10
1.69569e-10
1.7211e-10
1.74529e-10
2.01018e-10
2.29824e-10
2.61056e-10
2.94791e-10
3.31064e-10
3.69845e-10
4.11016e-10
4.5435e-10
4.99473e-10
5.45834e-10
5.92677e-10
6.39011e-10
6.83599e-10
7.24974e-10
7.61479e-10
7.91349e-10
8.12846e-10
8.24416e-10
8.24882e-10
8.13614e-10
7.90656e-10
7.56777e-10
7.13413e-10
6.62523e-10
6.06376e-10
5.47308e-10
4.8751e-10
4.28864e-10
3.72846e-10
3.20499e-10
2.72457e-10
2.29001e-10
1.90135e-10
1.55653e-10
1.2521e-10
9.83697e-11
7.46443e-11
5.35136e-11
3.44317e-11
1.68141e-11
-3.93398e-32
2.16917e-14
1.46156e-11
2.85136e-11
4.17432e-11
5.43341e-11
6.63152e-11
7.77145e-11
8.85589e-11
9.88744e-11
1.08686e-10
1.18018e-10
1.26893e-10
1.35334e-10
1.43361e-10
1.50995e-10
1.58254e-10
1.65158e-10
1.71723e-10
1.77967e-10
1.83904e-10
1.89551e-10
1.94922e-10
2.0003e-10
2.04889e-10
2.0951e-10
2.13906e-10
2.18087e-10
2.22064e-10
2.25847e-10
2.29447e-10
2.32871e-10
2.36129e-10
2.71768e-10
3.10427e-10
3.52207e-10
3.97153e-10
4.45234e-10
4.96311e-10
5.50105e-10
6.06156e-10
6.63786e-10
7.22057e-10
7.79737e-10
8.35291e-10
8.8689e-10
9.32468e-10
9.69825e-10
9.96794e-10
1.01144e-09
1.01232e-09
9.98639e-10
9.70492e-10
9.28854e-10
8.75541e-10
8.13011e-10
7.44094e-10
6.71696e-10
5.98529e-10
5.2691e-10
4.58647e-10
3.9501e-10
3.36765e-10
2.84248e-10
2.37455e-10
1.96133e-10
1.59865e-10
1.28135e-10
1.00371e-10
7.59832e-11
5.4374e-11
3.49388e-11
1.70474e-11
-3.62645e-32
2.94773e-14
1.98456e-11
3.87155e-11
5.6676e-11
7.37668e-11
9.00267e-11
1.05494e-10
1.20204e-10
1.34193e-10
1.47496e-10
1.60144e-10
1.72169e-10
1.83602e-10
1.94471e-10
2.04804e-10
2.14627e-10
2.23966e-10
2.32844e-10
2.41285e-10
2.49309e-10
2.56939e-10
2.64192e-10
2.71089e-10
2.77647e-10
2.83883e-10
2.89813e-10
2.95452e-10
3.00814e-10
3.05914e-10
3.10765e-10
3.15378e-10
3.19766e-10
3.67701e-10
4.19534e-10
4.75331e-10
5.35057e-10
5.98548e-10
6.65463e-10
7.35239e-10
8.07036e-10
8.79688e-10
9.51666e-10
1.02105e-09
1.08556e-09
1.14261e-09
1.18945e-09
1.22337e-09
1.24195e-09
1.24339e-09
1.22674e-09
1.19211e-09
1.14078e-09
1.07504e-09
9.97981e-10
9.13148e-10
8.24164e-10
7.3439e-10
6.46683e-10
5.63259e-10
4.85664e-10
4.14819e-10
3.51116e-10
2.94535e-10
2.44758e-10
2.01273e-10
1.6345e-10
1.30609e-10
1.02056e-10
7.71063e-11
5.50935e-11
3.53619e-11
1.72418e-11
-3.33474e-32
4.01281e-14
2.69898e-11
5.26508e-11
7.70717e-11
1.00306e-10
1.22405e-10
1.43421e-10
1.63403e-10
1.82399e-10
2.00456e-10
2.17618e-10
2.33929e-10
2.49431e-10
2.64162e-10
2.78162e-10
2.91465e-10
3.04107e-10
3.16121e-10
3.27539e-10
3.38389e-10
3.48701e-10
3.58501e-10
3.67817e-10
3.7667e-10
3.85086e-10
3.93087e-10
4.00692e-10
4.07922e-10
4.14796e-10
4.21332e-10
4.27546e-10
4.33456e-10
4.97889e-10
5.67296e-10
6.41645e-10
7.20743e-10
8.04173e-10
8.91244e-10
9.80914e-10
1.07174e-09
1.1618e-09
1.24871e-09
1.3296e-09
1.40123e-09
1.46014e-09
1.50294e-09
1.52659e-09
1.52884e-09
1.50851e-09
1.46581e-09
1.40234e-09
1.32104e-09
1.22581e-09
1.12109e-09
1.01143e-09
9.00985e-10
7.93295e-10
6.91076e-10
5.96207e-10
5.0979e-10
4.32278e-10
3.63622e-10
3.03413e-10
2.5101e-10
2.05642e-10
1.6648e-10
1.32691e-10
1.03468e-10
7.8044e-11
5.56927e-11
3.57136e-11
1.74033e-11
-3.06025e-32
5.4735e-14
3.67702e-11
7.17266e-11
1.04988e-10
1.36626e-10
1.6671e-10
1.95309e-10
2.22491e-10
2.48322e-10
2.72866e-10
2.96183e-10
3.18333e-10
3.39374e-10
3.59359e-10
3.78343e-10
3.96373e-10
4.13499e-10
4.29766e-10
4.45218e-10
4.59895e-10
4.73837e-10
4.87082e-10
4.99665e-10
5.1162e-10
5.22979e-10
5.33771e-10
5.44027e-10
5.53773e-10
5.63035e-10
5.71839e-10
5.80206e-10
5.8816e-10
6.74689e-10
7.67458e-10
8.66236e-10
9.70523e-10
1.07947e-09
1.19177e-09
1.30564e-09
1.41869e-09
1.5279e-09
1.62967e-09
1.71993e-09
1.79432e-09
1.84853e-09
1.87878e-09
1.8822e-09
1.85737e-09
1.80457e-09
1.72589e-09
1.62506e-09
1.50703e-09
1.37742e-09
1.2419e-09
1.10568e-09
9.73118e-10
8.47559e-10
7.31281e-10
6.25601e-10
5.31033e-10
4.47478e-10
3.74405e-10
3.11005e-10
2.56319e-10
2.0933e-10
1.69025e-10
1.34432e-10
1.04645e-10
7.88238e-11
5.61899e-11
3.6005e-11
1.75369e-11
-2.80362e-32
7.48204e-14
5.01894e-11
9.78975e-11
1.43283e-10
1.86441e-10
2.27465e-10
2.66448e-10
3.03483e-10
3.38659e-10
3.72064e-10
4.03783e-10
4.33898e-10
4.62487e-10
4.89626e-10
5.15388e-10
5.39843e-10
5.63057e-10
5.85094e-10
6.06013e-10
6.25872e-10
6.44726e-10
6.62626e-10
6.79622e-10
6.95761e-10
7.11087e-10
7.25642e-10
7.39466e-10
7.52596e-10
7.65068e-10
7.76917e-10
7.88174e-10
7.9887e-10
9.14908e-10
1.03859e-09
1.16931e-09
1.30601e-09
1.4471e-09
1.59034e-09
1.73271e-09
1.87044e-09
1.99899e-09
2.11319e-09
2.20753e-09
2.27656e-09
2.31545e-09
2.32063e-09
2.29031e-09
2.22489e-09
2.12708e-09
2.00167e-09
1.85497e-09
1.69409e-09
1.52616e-09
1.3577e-09
1.19412e-09
1.03951e-09
8.96657e-10
7.67112e-10
6.51454e-10
5.49506e-10
4.60568e-10
3.83614e-10
3.17444e-10
2.60795e-10
2.12425e-10
1.71151e-10
1.35882e-10
1.05622e-10
7.94699e-11
5.66012e-11
3.62457e-11
1.76471e-11
-2.56494e-32
1.02517e-13
6.86446e-11
1.33886e-10
1.95935e-10
2.54918e-10
3.10961e-10
3.6419e-10
4.1473e-10
4.62704e-10
5.08234e-10
5.51435e-10
5.92423e-10
6.31306e-10
6.68191e-10
7.03178e-10
7.36365e-10
7.67845e-10
7.97705e-10
8.26031e-10
8.52902e-10
8.78394e-10
9.02581e-10
9.2553e-10
9.47306e-10
9.67972e-10
9.87585e-10
1.0062e-09
1.02387e-09
1.04065e-09
1.05658e-09
1.0717e-09
1.08607e-09
1.24136e-09
1.40569e-09
1.57776e-09
1.75561e-09
1.93641e-09
2.11641e-09
2.29081e-09
2.45388e-09
2.59905e-09
2.7193e-09
2.8077e-09
2.85809e-09
2.86591e-09
2.82894e-09
2.74774e-09
2.62584e-09
2.46941e-09
2.28653e-09
2.08624e-09
1.87757e-09
1.66867e-09
1.46628e-09
1.27545e-09
1.09952e-09
9.40362e-10
7.98589e-10
6.73908e-10
5.65395e-10
4.71734e-10
3.91415e-10
3.22865e-10
2.64546e-10
2.15007e-10
1.72919e-10
1.37084e-10
1.06431e-10
8.00034e-11
5.69403e-11
3.64439e-11
1.77379e-11
-2.34389e-32
1.40821e-13
9.40854e-11
1.8349e-10
2.68495e-10
3.49264e-10
4.25966e-10
4.98773e-10
5.67854e-10
6.33379e-10
6.95516e-10
7.54427e-10
8.1027e-10
8.632e-10
9.13364e-10
9.60904e-10
1.00596e-09
1.04865e-09
1.08912e-09
1.12746e-09
1.16381e-09
1.19826e-09
1.23092e-09
1.26188e-09
1.29123e-09
1.31907e-09
1.34547e-09
1.3705e-09
1.39425e-09
1.41678e-09
1.43815e-09
1.45843e-09
1.47768e-09
1.6849e-09
1.90222e-09
2.12719e-09
2.35629e-09
2.58478e-09
2.80661e-09
3.01446e-09
3.19997e-09
3.35415e-09
3.4681e-09
3.53393e-09
3.5458e-09
3.50088e-09
3.39996e-09
3.24766e-09
3.05196e-09
2.82327e-09
2.57315e-09
2.31306e-09
2.05328e-09
1.80219e-09
1.56603e-09
1.34887e-09
1.15287e-09
9.78703e-10
8.25888e-10
6.93193e-10
5.78928e-10
4.81178e-10
3.97974e-10
3.27402e-10
2.67671e-10
2.17151e-10
1.74384e-10
1.38078e-10
1.07098e-10
8.04427e-11
5.72192e-11
3.66068e-11
1.78124e-11
-2.13986e-32
1.93957e-13
1.29238e-10
2.5202e-10
3.68715e-10
4.79537e-10
5.84712e-10
6.84469e-10
7.79043e-10
8.68667e-10
9.53573e-10
1.03399e-09
1.11014e-09
1.18223e-09
1.25049e-09
1.3151e-09
1.37626e-09
1.43416e-09
1.48897e-09
1.54085e-09
1.58997e-09
1.63649e-09
1.68053e-09
1.72224e-09
1.76175e-09
1.79917e-09
1.83463e-09
1.86822e-09
1.90006e-09
1.93023e-09
1.95883e-09
1.98595e-09
2.01167e-09
2.28708e-09
2.57272e-09
2.86419e-09
3.15552e-09
3.43902e-09
3.70536e-09
3.94381e-09
4.14279e-09
4.29081e-09
4.37766e-09
4.3958e-09
4.34155e-09
4.21603e-09
4.02529e-09
3.77972e-09
3.4928e-09
3.17942e-09
2.8542e-09
2.53014e-09
2.21775e-09
1.92471e-09
1.65596e-09
1.41405e-09
1.1996e-09
1.0119e-09
8.49297e-10
7.09593e-10
5.90357e-10
4.89107e-10
4.03454e-10
3.31176e-10
2.70262e-10
2.18925e-10
1.75592e-10
1.38896e-10
1.07646e-10
8.08034e-11
5.7448e-11
3.67403e-11
1.78735e-11
-1.95206e-32
2.6789e-13
1.77919e-10
3.46903e-10
5.07437e-10
6.59795e-10
8.04275e-10
9.41186e-10
1.07085e-09
1.19359e-09
1.30973e-09
1.41959e-09
1.52349e-09
1.62173e-09
1.7146e-09
1.8024e-09
1.8854e-09
1.96385e-09
2.03802e-09
2.10814e-09
2.17444e-09
2.23713e-09
2.29641e-09
2.35248e-09
2.40552e-09
2.4557e-09
2.50319e-09
2.54813e-09
2.59067e-09
2.63094e-09
2.66907e-09
2.70519e-09
2.73941e-09
3.10348e-09
3.47587e-09
3.84905e-09
4.21324e-09
4.55649e-09
4.86495e-09
5.12363e-09
5.31758e-09
5.43346e-09
5.46139e-09
5.39656e-09
5.24046e-09
5.00105e-09
4.69195e-09
4.33073e-09
3.93668e-09
3.5286e-09
3.12301e-09
2.73313e-09
2.36847e-09
2.03501e-09
1.73567e-09
1.47104e-09
1.24e-09
1.04032e-09
8.69169e-10
7.23418e-10
5.99935e-10
4.95719e-10
4.08005e-10
3.343e-10
2.72401e-10
2.20385e-10
1.76585e-10
1.39567e-10
1.08095e-10
8.10986e-11
5.7635e-11
3.68495e-11
1.79234e-11
-1.77961e-32
3.71067e-13
2.45467e-10
4.78532e-10
6.99818e-10
9.09672e-10
1.10848e-09
1.29667e-09
1.47467e-09
1.64293e-09
1.80192e-09
1.95208e-09
2.09387e-09
2.22771e-09
2.35404e-09
2.47327e-09
2.58578e-09
2.69196e-09
2.79216e-09
2.88674e-09
2.97601e-09
3.06028e-09
3.13985e-09
3.21499e-09
3.28595e-09
3.35299e-09
3.41633e-09
3.47618e-09
3.53276e-09
3.58626e-09
3.63684e-09
3.68469e-09
3.72995e-09
4.20778e-09
4.68812e-09
5.15852e-09
5.6036e-09
6.00543e-09
6.34446e-09
6.60107e-09
6.75764e-09
6.80103e-09
6.72485e-09
6.53097e-09
6.2299e-09
5.83961e-09
5.38319e-09
4.88582e-09
4.37181e-09
3.86234e-09
3.3741e-09
2.91889e-09
2.50393e-09
2.13258e-09
1.80523e-09
1.52021e-09
1.27451e-09
1.0644e-09
8.85888e-10
7.34981e-10
6.07906e-10
5.012e-10
4.11765e-10
3.36874e-10
2.7416e-10
2.21582e-10
1.77398e-10
1.40116e-10
1.08462e-10
8.13396e-11
5.77877e-11
3.69384e-11
1.7964e-11
-1.62154e-32
5.15436e-13
3.39346e-10
6.61418e-10
9.67007e-10
1.25654e-09
1.53051e-09
1.78949e-09
2.03408e-09
2.26492e-09
2.48264e-09
2.6879e-09
2.88133e-09
3.06356e-09
3.23522e-09
3.39689e-09
3.54915e-09
3.69253e-09
3.82758e-09
3.95477e-09
4.07458e-09
4.18746e-09
4.29382e-09
4.39406e-09
4.48856e-09
4.57765e-09
4.66168e-09
4.74094e-09
4.81574e-09
4.88633e-09
4.95297e-09
5.01591e-09
5.07535e-09
5.69661e-09
6.30757e-09
6.88843e-09
7.41584e-09
7.86413e-09
8.20729e-09
8.42179e-09
8.48989e-09
8.40278e-09
8.16276e-09
7.78366e-09
7.28935e-09
6.71042e-09
6.08002e-09
5.42992e-09
4.78741e-09
4.17371e-09
3.60352e-09
3.08553e-09
2.62353e-09
2.21756e-09
1.86511e-09
1.56212e-09
1.30367e-09
1.08461e-09
8.99839e-10
7.44584e-10
6.145e-10
5.05719e-10
4.14856e-10
3.38985e-10
2.75599e-10
2.22561e-10
1.78062e-10
1.40563e-10
1.08761e-10
8.15358e-11
5.79118e-11
3.70108e-11
1.79971e-11
-1.47687e-32
7.17868e-13
4.69939e-10
9.15745e-10
1.33839e-09
1.73838e-09
2.11634e-09
2.47304e-09
2.80931e-09
3.12604e-09
3.42414e-09
3.70454e-09
3.96818e-09
4.21596e-09
4.44878e-09
4.66752e-09
4.873e-09
5.06603e-09
5.24736e-09
5.41772e-09
5.5778e-09
5.72824e-09
5.86964e-09
6.0026e-09
6.12763e-09
6.24524e-09
6.35591e-09
6.46008e-09
6.55815e-09
6.65052e-09
6.73754e-09
6.81955e-09
6.89686e-09
7.69479e-09
8.45783e-09
9.15552e-09
9.75391e-09
1.02182e-08
1.05165e-08
1.06245e-08
1.05296e-08
1.02342e-08
9.75667e-09
9.12883e-09
8.39157e-09
7.58903e-09
6.76306e-09
5.94922e-09
5.17464e-09
4.45769e-09
3.80888e-09
3.23231e-09
2.72742e-09
2.29051e-09
1.91601e-09
1.59745e-09
1.32809e-09
1.10143e-09
9.11396e-10
7.52507e-10
6.19922e-10
5.09424e-10
4.17385e-10
3.40709e-10
2.76772e-10
2.23359e-10
1.78601e-10
1.40927e-10
1.09004e-10
8.16951e-11
5.80125e-11
3.70695e-11
1.80239e-11
-1.05766e-32
8.5905e-13
5.60423e-10
1.09191e-09
1.59554e-09
2.07184e-09
2.52154e-09
2.94551e-09
3.34476e-09
3.72034e-09
4.07337e-09
4.40499e-09
4.71633e-09
5.00852e-09
5.28265e-09
5.5398e-09
5.78099e-09
6.00721e-09
6.21939e-09
6.41843e-09
6.60515e-09
6.78036e-09
6.9448e-09
7.09918e-09
7.24414e-09
7.3803e-09
7.50824e-09
7.62849e-09
7.74155e-09
7.84789e-09
7.94794e-09
8.04211e-09
8.13077e-09
9.03853e-09
9.89089e-09
1.065e-08
1.12751e-08
1.17263e-08
1.19697e-08
1.19828e-08
1.17596e-08
1.13125e-08
1.06721e-08
9.88225e-09
8.99397e-09
8.05817e-09
7.12001e-09
6.21536e-09
5.3697e-09
4.5986e-09
3.90945e-09
3.3034e-09
2.77727e-09
2.32524e-09
1.94008e-09
1.61406e-09
1.33952e-09
1.10927e-09
9.16766e-10
7.56179e-10
6.2243e-10
5.11135e-10
4.18551e-10
3.41503e-10
2.77312e-10
2.23725e-10
1.78849e-10
1.41094e-10
1.09115e-10
8.17681e-11
5.80587e-11
3.70963e-11
1.80361e-11
-1.24605e-31
1.00087e-12
6.50896e-10
1.26803e-09
1.85254e-09
2.40499e-09
2.92618e-09
3.41711e-09
3.87893e-09
4.3129e-09
4.72032e-09
5.10255e-09
5.46093e-09
5.79681e-09
6.1115e-09
6.40627e-09
6.68235e-09
6.94092e-09
7.18309e-09
7.40992e-09
7.62242e-09
7.82152e-09
8.00812e-09
8.18305e-09
8.34709e-09
8.50095e-09
8.64533e-09
8.78085e-09
8.9081e-09
9.02763e-09
9.13996e-09
9.24556e-09
9.34486e-09
1.03538e-08
1.12846e-08
1.20922e-08
1.27294e-08
1.31523e-08
1.33265e-08
1.32333e-08
1.28745e-08
1.22741e-08
1.14749e-08
1.05321e-08
9.50538e-09
8.45061e-09
7.41461e-09
6.43242e-09
5.52712e-09
4.71131e-09
3.98929e-09
3.35946e-09
2.81636e-09
2.35235e-09
1.9588e-09
1.62694e-09
1.34836e-09
1.11533e-09
9.20903e-10
7.59003e-10
6.24356e-10
5.12447e-10
4.19445e-10
3.42111e-10
2.77725e-10
2.24005e-10
1.79039e-10
1.41222e-10
1.092e-10
8.18239e-11
5.8094e-11
3.71169e-11
1.80455e-11
-3.66994e-31
1.39482e-12
9.00349e-10
1.75345e-09
2.5606e-09
3.32233e-09
4.0396e-09
4.71376e-09
5.34639e-09
5.93926e-09
6.49426e-09
7.01335e-09
7.49851e-09
7.95169e-09
8.37485e-09
8.76984e-09
9.13849e-09
9.48252e-09
9.80357e-09
1.01032e-08
1.03829e-08
1.0644e-08
1.08879e-08
1.11157e-08
1.13286e-08
1.15276e-08
1.17136e-08
1.18877e-08
1.20506e-08
1.22032e-08
1.2346e-08
1.24799e-08
1.26055e-08
1.38562e-08
1.49569e-08
1.58437e-08
1.6455e-08
1.67408e-08
1.6672e-08
1.62477e-08
1.5498e-08
1.44807e-08
1.32714e-08
1.19517e-08
1.05975e-08
9.27161e-09
8.01975e-09
6.8712e-09
5.84101e-09
4.93339e-09
4.14504e-09
3.46793e-09
2.89148e-09
2.40414e-09
1.99439e-09
1.65133e-09
1.36504e-09
1.12672e-09
9.28673e-10
7.64298e-10
6.27961e-10
5.14901e-10
4.21114e-10
3.43246e-10
2.78496e-10
2.24528e-10
1.79392e-10
1.41459e-10
1.09359e-10
8.19277e-11
5.81596e-11
3.71551e-11
1.8063e-11
-4.69735e-31
1.92206e-12
1.23117e-09
2.39698e-09
3.49874e-09
4.53688e-09
5.51253e-09
6.42743e-09
7.28376e-09
8.084e-09
8.83084e-09
9.52708e-09
1.01756e-08
1.07792e-08
1.13408e-08
1.1863e-08
1.23486e-08
1.27999e-08
1.32194e-08
1.36095e-08
1.39721e-08
1.43092e-08
1.46229e-08
1.49147e-08
1.51863e-08
1.54391e-08
1.56747e-08
1.58942e-08
1.60989e-08
1.62898e-08
1.64679e-08
1.66343e-08
1.67897e-08
1.83017e-08
1.95552e-08
2.04634e-08
2.09514e-08
2.09702e-08
2.05088e-08
1.96012e-08
1.83229e-08
1.6778e-08
1.50805e-08
1.33366e-08
1.16324e-08
1.00295e-08
8.56575e-09
7.25935e-09
6.11404e-09
5.12386e-09
4.27704e-09
3.55894e-09
2.95399e-09
2.44695e-09
2.02364e-09
1.67128e-09
1.37863e-09
1.13597e-09
9.34967e-10
7.68578e-10
6.30871e-10
5.16879e-10
4.22457e-10
3.44158e-10
2.79115e-10
2.24947e-10
1.79676e-10
1.4165e-10
1.09486e-10
8.20109e-11
5.82122e-11
3.71857e-11
1.80769e-11
-4.27366e-31
2.55967e-12
1.62852e-09
3.16968e-09
4.62472e-09
5.99383e-09
7.27829e-09
8.48032e-09
9.60278e-09
1.0649e-08
1.16228e-08
1.25279e-08
1.33683e-08
1.4148e-08
1.48709e-08
1.55408e-08
1.61615e-08
1.67363e-08
1.72686e-08
1.77616e-08
1.82182e-08
1.86412e-08
1.90331e-08
1.93963e-08
1.9733e-08
2.00453e-08
2.03351e-08
2.06041e-08
2.0854e-08
2.10861e-08
2.1302e-08
2.15028e-08
2.16897e-08
2.34632e-08
2.48366e-08
2.56984e-08
2.59632e-08
2.55916e-08
2.4605e-08
2.30885e-08
2.11777e-08
1.90318e-08
1.68042e-08
1.46202e-08
1.25678e-08
1.06996e-08
9.03935e-09
7.5906e-09
6.34387e-09
5.28235e-09
4.38583e-09
3.63336e-09
3.00477e-09
2.48154e-09
2.04717e-09
1.68727e-09
1.38949e-09
1.14334e-09
9.39973e-10
7.71976e-10
6.33178e-10
5.18445e-10
4.2352e-10
3.44879e-10
2.79604e-10
2.25279e-10
1.799e-10
1.418e-10
1.09586e-10
8.20765e-11
5.82536e-11
3.72098e-11
1.80879e-11
-3.88754e-31
3.21612e-12
2.03588e-09
3.96171e-09
5.77858e-09
7.48635e-09
9.08644e-09
1.05815e-08
1.19752e-08
1.32717e-08
1.44758e-08
1.55925e-08
1.6627e-08
1.75843e-08
1.84695e-08
1.92876e-08
2.00434e-08
2.07414e-08
2.13859e-08
2.1981e-08
2.25304e-08
2.30378e-08
2.35064e-08
2.39394e-08
2.43395e-08
2.47094e-08
2.50515e-08
2.53681e-08
2.56611e-08
2.59326e-08
2.61842e-08
2.64174e-08
2.66339e-08
2.86427e-08
3.00992e-08
3.08687e-08
3.08586e-08
3.00447e-08
2.84882e-08
2.63326e-08
2.37782e-08
2.10399e-08
1.83063e-08
1.57155e-08
1.3351e-08
1.12514e-08
9.42376e-09
7.85622e-09
6.5263e-09
5.40709e-09
4.47086e-09
3.69119e-09
3.04404e-09
2.50818e-09
2.06523e-09
1.69951e-09
1.39779e-09
1.14897e-09
9.43786e-10
7.74561e-10
6.34931e-10
5.19634e-10
4.24327e-10
3.45426e-10
2.79975e-10
2.2553e-10
1.80069e-10
1.41914e-10
1.09662e-10
8.21262e-11
5.82849e-11
3.7228e-11
1.80962e-11
-3.53578e-31
3.75401e-12
2.36905e-09
4.60945e-09
6.72211e-09
8.70663e-09
1.05645e-08
1.22988e-08
1.39137e-08
1.54143e-08
1.6806e-08
1.80949e-08
1.9287e-08
2.03885e-08
2.14054e-08
2.23435e-08
2.32087e-08
2.40062e-08
2.47411e-08
2.54184e-08
2.60425e-08
2.66177e-08
2.71479e-08
2.76366e-08
2.80874e-08
2.85032e-08
2.88869e-08
2.92412e-08
2.95686e-08
2.9871e-08
3.01508e-08
3.04096e-08
3.06492e-08
3.28387e-08
3.4349e-08
3.50268e-08
3.47748e-08
3.35833e-08
3.15482e-08
2.88632e-08
2.57832e-08
2.25683e-08
1.94346e-08
1.65279e-08
1.39251e-08
1.16516e-08
9.70011e-09
8.04572e-09
6.65563e-09
5.49505e-09
4.53055e-09
3.73164e-09
3.07143e-09
2.52671e-09
2.07777e-09
1.708e-09
1.40354e-09
1.15286e-09
9.46419e-10
7.76345e-10
6.3614e-10
5.20453e-10
4.24883e-10
3.45803e-10
2.8023e-10
2.25702e-10
1.80186e-10
1.41993e-10
1.09714e-10
8.21603e-11
5.83065e-11
3.72405e-11
1.8102e-11
-3.21539e-31
4.0493e-12
2.55216e-09
4.96545e-09
7.24072e-09
9.37742e-09
1.13771e-08
1.3243e-08
1.49797e-08
1.65926e-08
1.80877e-08
1.94716e-08
2.07507e-08
2.19318e-08
2.30214e-08
2.40259e-08
2.49516e-08
2.58042e-08
2.65893e-08
2.73122e-08
2.79778e-08
2.85906e-08
2.9155e-08
2.96749e-08
3.01539e-08
3.05953e-08
3.10024e-08
3.13778e-08
3.17243e-08
3.20442e-08
3.23398e-08
3.2613e-08
3.28656e-08
3.51583e-08
3.67025e-08
3.73344e-08
3.69533e-08
3.55565e-08
3.32584e-08
3.02801e-08
2.69067e-08
2.34246e-08
2.0066e-08
1.69815e-08
1.42449e-08
1.1874e-08
9.85329e-09
8.15053e-09
6.72701e-09
5.54352e-09
4.5634e-09
3.75387e-09
3.08646e-09
2.53688e-09
2.08464e-09
1.71265e-09
1.40668e-09
1.15498e-09
9.4786e-10
7.77321e-10
6.36801e-10
5.20902e-10
4.25186e-10
3.46009e-10
2.8037e-10
2.25797e-10
1.8025e-10
1.42036e-10
1.09743e-10
8.2179e-11
5.83183e-11
3.72474e-11
1.81051e-11
-2.92362e-31
4.0413e-12
2.5481e-09
4.95762e-09
7.22947e-09
9.36313e-09
1.13602e-08
1.32239e-08
1.49587e-08
1.65701e-08
1.80641e-08
1.94471e-08
2.07257e-08
2.19066e-08
2.29962e-08
2.40009e-08
2.4927e-08
2.57801e-08
2.65659e-08
2.72897e-08
2.79562e-08
2.857e-08
2.91355e-08
2.96564e-08
3.01365e-08
3.05791e-08
3.09873e-08
3.1364e-08
3.17116e-08
3.20327e-08
3.23294e-08
3.26038e-08
3.28576e-08
3.51646e-08
3.67277e-08
3.73817e-08
3.70236e-08
3.56475e-08
3.33638e-08
3.0391e-08
2.70136e-08
2.35199e-08
2.01452e-08
1.70439e-08
1.4292e-08
1.19085e-08
9.87798e-09
8.16793e-09
6.73913e-09
5.5519e-09
4.56915e-09
3.75781e-09
3.08915e-09
2.53871e-09
2.08589e-09
1.71349e-09
1.40725e-09
1.15537e-09
9.48123e-10
7.775e-10
6.36923e-10
5.20984e-10
4.25242e-10
3.46047e-10
2.80395e-10
2.25814e-10
1.80261e-10
1.42044e-10
1.09748e-10
8.21826e-11
5.83206e-11
3.72487e-11
1.81057e-11
-2.65796e-31
3.74425e-12
2.36554e-09
4.60283e-09
6.71291e-09
8.69548e-09
1.05521e-08
1.22858e-08
1.39008e-08
1.5402e-08
1.67951e-08
1.80858e-08
1.92803e-08
2.03846e-08
2.14047e-08
2.23464e-08
2.32154e-08
2.40169e-08
2.4756e-08
2.54376e-08
2.60662e-08
2.66458e-08
2.71805e-08
2.76737e-08
2.81289e-08
2.85492e-08
2.89373e-08
2.92959e-08
2.96274e-08
2.9934e-08
3.02177e-08
3.04804e-08
3.07238e-08
3.29587e-08
3.45244e-08
3.52636e-08
3.50723e-08
3.39314e-08
3.19272e-08
2.92467e-08
2.61438e-08
2.28848e-08
1.96958e-08
1.67327e-08
1.40794e-08
1.17645e-08
9.78098e-09
8.10275e-09
6.69538e-09
5.52254e-09
4.54945e-09
3.74457e-09
3.08025e-09
2.53272e-09
2.08186e-09
1.71078e-09
1.40542e-09
1.15414e-09
9.47288e-10
7.76935e-10
6.3654e-10
5.20725e-10
4.25067e-10
3.45928e-10
2.80315e-10
2.2576e-10
1.80225e-10
1.42019e-10
1.09732e-10
8.2172e-11
5.83139e-11
3.72449e-11
1.81039e-11
-2.41612e-31
3.2257e-12
2.04586e-09
3.98144e-09
5.80803e-09
7.52562e-09
9.13572e-09
1.0641e-08
1.20452e-08
1.33524e-08
1.45674e-08
1.56951e-08
1.67407e-08
1.77093e-08
1.86058e-08
1.94351e-08
2.02021e-08
2.09111e-08
2.15666e-08
2.21724e-08
2.27323e-08
2.325e-08
2.37287e-08
2.41714e-08
2.4581e-08
2.49601e-08
2.53112e-08
2.56363e-08
2.59377e-08
2.62172e-08
2.64764e-08
2.67171e-08
2.69406e-08
2.90307e-08
3.05786e-08
3.14431e-08
3.15209e-08
3.07739e-08
2.92493e-08
2.70815e-08
2.44709e-08
2.16428e-08
1.88026e-08
1.61052e-08
1.36456e-08
1.14677e-08
9.57925e-09
7.96623e-09
6.60324e-09
5.46043e-09
4.50761e-09
3.71639e-09
3.06127e-09
2.51993e-09
2.07323e-09
1.70495e-09
1.40149e-09
1.15148e-09
9.4549e-10
7.75719e-10
6.35717e-10
5.20168e-10
4.24689e-10
3.45672e-10
2.80142e-10
2.25643e-10
1.80146e-10
1.41966e-10
1.09697e-10
8.2149e-11
5.82994e-11
3.72365e-11
1.81001e-11
-1.14887e-31
2.66558e-12
1.69917e-09
3.30745e-09
4.82631e-09
6.25602e-09
7.598e-09
8.85458e-09
1.00287e-08
1.1124e-08
1.21441e-08
1.3093e-08
1.39749e-08
1.47939e-08
1.55539e-08
1.62588e-08
1.69125e-08
1.75185e-08
1.80803e-08
1.86011e-08
1.90839e-08
1.95316e-08
1.99467e-08
2.03319e-08
2.06894e-08
2.10212e-08
2.13294e-08
2.16158e-08
2.18821e-08
2.21297e-08
2.23601e-08
2.25747e-08
2.27745e-08
2.46818e-08
2.61802e-08
2.71479e-08
2.74858e-08
2.71402e-08
2.61209e-08
2.45091e-08
2.24474e-08
2.01132e-08
1.7684e-08
1.53076e-08
1.30872e-08
1.10817e-08
9.31475e-09
7.78604e-09
6.48095e-09
5.37764e-09
4.45164e-09
3.67859e-09
3.03574e-09
2.50269e-09
2.06158e-09
1.69708e-09
1.39617e-09
1.14788e-09
9.43056e-10
7.74071e-10
6.34601e-10
5.19411e-10
4.24177e-10
3.45325e-10
2.79907e-10
2.25484e-10
1.80039e-10
1.41894e-10
1.09649e-10
8.21177e-11
5.82798e-11
3.72251e-11
1.80949e-11
3.19676e-34
2.18256e-12
1.39834e-09
2.72247e-09
3.97389e-09
5.1531e-09
6.26138e-09
7.30073e-09
8.27358e-09
9.18277e-09
1.00313e-08
1.08225e-08
1.15594e-08
1.22453e-08
1.28835e-08
1.3477e-08
1.40288e-08
1.45417e-08
1.50185e-08
1.54617e-08
1.58738e-08
1.6257e-08
1.66133e-08
1.69449e-08
1.72534e-08
1.75407e-08
1.78083e-08
1.80576e-08
1.829e-08
1.85068e-08
1.87091e-08
1.88979e-08
1.90743e-08
2.07883e-08
2.22027e-08
2.32147e-08
2.37337e-08
2.36986e-08
2.30939e-08
2.19599e-08
2.03905e-08
1.85183e-08
1.64893e-08
1.44374e-08
1.24669e-08
1.06465e-08
9.01289e-09
7.57836e-09
6.33887e-09
5.28084e-09
4.38586e-09
3.63397e-09
3.0055e-09
2.48221e-09
2.04772e-09
1.6877e-09
1.38982e-09
1.14358e-09
9.40142e-10
7.72096e-10
6.33262e-10
5.18504e-10
4.23562e-10
3.44908e-10
2.79624e-10
2.25293e-10
1.7991e-10
1.41808e-10
1.09591e-10
8.20802e-11
5.82561e-11
3.72113e-11
1.80887e-11
3.51524e-34
1.77142e-12
1.14065e-09
2.22121e-09
3.2432e-09
4.2072e-09
5.11438e-09
5.9664e-09
6.76526e-09
7.51323e-09
8.21273e-09
8.86627e-09
9.4764e-09
1.00456e-08
1.05765e-08
1.10715e-08
1.15328e-08
1.19627e-08
1.23634e-08
1.27368e-08
1.30849e-08
1.34095e-08
1.37122e-08
1.39945e-08
1.42579e-08
1.45038e-08
1.47335e-08
1.4948e-08
1.51485e-08
1.5336e-08
1.55114e-08
1.56755e-08
1.58292e-08
1.73466e-08
1.86517e-08
1.96597e-08
2.02912e-08
2.0484e-08
2.02073e-08
1.94715e-08
1.83318e-08
1.68807e-08
1.52321e-08
1.35009e-08
1.17861e-08
1.01608e-08
8.67134e-09
7.34069e-09
6.17478e-09
5.16818e-09
4.30883e-09
3.58146e-09
2.96978e-09
2.45794e-09
2.03125e-09
1.67652e-09
1.38224e-09
1.13844e-09
9.36655e-10
7.69731e-10
6.31658e-10
5.17416e-10
4.22823e-10
3.44408e-10
2.79285e-10
2.25063e-10
1.79755e-10
1.41704e-10
1.09522e-10
8.20349e-11
5.82276e-11
3.71947e-11
1.80811e-11
3.86517e-34
1.42587e-12
9.22649e-10
1.79706e-09
2.62467e-09
3.40608e-09
4.14235e-09
4.83485e-09
5.4852e-09
6.09522e-09
6.6668e-09
7.20191e-09
7.70255e-09
8.17069e-09
8.60826e-09
9.01716e-09
9.3992e-09
9.75612e-09
1.00896e-08
1.04011e-08
1.06922e-08
1.09643e-08
1.12187e-08
1.14565e-08
1.1679e-08
1.18872e-08
1.20821e-08
1.22645e-08
1.24355e-08
1.25957e-08
1.27459e-08
1.28868e-08
1.3019e-08
1.43429e-08
1.55222e-08
1.6489e-08
1.71759e-08
1.75242e-08
1.74955e-08
1.70803e-08
1.63043e-08
1.52263e-08
1.39297e-08
1.25077e-08
1.10487e-08
9.6251e-09
8.28871e-09
7.07098e-09
5.98657e-09
5.03783e-09
4.21907e-09
3.5199e-09
2.9277e-09
2.42924e-09
2.0117e-09
1.66323e-09
1.3732e-09
1.1323e-09
9.32486e-10
7.669e-10
6.29736e-10
5.1611e-10
4.21937e-10
3.43806e-10
2.78877e-10
2.24787e-10
1.79569e-10
1.41579e-10
1.09439e-10
8.19805e-11
5.81932e-11
3.71748e-11
1.8072e-11
2.38511e-34
1.37349e-12
8.89479e-10
1.73252e-09
2.53052e-09
3.2841e-09
3.99429e-09
4.66242e-09
5.29006e-09
5.87894e-09
6.43089e-09
6.9478e-09
7.43158e-09
7.88411e-09
8.30726e-09
8.70283e-09
9.07256e-09
9.41811e-09
9.74107e-09
1.00429e-08
1.03251e-08
1.0589e-08
1.08357e-08
1.10665e-08
1.12825e-08
1.14847e-08
1.1674e-08
1.18514e-08
1.20176e-08
1.21734e-08
1.23196e-08
1.24567e-08
1.25854e-08
1.38773e-08
1.50344e-08
1.59914e-08
1.66828e-08
1.70511e-08
1.7057e-08
1.66886e-08
1.59674e-08
1.49473e-08
1.37068e-08
1.23353e-08
1.0919e-08
9.52984e-09
8.22002e-09
7.02217e-09
5.95227e-09
5.01395e-09
4.20255e-09
3.50853e-09
2.9199e-09
2.42391e-09
2.00806e-09
1.66075e-09
1.37151e-09
1.13115e-09
9.31705e-10
7.6637e-10
6.29375e-10
5.15866e-10
4.21771e-10
3.43694e-10
2.78801e-10
2.24736e-10
1.79534e-10
1.41555e-10
1.09423e-10
8.19702e-11
5.81867e-11
3.7171e-11
1.80703e-11
2.22552e-34
1.1387e-12
7.40318e-10
1.44221e-09
2.10699e-09
2.73526e-09
3.32792e-09
3.88613e-09
4.41118e-09
4.90451e-09
5.36759e-09
5.80197e-09
6.20919e-09
6.59077e-09
6.94821e-09
7.28296e-09
7.59642e-09
7.88993e-09
8.16476e-09
8.42213e-09
8.66317e-09
8.88897e-09
9.10054e-09
9.29882e-09
9.4847e-09
9.65901e-09
9.82253e-09
9.97598e-09
1.012e-08
1.02553e-08
1.03824e-08
1.05018e-08
1.06141e-08
1.1753e-08
1.27985e-08
1.36976e-08
1.43947e-08
1.48378e-08
1.49863e-08
1.4819e-08
1.43406e-08
1.35833e-08
1.26031e-08
1.14712e-08
1.02617e-08
9.04184e-09
7.86491e-09
6.76788e-09
5.77245e-09
4.88803e-09
4.11505e-09
3.44807e-09
2.87832e-09
2.3954e-09
1.98857e-09
1.64745e-09
1.36244e-09
1.12498e-09
9.27504e-10
7.63512e-10
6.27433e-10
5.14545e-10
4.20874e-10
3.43084e-10
2.78388e-10
2.24456e-10
1.79344e-10
1.41428e-10
1.09339e-10
8.19149e-11
5.81518e-11
3.71507e-11
1.8061e-11
4.31071e-34
9.02739e-13
5.89551e-10
1.14871e-09
1.67865e-09
2.17993e-09
2.65333e-09
3.09979e-09
3.52035e-09
3.91613e-09
4.28828e-09
4.638e-09
4.96648e-09
5.27487e-09
5.56434e-09
5.83598e-09
6.09087e-09
6.33005e-09
6.55447e-09
6.76507e-09
6.96273e-09
7.14827e-09
7.32248e-09
7.48608e-09
7.63977e-09
7.78417e-09
7.91991e-09
8.04752e-09
8.16755e-09
8.28047e-09
8.38675e-09
8.48682e-09
8.58105e-09
9.54752e-09
1.04581e-08
1.12724e-08
1.19461e-08
1.24348e-08
1.27001e-08
1.27151e-08
1.24709e-08
1.19798e-08
1.12754e-08
1.04076e-08
9.435e-09
8.41598e-09
7.40153e-09
6.43102e-09
5.53119e-09
4.71727e-09
3.99531e-09
3.36473e-09
2.82064e-09
2.35566e-09
1.96128e-09
1.62876e-09
1.34967e-09
1.11626e-09
9.21559e-10
7.59463e-10
6.24676e-10
5.1267e-10
4.19599e-10
3.42218e-10
2.77799e-10
2.24057e-10
1.79075e-10
1.41247e-10
1.09218e-10
8.18359e-11
5.8102e-11
3.71218e-11
1.80478e-11
5.13522e-34
7.10971e-13
4.6627e-10
9.08662e-10
1.32818e-09
1.72535e-09
2.10082e-09
2.45535e-09
2.78976e-09
3.10494e-09
3.40178e-09
3.68119e-09
3.94408e-09
4.19135e-09
4.42386e-09
4.64248e-09
4.848e-09
5.04122e-09
5.22286e-09
5.39365e-09
5.55425e-09
5.70529e-09
5.84736e-09
5.98104e-09
6.10683e-09
6.22525e-09
6.33675e-09
6.44177e-09
6.5407e-09
6.63394e-09
6.72183e-09
6.80471e-09
6.88288e-09
7.69255e-09
8.47274e-09
9.19335e-09
9.82011e-09
1.03169e-08
1.06494e-08
1.07897e-08
1.07212e-08
1.04428e-08
9.97038e-09
9.33566e-09
8.58138e-09
7.75498e-09
6.90204e-09
6.06134e-09
5.26228e-09
4.5244e-09
3.85856e-09
3.26865e-09
2.75363e-09
2.30919e-09
1.9292e-09
1.60669e-09
1.33453e-09
1.10589e-09
9.14476e-10
7.54628e-10
6.21379e-10
5.10423e-10
4.18069e-10
3.41178e-10
2.77093e-10
2.23578e-10
1.78751e-10
1.41029e-10
1.09073e-10
8.17408e-11
5.80419e-11
3.70868e-11
1.80319e-11
5.64384e-34
5.56611e-13
3.66458e-10
7.14262e-10
1.04427e-09
1.35693e-09
1.65279e-09
1.93246e-09
2.1966e-09
2.44587e-09
2.68099e-09
2.90264e-09
3.11152e-09
3.3083e-09
3.49366e-09
3.66823e-09
3.83263e-09
3.98746e-09
4.13326e-09
4.27059e-09
4.39994e-09
4.5218e-09
4.63663e-09
4.74484e-09
4.84684e-09
4.94302e-09
5.03371e-09
5.11926e-09
5.19999e-09
5.27617e-09
5.34809e-09
5.416e-09
5.48014e-09
6.15027e-09
6.80865e-09
7.43348e-09
7.999e-09
8.47677e-09
8.83789e-09
9.05618e-09
9.11201e-09
8.99597e-09
8.71147e-09
8.27533e-09
7.71586e-09
7.06876e-09
6.37208e-09
5.66137e-09
4.96627e-09
4.30893e-09
3.70382e-09
3.15876e-09
2.67629e-09
2.25515e-09
1.89166e-09
1.58073e-09
1.31664e-09
1.0936e-09
9.06053e-10
7.48864e-10
6.17441e-10
5.07736e-10
4.16237e-10
3.3993e-10
2.76244e-10
2.23002e-10
1.78361e-10
1.40767e-10
1.08898e-10
8.16263e-11
5.79696e-11
3.70447e-11
1.80127e-11
6.20171e-34
4.33441e-13
2.86379e-10
5.58261e-10
8.16357e-10
1.06106e-09
1.29282e-09
1.51211e-09
1.71946e-09
1.91538e-09
2.10042e-09
2.2751e-09
2.43995e-09
2.59549e-09
2.74221e-09
2.88061e-09
3.01115e-09
3.13427e-09
3.25041e-09
3.35996e-09
3.4633e-09
3.56081e-09
3.65282e-09
3.73967e-09
3.82165e-09
3.89905e-09
3.97215e-09
4.0412e-09
4.10643e-09
4.16808e-09
4.22635e-09
4.28144e-09
4.33353e-09
4.88194e-09
5.42984e-09
5.96186e-09
6.4592e-09
6.90019e-09
7.26157e-09
7.52055e-09
7.65745e-09
7.65877e-09
7.51986e-09
7.2465e-09
6.85482e-09
6.36932e-09
5.81938e-09
5.23534e-09
4.64498e-09
4.07112e-09
3.53058e-09
3.03421e-09
2.58771e-09
2.19271e-09
1.84796e-09
1.55033e-09
1.29559e-09
1.07908e-09
8.96062e-10
7.42008e-10
6.12745e-10
5.04525e-10
4.14045e-10
3.38435e-10
2.75226e-10
2.2231e-10
1.77893e-10
1.40451e-10
1.08687e-10
8.14884e-11
5.78824e-11
3.6994e-11
1.79895e-11
6.81324e-34
3.35927e-13
2.22661e-10
4.34105e-10
6.3492e-10
8.25433e-10
1.00601e-09
1.17703e-09
1.33889e-09
1.492e-09
1.63678e-09
1.77362e-09
1.90293e-09
2.0251e-09
2.1405e-09
2.2495e-09
2.35245e-09
2.44968e-09
2.54152e-09
2.62828e-09
2.71023e-09
2.78766e-09
2.86082e-09
2.92996e-09
2.99531e-09
3.05709e-09
3.1155e-09
3.17075e-09
3.223e-09
3.27244e-09
3.31922e-09
3.36349e-09
3.40541e-09
3.84956e-09
4.29976e-09
4.74548e-09
5.17337e-09
5.56745e-09
5.90975e-09
6.18147e-09
6.36478e-09
6.44505e-09
6.4132e-09
6.2676e-09
6.01498e-09
5.67003e-09
5.25346e-09
4.78926e-09
4.30162e-09
3.81229e-09
3.33896e-09
2.89451e-09
2.48716e-09
2.12112e-09
1.79743e-09
1.51491e-09
1.27092e-09
1.06197e-09
8.84245e-10
7.33871e-10
6.07156e-10
5.00694e-10
4.11423e-10
3.36644e-10
2.74006e-10
2.2148e-10
1.7733e-10
1.40072e-10
1.08434e-10
8.13223e-11
5.77774e-11
3.69329e-11
1.79616e-11
7.48312e-34
2.59262e-13
1.72335e-10
3.36028e-10
4.91554e-10
6.39184e-10
7.79208e-10
9.11929e-10
1.03766e-09
1.15671e-09
1.26939e-09
1.37602e-09
1.47689e-09
1.5723e-09
1.66253e-09
1.74786e-09
1.82855e-09
1.90486e-09
1.97702e-09
2.04526e-09
2.10981e-09
2.17086e-09
2.22862e-09
2.28326e-09
2.33497e-09
2.38391e-09
2.43023e-09
2.47408e-09
2.5156e-09
2.55492e-09
2.59216e-09
2.62744e-09
2.66087e-09
3.01718e-09
3.38288e-09
3.75094e-09
4.11218e-09
4.45517e-09
4.7665e-09
5.03138e-09
5.23476e-09
5.36278e-09
5.40464e-09
5.35435e-09
5.2121e-09
4.98475e-09
4.68518e-09
4.33074e-09
3.94089e-09
3.5349e-09
3.12991e-09
2.7397e-09
2.37422e-09
2.03975e-09
1.73943e-09
1.47392e-09
1.24216e-09
1.04191e-09
8.70321e-10
7.24243e-10
6.0052e-10
4.96133e-10
4.08295e-10
3.34504e-10
2.72544e-10
2.20485e-10
1.76655e-10
1.39616e-10
1.0813e-10
8.11225e-11
5.7651e-11
3.68592e-11
1.7928e-11
8.21625e-34
1.99359e-13
1.32851e-10
2.59065e-10
3.79025e-10
4.9295e-10
6.01071e-10
7.03626e-10
8.00855e-10
8.92998e-10
9.80293e-10
1.06297e-09
1.14127e-09
1.2154e-09
1.28559e-09
1.35203e-09
1.41493e-09
1.47447e-09
1.53083e-09
1.5842e-09
1.63472e-09
1.68256e-09
1.72786e-09
1.77076e-09
1.8114e-09
1.8499e-09
1.88637e-09
1.92093e-09
1.95368e-09
1.98472e-09
2.01415e-09
2.04205e-09
2.06851e-09
2.3519e-09
2.64589e-09
2.94596e-09
3.24596e-09
3.53796e-09
3.8123e-09
4.05781e-09
4.26243e-09
4.41416e-09
4.50226e-09
4.5188e-09
4.45991e-09
4.32681e-09
4.12599e-09
3.86854e-09
3.56882e-09
3.24263e-09
2.90533e-09
2.57047e-09
2.24885e-09
1.94823e-09
1.67343e-09
1.42683e-09
1.20885e-09
1.01852e-09
8.53985e-10
7.12893e-10
5.92666e-10
4.90715e-10
4.0457e-10
3.31948e-10
2.70796e-10
2.19292e-10
1.75844e-10
1.39069e-10
1.07763e-10
8.08821e-11
5.74988e-11
3.67705e-11
1.78875e-11
9.01775e-34
1.52806e-13
1.02052e-10
1.99025e-10
2.9122e-10
3.78814e-10
4.6199e-10
5.40933e-10
6.15827e-10
6.86857e-10
7.54203e-10
8.18044e-10
8.78552e-10
9.35893e-10
9.90229e-10
1.04171e-09
1.0905e-09
1.13672e-09
1.18052e-09
1.22202e-09
1.26135e-09
1.29863e-09
1.33396e-09
1.36744e-09
1.39919e-09
1.42928e-09
1.45782e-09
1.48488e-09
1.51055e-09
1.53489e-09
1.55799e-09
1.5799e-09
1.60069e-09
1.82436e-09
2.05854e-09
2.30042e-09
2.54602e-09
2.79001e-09
3.02564e-09
3.2448e-09
3.43826e-09
3.59624e-09
3.70916e-09
3.76876e-09
3.76919e-09
3.70804e-09
3.58704e-09
3.41206e-09
3.19253e-09
2.94028e-09
2.66809e-09
2.38827e-09
2.11157e-09
1.84649e-09
1.59912e-09
1.37321e-09
1.17055e-09
9.91397e-10
8.3492e-10
6.99571e-10
5.83402e-10
4.84301e-10
4.00144e-10
3.28904e-10
2.68708e-10
2.17865e-10
1.74873e-10
1.38412e-10
1.07324e-10
8.0593e-11
5.73156e-11
3.66637e-11
1.78387e-11
9.89286e-34
1.16797e-13
7.81529e-11
1.52427e-10
2.23061e-10
2.90195e-10
3.53972e-10
4.14535e-10
4.72027e-10
5.26587e-10
5.78354e-10
6.27462e-10
6.7404e-10
7.18215e-10
7.60108e-10
7.99834e-10
8.37506e-10
8.73229e-10
9.07105e-10
9.39231e-10
9.69699e-10
9.98596e-10
1.026e-09
1.052e-09
1.07667e-09
1.10007e-09
1.12227e-09
1.14334e-09
1.16334e-09
1.18232e-09
1.20033e-09
1.21744e-09
1.23367e-09
1.40901e-09
1.59402e-09
1.78706e-09
1.98563e-09
2.18628e-09
2.38444e-09
2.57441e-09
2.74941e-09
2.90187e-09
3.02386e-09
3.10778e-09
3.14724e-09
3.13792e-09
3.07841e-09
2.9706e-09
2.81968e-09
2.63359e-09
2.42204e-09
2.19538e-09
1.96349e-09
1.73491e-09
1.5164e-09
1.31275e-09
1.12689e-09
9.60194e-10
8.1281e-10
6.84015e-10
5.72525e-10
4.76733e-10
3.94901e-10
3.25286e-10
2.6622e-10
2.16161e-10
1.73711e-10
1.37624e-10
1.06796e-10
8.02457e-11
5.70954e-11
3.65352e-11
1.77799e-11
1.08468e-33
8.90578e-14
5.96899e-11
1.16425e-10
1.70392e-10
2.21701e-10
2.70464e-10
3.1679e-10
3.6079e-10
4.0257e-10
4.42234e-10
4.79884e-10
5.15618e-10
5.4953e-10
5.81712e-10
6.12251e-10
6.41229e-10
6.68728e-10
6.94823e-10
7.19586e-10
7.43086e-10
7.6539e-10
7.86558e-10
8.06652e-10
8.25725e-10
8.43832e-10
8.61023e-10
8.77345e-10
8.92844e-10
9.07563e-10
9.21542e-10
9.3482e-10
9.47432e-10
1.08405e-09
1.22917e-09
1.38188e-09
1.54071e-09
1.70348e-09
1.86721e-09
2.02802e-09
2.18112e-09
2.32089e-09
2.44112e-09
2.5354e-09
2.5977e-09
2.62306e-09
2.60832e-09
2.55267e-09
2.45802e-09
2.32887e-09
2.17183e-09
1.99489e-09
1.80642e-09
1.61437e-09
1.42557e-09
1.24539e-09
1.07764e-09
9.24605e-10
7.87355e-10
6.65966e-10
5.59818e-10
4.67842e-10
3.88713e-10
3.20999e-10
2.63263e-10
2.14129e-10
1.72323e-10
1.36682e-10
1.06163e-10
7.98289e-11
5.68308e-11
3.63807e-11
1.77092e-11
1.18848e-33
6.77641e-14
4.54822e-11
8.87178e-11
1.29852e-10
1.68971e-10
2.06161e-10
2.41508e-10
2.75093e-10
3.06999e-10
3.37305e-10
3.66087e-10
3.9342e-10
4.19374e-10
4.44017e-10
4.67416e-10
4.89633e-10
5.10727e-10
5.30756e-10
5.49773e-10
5.67832e-10
5.8498e-10
6.01264e-10
6.1673e-10
6.31418e-10
6.4537e-10
6.58622e-10
6.71211e-10
6.8317e-10
6.94533e-10
7.0533e-10
7.15589e-10
7.25338e-10
8.31223e-10
9.44339e-10
1.06424e-09
1.19009e-09
1.3206e-09
1.45387e-09
1.58738e-09
1.71783e-09
1.84123e-09
1.95293e-09
2.04785e-09
2.12081e-09
2.16703e-09
2.18264e-09
2.16532e-09
2.11467e-09
2.03247e-09
1.9226e-09
1.79055e-09
1.64284e-09
1.48629e-09
1.32729e-09
1.17133e-09
1.0227e-09
8.84416e-10
7.58302e-10
6.45174e-10
5.45067e-10
4.57454e-10
3.81443e-10
3.15938e-10
2.59758e-10
2.11714e-10
1.70668e-10
1.35556e-10
1.05406e-10
7.93292e-11
5.65132e-11
3.61951e-11
1.76243e-11
1.30115e-33
5.14677e-14
3.45859e-11
6.74667e-11
9.87545e-11
1.28517e-10
1.56819e-10
1.83727e-10
2.09305e-10
2.33613e-10
2.56712e-10
2.7866e-10
2.99512e-10
3.19322e-10
3.3814e-10
3.56017e-10
3.73e-10
3.89132e-10
4.04457e-10
4.19015e-10
4.32846e-10
4.45986e-10
4.5847e-10
4.70331e-10
4.81602e-10
4.92312e-10
5.02489e-10
5.12161e-10
5.21353e-10
5.3009e-10
5.38395e-10
5.46289e-10
5.53793e-10
6.35484e-10
7.23172e-10
8.16685e-10
9.15605e-10
1.0192e-09
1.12633e-09
1.23538e-09
1.34419e-09
1.45002e-09
1.54952e-09
1.63887e-09
1.71392e-09
1.77048e-09
1.80474e-09
1.8137e-09
1.79562e-09
1.75038e-09
1.6796e-09
1.58655e-09
1.47579e-09
1.35268e-09
1.22273e-09
1.09111e-09
9.6224e-10
8.39557e-10
7.25472e-10
6.2143e-10
5.28068e-10
4.45389e-10
3.72943e-10
3.0999e-10
2.55619e-10
2.08851e-10
1.687e-10
1.34214e-10
1.04501e-10
7.8731e-11
5.61326e-11
3.59723e-11
1.75223e-11
1.4231e-33
3.90281e-14
2.62534e-11
5.12145e-11
7.49697e-11
9.7571e-11
1.19069e-10
1.39514e-10
1.58954e-10
1.77435e-10
1.95004e-10
2.11703e-10
2.27575e-10
2.4266e-10
2.56996e-10
2.7062e-10
2.83568e-10
2.95873e-10
3.07566e-10
3.1868e-10
3.29243e-10
3.39281e-10
3.48823e-10
3.57892e-10
3.66513e-10
3.74708e-10
3.82498e-10
3.89904e-10
3.96945e-10
4.03639e-10
4.10005e-10
4.16057e-10
4.21813e-10
4.84585e-10
5.52238e-10
6.24756e-10
7.01967e-10
7.83491e-10
8.68683e-10
9.56562e-10
1.04575e-09
1.13443e-09
1.2203e-09
1.30059e-09
1.37214e-09
1.43157e-09
1.47549e-09
1.50087e-09
1.50535e-09
1.48766e-09
1.4478e-09
1.38723e-09
1.3087e-09
1.21599e-09
1.11347e-09
1.00564e-09
8.96676e-10
7.90139e-10
6.88799e-10
5.94583e-10
5.08645e-10
4.31479e-10
3.63069e-10
3.03034e-10
2.50753e-10
2.0547e-10
1.66366e-10
1.32617e-10
1.03422e-10
7.80163e-11
5.56769e-11
3.57054e-11
1.73999e-11
1.55464e-33
2.95537e-14
1.98973e-11
3.88166e-11
5.68239e-11
7.39594e-11
9.02619e-11
1.05769e-10
1.20518e-10
1.34544e-10
1.47882e-10
1.60563e-10
1.7262e-10
1.84083e-10
1.94981e-10
2.05342e-10
2.15191e-10
2.24555e-10
2.33457e-10
2.41921e-10
2.49967e-10
2.57617e-10
2.6489e-10
2.71806e-10
2.78382e-10
2.84634e-10
2.9058e-10
2.96235e-10
3.01612e-10
3.06726e-10
3.1159e-10
3.16216e-10
3.20616e-10
3.68684e-10
4.20664e-10
4.76623e-10
5.36528e-10
6.00216e-10
6.67349e-10
7.37362e-10
8.09418e-10
8.82351e-10
9.54628e-10
1.02433e-09
1.08916e-09
1.14653e-09
1.19366e-09
1.22783e-09
1.24661e-09
1.24814e-09
1.23148e-09
1.19672e-09
1.14514e-09
1.07903e-09
1.00154e-09
9.16221e-10
8.26745e-10
7.365e-10
6.48367e-10
5.64574e-10
4.86671e-10
4.15578e-10
3.51681e-10
2.94951e-10
2.45062e-10
2.01494e-10
1.6361e-10
1.30724e-10
1.02138e-10
7.71641e-11
5.51326e-11
3.53861e-11
1.72534e-11
1.69591e-33
2.23514e-14
1.50592e-11
2.9379e-11
4.301e-11
5.59829e-11
6.83272e-11
8.00718e-11
9.12446e-11
1.01872e-10
1.11981e-10
1.21595e-10
1.30738e-10
1.39433e-10
1.47702e-10
1.55566e-10
1.63044e-10
1.70155e-10
1.76918e-10
1.83349e-10
1.89465e-10
1.95281e-10
2.00813e-10
2.06074e-10
2.11078e-10
2.15837e-10
2.20364e-10
2.2467e-10
2.28766e-10
2.32662e-10
2.36369e-10
2.39895e-10
2.43249e-10
2.79946e-10
3.19742e-10
3.62739e-10
4.08978e-10
4.58419e-10
5.10912e-10
5.66156e-10
6.23668e-10
6.82731e-10
7.42364e-10
8.0128e-10
8.57883e-10
9.10274e-10
9.56321e-10
9.93765e-10
1.02039e-09
1.03425e-09
1.03389e-09
1.0186e-09
9.88518e-10
9.44744e-10
8.89206e-10
8.24479e-10
7.53495e-10
6.79231e-10
6.04444e-10
5.31465e-10
4.62095e-10
3.97581e-10
3.38658e-10
2.85626e-10
2.38448e-10
1.96842e-10
1.60369e-10
1.28489e-10
1.00617e-10
7.61509e-11
5.44839e-11
3.50048e-11
1.70783e-11
1.84685e-33
1.68852e-14
1.13833e-11
2.22083e-11
3.25134e-11
4.2322e-11
5.16568e-11
6.05396e-11
6.89915e-11
7.70327e-11
8.46827e-11
9.19601e-11
9.88829e-11
1.05468e-10
1.11732e-10
1.1769e-10
1.23357e-10
1.28748e-10
1.33876e-10
1.38754e-10
1.43394e-10
1.47807e-10
1.52006e-10
1.56e-10
1.59799e-10
1.63414e-10
1.66853e-10
1.70125e-10
1.73238e-10
1.76199e-10
1.79017e-10
1.81699e-10
1.8425e-10
2.12191e-10
2.42564e-10
2.75479e-10
3.11011e-10
3.49186e-10
3.89961e-10
4.33197e-10
4.78635e-10
5.25858e-10
5.74261e-10
6.23017e-10
6.71052e-10
7.17038e-10
7.59407e-10
7.96407e-10
8.26191e-10
8.46966e-10
8.57163e-10
8.55637e-10
8.41842e-10
8.15953e-10
7.789e-10
7.32294e-10
6.78254e-10
6.19182e-10
5.57508e-10
4.95472e-10
4.34964e-10
3.77443e-10
3.23912e-10
2.74959e-10
2.30815e-10
1.91435e-10
1.56577e-10
1.25859e-10
9.88201e-11
7.495e-11
5.3713e-11
3.45508e-11
1.68695e-11
2.00705e-33
1.27424e-14
8.5948e-12
1.67683e-11
2.45499e-11
3.19573e-11
3.90078e-11
4.57178e-11
5.21033e-11
5.81795e-11
6.39612e-11
6.94623e-11
7.46964e-11
7.96762e-11
8.4414e-11
8.89216e-11
9.32101e-11
9.72902e-11
1.01172e-10
1.04865e-10
1.08379e-10
1.11722e-10
1.14903e-10
1.1793e-10
1.20809e-10
1.23549e-10
1.26157e-10
1.28638e-10
1.30998e-10
1.33245e-10
1.35383e-10
1.37418e-10
1.39354e-10
1.60579e-10
1.83697e-10
2.08813e-10
2.36012e-10
2.65351e-10
2.96844e-10
3.30448e-10
3.6604e-10
4.03394e-10
4.42157e-10
4.81816e-10
5.21678e-10
5.60847e-10
5.9822e-10
6.32505e-10
6.62259e-10
6.85975e-10
7.02194e-10
7.09655e-10
7.07447e-10
6.95158e-10
6.72962e-10
6.4165e-10
6.02559e-10
5.57436e-10
5.08249e-10
4.56979e-10
4.05451e-10
3.552e-10
3.07406e-10
2.62877e-10
2.22081e-10
1.85195e-10
1.52169e-10
1.22784e-10
9.67074e-11
7.35322e-11
5.27998e-11
3.40117e-11
1.66212e-11
2.17573e-33
9.60635e-15
6.48227e-12
1.2647e-11
1.85165e-11
2.41042e-11
2.94232e-11
3.4486e-11
3.93045e-11
4.38903e-11
4.82545e-11
5.24076e-11
5.63596e-11
6.01204e-11
6.3699e-11
6.71043e-11
7.03447e-11
7.34281e-11
7.63622e-11
7.91542e-11
8.1811e-11
8.43392e-11
8.67451e-11
8.90346e-11
9.12133e-11
9.32868e-11
9.52601e-11
9.7138e-11
9.89253e-11
1.00626e-10
1.02245e-10
1.03786e-10
1.05253e-10
1.21342e-10
1.38896e-10
1.58006e-10
1.78757e-10
2.01213e-10
2.25419e-10
2.51382e-10
2.79058e-10
3.08341e-10
3.39036e-10
3.70842e-10
4.03329e-10
4.35916e-10
4.67856e-10
4.98237e-10
5.25989e-10
5.49929e-10
5.68823e-10
5.81484e-10
5.86893e-10
5.84327e-10
5.73468e-10
5.54485e-10
5.28043e-10
4.95253e-10
4.57552e-10
4.1655e-10
3.73869e-10
3.30992e-10
2.89167e-10
2.49348e-10
2.12188e-10
1.78055e-10
1.47081e-10
1.19208e-10
9.42368e-11
7.1866e-11
5.17224e-11
3.33739e-11
1.63268e-11
2.35152e-33
7.2348e-15
4.88371e-12
9.52834e-12
1.39507e-11
1.81611e-11
2.21693e-11
2.59848e-11
2.96166e-11
3.30735e-11
3.63637e-11
3.94952e-11
4.24755e-11
4.53119e-11
4.80114e-11
5.05805e-11
5.30255e-11
5.53524e-11
5.75669e-11
5.96745e-11
6.16803e-11
6.35893e-11
6.54062e-11
6.71354e-11
6.87813e-11
7.03477e-11
7.18387e-11
7.32578e-11
7.46085e-11
7.58942e-11
7.71181e-11
7.8283e-11
7.93919e-11
9.15646e-11
1.04864e-10
1.19368e-10
1.35151e-10
1.52279e-10
1.70805e-10
1.90761e-10
2.12148e-10
2.34928e-10
2.59005e-10
2.84215e-10
3.10302e-10
3.36905e-10
3.63538e-10
3.8958e-10
4.14276e-10
4.36741e-10
4.56004e-10
4.71054e-10
4.80924e-10
4.84789e-10
4.82071e-10
4.72526e-10
4.56308e-10
4.33976e-10
4.06448e-10
3.74908e-10
3.40674e-10
3.05071e-10
2.69307e-10
2.34394e-10
2.01107e-10
1.69965e-10
1.4126e-10
1.15083e-10
9.1366e-11
6.99188e-11
5.04577e-11
3.26226e-11
1.59794e-11
2.5324e-33
5.44298e-15
3.67526e-12
7.17069e-12
1.0499e-11
1.36679e-11
1.66849e-11
1.95571e-11
2.22912e-11
2.48939e-11
2.73714e-11
2.97296e-11
3.19742e-11
3.41107e-11
3.61443e-11
3.80799e-11
3.99223e-11
4.16758e-11
4.33449e-11
4.49336e-11
4.64457e-11
4.7885e-11
4.9255e-11
5.05591e-11
5.18004e-11
5.29819e-11
5.41066e-11
5.51773e-11
5.61964e-11
5.71666e-11
5.80902e-11
5.89694e-11
5.98064e-11
6.89992e-11
7.90544e-11
9.00363e-11
1.02009e-10
1.15031e-10
1.29156e-10
1.44426e-10
1.60864e-10
1.78468e-10
1.97203e-10
2.16987e-10
2.37679e-10
2.59063e-10
2.80836e-10
3.02593e-10
3.23818e-10
3.43885e-10
3.62064e-10
3.77555e-10
3.8953e-10
3.97201e-10
3.99898e-10
3.97156e-10
3.88787e-10
3.74927e-10
3.56045e-10
3.32899e-10
3.06461e-10
2.77813e-10
2.48033e-10
2.18107e-10
1.88857e-10
1.60904e-10
1.34666e-10
1.10364e-10
8.80553e-11
6.76581e-11
4.89814e-11
3.17421e-11
1.55711e-11
2.71547e-33
4.09021e-15
2.76251e-12
5.3899e-12
7.89176e-12
1.02739e-11
1.2542e-11
1.47013e-11
1.67571e-11
1.87142e-11
2.05772e-11
2.23508e-11
2.40391e-11
2.56462e-11
2.7176e-11
2.86323e-11
3.00186e-11
3.13382e-11
3.25943e-11
3.379e-11
3.49283e-11
3.60118e-11
3.70433e-11
3.80252e-11
3.89599e-11
3.98497e-11
4.06968e-11
4.15032e-11
4.22709e-11
4.30018e-11
4.36976e-11
4.436e-11
4.49907e-11
5.19207e-11
5.9508e-11
6.78046e-11
7.68629e-11
8.67346e-11
9.74677e-11
1.09105e-10
1.21678e-10
1.35205e-10
1.49682e-10
1.65077e-10
1.81319e-10
1.98288e-10
2.15803e-10
2.3361e-10
2.5137e-10
2.68656e-10
2.84947e-10
2.99644e-10
3.12085e-10
3.21593e-10
3.27521e-10
3.29327e-10
3.26635e-10
3.19297e-10
3.07434e-10
2.91434e-10
2.71924e-10
2.49702e-10
2.25652e-10
2.00655e-10
1.75512e-10
1.50887e-10
1.27281e-10
1.05021e-10
8.42706e-11
6.50534e-11
4.72698e-11
3.07166e-11
1.50942e-11
2.89679e-33
3.06959e-15
2.07362e-12
4.04584e-12
5.92389e-12
7.71216e-12
9.41486e-12
1.1036e-11
1.25795e-11
1.4049e-11
1.5448e-11
1.67799e-11
1.80479e-11
1.9255e-11
2.04042e-11
2.14982e-11
2.25397e-11
2.35311e-11
2.4475e-11
2.53736e-11
2.6229e-11
2.70434e-11
2.78187e-11
2.85568e-11
2.92594e-11
2.99284e-11
3.05653e-11
3.11717e-11
3.1749e-11
3.22986e-11
3.28219e-11
3.33202e-11
3.37945e-11
3.9009e-11
4.47225e-11
5.09764e-11
5.78132e-11
6.52754e-11
7.34048e-11
8.22403e-11
9.18156e-11
1.02156e-10
1.13275e-10
1.25166e-10
1.37802e-10
1.51122e-10
1.65022e-10
1.79352e-10
1.93898e-10
2.08379e-10
2.22439e-10
2.35647e-10
2.47507e-10
2.57476e-10
2.64994e-10
2.69535e-10
2.70655e-10
2.68049e-10
2.61601e-10
2.51416e-10
2.37814e-10
2.21312e-10
2.02563e-10
1.82291e-10
1.61212e-10
1.39976e-10
1.19119e-10
9.90395e-11
7.99884e-11
6.20797e-11
4.53016e-11
2.95308e-11
1.45408e-11
3.07124e-33
2.30005e-15
1.55403e-12
3.03209e-12
4.4396e-12
5.77988e-12
7.05607e-12
8.27121e-12
9.42819e-12
1.05298e-11
1.15786e-11
1.25771e-11
1.35278e-11
1.44329e-11
1.52946e-11
1.61151e-11
1.68961e-11
1.76398e-11
1.83477e-11
1.90218e-11
1.96635e-11
2.02745e-11
2.08561e-11
2.14099e-11
2.19372e-11
2.24392e-11
2.29172e-11
2.33723e-11
2.38056e-11
2.42181e-11
2.46109e-11
2.49849e-11
2.5341e-11
2.92567e-11
3.355e-11
3.82532e-11
4.34001e-11
4.90252e-11
5.51632e-11
6.18478e-11
6.91102e-11
7.69774e-11
8.5469e-11
9.45944e-11
1.04348e-10
1.14704e-10
1.2561e-10
1.3698e-10
1.48686e-10
1.6055e-10
1.72337e-10
1.83751e-10
1.94435e-10
2.03979e-10
2.11935e-10
2.17844e-10
2.21272e-10
2.21857e-10
2.19351e-10
2.13661e-10
2.04875e-10
1.93259e-10
1.79236e-10
1.63341e-10
1.46163e-10
1.28285e-10
1.10232e-10
9.24335e-11
7.52003e-11
5.87201e-11
4.30593e-11
2.81714e-11
1.39038e-11
3.23235e-33
1.72014e-15
1.16237e-12
2.26794e-12
3.32075e-12
4.3233e-12
5.27795e-12
6.18696e-12
7.0525e-12
7.87663e-12
8.66132e-12
9.40844e-12
1.01198e-11
1.07971e-11
1.1442e-11
1.20559e-11
1.26405e-11
1.31971e-11
1.3727e-11
1.42316e-11
1.4712e-11
1.51693e-11
1.56048e-11
1.60195e-11
1.64143e-11
1.67902e-11
1.71481e-11
1.74889e-11
1.78134e-11
1.81223e-11
1.84165e-11
1.86966e-11
1.89634e-11
2.18971e-11
2.51154e-11
2.86435e-11
3.25077e-11
3.67354e-11
4.13548e-11
4.6394e-11
5.18802e-11
5.78383e-11
6.42899e-11
7.125e-11
7.87254e-11
8.671e-11
9.5181e-11
1.04094e-10
1.13375e-10
1.22917e-10
1.3257e-10
1.4214e-10
1.5138e-10
1.59995e-10
1.67644e-10
1.73957e-10
1.78556e-10
1.81086e-10
1.81247e-10
1.78839e-10
1.73786e-10
1.66161e-10
1.56181e-10
1.44194e-10
1.30636e-10
1.15986e-10
1.00715e-10
8.52466e-11
6.99187e-11
5.49706e-11
4.05328e-11
2.66286e-11
1.31775e-11
3.37227e-33
1.28336e-15
8.6732e-13
1.69226e-12
2.47785e-12
3.22595e-12
3.93833e-12
4.61667e-12
5.2626e-12
5.87765e-12
6.46328e-12
7.02091e-12
7.55186e-12
8.05742e-12
8.53878e-12
8.99712e-12
9.43352e-12
9.84904e-12
1.02447e-11
1.06214e-11
1.09801e-11
1.13216e-11
1.16468e-11
1.19565e-11
1.22513e-11
1.2532e-11
1.27994e-11
1.30539e-11
1.32963e-11
1.3527e-11
1.37468e-11
1.3956e-11
1.41553e-11
1.63473e-11
1.87531e-11
2.13919e-11
2.42841e-11
2.74513e-11
3.09158e-11
3.47002e-11
3.88273e-11
4.3319e-11
4.81954e-11
5.34731e-11
5.91641e-11
6.52725e-11
7.17925e-11
7.87037e-11
8.59678e-11
9.35228e-11
1.01278e-10
1.09109e-10
1.16851e-10
1.24302e-10
1.31214e-10
1.37307e-10
1.42274e-10
1.45803e-10
1.47601e-10
1.47423e-10
1.45101e-10
1.40576e-10
1.33906e-10
1.2527e-10
1.1495e-10
1.03301e-10
9.07103e-11
7.75588e-11
6.41818e-11
5.08439e-11
3.7722e-11
2.48979e-11
1.23583e-11
3.48185e-33
9.5455e-16
6.45167e-13
1.25881e-12
1.8432e-12
2.39971e-12
2.92965e-12
3.43429e-12
3.91483e-12
4.37241e-12
4.80812e-12
5.22301e-12
5.61807e-12
5.99424e-12
6.35243e-12
6.69349e-12
7.01825e-12
7.32748e-12
7.62193e-12
7.9023e-12
8.16927e-12
8.42348e-12
8.66553e-12
8.89602e-12
9.11549e-12
9.32448e-12
9.52348e-12
9.71297e-12
9.89341e-12
1.00652e-11
1.02288e-11
1.03846e-11
1.0533e-11
1.21654e-11
1.39577e-11
1.59244e-11
1.80813e-11
2.0445e-11
2.30329e-11
2.58631e-11
2.89538e-11
3.23235e-11
3.59895e-11
3.99678e-11
4.42717e-11
4.89098e-11
5.3885e-11
5.91911e-11
6.48103e-11
7.07095e-11
7.68362e-11
8.31139e-11
8.94381e-11
9.56723e-11
1.01646e-10
1.07155e-10
1.11967e-10
1.15826e-10
1.18476e-10
1.19674e-10
1.19217e-10
1.16968e-10
1.12876e-10
1.06989e-10
9.94516e-11
9.04929e-11
8.04005e-11
6.94872e-11
5.80567e-11
4.63736e-11
3.46402e-11
2.29827e-11
1.14462e-11
3.55087e-33
7.07157e-16
4.77995e-13
9.32641e-13
1.36561e-12
1.77793e-12
2.17058e-12
2.54449e-12
2.90055e-12
3.2396e-12
3.56246e-12
3.8699e-12
4.16266e-12
4.44143e-12
4.70688e-12
4.95964e-12
5.20033e-12
5.42952e-12
5.64776e-12
5.85557e-12
6.05346e-12
6.24189e-12
6.42132e-12
6.59218e-12
6.75488e-12
6.90981e-12
7.05734e-12
7.19782e-12
7.3316e-12
7.45899e-12
7.5803e-12
7.69581e-12
7.80582e-12
9.01637e-12
1.03459e-11
1.18054e-11
1.34068e-11
1.51627e-11
1.70867e-11
1.91927e-11
2.14953e-11
2.40093e-11
2.67492e-11
2.9729e-11
3.29612e-11
3.6456e-11
4.02199e-11
4.42543e-11
4.85532e-11
5.31007e-11
5.78683e-11
6.28112e-11
6.78651e-11
7.29421e-11
7.7928e-11
8.26807e-11
8.70302e-11
9.07825e-11
9.37275e-11
9.5651e-11
9.63524e-11
9.56642e-11
9.34725e-11
8.97344e-11
8.44871e-11
7.78482e-11
7.00029e-11
6.11833e-11
5.16404e-11
4.16159e-11
3.13164e-11
2.08958e-11
1.04456e-11
3.56853e-33
5.21113e-16
3.52264e-13
6.87321e-13
1.00641e-12
1.31028e-12
1.59966e-12
1.87523e-12
2.13765e-12
2.38755e-12
2.62551e-12
2.85212e-12
3.0679e-12
3.27339e-12
3.46905e-12
3.65538e-12
3.83281e-12
4.00176e-12
4.16265e-12
4.31585e-12
4.46174e-12
4.60067e-12
4.73295e-12
4.85893e-12
4.97889e-12
5.09312e-12
5.2019e-12
5.30549e-12
5.40413e-12
5.49807e-12
5.58752e-12
5.67271e-12
5.75383e-12
6.64664e-12
7.62742e-12
8.70443e-12
9.88662e-12
1.11836e-11
1.26055e-11
1.41631e-11
1.58677e-11
1.7731e-11
1.97647e-11
2.19804e-11
2.43891e-11
2.70004e-11
2.98222e-11
3.28591e-11
3.61113e-11
3.95729e-11
4.32299e-11
4.70575e-11
5.10176e-11
5.50557e-11
5.90978e-11
6.30483e-11
6.67885e-11
7.01766e-11
7.30514e-11
7.52382e-11
7.65595e-11
7.68488e-11
7.59673e-11
7.38203e-11
7.03715e-11
6.56502e-11
5.97512e-11
5.28244e-11
4.50569e-11
3.66503e-11
2.77969e-11
1.86607e-11
9.36588e-12
3.52419e-33
3.81261e-16
2.5774e-13
5.02891e-13
7.3636e-13
9.58698e-13
1.17043e-12
1.37207e-12
1.56409e-12
1.74694e-12
1.92107e-12
2.08689e-12
2.2448e-12
2.39517e-12
2.53836e-12
2.67471e-12
2.80456e-12
2.92821e-12
3.04596e-12
3.15808e-12
3.26486e-12
3.36654e-12
3.46336e-12
3.55557e-12
3.64337e-12
3.72699e-12
3.80661e-12
3.88244e-12
3.95465e-12
4.02341e-12
4.08889e-12
4.15125e-12
4.21063e-12
4.86428e-12
5.58248e-12
6.37135e-12
7.23753e-12
8.18818e-12
9.23094e-12
1.0374e-11
1.16258e-11
1.29955e-11
1.44922e-11
1.61252e-11
1.79036e-11
1.98359e-11
2.19295e-11
2.41902e-11
2.66211e-11
2.92215e-11
3.19856e-11
3.4901e-11
3.7946e-11
4.1088e-11
4.42808e-11
4.7462e-11
5.05515e-11
5.34499e-11
5.60391e-11
5.81847e-11
5.97418e-11
6.05631e-11
6.05106e-11
5.94694e-11
5.73612e-11
5.41554e-11
4.98759e-11
4.45996e-11
3.84489e-11
3.15757e-11
2.41442e-11
1.63127e-11
8.22226e-12
3.40817e-33
2.76138e-16
1.86682e-13
3.64247e-13
5.33351e-13
6.94394e-13
8.47759e-13
9.93811e-13
1.1329e-12
1.26535e-12
1.39148e-12
1.5116e-12
1.62598e-12
1.73491e-12
1.83864e-12
1.93742e-12
2.03148e-12
2.12106e-12
2.20637e-12
2.2876e-12
2.36496e-12
2.43862e-12
2.50877e-12
2.57558e-12
2.63919e-12
2.69978e-12
2.75747e-12
2.81241e-12
2.86473e-12
2.91456e-12
2.962e-12
3.00719e-12
3.05022e-12
3.5239e-12
4.04444e-12
4.61632e-12
5.24442e-12
5.93399e-12
6.69068e-12
7.52054e-12
8.43001e-12
9.42583e-12
1.0515e-11
1.17048e-11
1.30024e-11
1.44148e-11
1.59485e-11
1.7609e-11
1.94004e-11
2.13245e-11
2.338e-11
2.55612e-11
2.78568e-11
3.02481e-11
3.2707e-11
3.51942e-11
3.76572e-11
4.00287e-11
4.22256e-11
4.41495e-11
4.56889e-11
4.67236e-11
4.71318e-11
4.67999e-11
4.56335e-11
4.35686e-11
4.05812e-11
3.66918e-11
3.19652e-11
2.65032e-11
2.04335e-11
1.38963e-11
7.03505e-12
3.2127e-33
1.97041e-16
1.33214e-13
2.59922e-13
3.80593e-13
4.95513e-13
6.04955e-13
7.09179e-13
8.08434e-13
9.02955e-13
9.92968e-13
1.07869e-12
1.16032e-12
1.23806e-12
1.31208e-12
1.38258e-12
1.44972e-12
1.51365e-12
1.57453e-12
1.63251e-12
1.68772e-12
1.7403e-12
1.79037e-12
1.83805e-12
1.88346e-12
1.9267e-12
1.96788e-12
2.0071e-12
2.04444e-12
2.08001e-12
2.11388e-12
2.14613e-12
2.17685e-12
2.515e-12
2.88665e-12
3.29503e-12
3.74364e-12
4.23629e-12
4.77706e-12
5.37038e-12
6.02093e-12
6.73369e-12
7.5139e-12
8.36697e-12
9.29841e-12
1.03137e-11
1.14181e-11
1.26164e-11
1.39126e-11
1.53093e-11
1.68073e-11
1.84048e-11
2.00962e-11
2.18714e-11
2.37139e-11
2.55997e-11
2.74955e-11
2.9357e-11
3.1128e-11
3.27394e-11
3.41095e-11
3.51464e-11
3.57512e-11
3.58244e-11
3.52738e-11
3.40235e-11
3.20235e-11
2.92568e-11
2.57444e-11
2.15437e-11
1.67447e-11
1.14617e-11
5.82797e-12
2.9323e-33
1.37318e-16
9.28392e-14
1.81145e-13
2.65243e-13
3.45334e-13
4.21607e-13
4.94245e-13
5.63419e-13
6.29295e-13
6.9203e-13
7.51774e-13
8.08668e-13
8.62849e-13
9.14446e-13
9.63582e-13
1.01037e-12
1.05494e-12
1.09737e-12
1.13778e-12
1.17627e-12
1.21292e-12
1.24782e-12
1.28105e-12
1.31271e-12
1.34285e-12
1.37155e-12
1.39889e-12
1.42493e-12
1.44972e-12
1.47333e-12
1.49581e-12
1.51722e-12
1.75296e-12
2.01208e-12
2.29685e-12
2.60972e-12
2.95337e-12
3.3307e-12
3.74482e-12
4.19907e-12
4.697e-12
5.24238e-12
5.83913e-12
6.49131e-12
7.203e-12
7.97823e-12
8.8208e-12
9.73407e-12
1.07207e-11
1.17822e-11
1.29186e-11
1.41275e-11
1.54037e-11
1.67381e-11
1.81163e-11
1.95179e-11
2.09149e-11
2.22704e-11
2.35379e-11
2.46605e-11
2.55718e-11
2.6197e-11
2.64566e-11
2.62715e-11
2.5569e-11
2.42912e-11
2.24023e-11
1.98946e-11
1.67922e-11
1.31513e-11
9.05763e-12
4.62488e-12
2.56335e-33
9.1783e-17
6.20547e-14
1.21079e-13
1.77292e-13
2.30826e-13
2.81808e-13
3.30361e-13
3.76599e-13
4.20633e-13
4.62567e-13
5.02502e-13
5.40533e-13
5.76751e-13
6.11241e-13
6.44087e-13
6.75366e-13
7.05154e-13
7.33521e-13
7.60536e-13
7.86263e-13
8.10763e-13
8.34094e-13
8.56314e-13
8.77474e-13
8.97625e-13
9.16815e-13
9.3509e-13
9.52494e-13
9.69069e-13
9.84853e-13
9.99885e-13
1.0142e-12
1.17181e-12
1.34506e-12
1.53549e-12
1.74473e-12
1.9746e-12
2.22704e-12
2.50416e-12
2.80823e-12
3.14167e-12
3.50705e-12
3.90708e-12
4.34457e-12
4.82239e-12
5.34343e-12
5.91046e-12
6.52606e-12
7.1924e-12
7.91105e-12
8.68263e-12
9.50647e-12
1.03801e-11
1.12985e-11
1.22538e-11
1.32337e-11
1.42213e-11
1.51936e-11
1.61208e-11
1.69655e-11
1.76825e-11
1.82196e-11
1.85185e-11
1.85184e-11
1.81595e-11
1.73889e-11
1.61667e-11
1.4472e-11
1.23079e-11
9.70476e-12
6.72099e-12
3.44479e-12
2.10174e-33
5.62297e-17
3.80177e-14
7.41789e-14
1.08617e-13
1.41415e-13
1.7265e-13
2.02396e-13
2.30724e-13
2.57702e-13
2.83394e-13
3.07861e-13
3.31161e-13
3.53351e-13
3.74482e-13
3.94606e-13
4.13771e-13
4.32021e-13
4.49402e-13
4.65954e-13
4.81717e-13
4.96728e-13
5.11023e-13
5.24637e-13
5.37602e-13
5.49949e-13
5.61708e-13
5.72905e-13
5.83569e-13
5.93725e-13
6.03397e-13
6.12608e-13
6.21379e-13
7.17955e-13
8.24125e-13
9.40822e-13
1.06907e-12
1.20997e-12
1.36473e-12
1.53465e-12
1.72113e-12
1.92569e-12
2.14991e-12
2.3955e-12
2.66422e-12
2.95791e-12
3.2784e-12
3.62751e-12
4.00696e-12
4.41827e-12
4.86263e-12
5.34075e-12
5.85258e-12
6.39709e-12
6.97184e-12
7.57258e-12
8.19271e-12
8.82263e-12
9.44915e-12
1.00547e-11
1.0617e-11
1.11084e-11
1.14958e-11
1.17417e-11
1.18051e-11
1.16441e-11
1.12192e-11
1.04974e-11
9.45708e-12
8.09215e-12
6.41587e-12
4.46349e-12
2.29488e-12
1.53762e-33
2.69344e-17
1.82109e-14
3.55325e-14
5.2029e-14
6.77395e-14
8.27014e-14
9.69502e-14
1.1052e-13
1.23443e-13
1.3575e-13
1.4747e-13
1.58631e-13
1.69261e-13
1.79383e-13
1.89023e-13
1.98203e-13
2.06946e-13
2.15272e-13
2.23201e-13
2.30752e-13
2.37943e-13
2.44791e-13
2.51313e-13
2.57524e-13
2.63438e-13
2.69071e-13
2.74435e-13
2.79544e-13
2.84409e-13
2.89042e-13
2.93455e-13
2.97657e-13
3.43923e-13
3.94787e-13
4.50697e-13
5.12143e-13
5.79658e-13
6.53821e-13
7.35258e-13
8.24646e-13
9.22712e-13
1.03023e-12
1.14803e-12
1.27696e-12
1.41792e-12
1.57182e-12
1.73957e-12
1.92203e-12
2.11998e-12
2.33408e-12
2.56475e-12
2.81209e-12
3.07575e-12
3.35475e-12
3.64727e-12
3.95041e-12
4.25985e-12
4.56955e-12
4.87142e-12
5.15492e-12
5.40685e-12
5.61127e-12
5.74957e-12
5.80108e-12
5.74405e-12
5.55723e-12
5.22196e-12
4.7247e-12
4.05956e-12
3.23077e-12
2.25465e-12
1.16172e-12
8.45569e-34
7.96141e-42
1.04821e-40
3.44757e-40
6.92692e-40
1.11301e-39
1.57727e-39
2.06297e-39
2.55257e-39
3.03257e-39
3.49285e-39
3.926e-39
4.32686e-39
4.69203e-39
5.01958e-39
5.3087e-39
5.55947e-39
5.77267e-39
5.94957e-39
6.09185e-39
6.20144e-39
6.28044e-39
6.33106e-39
6.35556e-39
6.35618e-39
6.33514e-39
6.29458e-39
6.23658e-39
6.16309e-39
6.07597e-39
5.97698e-39
5.86772e-39
3.88608e-38
9.21028e-38
1.33438e-37
1.9125e-37
2.71619e-37
3.82764e-37
5.35777e-37
7.45587e-37
1.03226e-36
1.4227e-36
1.95294e-36
2.67111e-36
3.64135e-36
4.94903e-36
6.70736e-36
9.06615e-36
1.2223e-35
1.64372e-35
2.20483e-35
2.94973e-35
3.93542e-35
5.23492e-35
6.94086e-35
9.16925e-35
1.2063e-34
1.57947e-34
2.05668e-34
2.66077e-34
3.41607e-34
4.34621e-34
5.47017e-34
6.79621e-34
8.31282e-34
9.97643e-34
1.16956e-33
1.33126e-33
1.45833e-33
1.51589e-33
1.45738e-33
1.22464e-33
7.50981e-34
2.93844e-34
