-2.50695e-39
-3.30067e-38
-1.0856e-37
-2.1812e-37
-3.50474e-37
-4.96662e-37
-6.49604e-37
-8.0377e-37
-9.54917e-37
-1.09985e-36
-1.23624e-36
-1.36247e-36
-1.47745e-36
-1.58059e-36
-1.67163e-36
-1.75059e-36
-1.81772e-36
-1.87343e-36
-1.91823e-36
-1.95273e-36
-1.97761e-36
-1.99355e-36
-2.00126e-36
-2.00145e-36
-1.99483e-36
-1.98205e-36
-1.96379e-36
-1.94065e-36
-1.91321e-36
-1.88204e-36
-1.84764e-36
-1.22365e-35
-2.90012e-35
-4.20165e-35
-6.02195e-35
-8.55242e-35
-1.20518e-34
-1.68693e-34
-2.34747e-34
-3.24994e-34
-4.47903e-34
-6.14806e-34
-8.4084e-34
-1.14618e-33
-1.55765e-33
-2.11084e-33
-2.85278e-33
-3.84548e-33
-5.17032e-33
-6.93361e-33
-9.27344e-33
-1.2368e-32
-1.6445e-32
-2.17931e-32
-2.87725e-32
-3.78257e-32
-4.94848e-32
-6.43705e-32
-8.31784e-32
-1.06642e-31
-1.35462e-31
-1.70181e-31
-2.10996e-31
-2.57483e-31
-3.08226e-31
-3.60355e-31
-4.09002e-31
-4.4674e-31
-4.63064e-31
-4.44043e-31
-3.72339e-31
-2.27999e-31
-4.32944e-32
2.84836e-17
1.92583e-14
3.75761e-14
5.50214e-14
7.16354e-14
8.74578e-14
1.02526e-13
1.16876e-13
1.30542e-13
1.43557e-13
1.55951e-13
1.67754e-13
1.78995e-13
1.897e-13
1.99894e-13
2.09602e-13
2.18848e-13
2.27652e-13
2.36037e-13
2.44022e-13
2.51627e-13
2.58869e-13
2.65765e-13
2.72333e-13
2.78588e-13
2.84545e-13
2.90217e-13
2.9562e-13
3.00765e-13
3.05664e-13
3.1033e-13
3.14774e-13
3.637e-13
4.17487e-13
4.7661e-13
5.41586e-13
6.12978e-13
6.91398e-13
7.77507e-13
8.72021e-13
9.75705e-13
1.08938e-12
1.21391e-12
1.3502e-12
1.4992e-12
1.66185e-12
1.83911e-12
2.03188e-12
2.24097e-12
2.46705e-12
2.71055e-12
2.97154e-12
3.24961e-12
3.54367e-12
3.85174e-12
4.17067e-12
4.49581e-12
4.82071e-12
5.13669e-12
5.43254e-12
5.69429e-12
5.90505e-12
6.0453e-12
6.09342e-12
6.02687e-12
5.82382e-12
5.46544e-12
4.93841e-12
4.23757e-12
3.36826e-12
2.34812e-12
1.20898e-12
-2.43831e-31
5.95522e-17
4.02639e-14
7.85618e-14
1.15035e-13
1.49771e-13
1.82851e-13
2.14354e-13
2.44356e-13
2.72928e-13
3.00137e-13
3.2605e-13
3.50727e-13
3.74227e-13
3.96607e-13
4.1792e-13
4.38216e-13
4.57545e-13
4.75952e-13
4.93482e-13
5.10176e-13
5.26074e-13
5.41214e-13
5.55632e-13
5.69362e-13
5.82439e-13
5.94891e-13
6.0675e-13
6.18044e-13
6.288e-13
6.39043e-13
6.48797e-13
6.58087e-13
7.60365e-13
8.72803e-13
9.96388e-13
1.1322e-12
1.28141e-12
1.44529e-12
1.62523e-12
1.82269e-12
2.03927e-12
2.27667e-12
2.53667e-12
2.82113e-12
3.13197e-12
3.47114e-12
3.84053e-12
4.24194e-12
4.67693e-12
5.14672e-12
5.65199e-12
6.19262e-12
6.7674e-12
7.37364e-12
8.00669e-12
8.65937e-12
9.32135e-12
9.97842e-12
1.06119e-11
1.11978e-11
1.17069e-11
1.21043e-11
1.23506e-11
1.24031e-11
1.22185e-11
1.17566e-11
1.09843e-11
9.88107e-12
8.44261e-12
6.68466e-12
4.64517e-12
2.38637e-12
-4.43403e-31
9.74298e-17
6.58724e-14
1.28528e-13
1.88199e-13
2.45026e-13
2.99145e-13
3.50684e-13
3.99767e-13
4.46509e-13
4.91023e-13
5.33415e-13
5.73785e-13
6.1223e-13
6.48842e-13
6.83708e-13
7.16911e-13
7.48531e-13
7.78643e-13
8.07319e-13
8.34628e-13
8.60634e-13
8.85401e-13
9.08986e-13
9.31447e-13
9.52837e-13
9.73207e-13
9.92607e-13
1.01108e-12
1.02867e-12
1.04543e-12
1.06139e-12
1.07658e-12
1.24388e-12
1.42778e-12
1.6299e-12
1.852e-12
2.09597e-12
2.3639e-12
2.65801e-12
2.9807e-12
3.33454e-12
3.72224e-12
4.14666e-12
4.61077e-12
5.11759e-12
5.67013e-12
6.27132e-12
6.92381e-12
7.62985e-12
8.39097e-12
9.20773e-12
1.00792e-11
1.10026e-11
1.19725e-11
1.29799e-11
1.40118e-11
1.50497e-11
1.60687e-11
1.7037e-11
1.79147e-11
1.86539e-11
1.91993e-11
1.94902e-11
1.94632e-11
1.90572e-11
1.82192e-11
1.69101e-11
1.51117e-11
1.28308e-11
1.01017e-11
6.98701e-12
3.57798e-12
-6.06084e-31
1.46213e-16
9.88523e-14
1.92877e-13
2.82422e-13
3.677e-13
4.48914e-13
5.26255e-13
5.9991e-13
6.70052e-13
7.3685e-13
8.00462e-13
8.6104e-13
9.18729e-13
9.73667e-13
1.02598e-12
1.07581e-12
1.12325e-12
1.16844e-12
1.21146e-12
1.25244e-12
1.29146e-12
1.32862e-12
1.36401e-12
1.39771e-12
1.4298e-12
1.46037e-12
1.48947e-12
1.51719e-12
1.54359e-12
1.56873e-12
1.59267e-12
1.61547e-12
1.86646e-12
2.14234e-12
2.44552e-12
2.77861e-12
3.14446e-12
3.54614e-12
3.98696e-12
4.47046e-12
5.00041e-12
5.5808e-12
6.21577e-12
6.9096e-12
7.66658e-12
8.49095e-12
9.38664e-12
1.03571e-11
1.14051e-11
1.25319e-11
1.37374e-11
1.50187e-11
1.63699e-11
1.77807e-11
1.92355e-11
2.07119e-11
2.21793e-11
2.35981e-11
2.49182e-11
2.60789e-11
2.70096e-11
2.7632e-11
2.78631e-11
2.76215e-11
2.68341e-11
2.54443e-11
2.34195e-11
2.07571e-11
1.74873e-11
1.36724e-11
9.40337e-12
4.79677e-12
-7.39176e-31
2.10604e-16
1.42382e-13
2.77812e-13
4.06788e-13
5.29617e-13
6.46591e-13
7.57987e-13
8.64072e-13
9.65097e-13
1.0613e-12
1.15292e-12
1.24017e-12
1.32326e-12
1.40238e-12
1.47773e-12
1.54948e-12
1.61781e-12
1.68288e-12
1.74484e-12
1.80385e-12
1.86005e-12
1.91356e-12
1.96452e-12
2.01306e-12
2.05927e-12
2.10328e-12
2.1452e-12
2.18511e-12
2.22312e-12
2.25932e-12
2.29379e-12
2.32662e-12
2.68801e-12
3.0852e-12
3.52163e-12
4.00103e-12
4.52746e-12
5.10529e-12
5.73921e-12
6.43421e-12
7.19558e-12
8.02888e-12
8.93982e-12
9.93423e-12
1.10179e-11
1.21962e-11
1.34742e-11
1.48559e-11
1.63437e-11
1.79383e-11
1.96372e-11
2.14338e-11
2.33167e-11
2.52674e-11
2.72594e-11
2.92561e-11
3.12094e-11
3.30581e-11
3.47281e-11
3.61323e-11
3.71734e-11
3.77481e-11
3.77538e-11
3.70973e-11
3.57044e-11
3.35295e-11
3.05626e-11
2.6833e-11
2.24073e-11
1.73832e-11
1.18805e-11
6.03456e-12
-8.45486e-31
2.96497e-16
2.00444e-13
3.91099e-13
5.72668e-13
7.45582e-13
9.10252e-13
1.06707e-12
1.21641e-12
1.35862e-12
1.49405e-12
1.62302e-12
1.74583e-12
1.86279e-12
1.97416e-12
2.08022e-12
2.18121e-12
2.27739e-12
2.36898e-12
2.4562e-12
2.53925e-12
2.61834e-12
2.69366e-12
2.76539e-12
2.83369e-12
2.89873e-12
2.96067e-12
3.01966e-12
3.07583e-12
3.12933e-12
3.18027e-12
3.22878e-12
3.27498e-12
3.78352e-12
4.34236e-12
4.95629e-12
5.63052e-12
6.3707e-12
7.18285e-12
8.07344e-12
9.04933e-12
1.01177e-11
1.12861e-11
1.2562e-11
1.39531e-11
1.54667e-11
1.71095e-11
1.88872e-11
2.08036e-11
2.28603e-11
2.50551e-11
2.73812e-11
2.98253e-11
3.23662e-11
3.49725e-11
3.76005e-11
4.01923e-11
4.26744e-11
4.49568e-11
4.69336e-11
4.84863e-11
4.94885e-11
4.98144e-11
4.93491e-11
4.80003e-11
4.571e-11
4.24636e-11
3.82932e-11
3.32761e-11
2.75256e-11
2.11782e-11
1.4379e-11
7.27127e-12
-9.26169e-31
4.11575e-16
2.78229e-13
5.42869e-13
7.94896e-13
1.03491e-12
1.26347e-12
1.48114e-12
1.68842e-12
1.8858e-12
2.07377e-12
2.25277e-12
2.42322e-12
2.58554e-12
2.74011e-12
2.8873e-12
3.02746e-12
3.16093e-12
3.28803e-12
3.40906e-12
3.52432e-12
3.63407e-12
3.73858e-12
3.83811e-12
3.93289e-12
4.02314e-12
4.10909e-12
4.19093e-12
4.26887e-12
4.34309e-12
4.41377e-12
4.48108e-12
4.54518e-12
5.25069e-12
6.02583e-12
6.8772e-12
7.81194e-12
8.83773e-12
9.96278e-12
1.11958e-11
1.25461e-11
1.4023e-11
1.56365e-11
1.73964e-11
1.93121e-11
2.13926e-11
2.36454e-11
2.6076e-11
2.86872e-11
3.14773e-11
3.44388e-11
3.75568e-11
4.08064e-11
4.41503e-11
4.75365e-11
5.08957e-11
5.41392e-11
5.71582e-11
5.98249e-11
6.19954e-11
6.35165e-11
6.42354e-11
6.40123e-11
6.27354e-11
6.03343e-11
5.67912e-11
5.21458e-11
4.64923e-11
3.99689e-11
3.27407e-11
2.49802e-11
1.6848e-11
8.48217e-12
-9.82253e-31
5.66057e-16
3.82639e-13
7.46587e-13
1.09319e-12
1.42326e-12
1.73759e-12
2.03691e-12
2.32196e-12
2.59339e-12
2.85187e-12
3.09801e-12
3.33239e-12
3.55558e-12
3.76811e-12
3.97049e-12
4.1632e-12
4.34671e-12
4.52145e-12
4.68785e-12
4.84631e-12
4.99719e-12
5.14087e-12
5.27769e-12
5.40798e-12
5.53205e-12
5.65019e-12
5.7627e-12
5.86983e-12
5.97185e-12
6.069e-12
6.16152e-12
6.24962e-12
7.21923e-12
8.2843e-12
9.45379e-12
1.07374e-11
1.21453e-11
1.36887e-11
1.53791e-11
1.72286e-11
1.92496e-11
2.14546e-11
2.38559e-11
2.64648e-11
2.92913e-11
3.2343e-11
3.56239e-11
3.91329e-11
4.28621e-11
4.6794e-11
5.08994e-11
5.51342e-11
5.9436e-11
6.37214e-11
6.78837e-11
7.17913e-11
7.52895e-11
7.82041e-11
8.03496e-11
8.1541e-11
8.16095e-11
8.04202e-11
7.78896e-11
7.39981e-11
6.87968e-11
6.24037e-11
5.49909e-11
4.67637e-11
3.79359e-11
2.87059e-11
1.92361e-11
9.64307e-12
-1.01531e-30
7.73648e-16
5.22927e-13
1.02031e-12
1.49398e-12
1.94505e-12
2.3746e-12
2.78365e-12
3.17317e-12
3.54408e-12
3.89728e-12
4.2336e-12
4.55385e-12
4.85881e-12
5.14918e-12
5.42569e-12
5.68898e-12
5.93968e-12
6.17841e-12
6.40573e-12
6.62219e-12
6.8283e-12
7.02457e-12
7.21146e-12
7.38943e-12
7.55889e-12
7.72026e-12
7.87392e-12
8.02024e-12
8.15958e-12
8.29226e-12
8.41861e-12
8.53893e-12
9.86293e-12
1.13169e-11
1.29128e-11
1.46637e-11
1.65833e-11
1.8686e-11
2.09871e-11
2.35022e-11
2.62471e-11
2.92371e-11
3.24869e-11
3.60094e-11
3.98144e-11
4.39078e-11
4.82891e-11
5.29494e-11
5.78688e-11
6.30124e-11
6.83277e-11
7.37396e-11
7.91476e-11
8.44226e-11
8.94054e-11
9.39084e-11
9.77204e-11
1.00617e-10
1.02373e-10
1.02785e-10
1.01692e-10
9.89941e-11
9.46713e-11
8.87901e-11
8.14995e-11
7.3015e-11
6.35934e-11
5.35036e-11
4.2996e-11
3.22785e-11
2.14981e-11
1.07337e-11
-1.02761e-30
1.05283e-15
7.1157e-13
1.38837e-12
2.0329e-12
2.64668e-12
3.23116e-12
3.78772e-12
4.3177e-12
4.82235e-12
5.30288e-12
5.76044e-12
6.19612e-12
6.61097e-12
7.00598e-12
7.38211e-12
7.74024e-12
8.08126e-12
8.40596e-12
8.71514e-12
9.00953e-12
9.28985e-12
9.55676e-12
9.81092e-12
1.00529e-11
1.02834e-11
1.05028e-11
1.07117e-11
1.09107e-11
1.11001e-11
1.12805e-11
1.14523e-11
1.16159e-11
1.34157e-11
1.53915e-11
1.75593e-11
1.99363e-11
2.25406e-11
2.5391e-11
2.85072e-11
3.19088e-11
3.56153e-11
3.96451e-11
4.40146e-11
4.87366e-11
5.3819e-11
5.92622e-11
6.50563e-11
7.11777e-11
7.75853e-11
8.42155e-11
9.09782e-11
9.77516e-11
1.04379e-10
1.10667e-10
1.16389e-10
1.21286e-10
1.25087e-10
1.27519e-10
1.28336e-10
1.27342e-10
1.24422e-10
1.19554e-10
1.12825e-10
1.04424e-10
9.46185e-11
8.37317e-11
7.20999e-11
6.00401e-11
4.78198e-11
3.56351e-11
2.35993e-11
1.17392e-11
-5.61699e-31
1.07857e-15
7.28966e-13
1.42232e-12
2.0826e-12
2.71138e-12
3.31014e-12
3.88031e-12
4.42324e-12
4.94022e-12
5.43249e-12
5.90123e-12
6.34755e-12
6.77253e-12
7.17719e-12
7.5625e-12
7.92938e-12
8.27872e-12
8.61135e-12
8.92807e-12
9.22965e-12
9.5168e-12
9.79023e-12
1.00506e-11
1.02985e-11
1.05346e-11
1.07593e-11
1.09734e-11
1.11772e-11
1.13712e-11
1.1556e-11
1.1732e-11
1.18996e-11
1.37432e-11
1.5767e-11
1.79875e-11
2.04221e-11
2.30894e-11
2.60086e-11
2.91996e-11
3.26825e-11
3.6477e-11
4.06019e-11
4.50734e-11
4.99046e-11
5.51028e-11
6.06677e-11
6.65886e-11
7.28402e-11
7.93792e-11
8.61393e-11
9.30263e-11
9.99141e-11
1.06641e-10
1.13007e-10
1.18779e-10
1.23694e-10
1.27474e-10
1.29844e-10
1.30557e-10
1.2942e-10
1.26323e-10
1.21253e-10
1.14306e-10
1.05683e-10
9.56626e-11
8.45744e-11
7.27614e-11
6.05434e-11
4.81879e-11
3.58893e-11
2.37575e-11
1.18146e-11
-8.50334e-32
1.4281e-15
9.65104e-13
1.88305e-12
2.7572e-12
3.58963e-12
4.3823e-12
5.1371e-12
5.85581e-12
6.54016e-12
7.19177e-12
7.81221e-12
8.40296e-12
8.96544e-12
9.501e-12
1.00109e-11
1.04965e-11
1.09587e-11
1.13989e-11
1.1818e-11
1.2217e-11
1.2597e-11
1.29587e-11
1.33032e-11
1.36312e-11
1.39435e-11
1.42408e-11
1.4524e-11
1.47936e-11
1.50503e-11
1.52947e-11
1.55274e-11
1.57491e-11
1.81871e-11
2.08624e-11
2.37962e-11
2.70111e-11
3.05305e-11
3.43787e-11
3.85803e-11
4.31597e-11
4.814e-11
5.35418e-11
5.93818e-11
6.56703e-11
7.24087e-11
7.95859e-11
8.71743e-11
9.51244e-11
1.0336e-10
1.11772e-10
1.20212e-10
1.2849e-10
1.36371e-10
1.43576e-10
1.49795e-10
1.54693e-10
1.57939e-10
1.59236e-10
1.58347e-10
1.55133e-10
1.49575e-10
1.41784e-10
1.31998e-10
1.20552e-10
1.07848e-10
9.43063e-11
8.0326e-11
6.62471e-11
5.23278e-11
3.87305e-11
2.55172e-11
1.26507e-11
-9.29379e-32
1.93344e-15
1.30644e-12
2.54902e-12
3.73231e-12
4.85909e-12
5.93202e-12
6.95365e-12
7.9264e-12
8.85259e-12
9.73444e-12
1.05741e-11
1.13735e-11
1.21346e-11
1.28592e-11
1.35492e-11
1.4206e-11
1.48314e-11
1.54269e-11
1.59938e-11
1.65336e-11
1.70475e-11
1.75368e-11
1.80026e-11
1.84462e-11
1.88685e-11
1.92706e-11
1.96534e-11
2.0018e-11
2.03651e-11
2.06955e-11
2.10102e-11
2.13098e-11
2.46051e-11
2.82192e-11
3.21801e-11
3.6517e-11
4.12599e-11
4.64396e-11
5.20862e-11
5.82289e-11
6.48934e-11
7.2101e-11
7.98652e-11
8.81886e-11
9.70587e-11
1.06443e-10
1.16281e-10
1.26481e-10
1.36911e-10
1.47391e-10
1.57688e-10
1.67516e-10
1.76535e-10
1.84363e-10
1.90595e-10
1.94826e-10
1.96694e-10
1.95912e-10
1.92315e-10
1.85884e-10
1.76763e-10
1.65248e-10
1.5176e-10
1.36796e-10
1.20881e-10
1.04511e-10
8.81162e-11
7.20272e-11
5.64653e-11
4.15375e-11
2.72404e-11
1.34648e-11
-9.38271e-32
2.61487e-15
1.7666e-12
3.44684e-12
5.04686e-12
6.57043e-12
8.02112e-12
9.40239e-12
1.07175e-11
1.19696e-11
1.31617e-11
1.42967e-11
1.53772e-11
1.64059e-11
1.73853e-11
1.83176e-11
1.92053e-11
2.00503e-11
2.08548e-11
2.16208e-11
2.235e-11
2.30442e-11
2.37051e-11
2.43344e-11
2.49334e-11
2.55038e-11
2.60468e-11
2.65638e-11
2.70561e-11
2.75248e-11
2.7971e-11
2.83958e-11
2.88004e-11
3.32479e-11
3.81228e-11
4.34614e-11
4.9301e-11
5.56795e-11
6.26348e-11
7.02029e-11
7.84163e-11
8.73018e-11
9.68769e-11
1.07146e-10
1.18094e-10
1.29682e-10
1.41839e-10
1.54452e-10
1.6736e-10
1.80343e-10
1.93118e-10
2.05333e-10
2.16573e-10
2.26371e-10
2.34229e-10
2.39655e-10
2.42205e-10
2.41532e-10
2.37439e-10
2.29908e-10
2.19122e-10
2.05453e-10
1.89422e-10
1.71649e-10
1.52783e-10
1.33441e-10
1.14158e-10
9.53532e-11
7.73153e-11
6.02015e-11
4.40455e-11
2.87676e-11
1.41825e-11
-5.45317e-32
2.76284e-15
1.86651e-12
3.64177e-12
5.33227e-12
6.94197e-12
8.47468e-12
9.93402e-12
1.13235e-11
1.26463e-11
1.39058e-11
1.51048e-11
1.62463e-11
1.73331e-11
1.83677e-11
1.93527e-11
2.02904e-11
2.11831e-11
2.2033e-11
2.28421e-11
2.36124e-11
2.43457e-11
2.50439e-11
2.57086e-11
2.63414e-11
2.69438e-11
2.75174e-11
2.80635e-11
2.85835e-11
2.90785e-11
2.95498e-11
2.99985e-11
3.04258e-11
3.5123e-11
4.02711e-11
4.59078e-11
5.20722e-11
5.8804e-11
6.61421e-11
7.41237e-11
8.27817e-11
9.21426e-11
1.02222e-10
1.13023e-10
1.24525e-10
1.36682e-10
1.49414e-10
1.62595e-10
1.76048e-10
1.89532e-10
2.02742e-10
2.15299e-10
2.26762e-10
2.36638e-10
2.44408e-10
2.49567e-10
2.51668e-10
2.50379e-10
2.45525e-10
2.37128e-10
2.25416e-10
2.10808e-10
1.93872e-10
1.75261e-10
1.55649e-10
1.35666e-10
1.15849e-10
9.66093e-11
7.82254e-11
6.08399e-11
4.44716e-11
2.90259e-11
1.43035e-11
-2.52597e-32
3.53235e-15
2.38599e-12
4.6553e-12
6.81622e-12
8.8738e-12
1.08329e-11
1.26981e-11
1.44739e-11
1.61645e-11
1.7774e-11
1.93062e-11
2.07648e-11
2.21533e-11
2.34752e-11
2.47335e-11
2.59314e-11
2.70717e-11
2.81572e-11
2.91906e-11
3.01743e-11
3.11108e-11
3.20023e-11
3.28511e-11
3.3659e-11
3.44282e-11
3.51605e-11
3.58576e-11
3.65213e-11
3.71532e-11
3.77548e-11
3.83275e-11
3.88728e-11
4.4866e-11
5.14303e-11
5.86121e-11
6.64586e-11
7.50166e-11
8.43312e-11
9.44432e-11
1.05386e-10
1.17183e-10
1.2984e-10
1.4334e-10
1.57637e-10
1.72644e-10
1.88226e-10
2.04185e-10
2.20253e-10
2.36082e-10
2.51241e-10
2.65221e-10
2.77449e-10
2.87313e-10
2.94208e-10
2.97592e-10
2.97043e-10
2.92321e-10
2.83412e-10
2.70549e-10
2.54197e-10
2.35006e-10
2.13743e-10
1.91212e-10
1.68177e-10
1.453e-10
1.23106e-10
1.01961e-10
8.20778e-11
6.35277e-11
4.62574e-11
3.01049e-11
1.48081e-11
-3.71106e-32
4.77107e-15
3.22195e-12
6.28628e-12
9.20415e-12
1.19824e-11
1.46274e-11
1.71456e-11
1.95429e-11
2.1825e-11
2.39973e-11
2.60652e-11
2.80337e-11
2.99073e-11
3.16908e-11
3.33885e-11
3.50044e-11
3.65425e-11
3.80066e-11
3.94003e-11
4.07268e-11
4.19895e-11
4.31915e-11
4.43357e-11
4.54248e-11
4.64616e-11
4.74486e-11
4.83881e-11
4.92825e-11
5.01339e-11
5.09445e-11
5.17161e-11
5.24507e-11
6.05211e-11
6.93525e-11
7.90035e-11
8.95324e-11
1.00995e-10
1.13443e-10
1.26919e-10
1.41451e-10
1.57049e-10
1.73694e-10
1.9133e-10
2.09852e-10
2.29096e-10
2.48819e-10
2.68693e-10
2.88292e-10
3.07086e-10
3.24449e-10
3.39674e-10
3.52011e-10
3.60716e-10
3.65122e-10
3.64713e-10
3.59199e-10
3.48571e-10
3.33123e-10
3.13437e-10
2.90321e-10
2.64728e-10
2.37651e-10
2.10035e-10
1.82697e-10
1.56287e-10
1.31263e-10
1.079e-10
8.63074e-11
6.64519e-11
4.81861e-11
3.12639e-11
1.53481e-11
-3.87377e-32
6.4472e-15
4.3526e-12
8.49217e-12
1.24337e-11
1.61864e-11
1.9759e-11
2.316e-11
2.63974e-11
2.94789e-11
3.2412e-11
3.52037e-11
3.78608e-11
4.03897e-11
4.27967e-11
4.50875e-11
4.72678e-11
4.93429e-11
5.13178e-11
5.31975e-11
5.49865e-11
5.66893e-11
5.83099e-11
5.98525e-11
6.13207e-11
6.27181e-11
6.40483e-11
6.53144e-11
6.65196e-11
6.76668e-11
6.87588e-11
6.97983e-11
7.07878e-11
8.16529e-11
9.35293e-11
1.06489e-10
1.20603e-10
1.35935e-10
1.52538e-10
1.70449e-10
1.89682e-10
2.10214e-10
2.31979e-10
2.5485e-10
2.78624e-10
3.03007e-10
3.27593e-10
3.51859e-10
3.75153e-10
3.96703e-10
4.15637e-10
4.3103e-10
4.41967e-10
4.47625e-10
4.47373e-10
4.40861e-10
4.28085e-10
4.0942e-10
3.85591e-10
3.57605e-10
3.26642e-10
2.93933e-10
2.60641e-10
2.27776e-10
1.96137e-10
1.66292e-10
1.38586e-10
1.13166e-10
9.00178e-11
6.89947e-11
4.98515e-11
3.22594e-11
1.58103e-11
-3.62858e-32
8.71799e-15
5.88356e-12
1.1479e-11
1.68065e-11
2.18784e-11
2.67065e-11
3.13022e-11
3.56764e-11
3.98395e-11
4.38015e-11
4.75721e-11
5.11604e-11
5.45751e-11
5.78247e-11
6.0917e-11
6.38597e-11
6.666e-11
6.93248e-11
7.18606e-11
7.42739e-11
7.65704e-11
7.87559e-11
8.08358e-11
8.28152e-11
8.4699e-11
8.64919e-11
8.81983e-11
8.98223e-11
9.1368e-11
9.28392e-11
9.42395e-11
9.55723e-11
1.10197e-10
1.26162e-10
1.43553e-10
1.62451e-10
1.82923e-10
2.05017e-10
2.2875e-10
2.54099e-10
2.80983e-10
3.09247e-10
3.38644e-10
3.6881e-10
3.99249e-10
4.29314e-10
4.582e-10
4.84953e-10
5.08496e-10
5.27686e-10
5.41391e-10
5.48598e-10
5.48533e-10
5.40769e-10
5.25315e-10
5.02643e-10
4.73663e-10
4.39631e-10
4.0201e-10
3.62322e-10
3.22004e-10
2.82297e-10
2.44185e-10
2.08364e-10
1.75263e-10
1.4507e-10
1.17779e-10
9.32381e-11
7.11851e-11
5.12775e-11
3.3108e-11
1.62033e-11
-3.38142e-32
1.17992e-14
7.95954e-12
1.5529e-11
2.27356e-11
2.95959e-11
3.61257e-11
4.23405e-11
4.82549e-11
5.38831e-11
5.92386e-11
6.43346e-11
6.91833e-11
7.37968e-11
7.81863e-11
8.23626e-11
8.63362e-11
9.01168e-11
9.37139e-11
9.71364e-11
1.00393e-10
1.03491e-10
1.06439e-10
1.09244e-10
1.11914e-10
1.14454e-10
1.16871e-10
1.1917e-10
1.21359e-10
1.23442e-10
1.25424e-10
1.27311e-10
1.29106e-10
1.4879e-10
1.7024e-10
1.93557e-10
2.18827e-10
2.4611e-10
2.75431e-10
3.06762e-10
3.40007e-10
3.74977e-10
4.1137e-10
4.48737e-10
4.86468e-10
5.23761e-10
5.59621e-10
5.92865e-10
6.22161e-10
6.4609e-10
6.6325e-10
6.7239e-10
6.72556e-10
6.6323e-10
6.44435e-10
6.16774e-10
5.81388e-10
5.39843e-10
4.93959e-10
4.45622e-10
3.96603e-10
3.48433e-10
3.02314e-10
2.59102e-10
2.19319e-10
1.83199e-10
1.50742e-10
1.21777e-10
9.60074e-11
7.30566e-11
5.24897e-11
3.38266e-11
1.65352e-11
-3.13758e-32
1.59875e-14
1.07791e-11
2.10296e-11
3.0788e-11
4.00764e-11
4.89164e-11
5.73285e-11
6.53328e-11
7.29484e-11
8.01937e-11
8.70864e-11
9.36435e-11
9.9881e-11
1.05814e-10
1.11459e-10
1.16827e-10
1.21935e-10
1.26793e-10
1.31414e-10
1.3581e-10
1.39992e-10
1.4397e-10
1.47755e-10
1.51356e-10
1.54781e-10
1.5804e-10
1.61141e-10
1.64091e-10
1.66898e-10
1.69569e-10
1.7211e-10
1.74529e-10
2.01018e-10
2.29824e-10
2.61056e-10
2.94791e-10
3.31064e-10
3.69845e-10
4.11016e-10
4.5435e-10
4.99473e-10
5.45834e-10
5.92677e-10
6.39011e-10
6.83599e-10
7.24974e-10
7.61479e-10
7.91349e-10
8.12846e-10
8.24416e-10
8.24882e-10
8.13614e-10
7.90656e-10
7.56777e-10
7.13413e-10
6.62523e-10
6.06376e-10
5.47308e-10
4.8751e-10
4.28864e-10
3.72846e-10
3.20499e-10
2.72457e-10
2.29001e-10
1.90135e-10
1.55653e-10
1.2521e-10
9.83697e-11
7.46443e-11
5.35136e-11
3.44317e-11
1.68141e-11
-2.90093e-32
2.16917e-14
1.46156e-11
2.85136e-11
4.17432e-11
5.43341e-11
6.63153e-11
7.77145e-11
8.85589e-11
9.88744e-11
1.08686e-10
1.18018e-10
1.26893e-10
1.35334e-10
1.43361e-10
1.50995e-10
1.58254e-10
1.65158e-10
1.71723e-10
1.77967e-10
1.83904e-10
1.89552e-10
1.94922e-10
2.0003e-10
2.04889e-10
2.0951e-10
2.13906e-10
2.18087e-10
2.22064e-10
2.25847e-10
2.29447e-10
2.32871e-10
2.36129e-10
2.71768e-10
3.10427e-10
3.52207e-10
3.97153e-10
4.45234e-10
4.96311e-10
5.50105e-10
6.06156e-10
6.63786e-10
7.22057e-10
7.79737e-10
8.35291e-10
8.8689e-10
9.32468e-10
9.69825e-10
9.96794e-10
1.01144e-09
1.01232e-09
9.98639e-10
9.70492e-10
9.28854e-10
8.75541e-10
8.13011e-10
7.44094e-10
6.71696e-10
5.98529e-10
5.2691e-10
4.58647e-10
3.9501e-10
3.36765e-10
2.84248e-10
2.37455e-10
1.96133e-10
1.59865e-10
1.28135e-10
1.00371e-10
7.59832e-11
5.4374e-11
3.49388e-11
1.70474e-11
-2.67417e-32
2.94773e-14
1.98456e-11
3.87156e-11
5.6676e-11
7.37668e-11
9.00268e-11
1.05494e-10
1.20204e-10
1.34193e-10
1.47496e-10
1.60144e-10
1.72169e-10
1.83602e-10
1.94471e-10
2.04804e-10
2.14627e-10
2.23966e-10
2.32844e-10
2.41285e-10
2.49309e-10
2.56939e-10
2.64192e-10
2.71089e-10
2.77647e-10
2.83883e-10
2.89813e-10
2.95452e-10
3.00814e-10
3.05914e-10
3.10765e-10
3.15378e-10
3.19766e-10
3.67701e-10
4.19534e-10
4.75331e-10
5.35057e-10
5.98548e-10
6.65463e-10
7.35239e-10
8.07036e-10
8.79689e-10
9.51666e-10
1.02105e-09
1.08556e-09
1.14261e-09
1.18945e-09
1.22337e-09
1.24195e-09
1.24339e-09
1.22674e-09
1.19211e-09
1.14078e-09
1.07504e-09
9.97981e-10
9.13148e-10
8.24164e-10
7.3439e-10
6.46683e-10
5.63259e-10
4.85664e-10
4.14819e-10
3.51116e-10
2.94535e-10
2.44758e-10
2.01273e-10
1.6345e-10
1.30609e-10
1.02056e-10
7.71063e-11
5.50935e-11
3.53619e-11
1.72418e-11
-2.45908e-32
4.01282e-14
2.69898e-11
5.26509e-11
7.70718e-11
1.00306e-10
1.22405e-10
1.43421e-10
1.63403e-10
1.82399e-10
2.00456e-10
2.17618e-10
2.3393e-10
2.49431e-10
2.64163e-10
2.78162e-10
2.91465e-10
3.04108e-10
3.16122e-10
3.27539e-10
3.38389e-10
3.48701e-10
3.58502e-10
3.67817e-10
3.76671e-10
3.85087e-10
3.93087e-10
4.00692e-10
4.07922e-10
4.14797e-10
4.21332e-10
4.27547e-10
4.33456e-10
4.97889e-10
5.67296e-10
6.41646e-10
7.20743e-10
8.04174e-10
8.91244e-10
9.80915e-10
1.07174e-09
1.1618e-09
1.24871e-09
1.3296e-09
1.40123e-09
1.46014e-09
1.50294e-09
1.52659e-09
1.52884e-09
1.50851e-09
1.46581e-09
1.40234e-09
1.32104e-09
1.22581e-09
1.12109e-09
1.01143e-09
9.00985e-10
7.93295e-10
6.91076e-10
5.96207e-10
5.0979e-10
4.32278e-10
3.63622e-10
3.03413e-10
2.5101e-10
2.05642e-10
1.6648e-10
1.32691e-10
1.03468e-10
7.8044e-11
5.56927e-11
3.57136e-11
1.74033e-11
-2.25668e-32
5.47351e-14
3.67702e-11
7.17267e-11
1.04988e-10
1.36626e-10
1.6671e-10
1.95309e-10
2.22492e-10
2.48323e-10
2.72866e-10
2.96183e-10
3.18333e-10
3.39374e-10
3.5936e-10
3.78343e-10
3.96374e-10
4.135e-10
4.29767e-10
4.45218e-10
4.59896e-10
4.73838e-10
4.87083e-10
4.99666e-10
5.11621e-10
5.22979e-10
5.33772e-10
5.44028e-10
5.53774e-10
5.63036e-10
5.71839e-10
5.80207e-10
5.8816e-10
6.7469e-10
7.67458e-10
8.66237e-10
9.70524e-10
1.07947e-09
1.19177e-09
1.30565e-09
1.41869e-09
1.5279e-09
1.62967e-09
1.71993e-09
1.79432e-09
1.84853e-09
1.87878e-09
1.8822e-09
1.85737e-09
1.80457e-09
1.72589e-09
1.62506e-09
1.50703e-09
1.37742e-09
1.2419e-09
1.10568e-09
9.73118e-10
8.47559e-10
7.31281e-10
6.25601e-10
5.31033e-10
4.47478e-10
3.74405e-10
3.11005e-10
2.56319e-10
2.0933e-10
1.69025e-10
1.34432e-10
1.04645e-10
7.88238e-11
5.61899e-11
3.6005e-11
1.75369e-11
-2.06744e-32
7.48205e-14
5.01895e-11
9.78976e-11
1.43283e-10
1.86441e-10
2.27465e-10
2.66448e-10
3.03483e-10
3.3866e-10
3.72065e-10
4.03784e-10
4.33898e-10
4.62487e-10
4.89626e-10
5.15389e-10
5.39844e-10
5.63058e-10
5.85094e-10
6.06013e-10
6.25872e-10
6.44726e-10
6.62627e-10
6.79623e-10
6.95762e-10
7.11088e-10
7.25642e-10
7.39466e-10
7.52596e-10
7.65069e-10
7.76917e-10
7.88174e-10
7.9887e-10
9.14909e-10
1.03859e-09
1.16931e-09
1.30601e-09
1.44711e-09
1.59034e-09
1.73271e-09
1.87044e-09
1.99899e-09
2.11319e-09
2.20753e-09
2.27656e-09
2.31545e-09
2.32064e-09
2.29031e-09
2.22489e-09
2.12708e-09
2.00167e-09
1.85497e-09
1.69409e-09
1.52616e-09
1.3577e-09
1.19412e-09
1.03951e-09
8.96657e-10
7.67112e-10
6.51454e-10
5.49506e-10
4.60568e-10
3.83614e-10
3.17444e-10
2.60795e-10
2.12425e-10
1.71151e-10
1.35882e-10
1.05622e-10
7.94699e-11
5.66012e-11
3.62457e-11
1.76471e-11
-1.89144e-32
1.02517e-13
6.86443e-11
1.33885e-10
1.95935e-10
2.54917e-10
3.1096e-10
3.64189e-10
4.14728e-10
4.62703e-10
5.08232e-10
5.51433e-10
5.92421e-10
6.31304e-10
6.68189e-10
7.03176e-10
7.36363e-10
7.67842e-10
7.97703e-10
8.26028e-10
8.52899e-10
8.78392e-10
9.02578e-10
9.25527e-10
9.47303e-10
9.67969e-10
9.87582e-10
1.0062e-09
1.02387e-09
1.04065e-09
1.05658e-09
1.0717e-09
1.08606e-09
1.24135e-09
1.40568e-09
1.57776e-09
1.75561e-09
1.93641e-09
2.1164e-09
2.29081e-09
2.45388e-09
2.59905e-09
2.7193e-09
2.8077e-09
2.85809e-09
2.86591e-09
2.82894e-09
2.74774e-09
2.62584e-09
2.46941e-09
2.28653e-09
2.08624e-09
1.87757e-09
1.66867e-09
1.46628e-09
1.27545e-09
1.09952e-09
9.40362e-10
7.98589e-10
6.73908e-10
5.65395e-10
4.71734e-10
3.91415e-10
3.22865e-10
2.64546e-10
2.15007e-10
1.72919e-10
1.37084e-10
1.06431e-10
8.00034e-11
5.69403e-11
3.64439e-11
1.77379e-11
-1.72843e-32
1.40819e-13
9.40838e-11
1.83487e-10
2.6849e-10
3.49258e-10
4.25959e-10
4.98764e-10
5.67844e-10
6.33369e-10
6.95504e-10
7.54414e-10
8.10257e-10
8.63186e-10
9.13349e-10
9.60888e-10
1.00594e-09
1.04864e-09
1.0891e-09
1.12745e-09
1.16379e-09
1.19824e-09
1.2309e-09
1.26186e-09
1.29121e-09
1.31905e-09
1.34545e-09
1.37048e-09
1.39423e-09
1.41675e-09
1.43813e-09
1.45841e-09
1.47766e-09
1.68487e-09
1.9022e-09
2.12717e-09
2.35626e-09
2.58475e-09
2.80658e-09
3.01444e-09
3.19995e-09
3.35413e-09
3.46808e-09
3.53392e-09
3.5458e-09
3.50087e-09
3.39996e-09
3.24766e-09
3.05196e-09
2.82327e-09
2.57315e-09
2.31306e-09
2.05328e-09
1.80219e-09
1.56603e-09
1.34887e-09
1.15287e-09
9.78703e-10
8.25888e-10
6.93193e-10
5.78928e-10
4.81178e-10
3.97974e-10
3.27402e-10
2.67671e-10
2.17151e-10
1.74384e-10
1.38078e-10
1.07098e-10
8.04427e-11
5.72192e-11
3.66068e-11
1.78124e-11
-1.57798e-32
1.93947e-13
1.29232e-10
2.52007e-10
3.68697e-10
4.79514e-10
5.84684e-10
6.84436e-10
7.79005e-10
8.68625e-10
9.53527e-10
1.03394e-09
1.11008e-09
1.18218e-09
1.25043e-09
1.31504e-09
1.3762e-09
1.43409e-09
1.4889e-09
1.54078e-09
1.5899e-09
1.63641e-09
1.68045e-09
1.72216e-09
1.76167e-09
1.79909e-09
1.83454e-09
1.86814e-09
1.89997e-09
1.93015e-09
1.95875e-09
1.98587e-09
2.01158e-09
2.28699e-09
2.57262e-09
2.86409e-09
3.15541e-09
3.43892e-09
3.70527e-09
3.94372e-09
4.14271e-09
4.29074e-09
4.37762e-09
4.39576e-09
4.34153e-09
4.21602e-09
4.02528e-09
3.77972e-09
3.4928e-09
3.17942e-09
2.8542e-09
2.53014e-09
2.21775e-09
1.92471e-09
1.65596e-09
1.41405e-09
1.1996e-09
1.0119e-09
8.49297e-10
7.09593e-10
5.90357e-10
4.89107e-10
4.03454e-10
3.31176e-10
2.70262e-10
2.18925e-10
1.75592e-10
1.38896e-10
1.07646e-10
8.08034e-11
5.7448e-11
3.67403e-11
1.78735e-11
-1.4395e-32
2.67859e-13
1.77899e-10
3.46864e-10
5.0738e-10
6.59722e-10
8.04185e-10
9.41082e-10
1.07073e-09
1.19346e-09
1.30959e-09
1.41944e-09
1.52332e-09
1.62155e-09
1.71442e-09
1.80221e-09
1.8852e-09
1.96365e-09
2.03781e-09
2.10792e-09
2.17421e-09
2.2369e-09
2.29618e-09
2.35224e-09
2.40528e-09
2.45546e-09
2.50294e-09
2.54787e-09
2.59041e-09
2.63068e-09
2.66881e-09
2.70493e-09
2.73914e-09
3.10319e-09
3.47557e-09
3.84874e-09
4.21294e-09
4.5562e-09
4.86468e-09
5.1234e-09
5.31738e-09
5.43331e-09
5.46127e-09
5.39649e-09
5.24041e-09
5.00102e-09
4.69193e-09
4.33072e-09
3.93668e-09
3.52859e-09
3.123e-09
2.73313e-09
2.36847e-09
2.03501e-09
1.73567e-09
1.47104e-09
1.24e-09
1.04032e-09
8.69169e-10
7.23418e-10
5.99934e-10
4.95719e-10
4.08005e-10
3.343e-10
2.72401e-10
2.20385e-10
1.76585e-10
1.39567e-10
1.08095e-10
8.10986e-11
5.7635e-11
3.68495e-11
1.79234e-11
-1.31233e-32
3.70979e-13
2.45412e-10
4.78425e-10
6.99662e-10
9.09469e-10
1.10824e-09
1.29638e-09
1.47434e-09
1.64258e-09
1.80153e-09
1.95166e-09
2.09342e-09
2.22724e-09
2.35355e-09
2.47275e-09
2.58524e-09
2.6914e-09
2.79159e-09
2.88615e-09
2.97541e-09
3.05967e-09
3.13922e-09
3.21435e-09
3.2853e-09
3.35233e-09
3.41566e-09
3.47551e-09
3.53208e-09
3.58557e-09
3.63615e-09
3.68399e-09
3.72925e-09
4.20703e-09
4.68734e-09
5.15773e-09
5.60283e-09
6.00472e-09
6.34383e-09
6.60053e-09
6.7572e-09
6.80071e-09
6.72462e-09
6.53082e-09
6.22981e-09
5.83955e-09
5.38316e-09
4.8858e-09
4.3718e-09
3.86233e-09
3.3741e-09
2.91889e-09
2.50393e-09
2.13258e-09
1.80523e-09
1.52021e-09
1.27451e-09
1.0644e-09
8.85887e-10
7.34981e-10
6.07906e-10
5.012e-10
4.11765e-10
3.36874e-10
2.7416e-10
2.21582e-10
1.77398e-10
1.40116e-10
1.08462e-10
8.13396e-11
5.77877e-11
3.69384e-11
1.7964e-11
-1.19577e-32
5.15214e-13
3.39208e-10
6.6115e-10
9.66615e-10
1.25603e-09
1.5299e-09
1.78878e-09
2.03328e-09
2.26403e-09
2.48167e-09
2.68685e-09
2.88022e-09
3.06239e-09
3.23399e-09
3.39561e-09
3.54782e-09
3.69117e-09
3.82617e-09
3.95332e-09
4.0731e-09
4.18595e-09
4.29229e-09
4.3925e-09
4.48698e-09
4.57605e-09
4.66006e-09
4.73931e-09
4.81409e-09
4.88466e-09
4.95129e-09
5.01421e-09
5.07365e-09
5.69482e-09
6.30575e-09
6.88662e-09
7.41413e-09
7.86258e-09
8.20595e-09
8.4207e-09
8.48906e-09
8.40219e-09
8.16235e-09
7.7834e-09
7.28919e-09
6.71032e-09
6.07997e-09
5.42988e-09
4.78739e-09
4.1737e-09
3.60351e-09
3.08553e-09
2.62352e-09
2.21755e-09
1.86511e-09
1.56212e-09
1.30367e-09
1.08461e-09
8.99839e-10
7.44584e-10
6.145e-10
5.05719e-10
4.14856e-10
3.38985e-10
2.75599e-10
2.22561e-10
1.78062e-10
1.40563e-10
1.08761e-10
8.15358e-11
5.79118e-11
3.70108e-11
1.79971e-11
-1.08909e-32
7.17346e-13
4.69617e-10
9.1512e-10
1.33748e-09
1.7372e-09
2.11492e-09
2.47139e-09
2.80745e-09
3.12398e-09
3.4219e-09
3.70214e-09
3.96562e-09
4.21327e-09
4.44597e-09
4.66459e-09
4.86997e-09
5.06291e-09
5.24415e-09
5.41444e-09
5.57445e-09
5.72483e-09
5.86618e-09
5.99908e-09
6.12407e-09
6.24164e-09
6.35228e-09
6.45641e-09
6.55445e-09
6.64679e-09
6.73379e-09
6.81578e-09
6.89307e-09
7.69087e-09
8.45391e-09
9.15174e-09
9.75044e-09
1.02152e-08
1.0514e-08
1.06226e-08
1.05282e-08
1.02332e-08
9.75605e-09
9.12844e-09
8.39133e-09
7.58888e-09
6.76297e-09
5.94916e-09
5.1746e-09
4.45767e-09
3.80886e-09
3.2323e-09
2.72741e-09
2.29051e-09
1.91601e-09
1.59745e-09
1.32809e-09
1.10143e-09
9.11395e-10
7.52507e-10
6.19922e-10
5.09424e-10
4.17385e-10
3.40709e-10
2.76772e-10
2.23359e-10
1.78601e-10
1.40927e-10
1.09004e-10
8.16951e-11
5.80125e-11
3.70695e-11
1.80239e-11
-7.79947e-33
8.58243e-13
5.59929e-10
1.09095e-09
1.59415e-09
2.07004e-09
2.51936e-09
2.94298e-09
3.3419e-09
3.71719e-09
4.06995e-09
4.40132e-09
4.71244e-09
5.00442e-09
5.27838e-09
5.53536e-09
5.7764e-09
6.00249e-09
6.21455e-09
6.41347e-09
6.6001e-09
6.77522e-09
6.93958e-09
7.09388e-09
7.23878e-09
7.37489e-09
7.50278e-09
7.62298e-09
7.736e-09
7.8423e-09
7.94232e-09
8.03647e-09
8.12511e-09
9.03272e-09
9.88514e-09
1.06445e-08
1.12702e-08
1.17221e-08
1.19663e-08
1.19803e-08
1.17578e-08
1.13113e-08
1.06713e-08
9.88179e-09
8.99369e-09
8.058e-09
7.1199e-09
6.21529e-09
5.36965e-09
4.59857e-09
3.90944e-09
3.30338e-09
2.77726e-09
2.32523e-09
1.94008e-09
1.61406e-09
1.33952e-09
1.10927e-09
9.16766e-10
7.56179e-10
6.22429e-10
5.11135e-10
4.18551e-10
3.41503e-10
2.77312e-10
2.23725e-10
1.78849e-10
1.41094e-10
1.09115e-10
8.17681e-11
5.80587e-11
3.70963e-11
1.80361e-11
-9.35289e-32
9.98845e-13
6.49665e-10
1.26563e-09
1.84906e-09
2.4005e-09
2.92075e-09
3.41081e-09
3.87183e-09
4.30507e-09
4.71183e-09
5.09345e-09
5.45129e-09
5.78667e-09
6.10091e-09
6.39528e-09
6.671e-09
6.92925e-09
7.17113e-09
7.3977e-09
7.60996e-09
7.80886e-09
7.99528e-09
8.17005e-09
8.33394e-09
8.48768e-09
8.63194e-09
8.76736e-09
8.89453e-09
9.01398e-09
9.12624e-09
9.23178e-09
9.33104e-09
1.03397e-08
1.12708e-08
1.20793e-08
1.27179e-08
1.31427e-08
1.33189e-08
1.32277e-08
1.28707e-08
1.22716e-08
1.14733e-08
1.05311e-08
9.50478e-09
8.45023e-09
7.41437e-09
6.43227e-09
5.52702e-09
4.71124e-09
3.98924e-09
3.35943e-09
2.81634e-09
2.35234e-09
1.95879e-09
1.62694e-09
1.34836e-09
1.11532e-09
9.20902e-10
7.59002e-10
6.24355e-10
5.12447e-10
4.19444e-10
3.42111e-10
2.77725e-10
2.24005e-10
1.79039e-10
1.41222e-10
1.092e-10
8.18239e-11
5.8094e-11
3.71169e-11
1.80455e-11
-2.75607e-31
1.37573e-12
8.88769e-10
1.73096e-09
2.52788e-09
3.28008e-09
3.98854e-09
4.65457e-09
5.27974e-09
5.8658e-09
6.41461e-09
6.92807e-09
7.40814e-09
7.85674e-09
8.27577e-09
8.66706e-09
9.03239e-09
9.37345e-09
9.69187e-09
9.98916e-09
1.02668e-08
1.05261e-08
1.07683e-08
1.09946e-08
1.12062e-08
1.14041e-08
1.15892e-08
1.17624e-08
1.19246e-08
1.20765e-08
1.22188e-08
1.23522e-08
1.24773e-08
1.37264e-08
1.48307e-08
1.57264e-08
1.63517e-08
1.66551e-08
1.66053e-08
1.61991e-08
1.54648e-08
1.4459e-08
1.32577e-08
1.19431e-08
1.05921e-08
9.26816e-09
8.01754e-09
6.86977e-09
5.84007e-09
4.93278e-09
4.14464e-09
3.46766e-09
2.8913e-09
2.40403e-09
1.99431e-09
1.65128e-09
1.36501e-09
1.12669e-09
9.28657e-10
7.64287e-10
6.27954e-10
5.14897e-10
4.21111e-10
3.43243e-10
2.78494e-10
2.24527e-10
1.79392e-10
1.41459e-10
1.09359e-10
8.19275e-11
5.81595e-11
3.7155e-11
1.80629e-11
-3.52764e-31
1.84008e-12
1.18147e-09
2.30043e-09
3.3583e-09
4.35555e-09
5.29335e-09
6.17338e-09
6.99773e-09
7.76875e-09
8.489e-09
9.16112e-09
9.78782e-09
1.03718e-08
1.09157e-08
1.1422e-08
1.18933e-08
1.2332e-08
1.27402e-08
1.31202e-08
1.34738e-08
1.38031e-08
1.41097e-08
1.43953e-08
1.46615e-08
1.49096e-08
1.5141e-08
1.53568e-08
1.55583e-08
1.57464e-08
1.59222e-08
1.60865e-08
1.62402e-08
1.77452e-08
1.90142e-08
1.99613e-08
2.05095e-08
2.06034e-08
2.02232e-08
1.93927e-08
1.81795e-08
1.66838e-08
1.50203e-08
1.32985e-08
1.16082e-08
1.0014e-08
8.55578e-09
7.25288e-09
6.10982e-09
5.12108e-09
4.27521e-09
3.55773e-09
2.95318e-09
2.44641e-09
2.02328e-09
1.67104e-09
1.37847e-09
1.13586e-09
9.34893e-10
7.68528e-10
6.30837e-10
5.16856e-10
4.22442e-10
3.44148e-10
2.79108e-10
2.24943e-10
1.79673e-10
1.41648e-10
1.09485e-10
8.201e-11
5.82116e-11
3.71853e-11
1.80768e-11
-3.20943e-31
2.34068e-12
1.49567e-09
2.91163e-09
4.24933e-09
5.50915e-09
6.6924e-09
7.80115e-09
8.83805e-09
9.80612e-09
1.07087e-08
1.15492e-08
1.23312e-08
1.30582e-08
1.37337e-08
1.4361e-08
1.49435e-08
1.54842e-08
1.59861e-08
1.64521e-08
1.68846e-08
1.72862e-08
1.76592e-08
1.80057e-08
1.83278e-08
1.86272e-08
1.89056e-08
1.91647e-08
1.94059e-08
1.96305e-08
1.98399e-08
2.00351e-08
2.02171e-08
2.19704e-08
2.33832e-08
2.4347e-08
2.47707e-08
2.45986e-08
2.38283e-08
2.25182e-08
2.07825e-08
1.877e-08
1.66354e-08
1.45124e-08
1.24989e-08
1.06553e-08
9.01067e-09
7.57192e-09
6.33165e-09
5.2743e-09
4.38052e-09
3.62984e-09
3.00243e-09
2.47997e-09
2.04612e-09
1.68657e-09
1.38902e-09
1.14303e-09
9.39759e-10
7.71832e-10
6.33081e-10
5.18379e-10
4.23476e-10
3.44849e-10
2.79584e-10
2.25265e-10
1.7989e-10
1.41794e-10
1.09582e-10
8.20738e-11
5.82519e-11
3.72088e-11
1.80875e-11
-2.91942e-31
2.79221e-12
1.77845e-09
3.46166e-09
5.05109e-09
6.54697e-09
7.95078e-09
9.26492e-09
1.04925e-08
1.16373e-08
1.27031e-08
1.36942e-08
1.4615e-08
1.54697e-08
1.62625e-08
1.69975e-08
1.76788e-08
1.83102e-08
1.88952e-08
1.94372e-08
1.99394e-08
2.04048e-08
2.08363e-08
2.12363e-08
2.16074e-08
2.19517e-08
2.22713e-08
2.25681e-08
2.28439e-08
2.31003e-08
2.33387e-08
2.35606e-08
2.37672e-08
2.57314e-08
2.72581e-08
2.82187e-08
2.85104e-08
2.80792e-08
2.69405e-08
2.51869e-08
2.29765e-08
2.05032e-08
1.79567e-08
1.54903e-08
1.32059e-08
1.11575e-08
9.36275e-09
7.81636e-09
6.50014e-09
5.38984e-09
4.45944e-09
3.68361e-09
3.03899e-09
2.50481e-09
2.06297e-09
1.698e-09
1.39678e-09
1.14828e-09
9.43324e-10
7.7425e-10
6.34721e-10
5.19492e-10
4.24231e-10
3.45361e-10
2.79931e-10
2.255e-10
1.80049e-10
1.41901e-10
1.09653e-10
8.21203e-11
5.82813e-11
3.72259e-11
1.80953e-11
-2.65519e-31
3.10759e-12
1.97593e-09
3.84577e-09
5.61097e-09
7.2717e-09
8.82951e-09
1.0287e-08
1.16478e-08
1.29158e-08
1.40957e-08
1.5192e-08
1.62096e-08
1.71533e-08
1.8028e-08
1.88382e-08
1.95884e-08
2.0283e-08
2.09258e-08
2.15209e-08
2.20717e-08
2.25816e-08
2.30538e-08
2.34911e-08
2.38964e-08
2.42719e-08
2.46202e-08
2.49433e-08
2.52431e-08
2.55215e-08
2.57802e-08
2.60207e-08
2.62443e-08
2.83548e-08
2.99595e-08
3.0916e-08
3.11129e-08
3.04975e-08
2.90979e-08
2.70307e-08
2.4486e-08
2.16891e-08
1.88551e-08
1.61505e-08
1.368e-08
1.14921e-08
9.59588e-09
7.97736e-09
6.61061e-09
5.4653e-09
4.51083e-09
3.71852e-09
3.06268e-09
2.52086e-09
2.07385e-09
1.70537e-09
1.40177e-09
1.15167e-09
9.45616e-10
7.75804e-10
6.35774e-10
5.20206e-10
4.24715e-10
3.4569e-10
2.80153e-10
2.25651e-10
1.80151e-10
1.41969e-10
1.09699e-10
8.21502e-11
5.83001e-11
3.72368e-11
1.81003e-11
-2.41451e-31
3.23054e-12
2.05331e-09
3.9963e-09
5.83045e-09
7.55592e-09
9.17428e-09
1.06883e-08
1.21016e-08
1.34184e-08
1.46433e-08
1.57814e-08
1.68375e-08
1.78168e-08
1.87243e-08
1.95646e-08
2.03426e-08
2.10627e-08
2.1729e-08
2.23456e-08
2.29162e-08
2.34444e-08
2.39333e-08
2.4386e-08
2.48053e-08
2.51939e-08
2.55541e-08
2.58882e-08
2.61981e-08
2.64858e-08
2.67531e-08
2.70014e-08
2.72324e-08
2.94073e-08
3.10511e-08
3.20152e-08
3.21844e-08
3.15048e-08
3.00081e-08
2.78195e-08
2.51405e-08
2.22101e-08
1.92542e-08
1.64466e-08
1.38941e-08
1.16439e-08
9.7021e-09
8.0509e-09
6.66117e-09
5.49989e-09
4.5344e-09
3.73455e-09
3.07356e-09
2.52824e-09
2.07885e-09
1.70876e-09
1.40406e-09
1.15322e-09
9.46671e-10
7.76518e-10
6.36259e-10
5.20535e-10
4.24938e-10
3.45841e-10
2.80256e-10
2.2572e-10
1.80198e-10
1.42001e-10
1.0972e-10
8.2164e-11
5.83088e-11
3.72419e-11
1.81026e-11
-2.19532e-31
3.14964e-12
2.0035e-09
3.8995e-09
5.68951e-09
7.37372e-09
8.95372e-09
1.04322e-08
1.18127e-08
1.30994e-08
1.42967e-08
1.54094e-08
1.64425e-08
1.74008e-08
1.82891e-08
1.91121e-08
1.98744e-08
2.05802e-08
2.12336e-08
2.18386e-08
2.23987e-08
2.29173e-08
2.33977e-08
2.38427e-08
2.42551e-08
2.46374e-08
2.4992e-08
2.5321e-08
2.56264e-08
2.59101e-08
2.61736e-08
2.64187e-08
2.66467e-08
2.88008e-08
3.04442e-08
3.1431e-08
3.1646e-08
3.10325e-08
2.96156e-08
2.75113e-08
2.49123e-08
2.20499e-08
1.91466e-08
1.63767e-08
1.38494e-08
1.16156e-08
9.68418e-09
8.03953e-09
6.65391e-09
5.49522e-09
4.53138e-09
3.73259e-09
3.07228e-09
2.5274e-09
2.0783e-09
1.70839e-09
1.40382e-09
1.15306e-09
9.46561e-10
7.76445e-10
6.36209e-10
5.20501e-10
4.24916e-10
3.45826e-10
2.80246e-10
2.25713e-10
1.80193e-10
1.41998e-10
1.09718e-10
8.21627e-11
5.83081e-11
3.72415e-11
1.81024e-11
-1.99575e-31
2.89196e-12
1.84329e-09
3.58796e-09
5.2356e-09
6.7865e-09
8.24219e-09
9.60518e-09
1.08787e-08
1.20666e-08
1.31729e-08
1.4202e-08
1.51583e-08
1.60462e-08
1.68701e-08
1.76343e-08
1.83428e-08
1.89996e-08
1.96083e-08
2.01725e-08
2.06955e-08
2.11804e-08
2.163e-08
2.2047e-08
2.24339e-08
2.2793e-08
2.31265e-08
2.34363e-08
2.37242e-08
2.3992e-08
2.42411e-08
2.44729e-08
2.46889e-08
2.67458e-08
2.83518e-08
2.93712e-08
2.96932e-08
2.92563e-08
2.80711e-08
2.62301e-08
2.38981e-08
2.12813e-08
1.85854e-08
1.59784e-08
1.35725e-08
1.14255e-08
9.55481e-09
7.95192e-09
6.59476e-09
5.45535e-09
4.50453e-09
3.7145e-09
3.06009e-09
2.51919e-09
2.07276e-09
1.70465e-09
1.4013e-09
1.15135e-09
9.45408e-10
7.75665e-10
6.35681e-10
5.20144e-10
4.24673e-10
3.45662e-10
2.80135e-10
2.25638e-10
1.80143e-10
1.41964e-10
1.09695e-10
8.2148e-11
5.82989e-11
3.72361e-11
1.81e-11
-1.8141e-31
2.50625e-12
1.60288e-09
3.12045e-09
4.55434e-09
5.90497e-09
7.1738e-09
8.36306e-09
9.47555e-09
1.05145e-08
1.14835e-08
1.23862e-08
1.32264e-08
1.40077e-08
1.4734e-08
1.54087e-08
1.60355e-08
1.66175e-08
1.7158e-08
1.76599e-08
1.8126e-08
1.85589e-08
1.89612e-08
1.9335e-08
1.96826e-08
2.00058e-08
2.03064e-08
2.05863e-08
2.0847e-08
2.10898e-08
2.13161e-08
2.15272e-08
2.17242e-08
2.36242e-08
2.51607e-08
2.62142e-08
2.66814e-08
2.64962e-08
2.56492e-08
2.41997e-08
2.22717e-08
2.0033e-08
1.76621e-08
1.53153e-08
1.31063e-08
1.11026e-08
9.3333e-09
7.80097e-09
6.49231e-09
5.38601e-09
4.45766e-09
3.68285e-09
3.03872e-09
2.50476e-09
2.06302e-09
1.69807e-09
1.39685e-09
1.14834e-09
9.43372e-10
7.74287e-10
6.34748e-10
5.19511e-10
4.24245e-10
3.45372e-10
2.79938e-10
2.25505e-10
1.80053e-10
1.41904e-10
1.09655e-10
8.2122e-11
5.82824e-11
3.72266e-11
1.80956e-11
-8.62212e-32
2.10025e-12
1.34893e-09
2.62654e-09
3.83443e-09
4.97319e-09
6.04413e-09
7.04919e-09
7.99072e-09
8.87143e-09
9.69422e-09
1.04621e-08
1.11781e-08
1.18454e-08
1.24669e-08
1.30455e-08
1.35842e-08
1.40855e-08
1.45521e-08
1.49863e-08
1.53906e-08
1.57669e-08
1.61173e-08
1.64438e-08
1.67479e-08
1.70315e-08
1.72959e-08
1.75425e-08
1.77727e-08
1.79877e-08
1.81885e-08
1.83761e-08
1.85516e-08
2.02691e-08
2.1712e-08
2.27787e-08
2.3376e-08
2.34356e-08
2.29307e-08
2.18883e-08
2.03912e-08
1.85661e-08
1.65597e-08
1.45117e-08
1.2534e-08
1.07019e-08
9.05597e-09
7.61059e-09
6.36235e-09
5.29762e-09
4.39769e-09
3.64223e-09
3.01123e-09
2.48616e-09
2.05043e-09
1.68956e-09
1.39109e-09
1.14445e-09
9.40733e-10
7.72499e-10
6.33536e-10
5.1869e-10
4.23688e-10
3.44994e-10
2.79683e-10
2.25332e-10
1.79937e-10
1.41826e-10
1.09603e-10
8.2088e-11
5.8261e-11
3.72142e-11
1.809e-11
3.1959e-34
1.7443e-12
1.12509e-09
2.19106e-09
3.19951e-09
4.15105e-09
5.04688e-09
5.88866e-09
6.67837e-09
7.41822e-09
8.11056e-09
8.75787e-09
9.3626e-09
9.92725e-09
1.04542e-08
1.09459e-08
1.14045e-08
1.18323e-08
1.22313e-08
1.26035e-08
1.29507e-08
1.32746e-08
1.3577e-08
1.38592e-08
1.41228e-08
1.4369e-08
1.45991e-08
1.48142e-08
1.50154e-08
1.52036e-08
1.53799e-08
1.55449e-08
1.56996e-08
1.72329e-08
1.85652e-08
1.96117e-08
2.02905e-08
2.05352e-08
2.03083e-08
1.96131e-08
1.84987e-08
1.70552e-08
1.53979e-08
1.36467e-08
1.19064e-08
1.02554e-08
8.74295e-09
7.39343e-09
6.21283e-09
5.19521e-09
4.32782e-09
3.59468e-09
2.97893e-09
2.46424e-09
2.03557e-09
1.67949e-09
1.38426e-09
1.13982e-09
9.37596e-10
7.70372e-10
6.32094e-10
5.17712e-10
4.23025e-10
3.44545e-10
2.79378e-10
2.25126e-10
1.79797e-10
1.41732e-10
1.09541e-10
8.20474e-11
5.82354e-11
3.71993e-11
1.80832e-11
3.5142e-34
1.43611e-12
9.30195e-10
1.81184e-09
2.6464e-09
3.43454e-09
4.17733e-09
4.87616e-09
5.53267e-09
6.14867e-09
6.72608e-09
7.26686e-09
7.773e-09
8.24649e-09
8.68925e-09
9.10317e-09
9.49007e-09
9.85169e-09
1.01897e-08
1.05056e-08
1.08009e-08
1.10771e-08
1.13353e-08
1.15769e-08
1.1803e-08
1.20147e-08
1.22128e-08
1.23985e-08
1.25724e-08
1.27355e-08
1.28885e-08
1.3032e-08
1.31668e-08
1.45189e-08
1.57291e-08
1.67282e-08
1.74463e-08
1.78218e-08
1.78119e-08
1.74037e-08
1.66201e-08
1.55201e-08
1.41898e-08
1.27271e-08
1.12258e-08
9.76279e-09
8.39253e-09
7.14738e-09
6.04174e-09
5.07709e-09
4.2467e-09
3.53918e-09
2.94106e-09
2.43846e-09
2.01804e-09
1.66757e-09
1.37617e-09
1.13432e-09
9.33867e-10
7.67841e-10
6.30376e-10
5.16546e-10
4.22234e-10
3.44008e-10
2.79014e-10
2.2488e-10
1.79631e-10
1.41621e-10
1.09467e-10
8.19989e-11
5.82049e-11
3.71816e-11
1.80751e-11
3.86392e-34
1.1725e-12
7.62575e-10
1.4856e-09
2.17041e-09
2.81767e-09
3.42831e-09
4.0035e-09
4.54459e-09
5.05305e-09
5.5304e-09
5.97823e-09
6.39811e-09
6.79161e-09
7.16027e-09
7.50557e-09
7.82896e-09
8.13181e-09
8.41543e-09
8.68106e-09
8.92988e-09
9.16299e-09
9.38143e-09
9.58618e-09
9.77815e-09
9.95819e-09
1.01271e-08
1.02856e-08
1.04345e-08
1.05742e-08
1.07056e-08
1.0829e-08
1.09451e-08
1.21227e-08
1.32047e-08
1.4136e-08
1.48583e-08
1.53167e-08
1.54677e-08
1.52881e-08
1.47821e-08
1.39833e-08
1.29515e-08
1.17628e-08
1.04969e-08
9.2253e-09
8.004e-09
6.87086e-09
5.84727e-09
4.94158e-09
4.15292e-09
3.47461e-09
2.89678e-09
2.40818e-09
1.99737e-09
1.65349e-09
1.36659e-09
1.12781e-09
9.29437e-10
7.6483e-10
6.28331e-10
5.15157e-10
4.2129e-10
3.43368e-10
2.7858e-10
2.24586e-10
1.79433e-10
1.41487e-10
1.09378e-10
8.19408e-11
5.81682e-11
3.71603e-11
1.80654e-11
2.38428e-34
1.13212e-12
7.36815e-10
1.43545e-09
2.09724e-09
2.72281e-09
3.3131e-09
3.86922e-09
4.3925e-09
4.88433e-09
5.3462e-09
5.77962e-09
6.1861e-09
6.56717e-09
6.92429e-09
7.25889e-09
7.57235e-09
7.866e-09
8.14109e-09
8.39882e-09
8.64031e-09
8.86662e-09
9.07877e-09
9.27768e-09
9.46423e-09
9.63925e-09
9.80349e-09
9.95769e-09
1.01025e-08
1.02385e-08
1.03664e-08
1.04866e-08
1.05996e-08
1.17487e-08
1.28089e-08
1.37272e-08
1.44472e-08
1.49154e-08
1.50884e-08
1.4942e-08
1.44776e-08
1.37252e-08
1.27407e-08
1.15964e-08
1.03695e-08
9.13031e-09
7.93465e-09
6.82108e-09
5.81202e-09
4.91687e-09
4.13573e-09
3.46273e-09
2.88861e-09
2.40257e-09
1.99354e-09
1.65088e-09
1.3648e-09
1.12659e-09
9.28611e-10
7.64269e-10
6.27949e-10
5.14897e-10
4.21114e-10
3.43248e-10
2.78499e-10
2.24531e-10
1.79396e-10
1.41462e-10
1.09362e-10
8.19299e-11
5.81614e-11
3.71563e-11
1.80636e-11
2.2247e-34
9.49554e-13
6.20031e-10
1.2081e-09
1.76541e-09
2.29257e-09
2.7904e-09
3.25987e-09
3.70208e-09
4.11821e-09
4.50948e-09
4.87713e-09
5.22242e-09
5.54658e-09
5.85081e-09
6.13629e-09
6.40414e-09
6.65545e-09
6.89123e-09
7.11247e-09
7.3201e-09
7.51498e-09
7.69793e-09
7.86972e-09
8.03109e-09
8.18269e-09
8.32517e-09
8.45912e-09
8.58509e-09
8.7036e-09
8.81512e-09
8.9201e-09
9.01896e-09
1.00321e-08
1.09851e-08
1.18346e-08
1.25334e-08
1.30345e-08
1.32966e-08
1.32916e-08
1.30105e-08
1.2468e-08
1.17015e-08
1.07665e-08
9.72699e-09
8.64611e-09
7.57788e-09
6.56296e-09
5.62797e-09
4.78713e-09
4.04508e-09
3.39983e-09
2.84519e-09
2.37272e-09
1.97308e-09
1.63688e-09
1.35525e-09
1.12008e-09
9.24175e-10
7.61249e-10
6.25895e-10
5.13501e-10
4.20165e-10
3.42603e-10
2.78061e-10
2.24234e-10
1.79195e-10
1.41328e-10
1.09272e-10
8.18713e-11
5.81244e-11
3.71348e-11
1.80538e-11
4.30901e-34
7.63126e-13
5.00194e-10
9.74752e-10
1.42474e-09
1.8507e-09
2.25334e-09
2.63345e-09
2.99194e-09
3.32973e-09
3.64781e-09
3.94713e-09
4.2287e-09
4.49346e-09
4.74237e-09
4.97633e-09
5.19622e-09
5.40289e-09
5.59713e-09
5.77971e-09
5.95134e-09
6.11272e-09
6.26448e-09
6.40723e-09
6.54153e-09
6.66791e-09
6.78688e-09
6.89891e-09
7.00442e-09
7.10383e-09
7.19751e-09
7.28584e-09
7.36913e-09
8.23046e-09
9.05746e-09
9.81722e-09
1.04724e-08
1.09838e-08
1.13146e-08
1.14352e-08
1.13293e-08
1.09976e-08
1.04599e-08
9.75322e-09
8.92592e-09
8.03052e-09
7.11626e-09
6.22381e-09
5.38293e-09
4.61244e-09
3.92188e-09
3.31367e-09
2.78533e-09
2.33135e-09
1.9446e-09
1.61734e-09
1.34187e-09
1.11093e-09
9.17931e-10
7.56992e-10
6.22994e-10
5.11526e-10
4.18821e-10
3.4169e-10
2.77441e-10
2.23814e-10
1.78911e-10
1.41137e-10
1.09145e-10
8.1788e-11
5.80718e-11
3.71042e-11
1.80398e-11
5.133e-34
6.08972e-13
4.00584e-10
7.80751e-10
1.14142e-09
1.48307e-09
1.8063e-09
2.11176e-09
2.40017e-09
2.67228e-09
2.92884e-09
3.17063e-09
3.3984e-09
3.61291e-09
3.81488e-09
4.00503e-09
4.18402e-09
4.35252e-09
4.51115e-09
4.66049e-09
4.8011e-09
4.93352e-09
5.05824e-09
5.17573e-09
5.28644e-09
5.39079e-09
5.48915e-09
5.58191e-09
5.66939e-09
5.75193e-09
5.82982e-09
5.90334e-09
5.97277e-09
6.69658e-09
7.40435e-09
8.07157e-09
8.66947e-09
9.16652e-09
9.53114e-09
9.73531e-09
9.75894e-09
9.59397e-09
9.24702e-09
8.73965e-09
8.10565e-09
7.38601e-09
6.62298e-09
5.85474e-09
5.11199e-09
4.41664e-09
3.78218e-09
3.21501e-09
2.71623e-09
2.28327e-09
1.91131e-09
1.59439e-09
1.32609e-09
1.10012e-09
9.1053e-10
7.51935e-10
6.19543e-10
5.09173e-10
4.17218e-10
3.40599e-10
2.767e-10
2.23311e-10
1.78571e-10
1.40908e-10
1.08992e-10
8.16881e-11
5.80087e-11
3.70676e-11
1.80231e-11
5.64115e-34
4.82783e-13
3.18637e-10
6.21117e-10
9.08216e-10
1.18036e-09
1.43804e-09
1.68178e-09
1.91217e-09
2.12978e-09
2.33522e-09
2.52908e-09
2.71195e-09
2.88441e-09
3.04703e-09
3.20034e-09
3.34488e-09
3.48114e-09
3.6096e-09
3.73073e-09
3.84494e-09
3.95264e-09
4.05424e-09
4.15008e-09
4.24051e-09
4.32586e-09
4.40642e-09
4.48248e-09
4.55432e-09
4.62218e-09
4.68629e-09
4.74688e-09
4.80416e-09
5.40568e-09
6.00345e-09
6.57964e-09
7.11265e-09
7.57789e-09
7.94936e-09
8.20209e-09
8.31541e-09
8.27629e-09
8.08234e-09
7.7432e-09
7.27991e-09
6.72212e-09
6.10378e-09
5.45855e-09
4.81602e-09
4.19947e-09
3.62519e-09
3.10291e-09
2.63697e-09
2.22768e-09
1.87258e-09
1.56753e-09
1.30755e-09
1.08736e-09
9.01773e-10
7.45936e-10
6.1544e-10
5.06371e-10
4.15307e-10
3.39296e-10
2.75814e-10
2.2271e-10
1.78164e-10
1.40634e-10
1.08809e-10
8.15684e-11
5.79331e-11
3.70236e-11
1.8003e-11
6.19845e-34
3.80449e-13
2.51868e-10
4.91025e-10
7.1812e-10
9.33515e-10
1.13761e-09
1.33085e-09
1.51366e-09
1.68653e-09
1.84991e-09
2.00426e-09
2.15005e-09
2.28771e-09
2.41768e-09
2.54038e-09
2.65621e-09
2.76556e-09
2.86878e-09
2.96623e-09
3.05825e-09
3.14514e-09
3.2272e-09
3.30471e-09
3.37794e-09
3.44713e-09
3.51252e-09
3.57434e-09
3.63278e-09
3.68805e-09
3.74033e-09
3.78978e-09
3.83658e-09
4.33125e-09
4.82986e-09
5.3198e-09
5.78526e-09
6.20762e-09
6.56622e-09
6.83998e-09
7.00956e-09
7.06e-09
6.98344e-09
6.78097e-09
6.46338e-09
6.05001e-09
5.56617e-09
5.03962e-09
4.49705e-09
3.96144e-09
3.45057e-09
2.97664e-09
2.54673e-09
2.16381e-09
1.82773e-09
1.53625e-09
1.28584e-09
1.07235e-09
8.91433e-10
7.38831e-10
6.10569e-10
5.03037e-10
4.13029e-10
3.37742e-10
2.74755e-10
2.2199e-10
1.77676e-10
1.40305e-10
1.0859e-10
8.14248e-11
5.78423e-11
3.69707e-11
1.79789e-11
6.80931e-34
2.98171e-13
1.9795e-10
3.85954e-10
5.64545e-10
7.34028e-10
8.94731e-10
1.047e-09
1.19119e-09
1.32766e-09
1.45677e-09
1.57888e-09
1.69434e-09
1.8035e-09
1.90668e-09
2.0042e-09
2.09637e-09
2.18348e-09
2.26582e-09
2.34365e-09
2.41722e-09
2.48677e-09
2.55253e-09
2.61472e-09
2.67353e-09
2.72917e-09
2.78181e-09
2.83162e-09
2.87876e-09
2.92338e-09
2.96562e-09
3.00563e-09
3.04352e-09
3.44632e-09
3.85742e-09
4.26814e-09
4.66722e-09
5.04094e-09
5.37347e-09
5.64773e-09
5.84686e-09
5.95605e-09
5.96475e-09
5.8686e-09
5.67074e-09
5.38189e-09
5.01919e-09
4.60386e-09
4.15842e-09
3.70405e-09
3.25865e-09
2.83585e-09
2.44488e-09
2.09098e-09
1.77614e-09
1.49998e-09
1.26051e-09
1.05475e-09
8.79256e-10
7.30435e-10
6.04795e-10
4.99076e-10
4.10316e-10
3.35888e-10
2.7349e-10
2.2113e-10
1.77093e-10
1.39912e-10
1.08328e-10
8.12526e-11
5.77334e-11
3.69073e-11
1.795e-11
7.47836e-34
2.32536e-13
1.54765e-10
3.01784e-10
4.41493e-10
5.74141e-10
6.99993e-10
8.19324e-10
9.32413e-10
1.03954e-09
1.14099e-09
1.23702e-09
1.32792e-09
1.41394e-09
1.49534e-09
1.57236e-09
1.64522e-09
1.71417e-09
1.7794e-09
1.84112e-09
1.89953e-09
1.95481e-09
2.00713e-09
2.05665e-09
2.10354e-09
2.14793e-09
2.18997e-09
2.22979e-09
2.2675e-09
2.30324e-09
2.3371e-09
2.36919e-09
2.39961e-09
2.72461e-09
3.05995e-09
3.3998e-09
3.73641e-09
4.05992e-09
4.35859e-09
4.61912e-09
4.82757e-09
4.97056e-09
5.0369e-09
5.01927e-09
4.91566e-09
4.73018e-09
4.47288e-09
4.15855e-09
3.80481e-09
3.42986e-09
3.05049e-09
2.68072e-09
2.33109e-09
2.00862e-09
1.7172e-09
1.4582e-09
1.23112e-09
1.03421e-09
8.64967e-10
7.2054e-10
5.97967e-10
4.94377e-10
4.07091e-10
3.3368e-10
2.71982e-10
2.20102e-10
1.76395e-10
1.39441e-10
1.08013e-10
8.1046e-11
5.76027e-11
3.68312e-11
1.79152e-11
8.21051e-34
1.80548e-13
1.20434e-10
2.34862e-10
3.43633e-10
4.46953e-10
5.45033e-10
6.38088e-10
7.26338e-10
8.1e-10
8.89289e-10
9.64416e-10
1.03559e-09
1.103e-09
1.16685e-09
1.22731e-09
1.28458e-09
1.33881e-09
1.39017e-09
1.43882e-09
1.48489e-09
1.52854e-09
1.56988e-09
1.60905e-09
1.64617e-09
1.68134e-09
1.71468e-09
1.74628e-09
1.77623e-09
1.80464e-09
1.83157e-09
1.85711e-09
1.88134e-09
2.14137e-09
2.41224e-09
2.69016e-09
2.96993e-09
3.24471e-09
3.50603e-09
3.74391e-09
3.94733e-09
4.10497e-09
4.20632e-09
4.24297e-09
4.20992e-09
4.10667e-09
3.93765e-09
3.71191e-09
3.44204e-09
3.14253e-09
2.82808e-09
2.51204e-09
2.20543e-09
1.91644e-09
1.65047e-09
1.41042e-09
1.19722e-09
1.01034e-09
8.48269e-10
7.08918e-10
5.89914e-10
4.88816e-10
4.03264e-10
3.31052e-10
2.70183e-10
2.18874e-10
1.75561e-10
1.38877e-10
1.07636e-10
8.07982e-11
5.74458e-11
3.67397e-11
1.78734e-11
9.01082e-34
1.3963e-13
9.33246e-11
1.82009e-10
2.66333e-10
3.46462e-10
4.22563e-10
4.94806e-10
5.6336e-10
6.28394e-10
6.90073e-10
7.48558e-10
8.04007e-10
8.56569e-10
9.06393e-10
9.53618e-10
9.98379e-10
1.0408e-09
1.08102e-09
1.11913e-09
1.15527e-09
1.18952e-09
1.222e-09
1.25279e-09
1.28199e-09
1.30968e-09
1.33594e-09
1.36085e-09
1.38449e-09
1.40691e-09
1.42818e-09
1.44837e-09
1.46754e-09
1.674e-09
1.89083e-09
2.1157e-09
2.34522e-09
2.57477e-09
2.79843e-09
3.00896e-09
3.198e-09
3.35647e-09
3.47524e-09
3.54607e-09
3.56266e-09
3.52169e-09
3.42356e-09
3.27262e-09
3.07683e-09
2.84676e-09
2.59431e-09
2.33134e-09
2.06849e-09
1.81446e-09
1.57565e-09
1.35623e-09
1.1584e-09
9.82778e-10
8.28853e-10
6.95326e-10
5.80448e-10
4.82254e-10
3.98731e-10
3.27932e-10
2.68041e-10
2.1741e-10
1.74564e-10
1.38202e-10
1.07184e-10
8.05012e-11
5.72576e-11
3.663e-11
1.78233e-11
9.8845e-34
1.07607e-13
7.20461e-11
1.4052e-10
2.05643e-10
2.67546e-10
3.26363e-10
3.82224e-10
4.35263e-10
4.85607e-10
5.33384e-10
5.78717e-10
6.21725e-10
6.62523e-10
7.01223e-10
7.37931e-10
7.72748e-10
8.05773e-10
8.37098e-10
8.66811e-10
8.94998e-10
9.21738e-10
9.47106e-10
9.71176e-10
9.94016e-10
1.01569e-09
1.03626e-09
1.05578e-09
1.07431e-09
1.09191e-09
1.10861e-09
1.12447e-09
1.13953e-09
1.30232e-09
1.47452e-09
1.65473e-09
1.84084e-09
2.02984e-09
2.21772e-09
2.39939e-09
2.56874e-09
2.71878e-09
2.84207e-09
2.93128e-09
2.97997e-09
2.98345e-09
2.93955e-09
2.84917e-09
2.71637e-09
2.54802e-09
2.35295e-09
2.1409e-09
1.92145e-09
1.70309e-09
1.49272e-09
1.29539e-09
1.11432e-09
9.51187e-10
8.06415e-10
6.79509e-10
5.6937e-10
4.74535e-10
3.93378e-10
3.24234e-10
2.65497e-10
2.15666e-10
1.73374e-10
1.37396e-10
1.06643e-10
8.01453e-11
5.70319e-11
3.64982e-11
1.7763e-11
1.08368e-33
8.26702e-14
5.54339e-11
1.08126e-10
1.58249e-10
2.05909e-10
2.51208e-10
2.9425e-10
3.35136e-10
3.73964e-10
4.10833e-10
4.45835e-10
4.79062e-10
5.10601e-10
5.40536e-10
5.68948e-10
5.95913e-10
6.21507e-10
6.45798e-10
6.68853e-10
6.90738e-10
7.11511e-10
7.31231e-10
7.49952e-10
7.67726e-10
7.84602e-10
8.00627e-10
8.15845e-10
8.30298e-10
8.44025e-10
8.57064e-10
8.6945e-10
8.81217e-10
1.00879e-09
1.14455e-09
1.28775e-09
1.43712e-09
1.59077e-09
1.74608e-09
1.89958e-09
2.04695e-09
2.18303e-09
2.30205e-09
2.39793e-09
2.46479e-09
2.49761e-09
2.49287e-09
2.44921e-09
2.36778e-09
2.25224e-09
2.10845e-09
1.94376e-09
1.76612e-09
1.58327e-09
1.40202e-09
1.22786e-09
1.06477e-09
9.1528e-10
7.80669e-10
6.61215e-10
5.56468e-10
4.65495e-10
3.87078e-10
3.19865e-10
2.6248e-10
2.13592e-10
1.71956e-10
1.36433e-10
1.05996e-10
7.97192e-11
5.67613e-11
3.63402e-11
1.76907e-11
1.18727e-33
6.33377e-14
4.25261e-11
8.29527e-11
1.21416e-10
1.57998e-10
1.92779e-10
2.25839e-10
2.57255e-10
2.87103e-10
3.15459e-10
3.42392e-10
3.67972e-10
3.92265e-10
4.15335e-10
4.37243e-10
4.58046e-10
4.77802e-10
4.96563e-10
5.14379e-10
5.31298e-10
5.47367e-10
5.62629e-10
5.77125e-10
5.90895e-10
6.03975e-10
6.16401e-10
6.28207e-10
6.39424e-10
6.50082e-10
6.6021e-10
6.69836e-10
6.78983e-10
7.78401e-10
8.84754e-10
9.97682e-10
1.11648e-09
1.24002e-09
1.36664e-09
1.49407e-09
1.61933e-09
1.73877e-09
1.84809e-09
1.94251e-09
2.01708e-09
2.0671e-09
2.08863e-09
2.07906e-09
2.03757e-09
1.96537e-09
1.86571e-09
1.74355e-09
1.60496e-09
1.45644e-09
1.30425e-09
1.15388e-09
1.0097e-09
8.74869e-10
7.51378e-10
6.40206e-10
5.41535e-10
4.54961e-10
3.79696e-10
3.14721e-10
2.58914e-10
2.11133e-10
1.7027e-10
1.35286e-10
1.05224e-10
7.92095e-11
5.64373e-11
3.61508e-11
1.76041e-11
1.29969e-33
4.8408e-14
3.25385e-11
6.34734e-11
9.29107e-11
1.20914e-10
1.47546e-10
1.72867e-10
1.96938e-10
2.19817e-10
2.4156e-10
2.62221e-10
2.81852e-10
3.00505e-10
3.18226e-10
3.35062e-10
3.51057e-10
3.66253e-10
3.80691e-10
3.94407e-10
4.0744e-10
4.19823e-10
4.31588e-10
4.42769e-10
4.53393e-10
4.6349e-10
4.73085e-10
4.82205e-10
4.90874e-10
4.99113e-10
5.06946e-10
5.14392e-10
5.21471e-10
5.9857e-10
6.81415e-10
7.6988e-10
8.63618e-10
9.61992e-10
1.064e-09
1.16819e-09
1.27261e-09
1.37475e-09
1.47152e-09
1.55935e-09
1.63429e-09
1.69233e-09
1.72969e-09
1.74329e-09
1.73119e-09
1.69291e-09
1.62967e-09
1.54428e-09
1.44091e-09
1.32457e-09
1.20058e-09
1.07402e-09
9.49288e-10
8.29904e-10
7.18379e-10
6.16283e-10
5.24373e-10
4.4276e-10
3.71088e-10
3.08689e-10
2.54714e-10
2.08225e-10
1.68269e-10
1.3392e-10
1.04303e-10
7.86007e-11
5.60498e-11
3.5924e-11
1.75002e-11
1.42135e-33
3.69177e-14
2.48387e-11
4.84552e-11
7.09313e-11
9.23165e-11
1.12659e-10
1.32006e-10
1.50402e-10
1.67894e-10
1.84522e-10
2.00329e-10
2.15353e-10
2.29634e-10
2.43207e-10
2.56107e-10
2.68368e-10
2.80021e-10
2.91096e-10
3.01622e-10
3.11628e-10
3.21138e-10
3.30177e-10
3.3877e-10
3.46938e-10
3.54704e-10
3.62086e-10
3.69105e-10
3.75778e-10
3.82124e-10
3.88158e-10
3.93895e-10
3.99352e-10
4.58884e-10
5.23096e-10
5.91993e-10
6.65443e-10
7.43119e-10
8.24453e-10
9.08566e-10
9.94212e-10
1.07972e-09
1.16297e-09
1.24137e-09
1.31195e-09
1.37148e-09
1.41669e-09
1.44455e-09
1.45265e-09
1.43953e-09
1.40495e-09
1.35006e-09
1.27727e-09
1.19006e-09
1.09259e-09
9.89192e-10
8.83979e-10
7.80516e-10
6.81623e-10
5.89308e-10
5.04815e-10
4.28728e-10
3.61112e-10
3.01653e-10
2.49786e-10
2.04797e-10
1.65902e-10
1.323e-10
1.03207e-10
7.78746e-11
5.55868e-11
3.56528e-11
1.73758e-11
1.55253e-33
2.81006e-14
1.89218e-11
3.69137e-11
5.40388e-11
7.03352e-11
8.584e-11
1.00589e-10
1.14618e-10
1.27959e-10
1.40647e-10
1.5271e-10
1.64181e-10
1.75087e-10
1.85456e-10
1.95315e-10
2.04688e-10
2.13599e-10
2.22071e-10
2.30126e-10
2.37785e-10
2.45067e-10
2.51991e-10
2.58574e-10
2.64835e-10
2.70788e-10
2.76449e-10
2.81833e-10
2.86954e-10
2.91824e-10
2.96456e-10
3.00862e-10
3.05053e-10
3.50846e-10
4.00397e-10
4.53781e-10
5.10983e-10
5.71871e-10
6.36148e-10
7.0331e-10
7.72597e-10
8.42941e-10
9.12923e-10
9.80755e-10
1.04428e-09
1.10104e-09
1.14837e-09
1.18362e-09
1.20436e-09
1.20869e-09
1.19552e-09
1.16476e-09
1.11744e-09
1.05564e-09
9.82251e-10
9.00694e-10
8.14515e-10
7.27059e-10
6.41209e-10
5.59235e-10
4.82745e-10
4.12727e-10
3.49633e-10
2.93494e-10
2.44035e-10
2.00775e-10
1.63112e-10
1.30382e-10
1.01907e-10
7.70106e-11
5.50348e-11
3.53288e-11
1.72272e-11
1.69339e-33
2.13523e-14
1.43877e-11
2.80691e-11
4.10926e-11
5.34875e-11
6.52822e-11
7.65043e-11
8.71804e-11
9.7336e-11
1.06996e-10
1.16183e-10
1.24922e-10
1.33232e-10
1.41136e-10
1.48652e-10
1.558e-10
1.62598e-10
1.69062e-10
1.75211e-10
1.81058e-10
1.86619e-10
1.91908e-10
1.96939e-10
2.01723e-10
2.06274e-10
2.10604e-10
2.14721e-10
2.18639e-10
2.22365e-10
2.2591e-10
2.29283e-10
2.32492e-10
2.67599e-10
3.0569e-10
3.46867e-10
3.91181e-10
4.38606e-10
4.89015e-10
5.42141e-10
5.97546e-10
6.54573e-10
7.12313e-10
7.69568e-10
8.24836e-10
8.76324e-10
9.21993e-10
9.59665e-10
9.87174e-10
1.00257e-09
1.00437e-09
9.91727e-10
9.64667e-10
9.24099e-10
8.71779e-10
8.10123e-10
7.41939e-10
6.7013e-10
5.97417e-10
5.26137e-10
4.5812e-10
3.94658e-10
3.36535e-10
2.84101e-10
2.37364e-10
1.96079e-10
1.59836e-10
1.28122e-10
1.00367e-10
7.5985e-11
5.4378e-11
3.49427e-11
1.70498e-11
1.84383e-33
1.61991e-14
1.09217e-11
2.13077e-11
3.11951e-11
4.06063e-11
4.95631e-11
5.80864e-11
6.61964e-11
7.39125e-11
8.12535e-11
8.82372e-11
9.48807e-11
1.012e-10
1.07212e-10
1.12931e-10
1.1837e-10
1.23545e-10
1.28467e-10
1.33149e-10
1.37603e-10
1.4184e-10
1.4587e-10
1.49705e-10
1.53352e-10
1.56823e-10
1.60125e-10
1.63266e-10
1.66255e-10
1.69099e-10
1.71805e-10
1.74379e-10
1.76829e-10
2.03665e-10
2.32846e-10
2.64483e-10
2.98653e-10
3.3539e-10
3.74661e-10
4.16347e-10
4.60214e-10
5.05879e-10
5.52784e-10
6.00155e-10
6.46985e-10
6.92016e-10
7.33758e-10
7.70527e-10
8.00536e-10
8.22021e-10
8.33416e-10
8.33536e-10
8.21758e-10
7.98146e-10
7.63502e-10
7.19304e-10
6.67558e-10
6.10575e-10
5.50729e-10
4.90238e-10
4.30996e-10
3.74482e-10
3.21735e-10
2.73378e-10
2.2968e-10
1.90631e-10
1.56012e-10
1.25467e-10
9.85524e-11
7.47714e-11
5.35985e-11
3.44836e-11
1.68386e-11
2.00346e-33
1.22717e-14
8.27783e-12
1.615e-11
2.36447e-11
3.07791e-11
3.75698e-11
4.40328e-11
5.01833e-11
5.6036e-11
6.16052e-11
6.69042e-11
7.19461e-11
7.67433e-11
8.13074e-11
8.56499e-11
8.97814e-11
9.37122e-11
9.74521e-11
1.0101e-10
1.04396e-10
1.07617e-10
1.10682e-10
1.13598e-10
1.16373e-10
1.19013e-10
1.21526e-10
1.23917e-10
1.26192e-10
1.28357e-10
1.30417e-10
1.32378e-10
1.34244e-10
1.54702e-10
1.7699e-10
2.01213e-10
2.27455e-10
2.55775e-10
2.86194e-10
3.18677e-10
3.53116e-10
3.89305e-10
4.26916e-10
4.65471e-10
5.04318e-10
5.42611e-10
5.79301e-10
6.13149e-10
6.42765e-10
6.66684e-10
6.83469e-10
6.91856e-10
6.90905e-10
6.80142e-10
6.59663e-10
6.30158e-10
5.92871e-10
5.49462e-10
5.01833e-10
4.51928e-10
4.01552e-10
3.52244e-10
3.052e-10
2.61256e-10
2.20905e-10
1.84353e-10
1.51573e-10
1.22368e-10
9.64217e-11
7.33407e-11
5.26767e-11
3.39393e-11
1.65878e-11
2.17146e-33
9.28369e-15
6.26485e-12
1.22229e-11
1.78955e-11
2.3296e-11
2.84367e-11
3.33298e-11
3.7987e-11
4.24194e-11
4.66376e-11
5.06518e-11
5.44718e-11
5.8107e-11
6.15662e-11
6.48579e-11
6.79902e-11
7.09709e-11
7.38072e-11
7.65063e-11
7.90747e-11
8.15189e-11
8.38448e-11
8.60583e-11
8.81648e-11
9.01695e-11
9.20773e-11
9.3893e-11
9.56211e-11
9.72658e-11
9.88312e-11
1.00321e-10
1.01739e-10
1.17298e-10
1.34276e-10
1.52764e-10
1.72844e-10
1.94585e-10
2.18029e-10
2.4319e-10
2.70031e-10
2.98456e-10
3.28286e-10
3.5924e-10
3.90913e-10
4.22755e-10
4.54058e-10
4.83947e-10
5.11395e-10
5.35256e-10
5.54324e-10
5.67431e-10
5.73553e-10
5.71943e-10
5.6224e-10
5.44549e-10
5.19464e-10
4.88023e-10
4.51603e-10
4.11766e-10
3.70103e-10
3.28085e-10
2.86964e-10
2.47706e-10
2.10982e-10
1.77182e-10
1.46458e-10
1.1877e-10
9.39338e-11
7.16619e-11
5.15907e-11
3.32961e-11
1.6291e-11
2.34647e-33
7.01378e-15
4.73469e-12
9.23761e-12
1.35251e-11
1.76071e-11
2.14931e-11
2.51922e-11
2.87134e-11
3.2065e-11
3.5255e-11
3.82912e-11
4.11809e-11
4.3931e-11
4.65485e-11
4.90395e-11
5.14103e-11
5.36666e-11
5.58139e-11
5.78576e-11
5.98027e-11
6.16538e-11
6.34157e-11
6.50926e-11
6.66886e-11
6.82077e-11
6.96536e-11
7.10299e-11
7.23398e-11
7.35867e-11
7.47736e-11
7.59034e-11
7.69788e-11
8.87852e-11
1.01686e-10
1.15758e-10
1.31074e-10
1.47701e-10
1.65691e-10
1.85077e-10
2.05866e-10
2.28023e-10
2.51463e-10
2.7603e-10
3.01486e-10
3.27488e-10
3.53574e-10
3.79152e-10
4.03493e-10
4.25746e-10
4.44965e-10
4.60161e-10
4.70379e-10
4.74792e-10
4.72801e-10
4.64128e-10
4.48882e-10
4.27568e-10
4.01051e-10
3.70469e-10
3.37106e-10
3.02263e-10
2.6714e-10
2.32754e-10
1.99885e-10
1.6907e-10
1.40614e-10
1.14625e-10
9.10469e-11
6.97025e-11
5.03174e-11
3.25395e-11
1.5941e-11
2.52645e-33
5.29167e-15
3.5732e-12
6.97156e-12
1.02075e-11
1.32884e-11
1.62217e-11
1.90141e-11
2.16724e-11
2.4203e-11
2.66117e-11
2.89046e-11
3.10871e-11
3.31644e-11
3.51417e-11
3.70238e-11
3.88152e-11
4.05202e-11
4.21432e-11
4.3688e-11
4.51584e-11
4.65579e-11
4.78901e-11
4.91582e-11
5.03653e-11
5.15143e-11
5.2608e-11
5.36492e-11
5.46403e-11
5.55837e-11
5.64819e-11
5.73369e-11
5.81508e-11
6.70913e-11
7.68715e-11
8.75545e-11
9.92027e-11
1.11875e-10
1.25625e-10
1.40493e-10
1.56506e-10
1.73664e-10
1.91935e-10
2.11244e-10
2.31458e-10
2.52374e-10
2.73704e-10
2.95059e-10
3.15944e-10
3.35755e-10
3.53785e-10
3.69254e-10
3.8135e-10
3.89291e-10
3.92406e-10
3.90215e-10
3.82505e-10
3.69376e-10
3.51258e-10
3.28869e-10
3.03149e-10
2.75151e-10
2.4594e-10
2.16494e-10
1.87636e-10
1.59998e-10
1.34004e-10
1.09889e-10
8.77219e-11
6.74306e-11
4.8833e-11
3.16538e-11
1.55303e-11
2.70849e-33
3.98668e-15
2.69265e-12
5.25359e-12
7.69219e-12
1.00141e-11
1.22249e-11
1.43296e-11
1.63335e-11
1.82411e-11
2.00571e-11
2.17859e-11
2.34316e-11
2.49982e-11
2.64894e-11
2.7909e-11
2.92603e-11
3.05466e-11
3.17711e-11
3.29368e-11
3.40464e-11
3.51026e-11
3.61081e-11
3.70653e-11
3.79766e-11
3.8844e-11
3.96698e-11
4.0456e-11
4.12044e-11
4.19169e-11
4.25953e-11
4.32411e-11
4.38559e-11
5.06123e-11
5.80101e-11
6.61002e-11
7.49344e-11
8.45632e-11
9.50344e-11
1.0639e-10
1.18663e-10
1.31872e-10
1.46016e-10
1.61065e-10
1.76953e-10
1.93567e-10
2.10735e-10
2.28214e-10
2.45678e-10
2.62715e-10
2.78822e-10
2.93414e-10
3.05846e-10
3.15451e-10
3.21589e-10
3.23713e-10
3.21438e-10
3.14597e-10
3.03284e-10
2.87858e-10
2.68916e-10
2.47231e-10
2.23668e-10
1.99096e-10
1.74312e-10
1.49982e-10
1.26611e-10
1.04534e-10
8.39259e-11
6.48162e-11
4.71141e-11
3.06235e-11
1.5051e-11
2.88866e-33
2.9988e-15
2.02582e-12
3.95259e-12
5.78735e-12
7.53442e-12
9.19789e-12
1.07817e-11
1.22897e-11
1.37253e-11
1.50921e-11
1.63934e-11
1.76322e-11
1.88115e-11
1.99343e-11
2.10031e-11
2.20206e-11
2.29893e-11
2.39115e-11
2.47894e-11
2.56252e-11
2.64209e-11
2.71784e-11
2.78996e-11
2.85861e-11
2.92398e-11
2.98621e-11
3.04545e-11
3.10186e-11
3.15557e-11
3.2067e-11
3.25538e-11
3.30173e-11
3.81125e-11
4.36956e-11
4.98073e-11
5.64892e-11
6.37833e-11
7.17308e-11
8.037e-11
8.97348e-11
9.98507e-11
1.10732e-10
1.22374e-10
1.34752e-10
1.47808e-10
1.61445e-10
1.75517e-10
1.89821e-10
2.04084e-10
2.17961e-10
2.31035e-10
2.42822e-10
2.52788e-10
2.60384e-10
2.65086e-10
2.66449e-10
2.64159e-10
2.58086e-10
2.48314e-10
2.35143e-10
2.19067e-10
2.00721e-10
1.80813e-10
1.60053e-10
1.39086e-10
1.18451e-10
9.8548e-11
7.96359e-11
6.18348e-11
4.51396e-11
2.94334e-11
1.44954e-11
3.06185e-33
2.25165e-15
1.52135e-12
2.96832e-12
4.34624e-12
5.65833e-12
6.9077e-12
8.0973e-12
9.22996e-12
1.03084e-11
1.13352e-11
1.23127e-11
1.32435e-11
1.41296e-11
1.49732e-11
1.57764e-11
1.65411e-11
1.72691e-11
1.79622e-11
1.86221e-11
1.92504e-11
1.98486e-11
2.04181e-11
2.09603e-11
2.14765e-11
2.1968e-11
2.2436e-11
2.28815e-11
2.33057e-11
2.37096e-11
2.40942e-11
2.44604e-11
2.4809e-11
2.86429e-11
3.28467e-11
3.74521e-11
4.24923e-11
4.80013e-11
5.40132e-11
6.05614e-11
6.76769e-11
7.53864e-11
8.37101e-11
9.26579e-11
1.02226e-10
1.12389e-10
1.23099e-10
1.34273e-10
1.45788e-10
1.57472e-10
1.69097e-10
1.80378e-10
1.90965e-10
2.00457e-10
2.08415e-10
2.14385e-10
2.17938e-10
2.18707e-10
2.1644e-10
2.11033e-10
2.02558e-10
1.91266e-10
1.77563e-10
1.61969e-10
1.45065e-10
1.27426e-10
1.09576e-10
9.19438e-11
7.48446e-11
5.84703e-11
4.28927e-11
2.80705e-11
1.38566e-11
3.22159e-33
1.68707e-15
1.14004e-12
2.22436e-12
3.25695e-12
4.24023e-12
5.17654e-12
6.0681e-12
6.91701e-12
7.72532e-12
8.49494e-12
9.22773e-12
9.92543e-12
1.05897e-11
1.12222e-11
1.18244e-11
1.23978e-11
1.29437e-11
1.34635e-11
1.39583e-11
1.44295e-11
1.48781e-11
1.53053e-11
1.5712e-11
1.60992e-11
1.64679e-11
1.6819e-11
1.71533e-11
1.74715e-11
1.77746e-11
1.80631e-11
1.83379e-11
1.85995e-11
2.14772e-11
2.46341e-11
2.8095e-11
3.18858e-11
3.60335e-11
4.05659e-11
4.55106e-11
5.08946e-11
5.67427e-11
6.30763e-11
6.9911e-11
7.72536e-11
8.50993e-11
9.34268e-11
1.02193e-10
1.11328e-10
1.20728e-10
1.30249e-10
1.397e-10
1.48842e-10
1.57385e-10
1.64998e-10
1.71315e-10
1.75963e-10
1.78588e-10
1.7889e-10
1.76662e-10
1.71823e-10
1.64431e-10
1.54695e-10
1.42949e-10
1.29617e-10
1.15173e-10
1.00083e-10
8.47668e-11
6.95652e-11
5.47193e-11
4.03635e-11
2.65253e-11
1.31289e-11
3.36009e-33
1.26078e-15
8.52066e-13
1.6625e-12
2.43428e-12
3.16922e-12
3.86907e-12
4.53549e-12
5.17006e-12
5.77429e-12
6.34964e-12
6.89747e-12
7.41909e-12
7.91576e-12
8.38867e-12
8.83896e-12
9.2677e-12
9.67593e-12
1.00646e-11
1.04347e-11
1.07871e-11
1.11227e-11
1.14422e-11
1.17464e-11
1.2036e-11
1.23118e-11
1.25745e-11
1.28245e-11
1.30627e-11
1.32894e-11
1.35053e-11
1.37109e-11
1.39066e-11
1.60603e-11
1.8424e-11
2.10167e-11
2.38586e-11
2.69707e-11
3.03752e-11
3.40944e-11
3.81508e-11
4.2566e-11
4.736e-11
5.25496e-11
5.81466e-11
6.4156e-11
7.05722e-11
7.73764e-11
8.45316e-11
9.19779e-11
9.96277e-11
1.0736e-10
1.15015e-10
1.22393e-10
1.29254e-10
1.35321e-10
1.40293e-10
1.4386e-10
1.45731e-10
1.4566e-10
1.43476e-10
1.39112e-10
1.32618e-10
1.24165e-10
1.14026e-10
1.02548e-10
9.01127e-11
7.70974e-11
6.38364e-11
5.05952e-11
3.75526e-11
2.47938e-11
1.23091e-11
3.46823e-33
9.39145e-16
6.34758e-13
1.23851e-12
1.81346e-12
2.36099e-12
2.88239e-12
3.37889e-12
3.85167e-12
4.30187e-12
4.73056e-12
5.13876e-12
5.52745e-12
5.89756e-12
6.24998e-12
6.58554e-12
6.90507e-12
7.20932e-12
7.49902e-12
7.77488e-12
8.03755e-12
8.28766e-12
8.52582e-12
8.7526e-12
8.96854e-12
9.17416e-12
9.36995e-12
9.55639e-12
9.73393e-12
9.90298e-12
1.0064e-11
1.02173e-11
1.03632e-11
1.19694e-11
1.37329e-11
1.56681e-11
1.77905e-11
2.01164e-11
2.26631e-11
2.54483e-11
2.84902e-11
3.18069e-11
3.54157e-11
3.93325e-11
4.35704e-11
4.81384e-11
5.30395e-11
5.82683e-11
6.38077e-11
6.96258e-11
7.56717e-11
8.18712e-11
8.81224e-11
9.42919e-11
1.00213e-10
1.05685e-10
1.10478e-10
1.14343e-10
1.17023e-10
1.18276e-10
1.17901e-10
1.15756e-10
1.11786e-10
1.06033e-10
9.86335e-11
8.98115e-11
7.98483e-11
6.90527e-11
5.77259e-11
4.61318e-11
3.44735e-11
2.28793e-11
1.1397e-11
3.53588e-33
6.96659e-16
4.70901e-13
9.18799e-13
1.34534e-12
1.75155e-12
2.13837e-12
2.50673e-12
2.8575e-12
3.19153e-12
3.5096e-12
3.81248e-12
4.10089e-12
4.37553e-12
4.63704e-12
4.88606e-12
5.12318e-12
5.34897e-12
5.56398e-12
5.76871e-12
5.96366e-12
6.1493e-12
6.32607e-12
6.4944e-12
6.65469e-12
6.80732e-12
6.95266e-12
7.09107e-12
7.22286e-12
7.34837e-12
7.46788e-12
7.58168e-12
7.69006e-12
8.8827e-12
1.01925e-11
1.16305e-11
1.32082e-11
1.49384e-11
1.68341e-11
1.89092e-11
2.11782e-11
2.36557e-11
2.6356e-11
2.9293e-11
3.24792e-11
3.59248e-11
3.96364e-11
4.36156e-11
4.78568e-11
5.23448e-11
5.70521e-11
6.19351e-11
6.6931e-11
7.1954e-11
7.68923e-11
8.16062e-11
8.59288e-11
8.96689e-11
9.26187e-11
9.4566e-11
9.53107e-11
9.46848e-11
9.25722e-11
8.89265e-11
8.37805e-11
7.72464e-11
6.95048e-11
6.07835e-11
5.13305e-11
4.13857e-11
3.11556e-11
2.07949e-11
1.03973e-11
3.55233e-33
5.13973e-16
3.47438e-13
6.77905e-13
9.92621e-13
1.29233e-12
1.57774e-12
1.84954e-12
2.10837e-12
2.35484e-12
2.58955e-12
2.81305e-12
3.02588e-12
3.22855e-12
3.42154e-12
3.60532e-12
3.78031e-12
3.94696e-12
4.10564e-12
4.25675e-12
4.40064e-12
4.53766e-12
4.66814e-12
4.79239e-12
4.91071e-12
5.02338e-12
5.13067e-12
5.23284e-12
5.33014e-12
5.42279e-12
5.51102e-12
5.59504e-12
5.67505e-12
6.55566e-12
7.52304e-12
8.58536e-12
9.75144e-12
1.10307e-11
1.24333e-11
1.39698e-11
1.56514e-11
1.74896e-11
1.94961e-11
2.16822e-11
2.40589e-11
2.6636e-11
2.94211e-11
3.24189e-11
3.56301e-11
3.90488e-11
4.26616e-11
4.64445e-11
5.03602e-11
5.43554e-11
5.83577e-11
6.22733e-11
6.59852e-11
6.93542e-11
7.22207e-11
7.44122e-11
7.57524e-11
7.60753e-11
7.52416e-11
7.31552e-11
6.97768e-11
6.51326e-11
5.93135e-11
5.24659e-11
4.47737e-11
3.64364e-11
2.76454e-11
1.85647e-11
9.31955e-12
3.50704e-33
3.76419e-16
2.54467e-13
4.96505e-13
7.27008e-13
9.46523e-13
1.15557e-12
1.35465e-12
1.54423e-12
1.72476e-12
1.89668e-12
2.06039e-12
2.21629e-12
2.36475e-12
2.50613e-12
2.64075e-12
2.76895e-12
2.89103e-12
3.00729e-12
3.11799e-12
3.22341e-12
3.3238e-12
3.4194e-12
3.51043e-12
3.59712e-12
3.67968e-12
3.75829e-12
3.83316e-12
3.90445e-12
3.97234e-12
4.03699e-12
4.09856e-12
4.15719e-12
4.80255e-12
5.51165e-12
6.29053e-12
7.14576e-12
8.0844e-12
9.11401e-12
1.02426e-11
1.14788e-11
1.28313e-11
1.43093e-11
1.5922e-11
1.76784e-11
1.9587e-11
2.16551e-11
2.38885e-11
2.62904e-11
2.88604e-11
3.15928e-11
3.44754e-11
3.74873e-11
4.05966e-11
4.37578e-11
4.69099e-11
4.99739e-11
5.2852e-11
5.54277e-11
5.75681e-11
5.91298e-11
5.99662e-11
5.99401e-11
5.89359e-11
5.68742e-11
5.37224e-11
4.95019e-11
4.4287e-11
3.81972e-11
3.13823e-11
2.40052e-11
1.62235e-11
8.17892e-12
3.39049e-33
2.7287e-16
1.84473e-13
3.59937e-13
5.2704e-13
6.86178e-13
8.37729e-13
9.82053e-13
1.11949e-12
1.25038e-12
1.37502e-12
1.49372e-12
1.60675e-12
1.71439e-12
1.81689e-12
1.9145e-12
2.00745e-12
2.09597e-12
2.18027e-12
2.26054e-12
2.33698e-12
2.40978e-12
2.4791e-12
2.54511e-12
2.60798e-12
2.66785e-12
2.72486e-12
2.77915e-12
2.83085e-12
2.88008e-12
2.92697e-12
2.97162e-12
3.01415e-12
3.48223e-12
3.99662e-12
4.56176e-12
5.18245e-12
5.86389e-12
6.61168e-12
7.43179e-12
8.33058e-12
9.31475e-12
1.03912e-11
1.15672e-11
1.28498e-11
1.42459e-11
1.5762e-11
1.74037e-11
1.91749e-11
2.10777e-11
2.31106e-11
2.52685e-11
2.754e-11
2.9907e-11
3.23419e-11
3.48061e-11
3.72479e-11
3.96011e-11
4.17836e-11
4.36983e-11
4.52348e-11
4.62739e-11
4.66946e-11
4.63836e-11
4.5246e-11
4.32172e-11
4.02715e-11
3.64278e-11
3.17485e-11
2.63339e-11
2.03099e-11
1.38161e-11
6.99575e-12
3.19502e-33
1.94856e-16
1.31736e-13
2.5704e-13
3.76372e-13
4.90018e-13
5.98246e-13
7.01314e-13
7.99468e-13
8.92941e-13
9.81956e-13
1.06672e-12
1.14745e-12
1.22433e-12
1.29753e-12
1.36725e-12
1.43364e-12
1.49686e-12
1.55707e-12
1.6144e-12
1.669e-12
1.721e-12
1.77052e-12
1.81767e-12
1.86257e-12
1.90534e-12
1.94606e-12
1.98484e-12
2.02178e-12
2.05695e-12
2.09044e-12
2.12234e-12
2.15271e-12
2.48712e-12
2.85465e-12
3.25851e-12
3.70216e-12
4.18936e-12
4.72417e-12
5.31094e-12
5.95432e-12
6.65925e-12
7.4309e-12
8.27463e-12
9.19591e-12
1.02002e-11
1.12927e-11
1.24781e-11
1.37604e-11
1.51424e-11
1.66248e-11
1.82059e-11
1.98802e-11
2.16379e-11
2.34628e-11
2.53313e-11
2.72105e-11
2.9057e-11
3.08151e-11
3.24166e-11
3.37807e-11
3.48164e-11
3.54256e-11
3.55093e-11
3.49754e-11
3.37479e-11
3.1776e-11
2.90418e-11
2.55647e-11
2.14009e-11
1.6639e-11
1.13922e-11
5.79366e-12
2.91529e-33
1.3588e-16
9.1867e-14
1.79248e-13
2.62466e-13
3.41718e-13
4.17192e-13
4.89069e-13
5.57519e-13
6.22706e-13
6.84784e-13
7.43902e-13
8.002e-13
8.53814e-13
9.0487e-13
9.53492e-13
9.99795e-13
1.04389e-12
1.08588e-12
1.12587e-12
1.16395e-12
1.20022e-12
1.23475e-12
1.26764e-12
1.29896e-12
1.32879e-12
1.35719e-12
1.38425e-12
1.41001e-12
1.43454e-12
1.4579e-12
1.48015e-12
1.50134e-12
1.73461e-12
1.99102e-12
2.27281e-12
2.58241e-12
2.92248e-12
3.29587e-12
3.70567e-12
4.15518e-12
4.64793e-12
5.18765e-12
5.77822e-12
6.42366e-12
7.12802e-12
7.89529e-12
8.72926e-12
9.63327e-12
1.061e-11
1.16609e-11
1.2786e-11
1.39832e-11
1.52472e-11
1.65691e-11
1.79349e-11
1.93242e-11
2.07096e-11
2.20547e-11
2.33135e-11
2.44297e-11
2.53375e-11
2.59629e-11
2.62269e-11
2.60506e-11
2.53616e-11
2.41019e-11
2.22349e-11
1.97524e-11
1.66774e-11
1.30651e-11
9.00037e-12
4.59639e-12
2.54778e-33
9.08675e-17
6.14358e-14
1.19872e-13
1.75523e-13
2.28523e-13
2.78998e-13
3.27066e-13
3.72843e-13
4.16438e-13
4.57954e-13
4.97491e-13
5.35142e-13
5.70998e-13
6.05145e-13
6.37663e-13
6.68631e-13
6.98122e-13
7.26206e-13
7.52952e-13
7.78422e-13
8.02677e-13
8.25776e-13
8.47774e-13
8.68723e-13
8.88673e-13
9.07672e-13
9.25765e-13
9.42996e-13
9.59405e-13
9.75032e-13
9.89914e-13
1.00409e-12
1.16013e-12
1.33165e-12
1.52018e-12
1.72734e-12
1.95492e-12
2.20485e-12
2.47921e-12
2.78026e-12
3.11039e-12
3.47215e-12
3.86823e-12
4.3014e-12
4.77452e-12
5.29044e-12
5.85193e-12
6.46154e-12
7.12144e-12
7.83318e-12
8.59742e-12
9.41351e-12
1.0279e-11
1.11891e-11
1.21358e-11
1.31073e-11
1.40867e-11
1.50513e-11
1.59716e-11
1.68108e-11
1.75241e-11
1.80596e-11
1.83597e-11
1.83638e-11
1.80124e-11
1.72526e-11
1.60445e-11
1.43667e-11
1.22217e-11
9.6392e-12
6.67699e-12
3.42274e-12
2.08847e-33
5.569e-17
3.76527e-14
7.34669e-14
1.07575e-13
1.40058e-13
1.70993e-13
2.00453e-13
2.28509e-13
2.55228e-13
2.80674e-13
3.04906e-13
3.27982e-13
3.49959e-13
3.70888e-13
3.90819e-13
4.09799e-13
4.27875e-13
4.45089e-13
4.61482e-13
4.77093e-13
4.9196e-13
5.06119e-13
5.19602e-13
5.32443e-13
5.44671e-13
5.56317e-13
5.67407e-13
5.77969e-13
5.88027e-13
5.97606e-13
6.06728e-13
6.15416e-13
7.11065e-13
8.16216e-13
9.31794e-13
1.05881e-12
1.19836e-12
1.35164e-12
1.51993e-12
1.70463e-12
1.90723e-12
2.12931e-12
2.37256e-12
2.63873e-12
2.92962e-12
3.24707e-12
3.59289e-12
3.96877e-12
4.37622e-12
4.81645e-12
5.29015e-12
5.79729e-12
6.33686e-12
6.90648e-12
7.50195e-12
8.11675e-12
8.74143e-12
9.36293e-12
9.96395e-12
1.05223e-11
1.10107e-11
1.13964e-11
1.16421e-11
1.17072e-11
1.15499e-11
1.1131e-11
1.04174e-11
9.38732e-12
8.0344e-12
6.37152e-12
4.43348e-12
2.27976e-12
1.52762e-33
2.66824e-17
1.80405e-14
3.52001e-14
5.15422e-14
6.71057e-14
8.19276e-14
9.60431e-14
1.09486e-13
1.22288e-13
1.34479e-13
1.4609e-13
1.57147e-13
1.67677e-13
1.77705e-13
1.87255e-13
1.96349e-13
2.0501e-13
2.13258e-13
2.21113e-13
2.28593e-13
2.35717e-13
2.42501e-13
2.48962e-13
2.55114e-13
2.60974e-13
2.66554e-13
2.71868e-13
2.76929e-13
2.81748e-13
2.86338e-13
2.90709e-13
2.94872e-13
3.40706e-13
3.91094e-13
4.46482e-13
5.07353e-13
5.74237e-13
6.47707e-13
7.28384e-13
8.16938e-13
9.1409e-13
1.02061e-12
1.13731e-12
1.26504e-12
1.4047e-12
1.55718e-12
1.72338e-12
1.90416e-12
2.1003e-12
2.31244e-12
2.54101e-12
2.78613e-12
3.04744e-12
3.32398e-12
3.61397e-12
3.91452e-12
4.22139e-12
4.5286e-12
4.82815e-12
5.10961e-12
5.35992e-12
5.56326e-12
5.7012e-12
5.75322e-12
5.6977e-12
5.51349e-12
5.18197e-12
4.68955e-12
4.03025e-12
3.20809e-12
2.23922e-12
1.15391e-12
8.39961e-34
7.88764e-42
1.03849e-40
3.41562e-40
6.86274e-40
1.1027e-39
1.56266e-39
2.04386e-39
2.52892e-39
3.00448e-39
3.46049e-39
3.88963e-39
4.28677e-39
4.64856e-39
4.97307e-39
5.25952e-39
5.50797e-39
5.71919e-39
5.89445e-39
6.03542e-39
6.14399e-39
6.22226e-39
6.27241e-39
6.29668e-39
6.29729e-39
6.27645e-39
6.23627e-39
6.1788e-39
6.10599e-39
6.01969e-39
5.92161e-39
5.81336e-39
3.85008e-38
9.12496e-38
1.32202e-37
1.89479e-37
2.69103e-37
3.7922e-37
5.30816e-37
7.38684e-37
1.0227e-36
1.40954e-36
1.93488e-36
2.64641e-36
3.6077e-36
4.90331e-36
6.64545e-36
8.98255e-36
1.21104e-35
1.6286e-35
2.18457e-35
2.92268e-35
3.89942e-35
5.18717e-35
6.87777e-35
9.08624e-35
1.19544e-34
1.56533e-34
2.03839e-34
2.6373e-34
3.38624e-34
4.3087e-34
5.42361e-34
6.73927e-34
8.24445e-34
9.89608e-34
1.16036e-33
1.32105e-33
1.44744e-33
1.50488e-33
1.44707e-33
1.21617e-33
7.4587e-34
2.91869e-34
