-1.88142e-39
-2.47709e-38
-8.14718e-38
-1.63695e-37
-2.63024e-37
-3.72735e-37
-4.87515e-37
-6.03214e-37
-7.16646e-37
-8.25416e-37
-9.27776e-37
-1.0225e-36
-1.1088e-36
-1.1862e-36
-1.25453e-36
-1.31379e-36
-1.36417e-36
-1.40597e-36
-1.43959e-36
-1.46549e-36
-1.48416e-36
-1.49612e-36
-1.50191e-36
-1.50205e-36
-1.49708e-36
-1.48749e-36
-1.47378e-36
-1.45642e-36
-1.43583e-36
-1.41243e-36
-1.38662e-36
-9.18327e-36
-2.17648e-35
-3.15326e-35
-4.51935e-35
-6.41842e-35
-9.04467e-35
-1.26601e-34
-1.76173e-34
-2.43902e-34
-3.36142e-34
-4.614e-34
-6.31034e-34
-8.60185e-34
-1.16899e-33
-1.58414e-33
-2.14095e-33
-2.88596e-33
-3.88022e-33
-5.20353e-33
-6.95953e-33
-9.2819e-33
-1.23417e-32
-1.63553e-32
-2.15931e-32
-2.83874e-32
-3.71372e-32
-4.83085e-32
-6.24235e-32
-8.00325e-32
-1.01661e-31
-1.27716e-31
-1.58347e-31
-1.93233e-31
-2.31315e-31
-2.70435e-31
-3.06943e-31
-3.35264e-31
-3.47513e-31
-3.33238e-31
-2.79426e-31
-1.71105e-31
-3.24517e-32
2.84836e-17
1.92583e-14
3.75761e-14
5.50214e-14
7.16354e-14
8.74578e-14
1.02526e-13
1.16876e-13
1.30542e-13
1.43557e-13
1.55951e-13
1.67754e-13
1.78995e-13
1.897e-13
1.99894e-13
2.09602e-13
2.18848e-13
2.27652e-13
2.36037e-13
2.44022e-13
2.51627e-13
2.58869e-13
2.65765e-13
2.72333e-13
2.78588e-13
2.84545e-13
2.90217e-13
2.9562e-13
3.00765e-13
3.05664e-13
3.1033e-13
3.14774e-13
3.637e-13
4.17487e-13
4.7661e-13
5.41586e-13
6.12978e-13
6.91398e-13
7.77507e-13
8.72021e-13
9.75705e-13
1.08938e-12
1.21391e-12
1.3502e-12
1.4992e-12
1.66185e-12
1.83911e-12
2.03188e-12
2.24097e-12
2.46705e-12
2.71055e-12
2.97154e-12
3.24961e-12
3.54367e-12
3.85174e-12
4.17067e-12
4.49581e-12
4.82071e-12
5.13669e-12
5.43254e-12
5.69429e-12
5.90505e-12
6.0453e-12
6.09342e-12
6.02687e-12
5.82382e-12
5.46544e-12
4.93841e-12
4.23757e-12
3.36826e-12
2.34812e-12
1.20898e-12
-1.82975e-31
5.95522e-17
4.02639e-14
7.85618e-14
1.15035e-13
1.49771e-13
1.82851e-13
2.14354e-13
2.44356e-13
2.72928e-13
3.00137e-13
3.2605e-13
3.50727e-13
3.74227e-13
3.96607e-13
4.1792e-13
4.38216e-13
4.57545e-13
4.75952e-13
4.93482e-13
5.10176e-13
5.26074e-13
5.41214e-13
5.55632e-13
5.69362e-13
5.82439e-13
5.94891e-13
6.0675e-13
6.18044e-13
6.288e-13
6.39043e-13
6.48797e-13
6.58087e-13
7.60365e-13
8.72803e-13
9.96388e-13
1.1322e-12
1.28141e-12
1.44529e-12
1.62523e-12
1.82269e-12
2.03927e-12
2.27667e-12
2.53667e-12
2.82113e-12
3.13197e-12
3.47114e-12
3.84053e-12
4.24194e-12
4.67693e-12
5.14672e-12
5.65199e-12
6.19262e-12
6.7674e-12
7.37364e-12
8.00669e-12
8.65937e-12
9.32135e-12
9.97842e-12
1.06119e-11
1.11978e-11
1.17069e-11
1.21043e-11
1.23506e-11
1.24031e-11
1.22185e-11
1.17566e-11
1.09843e-11
9.88107e-12
8.44261e-12
6.68466e-12
4.64517e-12
2.38637e-12
-3.32738e-31
9.74298e-17
6.58724e-14
1.28528e-13
1.88199e-13
2.45026e-13
2.99145e-13
3.50684e-13
3.99767e-13
4.46509e-13
4.91023e-13
5.33415e-13
5.73785e-13
6.1223e-13
6.48842e-13
6.83708e-13
7.16911e-13
7.48531e-13
7.78643e-13
8.07319e-13
8.34628e-13
8.60634e-13
8.85401e-13
9.08986e-13
9.31447e-13
9.52837e-13
9.73207e-13
9.92607e-13
1.01108e-12
1.02867e-12
1.04543e-12
1.06139e-12
1.07658e-12
1.24388e-12
1.42778e-12
1.6299e-12
1.852e-12
2.09597e-12
2.3639e-12
2.65801e-12
2.9807e-12
3.33454e-12
3.72224e-12
4.14666e-12
4.61077e-12
5.11759e-12
5.67013e-12
6.27132e-12
6.92381e-12
7.62985e-12
8.39097e-12
9.20773e-12
1.00792e-11
1.10026e-11
1.19725e-11
1.29799e-11
1.40118e-11
1.50497e-11
1.60687e-11
1.7037e-11
1.79147e-11
1.86539e-11
1.91993e-11
1.94902e-11
1.94632e-11
1.90572e-11
1.82192e-11
1.69101e-11
1.51117e-11
1.28308e-11
1.01017e-11
6.98701e-12
3.57798e-12
-4.54817e-31
1.46213e-16
9.88523e-14
1.92877e-13
2.82422e-13
3.677e-13
4.48914e-13
5.26255e-13
5.9991e-13
6.70052e-13
7.3685e-13
8.00462e-13
8.6104e-13
9.18729e-13
9.73667e-13
1.02598e-12
1.07581e-12
1.12325e-12
1.16844e-12
1.21146e-12
1.25244e-12
1.29146e-12
1.32862e-12
1.36401e-12
1.39771e-12
1.4298e-12
1.46037e-12
1.48947e-12
1.51719e-12
1.54359e-12
1.56873e-12
1.59267e-12
1.61547e-12
1.86646e-12
2.14234e-12
2.44552e-12
2.77861e-12
3.14446e-12
3.54614e-12
3.98696e-12
4.47046e-12
5.00041e-12
5.5808e-12
6.21577e-12
6.9096e-12
7.66658e-12
8.49095e-12
9.38664e-12
1.03571e-11
1.14051e-11
1.25319e-11
1.37374e-11
1.50187e-11
1.63699e-11
1.77807e-11
1.92355e-11
2.07119e-11
2.21793e-11
2.35981e-11
2.49182e-11
2.60789e-11
2.70096e-11
2.7632e-11
2.78631e-11
2.76215e-11
2.68341e-11
2.54443e-11
2.34195e-11
2.07571e-11
1.74873e-11
1.36724e-11
9.40337e-12
4.79677e-12
-5.54693e-31
2.10604e-16
1.42382e-13
2.77812e-13
4.06788e-13
5.29617e-13
6.46591e-13
7.57987e-13
8.64072e-13
9.65097e-13
1.0613e-12
1.15292e-12
1.24017e-12
1.32326e-12
1.40238e-12
1.47773e-12
1.54948e-12
1.61781e-12
1.68288e-12
1.74484e-12
1.80385e-12
1.86005e-12
1.91356e-12
1.96452e-12
2.01306e-12
2.05927e-12
2.10328e-12
2.1452e-12
2.18511e-12
2.22312e-12
2.25932e-12
2.29379e-12
2.32662e-12
2.68801e-12
3.0852e-12
3.52163e-12
4.00103e-12
4.52746e-12
5.10529e-12
5.73921e-12
6.43421e-12
7.19558e-12
8.02888e-12
8.93982e-12
9.93423e-12
1.10179e-11
1.21962e-11
1.34742e-11
1.48559e-11
1.63437e-11
1.79383e-11
1.96372e-11
2.14338e-11
2.33167e-11
2.52674e-11
2.72594e-11
2.92561e-11
3.12094e-11
3.30581e-11
3.47281e-11
3.61323e-11
3.71734e-11
3.77481e-11
3.77538e-11
3.70973e-11
3.57044e-11
3.35295e-11
3.05626e-11
2.6833e-11
2.24073e-11
1.73832e-11
1.18805e-11
6.03456e-12
-6.34472e-31
2.96497e-16
2.00444e-13
3.91099e-13
5.72668e-13
7.45582e-13
9.10252e-13
1.06707e-12
1.21641e-12
1.35862e-12
1.49405e-12
1.62302e-12
1.74583e-12
1.86279e-12
1.97416e-12
2.08022e-12
2.18121e-12
2.27739e-12
2.36898e-12
2.4562e-12
2.53925e-12
2.61834e-12
2.69366e-12
2.76539e-12
2.83369e-12
2.89873e-12
2.96067e-12
3.01966e-12
3.07583e-12
3.12933e-12
3.18027e-12
3.22878e-12
3.27498e-12
3.78352e-12
4.34236e-12
4.95629e-12
5.63052e-12
6.3707e-12
7.18285e-12
8.07344e-12
9.04933e-12
1.01177e-11
1.12861e-11
1.2562e-11
1.39531e-11
1.54667e-11
1.71095e-11
1.88872e-11
2.08036e-11
2.28603e-11
2.50551e-11
2.73812e-11
2.98253e-11
3.23662e-11
3.49725e-11
3.76005e-11
4.01923e-11
4.26744e-11
4.49568e-11
4.69336e-11
4.84863e-11
4.94885e-11
4.98144e-11
4.93491e-11
4.80003e-11
4.571e-11
4.24636e-11
3.82932e-11
3.32761e-11
2.75256e-11
2.11782e-11
1.4379e-11
7.27127e-12
-6.95019e-31
4.11575e-16
2.78229e-13
5.42869e-13
7.94896e-13
1.03491e-12
1.26347e-12
1.48114e-12
1.68842e-12
1.8858e-12
2.07377e-12
2.25277e-12
2.42322e-12
2.58554e-12
2.74011e-12
2.8873e-12
3.02746e-12
3.16093e-12
3.28803e-12
3.40906e-12
3.52432e-12
3.63407e-12
3.73858e-12
3.83811e-12
3.93289e-12
4.02314e-12
4.10909e-12
4.19093e-12
4.26887e-12
4.34309e-12
4.41377e-12
4.48108e-12
4.54518e-12
5.25069e-12
6.02583e-12
6.8772e-12
7.81194e-12
8.83773e-12
9.96278e-12
1.11958e-11
1.25461e-11
1.4023e-11
1.56365e-11
1.73964e-11
1.93121e-11
2.13926e-11
2.36454e-11
2.6076e-11
2.86872e-11
3.14773e-11
3.44388e-11
3.75568e-11
4.08064e-11
4.41503e-11
4.75365e-11
5.08957e-11
5.41392e-11
5.71582e-11
5.98249e-11
6.19954e-11
6.35165e-11
6.42354e-11
6.40123e-11
6.27354e-11
6.03343e-11
5.67912e-11
5.21458e-11
4.64923e-11
3.99689e-11
3.27407e-11
2.49802e-11
1.6848e-11
8.48217e-12
-7.37108e-31
5.66057e-16
3.82639e-13
7.46587e-13
1.09319e-12
1.42326e-12
1.73759e-12
2.03691e-12
2.32196e-12
2.59339e-12
2.85187e-12
3.09801e-12
3.33239e-12
3.55558e-12
3.76811e-12
3.97049e-12
4.1632e-12
4.34671e-12
4.52145e-12
4.68785e-12
4.84631e-12
4.99719e-12
5.14087e-12
5.27769e-12
5.40798e-12
5.53205e-12
5.65019e-12
5.7627e-12
5.86983e-12
5.97185e-12
6.069e-12
6.16152e-12
6.24962e-12
7.21923e-12
8.2843e-12
9.45379e-12
1.07374e-11
1.21453e-11
1.36887e-11
1.53791e-11
1.72286e-11
1.92496e-11
2.14546e-11
2.38559e-11
2.64648e-11
2.92913e-11
3.2343e-11
3.56239e-11
3.91329e-11
4.28621e-11
4.6794e-11
5.08994e-11
5.51342e-11
5.9436e-11
6.37214e-11
6.78837e-11
7.17913e-11
7.52895e-11
7.82041e-11
8.03496e-11
8.1541e-11
8.16095e-11
8.04202e-11
7.78896e-11
7.39981e-11
6.87968e-11
6.24037e-11
5.49909e-11
4.67637e-11
3.79359e-11
2.87059e-11
1.92361e-11
9.64307e-12
-7.61918e-31
7.73648e-16
5.22927e-13
1.02031e-12
1.49398e-12
1.94505e-12
2.3746e-12
2.78365e-12
3.17317e-12
3.54408e-12
3.89728e-12
4.2336e-12
4.55385e-12
4.85881e-12
5.14918e-12
5.42569e-12
5.68898e-12
5.93968e-12
6.17841e-12
6.40573e-12
6.62219e-12
6.8283e-12
7.02457e-12
7.21146e-12
7.38943e-12
7.55889e-12
7.72026e-12
7.87392e-12
8.02024e-12
8.15958e-12
8.29226e-12
8.41861e-12
8.53893e-12
9.86293e-12
1.13169e-11
1.29128e-11
1.46637e-11
1.65833e-11
1.8686e-11
2.09871e-11
2.35022e-11
2.62471e-11
2.92371e-11
3.24869e-11
3.60094e-11
3.98144e-11
4.39078e-11
4.82891e-11
5.29494e-11
5.78688e-11
6.30124e-11
6.83277e-11
7.37396e-11
7.91476e-11
8.44226e-11
8.94054e-11
9.39084e-11
9.77204e-11
1.00617e-10
1.02373e-10
1.02785e-10
1.01692e-10
9.89941e-11
9.46713e-11
8.87901e-11
8.14995e-11
7.3015e-11
6.35934e-11
5.35036e-11
4.2996e-11
3.22785e-11
2.14981e-11
1.07337e-11
-7.71146e-31
1.05283e-15
7.1157e-13
1.38837e-12
2.0329e-12
2.64668e-12
3.23116e-12
3.78772e-12
4.3177e-12
4.82235e-12
5.30288e-12
5.76044e-12
6.19612e-12
6.61097e-12
7.00598e-12
7.38211e-12
7.74024e-12
8.08126e-12
8.40596e-12
8.71514e-12
9.00953e-12
9.28985e-12
9.55676e-12
9.81092e-12
1.00529e-11
1.02834e-11
1.05028e-11
1.07117e-11
1.09107e-11
1.11001e-11
1.12805e-11
1.14523e-11
1.16159e-11
1.34157e-11
1.53915e-11
1.75593e-11
1.99363e-11
2.25406e-11
2.5391e-11
2.85072e-11
3.19088e-11
3.56153e-11
3.96451e-11
4.40146e-11
4.87366e-11
5.3819e-11
5.92622e-11
6.50563e-11
7.11777e-11
7.75853e-11
8.42155e-11
9.09782e-11
9.77516e-11
1.04379e-10
1.10667e-10
1.16389e-10
1.21286e-10
1.25087e-10
1.27519e-10
1.28336e-10
1.27342e-10
1.24422e-10
1.19554e-10
1.12825e-10
1.04424e-10
9.46185e-11
8.37317e-11
7.20999e-11
6.00401e-11
4.78198e-11
3.56351e-11
2.35993e-11
1.17392e-11
-4.21515e-31
1.07857e-15
7.28966e-13
1.42232e-12
2.0826e-12
2.71138e-12
3.31014e-12
3.88031e-12
4.42324e-12
4.94022e-12
5.43249e-12
5.90123e-12
6.34755e-12
6.77253e-12
7.17719e-12
7.5625e-12
7.92938e-12
8.27872e-12
8.61135e-12
8.92807e-12
9.22965e-12
9.5168e-12
9.79023e-12
1.00506e-11
1.02985e-11
1.05346e-11
1.07593e-11
1.09734e-11
1.11772e-11
1.13712e-11
1.1556e-11
1.1732e-11
1.18996e-11
1.37432e-11
1.5767e-11
1.79875e-11
2.04221e-11
2.30894e-11
2.60086e-11
2.91996e-11
3.26825e-11
3.6477e-11
4.06019e-11
4.50734e-11
4.99046e-11
5.51028e-11
6.06677e-11
6.65886e-11
7.28402e-11
7.93792e-11
8.61393e-11
9.30263e-11
9.99141e-11
1.06641e-10
1.13007e-10
1.18779e-10
1.23694e-10
1.27474e-10
1.29844e-10
1.30557e-10
1.2942e-10
1.26323e-10
1.21253e-10
1.14306e-10
1.05683e-10
9.56626e-11
8.45744e-11
7.27614e-11
6.05434e-11
4.81879e-11
3.58893e-11
2.37575e-11
1.18146e-11
-6.34427e-32
1.4281e-15
9.65104e-13
1.88305e-12
2.7572e-12
3.58963e-12
4.3823e-12
5.1371e-12
5.85581e-12
6.54016e-12
7.19177e-12
7.81221e-12
8.40296e-12
8.96544e-12
9.501e-12
1.00109e-11
1.04965e-11
1.09587e-11
1.13989e-11
1.1818e-11
1.2217e-11
1.2597e-11
1.29587e-11
1.33032e-11
1.36312e-11
1.39435e-11
1.42408e-11
1.4524e-11
1.47935e-11
1.50503e-11
1.52947e-11
1.55274e-11
1.57491e-11
1.81871e-11
2.08624e-11
2.37962e-11
2.70111e-11
3.05305e-11
3.43787e-11
3.85803e-11
4.31597e-11
4.814e-11
5.35418e-11
5.93818e-11
6.56703e-11
7.24087e-11
7.95859e-11
8.71743e-11
9.51244e-11
1.0336e-10
1.11772e-10
1.20212e-10
1.2849e-10
1.36371e-10
1.43576e-10
1.49795e-10
1.54693e-10
1.57939e-10
1.59236e-10
1.58347e-10
1.55133e-10
1.49575e-10
1.41784e-10
1.31998e-10
1.20552e-10
1.07848e-10
9.43063e-11
8.0326e-11
6.62471e-11
5.23278e-11
3.87305e-11
2.55172e-11
1.26507e-11
-6.89762e-32
1.93344e-15
1.30644e-12
2.54902e-12
3.73231e-12
4.85909e-12
5.93202e-12
6.95365e-12
7.9264e-12
8.85259e-12
9.73444e-12
1.05741e-11
1.13735e-11
1.21346e-11
1.28592e-11
1.35492e-11
1.4206e-11
1.48314e-11
1.54269e-11
1.59938e-11
1.65336e-11
1.70475e-11
1.75368e-11
1.80026e-11
1.84462e-11
1.88685e-11
1.92706e-11
1.96534e-11
2.0018e-11
2.03651e-11
2.06955e-11
2.10102e-11
2.13098e-11
2.46051e-11
2.82192e-11
3.21801e-11
3.6517e-11
4.12599e-11
4.64396e-11
5.20862e-11
5.82289e-11
6.48934e-11
7.2101e-11
7.98652e-11
8.81886e-11
9.70587e-11
1.06443e-10
1.16281e-10
1.26481e-10
1.36911e-10
1.47391e-10
1.57688e-10
1.67516e-10
1.76535e-10
1.84363e-10
1.90595e-10
1.94826e-10
1.96694e-10
1.95912e-10
1.92315e-10
1.85884e-10
1.76763e-10
1.65248e-10
1.5176e-10
1.36796e-10
1.20881e-10
1.04511e-10
8.81162e-11
7.20272e-11
5.64653e-11
4.15375e-11
2.72404e-11
1.34648e-11
-6.96371e-32
2.61487e-15
1.7666e-12
3.44684e-12
5.04686e-12
6.57043e-12
8.02112e-12
9.40239e-12
1.07175e-11
1.19696e-11
1.31617e-11
1.42967e-11
1.53772e-11
1.64059e-11
1.73853e-11
1.83176e-11
1.92053e-11
2.00503e-11
2.08548e-11
2.16208e-11
2.235e-11
2.30442e-11
2.37051e-11
2.43344e-11
2.49334e-11
2.55038e-11
2.60468e-11
2.65638e-11
2.70561e-11
2.75248e-11
2.7971e-11
2.83958e-11
2.88004e-11
3.32479e-11
3.81228e-11
4.34614e-11
4.9301e-11
5.56795e-11
6.26348e-11
7.02029e-11
7.84163e-11
8.73018e-11
9.68769e-11
1.07146e-10
1.18094e-10
1.29682e-10
1.41839e-10
1.54452e-10
1.6736e-10
1.80343e-10
1.93118e-10
2.05333e-10
2.16573e-10
2.26371e-10
2.34229e-10
2.39655e-10
2.42205e-10
2.41532e-10
2.37439e-10
2.29908e-10
2.19122e-10
2.05453e-10
1.89422e-10
1.71649e-10
1.52783e-10
1.33441e-10
1.14158e-10
9.53532e-11
7.73153e-11
6.02015e-11
4.40455e-11
2.87676e-11
1.41825e-11
-4.0473e-32
2.76284e-15
1.86651e-12
3.64177e-12
5.33227e-12
6.94197e-12
8.47468e-12
9.93402e-12
1.13235e-11
1.26463e-11
1.39058e-11
1.51048e-11
1.62463e-11
1.73331e-11
1.83677e-11
1.93527e-11
2.02904e-11
2.11831e-11
2.2033e-11
2.28421e-11
2.36124e-11
2.43457e-11
2.50439e-11
2.57086e-11
2.63414e-11
2.69438e-11
2.75174e-11
2.80635e-11
2.85835e-11
2.90785e-11
2.95498e-11
2.99985e-11
3.04258e-11
3.5123e-11
4.02711e-11
4.59078e-11
5.20722e-11
5.8804e-11
6.61421e-11
7.41237e-11
8.27817e-11
9.21426e-11
1.02222e-10
1.13023e-10
1.24525e-10
1.36682e-10
1.49414e-10
1.62595e-10
1.76048e-10
1.89532e-10
2.02742e-10
2.15299e-10
2.26762e-10
2.36638e-10
2.44408e-10
2.49567e-10
2.51668e-10
2.50379e-10
2.45525e-10
2.37128e-10
2.25416e-10
2.10808e-10
1.93872e-10
1.75261e-10
1.55649e-10
1.35666e-10
1.15849e-10
9.66093e-11
7.82254e-11
6.08399e-11
4.44716e-11
2.90259e-11
1.43035e-11
-1.85803e-32
3.53235e-15
2.38599e-12
4.6553e-12
6.81622e-12
8.8738e-12
1.08329e-11
1.26981e-11
1.44739e-11
1.61645e-11
1.7774e-11
1.93062e-11
2.07648e-11
2.21533e-11
2.34752e-11
2.47335e-11
2.59314e-11
2.70717e-11
2.81572e-11
2.91906e-11
3.01743e-11
3.11108e-11
3.20023e-11
3.28511e-11
3.3659e-11
3.44282e-11
3.51605e-11
3.58576e-11
3.65213e-11
3.71532e-11
3.77548e-11
3.83275e-11
3.88728e-11
4.4866e-11
5.14303e-11
5.86121e-11
6.64586e-11
7.50166e-11
8.43312e-11
9.44432e-11
1.05386e-10
1.17183e-10
1.2984e-10
1.4334e-10
1.57637e-10
1.72644e-10
1.88226e-10
2.04185e-10
2.20253e-10
2.36082e-10
2.51241e-10
2.65221e-10
2.77449e-10
2.87313e-10
2.94208e-10
2.97592e-10
2.97043e-10
2.92321e-10
2.83412e-10
2.70549e-10
2.54197e-10
2.35006e-10
2.13743e-10
1.91212e-10
1.68177e-10
1.453e-10
1.23106e-10
1.01961e-10
8.20778e-11
6.35277e-11
4.62574e-11
3.01049e-11
1.48081e-11
-2.71798e-32
4.77107e-15
3.22195e-12
6.28628e-12
9.20415e-12
1.19824e-11
1.46274e-11
1.71456e-11
1.95429e-11
2.1825e-11
2.39973e-11
2.60652e-11
2.80337e-11
2.99073e-11
3.16908e-11
3.33885e-11
3.50044e-11
3.65425e-11
3.80066e-11
3.94003e-11
4.07268e-11
4.19895e-11
4.31915e-11
4.43357e-11
4.54248e-11
4.64616e-11
4.74486e-11
4.83881e-11
4.92825e-11
5.01339e-11
5.09445e-11
5.17161e-11
5.24507e-11
6.05211e-11
6.93525e-11
7.90035e-11
8.95324e-11
1.00995e-10
1.13443e-10
1.26919e-10
1.41451e-10
1.57049e-10
1.73694e-10
1.9133e-10
2.09852e-10
2.29096e-10
2.48819e-10
2.68693e-10
2.88292e-10
3.07086e-10
3.24449e-10
3.39674e-10
3.52011e-10
3.60716e-10
3.65122e-10
3.64713e-10
3.59199e-10
3.48571e-10
3.33123e-10
3.13437e-10
2.90321e-10
2.64728e-10
2.37651e-10
2.10035e-10
1.82697e-10
1.56287e-10
1.31263e-10
1.079e-10
8.63074e-11
6.64519e-11
4.81861e-11
3.12639e-11
1.53481e-11
-2.83719e-32
6.4472e-15
4.3526e-12
8.49217e-12
1.24337e-11
1.61864e-11
1.9759e-11
2.316e-11
2.63974e-11
2.94789e-11
3.2412e-11
3.52037e-11
3.78608e-11
4.03897e-11
4.27967e-11
4.50875e-11
4.72678e-11
4.93429e-11
5.13178e-11
5.31975e-11
5.49865e-11
5.66893e-11
5.83099e-11
5.98524e-11
6.13206e-11
6.27181e-11
6.40483e-11
6.53144e-11
6.65196e-11
6.76668e-11
6.87588e-11
6.97983e-11
7.07878e-11
8.16529e-11
9.35293e-11
1.06489e-10
1.20603e-10
1.35935e-10
1.52538e-10
1.70449e-10
1.89682e-10
2.10214e-10
2.31979e-10
2.5485e-10
2.78624e-10
3.03007e-10
3.27593e-10
3.51859e-10
3.75153e-10
3.96703e-10
4.15637e-10
4.3103e-10
4.41967e-10
4.47625e-10
4.47373e-10
4.40861e-10
4.28085e-10
4.0942e-10
3.85591e-10
3.57605e-10
3.26642e-10
2.93933e-10
2.60641e-10
2.27776e-10
1.96137e-10
1.66292e-10
1.38586e-10
1.13166e-10
9.00178e-11
6.89947e-11
4.98515e-11
3.22594e-11
1.58103e-11
-2.65766e-32
8.71799e-15
5.88356e-12
1.1479e-11
1.68065e-11
2.18784e-11
2.67065e-11
3.13022e-11
3.56764e-11
3.98395e-11
4.38015e-11
4.75721e-11
5.11604e-11
5.45751e-11
5.78247e-11
6.0917e-11
6.38597e-11
6.66599e-11
6.93247e-11
7.18606e-11
7.42739e-11
7.65704e-11
7.87559e-11
8.08358e-11
8.28152e-11
8.4699e-11
8.64919e-11
8.81982e-11
8.98223e-11
9.1368e-11
9.28392e-11
9.42395e-11
9.55723e-11
1.10197e-10
1.26162e-10
1.43553e-10
1.62451e-10
1.82923e-10
2.05017e-10
2.2875e-10
2.54099e-10
2.80983e-10
3.09247e-10
3.38644e-10
3.6881e-10
3.99249e-10
4.29314e-10
4.582e-10
4.84953e-10
5.08496e-10
5.27686e-10
5.41391e-10
5.48598e-10
5.48533e-10
5.40769e-10
5.25315e-10
5.02643e-10
4.73663e-10
4.39631e-10
4.0201e-10
3.62322e-10
3.22004e-10
2.82297e-10
2.44185e-10
2.08364e-10
1.75263e-10
1.4507e-10
1.17779e-10
9.32381e-11
7.11851e-11
5.12775e-11
3.3108e-11
1.62033e-11
-2.47667e-32
1.17992e-14
7.95953e-12
1.5529e-11
2.27356e-11
2.95959e-11
3.61257e-11
4.23404e-11
4.82548e-11
5.3883e-11
5.92386e-11
6.43345e-11
6.91833e-11
7.37967e-11
7.81862e-11
8.23626e-11
8.63361e-11
9.01168e-11
9.37138e-11
9.71363e-11
1.00393e-10
1.03491e-10
1.06439e-10
1.09244e-10
1.11914e-10
1.14453e-10
1.1687e-10
1.1917e-10
1.21359e-10
1.23442e-10
1.25424e-10
1.2731e-10
1.29106e-10
1.4879e-10
1.7024e-10
1.93557e-10
2.18827e-10
2.4611e-10
2.7543e-10
3.06761e-10
3.40006e-10
3.74977e-10
4.11369e-10
4.48737e-10
4.86467e-10
5.2376e-10
5.5962e-10
5.92865e-10
6.22161e-10
6.4609e-10
6.6325e-10
6.7239e-10
6.72556e-10
6.6323e-10
6.44435e-10
6.16774e-10
5.81388e-10
5.39843e-10
4.93959e-10
4.45622e-10
3.96603e-10
3.48433e-10
3.02314e-10
2.59102e-10
2.19319e-10
1.83199e-10
1.50742e-10
1.21777e-10
9.60074e-11
7.30566e-11
5.24897e-11
3.38266e-11
1.65352e-11
-2.2981e-32
1.59874e-14
1.07791e-11
2.10295e-11
3.07879e-11
4.00763e-11
4.89162e-11
5.73283e-11
6.53325e-11
7.29481e-11
8.01934e-11
8.70861e-11
9.36431e-11
9.98806e-11
1.05814e-10
1.11458e-10
1.16827e-10
1.21934e-10
1.26792e-10
1.31414e-10
1.3581e-10
1.39992e-10
1.4397e-10
1.47755e-10
1.51355e-10
1.54781e-10
1.58039e-10
1.6114e-10
1.6409e-10
1.66897e-10
1.69568e-10
1.7211e-10
1.74528e-10
2.01017e-10
2.29823e-10
2.61055e-10
2.9479e-10
3.31063e-10
3.69843e-10
4.11015e-10
4.54349e-10
4.99471e-10
5.45833e-10
5.92676e-10
6.39009e-10
6.83598e-10
7.24973e-10
7.61478e-10
7.91349e-10
8.12845e-10
8.24416e-10
8.24882e-10
8.13614e-10
7.90656e-10
7.56777e-10
7.13413e-10
6.62523e-10
6.06376e-10
5.47308e-10
4.8751e-10
4.28864e-10
3.72846e-10
3.20499e-10
2.72457e-10
2.29001e-10
1.90135e-10
1.55653e-10
1.2521e-10
9.83697e-11
7.46443e-11
5.35136e-11
3.44317e-11
1.68141e-11
-2.12479e-32
2.16914e-14
1.46154e-11
2.85132e-11
4.17427e-11
5.43334e-11
6.63144e-11
7.77135e-11
8.85577e-11
9.88732e-11
1.08685e-10
1.18017e-10
1.26892e-10
1.35332e-10
1.43359e-10
1.50993e-10
1.58252e-10
1.65156e-10
1.71721e-10
1.77964e-10
1.83902e-10
1.89549e-10
1.9492e-10
2.00028e-10
2.04886e-10
2.09507e-10
2.13903e-10
2.18084e-10
2.22061e-10
2.25845e-10
2.29444e-10
2.32868e-10
2.36126e-10
2.71765e-10
3.10423e-10
3.52203e-10
3.97149e-10
4.45229e-10
4.96306e-10
5.50099e-10
6.0615e-10
6.6378e-10
7.22051e-10
7.79732e-10
8.35286e-10
8.86886e-10
9.32464e-10
9.69822e-10
9.96792e-10
1.01144e-09
1.01232e-09
9.98639e-10
9.70491e-10
9.28854e-10
8.75541e-10
8.13011e-10
7.44094e-10
6.71696e-10
5.98529e-10
5.2691e-10
4.58647e-10
3.9501e-10
3.36765e-10
2.84248e-10
2.37455e-10
1.96133e-10
1.59865e-10
1.28135e-10
1.00371e-10
7.59832e-11
5.4374e-11
3.49388e-11
1.70474e-11
-1.95872e-32
2.94762e-14
1.98448e-11
3.87141e-11
5.66739e-11
7.37641e-11
9.00235e-11
1.0549e-10
1.202e-10
1.34188e-10
1.4749e-10
1.60138e-10
1.72163e-10
1.83595e-10
1.94464e-10
2.04796e-10
2.14619e-10
2.23958e-10
2.32836e-10
2.41276e-10
2.493e-10
2.56929e-10
2.64183e-10
2.7108e-10
2.77637e-10
2.83873e-10
2.89803e-10
2.95441e-10
3.00804e-10
3.05903e-10
3.10754e-10
3.15367e-10
3.19755e-10
3.67688e-10
4.1952e-10
4.75315e-10
5.3504e-10
5.98529e-10
6.65444e-10
7.35219e-10
8.07015e-10
8.79668e-10
9.51646e-10
1.02103e-09
1.08554e-09
1.1426e-09
1.18944e-09
1.22336e-09
1.24195e-09
1.24339e-09
1.22673e-09
1.19211e-09
1.14078e-09
1.07504e-09
9.9798e-10
9.13148e-10
8.24164e-10
7.3439e-10
6.46683e-10
5.63259e-10
4.85664e-10
4.14819e-10
3.51116e-10
2.94535e-10
2.44758e-10
2.01273e-10
1.6345e-10
1.30609e-10
1.02056e-10
7.71063e-11
5.50935e-11
3.53619e-11
1.72418e-11
-1.80118e-32
4.01244e-14
2.69873e-11
5.2646e-11
7.70647e-11
1.00297e-10
1.22394e-10
1.43408e-10
1.63388e-10
1.82382e-10
2.00437e-10
2.17598e-10
2.33908e-10
2.49408e-10
2.64139e-10
2.78137e-10
2.91439e-10
3.0408e-10
3.16093e-10
3.27509e-10
3.38359e-10
3.4867e-10
3.5847e-10
3.67784e-10
3.76637e-10
3.85053e-10
3.93052e-10
4.00657e-10
4.07886e-10
4.1476e-10
4.21295e-10
4.27509e-10
4.33418e-10
4.97846e-10
5.67248e-10
6.41593e-10
7.20686e-10
8.04113e-10
8.9118e-10
9.80849e-10
1.07167e-09
1.16174e-09
1.24865e-09
1.32954e-09
1.40118e-09
1.4601e-09
1.50291e-09
1.52657e-09
1.52882e-09
1.5085e-09
1.4658e-09
1.40234e-09
1.32104e-09
1.22581e-09
1.12109e-09
1.01143e-09
9.00985e-10
7.93295e-10
6.91076e-10
5.96207e-10
5.0979e-10
4.32278e-10
3.63622e-10
3.03413e-10
2.5101e-10
2.05642e-10
1.6648e-10
1.32691e-10
1.03468e-10
7.8044e-11
5.56927e-11
3.57136e-11
1.74033e-11
-1.65294e-32
5.47236e-14
3.67627e-11
7.1712e-11
1.04967e-10
1.36598e-10
1.66676e-10
1.9527e-10
2.22446e-10
2.48272e-10
2.72811e-10
2.96123e-10
3.18269e-10
3.39306e-10
3.59288e-10
3.78267e-10
3.96295e-10
4.13417e-10
4.29681e-10
4.4513e-10
4.59805e-10
4.73744e-10
4.86987e-10
4.99568e-10
5.1152e-10
5.22877e-10
5.33668e-10
5.43922e-10
5.53666e-10
5.62927e-10
5.71729e-10
5.80094e-10
5.88047e-10
6.74562e-10
7.67317e-10
8.66083e-10
9.70358e-10
1.07929e-09
1.19159e-09
1.30546e-09
1.4185e-09
1.52772e-09
1.62951e-09
1.71978e-09
1.79419e-09
1.84843e-09
1.8787e-09
1.88215e-09
1.85734e-09
1.80455e-09
1.72588e-09
1.62505e-09
1.50702e-09
1.37742e-09
1.2419e-09
1.10568e-09
9.73118e-10
8.47559e-10
7.31281e-10
6.25601e-10
5.31033e-10
4.47478e-10
3.74405e-10
3.11005e-10
2.56319e-10
2.0933e-10
1.69025e-10
1.34432e-10
1.04645e-10
7.88238e-11
5.61899e-11
3.6005e-11
1.75369e-11
-1.51434e-32
7.47891e-14
5.01689e-11
9.78574e-11
1.43224e-10
1.86365e-10
2.27372e-10
2.6634e-10
3.0336e-10
3.38522e-10
3.71914e-10
4.03621e-10
4.33723e-10
4.62301e-10
4.8943e-10
5.15183e-10
5.39629e-10
5.62834e-10
5.84862e-10
6.05774e-10
6.25626e-10
6.44473e-10
6.62367e-10
6.79357e-10
6.9549e-10
7.10811e-10
7.25361e-10
7.3918e-10
7.52305e-10
7.64774e-10
7.76618e-10
7.87872e-10
7.98564e-10
9.14566e-10
1.03821e-09
1.1689e-09
1.30557e-09
1.44665e-09
1.58987e-09
1.73224e-09
1.86998e-09
1.99856e-09
2.1128e-09
2.20719e-09
2.27627e-09
2.31523e-09
2.32047e-09
2.29019e-09
2.22481e-09
2.12703e-09
2.00164e-09
1.85495e-09
1.69408e-09
1.52616e-09
1.3577e-09
1.19412e-09
1.03951e-09
8.96656e-10
7.67112e-10
6.51454e-10
5.49506e-10
4.60568e-10
3.83614e-10
3.17443e-10
2.60795e-10
2.12425e-10
1.71151e-10
1.35882e-10
1.05622e-10
7.94699e-11
5.66012e-11
3.62457e-11
1.76471e-11
-1.38543e-32
1.02437e-13
6.85924e-11
1.33784e-10
1.95787e-10
2.54725e-10
3.10726e-10
3.63915e-10
4.14418e-10
4.62357e-10
5.07854e-10
5.51024e-10
5.91982e-10
6.30838e-10
6.67697e-10
7.0266e-10
7.35825e-10
7.67283e-10
7.97123e-10
8.2543e-10
8.52284e-10
8.7776e-10
9.0193e-10
9.24865e-10
9.46627e-10
9.6728e-10
9.86882e-10
1.00549e-09
1.02315e-09
1.03991e-09
1.05583e-09
1.07095e-09
1.0853e-09
1.24051e-09
1.40476e-09
1.57676e-09
1.75455e-09
1.93532e-09
2.1153e-09
2.28973e-09
2.45285e-09
2.5981e-09
2.71846e-09
2.80699e-09
2.85752e-09
2.86548e-09
2.82863e-09
2.74753e-09
2.62571e-09
2.46933e-09
2.28648e-09
2.08622e-09
1.87756e-09
1.66866e-09
1.46628e-09
1.27544e-09
1.09952e-09
9.4036e-10
7.98588e-10
6.73908e-10
5.65394e-10
4.71734e-10
3.91415e-10
3.22865e-10
2.64546e-10
2.15007e-10
1.72919e-10
1.37084e-10
1.06431e-10
8.00034e-11
5.69403e-11
3.64439e-11
1.77379e-11
-1.26604e-32
1.40631e-13
9.39615e-11
1.83249e-10
2.68142e-10
3.48806e-10
4.25409e-10
4.98122e-10
5.67115e-10
6.32558e-10
6.94617e-10
7.53455e-10
8.0923e-10
8.62096e-10
9.122e-10
9.59684e-10
1.00468e-09
1.04733e-09
1.08775e-09
1.12605e-09
1.16236e-09
1.19677e-09
1.22939e-09
1.26032e-09
1.28965e-09
1.31745e-09
1.34382e-09
1.36883e-09
1.39255e-09
1.41506e-09
1.43641e-09
1.45667e-09
1.4759e-09
1.68293e-09
1.90009e-09
2.12492e-09
2.35391e-09
2.58235e-09
2.8042e-09
3.01215e-09
3.19782e-09
3.35223e-09
3.46646e-09
3.5326e-09
3.54478e-09
3.50013e-09
3.39944e-09
3.24732e-09
3.05175e-09
2.82314e-09
2.57308e-09
2.31302e-09
2.05325e-09
1.80218e-09
1.56602e-09
1.34886e-09
1.15287e-09
9.78701e-10
8.25886e-10
6.93192e-10
5.78927e-10
4.81178e-10
3.97974e-10
3.27402e-10
2.67671e-10
2.17151e-10
1.74384e-10
1.38078e-10
1.07098e-10
8.04427e-11
5.72192e-11
3.66068e-11
1.78124e-11
-1.15584e-32
1.93525e-13
1.28959e-10
2.51476e-10
3.67921e-10
4.78508e-10
5.8346e-10
6.83009e-10
7.77386e-10
8.66826e-10
9.5156e-10
1.03181e-09
1.10781e-09
1.17977e-09
1.24789e-09
1.31238e-09
1.37343e-09
1.43122e-09
1.48592e-09
1.53772e-09
1.58675e-09
1.63319e-09
1.67715e-09
1.71879e-09
1.75823e-09
1.7956e-09
1.83099e-09
1.86453e-09
1.89632e-09
1.92645e-09
1.95501e-09
1.98208e-09
2.00776e-09
2.28279e-09
2.56811e-09
2.85933e-09
3.15052e-09
3.43401e-09
3.7005e-09
3.93924e-09
4.13866e-09
4.28724e-09
4.37473e-09
4.3935e-09
4.33985e-09
4.21484e-09
4.0245e-09
3.77922e-09
3.49249e-09
3.17924e-09
2.85409e-09
2.53007e-09
2.21771e-09
1.92469e-09
1.65595e-09
1.41404e-09
1.1996e-09
1.0119e-09
8.49295e-10
7.09591e-10
5.90355e-10
4.89106e-10
4.03453e-10
3.31176e-10
2.70262e-10
2.18924e-10
1.75592e-10
1.38895e-10
1.07646e-10
8.08034e-11
5.74479e-11
3.67403e-11
1.78735e-11
-1.05441e-32
2.66954e-13
1.77318e-10
3.45734e-10
5.0573e-10
6.57582e-10
8.01585e-10
9.3805e-10
1.0673e-09
1.18965e-09
1.30542e-09
1.41494e-09
1.51852e-09
1.61647e-09
1.70907e-09
1.79661e-09
1.87937e-09
1.95761e-09
2.03157e-09
2.1015e-09
2.16762e-09
2.23015e-09
2.28928e-09
2.34521e-09
2.39811e-09
2.44817e-09
2.49554e-09
2.54038e-09
2.58282e-09
2.623e-09
2.66105e-09
2.69709e-09
2.73123e-09
3.09458e-09
3.46641e-09
3.83922e-09
4.20331e-09
4.54675e-09
4.85573e-09
5.11523e-09
5.31025e-09
5.42736e-09
5.45657e-09
5.39296e-09
5.2379e-09
4.99932e-09
4.69083e-09
4.33003e-09
3.93626e-09
3.52834e-09
3.12285e-09
2.73304e-09
2.36842e-09
2.03497e-09
1.73565e-09
1.47103e-09
1.23999e-09
1.04032e-09
8.69165e-10
7.23415e-10
5.99933e-10
4.95718e-10
4.08004e-10
3.343e-10
2.72401e-10
2.20384e-10
1.76584e-10
1.39567e-10
1.08095e-10
8.10986e-11
5.7635e-11
3.68494e-11
1.79234e-11
-9.61258e-33
3.69104e-13
2.44221e-10
4.76106e-10
6.96279e-10
9.05085e-10
1.10291e-09
1.29018e-09
1.46732e-09
1.63479e-09
1.79304e-09
1.94251e-09
2.08366e-09
2.21691e-09
2.3427e-09
2.46141e-09
2.57346e-09
2.6792e-09
2.77901e-09
2.87322e-09
2.96215e-09
3.0461e-09
3.12538e-09
3.20025e-09
3.27096e-09
3.33777e-09
3.4009e-09
3.46056e-09
3.51696e-09
3.57028e-09
3.62071e-09
3.66841e-09
3.71354e-09
4.19014e-09
4.6696e-09
5.13961e-09
5.58488e-09
5.98754e-09
6.32801e-09
6.58659e-09
6.7455e-09
6.79137e-09
6.71756e-09
6.52576e-09
6.22635e-09
5.8373e-09
5.38173e-09
4.88492e-09
4.37126e-09
3.86201e-09
3.3739e-09
2.91877e-09
2.50385e-09
2.13253e-09
1.8052e-09
1.52019e-09
1.27449e-09
1.06439e-09
8.85881e-10
7.34977e-10
6.07903e-10
5.01199e-10
4.11764e-10
3.36873e-10
2.74159e-10
2.21582e-10
1.77398e-10
1.40115e-10
1.08462e-10
8.13396e-11
5.77876e-11
3.69384e-11
1.7964e-11
-8.75878e-33
5.11439e-13
3.36836e-10
6.56537e-10
9.5989e-10
1.24732e-09
1.51933e-09
1.77649e-09
2.01938e-09
2.24864e-09
2.46491e-09
2.66882e-09
2.86101e-09
3.0421e-09
3.21271e-09
3.37341e-09
3.52478e-09
3.66735e-09
3.80165e-09
3.92815e-09
4.04733e-09
4.15963e-09
4.26547e-09
4.36522e-09
4.45927e-09
4.54796e-09
4.63161e-09
4.71054e-09
4.78501e-09
4.85532e-09
4.92169e-09
4.98438e-09
5.0436e-09
5.66291e-09
6.2728e-09
6.85364e-09
7.38225e-09
7.83296e-09
8.17963e-09
8.39843e-09
8.47119e-09
8.38862e-09
8.1526e-09
7.77673e-09
7.28481e-09
6.70753e-09
6.07823e-09
5.42881e-09
4.78673e-09
4.17329e-09
3.60325e-09
3.08536e-09
2.62342e-09
2.21748e-09
1.86507e-09
1.56209e-09
1.30365e-09
1.0846e-09
8.9983e-10
7.44578e-10
6.14496e-10
5.05716e-10
4.14854e-10
3.38984e-10
2.75598e-10
2.22561e-10
1.78061e-10
1.40563e-10
1.08761e-10
8.15357e-11
5.79118e-11
3.70107e-11
1.79971e-11
-7.97736e-33
7.09939e-13
4.65021e-10
9.06184e-10
1.32446e-09
1.72036e-09
2.09452e-09
2.44769e-09
2.78069e-09
3.0944e-09
3.38972e-09
3.66757e-09
3.92887e-09
4.17451e-09
4.40539e-09
4.62234e-09
4.8262e-09
5.01775e-09
5.19774e-09
5.36688e-09
5.52585e-09
5.67528e-09
5.81577e-09
5.94789e-09
6.07217e-09
6.1891e-09
6.29915e-09
6.40275e-09
6.50032e-09
6.59222e-09
6.67882e-09
6.76045e-09
6.83742e-09
7.63267e-09
8.39495e-09
9.09411e-09
9.69634e-09
1.01667e-08
1.04727e-08
1.05893e-08
1.05028e-08
1.02151e-08
9.74367e-09
9.12035e-09
8.38619e-09
7.58565e-09
6.76095e-09
5.9479e-09
5.1738e-09
4.45716e-09
3.80854e-09
3.23209e-09
2.72728e-09
2.29042e-09
1.91595e-09
1.59741e-09
1.32807e-09
1.10141e-09
9.11383e-10
7.52499e-10
6.19916e-10
5.0942e-10
4.17382e-10
3.40707e-10
2.76771e-10
2.23358e-10
1.78601e-10
1.40927e-10
1.09004e-10
8.16949e-11
5.80124e-11
3.70694e-11
1.80238e-11
-5.71298e-33
8.47713e-13
5.53441e-10
1.07834e-09
1.57578e-09
2.0463e-09
2.49061e-09
2.9096e-09
3.30425e-09
3.6756e-09
4.02475e-09
4.35282e-09
4.66092e-09
4.95016e-09
5.22161e-09
5.47632e-09
5.7153e-09
5.93952e-09
6.14989e-09
6.34728e-09
6.53253e-09
6.7064e-09
6.86964e-09
7.02293e-09
7.16691e-09
7.30219e-09
7.42934e-09
7.54888e-09
7.6613e-09
7.76706e-09
7.86659e-09
7.9603e-09
8.04855e-09
8.95336e-09
9.80566e-09
1.05679e-08
1.11995e-08
1.16601e-08
1.19148e-08
1.194e-08
1.17282e-08
1.12908e-08
1.06578e-08
9.87312e-09
8.98824e-09
8.05459e-09
7.11775e-09
6.21393e-09
5.36878e-09
4.59801e-09
3.90907e-09
3.30315e-09
2.7771e-09
2.32513e-09
1.94001e-09
1.61401e-09
1.33949e-09
1.10925e-09
9.16752e-10
7.56169e-10
6.22423e-10
5.1113e-10
4.18548e-10
3.41501e-10
2.77311e-10
2.23724e-10
1.78849e-10
1.41094e-10
1.09115e-10
8.17679e-11
5.80586e-11
3.70963e-11
1.80361e-11
-7.01806e-32
9.82019e-13
6.39338e-10
1.24557e-09
1.81985e-09
2.36274e-09
2.87505e-09
3.35777e-09
3.81203e-09
4.23905e-09
4.64012e-09
5.01655e-09
5.36965e-09
5.70073e-09
6.01106e-09
6.30189e-09
6.57441e-09
6.82977e-09
7.06904e-09
7.29326e-09
7.50341e-09
7.70041e-09
7.88512e-09
8.05835e-09
8.22086e-09
8.37336e-09
8.51652e-09
8.65096e-09
8.77724e-09
8.89591e-09
9.00746e-09
9.11237e-09
9.21106e-09
1.02161e-08
1.11478e-08
1.19617e-08
1.26107e-08
1.30499e-08
1.32431e-08
1.31695e-08
1.28288e-08
1.22431e-08
1.14548e-08
1.05195e-08
9.49747e-09
8.44564e-09
7.41146e-09
6.43041e-09
5.52583e-09
4.71046e-09
3.98873e-09
3.35909e-09
2.81612e-09
2.35219e-09
1.9587e-09
1.62687e-09
1.34831e-09
1.11529e-09
9.20882e-10
7.58989e-10
6.24346e-10
5.12441e-10
4.1944e-10
3.42108e-10
2.77723e-10
2.24004e-10
1.79038e-10
1.41221e-10
1.092e-10
8.18236e-11
5.80938e-11
3.71168e-11
1.80455e-11
-2.06946e-31
1.31628e-12
8.52346e-10
1.66018e-09
2.42485e-09
3.14695e-09
3.82745e-09
4.46763e-09
5.06899e-09
5.6332e-09
6.16202e-09
6.65724e-09
7.1207e-09
7.55422e-09
7.95957e-09
8.33849e-09
8.69265e-09
9.02364e-09
9.33297e-09
9.62209e-09
9.89236e-09
1.0145e-08
1.03814e-08
1.06024e-08
1.08093e-08
1.10029e-08
1.11842e-08
1.1354e-08
1.15132e-08
1.16624e-08
1.18023e-08
1.19336e-08
1.20569e-08
1.32938e-08
1.44016e-08
1.5318e-08
1.59808e-08
1.63357e-08
1.63459e-08
1.60013e-08
1.53231e-08
1.43631e-08
1.31954e-08
1.19036e-08
1.05673e-08
9.25243e-09
8.00749e-09
6.86328e-09
5.83586e-09
4.93003e-09
4.14283e-09
3.46646e-09
2.89051e-09
2.4035e-09
1.99396e-09
1.65104e-09
1.36485e-09
1.12659e-09
9.28585e-10
7.64239e-10
6.27922e-10
5.14874e-10
4.21096e-10
3.43233e-10
2.78488e-10
2.24522e-10
1.79389e-10
1.41457e-10
1.09357e-10
8.19266e-11
5.81589e-11
3.71547e-11
1.80628e-11
-2.6488e-31
1.68444e-12
1.08607e-09
2.11505e-09
3.08844e-09
4.00683e-09
4.87138e-09
5.68368e-09
6.44563e-09
7.15938e-09
7.82722e-09
8.45151e-09
9.03466e-09
9.57906e-09
1.00871e-08
1.05609e-08
1.10029e-08
1.14151e-08
1.17995e-08
1.21579e-08
1.24923e-08
1.28042e-08
1.30953e-08
1.33669e-08
1.36206e-08
1.38575e-08
1.40789e-08
1.42858e-08
1.44793e-08
1.46604e-08
1.48298e-08
1.49885e-08
1.51372e-08
1.66099e-08
1.7887e-08
1.88872e-08
1.95325e-08
1.97604e-08
1.95368e-08
1.88673e-08
1.78012e-08
1.64261e-08
1.48518e-08
1.31908e-08
1.15398e-08
9.97041e-09
8.52775e-09
7.23473e-09
6.09799e-09
5.11333e-09
4.2701e-09
3.55435e-09
2.95094e-09
2.44492e-09
2.02228e-09
1.67037e-09
1.37802e-09
1.13556e-09
9.3469e-10
7.68391e-10
6.30745e-10
5.16794e-10
4.224e-10
3.44119e-10
2.79089e-10
2.2493e-10
1.79664e-10
1.41642e-10
1.09481e-10
8.20074e-11
5.821e-11
3.71844e-11
1.80763e-11
-2.40983e-31
2.03546e-12
1.30842e-09
2.54775e-09
3.7196e-09
4.82457e-09
5.86395e-09
6.83962e-09
7.7539e-09
8.60936e-09
9.40883e-09
1.01552e-08
1.08514e-08
1.15005e-08
1.21052e-08
1.26685e-08
1.31931e-08
1.36815e-08
1.41362e-08
1.45597e-08
1.49539e-08
1.53212e-08
1.56633e-08
1.59821e-08
1.62792e-08
1.65564e-08
1.68149e-08
1.70561e-08
1.72814e-08
1.74918e-08
1.76884e-08
1.78722e-08
1.80442e-08
1.97308e-08
2.11559e-08
2.22197e-08
2.28301e-08
2.29177e-08
2.24531e-08
2.14591e-08
2.00144e-08
1.8242e-08
1.62869e-08
1.42875e-08
1.23549e-08
1.05628e-08
8.9509e-09
7.53307e-09
6.30625e-09
5.25762e-09
4.3695e-09
3.62254e-09
2.99757e-09
2.47674e-09
2.04396e-09
1.68512e-09
1.38805e-09
1.14237e-09
9.39318e-10
7.71535e-10
6.3288e-10
5.18243e-10
4.23384e-10
3.44787e-10
2.79542e-10
2.25236e-10
1.79871e-10
1.41781e-10
1.09574e-10
8.20683e-11
5.82484e-11
3.72067e-11
1.80865e-11
-2.19202e-31
2.31191e-12
1.48342e-09
2.88829e-09
4.21631e-09
5.46807e-09
6.64498e-09
7.74916e-09
8.7832e-09
9.75007e-09
1.0653e-08
1.14953e-08
1.22803e-08
1.30115e-08
1.36922e-08
1.43256e-08
1.4915e-08
1.54631e-08
1.5973e-08
1.64472e-08
1.68884e-08
1.72989e-08
1.7681e-08
1.80366e-08
1.83677e-08
1.86762e-08
1.89637e-08
1.92317e-08
1.94817e-08
1.9715e-08
1.99328e-08
2.01362e-08
2.03263e-08
2.21785e-08
2.37164e-08
2.48258e-08
2.54034e-08
2.53746e-08
2.4714e-08
2.34589e-08
2.17117e-08
1.96246e-08
1.73702e-08
1.51078e-08
1.29586e-08
1.09975e-08
9.25879e-09
7.74849e-09
6.45561e-09
5.36051e-09
4.44004e-09
3.67073e-09
3.03042e-09
2.49908e-09
2.05914e-09
1.69543e-09
1.39505e-09
1.14712e-09
9.42542e-10
7.73722e-10
6.34364e-10
5.19251e-10
4.24068e-10
3.45251e-10
2.79856e-10
2.25449e-10
1.80015e-10
1.41878e-10
1.09638e-10
8.21104e-11
5.82751e-11
3.72223e-11
1.80936e-11
-1.99355e-31
2.47082e-12
1.58417e-09
3.08435e-09
4.50231e-09
5.83863e-09
7.09481e-09
8.27307e-09
9.37621e-09
1.04074e-08
1.137e-08
1.22677e-08
1.31042e-08
1.38829e-08
1.46076e-08
1.52817e-08
1.59086e-08
1.64914e-08
1.70333e-08
1.75372e-08
1.80057e-08
1.84414e-08
1.88467e-08
1.92238e-08
1.95748e-08
1.99017e-08
2.02061e-08
2.04898e-08
2.07543e-08
2.1001e-08
2.12312e-08
2.14462e-08
2.16469e-08
2.35974e-08
2.52036e-08
2.63431e-08
2.69055e-08
2.68131e-08
2.6042e-08
2.46373e-08
2.27148e-08
2.04436e-08
1.80129e-08
1.55946e-08
1.33168e-08
1.12551e-08
9.44094e-09
7.87569e-09
6.54366e-09
5.42106e-09
4.48149e-09
3.69901e-09
3.04967e-09
2.51217e-09
2.06803e-09
1.70146e-09
1.39914e-09
1.1499e-09
9.44423e-10
7.74999e-10
6.3523e-10
5.19838e-10
4.24466e-10
3.45521e-10
2.80039e-10
2.25574e-10
1.80099e-10
1.41935e-10
1.09676e-10
8.21351e-11
5.82906e-11
3.72313e-11
1.80978e-11
-1.81276e-31
2.49484e-12
1.5998e-09
3.11481e-09
4.54682e-09
5.89641e-09
7.16512e-09
8.35518e-09
9.46941e-09
1.0511e-08
1.14835e-08
1.23904e-08
1.32354e-08
1.40222e-08
1.47544e-08
1.54356e-08
1.60691e-08
1.66582e-08
1.72059e-08
1.77151e-08
1.81887e-08
1.86291e-08
1.90389e-08
1.94201e-08
1.97751e-08
2.01055e-08
2.04134e-08
2.07003e-08
2.09678e-08
2.12173e-08
2.14501e-08
2.16675e-08
2.18706e-08
2.38442e-08
2.54707e-08
2.6626e-08
2.7198e-08
2.71072e-08
2.63282e-08
2.49059e-08
2.29569e-08
2.06525e-08
1.81855e-08
1.57314e-08
1.34213e-08
1.13325e-08
9.49699e-09
7.91555e-09
6.57163e-09
5.4405e-09
4.49491e-09
3.70823e-09
3.05598e-09
2.51647e-09
2.07096e-09
1.70346e-09
1.4005e-09
1.15082e-09
9.45049e-10
7.75424e-10
6.35519e-10
5.20034e-10
4.24599e-10
3.45612e-10
2.80101e-10
2.25615e-10
1.80127e-10
1.41954e-10
1.09688e-10
8.21434e-11
5.82959e-11
3.72344e-11
1.80992e-11
-1.64812e-31
2.39165e-12
1.53514e-09
2.98904e-09
4.36348e-09
5.65909e-09
6.87734e-09
8.02041e-09
9.09101e-09
1.00922e-08
1.10273e-08
1.18997e-08
1.27129e-08
1.34705e-08
1.41759e-08
1.48324e-08
1.54432e-08
1.60115e-08
1.65402e-08
1.7032e-08
1.74896e-08
1.79154e-08
1.83118e-08
1.86808e-08
1.90245e-08
1.93446e-08
1.96431e-08
1.99213e-08
2.01809e-08
2.04231e-08
2.06493e-08
2.08606e-08
2.10581e-08
2.29835e-08
2.45845e-08
2.57418e-08
2.63463e-08
2.63184e-08
2.56288e-08
2.43141e-08
2.24799e-08
2.0286e-08
1.79158e-08
1.554e-08
1.32889e-08
1.12425e-08
9.43632e-09
7.87488e-09
6.54442e-09
5.42231e-09
4.48274e-09
3.70008e-09
3.05052e-09
2.51281e-09
2.0685e-09
1.7018e-09
1.39938e-09
1.15006e-09
9.44541e-10
7.7508e-10
6.35286e-10
5.19877e-10
4.24493e-10
3.4554e-10
2.80052e-10
2.25582e-10
1.80105e-10
1.41939e-10
1.09679e-10
8.21371e-11
5.82919e-11
3.72321e-11
1.80981e-11
-1.49823e-31
2.18588e-12
1.40564e-09
2.73709e-09
3.99612e-09
5.18337e-09
6.30026e-09
7.3488e-09
8.33147e-09
9.25105e-09
1.01105e-08
1.09131e-08
1.16618e-08
1.23598e-08
1.30104e-08
1.36164e-08
1.41808e-08
1.47063e-08
1.51957e-08
1.56515e-08
1.60759e-08
1.64713e-08
1.68397e-08
1.71829e-08
1.7503e-08
1.78014e-08
1.80799e-08
1.83398e-08
1.85824e-08
1.88091e-08
1.9021e-08
1.92191e-08
1.94044e-08
2.12223e-08
2.27585e-08
2.3904e-08
2.45568e-08
2.46388e-08
2.41149e-08
2.30077e-08
2.14025e-08
1.94363e-08
1.72727e-08
1.507e-08
1.29546e-08
1.10092e-08
9.27556e-09
7.765e-09
6.46972e-09
5.37169e-09
4.4485e-09
3.67695e-09
3.03489e-09
2.50226e-09
2.06137e-09
1.69698e-09
1.39613e-09
1.14786e-09
9.43052e-10
7.74072e-10
6.34604e-10
5.19414e-10
4.2418e-10
3.45328e-10
2.79909e-10
2.25485e-10
1.8004e-10
1.41895e-10
1.09649e-10
8.2118e-11
5.828e-11
3.72252e-11
1.8095e-11
-1.36181e-31
1.9093e-12
1.23125e-09
2.39779e-09
3.50133e-09
4.54255e-09
5.52277e-09
6.44377e-09
7.30772e-09
8.11705e-09
8.87434e-09
9.58227e-09
1.02436e-08
1.08609e-08
1.1437e-08
1.19744e-08
1.24757e-08
1.29431e-08
1.33789e-08
1.37854e-08
1.41646e-08
1.45182e-08
1.48482e-08
1.51563e-08
1.54438e-08
1.57124e-08
1.59633e-08
1.61978e-08
1.64171e-08
1.66223e-08
1.68143e-08
1.6994e-08
1.71624e-08
1.88293e-08
2.02704e-08
2.13908e-08
2.20987e-08
2.23192e-08
2.20105e-08
2.11777e-08
1.98797e-08
1.82234e-08
1.63452e-08
1.43851e-08
1.24626e-08
1.06628e-08
9.0351e-09
7.59965e-09
6.35673e-09
5.29479e-09
4.39632e-09
3.6416e-09
3.01096e-09
2.48607e-09
2.05042e-09
1.68958e-09
1.39111e-09
1.14447e-09
9.40755e-10
7.72516e-10
6.33549e-10
5.187e-10
4.23695e-10
3.44999e-10
2.79686e-10
2.25335e-10
1.79938e-10
1.41827e-10
1.09604e-10
8.20885e-11
5.82614e-11
3.72144e-11
1.80901e-11
-6.46852e-32
1.62344e-12
1.05048e-09
2.04604e-09
2.9883e-09
3.87797e-09
4.71623e-09
5.50464e-09
6.24506e-09
6.93952e-09
7.5902e-09
8.19934e-09
8.76921e-09
9.30203e-09
9.80004e-09
1.02654e-08
1.07001e-08
1.11062e-08
1.14855e-08
1.18398e-08
1.21709e-08
1.24803e-08
1.27695e-08
1.30399e-08
1.32927e-08
1.35293e-08
1.37506e-08
1.39579e-08
1.4152e-08
1.43339e-08
1.45044e-08
1.46643e-08
1.48143e-08
1.63141e-08
1.76438e-08
1.87233e-08
1.94722e-08
1.98203e-08
1.97212e-08
1.91642e-08
1.81825e-08
1.68524e-08
1.52813e-08
1.35882e-08
1.18826e-08
1.02499e-08
8.74568e-09
7.39906e-09
6.21878e-09
5.20044e-09
4.33202e-09
3.59788e-09
2.98129e-09
2.46595e-09
2.03679e-09
1.68034e-09
1.38486e-09
1.14023e-09
9.37882e-10
7.70569e-10
6.32229e-10
5.17805e-10
4.23089e-10
3.44588e-10
2.79408e-10
2.25146e-10
1.79811e-10
1.41742e-10
1.09547e-10
8.20514e-11
5.8238e-11
3.72008e-11
1.80839e-11
3.19485e-34
1.36833e-12
8.88432e-10
1.73066e-09
2.52819e-09
3.28173e-09
3.99233e-09
4.66134e-09
5.29034e-09
5.88103e-09
6.43522e-09
6.95476e-09
7.44151e-09
7.89734e-09
8.32404e-09
8.72338e-09
9.09706e-09
9.44671e-09
9.77387e-09
1.008e-08
1.03665e-08
1.06347e-08
1.08858e-08
1.1121e-08
1.13412e-08
1.15477e-08
1.17411e-08
1.19226e-08
1.20928e-08
1.22525e-08
1.24024e-08
1.25433e-08
1.26756e-08
1.40111e-08
1.52228e-08
1.62445e-08
1.70069e-08
1.74464e-08
1.75149e-08
1.71909e-08
1.64876e-08
1.54551e-08
1.4174e-08
1.27416e-08
1.12548e-08
9.7954e-09
8.42274e-09
7.17267e-09
6.06164e-09
5.09213e-09
4.25775e-09
3.54714e-09
2.94672e-09
2.44243e-09
2.02081e-09
1.66949e-09
1.37749e-09
1.13524e-09
9.34493e-10
7.6827e-10
6.30669e-10
5.16746e-10
4.2237e-10
3.44101e-10
2.79077e-10
2.24923e-10
1.7966e-10
1.4164e-10
1.0948e-10
8.20074e-11
5.82103e-11
3.71847e-11
1.80766e-11
3.51294e-34
1.14336e-12
7.44888e-10
1.45124e-09
2.12043e-09
2.75314e-09
3.3503e-09
3.91307e-09
4.44277e-09
4.94081e-09
5.40869e-09
5.84793e-09
6.26004e-09
6.64654e-09
7.00891e-09
7.34857e-09
7.66692e-09
7.96528e-09
8.2449e-09
8.50698e-09
8.75266e-09
8.983e-09
9.199e-09
9.40161e-09
9.59171e-09
9.77012e-09
9.93762e-09
1.00949e-08
1.02427e-08
1.03816e-08
1.05122e-08
1.0635e-08
1.07505e-08
1.19272e-08
1.30177e-08
1.39681e-08
1.47202e-08
1.52178e-08
1.54139e-08
1.52805e-08
1.48158e-08
1.40485e-08
1.30354e-08
1.18526e-08
1.05822e-08
9.2999e-09
8.06522e-09
6.91882e-09
5.88356e-09
4.96834e-09
4.17227e-09
3.4884e-09
2.9065e-09
2.41497e-09
2.00209e-09
1.65675e-09
1.36883e-09
1.12935e-09
9.30492e-10
7.65552e-10
6.28823e-10
5.15493e-10
4.21519e-10
3.43523e-10
2.78686e-10
2.24658e-10
1.79481e-10
1.4152e-10
1.094e-10
8.19552e-11
5.81773e-11
3.71656e-11
1.80678e-11
3.86239e-34
9.47336e-13
6.19242e-10
1.20661e-09
1.76335e-09
2.29008e-09
2.78763e-09
3.25698e-09
3.69923e-09
4.11555e-09
4.50715e-09
4.87527e-09
5.22114e-09
5.54599e-09
5.85101e-09
6.13736e-09
6.40614e-09
6.65844e-09
6.89527e-09
7.11759e-09
7.32631e-09
7.52232e-09
7.7064e-09
7.87934e-09
8.04184e-09
8.19458e-09
8.33818e-09
8.47324e-09
8.6003e-09
8.71987e-09
8.83244e-09
8.93845e-09
9.03831e-09
1.00639e-08
1.10331e-08
1.19028e-08
1.2625e-08
1.31513e-08
1.34382e-08
1.34545e-08
1.31881e-08
1.2651e-08
1.18797e-08
1.09305e-08
9.87022e-09
8.76532e-09
7.67306e-09
6.63639e-09
5.68307e-09
4.82757e-09
4.07427e-09
3.42061e-09
2.85983e-09
2.38296e-09
1.98019e-09
1.6418e-09
1.35864e-09
1.12241e-09
9.25768e-10
7.62338e-10
6.26639e-10
5.14008e-10
4.20511e-10
3.42838e-10
2.78221e-10
2.24343e-10
1.79269e-10
1.41377e-10
1.09305e-10
8.1893e-11
5.81381e-11
3.71428e-11
1.80574e-11
2.38328e-34
9.16974e-13
5.99728e-10
1.16862e-09
1.70788e-09
2.21813e-09
2.70018e-09
3.15498e-09
3.5836e-09
3.98717e-09
4.36685e-09
4.72385e-09
5.05935e-09
5.37454e-09
5.67055e-09
5.94852e-09
6.20951e-09
6.45454e-09
6.68461e-09
6.90065e-09
7.10352e-09
7.29408e-09
7.4731e-09
7.64131e-09
7.79942e-09
7.94806e-09
8.08785e-09
8.21934e-09
8.34308e-09
8.45956e-09
8.56923e-09
8.67254e-09
8.76987e-09
9.7709e-09
1.07198e-08
1.15751e-08
1.22907e-08
1.28194e-08
1.31182e-08
1.31559e-08
1.2919e-08
1.24172e-08
1.1684e-08
1.07724e-08
9.7466e-09
8.67144e-09
7.60349e-09
6.58585e-09
5.64692e-09
4.80203e-09
4.0564e-09
3.40819e-09
2.85126e-09
2.37706e-09
1.97614e-09
1.63903e-09
1.35675e-09
1.12112e-09
9.2489e-10
7.61741e-10
6.26232e-10
5.13731e-10
4.20323e-10
3.42711e-10
2.78135e-10
2.24285e-10
1.79229e-10
1.41351e-10
1.09287e-10
8.18814e-11
5.81308e-11
3.71385e-11
1.80555e-11
2.22371e-34
7.78443e-13
5.10497e-10
9.94851e-10
1.45416e-09
1.88899e-09
2.30006e-09
2.6882e-09
3.05431e-09
3.39935e-09
3.7243e-09
4.03016e-09
4.31793e-09
4.58858e-09
4.84308e-09
5.08234e-09
5.30727e-09
5.51871e-09
5.71748e-09
5.90435e-09
6.08006e-09
6.24529e-09
6.40071e-09
6.54693e-09
6.68452e-09
6.81402e-09
6.93595e-09
7.05078e-09
7.15895e-09
7.26088e-09
7.35696e-09
7.44755e-09
7.53299e-09
8.41733e-09
9.26796e-09
1.00512e-08
1.07285e-08
1.1259e-08
1.1604e-08
1.1732e-08
1.16245e-08
1.12814e-08
1.07228e-08
9.98719e-09
9.12608e-09
8.19537e-09
7.24738e-09
6.325e-09
5.45904e-09
4.66851e-09
3.96249e-09
3.34269e-09
2.80585e-09
2.34573e-09
1.95462e-09
1.62428e-09
1.34666e-09
1.11423e-09
9.20191e-10
7.58539e-10
6.24052e-10
5.12248e-10
4.19314e-10
3.42025e-10
2.77669e-10
2.23969e-10
1.79016e-10
1.41207e-10
1.09192e-10
8.1819e-11
5.80914e-11
3.71157e-11
1.80451e-11
4.30696e-34
6.34584e-13
4.17459e-10
8.13643e-10
1.18951e-09
1.54556e-09
1.88242e-09
2.20077e-09
2.50136e-09
2.78495e-09
3.05235e-09
3.30436e-09
3.54176e-09
3.76534e-09
3.97586e-09
4.17405e-09
4.36063e-09
4.53627e-09
4.70161e-09
4.85728e-09
5.00385e-09
5.14188e-09
5.27188e-09
5.39436e-09
5.50976e-09
5.61852e-09
5.72106e-09
5.81774e-09
5.90893e-09
5.99496e-09
6.07615e-09
6.15279e-09
6.22515e-09
6.97953e-09
7.71696e-09
8.41165e-09
9.03325e-09
9.54843e-09
9.92367e-09
1.01292e-08
1.01436e-08
9.9585e-09
9.58137e-09
9.03591e-09
8.35911e-09
7.59554e-09
6.79071e-09
5.98519e-09
5.21093e-09
4.49012e-09
3.83579e-09
3.25358e-09
2.74365e-09
2.30258e-09
1.92482e-09
1.60378e-09
1.33259e-09
1.1046e-09
9.1361e-10
7.54047e-10
6.20989e-10
5.10161e-10
4.17893e-10
3.41059e-10
2.77013e-10
2.23524e-10
1.78715e-10
1.41005e-10
1.09057e-10
8.17307e-11
5.80357e-11
3.70833e-11
1.80303e-11
5.13034e-34
5.13434e-13
3.38768e-10
6.60351e-10
9.65569e-10
1.25487e-09
1.52877e-09
1.78785e-09
2.0327e-09
2.26395e-09
2.48224e-09
2.6882e-09
2.88246e-09
3.06564e-09
3.23834e-09
3.40114e-09
3.5546e-09
3.69925e-09
3.8356e-09
3.96414e-09
4.08533e-09
4.19961e-09
4.30738e-09
4.40903e-09
4.50493e-09
4.59543e-09
4.68085e-09
4.76148e-09
4.83762e-09
4.90954e-09
4.97748e-09
5.04168e-09
5.10236e-09
5.7391e-09
6.37072e-09
6.97789e-09
7.53727e-09
8.0223e-09
8.40497e-09
8.65858e-09
8.76123e-09
8.69963e-09
8.47232e-09
8.09111e-09
7.58028e-09
6.97315e-09
6.30716e-09
5.61869e-09
4.93894e-09
4.29177e-09
3.69322e-09
3.15228e-09
2.67235e-09
2.25276e-09
1.89022e-09
1.57985e-09
1.31611e-09
1.09328e-09
9.05853e-10
7.4874e-10
6.17364e-10
5.07688e-10
4.16207e-10
3.39911e-10
2.76232e-10
2.22994e-10
1.78357e-10
1.40764e-10
1.08896e-10
8.16255e-11
5.79692e-11
3.70446e-11
1.80127e-11
5.63794e-34
4.12478e-13
2.7292e-10
5.32054e-10
7.78099e-10
1.01144e-09
1.23252e-09
1.44179e-09
1.63975e-09
1.82689e-09
2.00373e-09
2.17076e-09
2.32848e-09
2.47738e-09
2.61793e-09
2.75058e-09
2.87577e-09
2.99392e-09
3.10543e-09
3.21069e-09
3.31004e-09
3.40383e-09
3.49239e-09
3.57602e-09
3.65501e-09
3.72963e-09
3.80014e-09
3.86677e-09
3.92975e-09
3.9893e-09
4.04562e-09
4.09888e-09
4.14928e-09
4.68125e-09
5.21593e-09
5.73921e-09
6.23355e-09
6.67832e-09
7.05085e-09
7.32821e-09
7.4897e-09
7.51989e-09
7.41153e-09
7.1676e-09
6.80182e-09
6.33713e-09
5.80243e-09
5.22854e-09
4.64422e-09
4.07348e-09
3.53418e-09
3.03797e-09
2.59109e-09
2.19553e-09
1.85019e-09
1.55202e-09
1.29685e-09
1.08e-09
8.96721e-10
7.42476e-10
6.13075e-10
5.04756e-10
4.14206e-10
3.38546e-10
2.75304e-10
2.22364e-10
1.7793e-10
1.40476e-10
1.08704e-10
8.14998e-11
5.78898e-11
3.69984e-11
1.79916e-11
6.1946e-34
3.29183e-13
2.18375e-10
4.25764e-10
6.2275e-10
8.09662e-10
9.86858e-10
1.15472e-09
1.31363e-09
1.464e-09
1.60623e-09
1.7407e-09
1.86781e-09
1.98795e-09
2.10146e-09
2.20872e-09
2.31006e-09
2.40581e-09
2.49628e-09
2.58177e-09
2.66255e-09
2.7389e-09
2.81106e-09
2.87928e-09
2.94379e-09
3.00479e-09
3.06248e-09
3.11705e-09
3.16869e-09
3.21756e-09
3.26381e-09
3.3076e-09
3.34906e-09
3.78912e-09
4.23668e-09
4.68169e-09
5.11129e-09
5.50987e-09
5.85962e-09
6.14159e-09
6.33738e-09
6.43137e-09
6.41316e-09
6.2797e-09
6.03655e-09
5.69767e-09
5.28372e-09
4.81917e-09
4.32903e-09
3.836e-09
3.35853e-09
2.91007e-09
2.49917e-09
2.13016e-09
1.80411e-09
1.51977e-09
1.27441e-09
1.06445e-09
8.8599e-10
7.35093e-10
6.08006e-10
5.01283e-10
4.11831e-10
3.36925e-10
2.74199e-10
2.21612e-10
1.77421e-10
1.40133e-10
1.08476e-10
8.13498e-11
5.7795e-11
3.69432e-11
1.79664e-11
6.80466e-34
2.61098e-13
1.73624e-10
3.38546e-10
4.95248e-10
6.44006e-10
7.85114e-10
9.18876e-10
1.04561e-09
1.16562e-09
1.27924e-09
1.38676e-09
1.48849e-09
1.58473e-09
1.67576e-09
1.76186e-09
1.84329e-09
1.92031e-09
1.99316e-09
2.06206e-09
2.12724e-09
2.1889e-09
2.24724e-09
2.30245e-09
2.35469e-09
2.40415e-09
2.45096e-09
2.49528e-09
2.53726e-09
2.57701e-09
2.61467e-09
2.65035e-09
2.68416e-09
3.04478e-09
3.41543e-09
3.78916e-09
4.15675e-09
4.50674e-09
4.8255e-09
5.09793e-09
5.30846e-09
5.44258e-09
5.48875e-09
5.44033e-09
5.29704e-09
5.06565e-09
4.75939e-09
4.39631e-09
3.99678e-09
3.58098e-09
3.16677e-09
2.7684e-09
2.39606e-09
2.05604e-09
1.75139e-09
1.48258e-09
1.24836e-09
1.04631e-09
8.73414e-10
7.26406e-10
6.02025e-10
4.97175e-10
4.09015e-10
3.35e-10
2.72884e-10
2.20718e-10
1.76814e-10
1.39724e-10
1.08202e-10
8.11705e-11
5.76816e-11
3.68772e-11
1.79362e-11
7.47277e-34
2.05927e-13
1.37236e-10
2.67617e-10
3.91537e-10
5.09225e-10
6.2092e-10
7.26865e-10
8.2731e-10
9.22503e-10
1.01269e-09
1.09811e-09
1.17901e-09
1.2556e-09
1.32811e-09
1.39676e-09
1.46175e-09
1.52327e-09
1.58152e-09
1.63666e-09
1.68886e-09
1.7383e-09
1.78511e-09
1.82945e-09
1.87144e-09
1.91122e-09
1.94891e-09
1.98463e-09
2.01848e-09
2.05056e-09
2.08097e-09
2.1098e-09
2.13715e-09
2.43005e-09
2.73393e-09
3.04411e-09
3.3542e-09
3.65595e-09
3.93929e-09
4.19253e-09
4.40305e-09
4.55821e-09
4.64674e-09
4.66029e-09
4.59489e-09
4.45196e-09
4.2386e-09
3.96683e-09
3.65205e-09
3.31107e-09
2.96011e-09
2.61324e-09
2.28153e-09
1.97271e-09
1.69148e-09
1.43996e-09
1.21828e-09
1.02523e-09
8.5872e-10
7.16213e-10
5.94981e-10
4.92322e-10
4.05681e-10
3.32714e-10
2.71322e-10
2.19653e-10
1.7609e-10
1.39236e-10
1.07876e-10
8.09562e-11
5.7546e-11
3.67982e-11
1.79002e-11
8.20377e-34
1.61576e-13
1.07891e-10
2.1041e-10
3.07875e-10
4.00474e-10
4.88399e-10
5.71844e-10
6.51006e-10
7.26078e-10
7.97254e-10
8.64719e-10
9.28658e-10
9.89246e-10
1.04665e-09
1.10105e-09
1.15258e-09
1.20141e-09
1.24767e-09
1.2915e-09
1.33304e-09
1.3724e-09
1.4097e-09
1.44506e-09
1.47857e-09
1.51035e-09
1.54047e-09
1.56904e-09
1.59613e-09
1.62182e-09
1.64619e-09
1.66931e-09
1.69125e-09
1.92718e-09
2.174e-09
2.42864e-09
2.68682e-09
2.94277e-09
3.18923e-09
3.41747e-09
3.61761e-09
3.77921e-09
3.89212e-09
3.94769e-09
3.93996e-09
3.86683e-09
3.73066e-09
3.53831e-09
3.30039e-09
3.0299e-09
2.7406e-09
2.44551e-09
2.15576e-09
1.87994e-09
1.62399e-09
1.39144e-09
1.18374e-09
1.00084e-09
8.41621e-10
7.0429e-10
5.86705e-10
4.866e-10
4.01738e-10
3.30005e-10
2.69466e-10
2.18385e-10
1.75228e-10
1.38653e-10
1.07486e-10
8.07001e-11
5.73838e-11
3.67036e-11
1.7857e-11
9.0027e-34
1.26183e-13
8.44056e-11
1.6462e-10
2.40899e-10
3.13394e-10
3.82259e-10
4.47648e-10
5.09714e-10
5.68609e-10
6.24482e-10
6.77478e-10
7.27738e-10
7.75398e-10
8.2059e-10
8.63439e-10
9.04066e-10
9.42587e-10
9.79111e-10
1.01374e-09
1.04658e-09
1.07773e-09
1.10726e-09
1.13527e-09
1.16184e-09
1.18705e-09
1.21097e-09
1.23366e-09
1.25519e-09
1.27562e-09
1.29502e-09
1.31343e-09
1.3309e-09
1.51949e-09
1.71822e-09
1.92518e-09
2.13757e-09
2.35151e-09
2.56189e-09
2.76239e-09
2.94556e-09
3.10311e-09
3.22648e-09
3.3076e-09
3.33986e-09
3.31909e-09
3.24442e-09
3.11865e-09
2.94811e-09
2.74199e-09
2.51114e-09
2.2668e-09
2.01942e-09
1.77781e-09
1.5487e-09
1.33667e-09
1.14436e-09
9.72805e-10
8.2182e-10
6.90398e-10
5.77014e-10
4.79872e-10
3.97085e-10
3.26799e-10
2.67264e-10
2.16878e-10
1.74202e-10
1.37958e-10
1.0702e-10
8.0394e-11
5.71898e-11
3.65905e-11
1.78053e-11
9.87473e-34
9.81246e-14
6.57393e-11
1.28222e-10
1.87653e-10
2.44152e-10
2.97842e-10
3.48844e-10
3.97277e-10
4.43261e-10
4.86909e-10
5.28334e-10
5.67645e-10
6.04946e-10
6.40337e-10
6.73915e-10
7.05772e-10
7.35997e-10
7.64674e-10
7.91882e-10
8.177e-10
8.42197e-10
8.65445e-10
8.87508e-10
9.08448e-10
9.28323e-10
9.4719e-10
9.65102e-10
9.82108e-10
9.98255e-10
1.01359e-09
1.02815e-09
1.04198e-09
1.19167e-09
1.35041e-09
1.51708e-09
1.68992e-09
1.86639e-09
2.04303e-09
2.21538e-09
2.37802e-09
2.52462e-09
2.64829e-09
2.74206e-09
2.79954e-09
2.81571e-09
2.78771e-09
2.71545e-09
2.60182e-09
2.45251e-09
2.27536e-09
2.07939e-09
1.87374e-09
1.66683e-09
1.46564e-09
1.27546e-09
1.09985e-09
9.40797e-10
7.99024e-10
6.74293e-10
5.65712e-10
4.71985e-10
3.91608e-10
3.23012e-10
2.64656e-10
2.15089e-10
1.72981e-10
1.3713e-10
1.06465e-10
8.00283e-11
5.69578e-11
3.64551e-11
1.77433e-11
1.0825e-33
7.6014e-14
5.09958e-11
9.94707e-11
1.45587e-10
1.8944e-10
2.31125e-10
2.70739e-10
3.08374e-10
3.44122e-10
3.78071e-10
4.10308e-10
4.40915e-10
4.69973e-10
4.97559e-10
5.23746e-10
5.48606e-10
5.72205e-10
5.94608e-10
6.15876e-10
6.36067e-10
6.55237e-10
6.73438e-10
6.90721e-10
7.07132e-10
7.22718e-10
7.37519e-10
7.51578e-10
7.64932e-10
7.77617e-10
7.89668e-10
8.01118e-10
8.11998e-10
9.30051e-10
1.05593e-09
1.18903e-09
1.32832e-09
1.47218e-09
1.61835e-09
1.76378e-09
1.90464e-09
2.03628e-09
2.15339e-09
2.25028e-09
2.3213e-09
2.36139e-09
2.36677e-09
2.33551e-09
2.26798e-09
2.16699e-09
2.03753e-09
1.88624e-09
1.72056e-09
1.54795e-09
1.37518e-09
1.2078e-09
1.05001e-09
9.04557e-10
7.72964e-10
6.5573e-10
5.52595e-10
4.62778e-10
3.85183e-10
3.18551e-10
2.61572e-10
2.12968e-10
1.71529e-10
1.36144e-10
1.05802e-10
7.95916e-11
5.66805e-11
3.62931e-11
1.76692e-11
1.18585e-33
5.86836e-14
3.94161e-11
7.68875e-11
1.12541e-10
1.46453e-10
1.78698e-10
2.09351e-10
2.38483e-10
2.66166e-10
2.92466e-10
3.17452e-10
3.41185e-10
3.63728e-10
3.85139e-10
4.05475e-10
4.24789e-10
4.43133e-10
4.60555e-10
4.77103e-10
4.92821e-10
5.0775e-10
5.21932e-10
5.35404e-10
5.48203e-10
5.60363e-10
5.71916e-10
5.82894e-10
5.93325e-10
6.03238e-10
6.1266e-10
6.21614e-10
6.30126e-10
7.22691e-10
8.21863e-10
9.27366e-10
1.03862e-09
1.15468e-09
1.27409e-09
1.39485e-09
1.51433e-09
1.62924e-09
1.73564e-09
1.82909e-09
1.90492e-09
1.95854e-09
1.98598e-09
1.98439e-09
1.95248e-09
1.8909e-09
1.80224e-09
1.69084e-09
1.56226e-09
1.42265e-09
1.27807e-09
1.13398e-09
9.9483e-10
8.63921e-10
7.4342e-10
6.34485e-10
5.37461e-10
4.52083e-10
3.77676e-10
3.13313e-10
2.57938e-10
2.10459e-10
1.69808e-10
1.34972e-10
1.05013e-10
7.90705e-11
5.63492e-11
3.60994e-11
1.75806e-11
1.29799e-33
4.51648e-14
3.03672e-11
5.92385e-11
8.67133e-11
1.12851e-10
1.3771e-10
1.61349e-10
1.83821e-10
2.05183e-10
2.25487e-10
2.44782e-10
2.63118e-10
2.80541e-10
2.97096e-10
3.12827e-10
3.27773e-10
3.41975e-10
3.55469e-10
3.68291e-10
3.80474e-10
3.92052e-10
4.03054e-10
4.1351e-10
4.23447e-10
4.32891e-10
4.41867e-10
4.504e-10
4.5851e-10
4.66221e-10
4.73551e-10
4.8052e-10
4.87146e-10
5.59349e-10
6.37023e-10
7.20086e-10
8.08261e-10
9.01011e-10
9.97467e-10
1.09636e-09
1.19594e-09
1.29395e-09
1.38756e-09
1.47348e-09
1.54802e-09
1.60732e-09
1.64771e-09
1.66604e-09
1.66016e-09
1.62925e-09
1.57408e-09
1.497e-09
1.4017e-09
1.29284e-09
1.17549e-09
1.05458e-09
9.34517e-10
8.18864e-10
7.10248e-10
6.10371e-10
5.20121e-10
4.39731e-10
3.68948e-10
3.07188e-10
2.53667e-10
2.075e-10
1.6777e-10
1.3358e-10
1.04074e-10
7.84496e-11
5.59539e-11
3.5868e-11
1.74746e-11
1.41931e-33
3.46641e-14
2.33276e-11
4.55077e-11
6.66175e-11
8.67035e-11
1.05811e-10
1.23984e-10
1.41267e-10
1.577e-10
1.73323e-10
1.88176e-10
2.02295e-10
2.15716e-10
2.28473e-10
2.40599e-10
2.52124e-10
2.6308e-10
2.73493e-10
2.83391e-10
2.928e-10
3.01744e-10
3.10246e-10
3.18328e-10
3.26012e-10
3.33318e-10
3.40264e-10
3.46868e-10
3.53148e-10
3.59119e-10
3.64798e-10
3.70198e-10
3.75334e-10
4.31392e-10
4.91908e-10
5.56913e-10
6.26307e-10
6.99824e-10
7.76972e-10
8.56979e-10
9.38731e-10
1.02072e-09
1.10101e-09
1.17722e-09
1.24657e-09
1.30601e-09
1.35239e-09
1.38273e-09
1.39456e-09
1.38626e-09
1.35733e-09
1.30856e-09
1.24202e-09
1.16088e-09
1.069e-09
9.7054e-10
8.69536e-10
7.69539e-10
6.73418e-10
5.83264e-10
5.00419e-10
4.25566e-10
3.58859e-10
3.00062e-10
2.4867e-10
2.04021e-10
1.65366e-10
1.31933e-10
1.0296e-10
7.77108e-11
5.54826e-11
3.55918e-11
1.73479e-11
1.5501e-33
2.65385e-14
1.7873e-11
3.48679e-11
5.10443e-11
6.64385e-11
8.10854e-11
9.50193e-11
1.08273e-10
1.20878e-10
1.32866e-10
1.44266e-10
1.55106e-10
1.65413e-10
1.75213e-10
1.84531e-10
1.9339e-10
2.01814e-10
2.09824e-10
2.17439e-10
2.24681e-10
2.31566e-10
2.38114e-10
2.4434e-10
2.50261e-10
2.55891e-10
2.61246e-10
2.66339e-10
2.71183e-10
2.7579e-10
2.80172e-10
2.84341e-10
2.88306e-10
3.31648e-10
3.78577e-10
4.29177e-10
4.83454e-10
5.41304e-10
6.02475e-10
6.66526e-10
7.32777e-10
8.00262e-10
8.67687e-10
9.33403e-10
9.95404e-10
1.05137e-09
1.09879e-09
1.13506e-09
1.1578e-09
1.16505e-09
1.15559e-09
1.12913e-09
1.08645e-09
1.02936e-09
9.6051e-10
8.8313e-10
8.00636e-10
7.16315e-10
6.33044e-10
5.53131e-10
4.78248e-10
4.09456e-10
3.4728e-10
2.91818e-10
2.42852e-10
1.99947e-10
1.62537e-10
1.29988e-10
1.01639e-10
7.68333e-11
5.49217e-11
3.52627e-11
1.71969e-11
1.69048e-33
2.02719e-14
1.36614e-11
2.66523e-11
3.90188e-11
5.07886e-11
6.19889e-11
7.26457e-11
8.27845e-11
9.24294e-11
1.01604e-10
1.1033e-10
1.1863e-10
1.26524e-10
1.34032e-10
1.41172e-10
1.47963e-10
1.54422e-10
1.60564e-10
1.66406e-10
1.71962e-10
1.77247e-10
1.82273e-10
1.87054e-10
1.91602e-10
1.95928e-10
2.00042e-10
2.03957e-10
2.0768e-10
2.11223e-10
2.14593e-10
2.17799e-10
2.2085e-10
2.54236e-10
2.90476e-10
3.29678e-10
3.71899e-10
4.1713e-10
4.65266e-10
5.16076e-10
5.69169e-10
6.23952e-10
6.79593e-10
7.34988e-10
7.8874e-10
8.39167e-10
8.84338e-10
9.22165e-10
9.50541e-10
9.67532e-10
9.71595e-10
9.61803e-10
9.38012e-10
9.00948e-10
8.52169e-10
7.93915e-10
7.28854e-10
6.59795e-10
5.89418e-10
5.20059e-10
4.53576e-10
3.9131e-10
3.341e-10
2.82351e-10
2.36118e-10
1.95201e-10
1.59224e-10
1.27699e-10
1.0008e-10
7.57936e-11
5.42557e-11
3.4871e-11
1.70169e-11
1.84035e-33
1.54532e-14
1.04198e-11
2.03286e-11
2.97618e-11
3.87408e-11
4.72865e-11
5.54188e-11
6.3157e-11
7.05197e-11
7.75246e-11
8.41888e-11
9.05286e-11
9.65598e-11
1.02297e-10
1.07755e-10
1.12947e-10
1.17885e-10
1.22584e-10
1.27053e-10
1.31304e-10
1.35349e-10
1.39197e-10
1.42858e-10
1.4634e-10
1.49654e-10
1.52806e-10
1.55806e-10
1.5866e-10
1.61375e-10
1.63959e-10
1.66418e-10
1.68757e-10
1.94389e-10
2.22271e-10
2.52514e-10
2.85198e-10
3.20363e-10
3.5799e-10
3.97977e-10
4.40118e-10
4.84067e-10
5.29313e-10
5.75142e-10
6.20618e-10
6.64562e-10
7.05565e-10
7.42023e-10
7.72212e-10
7.94412e-10
8.07061e-10
8.08936e-10
7.99334e-10
7.78202e-10
7.46201e-10
7.04665e-10
6.55468e-10
6.0082e-10
5.43028e-10
4.84279e-10
4.26468e-10
3.71098e-10
3.19243e-10
2.71566e-10
2.28379e-10
1.89706e-10
1.55362e-10
1.25016e-10
9.82443e-11
7.45656e-11
5.34667e-11
3.44061e-11
1.68031e-11
1.99932e-33
1.17575e-14
7.93155e-12
1.54744e-11
2.26557e-11
2.94919e-11
3.59989e-11
4.21919e-11
4.80856e-11
5.36942e-11
5.90311e-11
6.41093e-11
6.89413e-11
7.35387e-11
7.79131e-11
8.2075e-11
8.60349e-11
8.98026e-11
9.33873e-11
9.67981e-11
1.00043e-10
1.03131e-10
1.06069e-10
1.08865e-10
1.11525e-10
1.14057e-10
1.16465e-10
1.18758e-10
1.20939e-10
1.23015e-10
1.2499e-10
1.2687e-10
1.2866e-10
1.48278e-10
1.69659e-10
1.92903e-10
2.18096e-10
2.453e-10
2.7454e-10
3.05792e-10
3.38961e-10
3.73864e-10
4.102e-10
4.47529e-10
4.85243e-10
5.22549e-10
5.58457e-10
5.9179e-10
6.21215e-10
6.45314e-10
6.62678e-10
6.72044e-10
6.72443e-10
6.6334e-10
6.44738e-10
6.17226e-10
5.81938e-10
5.4044e-10
4.94557e-10
4.46185e-10
3.9711e-10
3.4887e-10
3.0268e-10
2.594e-10
2.19558e-10
1.83387e-10
1.50889e-10
1.2189e-10
9.60933e-11
7.31205e-11
5.25351e-11
3.38558e-11
1.65495e-11
2.16654e-33
8.9297e-15
6.02629e-12
1.17575e-11
1.72142e-11
2.24091e-11
2.73542e-11
3.20613e-11
3.65415e-11
4.08054e-11
4.48634e-11
4.87252e-11
5.24004e-11
5.58977e-11
5.92258e-11
6.23928e-11
6.54066e-11
6.82745e-11
7.10036e-11
7.36007e-11
7.60721e-11
7.8424e-11
8.06622e-11
8.27922e-11
8.48193e-11
8.67484e-11
8.85844e-11
9.03318e-11
9.19949e-11
9.35777e-11
9.50843e-11
9.65182e-11
9.78831e-11
1.12859e-10
1.29204e-10
1.47009e-10
1.66353e-10
1.87305e-10
2.09911e-10
2.34188e-10
2.60108e-10
2.87585e-10
3.16457e-10
3.46464e-10
3.7723e-10
4.08239e-10
4.38821e-10
4.68148e-10
4.95236e-10
5.18981e-10
5.38214e-10
5.51783e-10
5.58667e-10
5.58092e-10
5.4965e-10
5.33378e-10
5.09794e-10
4.79856e-10
4.44868e-10
4.06337e-10
3.6582e-10
3.24773e-10
2.84449e-10
2.45829e-10
2.09602e-10
1.76182e-10
1.45743e-10
1.18267e-10
9.35859e-11
7.14274e-11
5.14393e-11
3.32066e-11
1.62498e-11
2.34065e-33
6.77036e-15
4.57055e-12
8.91739e-12
1.30563e-11
1.69968e-11
2.07482e-11
2.43193e-11
2.77185e-11
3.09541e-11
3.40338e-11
3.6965e-11
3.97548e-11
4.241e-11
4.4937e-11
4.73421e-11
4.96311e-11
5.18096e-11
5.38829e-11
5.58562e-11
5.77343e-11
5.95217e-11
6.1223e-11
6.28422e-11
6.43834e-11
6.58503e-11
6.72465e-11
6.85755e-11
6.98405e-11
7.10446e-11
7.21908e-11
7.32819e-11
7.43204e-11
8.57231e-11
9.81848e-11
1.1178e-10
1.26582e-10
1.42655e-10
1.60052e-10
1.7881e-10
1.98937e-10
2.20405e-10
2.43136e-10
2.6699e-10
2.91743e-10
3.17074e-10
3.42546e-10
3.67597e-10
3.91532e-10
4.13534e-10
4.32686e-10
4.48025e-10
4.58609e-10
4.6361e-10
4.62409e-10
4.54694e-10
4.40521e-10
4.20337e-10
3.94948e-10
3.65439e-10
3.33054e-10
2.99068e-10
2.64672e-10
2.30881e-10
1.98489e-10
1.68046e-10
1.39875e-10
1.14099e-10
9.06809e-11
6.94543e-11
5.01564e-11
3.2444e-11
1.58969e-11
2.5196e-33
5.12445e-15
3.46038e-12
6.75146e-12
9.88522e-12
1.28689e-11
1.57096e-11
1.8414e-11
2.09885e-11
2.34392e-11
2.57721e-11
2.79927e-11
3.01065e-11
3.21184e-11
3.40335e-11
3.58564e-11
3.75914e-11
3.92429e-11
4.08149e-11
4.23111e-11
4.37354e-11
4.5091e-11
4.63814e-11
4.76097e-11
4.8779e-11
4.98919e-11
5.09514e-11
5.19599e-11
5.292e-11
5.3834e-11
5.4704e-11
5.55323e-11
5.63208e-11
6.49821e-11
7.44581e-11
8.48104e-11
9.61002e-11
1.08386e-10
1.21719e-10
1.36143e-10
1.51684e-10
1.68346e-10
1.86102e-10
2.04882e-10
2.24565e-10
2.44959e-10
2.65791e-10
2.86694e-10
3.07194e-10
3.26711e-10
3.44565e-10
3.59997e-10
3.72213e-10
3.80442e-10
3.84009e-10
3.82421e-10
3.75436e-10
3.63117e-10
3.4585e-10
3.24308e-10
2.99393e-10
2.72127e-10
2.43557e-10
2.14655e-10
1.86243e-10
1.58961e-10
1.33247e-10
1.09346e-10
8.73401e-11
6.71697e-11
4.86629e-11
3.15525e-11
1.54834e-11
2.70048e-33
3.8719e-15
2.61518e-12
5.10246e-12
7.47091e-12
9.72608e-12
1.18733e-11
1.39175e-11
1.58637e-11
1.77166e-11
1.94804e-11
2.11595e-11
2.2758e-11
2.42796e-11
2.57281e-11
2.7107e-11
2.84195e-11
2.9669e-11
3.08584e-11
3.19906e-11
3.30685e-11
3.40945e-11
3.50712e-11
3.6001e-11
3.68862e-11
3.77288e-11
3.8531e-11
3.92947e-11
4.00218e-11
4.07139e-11
4.13729e-11
4.20003e-11
4.25976e-11
4.91614e-11
5.6349e-11
6.42101e-11
7.27954e-11
8.21547e-11
9.2335e-11
1.03378e-10
1.15318e-10
1.28173e-10
1.41946e-10
1.56609e-10
1.72103e-10
1.88321e-10
2.05101e-10
2.22211e-10
2.39342e-10
2.56097e-10
2.71991e-10
2.86458e-10
2.98871e-10
3.08575e-10
3.14938e-10
3.1741e-10
3.15594e-10
3.09302e-10
2.986e-10
2.83813e-10
2.65508e-10
2.44427e-10
2.21412e-10
1.97321e-10
1.72944e-10
1.48949e-10
1.25845e-10
1.03978e-10
8.35313e-11
6.45445e-11
4.69357e-11
3.05167e-11
1.50014e-11
2.87934e-33
2.92008e-15
1.97268e-12
3.8489e-12
5.63554e-12
7.33678e-12
8.95664e-12
1.04989e-11
1.19674e-11
1.33654e-11
1.46964e-11
1.59635e-11
1.71699e-11
1.83184e-11
1.94117e-11
2.04526e-11
2.14435e-11
2.23869e-11
2.32849e-11
2.41399e-11
2.49539e-11
2.57287e-11
2.64665e-11
2.71688e-11
2.78374e-11
2.8474e-11
2.90801e-11
2.96571e-11
3.02064e-11
3.07295e-11
3.12274e-11
3.17016e-11
3.2153e-11
3.71155e-11
4.25537e-11
4.85072e-11
5.50168e-11
6.21238e-11
6.98687e-11
7.82895e-11
8.74197e-11
9.72855e-11
1.07901e-10
1.19266e-10
1.31356e-10
1.44117e-10
1.57459e-10
1.71243e-10
1.85273e-10
1.9929e-10
2.1296e-10
2.2588e-10
2.37579e-10
2.47537e-10
2.55214e-10
2.6009e-10
2.61718e-10
2.59777e-10
2.5412e-10
2.44809e-10
2.3212e-10
2.16522e-10
1.98628e-10
1.79133e-10
1.58733e-10
1.38072e-10
1.17688e-10
9.79865e-11
7.92329e-11
6.15546e-11
4.49543e-11
2.93219e-11
1.44435e-11
3.05108e-33
2.19771e-15
1.48491e-12
2.89724e-12
4.24217e-12
5.52285e-12
6.7423e-12
7.90343e-12
9.00899e-12
1.00616e-11
1.10638e-11
1.2018e-11
1.29265e-11
1.37914e-11
1.46149e-11
1.53989e-11
1.61453e-11
1.68559e-11
1.75325e-11
1.81766e-11
1.87899e-11
1.93738e-11
1.99297e-11
2.0459e-11
2.09629e-11
2.14427e-11
2.18995e-11
2.23344e-11
2.27485e-11
2.31428e-11
2.35182e-11
2.38757e-11
2.4216e-11
2.79587e-11
3.20626e-11
3.65589e-11
4.14801e-11
4.68596e-11
5.27309e-11
5.91269e-11
6.60784e-11
7.3612e-11
8.17482e-11
9.04975e-11
9.98571e-11
1.09805e-10
1.20295e-10
1.31249e-10
1.42549e-10
1.54031e-10
1.65474e-10
1.76602e-10
1.87077e-10
1.96508e-10
2.04464e-10
2.105e-10
2.14187e-10
2.15159e-10
2.13157e-10
2.08064e-10
1.99937e-10
1.89007e-10
1.75664e-10
1.60411e-10
1.43816e-10
1.26448e-10
1.08828e-10
9.1385e-11
7.44383e-11
5.81848e-11
4.27021e-11
2.79551e-11
1.38026e-11
3.20928e-33
1.65013e-15
1.11508e-12
2.17567e-12
3.18566e-12
4.14743e-12
5.06325e-12
5.93529e-12
6.76564e-12
7.55626e-12
8.30905e-12
9.02581e-12
9.70826e-12
1.0358e-11
1.09767e-11
1.15657e-11
1.21266e-11
1.26606e-11
1.3169e-11
1.3653e-11
1.41139e-11
1.45528e-11
1.49706e-11
1.53684e-11
1.57472e-11
1.61079e-11
1.64513e-11
1.67783e-11
1.70896e-11
1.7386e-11
1.76683e-11
1.79371e-11
1.8193e-11
2.1008e-11
2.40963e-11
2.74821e-11
3.11908e-11
3.52492e-11
3.96842e-11
4.45233e-11
4.97931e-11
5.55182e-11
6.17198e-11
6.84139e-11
7.56079e-11
8.3298e-11
9.14645e-11
1.00067e-10
1.09038e-10
1.18278e-10
1.27649e-10
1.36965e-10
1.45995e-10
1.54457e-10
1.62026e-10
1.68345e-10
1.73045e-10
1.75773e-10
1.76231e-10
1.74204e-10
1.69602e-10
1.62474e-10
1.53011e-10
1.41535e-10
1.2846e-10
1.14248e-10
9.93623e-11
8.42198e-11
6.91617e-11
5.44324e-11
4.01701e-11
2.64073e-11
1.30734e-11
3.34616e-33
1.2355e-15
8.34988e-13
1.62918e-12
2.38549e-12
3.1057e-12
3.79153e-12
4.4446e-12
5.06646e-12
5.65859e-12
6.22241e-12
6.75926e-12
7.27044e-12
7.75717e-12
8.22061e-12
8.66189e-12
9.08205e-12
9.48211e-12
9.86303e-12
1.02257e-11
1.05711e-11
1.08999e-11
1.1213e-11
1.15111e-11
1.1795e-11
1.20653e-11
1.23227e-11
1.25678e-11
1.28011e-11
1.30233e-11
1.32349e-11
1.34364e-11
1.36283e-11
1.57389e-11
1.80555e-11
2.05966e-11
2.33821e-11
2.64326e-11
2.97699e-11
3.34161e-11
3.73932e-11
4.17227e-11
4.64244e-11
5.15151e-11
5.70069e-11
6.2905e-11
6.92049e-11
7.58888e-11
8.29215e-11
9.02457e-11
9.77767e-11
1.05397e-10
1.12953e-10
1.20249e-10
1.27051e-10
1.33087e-10
1.38063e-10
1.41671e-10
1.43622e-10
1.43669e-10
1.41638e-10
1.37454e-10
1.31159e-10
1.22912e-10
1.12977e-10
1.01692e-10
8.94325e-11
7.65717e-11
6.34427e-11
5.03113e-11
3.73592e-11
2.46747e-11
1.22528e-11
3.45267e-33
9.21867e-16
6.23084e-13
1.21573e-12
1.78011e-12
2.31757e-12
2.82938e-12
3.31675e-12
3.78084e-12
4.22277e-12
4.64357e-12
5.04427e-12
5.42582e-12
5.78912e-12
6.13506e-12
6.46447e-12
6.77812e-12
7.07678e-12
7.36117e-12
7.63196e-12
7.8898e-12
8.13532e-12
8.36911e-12
8.59173e-12
8.8037e-12
9.00555e-12
9.19775e-12
9.38077e-12
9.55505e-12
9.72101e-12
9.87903e-12
1.00295e-11
1.01728e-11
1.17495e-11
1.34807e-11
1.53806e-11
1.74642e-11
1.97478e-11
2.22482e-11
2.49831e-11
2.79702e-11
3.12274e-11
3.4772e-11
3.86196e-11
4.27834e-11
4.72727e-11
5.20906e-11
5.72324e-11
6.2682e-11
6.84088e-11
7.43638e-11
8.0475e-11
8.66435e-11
9.27395e-11
9.86001e-11
1.04029e-10
1.08801e-10
1.1267e-10
1.15383e-10
1.16699e-10
1.16414e-10
1.14385e-10
1.10552e-10
1.04948e-10
9.77049e-11
8.90372e-11
7.92203e-11
6.85581e-11
5.7349e-11
4.58561e-11
3.42833e-11
2.27612e-11
1.13409e-11
3.51876e-33
6.84866e-16
4.62931e-13
9.03248e-13
1.32257e-12
1.7219e-12
2.10218e-12
2.4643e-12
2.80914e-12
3.13752e-12
3.45021e-12
3.74797e-12
4.0315e-12
4.30149e-12
4.55858e-12
4.80339e-12
5.0365e-12
5.25847e-12
5.46984e-12
5.67112e-12
5.86277e-12
6.04527e-12
6.21906e-12
6.38454e-12
6.54212e-12
6.69218e-12
6.83507e-12
6.97113e-12
7.1007e-12
7.22408e-12
7.34158e-12
7.45346e-12
7.56001e-12
8.73252e-12
1.00203e-11
1.1434e-11
1.29852e-11
1.46863e-11
1.65502e-11
1.85907e-11
2.0822e-11
2.32584e-11
2.59142e-11
2.88031e-11
3.19376e-11
3.53278e-11
3.89805e-11
4.28975e-11
4.70738e-11
5.14949e-11
5.61342e-11
6.09496e-11
6.588e-11
7.08418e-11
7.57259e-11
8.03957e-11
8.46874e-11
8.8413e-11
9.13674e-11
9.33406e-11
9.41333e-11
9.35768e-11
9.15528e-11
8.80108e-11
8.29788e-11
7.65631e-11
6.89387e-11
6.03287e-11
5.09777e-11
4.11235e-11
3.09723e-11
2.06799e-11
1.03423e-11
3.53384e-33
5.05939e-16
3.42008e-13
6.67311e-13
9.77108e-13
1.27213e-12
1.55309e-12
1.82064e-12
2.07542e-12
2.31804e-12
2.54908e-12
2.7691e-12
2.9786e-12
3.1781e-12
3.36808e-12
3.54899e-12
3.72125e-12
3.88529e-12
4.0415e-12
4.19025e-12
4.33189e-12
4.46678e-12
4.59522e-12
4.71753e-12
4.834e-12
4.94492e-12
5.05053e-12
5.15111e-12
5.24689e-12
5.33809e-12
5.42495e-12
5.50766e-12
5.58642e-12
6.4533e-12
7.4056e-12
8.45139e-12
9.59933e-12
1.08588e-11
1.22396e-11
1.37524e-11
1.54081e-11
1.7218e-11
1.91937e-11
2.13466e-11
2.36874e-11
2.62258e-11
2.89696e-11
3.19235e-11
3.50883e-11
3.84587e-11
4.20218e-11
4.57541e-11
4.96196e-11
5.35664e-11
5.75236e-11
6.13994e-11
6.50792e-11
6.8426e-11
7.12829e-11
7.34791e-11
7.484e-11
7.52003e-11
7.44201e-11
7.24015e-11
6.91023e-11
6.4545e-11
5.88163e-11
5.20582e-11
4.44514e-11
3.61929e-11
2.74727e-11
1.84552e-11
9.26672e-12
3.4875e-33
3.70964e-16
2.50779e-13
4.8931e-13
7.16474e-13
9.32808e-13
1.13883e-12
1.33502e-12
1.52185e-12
1.69977e-12
1.8692e-12
2.03054e-12
2.18418e-12
2.33049e-12
2.46982e-12
2.6025e-12
2.72884e-12
2.84915e-12
2.96372e-12
3.07282e-12
3.17672e-12
3.27565e-12
3.36986e-12
3.45958e-12
3.54502e-12
3.62638e-12
3.70385e-12
3.77764e-12
3.8479e-12
3.9148e-12
3.97852e-12
4.0392e-12
4.09698e-12
4.73301e-12
5.43185e-12
6.19949e-12
7.04238e-12
7.96748e-12
8.98227e-12
1.00947e-11
1.13131e-11
1.26463e-11
1.41032e-11
1.56931e-11
1.74247e-11
1.93065e-11
2.13459e-11
2.35485e-11
2.59178e-11
2.84533e-11
3.11498e-11
3.39956e-11
3.69701e-11
4.00423e-11
4.31679e-11
4.62869e-11
4.93219e-11
5.21769e-11
5.4737e-11
5.68713e-11
5.84377e-11
5.9291e-11
5.92942e-11
5.83314e-11
5.6322e-11
5.32311e-11
4.90773e-11
4.39318e-11
3.79109e-11
3.11623e-11
2.38469e-11
1.61219e-11
8.12954e-12
3.37035e-33
2.69185e-16
1.81982e-13
3.55077e-13
5.19923e-13
6.76912e-13
8.26416e-13
9.68792e-13
1.10438e-12
1.23349e-12
1.35645e-12
1.47355e-12
1.58505e-12
1.69124e-12
1.79236e-12
1.88865e-12
1.98035e-12
2.06767e-12
2.15083e-12
2.23002e-12
2.30543e-12
2.37724e-12
2.44563e-12
2.51075e-12
2.57277e-12
2.63183e-12
2.68807e-12
2.74163e-12
2.79263e-12
2.84121e-12
2.88746e-12
2.93151e-12
2.97346e-12
3.43523e-12
3.94269e-12
4.50021e-12
5.11255e-12
5.78482e-12
6.52257e-12
7.33168e-12
8.21844e-12
9.18946e-12
1.02516e-11
1.1412e-11
1.26776e-11
1.40553e-11
1.55517e-11
1.7172e-11
1.89205e-11
2.07991e-11
2.28067e-11
2.49381e-11
2.71824e-11
2.95219e-11
3.19297e-11
3.43678e-11
3.67857e-11
3.9118e-11
4.12841e-11
4.31882e-11
4.47212e-11
4.57651e-11
4.61996e-11
4.59119e-11
4.48068e-11
4.28186e-11
3.99201e-11
3.61278e-11
3.15022e-11
2.61413e-11
2.01693e-11
1.37247e-11
6.95099e-12
3.17489e-33
1.92388e-16
1.30068e-13
2.53785e-13
3.71607e-13
4.83813e-13
5.90671e-13
6.92435e-13
7.89346e-13
8.81635e-13
9.69523e-13
1.05322e-12
1.13292e-12
1.20883e-12
1.28111e-12
1.34994e-12
1.41549e-12
1.47791e-12
1.53736e-12
1.59397e-12
1.64788e-12
1.69921e-12
1.7481e-12
1.79466e-12
1.839e-12
1.88122e-12
1.92143e-12
1.95972e-12
1.99618e-12
2.03091e-12
2.06398e-12
2.09547e-12
2.12547e-12
2.45564e-12
2.81853e-12
3.21728e-12
3.65533e-12
4.13638e-12
4.66444e-12
5.24382e-12
5.87912e-12
6.57519e-12
7.33718e-12
8.17037e-12
9.08018e-12
1.0072e-11
1.1151e-11
1.23219e-11
1.35886e-11
1.49539e-11
1.64187e-11
1.79812e-11
1.96363e-11
2.13741e-11
2.31791e-11
2.5028e-11
2.68885e-11
2.87178e-11
3.04612e-11
3.20514e-11
3.34087e-11
3.4443e-11
3.50569e-11
3.51523e-11
3.46372e-11
3.34353e-11
3.14951e-11
2.87976e-11
2.53606e-11
2.12386e-11
1.65187e-11
1.13132e-11
5.75461e-12
2.89592e-33
1.34255e-16
9.07684e-14
1.77104e-13
2.59327e-13
3.37631e-13
4.12203e-13
4.83221e-13
5.50853e-13
6.1526e-13
6.76595e-13
7.35006e-13
7.90632e-13
8.43604e-13
8.94051e-13
9.42091e-13
9.8784e-13
1.03141e-12
1.0729e-12
1.11241e-12
1.15003e-12
1.18587e-12
1.21999e-12
1.25249e-12
1.28343e-12
1.3129e-12
1.34097e-12
1.3677e-12
1.39315e-12
1.41739e-12
1.44047e-12
1.46246e-12
1.48339e-12
1.71388e-12
1.96722e-12
2.24565e-12
2.55155e-12
2.88756e-12
3.2565e-12
3.66142e-12
4.10559e-12
4.59249e-12
5.12581e-12
5.70939e-12
6.34721e-12
7.04329e-12
7.80157e-12
8.62581e-12
9.51934e-12
1.04848e-11
1.15237e-11
1.26362e-11
1.38201e-11
1.50703e-11
1.63781e-11
1.77297e-11
1.91052e-11
2.04775e-11
2.18107e-11
2.30595e-11
2.41684e-11
2.50723e-11
2.56977e-11
2.59665e-11
2.58002e-11
2.51265e-11
2.38871e-11
2.2045e-11
1.95909e-11
1.6547e-11
1.29671e-11
8.93525e-12
4.56397e-12
2.53005e-33
8.98322e-17
6.07359e-14
1.18506e-13
1.73524e-13
2.2592e-13
2.75819e-13
3.2334e-13
3.68596e-13
4.11694e-13
4.52737e-13
4.91824e-13
5.29046e-13
5.64494e-13
5.98252e-13
6.304e-13
6.61014e-13
6.90169e-13
7.17934e-13
7.44375e-13
7.69555e-13
7.93534e-13
8.1637e-13
8.38118e-13
8.58828e-13
8.78551e-13
8.97334e-13
9.15221e-13
9.32255e-13
9.48478e-13
9.63927e-13
9.7864e-13
9.92651e-13
1.14691e-12
1.31649e-12
1.50287e-12
1.70767e-12
1.93266e-12
2.17975e-12
2.45101e-12
2.74864e-12
3.07503e-12
3.4327e-12
3.8243e-12
4.25258e-12
4.72038e-12
5.23052e-12
5.78574e-12
6.38857e-12
7.04118e-12
7.74512e-12
8.50105e-12
9.30836e-12
1.01647e-11
1.10653e-11
1.20024e-11
1.29642e-11
1.39343e-11
1.48902e-11
1.58028e-11
1.66357e-11
1.73447e-11
1.78784e-11
1.81798e-11
1.81885e-11
1.78455e-11
1.7098e-11
1.59058e-11
1.4247e-11
1.21238e-11
9.56469e-12
6.62697e-12
3.39767e-12
2.07337e-33
5.50793e-17
3.72399e-14
7.26613e-14
1.06395e-13
1.38522e-13
1.69118e-13
1.98255e-13
2.26004e-13
2.5243e-13
2.77596e-13
3.01562e-13
3.24386e-13
3.46122e-13
3.66821e-13
3.86533e-13
4.05306e-13
4.23183e-13
4.40208e-13
4.56422e-13
4.71862e-13
4.86566e-13
5.00569e-13
5.13905e-13
5.26605e-13
5.38699e-13
5.50217e-13
5.61186e-13
5.71632e-13
5.8158e-13
5.91054e-13
6.00076e-13
6.08668e-13
7.0327e-13
8.07268e-13
9.21581e-13
1.0472e-12
1.18523e-12
1.33683e-12
1.50328e-12
1.68596e-12
1.88635e-12
2.10601e-12
2.34661e-12
2.60988e-12
2.89762e-12
3.21164e-12
3.55372e-12
3.92555e-12
4.32865e-12
4.7642e-12
5.23289e-12
5.73472e-12
6.26871e-12
6.83251e-12
7.422e-12
8.03078e-12
8.6495e-12
9.26532e-12
9.86113e-12
1.04151e-11
1.09e-11
1.12838e-11
1.15293e-11
1.15962e-11
1.14432e-11
1.1031e-11
1.03266e-11
9.30812e-12
7.96881e-12
6.32113e-12
4.39937e-12
2.26256e-12
1.51624e-33
2.63971e-17
1.78476e-14
3.48238e-14
5.09912e-14
6.63884e-14
8.10518e-14
9.50164e-14
1.08315e-13
1.20981e-13
1.33042e-13
1.44528e-13
1.55467e-13
1.65885e-13
1.75805e-13
1.85253e-13
1.9425e-13
2.02819e-13
2.10979e-13
2.18749e-13
2.2615e-13
2.33197e-13
2.39909e-13
2.46301e-13
2.52388e-13
2.58184e-13
2.63705e-13
2.68962e-13
2.73969e-13
2.78737e-13
2.83278e-13
2.87602e-13
2.91721e-13
3.37064e-13
3.86914e-13
4.4171e-13
5.01932e-13
5.68102e-13
6.40788e-13
7.20605e-13
8.08215e-13
9.04332e-13
1.00972e-12
1.12517e-12
1.25155e-12
1.38973e-12
1.5406e-12
1.70504e-12
1.88392e-12
2.07801e-12
2.28794e-12
2.51415e-12
2.75674e-12
3.01539e-12
3.28915e-12
3.57626e-12
3.87389e-12
4.17784e-12
4.48223e-12
4.77914e-12
5.05828e-12
5.30674e-12
5.50886e-12
5.64638e-12
5.69897e-12
5.64515e-12
5.46388e-12
5.13659e-12
4.64965e-12
3.99696e-12
3.18234e-12
2.22169e-12
1.14504e-12
8.33588e-34
7.80415e-42
1.0275e-40
3.37947e-40
6.7901e-40
1.09103e-39
1.54612e-39
2.02223e-39
2.50215e-39
2.97267e-39
3.42386e-39
3.84846e-39
4.24139e-39
4.59935e-39
4.92043e-39
5.20384e-39
5.44966e-39
5.65865e-39
5.83206e-39
5.97153e-39
6.07896e-39
6.1564e-39
6.20602e-39
6.23003e-39
6.23064e-39
6.21002e-39
6.17026e-39
6.1134e-39
6.04137e-39
5.95597e-39
5.85893e-39
5.75183e-39
3.80933e-38
9.02838e-38
1.30803e-37
1.87474e-37
2.66256e-37
3.75208e-37
5.252e-37
7.30871e-37
1.01189e-36
1.39464e-36
1.91443e-36
2.61845e-36
3.5696e-36
4.85157e-36
6.57537e-36
8.8879e-36
1.19829e-35
1.61148e-35
2.16165e-35
2.89207e-35
3.85867e-35
5.13311e-35
6.80633e-35
8.99224e-35
1.18313e-34
1.54931e-34
2.01767e-34
2.61072e-34
3.35245e-34
4.26621e-34
5.37084e-34
6.67474e-34
8.16694e-34
9.80496e-34
1.14992e-33
1.30947e-33
1.43509e-33
1.49238e-33
1.43536e-33
1.20655e-33
7.40062e-34
2.89625e-34
