-1.70961e-39
-2.25089e-38
-7.40322e-38
-1.48747e-37
-2.39005e-37
-3.38699e-37
-4.42997e-37
-5.48131e-37
-6.51205e-37
-7.50043e-37
-8.43056e-37
-9.29133e-37
-1.00755e-36
-1.07788e-36
-1.13997e-36
-1.19382e-36
-1.2396e-36
-1.27758e-36
-1.30814e-36
-1.33167e-36
-1.34863e-36
-1.3595e-36
-1.36476e-36
-1.36489e-36
-1.36037e-36
-1.35166e-36
-1.3392e-36
-1.32342e-36
-1.30472e-36
-1.28346e-36
-1.26e-36
-8.34469e-36
-1.97774e-35
-2.86532e-35
-4.10667e-35
-5.83232e-35
-8.21875e-35
-1.1504e-34
-1.60085e-34
-2.2163e-34
-3.05447e-34
-4.19267e-34
-5.7341e-34
-7.81637e-34
-1.06224e-33
-1.43948e-33
-1.94545e-33
-2.62242e-33
-3.52589e-33
-4.72837e-33
-6.32401e-33
-8.43431e-33
-1.12147e-32
-1.48618e-32
-1.96213e-32
-2.57951e-32
-3.37459e-32
-4.38971e-32
-5.67231e-32
-7.27241e-32
-9.23773e-32
-1.16053e-31
-1.43886e-31
-1.75587e-31
-2.10191e-31
-2.45739e-31
-2.78912e-31
-3.04646e-31
-3.15777e-31
-3.02806e-31
-2.53908e-31
-1.55478e-31
-2.94737e-32
2.84836e-17
1.92583e-14
3.75761e-14
5.50214e-14
7.16354e-14
8.74578e-14
1.02526e-13
1.16876e-13
1.30542e-13
1.43557e-13
1.55951e-13
1.67754e-13
1.78995e-13
1.897e-13
1.99894e-13
2.09602e-13
2.18848e-13
2.27652e-13
2.36037e-13
2.44022e-13
2.51627e-13
2.58869e-13
2.65765e-13
2.72333e-13
2.78588e-13
2.84545e-13
2.90217e-13
2.9562e-13
3.00765e-13
3.05664e-13
3.1033e-13
3.14774e-13
3.637e-13
4.17487e-13
4.7661e-13
5.41586e-13
6.12978e-13
6.91398e-13
7.77507e-13
8.72021e-13
9.75705e-13
1.08938e-12
1.21391e-12
1.3502e-12
1.4992e-12
1.66185e-12
1.83911e-12
2.03188e-12
2.24097e-12
2.46705e-12
2.71055e-12
2.97154e-12
3.24961e-12
3.54367e-12
3.85174e-12
4.17067e-12
4.49581e-12
4.82071e-12
5.13669e-12
5.43254e-12
5.69429e-12
5.90505e-12
6.0453e-12
6.09342e-12
6.02687e-12
5.82382e-12
5.46544e-12
4.93841e-12
4.23757e-12
3.36826e-12
2.34812e-12
1.20898e-12
-1.66261e-31
5.95522e-17
4.02639e-14
7.85618e-14
1.15035e-13
1.49771e-13
1.82851e-13
2.14354e-13
2.44356e-13
2.72928e-13
3.00137e-13
3.2605e-13
3.50727e-13
3.74227e-13
3.96607e-13
4.1792e-13
4.38216e-13
4.57545e-13
4.75952e-13
4.93482e-13
5.10176e-13
5.26074e-13
5.41214e-13
5.55632e-13
5.69362e-13
5.82439e-13
5.94891e-13
6.0675e-13
6.18044e-13
6.288e-13
6.39043e-13
6.48797e-13
6.58087e-13
7.60365e-13
8.72803e-13
9.96388e-13
1.1322e-12
1.28141e-12
1.44529e-12
1.62523e-12
1.82269e-12
2.03927e-12
2.27667e-12
2.53667e-12
2.82113e-12
3.13197e-12
3.47114e-12
3.84053e-12
4.24194e-12
4.67693e-12
5.14672e-12
5.65199e-12
6.19262e-12
6.7674e-12
7.37364e-12
8.00669e-12
8.65937e-12
9.32135e-12
9.97842e-12
1.06119e-11
1.11978e-11
1.17069e-11
1.21043e-11
1.23506e-11
1.24031e-11
1.22185e-11
1.17566e-11
1.09843e-11
9.88107e-12
8.44261e-12
6.68466e-12
4.64517e-12
2.38637e-12
-3.02344e-31
9.74298e-17
6.58724e-14
1.28528e-13
1.88199e-13
2.45026e-13
2.99145e-13
3.50684e-13
3.99767e-13
4.46509e-13
4.91023e-13
5.33415e-13
5.73785e-13
6.1223e-13
6.48842e-13
6.83708e-13
7.16911e-13
7.48531e-13
7.78643e-13
8.07319e-13
8.34628e-13
8.60634e-13
8.85401e-13
9.08986e-13
9.31447e-13
9.52837e-13
9.73207e-13
9.92607e-13
1.01108e-12
1.02867e-12
1.04543e-12
1.06139e-12
1.07658e-12
1.24388e-12
1.42778e-12
1.6299e-12
1.852e-12
2.09597e-12
2.3639e-12
2.65801e-12
2.9807e-12
3.33454e-12
3.72224e-12
4.14666e-12
4.61077e-12
5.11759e-12
5.67013e-12
6.27132e-12
6.92381e-12
7.62985e-12
8.39097e-12
9.20773e-12
1.00792e-11
1.10026e-11
1.19725e-11
1.29799e-11
1.40118e-11
1.50497e-11
1.60687e-11
1.7037e-11
1.79147e-11
1.86539e-11
1.91993e-11
1.94902e-11
1.94632e-11
1.90572e-11
1.82192e-11
1.69101e-11
1.51117e-11
1.28308e-11
1.01017e-11
6.98701e-12
3.57798e-12
-4.13272e-31
1.46213e-16
9.88523e-14
1.92877e-13
2.82422e-13
3.677e-13
4.48914e-13
5.26255e-13
5.9991e-13
6.70052e-13
7.3685e-13
8.00462e-13
8.6104e-13
9.18729e-13
9.73667e-13
1.02598e-12
1.07581e-12
1.12325e-12
1.16844e-12
1.21146e-12
1.25244e-12
1.29146e-12
1.32862e-12
1.36401e-12
1.39771e-12
1.4298e-12
1.46037e-12
1.48947e-12
1.51719e-12
1.54359e-12
1.56873e-12
1.59267e-12
1.61547e-12
1.86646e-12
2.14234e-12
2.44552e-12
2.77861e-12
3.14446e-12
3.54614e-12
3.98696e-12
4.47046e-12
5.00041e-12
5.5808e-12
6.21577e-12
6.9096e-12
7.66658e-12
8.49095e-12
9.38664e-12
1.03571e-11
1.14051e-11
1.25319e-11
1.37374e-11
1.50187e-11
1.63699e-11
1.77807e-11
1.92355e-11
2.07119e-11
2.21793e-11
2.35981e-11
2.49182e-11
2.60789e-11
2.70096e-11
2.7632e-11
2.78631e-11
2.76215e-11
2.68341e-11
2.54443e-11
2.34195e-11
2.07571e-11
1.74873e-11
1.36724e-11
9.40337e-12
4.79677e-12
-5.04025e-31
2.10604e-16
1.42382e-13
2.77812e-13
4.06788e-13
5.29617e-13
6.46591e-13
7.57987e-13
8.64072e-13
9.65097e-13
1.0613e-12
1.15292e-12
1.24017e-12
1.32326e-12
1.40238e-12
1.47773e-12
1.54948e-12
1.61781e-12
1.68288e-12
1.74484e-12
1.80385e-12
1.86005e-12
1.91356e-12
1.96452e-12
2.01306e-12
2.05927e-12
2.10328e-12
2.1452e-12
2.18511e-12
2.22312e-12
2.25932e-12
2.29379e-12
2.32662e-12
2.68801e-12
3.0852e-12
3.52163e-12
4.00103e-12
4.52746e-12
5.10529e-12
5.73921e-12
6.43421e-12
7.19558e-12
8.02888e-12
8.93982e-12
9.93423e-12
1.10179e-11
1.21962e-11
1.34742e-11
1.48559e-11
1.63437e-11
1.79383e-11
1.96372e-11
2.14338e-11
2.33167e-11
2.52674e-11
2.72594e-11
2.92561e-11
3.12094e-11
3.30581e-11
3.47281e-11
3.61323e-11
3.71734e-11
3.77481e-11
3.77538e-11
3.70973e-11
3.57044e-11
3.35295e-11
3.05626e-11
2.6833e-11
2.24073e-11
1.73832e-11
1.18805e-11
6.03456e-12
-5.76517e-31
2.96497e-16
2.00444e-13
3.91099e-13
5.72668e-13
7.45582e-13
9.10252e-13
1.06707e-12
1.21641e-12
1.35862e-12
1.49405e-12
1.62302e-12
1.74583e-12
1.86279e-12
1.97416e-12
2.08022e-12
2.18121e-12
2.27739e-12
2.36898e-12
2.4562e-12
2.53925e-12
2.61834e-12
2.69366e-12
2.76539e-12
2.83369e-12
2.89873e-12
2.96067e-12
3.01966e-12
3.07583e-12
3.12933e-12
3.18027e-12
3.22878e-12
3.27498e-12
3.78352e-12
4.34236e-12
4.95629e-12
5.63052e-12
6.3707e-12
7.18285e-12
8.07344e-12
9.04933e-12
1.01177e-11
1.12861e-11
1.2562e-11
1.39531e-11
1.54667e-11
1.71095e-11
1.88872e-11
2.08036e-11
2.28603e-11
2.50551e-11
2.73812e-11
2.98253e-11
3.23662e-11
3.49725e-11
3.76005e-11
4.01923e-11
4.26744e-11
4.49568e-11
4.69336e-11
4.84863e-11
4.94885e-11
4.98144e-11
4.93491e-11
4.80003e-11
4.571e-11
4.24636e-11
3.82932e-11
3.32761e-11
2.75256e-11
2.11782e-11
1.4379e-11
7.27127e-12
-6.31534e-31
4.11575e-16
2.78229e-13
5.42869e-13
7.94896e-13
1.03491e-12
1.26347e-12
1.48114e-12
1.68842e-12
1.8858e-12
2.07377e-12
2.25277e-12
2.42322e-12
2.58554e-12
2.74011e-12
2.8873e-12
3.02746e-12
3.16093e-12
3.28803e-12
3.40906e-12
3.52432e-12
3.63407e-12
3.73858e-12
3.83811e-12
3.93289e-12
4.02314e-12
4.10909e-12
4.19093e-12
4.26887e-12
4.34309e-12
4.41377e-12
4.48108e-12
4.54518e-12
5.25069e-12
6.02583e-12
6.8772e-12
7.81194e-12
8.83773e-12
9.96278e-12
1.11958e-11
1.25461e-11
1.4023e-11
1.56365e-11
1.73964e-11
1.93121e-11
2.13926e-11
2.36454e-11
2.6076e-11
2.86872e-11
3.14773e-11
3.44388e-11
3.75568e-11
4.08064e-11
4.41503e-11
4.75365e-11
5.08957e-11
5.41392e-11
5.71582e-11
5.98249e-11
6.19954e-11
6.35165e-11
6.42354e-11
6.40123e-11
6.27354e-11
6.03343e-11
5.67912e-11
5.21458e-11
4.64923e-11
3.99689e-11
3.27407e-11
2.49802e-11
1.6848e-11
8.48217e-12
-6.69778e-31
5.66057e-16
3.82639e-13
7.46587e-13
1.09319e-12
1.42326e-12
1.73759e-12
2.03691e-12
2.32196e-12
2.59339e-12
2.85187e-12
3.09801e-12
3.33239e-12
3.55558e-12
3.76811e-12
3.97049e-12
4.1632e-12
4.34671e-12
4.52145e-12
4.68785e-12
4.84631e-12
4.99719e-12
5.14087e-12
5.27769e-12
5.40798e-12
5.53205e-12
5.65019e-12
5.7627e-12
5.86983e-12
5.97185e-12
6.069e-12
6.16152e-12
6.24962e-12
7.21923e-12
8.2843e-12
9.45379e-12
1.07374e-11
1.21453e-11
1.36887e-11
1.53791e-11
1.72286e-11
1.92496e-11
2.14546e-11
2.38559e-11
2.64648e-11
2.92913e-11
3.2343e-11
3.56239e-11
3.91329e-11
4.28621e-11
4.6794e-11
5.08994e-11
5.51342e-11
5.9436e-11
6.37214e-11
6.78837e-11
7.17913e-11
7.52895e-11
7.82041e-11
8.03496e-11
8.1541e-11
8.16095e-11
8.04202e-11
7.78896e-11
7.39981e-11
6.87968e-11
6.24037e-11
5.49909e-11
4.67637e-11
3.79359e-11
2.87059e-11
1.92361e-11
9.64307e-12
-6.92323e-31
7.73648e-16
5.22927e-13
1.02031e-12
1.49398e-12
1.94505e-12
2.3746e-12
2.78365e-12
3.17317e-12
3.54408e-12
3.89728e-12
4.2336e-12
4.55385e-12
4.85881e-12
5.14918e-12
5.42569e-12
5.68898e-12
5.93968e-12
6.17841e-12
6.40573e-12
6.62219e-12
6.8283e-12
7.02457e-12
7.21146e-12
7.38943e-12
7.55889e-12
7.72026e-12
7.87392e-12
8.02024e-12
8.15958e-12
8.29226e-12
8.41861e-12
8.53893e-12
9.86293e-12
1.13169e-11
1.29128e-11
1.46637e-11
1.65833e-11
1.8686e-11
2.09871e-11
2.35022e-11
2.62471e-11
2.92371e-11
3.24869e-11
3.60094e-11
3.98144e-11
4.39078e-11
4.82891e-11
5.29494e-11
5.78688e-11
6.30124e-11
6.83277e-11
7.37396e-11
7.91476e-11
8.44226e-11
8.94054e-11
9.39084e-11
9.77204e-11
1.00617e-10
1.02373e-10
1.02785e-10
1.01692e-10
9.89941e-11
9.46713e-11
8.87901e-11
8.14995e-11
7.3015e-11
6.35934e-11
5.35036e-11
4.2996e-11
3.22785e-11
2.14981e-11
1.07337e-11
-7.00709e-31
1.05283e-15
7.1157e-13
1.38837e-12
2.0329e-12
2.64668e-12
3.23116e-12
3.78772e-12
4.3177e-12
4.82235e-12
5.30288e-12
5.76044e-12
6.19612e-12
6.61097e-12
7.00598e-12
7.38211e-12
7.74024e-12
8.08126e-12
8.40596e-12
8.71514e-12
9.00953e-12
9.28985e-12
9.55676e-12
9.81092e-12
1.00529e-11
1.02834e-11
1.05028e-11
1.07117e-11
1.09107e-11
1.11001e-11
1.12805e-11
1.14523e-11
1.16159e-11
1.34157e-11
1.53915e-11
1.75593e-11
1.99363e-11
2.25406e-11
2.5391e-11
2.85072e-11
3.19088e-11
3.56153e-11
3.96451e-11
4.40146e-11
4.87366e-11
5.3819e-11
5.92622e-11
6.50563e-11
7.11777e-11
7.75853e-11
8.42155e-11
9.09782e-11
9.77516e-11
1.04379e-10
1.10667e-10
1.16389e-10
1.21286e-10
1.25087e-10
1.27519e-10
1.28336e-10
1.27342e-10
1.24422e-10
1.19554e-10
1.12825e-10
1.04424e-10
9.46185e-11
8.37317e-11
7.20999e-11
6.00401e-11
4.78198e-11
3.56351e-11
2.35993e-11
1.17392e-11
-3.83014e-31
1.07857e-15
7.28966e-13
1.42232e-12
2.0826e-12
2.71138e-12
3.31014e-12
3.88031e-12
4.42324e-12
4.94022e-12
5.43249e-12
5.90123e-12
6.34755e-12
6.77253e-12
7.17719e-12
7.5625e-12
7.92938e-12
8.27872e-12
8.61135e-12
8.92807e-12
9.22965e-12
9.5168e-12
9.79023e-12
1.00506e-11
1.02985e-11
1.05346e-11
1.07593e-11
1.09734e-11
1.11772e-11
1.13712e-11
1.1556e-11
1.1732e-11
1.18996e-11
1.37432e-11
1.5767e-11
1.79875e-11
2.04221e-11
2.30894e-11
2.60086e-11
2.91996e-11
3.26825e-11
3.6477e-11
4.06019e-11
4.50734e-11
4.99046e-11
5.51028e-11
6.06677e-11
6.65886e-11
7.28402e-11
7.93792e-11
8.61393e-11
9.30263e-11
9.99141e-11
1.06641e-10
1.13007e-10
1.18779e-10
1.23694e-10
1.27474e-10
1.29844e-10
1.30557e-10
1.2942e-10
1.26323e-10
1.21253e-10
1.14306e-10
1.05683e-10
9.56626e-11
8.45744e-11
7.27614e-11
6.05434e-11
4.81879e-11
3.58893e-11
2.37575e-11
1.18146e-11
-5.75129e-32
1.4281e-15
9.65104e-13
1.88305e-12
2.7572e-12
3.58963e-12
4.3823e-12
5.1371e-12
5.85581e-12
6.54016e-12
7.19177e-12
7.81221e-12
8.40296e-12
8.96544e-12
9.501e-12
1.00109e-11
1.04965e-11
1.09587e-11
1.13989e-11
1.1818e-11
1.2217e-11
1.2597e-11
1.29587e-11
1.33032e-11
1.36312e-11
1.39435e-11
1.42408e-11
1.4524e-11
1.47935e-11
1.50503e-11
1.52947e-11
1.55274e-11
1.57491e-11
1.81871e-11
2.08624e-11
2.37962e-11
2.70111e-11
3.05305e-11
3.43787e-11
3.85803e-11
4.31597e-11
4.814e-11
5.35418e-11
5.93818e-11
6.56703e-11
7.24087e-11
7.95859e-11
8.71743e-11
9.51244e-11
1.0336e-10
1.11772e-10
1.20212e-10
1.2849e-10
1.36371e-10
1.43576e-10
1.49795e-10
1.54693e-10
1.57939e-10
1.59236e-10
1.58347e-10
1.55133e-10
1.49575e-10
1.41784e-10
1.31998e-10
1.20552e-10
1.07848e-10
9.43063e-11
8.0326e-11
6.62471e-11
5.23278e-11
3.87305e-11
2.55172e-11
1.26507e-11
-6.23951e-32
1.93344e-15
1.30644e-12
2.54902e-12
3.73231e-12
4.85909e-12
5.93202e-12
6.95365e-12
7.9264e-12
8.85259e-12
9.73444e-12
1.05741e-11
1.13735e-11
1.21346e-11
1.28592e-11
1.35492e-11
1.4206e-11
1.48314e-11
1.54269e-11
1.59938e-11
1.65336e-11
1.70475e-11
1.75368e-11
1.80026e-11
1.84462e-11
1.88685e-11
1.92706e-11
1.96534e-11
2.0018e-11
2.03651e-11
2.06955e-11
2.10102e-11
2.13098e-11
2.46051e-11
2.82192e-11
3.21801e-11
3.6517e-11
4.12599e-11
4.64396e-11
5.20862e-11
5.82289e-11
6.48934e-11
7.2101e-11
7.98652e-11
8.81886e-11
9.70587e-11
1.06443e-10
1.16281e-10
1.26481e-10
1.36911e-10
1.47391e-10
1.57688e-10
1.67516e-10
1.76535e-10
1.84363e-10
1.90595e-10
1.94826e-10
1.96694e-10
1.95912e-10
1.92315e-10
1.85884e-10
1.76763e-10
1.65248e-10
1.5176e-10
1.36796e-10
1.20881e-10
1.04511e-10
8.81162e-11
7.20272e-11
5.64653e-11
4.15375e-11
2.72404e-11
1.34648e-11
-6.29934e-32
2.61487e-15
1.7666e-12
3.44684e-12
5.04686e-12
6.57043e-12
8.02112e-12
9.40239e-12
1.07175e-11
1.19696e-11
1.31617e-11
1.42967e-11
1.53772e-11
1.64059e-11
1.73853e-11
1.83176e-11
1.92053e-11
2.00503e-11
2.08548e-11
2.16208e-11
2.235e-11
2.30442e-11
2.37051e-11
2.43344e-11
2.49334e-11
2.55038e-11
2.60468e-11
2.65638e-11
2.70561e-11
2.75248e-11
2.7971e-11
2.83958e-11
2.88004e-11
3.32479e-11
3.81228e-11
4.34614e-11
4.9301e-11
5.56795e-11
6.26348e-11
7.02029e-11
7.84163e-11
8.73018e-11
9.68769e-11
1.07146e-10
1.18094e-10
1.29682e-10
1.41839e-10
1.54452e-10
1.6736e-10
1.80343e-10
1.93118e-10
2.05333e-10
2.16573e-10
2.26371e-10
2.34229e-10
2.39655e-10
2.42205e-10
2.41532e-10
2.37439e-10
2.29908e-10
2.19122e-10
2.05453e-10
1.89422e-10
1.71649e-10
1.52783e-10
1.33441e-10
1.14158e-10
9.53532e-11
7.73153e-11
6.02015e-11
4.40455e-11
2.87676e-11
1.41825e-11
-3.66118e-32
2.76284e-15
1.86651e-12
3.64177e-12
5.33227e-12
6.94197e-12
8.47468e-12
9.93402e-12
1.13235e-11
1.26463e-11
1.39058e-11
1.51048e-11
1.62463e-11
1.73331e-11
1.83677e-11
1.93527e-11
2.02904e-11
2.11831e-11
2.2033e-11
2.28421e-11
2.36124e-11
2.43457e-11
2.50439e-11
2.57086e-11
2.63414e-11
2.69438e-11
2.75174e-11
2.80635e-11
2.85835e-11
2.90785e-11
2.95498e-11
2.99985e-11
3.04258e-11
3.5123e-11
4.02711e-11
4.59078e-11
5.20722e-11
5.8804e-11
6.61421e-11
7.41237e-11
8.27817e-11
9.21426e-11
1.02222e-10
1.13023e-10
1.24525e-10
1.36682e-10
1.49414e-10
1.62595e-10
1.76048e-10
1.89532e-10
2.02742e-10
2.15299e-10
2.26762e-10
2.36638e-10
2.44408e-10
2.49567e-10
2.51668e-10
2.50379e-10
2.45525e-10
2.37128e-10
2.25416e-10
2.10808e-10
1.93872e-10
1.75261e-10
1.55649e-10
1.35666e-10
1.15849e-10
9.66093e-11
7.82254e-11
6.08399e-11
4.44716e-11
2.90259e-11
1.43035e-11
-1.67457e-32
3.53235e-15
2.38599e-12
4.6553e-12
6.81622e-12
8.8738e-12
1.08329e-11
1.26981e-11
1.44739e-11
1.61645e-11
1.7774e-11
1.93062e-11
2.07648e-11
2.21533e-11
2.34752e-11
2.47335e-11
2.59314e-11
2.70717e-11
2.81572e-11
2.91906e-11
3.01743e-11
3.11108e-11
3.20023e-11
3.28511e-11
3.3659e-11
3.44282e-11
3.51605e-11
3.58576e-11
3.65213e-11
3.71532e-11
3.77548e-11
3.83275e-11
3.88728e-11
4.4866e-11
5.14303e-11
5.86121e-11
6.64586e-11
7.50166e-11
8.43312e-11
9.44432e-11
1.05386e-10
1.17183e-10
1.2984e-10
1.4334e-10
1.57637e-10
1.72644e-10
1.88226e-10
2.04185e-10
2.20253e-10
2.36082e-10
2.51241e-10
2.65221e-10
2.77449e-10
2.87313e-10
2.94208e-10
2.97592e-10
2.97043e-10
2.92321e-10
2.83412e-10
2.70549e-10
2.54197e-10
2.35006e-10
2.13743e-10
1.91212e-10
1.68177e-10
1.453e-10
1.23106e-10
1.01961e-10
8.20778e-11
6.35277e-11
4.62574e-11
3.01049e-11
1.48081e-11
-2.44522e-32
4.77107e-15
3.22195e-12
6.28628e-12
9.20415e-12
1.19824e-11
1.46274e-11
1.71456e-11
1.95429e-11
2.1825e-11
2.39973e-11
2.60652e-11
2.80337e-11
2.99073e-11
3.16908e-11
3.33885e-11
3.50044e-11
3.65425e-11
3.80066e-11
3.94003e-11
4.07268e-11
4.19895e-11
4.31915e-11
4.43357e-11
4.54248e-11
4.64616e-11
4.74486e-11
4.83881e-11
4.92825e-11
5.01339e-11
5.09445e-11
5.17161e-11
5.24507e-11
6.05211e-11
6.93525e-11
7.90035e-11
8.95324e-11
1.00995e-10
1.13443e-10
1.26919e-10
1.41451e-10
1.57049e-10
1.73694e-10
1.9133e-10
2.09852e-10
2.29096e-10
2.48819e-10
2.68693e-10
2.88292e-10
3.07086e-10
3.24449e-10
3.39674e-10
3.52011e-10
3.60716e-10
3.65122e-10
3.64713e-10
3.59199e-10
3.48571e-10
3.33123e-10
3.13437e-10
2.90321e-10
2.64728e-10
2.37651e-10
2.10035e-10
1.82697e-10
1.56287e-10
1.31263e-10
1.079e-10
8.63074e-11
6.64519e-11
4.81861e-11
3.12639e-11
1.53481e-11
-2.5525e-32
6.4472e-15
4.3526e-12
8.49217e-12
1.24337e-11
1.61864e-11
1.9759e-11
2.316e-11
2.63974e-11
2.94789e-11
3.2412e-11
3.52037e-11
3.78608e-11
4.03897e-11
4.27967e-11
4.50875e-11
4.72678e-11
4.93428e-11
5.13178e-11
5.31975e-11
5.49865e-11
5.66893e-11
5.83099e-11
5.98524e-11
6.13206e-11
6.27181e-11
6.40483e-11
6.53144e-11
6.65196e-11
6.76668e-11
6.87588e-11
6.97983e-11
7.07878e-11
8.16529e-11
9.35293e-11
1.06489e-10
1.20603e-10
1.35935e-10
1.52538e-10
1.70449e-10
1.89682e-10
2.10214e-10
2.31979e-10
2.5485e-10
2.78624e-10
3.03007e-10
3.27593e-10
3.51859e-10
3.75153e-10
3.96703e-10
4.15637e-10
4.3103e-10
4.41967e-10
4.47625e-10
4.47373e-10
4.40861e-10
4.28085e-10
4.0942e-10
3.85591e-10
3.57605e-10
3.26642e-10
2.93933e-10
2.60641e-10
2.27776e-10
1.96137e-10
1.66292e-10
1.38586e-10
1.13166e-10
9.00178e-11
6.89947e-11
4.98515e-11
3.22594e-11
1.58103e-11
-2.391e-32
8.71798e-15
5.88356e-12
1.1479e-11
1.68065e-11
2.18784e-11
2.67065e-11
3.13022e-11
3.56763e-11
3.98394e-11
4.38015e-11
4.75721e-11
5.11603e-11
5.45751e-11
5.78246e-11
6.09169e-11
6.38596e-11
6.66599e-11
6.93247e-11
7.18606e-11
7.42738e-11
7.65703e-11
7.87558e-11
8.08357e-11
8.28151e-11
8.4699e-11
8.64918e-11
8.81982e-11
8.98222e-11
9.13679e-11
9.28391e-11
9.42394e-11
9.55722e-11
1.10197e-10
1.26162e-10
1.43553e-10
1.62451e-10
1.82923e-10
2.05017e-10
2.2875e-10
2.54099e-10
2.80983e-10
3.09247e-10
3.38643e-10
3.6881e-10
3.99249e-10
4.29313e-10
4.582e-10
4.84953e-10
5.08496e-10
5.27686e-10
5.41391e-10
5.48598e-10
5.48533e-10
5.40769e-10
5.25315e-10
5.02643e-10
4.73663e-10
4.39631e-10
4.0201e-10
3.62322e-10
3.22004e-10
2.82297e-10
2.44185e-10
2.08364e-10
1.75263e-10
1.4507e-10
1.17779e-10
9.32381e-11
7.11851e-11
5.12775e-11
3.3108e-11
1.62033e-11
-2.22818e-32
1.17991e-14
7.9595e-12
1.55289e-11
2.27355e-11
2.95958e-11
3.61256e-11
4.23403e-11
4.82546e-11
5.38828e-11
5.92383e-11
6.43343e-11
6.9183e-11
7.37964e-11
7.81859e-11
8.23622e-11
8.63358e-11
9.01164e-11
9.37135e-11
9.71359e-11
1.00392e-10
1.03491e-10
1.06439e-10
1.09244e-10
1.11913e-10
1.14453e-10
1.1687e-10
1.1917e-10
1.21359e-10
1.23441e-10
1.25424e-10
1.2731e-10
1.29105e-10
1.48789e-10
1.70239e-10
1.93556e-10
2.18826e-10
2.46109e-10
2.75429e-10
3.0676e-10
3.40005e-10
3.74976e-10
4.11368e-10
4.48736e-10
4.86466e-10
5.23759e-10
5.59619e-10
5.92864e-10
6.2216e-10
6.46089e-10
6.63249e-10
6.7239e-10
6.72556e-10
6.6323e-10
6.44435e-10
6.16774e-10
5.81388e-10
5.39843e-10
4.93959e-10
4.45622e-10
3.96603e-10
3.48433e-10
3.02314e-10
2.59102e-10
2.19319e-10
1.83199e-10
1.50742e-10
1.21777e-10
9.60074e-11
7.30566e-11
5.24897e-11
3.38266e-11
1.65352e-11
-2.06754e-32
1.59872e-14
1.0779e-11
2.10293e-11
3.07875e-11
4.00758e-11
4.89155e-11
5.73275e-11
6.53317e-11
7.29471e-11
8.01924e-11
8.7085e-11
9.36419e-11
9.98793e-11
1.05813e-10
1.11457e-10
1.16826e-10
1.21933e-10
1.26791e-10
1.31412e-10
1.35808e-10
1.3999e-10
1.43968e-10
1.47753e-10
1.51353e-10
1.54779e-10
1.58037e-10
1.61138e-10
1.64088e-10
1.66895e-10
1.69566e-10
1.72108e-10
1.74526e-10
2.01014e-10
2.2982e-10
2.61052e-10
2.94787e-10
3.31059e-10
3.69839e-10
4.11011e-10
4.54344e-10
4.99467e-10
5.45828e-10
5.92671e-10
6.39005e-10
6.83594e-10
7.2497e-10
7.61475e-10
7.91346e-10
8.12843e-10
8.24415e-10
8.24881e-10
8.13613e-10
7.90656e-10
7.56776e-10
7.13412e-10
6.62523e-10
6.06376e-10
5.47308e-10
4.8751e-10
4.28864e-10
3.72846e-10
3.20499e-10
2.72457e-10
2.29001e-10
1.90135e-10
1.55653e-10
1.2521e-10
9.83697e-11
7.46443e-11
5.35136e-11
3.44317e-11
1.68141e-11
-1.91162e-32
2.16907e-14
1.46149e-11
2.85122e-11
4.17412e-11
5.43315e-11
6.6312e-11
7.77107e-11
8.85546e-11
9.88696e-11
1.08681e-10
1.18012e-10
1.26887e-10
1.35327e-10
1.43354e-10
1.50987e-10
1.58246e-10
1.6515e-10
1.71715e-10
1.77958e-10
1.83896e-10
1.89542e-10
1.94913e-10
2.00021e-10
2.04879e-10
2.095e-10
2.13895e-10
2.18076e-10
2.22054e-10
2.25837e-10
2.29436e-10
2.3286e-10
2.36118e-10
2.71756e-10
3.10413e-10
3.52191e-10
3.97136e-10
4.45216e-10
4.96291e-10
5.50083e-10
6.06134e-10
6.63764e-10
7.22034e-10
7.79716e-10
8.35271e-10
8.86872e-10
9.32452e-10
9.69812e-10
9.96784e-10
1.01144e-09
1.01231e-09
9.98636e-10
9.7049e-10
9.28853e-10
8.7554e-10
8.1301e-10
7.44094e-10
6.71696e-10
5.98529e-10
5.2691e-10
4.58646e-10
3.9501e-10
3.36765e-10
2.84248e-10
2.37455e-10
1.96133e-10
1.59865e-10
1.28135e-10
1.00371e-10
7.59832e-11
5.4374e-11
3.49388e-11
1.70474e-11
-1.76222e-32
2.94736e-14
1.98431e-11
3.87108e-11
5.66691e-11
7.37578e-11
9.00158e-11
1.05481e-10
1.20189e-10
1.34177e-10
1.47478e-10
1.60124e-10
1.72148e-10
1.83579e-10
1.94447e-10
2.04779e-10
2.14601e-10
2.23939e-10
2.32816e-10
2.41256e-10
2.49279e-10
2.56908e-10
2.64161e-10
2.71057e-10
2.77614e-10
2.8385e-10
2.89779e-10
2.95417e-10
3.00779e-10
3.05878e-10
3.10728e-10
3.15341e-10
3.19729e-10
3.67658e-10
4.19487e-10
4.75278e-10
5.34999e-10
5.98486e-10
6.65397e-10
7.3517e-10
8.06965e-10
8.79617e-10
9.51597e-10
1.02099e-09
1.0855e-09
1.14256e-09
1.18941e-09
1.22333e-09
1.24193e-09
1.24337e-09
1.22672e-09
1.19211e-09
1.14078e-09
1.07504e-09
9.97979e-10
9.13148e-10
8.24164e-10
7.3439e-10
6.46683e-10
5.63259e-10
4.85664e-10
4.14819e-10
3.51116e-10
2.94535e-10
2.44758e-10
2.01273e-10
1.6345e-10
1.30609e-10
1.02056e-10
7.71063e-11
5.50935e-11
3.53619e-11
1.72418e-11
-1.62049e-32
4.01171e-14
2.69825e-11
5.26365e-11
7.70508e-11
1.00278e-10
1.22372e-10
1.43382e-10
1.63358e-10
1.82349e-10
2.00402e-10
2.1756e-10
2.33867e-10
2.49364e-10
2.64092e-10
2.78088e-10
2.91388e-10
3.04027e-10
3.16038e-10
3.27452e-10
3.38299e-10
3.48609e-10
3.58407e-10
3.6772e-10
3.76572e-10
3.84986e-10
3.92984e-10
4.00587e-10
4.07816e-10
4.14688e-10
4.21222e-10
4.27435e-10
4.33343e-10
4.97762e-10
5.67154e-10
6.41489e-10
7.20573e-10
8.03992e-10
8.91052e-10
9.80716e-10
1.07154e-09
1.1616e-09
1.24852e-09
1.32942e-09
1.40107e-09
1.46001e-09
1.50283e-09
1.52651e-09
1.52878e-09
1.50847e-09
1.46578e-09
1.40233e-09
1.32103e-09
1.2258e-09
1.12109e-09
1.01143e-09
9.00984e-10
7.93294e-10
6.91076e-10
5.96207e-10
5.0979e-10
4.32278e-10
3.63622e-10
3.03413e-10
2.5101e-10
2.05642e-10
1.6648e-10
1.32691e-10
1.03468e-10
7.8044e-11
5.56927e-11
3.57136e-11
1.74033e-11
-1.48712e-32
5.47045e-14
3.675e-11
7.16873e-11
1.04931e-10
1.36551e-10
1.66619e-10
1.95203e-10
2.2237e-10
2.48187e-10
2.72718e-10
2.96023e-10
3.18161e-10
3.39191e-10
3.59166e-10
3.7814e-10
3.96161e-10
4.13279e-10
4.29537e-10
4.44981e-10
4.59651e-10
4.73587e-10
4.86825e-10
4.99402e-10
5.11351e-10
5.22704e-10
5.33492e-10
5.43742e-10
5.53484e-10
5.62742e-10
5.71541e-10
5.79905e-10
5.87855e-10
6.74345e-10
7.67076e-10
8.65818e-10
9.70072e-10
1.07899e-09
1.19127e-09
1.30513e-09
1.41818e-09
1.5274e-09
1.62921e-09
1.71951e-09
1.79395e-09
1.84823e-09
1.87854e-09
1.88203e-09
1.85725e-09
1.80449e-09
1.72584e-09
1.62503e-09
1.50701e-09
1.37741e-09
1.24189e-09
1.10567e-09
9.73116e-10
8.47558e-10
7.31281e-10
6.256e-10
5.31033e-10
4.47478e-10
3.74405e-10
3.11005e-10
2.56319e-10
2.0933e-10
1.69025e-10
1.34432e-10
1.04645e-10
7.88238e-11
5.61899e-11
3.6005e-11
1.75369e-11
-1.36243e-32
7.4743e-14
5.01385e-11
9.77982e-11
1.43138e-10
1.86252e-10
2.27235e-10
2.66179e-10
3.03177e-10
3.38319e-10
3.71691e-10
4.03379e-10
4.33465e-10
4.62026e-10
4.8914e-10
5.14878e-10
5.3931e-10
5.62503e-10
5.84519e-10
6.05419e-10
6.2526e-10
6.44097e-10
6.61981e-10
6.78963e-10
6.95088e-10
7.104e-10
7.24942e-10
7.38754e-10
7.51873e-10
7.64335e-10
7.76174e-10
7.87421e-10
7.98108e-10
9.14055e-10
1.03765e-09
1.16828e-09
1.30491e-09
1.44595e-09
1.58914e-09
1.73151e-09
1.86927e-09
1.99787e-09
2.11217e-09
2.20662e-09
2.27579e-09
2.31484e-09
2.32017e-09
2.28998e-09
2.22466e-09
2.12694e-09
2.00158e-09
1.85492e-09
1.69406e-09
1.52615e-09
1.35769e-09
1.19411e-09
1.03951e-09
8.96655e-10
7.67111e-10
6.51453e-10
5.49506e-10
4.60568e-10
3.83614e-10
3.17443e-10
2.60795e-10
2.12425e-10
1.71151e-10
1.35882e-10
1.05622e-10
7.94699e-11
5.66012e-11
3.62457e-11
1.76471e-11
-1.24645e-32
1.02333e-13
6.85241e-11
1.33651e-10
1.95592e-10
2.54473e-10
3.10418e-10
3.63556e-10
4.14009e-10
4.61902e-10
5.07355e-10
5.50484e-10
5.91404e-10
6.30224e-10
6.67049e-10
7.0198e-10
7.35114e-10
7.66544e-10
7.96358e-10
8.24639e-10
8.51469e-10
8.76923e-10
9.01073e-10
9.23988e-10
9.45732e-10
9.66368e-10
9.85953e-10
1.00454e-09
1.02219e-09
1.03894e-09
1.05485e-09
1.06995e-09
1.08429e-09
1.23938e-09
1.40352e-09
1.57542e-09
1.75313e-09
1.93383e-09
2.11378e-09
2.28822e-09
2.45139e-09
2.59674e-09
2.71724e-09
2.80593e-09
2.85665e-09
2.8648e-09
2.82812e-09
2.74717e-09
2.62547e-09
2.46918e-09
2.28639e-09
2.08616e-09
1.87753e-09
1.66865e-09
1.46627e-09
1.27544e-09
1.09952e-09
9.40358e-10
7.98586e-10
6.73907e-10
5.65394e-10
4.71733e-10
3.91414e-10
3.22865e-10
2.64546e-10
2.15007e-10
1.72919e-10
1.37084e-10
1.06431e-10
8.00034e-11
5.69403e-11
3.64439e-11
1.77379e-11
-1.13904e-32
1.40408e-13
9.38159e-11
1.82965e-10
2.67728e-10
3.48268e-10
4.24754e-10
4.97357e-10
5.66247e-10
6.31592e-10
6.93559e-10
7.52311e-10
8.08005e-10
8.60795e-10
9.10828e-10
9.58245e-10
1.00318e-09
1.04577e-09
1.08613e-09
1.12438e-09
1.16064e-09
1.19501e-09
1.22759e-09
1.25848e-09
1.28776e-09
1.31553e-09
1.34187e-09
1.36685e-09
1.39054e-09
1.41302e-09
1.43435e-09
1.45458e-09
1.47379e-09
1.68059e-09
1.89753e-09
2.12217e-09
2.35103e-09
2.57938e-09
2.80122e-09
3.00924e-09
3.19508e-09
3.34973e-09
3.46427e-09
3.53077e-09
3.54332e-09
3.49903e-09
3.39866e-09
3.24679e-09
3.05141e-09
2.82293e-09
2.57295e-09
2.31294e-09
2.05321e-09
1.80215e-09
1.56601e-09
1.34885e-09
1.15286e-09
9.78697e-10
8.25884e-10
6.9319e-10
5.78926e-10
4.81177e-10
3.97973e-10
3.27401e-10
2.67671e-10
2.17151e-10
1.74384e-10
1.38078e-10
1.07098e-10
8.04427e-11
5.72192e-11
3.66068e-11
1.78124e-11
-1.03989e-32
1.93067e-13
1.28662e-10
2.50898e-10
3.67077e-10
4.77412e-10
5.82127e-10
6.81451e-10
7.75619e-10
8.64862e-10
9.49411e-10
1.02949e-09
1.10533e-09
1.17713e-09
1.24511e-09
1.30947e-09
1.37039e-09
1.42807e-09
1.48267e-09
1.53436e-09
1.5833e-09
1.62964e-09
1.67353e-09
1.71509e-09
1.75446e-09
1.79175e-09
1.82708e-09
1.86057e-09
1.8923e-09
1.92237e-09
1.95088e-09
1.97791e-09
2.00355e-09
2.27814e-09
2.56308e-09
2.854e-09
3.14498e-09
3.42841e-09
3.69499e-09
3.93399e-09
4.13383e-09
4.28298e-09
4.37113e-09
4.3906e-09
4.33763e-09
4.21323e-09
4.02338e-09
3.77849e-09
3.49203e-09
3.17896e-09
2.85392e-09
2.52997e-09
2.21765e-09
1.92465e-09
1.65593e-09
1.41402e-09
1.19959e-09
1.01189e-09
8.49291e-10
7.09589e-10
5.90354e-10
4.89105e-10
4.03453e-10
3.31175e-10
2.70262e-10
2.18924e-10
1.75591e-10
1.38895e-10
1.07646e-10
8.08033e-11
5.74479e-11
3.67403e-11
1.78735e-11
-9.48638e-33
2.66045e-13
1.76733e-10
3.44595e-10
5.04067e-10
6.55424e-10
7.98962e-10
9.3499e-10
1.06383e-09
1.18579e-09
1.30121e-09
1.4104e-09
1.51366e-09
1.61131e-09
1.70364e-09
1.79093e-09
1.87346e-09
1.95148e-09
2.02524e-09
2.09498e-09
2.16092e-09
2.22328e-09
2.28225e-09
2.33804e-09
2.39081e-09
2.44075e-09
2.488e-09
2.53273e-09
2.57507e-09
2.61516e-09
2.65312e-09
2.68907e-09
2.72313e-09
3.08574e-09
3.45694e-09
3.82931e-09
4.19319e-09
4.5367e-09
4.84606e-09
5.10626e-09
5.30226e-09
5.42056e-09
5.45104e-09
5.38868e-09
5.23477e-09
4.99713e-09
4.68937e-09
4.3291e-09
3.93568e-09
3.52799e-09
3.12264e-09
2.73291e-09
2.36834e-09
2.03492e-09
1.73562e-09
1.47101e-09
1.23998e-09
1.04031e-09
8.6916e-10
7.23412e-10
5.9993e-10
4.95716e-10
4.08003e-10
3.34299e-10
2.72401e-10
2.20384e-10
1.76584e-10
1.39566e-10
1.08095e-10
8.10985e-11
5.7635e-11
3.68494e-11
1.79233e-11
-8.64836e-33
3.67346e-13
2.43099e-10
4.73923e-10
6.93093e-10
9.00956e-10
1.0979e-09
1.28433e-09
1.4607e-09
1.62745e-09
1.78502e-09
1.93387e-09
2.07443e-09
2.20714e-09
2.33242e-09
2.45067e-09
2.56228e-09
2.66763e-09
2.76706e-09
2.86093e-09
2.94954e-09
3.0332e-09
3.1122e-09
3.18681e-09
3.25729e-09
3.32388e-09
3.38681e-09
3.44628e-09
3.5025e-09
3.55566e-09
3.60594e-09
3.6535e-09
3.6985e-09
4.17386e-09
4.6524e-09
5.12189e-09
5.56713e-09
5.97031e-09
6.3119e-09
6.57212e-09
6.73307e-09
6.7812e-09
6.70965e-09
6.51992e-09
6.22225e-09
5.83453e-09
5.37994e-09
4.88379e-09
4.37056e-09
3.86158e-09
3.37364e-09
2.91861e-09
2.50375e-09
2.13247e-09
1.80516e-09
1.52016e-09
1.27448e-09
1.06438e-09
8.85874e-10
7.34972e-10
6.079e-10
5.01196e-10
4.11762e-10
3.36872e-10
2.74158e-10
2.21582e-10
1.77397e-10
1.40115e-10
1.08462e-10
8.13395e-11
5.77876e-11
3.69384e-11
1.7964e-11
-7.8802e-33
5.08116e-13
3.34737e-10
6.52451e-10
9.53931e-10
1.2396e-09
1.50997e-09
1.76558e-09
2.00704e-09
2.23497e-09
2.45e-09
2.65277e-09
2.8439e-09
3.02402e-09
3.19372e-09
3.35359e-09
3.50419e-09
3.64606e-09
3.7797e-09
3.9056e-09
4.02423e-09
4.13602e-09
4.24139e-09
4.34071e-09
4.43436e-09
4.52269e-09
4.606e-09
4.68461e-09
4.7588e-09
4.82884e-09
4.89497e-09
4.95743e-09
5.01645e-09
5.63388e-09
6.24256e-09
6.82305e-09
7.35229e-09
7.80469e-09
8.15403e-09
8.3763e-09
8.45299e-09
8.37442e-09
8.14209e-09
7.76933e-09
7.27983e-09
6.70429e-09
6.07617e-09
5.42752e-09
4.78593e-09
4.17279e-09
3.60294e-09
3.08517e-09
2.6233e-09
2.21741e-09
1.86501e-09
1.56205e-09
1.30363e-09
1.08458e-09
8.9982e-10
7.44571e-10
6.14491e-10
5.05713e-10
4.14852e-10
3.38983e-10
2.75597e-10
2.2256e-10
1.78061e-10
1.40563e-10
1.08761e-10
8.15356e-11
5.79117e-11
3.70107e-11
1.7997e-11
-7.17717e-33
7.03771e-13
4.61169e-10
8.98692e-10
1.31354e-09
1.70623e-09
2.07739e-09
2.42777e-09
2.75818e-09
3.06949e-09
3.36261e-09
3.63842e-09
3.89785e-09
4.14178e-09
4.37107e-09
4.58658e-09
4.78912e-09
4.97945e-09
5.15834e-09
5.32646e-09
5.48451e-09
5.63309e-09
5.77282e-09
5.90423e-09
6.02787e-09
6.14421e-09
6.25373e-09
6.35684e-09
6.45396e-09
6.54545e-09
6.63168e-09
6.71297e-09
6.78963e-09
7.58227e-09
8.34336e-09
9.04304e-09
9.64765e-09
1.01222e-08
1.0434e-08
1.05572e-08
1.04778e-08
1.01966e-08
9.73071e-09
9.11168e-09
8.38057e-09
7.58209e-09
6.75871e-09
5.94649e-09
5.17292e-09
4.4566e-09
3.80818e-09
3.23186e-09
2.72713e-09
2.29032e-09
1.91589e-09
1.59736e-09
1.32804e-09
1.10139e-09
9.11371e-10
7.5249e-10
6.19911e-10
5.09417e-10
4.1738e-10
3.40706e-10
2.7677e-10
2.23357e-10
1.786e-10
1.40926e-10
1.09003e-10
8.16948e-11
5.80123e-11
3.70693e-11
1.80238e-11
-5.13992e-33
8.3918e-13
5.48146e-10
1.06805e-09
1.56078e-09
2.0269e-09
2.46711e-09
2.88229e-09
3.27341e-09
3.64151e-09
3.98767e-09
4.31299e-09
4.61857e-09
4.9055e-09
5.17484e-09
5.42763e-09
5.66486e-09
5.88748e-09
6.0964e-09
6.29247e-09
6.47651e-09
6.6493e-09
6.81154e-09
6.96393e-09
7.1071e-09
7.24164e-09
7.36811e-09
7.48703e-09
7.5989e-09
7.70416e-09
7.80324e-09
7.89653e-09
7.9844e-09
8.88628e-09
9.73769e-09
1.05015e-08
1.11372e-08
1.16042e-08
1.18673e-08
1.19018e-08
1.16992e-08
1.12701e-08
1.06437e-08
9.86397e-09
8.98243e-09
8.05093e-09
7.11545e-09
6.21248e-09
5.36785e-09
4.59742e-09
3.90869e-09
3.3029e-09
2.77694e-09
2.32502e-09
1.93994e-09
1.61396e-09
1.33946e-09
1.10923e-09
9.16737e-10
7.5616e-10
6.22416e-10
5.11126e-10
4.18545e-10
3.41499e-10
2.77309e-10
2.23723e-10
1.78848e-10
1.41093e-10
1.09115e-10
8.17677e-11
5.80585e-11
3.70962e-11
1.80361e-11
-6.3768e-32
9.69693e-13
6.31718e-10
1.23075e-09
1.79827e-09
2.33484e-09
2.84127e-09
3.31853e-09
3.76774e-09
4.19011e-09
4.58691e-09
4.95942e-09
5.30894e-09
5.63674e-09
5.9441e-09
6.23221e-09
6.50227e-09
6.75537e-09
6.99261e-09
7.21499e-09
7.42346e-09
7.61895e-09
7.80228e-09
7.97428e-09
8.13567e-09
8.28716e-09
8.4294e-09
8.563e-09
8.68854e-09
8.80653e-09
8.91747e-09
9.02183e-09
9.12003e-09
1.01213e-08
1.10524e-08
1.18692e-08
1.25247e-08
1.29737e-08
1.31793e-08
1.31191e-08
1.27913e-08
1.22169e-08
1.14374e-08
1.05083e-08
9.49044e-09
8.44123e-09
7.40867e-09
6.42863e-09
5.52468e-09
4.70972e-09
3.98825e-09
3.35878e-09
2.81591e-09
2.35205e-09
1.9586e-09
1.62681e-09
1.34827e-09
1.11527e-09
9.20863e-10
7.58976e-10
6.24338e-10
5.12435e-10
4.19436e-10
3.42105e-10
2.77721e-10
2.24003e-10
1.79037e-10
1.41221e-10
1.092e-10
8.18234e-11
5.80937e-11
3.71167e-11
1.80454e-11
-1.88089e-31
1.28441e-12
8.32669e-10
1.62193e-09
2.36915e-09
3.07492e-09
3.74023e-09
4.36633e-09
4.95469e-09
5.50692e-09
6.02473e-09
6.50988e-09
6.96413e-09
7.38924e-09
7.78694e-09
8.1589e-09
8.50672e-09
8.83196e-09
9.13609e-09
9.42049e-09
9.68649e-09
9.93532e-09
1.01681e-08
1.0386e-08
1.059e-08
1.07811e-08
1.09601e-08
1.11278e-08
1.12851e-08
1.14326e-08
1.1571e-08
1.17009e-08
1.18229e-08
1.30507e-08
1.41573e-08
1.50817e-08
1.57619e-08
1.61427e-08
1.61849e-08
1.58747e-08
1.52296e-08
1.42981e-08
1.31524e-08
1.18761e-08
1.05499e-08
9.24144e-09
8.00048e-09
6.85878e-09
5.83294e-09
4.92812e-09
4.14158e-09
3.46564e-09
2.88996e-09
2.40313e-09
1.99372e-09
1.65088e-09
1.36474e-09
1.12651e-09
9.28536e-10
7.64206e-10
6.27899e-10
5.14859e-10
4.21085e-10
3.43226e-10
2.78483e-10
2.24519e-10
1.79387e-10
1.41455e-10
1.09356e-10
8.1926e-11
5.81585e-11
3.71545e-11
1.80627e-11
-2.40742e-31
1.61698e-12
1.04438e-09
2.034e-09
2.9704e-09
3.8542e-09
4.68655e-09
5.46898e-09
6.20335e-09
6.89168e-09
7.53617e-09
8.13906e-09
8.70263e-09
9.22917e-09
9.72088e-09
1.01799e-08
1.06084e-08
1.10084e-08
1.13816e-08
1.173e-08
1.20553e-08
1.23589e-08
1.26425e-08
1.29074e-08
1.3155e-08
1.33864e-08
1.36028e-08
1.38052e-08
1.39947e-08
1.4172e-08
1.43382e-08
1.44938e-08
1.46398e-08
1.60925e-08
1.73663e-08
1.83826e-08
1.9064e-08
1.9346e-08
1.91897e-08
1.85933e-08
1.75977e-08
1.62835e-08
1.47567e-08
1.31293e-08
1.15006e-08
9.94546e-09
8.51174e-09
7.22439e-09
6.09126e-09
5.10892e-09
4.2672e-09
3.55243e-09
2.94967e-09
2.44407e-09
2.02172e-09
1.66999e-09
1.37777e-09
1.13539e-09
9.34575e-10
7.68314e-10
6.30693e-10
5.16758e-10
4.22376e-10
3.44103e-10
2.79078e-10
2.24922e-10
1.79659e-10
1.41639e-10
1.09478e-10
8.2006e-11
5.82091e-11
3.71839e-11
1.80761e-11
-2.19022e-31
1.92114e-12
1.23768e-09
2.41023e-09
3.51929e-09
4.56553e-09
5.55022e-09
6.47516e-09
7.34254e-09
8.15479e-09
8.91452e-09
9.62445e-09
1.02873e-08
1.09059e-08
1.14829e-08
1.20209e-08
1.25224e-08
1.29899e-08
1.34256e-08
1.38318e-08
1.42104e-08
1.45634e-08
1.48927e-08
1.51999e-08
1.54865e-08
1.57541e-08
1.6004e-08
1.62374e-08
1.64556e-08
1.66596e-08
1.68505e-08
1.70291e-08
1.71964e-08
1.88473e-08
2.02649e-08
2.1354e-08
2.20236e-08
2.22014e-08
2.18499e-08
2.09797e-08
1.96555e-08
1.79882e-08
1.61157e-08
1.41758e-08
1.2283e-08
1.05166e-08
8.92111e-09
7.51374e-09
6.29362e-09
5.24933e-09
4.36404e-09
3.61892e-09
2.99517e-09
2.47513e-09
2.04288e-09
1.6844e-09
1.38757e-09
1.14205e-09
9.391e-10
7.71387e-10
6.3278e-10
5.18176e-10
4.23338e-10
3.44756e-10
2.79521e-10
2.25222e-10
1.79862e-10
1.41775e-10
1.09569e-10
8.20655e-11
5.82467e-11
3.72057e-11
1.80861e-11
-1.99223e-31
2.14958e-12
1.38284e-09
2.69273e-09
3.93145e-09
5.09964e-09
6.1987e-09
7.23063e-09
8.19785e-09
9.1031e-09
9.94932e-09
1.07396e-08
1.1477e-08
1.21646e-08
1.28055e-08
1.34027e-08
1.3959e-08
1.44771e-08
1.49596e-08
1.54091e-08
1.58277e-08
1.62177e-08
1.65812e-08
1.692e-08
1.72359e-08
1.75306e-08
1.78055e-08
1.80622e-08
1.83019e-08
1.85258e-08
1.87352e-08
1.89309e-08
1.91141e-08
2.09129e-08
2.2437e-08
2.35788e-08
2.4237e-08
2.43335e-08
2.38318e-08
2.27524e-08
2.11778e-08
1.9243e-08
1.71098e-08
1.49358e-08
1.28468e-08
1.09251e-08
9.21174e-09
7.71778e-09
6.43548e-09
5.34725e-09
4.43128e-09
3.66492e-09
3.02655e-09
2.4965e-09
2.05741e-09
1.69427e-09
1.39427e-09
1.1466e-09
9.42189e-10
7.73484e-10
6.34203e-10
5.19142e-10
4.23994e-10
3.45201e-10
2.79822e-10
2.25427e-10
1.8e-10
1.41868e-10
1.09631e-10
8.2106e-11
5.82722e-11
3.72206e-11
1.80929e-11
-1.81183e-31
2.27044e-12
1.4598e-09
2.84254e-09
4.15004e-09
5.38296e-09
6.54277e-09
7.63155e-09
8.65187e-09
9.60663e-09
1.04989e-08
1.1332e-08
1.21092e-08
1.28338e-08
1.35089e-08
1.41378e-08
1.47234e-08
1.52687e-08
1.57764e-08
1.62491e-08
1.66893e-08
1.70993e-08
1.74813e-08
1.78372e-08
1.81689e-08
1.84783e-08
1.87668e-08
1.90361e-08
1.92875e-08
1.95224e-08
1.97418e-08
1.99469e-08
2.01388e-08
2.20194e-08
2.3604e-08
2.47783e-08
2.54353e-08
2.54933e-08
2.49156e-08
2.37273e-08
2.20199e-08
1.99407e-08
1.76653e-08
1.5362e-08
1.31638e-08
1.1155e-08
9.37542e-09
7.83268e-09
6.51533e-09
5.40233e-09
4.46908e-09
3.69076e-09
3.04417e-09
2.50849e-09
2.06556e-09
1.69981e-09
1.39803e-09
1.14915e-09
9.43919e-10
7.74658e-10
6.35e-10
5.19682e-10
4.24361e-10
3.4545e-10
2.79991e-10
2.25541e-10
1.80077e-10
1.4192e-10
1.09666e-10
8.21287e-11
5.82866e-11
3.7229e-11
1.80967e-11
-1.64749e-31
2.27405e-12
1.46251e-09
2.84784e-09
4.15784e-09
5.39318e-09
6.55534e-09
7.64642e-09
8.66899e-09
9.62593e-09
1.05204e-08
1.13556e-08
1.21348e-08
1.28613e-08
1.35384e-08
1.41691e-08
1.47566e-08
1.53036e-08
1.5813e-08
1.62874e-08
1.67292e-08
1.71408e-08
1.75242e-08
1.78815e-08
1.82146e-08
1.85253e-08
1.88151e-08
1.90856e-08
1.93382e-08
1.95741e-08
1.97946e-08
2.00008e-08
2.01936e-08
2.20851e-08
2.36818e-08
2.48689e-08
2.55386e-08
2.56077e-08
2.50381e-08
2.3853e-08
2.21432e-08
2.00556e-08
1.77667e-08
1.5447e-08
1.32317e-08
1.12072e-08
9.41424e-09
7.86087e-09
6.53543e-09
5.41647e-09
4.47893e-09
3.69757e-09
3.04886e-09
2.51171e-09
2.06776e-09
1.70131e-09
1.39905e-09
1.14984e-09
9.44393e-10
7.7498e-10
6.35219e-10
5.19831e-10
4.24462e-10
3.45519e-10
2.80038e-10
2.25573e-10
1.80099e-10
1.41934e-10
1.09676e-10
8.21351e-11
5.82907e-11
3.72314e-11
1.80978e-11
-1.49783e-31
2.17049e-12
1.39731e-09
2.72099e-09
3.97287e-09
5.15366e-09
6.26477e-09
7.30824e-09
8.28651e-09
9.20234e-09
1.00587e-08
1.08587e-08
1.16053e-08
1.23019e-08
1.29513e-08
1.35565e-08
1.41206e-08
1.46461e-08
1.51357e-08
1.55918e-08
1.60169e-08
1.6413e-08
1.67823e-08
1.71267e-08
1.74479e-08
1.77475e-08
1.80273e-08
1.82885e-08
1.85325e-08
1.87606e-08
1.89738e-08
1.91733e-08
1.936e-08
2.11971e-08
2.27609e-08
2.39419e-08
2.4636e-08
2.47611e-08
2.4276e-08
2.31972e-08
2.16047e-08
1.96338e-08
1.74505e-08
1.52188e-08
1.30717e-08
1.10971e-08
9.33943e-09
7.81037e-09
6.50146e-09
5.39366e-09
4.46362e-09
3.68729e-09
3.04195e-09
2.50706e-09
2.06464e-09
1.6992e-09
1.39763e-09
1.14889e-09
9.43745e-10
7.74542e-10
6.34923e-10
5.19631e-10
4.24327e-10
3.45427e-10
2.79976e-10
2.25531e-10
1.8007e-10
1.41915e-10
1.09663e-10
8.2127e-11
5.82856e-11
3.72284e-11
1.80965e-11
-1.36159e-31
1.98231e-12
1.27839e-09
2.4896e-09
3.63541e-09
4.71653e-09
5.73431e-09
6.69062e-09
7.58771e-09
8.42808e-09
9.21443e-09
9.94953e-09
1.06362e-08
1.12773e-08
1.18755e-08
1.24335e-08
1.2954e-08
1.34393e-08
1.38919e-08
1.4314e-08
1.47076e-08
1.50749e-08
1.54175e-08
1.57373e-08
1.60358e-08
1.63147e-08
1.65752e-08
1.68186e-08
1.70463e-08
1.72592e-08
1.74585e-08
1.76451e-08
1.78198e-08
1.95492e-08
2.10425e-08
2.22002e-08
2.29256e-08
2.31396e-08
2.27976e-08
2.19049e-08
2.05242e-08
1.87698e-08
1.67881e-08
1.47293e-08
1.27204e-08
1.08503e-08
9.16853e-09
7.69315e-09
6.42156e-09
5.3394e-09
4.42686e-09
3.66243e-09
3.02514e-09
2.4957e-09
2.05696e-09
1.69401e-09
1.39412e-09
1.14651e-09
9.42138e-10
7.73454e-10
6.34186e-10
5.19132e-10
4.23988e-10
3.45198e-10
2.79821e-10
2.25426e-10
1.8e-10
1.41868e-10
1.09631e-10
8.21064e-11
5.82726e-11
3.72209e-11
1.8093e-11
-1.23759e-31
1.73657e-12
1.12285e-09
2.18693e-09
3.19394e-09
4.14459e-09
5.04014e-09
5.88225e-09
6.67291e-09
7.41429e-09
8.10872e-09
8.75861e-09
9.36639e-09
9.93448e-09
1.04652e-08
1.0961e-08
1.14239e-08
1.18562e-08
1.22599e-08
1.26368e-08
1.29889e-08
1.33177e-08
1.36249e-08
1.39121e-08
1.41805e-08
1.44315e-08
1.46663e-08
1.48861e-08
1.50918e-08
1.52845e-08
1.54651e-08
1.56343e-08
1.5793e-08
1.73762e-08
1.87708e-08
1.98903e-08
2.06482e-08
2.097e-08
2.08078e-08
2.01535e-08
1.90479e-08
1.75786e-08
1.58659e-08
1.4041e-08
1.22217e-08
1.0497e-08
8.92207e-09
7.52306e-09
6.30501e-09
5.25993e-09
4.37284e-09
3.62579e-09
3.00032e-09
2.4789e-09
2.04558e-09
1.68631e-09
1.38891e-09
1.14298e-09
9.39748e-10
7.71835e-10
6.33088e-10
5.18388e-10
4.23484e-10
3.44856e-10
2.79589e-10
2.25269e-10
1.79894e-10
1.41797e-10
1.09584e-10
8.20756e-11
5.82533e-11
3.72097e-11
1.80879e-11
-5.87707e-32
1.4838e-12
9.6243e-10
1.87473e-09
2.73849e-09
3.55443e-09
4.32368e-09
5.0477e-09
5.72818e-09
6.36698e-09
6.96607e-09
7.52746e-09
8.05319e-09
8.54528e-09
9.00571e-09
9.4364e-09
9.83922e-09
1.02159e-08
1.05682e-08
1.08978e-08
1.1206e-08
1.14943e-08
1.17641e-08
1.20167e-08
1.22532e-08
1.24746e-08
1.26821e-08
1.28766e-08
1.30589e-08
1.323e-08
1.33904e-08
1.35411e-08
1.36826e-08
1.51062e-08
1.63881e-08
1.74554e-08
1.82328e-08
1.86517e-08
1.86623e-08
1.82451e-08
1.74198e-08
1.62472e-08
1.48207e-08
1.325e-08
1.16411e-08
1.00808e-08
8.62896e-09
7.31915e-09
6.16437e-09
5.16352e-09
4.30702e-09
3.58098e-09
2.96987e-09
2.45824e-09
2.03158e-09
1.67682e-09
1.38247e-09
1.13862e-09
9.36792e-10
7.69831e-10
6.31729e-10
5.17466e-10
4.22859e-10
3.44432e-10
2.79302e-10
2.25075e-10
1.79763e-10
1.41709e-10
1.09526e-10
8.20374e-11
5.82292e-11
3.71957e-11
1.80816e-11
3.19445e-34
1.25684e-12
8.17792e-10
1.59319e-09
2.32767e-09
3.02193e-09
3.67697e-09
4.29407e-09
4.87466e-09
5.42032e-09
5.93267e-09
6.4134e-09
6.86421e-09
7.28676e-09
7.6827e-09
8.05361e-09
8.40104e-09
8.72644e-09
9.03122e-09
9.31672e-09
9.58417e-09
9.83478e-09
1.00696e-08
1.02898e-08
1.04962e-08
1.06899e-08
1.08716e-08
1.10421e-08
1.12022e-08
1.13526e-08
1.14939e-08
1.16267e-08
1.17516e-08
1.30192e-08
1.41842e-08
1.51861e-08
1.59607e-08
1.64465e-08
1.65941e-08
1.63765e-08
1.57973e-08
1.48945e-08
1.3737e-08
1.24132e-08
1.10153e-08
9.6248e-09
8.30317e-09
7.08983e-09
6.00469e-09
5.0532e-09
4.23124e-09
3.52912e-09
2.93449e-09
2.43415e-09
2.0152e-09
1.66569e-09
1.37492e-09
1.13349e-09
9.33311e-10
7.67468e-10
6.30126e-10
5.16378e-10
4.22121e-10
3.43932e-10
2.78963e-10
2.24845e-10
1.79608e-10
1.41605e-10
1.09457e-10
8.19922e-11
5.82007e-11
3.71792e-11
1.8074e-11
3.51245e-34
1.05545e-12
6.88911e-10
1.34229e-09
1.96146e-09
2.54708e-09
3.10007e-09
3.6215e-09
4.11258e-09
4.57463e-09
5.009e-09
5.41709e-09
5.80028e-09
6.15995e-09
6.49744e-09
6.81406e-09
7.11106e-09
7.38965e-09
7.65097e-09
7.89612e-09
8.12612e-09
8.34195e-09
8.54451e-09
8.73468e-09
8.91326e-09
9.08099e-09
9.23859e-09
9.38672e-09
9.52599e-09
9.65697e-09
9.7802e-09
9.89618e-09
1.00054e-08
1.11226e-08
1.21691e-08
1.30955e-08
1.38481e-08
1.4373e-08
1.46236e-08
1.45684e-08
1.41994e-08
1.35363e-08
1.26265e-08
1.15379e-08
1.03478e-08
9.12956e-09
7.94388e-09
6.83362e-09
5.82435e-09
4.9275e-09
4.14425e-09
3.46925e-09
2.89345e-09
2.40609e-09
1.99605e-09
1.65265e-09
1.36605e-09
1.12746e-09
9.29211e-10
7.64683e-10
6.28234e-10
5.15093e-10
4.21248e-10
3.43339e-10
2.78561e-10
2.24574e-10
1.79424e-10
1.41482e-10
1.09375e-10
8.19386e-11
5.81668e-11
3.71595e-11
1.80651e-11
3.86182e-34
8.78856e-13
5.75422e-10
1.1213e-09
1.63884e-09
2.12863e-09
2.59149e-09
3.02831e-09
3.44013e-09
3.82803e-09
4.19312e-09
4.53654e-09
4.85944e-09
5.16291e-09
5.44807e-09
5.71596e-09
5.96761e-09
6.204e-09
6.42606e-09
6.63467e-09
6.83067e-09
7.01486e-09
7.18797e-09
7.35071e-09
7.50375e-09
7.64769e-09
7.78311e-09
7.91056e-09
8.03054e-09
8.14353e-09
8.24996e-09
8.35025e-09
8.44478e-09
9.41935e-09
1.03483e-08
1.11924e-08
1.19073e-08
1.2447e-08
1.27689e-08
1.28404e-08
1.26454e-08
1.21898e-08
1.15026e-08
1.06334e-08
9.64367e-09
8.59731e-09
7.55122e-09
6.54954e-09
5.62196e-09
4.78499e-09
4.04481e-09
3.40034e-09
2.84594e-09
2.37346e-09
1.97371e-09
1.63739e-09
1.35563e-09
1.12037e-09
9.24381e-10
7.61396e-10
6.25999e-10
5.13573e-10
4.20215e-10
3.42638e-10
2.78085e-10
2.24251e-10
1.79207e-10
1.41336e-10
1.09277e-10
8.18749e-11
5.81267e-11
3.71362e-11
1.80544e-11
2.3829e-34
8.51399e-13
5.57733e-10
1.08685e-09
1.58854e-09
2.06338e-09
2.51216e-09
2.93577e-09
3.33519e-09
3.71148e-09
4.06572e-09
4.399e-09
4.71242e-09
5.00706e-09
5.28398e-09
5.54419e-09
5.78869e-09
6.01841e-09
6.23425e-09
6.43707e-09
6.62768e-09
6.80684e-09
6.97527e-09
7.13364e-09
7.2826e-09
7.42274e-09
7.55462e-09
7.67876e-09
7.79565e-09
7.90574e-09
8.00947e-09
8.10723e-09
8.1994e-09
9.15077e-09
1.00602e-08
1.08899e-08
1.15971e-08
1.21372e-08
1.24683e-08
1.25578e-08
1.23887e-08
1.19648e-08
1.13126e-08
1.04786e-08
9.52167e-09
8.50404e-09
7.4817e-09
6.4988e-09
5.58553e-09
4.75918e-09
4.0267e-09
3.38774e-09
2.83722e-09
2.36746e-09
1.96959e-09
1.63457e-09
1.35371e-09
1.11905e-09
9.23484e-10
7.60786e-10
6.25583e-10
5.13291e-10
4.20023e-10
3.42508e-10
2.77997e-10
2.24191e-10
1.79166e-10
1.41308e-10
1.09259e-10
8.1863e-11
5.81192e-11
3.71318e-11
1.80524e-11
2.22333e-34
7.25739e-13
4.76607e-10
9.28859e-10
1.35781e-09
1.76402e-09
2.14816e-09
2.51102e-09
2.85344e-09
3.17632e-09
3.48055e-09
3.76708e-09
4.03681e-09
4.29065e-09
4.52948e-09
4.75416e-09
4.9655e-09
5.1643e-09
5.3513e-09
5.52722e-09
5.69274e-09
5.84848e-09
5.99506e-09
6.13305e-09
6.26297e-09
6.38533e-09
6.5006e-09
6.60921e-09
6.71158e-09
6.8081e-09
6.89912e-09
6.98499e-09
7.06602e-09
7.90733e-09
8.72232e-09
9.48025e-09
1.01455e-08
1.06796e-08
1.1045e-08
1.121e-08
1.11539e-08
1.08725e-08
1.03804e-08
9.71085e-09
8.91037e-09
8.03188e-09
7.1265e-09
6.23739e-09
5.39653e-09
4.62444e-09
3.93171e-09
3.32134e-09
2.79112e-09
2.33561e-09
1.94768e-09
1.61954e-09
1.34342e-09
1.11202e-09
9.1869e-10
7.57518e-10
6.23357e-10
5.11776e-10
4.18993e-10
3.41807e-10
2.77521e-10
2.23869e-10
1.78948e-10
1.41162e-10
1.09162e-10
8.17992e-11
5.80789e-11
3.71084e-11
1.80418e-11
4.30619e-34
5.94493e-13
3.91555e-10
7.63192e-10
1.11583e-09
1.44996e-09
1.76617e-09
2.06511e-09
2.34747e-09
2.61399e-09
2.86539e-09
3.10244e-09
3.32586e-09
3.53637e-09
3.73469e-09
3.9215e-09
4.09744e-09
4.26316e-09
4.41925e-09
4.56628e-09
4.7048e-09
4.8353e-09
4.95829e-09
5.0742e-09
5.18348e-09
5.28652e-09
5.38371e-09
5.47539e-09
5.5619e-09
5.64356e-09
5.72065e-09
5.79345e-09
5.86222e-09
6.58097e-09
7.28763e-09
7.95862e-09
8.56589e-09
9.07815e-09
9.46328e-09
9.69189e-09
9.74162e-09
9.60157e-09
9.27555e-09
8.78301e-09
8.15692e-09
7.43879e-09
6.67239e-09
5.89785e-09
5.14763e-09
4.4449e-09
3.80385e-09
3.23122e-09
2.72811e-09
2.29184e-09
1.91742e-09
1.5987e-09
1.32911e-09
1.10222e-09
9.11988e-10
7.52942e-10
6.20236e-10
5.09649e-10
4.17544e-10
3.40822e-10
2.76852e-10
2.23415e-10
1.78641e-10
1.40955e-10
1.09024e-10
8.17092e-11
5.80221e-11
3.70754e-11
1.80267e-11
5.12934e-34
4.83271e-13
3.19188e-10
6.22209e-10
9.09851e-10
1.18255e-09
1.44079e-09
1.68513e-09
1.91612e-09
2.13436e-09
2.34044e-09
2.53496e-09
2.71851e-09
2.89166e-09
3.05497e-09
3.20898e-09
3.35423e-09
3.49119e-09
3.62036e-09
3.74218e-09
3.85708e-09
3.96547e-09
4.06773e-09
4.16424e-09
4.25531e-09
4.34129e-09
4.42247e-09
4.49914e-09
4.57156e-09
4.63999e-09
4.70466e-09
4.76579e-09
4.82358e-09
5.43136e-09
6.03703e-09
6.62294e-09
7.16748e-09
7.64577e-09
8.03116e-09
8.29767e-09
8.42318e-09
8.39311e-09
8.20364e-09
7.86356e-09
7.3939e-09
6.82523e-09
6.19304e-09
5.53277e-09
4.87558e-09
4.24584e-09
3.66037e-09
3.12904e-09
2.65605e-09
2.24141e-09
1.88235e-09
1.57443e-09
1.31238e-09
1.09072e-09
9.04103e-10
7.47545e-10
6.16548e-10
5.07131e-10
4.15828e-10
3.39653e-10
2.76057e-10
2.22875e-10
1.78276e-10
1.4071e-10
1.0886e-10
8.1602e-11
5.79544e-11
3.7036e-11
1.80087e-11
5.63674e-34
3.90018e-13
2.58275e-10
5.03522e-10
7.36408e-10
9.57308e-10
1.16664e-09
1.36483e-09
1.55237e-09
1.72971e-09
1.89733e-09
2.05571e-09
2.20532e-09
2.3466e-09
2.48001e-09
2.60597e-09
2.72488e-09
2.83715e-09
2.94315e-09
3.04323e-09
3.13774e-09
3.22699e-09
3.31128e-09
3.39092e-09
3.46616e-09
3.53726e-09
3.60446e-09
3.66799e-09
3.72806e-09
3.78487e-09
3.83861e-09
3.88945e-09
3.93757e-09
4.44636e-09
4.95966e-09
5.46452e-09
5.94469e-09
6.38088e-09
6.7516e-09
7.03474e-09
7.20985e-09
7.26097e-09
7.17951e-09
6.96642e-09
6.63302e-09
6.1999e-09
5.69412e-09
5.14526e-09
4.58164e-09
4.02735e-09
3.50071e-09
3.01401e-09
2.57412e-09
2.18361e-09
1.84187e-09
1.54625e-09
1.29286e-09
1.07725e-09
8.94836e-10
7.41185e-10
6.12192e-10
5.04152e-10
4.13794e-10
3.38266e-10
2.75113e-10
2.22234e-10
1.77842e-10
1.40417e-10
1.08665e-10
8.14742e-11
5.78736e-11
3.6989e-11
1.79873e-11
6.19315e-34
3.1262e-13
2.0753e-10
4.04631e-10
5.91863e-10
7.69544e-10
9.38017e-10
1.09764e-09
1.2488e-09
1.39186e-09
1.5272e-09
1.6552e-09
1.77623e-09
1.89065e-09
1.99879e-09
2.101e-09
2.1976e-09
2.2889e-09
2.37519e-09
2.45675e-09
2.53384e-09
2.60672e-09
2.67563e-09
2.74079e-09
2.80242e-09
2.86071e-09
2.91586e-09
2.96804e-09
3.01742e-09
3.06417e-09
3.10842e-09
3.15033e-09
3.19001e-09
3.61184e-09
4.04212e-09
4.47164e-09
4.88846e-09
5.27799e-09
5.62337e-09
5.90646e-09
6.10932e-09
6.21626e-09
6.21624e-09
6.105e-09
5.88641e-09
5.57263e-09
5.18267e-09
4.73973e-09
4.26811e-09
3.79027e-09
3.32483e-09
2.88561e-09
2.48164e-09
2.11773e-09
1.79537e-09
1.51366e-09
1.27016e-09
1.06151e-09
8.83966e-10
7.33701e-10
6.07052e-10
5.0063e-10
4.11384e-10
3.36621e-10
2.73991e-10
2.21471e-10
1.77325e-10
1.40069e-10
1.08433e-10
8.13218e-11
5.77773e-11
3.69329e-11
1.79617e-11
6.80293e-34
2.48992e-13
1.65666e-10
3.23037e-10
4.72576e-10
6.14549e-10
7.49239e-10
8.76938e-10
9.97946e-10
1.11256e-09
1.22109e-09
1.32381e-09
1.42103e-09
1.51302e-09
1.60005e-09
1.68239e-09
1.76028e-09
1.83397e-09
1.90368e-09
1.96963e-09
2.03204e-09
2.09108e-09
2.14697e-09
2.19985e-09
2.24992e-09
2.29732e-09
2.3422e-09
2.3847e-09
2.42495e-09
2.46309e-09
2.49922e-09
2.53345e-09
2.5659e-09
2.91238e-09
3.26934e-09
3.63037e-09
3.98693e-09
4.32825e-09
4.64151e-09
4.91226e-09
5.12545e-09
5.26679e-09
5.32452e-09
5.29136e-09
5.16597e-09
4.95383e-09
4.66683e-09
4.32185e-09
3.93843e-09
3.53631e-09
3.13326e-09
2.74371e-09
2.37813e-09
2.04318e-09
1.74225e-09
1.47615e-09
1.24386e-09
1.04318e-09
8.71246e-10
7.2491e-10
6.00996e-10
4.96469e-10
4.08532e-10
3.34669e-10
2.72659e-10
2.20564e-10
1.7671e-10
1.39654e-10
1.08155e-10
8.11399e-11
5.76623e-11
3.6866e-11
1.79311e-11
7.47068e-34
1.97151e-13
1.31446e-10
2.56331e-10
3.75036e-10
4.8778e-10
5.94794e-10
6.96312e-10
7.92574e-10
8.83816e-10
9.70273e-10
1.05218e-09
1.12975e-09
1.20322e-09
1.27278e-09
1.33865e-09
1.40102e-09
1.46008e-09
1.51599e-09
1.56894e-09
1.61908e-09
1.66657e-09
1.71154e-09
1.75415e-09
1.79451e-09
1.83275e-09
1.86898e-09
1.90333e-09
1.93588e-09
1.96673e-09
1.99599e-09
2.02373e-09
2.05004e-09
2.33214e-09
2.62535e-09
2.92537e-09
3.22624e-09
3.52025e-09
3.79786e-09
4.04797e-09
4.25841e-09
4.41687e-09
4.51212e-09
4.53556e-09
4.48262e-09
4.35388e-09
4.15542e-09
3.8983e-09
3.59711e-09
3.26812e-09
2.92728e-09
2.58863e-09
2.26339e-09
1.95953e-09
1.68202e-09
1.43323e-09
1.21354e-09
1.02191e-09
8.56408e-10
7.1461e-10
5.93874e-10
4.9156e-10
4.05158e-10
3.32356e-10
2.71077e-10
2.19486e-10
1.75977e-10
1.39159e-10
1.07825e-10
8.09228e-11
5.75249e-11
3.67859e-11
1.78946e-11
8.20126e-34
1.5526e-13
1.03711e-10
2.0226e-10
2.95957e-10
3.84982e-10
4.6952e-10
5.49759e-10
6.25887e-10
6.98092e-10
7.66558e-10
8.31463e-10
8.92984e-10
9.5129e-10
1.00654e-09
1.0589e-09
1.10852e-09
1.15553e-09
1.20008e-09
1.2423e-09
1.28232e-09
1.32024e-09
1.35618e-09
1.39026e-09
1.42256e-09
1.45319e-09
1.48223e-09
1.50978e-09
1.5359e-09
1.56068e-09
1.58419e-09
1.6065e-09
1.62766e-09
1.85544e-09
2.09408e-09
2.34075e-09
2.59145e-09
2.84077e-09
3.08186e-09
3.30642e-09
3.50495e-09
3.66734e-09
3.78363e-09
3.84512e-09
3.8456e-09
3.78245e-09
3.65736e-09
3.47646e-09
3.24963e-09
2.98932e-09
2.70894e-09
2.42133e-09
2.13764e-09
1.86658e-09
1.61428e-09
1.38446e-09
1.17878e-09
9.97339e-10
8.39167e-10
7.02579e-10
5.85518e-10
4.8578e-10
4.01173e-10
3.29617e-10
2.692e-10
2.18204e-10
1.75105e-10
1.3857e-10
1.0743e-10
8.06636e-11
5.73608e-11
3.66903e-11
1.78509e-11
8.99969e-34
1.21668e-13
8.14084e-11
1.58776e-10
2.32351e-10
3.02281e-10
3.68712e-10
4.31795e-10
4.91678e-10
5.48507e-10
6.02426e-10
6.53574e-10
7.02086e-10
7.48095e-10
7.91725e-10
8.33098e-10
8.72331e-10
9.09533e-10
9.44812e-10
9.78267e-10
1.00999e-09
1.04008e-09
1.06863e-09
1.0957e-09
1.12138e-09
1.14575e-09
1.16887e-09
1.1908e-09
1.21162e-09
1.23138e-09
1.25014e-09
1.26795e-09
1.28485e-09
1.46737e-09
1.65991e-09
1.86073e-09
2.0672e-09
2.27568e-09
2.48134e-09
2.67817e-09
2.85902e-09
3.01591e-09
3.14047e-09
3.22473e-09
3.26201e-09
3.24791e-09
3.18112e-09
3.06393e-09
2.90212e-09
2.70436e-09
2.48112e-09
2.24341e-09
2.00157e-09
1.76444e-09
1.53884e-09
1.3295e-09
1.13921e-09
9.69136e-10
8.19229e-10
6.88581e-10
5.75747e-10
4.78992e-10
3.96477e-10
3.2638e-10
2.66976e-10
2.16682e-10
1.74068e-10
1.37868e-10
1.0696e-10
8.03543e-11
5.71647e-11
3.65759e-11
1.77986e-11
9.87112e-34
9.49157e-14
6.36035e-11
1.24057e-10
1.8156e-10
2.36229e-10
2.88182e-10
3.37537e-10
3.8441e-10
4.28915e-10
4.71163e-10
5.11263e-10
5.4932e-10
5.85433e-10
6.19701e-10
6.52216e-10
6.83068e-10
7.12342e-10
7.40119e-10
7.66476e-10
7.91487e-10
8.15222e-10
8.37748e-10
8.59128e-10
8.79421e-10
8.98685e-10
9.16972e-10
9.34334e-10
9.5082e-10
9.66475e-10
9.81341e-10
9.95461e-10
1.00887e-09
1.15408e-09
1.30821e-09
1.47022e-09
1.63847e-09
1.81058e-09
1.98325e-09
2.15227e-09
2.31242e-09
2.45761e-09
2.58116e-09
2.67624e-09
2.73649e-09
2.75681e-09
2.73413e-09
2.66802e-09
2.56098e-09
2.4183e-09
2.24745e-09
2.05716e-09
1.85644e-09
1.65363e-09
1.45575e-09
1.26817e-09
1.09455e-09
9.36983e-10
7.96307e-10
6.72373e-10
5.64365e-10
4.71045e-10
3.90956e-10
3.2256e-10
2.64345e-10
2.14876e-10
1.72835e-10
1.37032e-10
1.06399e-10
7.9985e-11
5.69304e-11
3.64392e-11
1.77361e-11
1.08207e-33
7.37453e-14
4.94822e-11
9.65191e-11
1.41268e-10
1.83822e-10
2.24276e-10
2.6272e-10
2.99246e-10
3.33942e-10
3.66894e-10
3.98186e-10
4.27899e-10
4.5611e-10
4.82893e-10
5.0832e-10
5.3246e-10
5.55377e-10
5.77135e-10
5.97791e-10
6.17403e-10
6.36024e-10
6.53706e-10
6.70496e-10
6.86441e-10
7.01584e-10
7.15967e-10
7.29628e-10
7.42605e-10
7.54934e-10
7.66647e-10
7.77775e-10
7.8835e-10
9.03137e-10
1.02562e-09
1.15524e-09
1.29103e-09
1.43148e-09
1.57443e-09
1.71701e-09
1.85551e-09
1.98548e-09
2.10178e-09
2.19885e-09
2.27112e-09
2.31357e-09
2.32231e-09
2.29524e-09
2.23247e-09
2.13652e-09
2.01208e-09
1.86551e-09
1.70408e-09
1.53514e-09
1.36541e-09
1.20049e-09
1.04461e-09
9.00629e-10
7.70138e-10
6.53716e-10
5.51171e-10
4.61779e-10
3.84485e-10
3.18066e-10
2.61238e-10
2.12738e-10
1.71372e-10
1.36037e-10
1.05731e-10
7.95444e-11
5.66506e-11
3.62757e-11
1.76613e-11
1.18533e-33
5.70868e-14
3.83487e-11
7.48058e-11
1.09495e-10
1.4249e-10
1.73865e-10
2.03691e-10
2.32039e-10
2.58978e-10
2.84573e-10
3.08889e-10
3.31988e-10
3.53929e-10
3.74771e-10
3.94566e-10
4.13368e-10
4.31226e-10
4.48188e-10
4.64299e-10
4.79603e-10
4.94141e-10
5.07951e-10
5.21071e-10
5.33535e-10
5.45378e-10
5.5663e-10
5.67323e-10
5.77484e-10
5.87141e-10
5.96319e-10
6.05042e-10
6.13334e-10
7.03536e-10
8.00227e-10
9.03158e-10
1.0118e-09
1.12524e-09
1.24212e-09
1.36053e-09
1.47796e-09
1.59121e-09
1.6965e-09
1.78951e-09
1.86565e-09
1.9204e-09
1.94979e-09
1.95087e-09
1.92224e-09
1.86432e-09
1.7795e-09
1.67189e-09
1.54685e-09
1.41041e-09
1.26857e-09
1.12674e-09
9.89405e-10
8.59919e-10
7.40507e-10
6.32388e-10
5.35965e-10
4.51025e-10
3.76934e-10
3.12795e-10
2.57578e-10
2.10211e-10
1.69638e-10
1.34856e-10
1.04935e-10
7.90193e-11
5.63167e-11
3.60805e-11
1.75719e-11
1.29737e-33
4.40454e-14
2.96176e-11
5.77765e-11
8.45737e-11
1.10067e-10
1.34315e-10
1.57371e-10
1.79292e-10
2.0013e-10
2.19936e-10
2.3876e-10
2.56648e-10
2.73646e-10
2.89799e-10
3.05147e-10
3.19731e-10
3.33589e-10
3.46756e-10
3.59269e-10
3.71159e-10
3.82458e-10
3.93196e-10
4.03401e-10
4.131e-10
4.22318e-10
4.31081e-10
4.3941e-10
4.47327e-10
4.54854e-10
4.62011e-10
4.68814e-10
4.75284e-10
5.45791e-10
6.2167e-10
7.02855e-10
7.89093e-10
8.79878e-10
9.74389e-10
1.07141e-09
1.16928e-09
1.2658e-09
1.35826e-09
1.44345e-09
1.51777e-09
1.57743e-09
1.61879e-09
1.6387e-09
1.63493e-09
1.60656e-09
1.5542e-09
1.48003e-09
1.38758e-09
1.28138e-09
1.1664e-09
1.04752e-09
9.29139e-10
8.14837e-10
7.07277e-10
6.08208e-10
5.18563e-10
4.3862e-10
3.68162e-10
3.06636e-10
2.53283e-10
2.07233e-10
1.67587e-10
1.33455e-10
1.0399e-10
7.8394e-11
5.59185e-11
3.58474e-11
1.74651e-11
1.41856e-33
3.38821e-14
2.28031e-11
4.44847e-11
6.51203e-11
8.47553e-11
1.03434e-10
1.212e-10
1.38096e-10
1.54161e-10
1.69436e-10
1.83957e-10
1.97761e-10
2.10884e-10
2.23357e-10
2.35214e-10
2.46485e-10
2.57198e-10
2.67381e-10
2.77061e-10
2.86262e-10
2.95009e-10
3.03325e-10
3.1123e-10
3.18746e-10
3.25891e-10
3.32685e-10
3.39145e-10
3.45288e-10
3.51129e-10
3.56684e-10
3.61967e-10
3.66992e-10
4.21841e-10
4.8107e-10
5.44716e-10
6.12694e-10
6.84755e-10
7.60434e-10
8.38994e-10
9.19368e-10
1.0001e-09
1.07933e-09
1.15473e-09
1.2236e-09
1.28296e-09
1.32969e-09
1.36085e-09
1.37394e-09
1.36729e-09
1.34031e-09
1.29368e-09
1.22935e-09
1.15036e-09
1.06047e-09
9.63778e-10
8.64287e-10
7.65543e-10
6.70425e-10
5.81056e-10
4.98811e-10
4.24408e-10
3.58033e-10
2.99478e-10
2.48261e-10
2.03735e-10
1.65169e-10
1.31798e-10
1.02869e-10
7.76505e-11
5.54442e-11
3.55694e-11
1.73377e-11
1.5492e-33
2.59939e-14
1.75072e-11
3.41544e-11
5e-11
6.50795e-11
7.94273e-11
9.30767e-11
1.0606e-10
1.18409e-10
1.30153e-10
1.4132e-10
1.5194e-10
1.62038e-10
1.7164e-10
1.80769e-10
1.8945e-10
1.97703e-10
2.05551e-10
2.13014e-10
2.20109e-10
2.26856e-10
2.33272e-10
2.39374e-10
2.45176e-10
2.50694e-10
2.55942e-10
2.60933e-10
2.6568e-10
2.70195e-10
2.7449e-10
2.78576e-10
2.82462e-10
3.24947e-10
3.70959e-10
4.20585e-10
4.73837e-10
5.30621e-10
5.90701e-10
6.53655e-10
7.18831e-10
7.853e-10
8.51811e-10
9.16761e-10
9.78199e-10
1.03386e-09
1.08126e-09
1.11786e-09
1.14126e-09
1.14951e-09
1.14133e-09
1.11637e-09
1.07532e-09
1.01989e-09
9.52661e-10
8.76773e-10
7.95602e-10
7.1241e-10
6.30071e-10
5.50905e-10
4.76606e-10
4.0826e-10
3.46419e-10
2.91205e-10
2.42418e-10
1.99643e-10
1.62326e-10
1.29843e-10
1.01541e-10
7.67681e-11
5.48802e-11
3.52383e-11
1.71857e-11
1.68941e-33
1.98935e-14
1.34071e-11
2.61561e-11
3.82924e-11
4.98433e-11
6.08354e-11
7.12942e-11
8.12447e-11
9.07107e-11
9.97151e-11
1.0828e-10
1.16426e-10
1.24174e-10
1.31544e-10
1.38552e-10
1.45218e-10
1.51558e-10
1.57587e-10
1.63322e-10
1.68776e-10
1.73964e-10
1.78898e-10
1.83591e-10
1.88056e-10
1.92302e-10
1.96342e-10
2.00185e-10
2.03841e-10
2.07319e-10
2.10627e-10
2.13776e-10
2.16771e-10
2.49553e-10
2.85144e-10
3.23652e-10
3.65137e-10
4.09596e-10
4.56931e-10
5.06923e-10
5.59198e-10
6.13184e-10
6.68077e-10
7.22804e-10
7.76007e-10
8.26041e-10
8.71014e-10
9.08871e-10
9.37527e-10
9.55055e-10
9.599e-10
9.51097e-10
9.28451e-10
8.92622e-10
8.451e-10
7.88058e-10
7.24114e-10
6.56044e-10
5.8651e-10
5.17845e-10
4.51919e-10
3.90088e-10
3.3321e-10
2.8171e-10
2.35662e-10
1.9488e-10
1.58999e-10
1.27543e-10
9.99742e-11
7.57234e-11
5.42108e-11
3.48447e-11
1.70049e-11
1.83908e-33
1.51909e-14
1.02433e-11
1.99843e-11
2.92578e-11
3.80849e-11
4.6486e-11
5.44809e-11
6.20883e-11
6.93267e-11
7.62134e-11
8.27653e-11
8.89983e-11
9.49279e-11
1.00569e-10
1.05935e-10
1.11039e-10
1.15895e-10
1.20515e-10
1.24909e-10
1.2909e-10
1.33067e-10
1.3685e-10
1.4045e-10
1.43874e-10
1.47132e-10
1.50232e-10
1.53182e-10
1.55988e-10
1.58659e-10
1.612e-10
1.63617e-10
1.65918e-10
1.91126e-10
2.18551e-10
2.48303e-10
2.80463e-10
3.15074e-10
3.52119e-10
3.91506e-10
4.33035e-10
4.76375e-10
5.2103e-10
5.66308e-10
6.11296e-10
6.54845e-10
6.95573e-10
7.31905e-10
7.62143e-10
7.84579e-10
7.97654e-10
8.00137e-10
7.91296e-10
7.71037e-10
7.39971e-10
6.99382e-10
6.51096e-10
5.97285e-10
5.40232e-10
4.82111e-10
4.24819e-10
3.69864e-10
3.18333e-10
2.70904e-10
2.27903e-10
1.89367e-10
1.55124e-10
1.24851e-10
9.81313e-11
7.44902e-11
5.34183e-11
3.43777e-11
1.679e-11
1.9978e-33
1.15761e-14
7.80937e-12
1.52361e-11
2.23068e-11
2.90378e-11
3.54446e-11
4.15423e-11
4.73454e-11
5.28678e-11
5.81228e-11
6.31231e-11
6.78809e-11
7.24079e-11
7.67153e-11
8.08135e-11
8.47129e-11
8.8423e-11
9.1953e-11
9.53117e-11
9.85074e-11
1.01548e-10
1.04442e-10
1.07195e-10
1.09814e-10
1.12307e-10
1.14679e-10
1.16937e-10
1.19085e-10
1.21129e-10
1.23075e-10
1.24927e-10
1.26689e-10
1.46011e-10
1.67071e-10
1.89969e-10
2.14791e-10
2.416e-10
2.70423e-10
3.01239e-10
3.33958e-10
3.68404e-10
4.04286e-10
4.41177e-10
4.78485e-10
5.15435e-10
5.51058e-10
5.84199e-10
6.13546e-10
6.37697e-10
6.55255e-10
6.64958e-10
6.65828e-10
6.57306e-10
6.39368e-10
6.12563e-10
5.77989e-10
5.37174e-10
4.91919e-10
4.441e-10
3.95494e-10
3.47641e-10
3.0176e-10
2.58723e-10
2.19066e-10
1.83034e-10
1.50638e-10
1.21715e-10
9.59731e-11
7.30398e-11
5.24832e-11
3.38252e-11
1.65354e-11
2.16474e-33
8.8044e-15
5.94186e-12
1.15927e-11
1.6973e-11
2.20952e-11
2.69711e-11
3.16123e-11
3.60298e-11
4.02341e-11
4.42354e-11
4.80433e-11
5.16671e-11
5.51156e-11
5.83973e-11
6.15202e-11
6.4492e-11
6.732e-11
7.00111e-11
7.25721e-11
7.50092e-11
7.73284e-11
7.95355e-11
8.1636e-11
8.36349e-11
8.55373e-11
8.73479e-11
8.90711e-11
9.07112e-11
9.22721e-11
9.37578e-11
9.5172e-11
9.6518e-11
1.11287e-10
1.27409e-10
1.44971e-10
1.64054e-10
1.84726e-10
2.07035e-10
2.30998e-10
2.5659e-10
2.8373e-10
3.12261e-10
3.4193e-10
3.72371e-10
4.03081e-10
4.33403e-10
4.62524e-10
4.89478e-10
5.13175e-10
5.32459e-10
5.46185e-10
5.53332e-10
5.53119e-10
5.45122e-10
5.29354e-10
5.06304e-10
4.76903e-10
4.42428e-10
4.04367e-10
3.64263e-10
3.23568e-10
2.83533e-10
2.45144e-10
2.09098e-10
1.75816e-10
1.45482e-10
1.18083e-10
9.34585e-11
7.13415e-11
5.13838e-11
3.31739e-11
1.62347e-11
2.33852e-33
6.68396e-15
4.51229e-12
8.80372e-12
1.28899e-11
1.67802e-11
2.04838e-11
2.40094e-11
2.73654e-11
3.05598e-11
3.36003e-11
3.64942e-11
3.92486e-11
4.187e-11
4.4365e-11
4.67395e-11
4.89995e-11
5.11504e-11
5.31974e-11
5.51457e-11
5.7e-11
5.87649e-11
6.04446e-11
6.20434e-11
6.3565e-11
6.50134e-11
6.6392e-11
6.77042e-11
6.89533e-11
7.01422e-11
7.12739e-11
7.23512e-11
7.33767e-11
8.4636e-11
9.69416e-11
1.10368e-10
1.24987e-10
1.40863e-10
1.5805e-10
1.76584e-10
1.96475e-10
2.17697e-10
2.40176e-10
2.63775e-10
2.88276e-10
3.13366e-10
3.38618e-10
3.63478e-10
3.87265e-10
4.09172e-10
4.28296e-10
4.43681e-10
4.54391e-10
4.59596e-10
4.58673e-10
4.51297e-10
4.37505e-10
4.17724e-10
3.9274e-10
3.63616e-10
3.31583e-10
2.97907e-10
2.63773e-10
2.30199e-10
1.9798e-10
1.67672e-10
1.39604e-10
1.13907e-10
9.0547e-11
6.93635e-11
5.00975e-11
3.2409e-11
1.58808e-11
2.5171e-33
5.06494e-15
3.42024e-12
6.67314e-12
9.77054e-12
1.27197e-11
1.55274e-11
1.82005e-11
2.07451e-11
2.31675e-11
2.54733e-11
2.76682e-11
2.97575e-11
3.17462e-11
3.36391e-11
3.54409e-11
3.71559e-11
3.87883e-11
4.03421e-11
4.18211e-11
4.32289e-11
4.45689e-11
4.58445e-11
4.70586e-11
4.82144e-11
4.93145e-11
5.03618e-11
5.13588e-11
5.23078e-11
5.32112e-11
5.40712e-11
5.489e-11
5.56694e-11
6.42314e-11
7.35991e-11
8.38336e-11
9.49958e-11
1.07143e-10
1.20329e-10
1.34594e-10
1.49967e-10
1.66452e-10
1.84023e-10
2.02615e-10
2.22107e-10
2.42314e-10
2.62968e-10
2.83707e-10
3.04068e-10
3.23478e-10
3.41265e-10
3.56681e-10
3.68936e-10
3.77264e-10
3.80991e-10
3.79615e-10
3.72888e-10
3.60858e-10
3.43894e-10
3.22657e-10
2.9803e-10
2.71029e-10
2.42691e-10
2.13985e-10
1.85736e-10
1.58584e-10
1.3297e-10
1.09148e-10
8.72006e-11
6.70744e-11
4.86006e-11
3.15155e-11
1.54662e-11
2.69755e-33
3.83096e-15
2.58755e-12
5.04855e-12
7.39199e-12
9.62333e-12
1.17478e-11
1.37705e-11
1.56962e-11
1.75295e-11
1.92747e-11
2.09361e-11
2.25177e-11
2.40233e-11
2.54565e-11
2.68209e-11
2.81196e-11
2.93559e-11
3.05328e-11
3.16531e-11
3.27196e-11
3.37349e-11
3.47013e-11
3.56214e-11
3.64972e-11
3.7331e-11
3.81248e-11
3.88805e-11
3.95999e-11
4.02848e-11
4.09369e-11
4.15577e-11
4.21487e-11
4.86438e-11
5.57564e-11
6.35358e-11
7.20323e-11
8.12953e-11
9.13718e-11
1.02304e-10
1.14124e-10
1.26853e-10
1.40493e-10
1.55018e-10
1.70371e-10
1.86447e-10
2.03087e-10
2.20065e-10
2.37075e-10
2.53727e-10
2.69544e-10
2.83965e-10
2.96369e-10
3.06106e-10
3.12546e-10
3.15141e-10
3.13487e-10
3.07391e-10
2.96907e-10
2.8235e-10
2.64273e-10
2.43409e-10
2.20593e-10
1.96676e-10
1.72446e-10
1.48572e-10
1.25566e-10
1.03776e-10
8.33873e-11
6.44453e-11
4.68705e-11
3.04777e-11
1.49833e-11
2.87593e-33
2.89194e-15
1.95368e-12
3.81184e-12
5.58128e-12
7.26614e-12
8.87041e-12
1.03979e-11
1.18522e-11
1.32367e-11
1.45549e-11
1.58099e-11
1.70047e-11
1.81421e-11
1.92249e-11
2.02558e-11
2.12372e-11
2.21715e-11
2.3061e-11
2.39077e-11
2.47139e-11
2.54813e-11
2.6212e-11
2.69076e-11
2.75698e-11
2.82003e-11
2.88006e-11
2.9372e-11
2.99161e-11
3.04342e-11
3.09274e-11
3.1397e-11
3.18441e-11
3.67592e-11
4.21455e-11
4.80425e-11
5.44905e-11
6.15306e-11
6.92029e-11
7.75456e-11
8.65919e-11
9.63681e-11
1.06889e-10
1.18154e-10
1.30141e-10
1.42796e-10
1.56032e-10
1.69712e-10
1.83644e-10
1.97571e-10
2.11166e-10
2.2403e-10
2.35696e-10
2.4565e-10
2.53354e-10
2.58291e-10
2.60014e-10
2.58196e-10
2.52688e-10
2.43541e-10
2.31025e-10
2.15599e-10
1.97869e-10
1.78522e-10
1.58253e-10
1.37703e-10
1.1741e-10
9.77818e-11
7.90859e-11
6.14524e-11
4.48866e-11
2.92811e-11
1.44245e-11
3.04715e-33
2.17839e-15
1.47187e-12
2.87179e-12
4.2049e-12
5.47433e-12
6.68308e-12
7.83401e-12
8.92986e-12
9.97324e-12
1.09667e-11
1.19125e-11
1.2813e-11
1.36703e-11
1.44866e-11
1.52637e-11
1.60036e-11
1.6708e-11
1.73786e-11
1.80171e-11
1.8625e-11
1.92038e-11
1.97548e-11
2.02795e-11
2.0779e-11
2.12545e-11
2.17074e-11
2.21385e-11
2.2549e-11
2.29398e-11
2.33119e-11
2.36663e-11
2.40036e-11
2.77136e-11
3.17818e-11
3.6239e-11
4.11176e-11
4.64507e-11
5.22716e-11
5.86131e-11
6.55058e-11
7.29764e-11
8.10452e-11
8.97234e-11
9.90084e-11
1.08879e-10
1.1929e-10
1.30165e-10
1.41388e-10
1.52796e-10
1.64174e-10
1.75246e-10
1.8568e-10
1.95088e-10
2.03043e-10
2.091e-10
2.12834e-10
2.13879e-10
2.11971e-10
2.06991e-10
1.98989e-10
1.88189e-10
1.74975e-10
1.59845e-10
1.43362e-10
1.26093e-10
1.08555e-10
9.11814e-11
7.42902e-11
5.80807e-11
4.26326e-11
2.7913e-11
1.37829e-11
3.20478e-33
1.63688e-15
1.10613e-12
2.15821e-12
3.16009e-12
4.11414e-12
5.02261e-12
5.88766e-12
6.71134e-12
7.49562e-12
8.24238e-12
8.95339e-12
9.63037e-12
1.02749e-11
1.08886e-11
1.1473e-11
1.20293e-11
1.2559e-11
1.30634e-11
1.35435e-11
1.40008e-11
1.44361e-11
1.48505e-11
1.52452e-11
1.56209e-11
1.59787e-11
1.63194e-11
1.66437e-11
1.69526e-11
1.72467e-11
1.75267e-11
1.77933e-11
1.80472e-11
2.08397e-11
2.39033e-11
2.72622e-11
3.09416e-11
3.49678e-11
3.93679e-11
4.41692e-11
4.93979e-11
5.50788e-11
6.12331e-11
6.78767e-11
7.50173e-11
8.26515e-11
9.076e-11
9.93033e-11
1.08215e-10
1.17398e-10
1.26714e-10
1.35982e-10
1.44971e-10
1.53403e-10
1.60956e-10
1.67275e-10
1.71993e-10
1.74758e-10
1.7527e-10
1.73316e-10
1.68799e-10
1.61765e-10
1.524e-10
1.41022e-10
1.28039e-10
1.13912e-10
9.91001e-11
8.40206e-11
6.90148e-11
5.43278e-11
4.00996e-11
2.63643e-11
1.30532e-11
3.34107e-33
1.22642e-15
8.28854e-13
1.61721e-12
2.36796e-12
3.08289e-12
3.76368e-12
4.41195e-12
5.02924e-12
5.61702e-12
6.1767e-12
6.70962e-12
7.21705e-12
7.7002e-12
8.16024e-12
8.59828e-12
9.01536e-12
9.41248e-12
9.79061e-12
1.01507e-11
1.04935e-11
1.08199e-11
1.11307e-11
1.14266e-11
1.17084e-11
1.19768e-11
1.22322e-11
1.24755e-11
1.27072e-11
1.29278e-11
1.31378e-11
1.33378e-11
1.35282e-11
1.56235e-11
1.79231e-11
2.04457e-11
2.32109e-11
2.62393e-11
2.95525e-11
3.31724e-11
3.7121e-11
4.14197e-11
4.60882e-11
5.11434e-11
5.65973e-11
6.24554e-11
6.87134e-11
7.53539e-11
8.23425e-11
8.96227e-11
9.71108e-11
1.04691e-10
1.12211e-10
1.19477e-10
1.26257e-10
1.32282e-10
1.37258e-10
1.40881e-10
1.42861e-10
1.4295e-10
1.40973e-10
1.36854e-10
1.3063e-10
1.22457e-10
1.12596e-10
1.01381e-10
8.91852e-11
7.63805e-11
6.32993e-11
5.02079e-11
3.72887e-11
2.46314e-11
1.22323e-11
3.44699e-33
9.15652e-16
6.18884e-13
1.20753e-12
1.76811e-12
2.30195e-12
2.81031e-12
3.2944e-12
3.75536e-12
4.19431e-12
4.61228e-12
5.01028e-12
5.38926e-12
5.75012e-12
6.09373e-12
6.42091e-12
6.73246e-12
7.02911e-12
7.31158e-12
7.58055e-12
7.83666e-12
8.08053e-12
8.31274e-12
8.53386e-12
8.74441e-12
8.9449e-12
9.13581e-12
9.3176e-12
9.49071e-12
9.65554e-12
9.81251e-12
9.96198e-12
1.01043e-11
1.16704e-11
1.339e-11
1.52771e-11
1.73468e-11
1.96152e-11
2.2099e-11
2.48157e-11
2.77831e-11
3.10189e-11
3.45404e-11
3.83631e-11
4.25003e-11
4.69611e-11
5.17491e-11
5.68596e-11
6.22768e-11
6.79707e-11
7.38928e-11
7.99721e-11
8.61107e-11
9.21801e-11
9.80188e-11
1.03432e-10
1.08196e-10
1.12067e-10
1.1479e-10
1.16128e-10
1.15876e-10
1.13889e-10
1.10104e-10
1.04555e-10
9.73679e-11
8.8756e-11
7.89921e-11
6.83782e-11
5.72118e-11
4.57557e-11
3.42141e-11
2.27181e-11
1.13204e-11
3.51252e-33
6.80618e-16
4.60061e-13
8.97648e-13
1.31437e-12
1.71123e-12
2.08914e-12
2.44903e-12
2.79173e-12
3.11807e-12
3.42882e-12
3.72473e-12
4.00651e-12
4.27482e-12
4.53032e-12
4.77361e-12
5.00528e-12
5.22588e-12
5.43594e-12
5.63597e-12
5.82644e-12
6.00781e-12
6.18052e-12
6.34498e-12
6.50158e-12
6.65071e-12
6.79271e-12
6.92794e-12
7.0567e-12
7.17932e-12
7.29609e-12
7.40728e-12
7.51317e-12
8.67843e-12
9.95822e-12
1.13632e-11
1.29049e-11
1.45955e-11
1.6448e-11
1.8476e-11
2.06937e-11
2.31153e-11
2.5755e-11
2.86266e-11
3.17424e-11
3.51127e-11
3.87442e-11
4.26388e-11
4.67917e-11
5.11886e-11
5.58034e-11
6.05943e-11
6.5501e-11
7.04407e-11
7.53051e-11
7.99589e-11
8.42393e-11
8.79594e-11
9.09153e-11
9.28976e-11
9.37074e-11
9.31757e-11
9.11835e-11
8.7679e-11
8.2688e-11
7.6315e-11
6.87331e-11
6.01634e-11
5.08493e-11
4.10281e-11
3.09056e-11
2.06381e-11
1.03222e-11
3.52711e-33
5.03042e-16
3.4005e-13
6.63491e-13
9.71516e-13
1.26485e-12
1.5442e-12
1.81022e-12
2.06354e-12
2.30478e-12
2.5345e-12
2.75325e-12
2.96156e-12
3.15992e-12
3.34881e-12
3.52868e-12
3.69996e-12
3.86306e-12
4.01837e-12
4.16627e-12
4.30711e-12
4.44122e-12
4.56893e-12
4.69054e-12
4.80635e-12
4.91663e-12
5.02164e-12
5.12164e-12
5.21687e-12
5.30756e-12
5.39391e-12
5.47615e-12
5.55446e-12
6.41639e-12
7.36326e-12
8.40308e-12
9.54449e-12
1.07968e-11
1.21698e-11
1.3674e-11
1.53203e-11
1.71201e-11
1.90847e-11
2.12256e-11
2.35534e-11
2.60779e-11
2.88067e-11
3.17448e-11
3.48929e-11
3.82459e-11
4.17909e-11
4.5505e-11
4.93524e-11
5.32816e-11
5.72224e-11
6.10838e-11
6.4752e-11
6.80907e-11
7.09439e-11
7.31417e-11
7.451e-11
7.48836e-11
7.41226e-11
7.21283e-11
6.88578e-11
6.43319e-11
5.86357e-11
5.19101e-11
4.43343e-11
3.61043e-11
2.74099e-11
1.84153e-11
9.24748e-12
3.48038e-33
3.68995e-16
2.49449e-13
4.86714e-13
7.12672e-13
9.27858e-13
1.13278e-12
1.32793e-12
1.51378e-12
1.69075e-12
1.85928e-12
2.01977e-12
2.1726e-12
2.31813e-12
2.45672e-12
2.58869e-12
2.71436e-12
2.83404e-12
2.948e-12
3.05652e-12
3.15986e-12
3.25828e-12
3.35199e-12
3.44123e-12
3.52621e-12
3.60714e-12
3.68421e-12
3.7576e-12
3.82749e-12
3.89404e-12
3.95742e-12
4.01778e-12
4.07525e-12
4.70791e-12
5.40306e-12
6.16663e-12
7.00506e-12
7.92529e-12
8.93472e-12
1.00413e-11
1.12533e-11
1.25795e-11
1.40289e-11
1.56104e-11
1.73331e-11
1.92052e-11
2.12342e-11
2.34258e-11
2.57833e-11
2.83064e-11
3.09899e-11
3.38223e-11
3.67833e-11
3.98421e-11
4.29548e-11
4.60618e-11
4.90863e-11
5.19328e-11
5.44872e-11
5.66192e-11
5.81872e-11
5.90465e-11
5.90602e-11
5.81124e-11
5.61218e-11
5.30529e-11
4.89232e-11
4.38028e-11
3.78069e-11
3.10823e-11
2.37893e-11
1.6085e-11
8.11157e-12
3.36302e-33
2.67853e-16
1.81082e-13
3.53321e-13
5.17352e-13
6.73565e-13
8.2233e-13
9.64002e-13
1.09892e-12
1.2274e-12
1.34975e-12
1.46626e-12
1.57722e-12
1.68288e-12
1.78349e-12
1.87931e-12
1.97056e-12
2.05745e-12
2.1402e-12
2.219e-12
2.29403e-12
2.36549e-12
2.43354e-12
2.49834e-12
2.56005e-12
2.61882e-12
2.67478e-12
2.72808e-12
2.77883e-12
2.82716e-12
2.87319e-12
2.91702e-12
2.95876e-12
3.41825e-12
3.92321e-12
4.47798e-12
5.0873e-12
5.75627e-12
6.49038e-12
7.29552e-12
8.17793e-12
9.1442e-12
1.02012e-11
1.13559e-11
1.26154e-11
1.39865e-11
1.54757e-11
1.70883e-11
1.88286e-11
2.06985e-11
2.26969e-11
2.48187e-11
2.70532e-11
2.93828e-11
3.17807e-11
3.42094e-11
3.66185e-11
3.89433e-11
4.11034e-11
4.30036e-11
4.45353e-11
4.55808e-11
4.60204e-11
4.5741e-11
4.46476e-11
4.2674e-11
3.97925e-11
3.60189e-11
3.14128e-11
2.60713e-11
2.01182e-11
1.36915e-11
6.93471e-12
3.16756e-33
1.91497e-16
1.29466e-13
2.52609e-13
3.69884e-13
4.81571e-13
5.87933e-13
6.89225e-13
7.85687e-13
8.77549e-13
9.65029e-13
1.04834e-12
1.12767e-12
1.20322e-12
1.27517e-12
1.34368e-12
1.40893e-12
1.47106e-12
1.53023e-12
1.58658e-12
1.64024e-12
1.69134e-12
1.74e-12
1.78634e-12
1.83047e-12
1.8725e-12
1.91252e-12
1.95064e-12
1.98693e-12
2.0215e-12
2.05442e-12
2.08576e-12
2.11562e-12
2.44426e-12
2.80547e-12
3.20238e-12
3.6384e-12
4.11723e-12
4.64286e-12
5.21957e-12
5.85193e-12
6.54481e-12
7.3033e-12
8.13268e-12
9.03835e-12
1.00257e-11
1.10998e-11
1.22654e-11
1.35265e-11
1.48858e-11
1.63442e-11
1.78999e-11
1.9548e-11
2.12788e-11
2.30765e-11
2.49183e-11
2.6772e-11
2.85951e-11
3.03332e-11
3.19193e-11
3.32741e-11
3.43077e-11
3.49234e-11
3.50229e-11
3.45146e-11
3.33219e-11
3.13932e-11
2.8709e-11
2.52864e-11
2.11796e-11
1.6475e-11
1.12845e-11
5.74042e-12
2.88888e-33
1.33667e-16
9.03711e-14
1.76329e-13
2.58192e-13
3.36153e-13
4.10399e-13
4.81106e-13
5.48441e-13
6.12566e-13
6.73634e-13
7.31789e-13
7.87171e-13
8.39912e-13
8.90137e-13
9.37968e-13
9.83517e-13
1.02689e-12
1.0682e-12
1.10754e-12
1.145e-12
1.18068e-12
1.21465e-12
1.247e-12
1.27782e-12
1.30716e-12
1.3351e-12
1.36171e-12
1.38705e-12
1.41119e-12
1.43417e-12
1.45606e-12
1.4769e-12
1.70638e-12
1.95862e-12
2.23582e-12
2.54039e-12
2.87494e-12
3.24227e-12
3.64542e-12
4.08765e-12
4.57244e-12
5.10344e-12
5.6845e-12
6.31956e-12
7.01264e-12
7.76767e-12
8.58839e-12
9.47813e-12
1.04395e-11
1.14741e-11
1.2582e-11
1.37611e-11
1.50063e-11
1.6309e-11
1.76554e-11
1.9026e-11
2.03935e-11
2.17224e-11
2.29676e-11
2.40738e-11
2.49762e-11
2.56017e-11
2.58722e-11
2.57094e-11
2.50412e-11
2.38091e-11
2.1976e-11
1.95323e-11
1.64996e-11
1.29315e-11
8.91159e-12
4.55219e-12
2.52361e-33
8.94576e-17
6.04827e-14
1.18012e-13
1.728e-13
2.24978e-13
2.74669e-13
3.21992e-13
3.67059e-13
4.09977e-13
4.5085e-13
4.89773e-13
5.2684e-13
5.62141e-13
5.95757e-13
6.27771e-13
6.58258e-13
6.87292e-13
7.14941e-13
7.41271e-13
7.66347e-13
7.90226e-13
8.12967e-13
8.34623e-13
8.55248e-13
8.74888e-13
8.93593e-13
9.11405e-13
9.28369e-13
9.44524e-13
9.59908e-13
9.7456e-13
9.88513e-13
1.14213e-12
1.311e-12
1.49661e-12
1.70056e-12
1.92461e-12
2.17067e-12
2.4408e-12
2.7372e-12
3.06223e-12
3.41842e-12
3.8084e-12
4.23492e-12
4.70079e-12
5.20884e-12
5.76179e-12
6.36217e-12
7.01213e-12
7.71324e-12
8.46616e-12
9.2703e-12
1.01233e-11
1.10205e-11
1.19541e-11
1.29124e-11
1.38791e-11
1.48318e-11
1.57416e-11
1.65723e-11
1.72797e-11
1.78128e-11
1.81146e-11
1.8125e-11
1.7785e-11
1.7042e-11
1.58554e-11
1.42036e-11
1.20882e-11
9.53763e-12
6.60881e-12
3.38856e-12
2.06789e-33
5.48582e-17
3.70904e-14
7.23697e-14
1.05968e-13
1.37966e-13
1.68439e-13
1.97459e-13
2.25097e-13
2.51417e-13
2.76482e-13
3.00352e-13
3.23084e-13
3.44733e-13
3.65349e-13
3.84982e-13
4.03679e-13
4.21485e-13
4.38442e-13
4.5459e-13
4.69968e-13
4.84614e-13
4.98561e-13
5.11843e-13
5.24492e-13
5.36538e-13
5.48009e-13
5.58934e-13
5.69338e-13
5.79246e-13
5.88682e-13
5.97668e-13
6.06226e-13
7.00448e-13
8.04029e-13
9.17883e-13
1.043e-12
1.18047e-12
1.33147e-12
1.49725e-12
1.67921e-12
1.87879e-12
2.09758e-12
2.33722e-12
2.59944e-12
2.88603e-12
3.19881e-12
3.53954e-12
3.90991e-12
4.31143e-12
4.74528e-12
5.21216e-12
5.71207e-12
6.24403e-12
6.80572e-12
7.39305e-12
7.99964e-12
8.61621e-12
9.22996e-12
9.82389e-12
1.03762e-11
1.08599e-11
1.12429e-11
1.14884e-11
1.1556e-11
1.14045e-11
1.09947e-11
1.02937e-11
9.27937e-12
7.94501e-12
6.30283e-12
4.38698e-12
2.25632e-12
1.51211e-33
2.62939e-17
1.77778e-14
3.46876e-14
5.07918e-14
6.61286e-14
8.07347e-14
9.46447e-14
1.07892e-13
1.20507e-13
1.32522e-13
1.43963e-13
1.54859e-13
1.65236e-13
1.75118e-13
1.84528e-13
1.9349e-13
2.02025e-13
2.10153e-13
2.17894e-13
2.25265e-13
2.32285e-13
2.3897e-13
2.45337e-13
2.514e-13
2.57174e-13
2.62673e-13
2.6791e-13
2.72897e-13
2.77647e-13
2.8217e-13
2.86477e-13
2.9058e-13
3.35746e-13
3.85401e-13
4.39983e-13
4.99969e-13
5.65881e-13
6.38283e-13
7.17788e-13
8.05056e-13
9.00799e-13
1.00577e-12
1.12078e-12
1.24667e-12
1.38431e-12
1.53459e-12
1.69841e-12
1.8766e-12
2.06994e-12
2.27907e-12
2.50442e-12
2.7461e-12
3.00379e-12
3.27654e-12
3.56261e-12
3.85917e-12
4.16207e-12
4.46543e-12
4.76139e-12
5.03969e-12
5.28747e-12
5.48914e-12
5.62652e-12
5.6793e-12
5.62609e-12
5.44588e-12
5.12013e-12
4.63517e-12
3.98487e-12
3.17299e-12
2.21532e-12
1.14182e-12
8.31273e-34
7.77391e-42
1.02352e-40
3.36638e-40
6.76379e-40
1.0868e-39
1.54013e-39
2.01439e-39
2.49246e-39
2.96116e-39
3.41059e-39
3.83355e-39
4.22496e-39
4.58154e-39
4.90137e-39
5.18368e-39
5.42855e-39
5.63673e-39
5.80947e-39
5.9484e-39
6.05541e-39
6.13255e-39
6.18198e-39
6.2059e-39
6.2065e-39
6.18596e-39
6.14636e-39
6.08972e-39
6.01796e-39
5.9329e-39
5.83623e-39
5.72955e-39
3.79458e-38
8.99341e-38
1.30297e-37
1.86748e-37
2.65225e-37
3.73755e-37
5.23167e-37
7.28042e-37
1.00797e-36
1.38924e-36
1.90702e-36
2.60833e-36
3.55581e-36
4.83283e-36
6.54999e-36
8.85363e-36
1.19367e-35
1.60528e-35
2.15334e-35
2.88098e-35
3.84391e-35
5.11353e-35
6.78046e-35
8.9582e-35
1.17867e-34
1.54351e-34
2.01017e-34
2.60109e-34
3.34021e-34
4.25081e-34
5.35172e-34
6.65135e-34
8.13884e-34
9.77192e-34
1.14614e-33
1.30526e-33
1.4306e-33
1.48785e-33
1.43111e-33
1.20306e-33
7.37953e-34
2.8881e-34
