-1.55343e-39
-2.04526e-38
-6.72688e-38
-1.35158e-37
-2.17171e-37
-3.07756e-37
-4.02526e-37
-4.98055e-37
-5.91713e-37
-6.81521e-37
-7.66037e-37
-8.44251e-37
-9.15502e-37
-9.79412e-37
-1.03582e-36
-1.08475e-36
-1.12635e-36
-1.16087e-36
-1.18863e-36
-1.21001e-36
-1.22542e-36
-1.2353e-36
-1.24008e-36
-1.2402e-36
-1.23609e-36
-1.22818e-36
-1.21686e-36
-1.20252e-36
-1.18552e-36
-1.1662e-36
-1.14489e-36
-7.58235e-36
-1.79706e-35
-2.60355e-35
-3.7315e-35
-5.2995e-35
-7.46791e-35
-1.0453e-34
-1.4546e-34
-2.01382e-34
-2.77543e-34
-3.80964e-34
-5.21025e-34
-7.10229e-34
-9.65198e-34
-1.30798e-33
-1.76772e-33
-2.38285e-33
-3.20378e-33
-4.2964e-33
-5.74627e-33
-7.66378e-33
-1.01901e-32
-1.3504e-32
-1.78288e-32
-2.34385e-32
-3.0663e-32
-3.98868e-32
-5.1541e-32
-6.60801e-32
-8.39378e-32
-1.05451e-31
-1.30741e-31
-1.59546e-31
-1.90988e-31
-2.23288e-31
-2.5343e-31
-2.76813e-31
-2.86926e-31
-2.7514e-31
-2.30709e-31
-1.41273e-31
-2.67665e-32
2.84836e-17
1.92583e-14
3.75761e-14
5.50214e-14
7.16354e-14
8.74578e-14
1.02526e-13
1.16876e-13
1.30542e-13
1.43557e-13
1.55951e-13
1.67754e-13
1.78995e-13
1.897e-13
1.99894e-13
2.09602e-13
2.18848e-13
2.27652e-13
2.36037e-13
2.44022e-13
2.51627e-13
2.58869e-13
2.65765e-13
2.72333e-13
2.78588e-13
2.84545e-13
2.90217e-13
2.9562e-13
3.00765e-13
3.05664e-13
3.1033e-13
3.14774e-13
3.637e-13
4.17487e-13
4.7661e-13
5.41586e-13
6.12978e-13
6.91398e-13
7.77507e-13
8.72021e-13
9.75705e-13
1.08938e-12
1.21391e-12
1.3502e-12
1.4992e-12
1.66185e-12
1.83911e-12
2.03188e-12
2.24097e-12
2.46705e-12
2.71055e-12
2.97154e-12
3.24961e-12
3.54367e-12
3.85174e-12
4.17067e-12
4.49581e-12
4.82071e-12
5.13669e-12
5.43254e-12
5.69429e-12
5.90505e-12
6.0453e-12
6.09342e-12
6.02687e-12
5.82382e-12
5.46544e-12
4.93841e-12
4.23757e-12
3.36826e-12
2.34812e-12
1.20898e-12
-1.51067e-31
5.95522e-17
4.02639e-14
7.85618e-14
1.15035e-13
1.49771e-13
1.82851e-13
2.14354e-13
2.44356e-13
2.72928e-13
3.00137e-13
3.2605e-13
3.50727e-13
3.74227e-13
3.96607e-13
4.1792e-13
4.38216e-13
4.57545e-13
4.75952e-13
4.93482e-13
5.10176e-13
5.26074e-13
5.41214e-13
5.55632e-13
5.69362e-13
5.82439e-13
5.94891e-13
6.0675e-13
6.18044e-13
6.288e-13
6.39043e-13
6.48797e-13
6.58087e-13
7.60365e-13
8.72803e-13
9.96388e-13
1.1322e-12
1.28141e-12
1.44529e-12
1.62523e-12
1.82269e-12
2.03927e-12
2.27667e-12
2.53667e-12
2.82113e-12
3.13197e-12
3.47114e-12
3.84053e-12
4.24194e-12
4.67693e-12
5.14672e-12
5.65199e-12
6.19262e-12
6.7674e-12
7.37364e-12
8.00669e-12
8.65937e-12
9.32135e-12
9.97842e-12
1.06119e-11
1.11978e-11
1.17069e-11
1.21043e-11
1.23506e-11
1.24031e-11
1.22185e-11
1.17566e-11
1.09843e-11
9.88107e-12
8.44261e-12
6.68466e-12
4.64517e-12
2.38637e-12
-2.74713e-31
9.74298e-17
6.58724e-14
1.28528e-13
1.88199e-13
2.45026e-13
2.99145e-13
3.50684e-13
3.99767e-13
4.46509e-13
4.91023e-13
5.33415e-13
5.73785e-13
6.1223e-13
6.48842e-13
6.83708e-13
7.16911e-13
7.48531e-13
7.78643e-13
8.07319e-13
8.34628e-13
8.60634e-13
8.85401e-13
9.08986e-13
9.31447e-13
9.52837e-13
9.73207e-13
9.92607e-13
1.01108e-12
1.02867e-12
1.04543e-12
1.06139e-12
1.07658e-12
1.24388e-12
1.42778e-12
1.6299e-12
1.852e-12
2.09597e-12
2.3639e-12
2.65801e-12
2.9807e-12
3.33454e-12
3.72224e-12
4.14666e-12
4.61077e-12
5.11759e-12
5.67013e-12
6.27132e-12
6.92381e-12
7.62985e-12
8.39097e-12
9.20773e-12
1.00792e-11
1.10026e-11
1.19725e-11
1.29799e-11
1.40118e-11
1.50497e-11
1.60687e-11
1.7037e-11
1.79147e-11
1.86539e-11
1.91993e-11
1.94902e-11
1.94632e-11
1.90572e-11
1.82192e-11
1.69101e-11
1.51117e-11
1.28308e-11
1.01017e-11
6.98701e-12
3.57798e-12
-3.75503e-31
1.46213e-16
9.88523e-14
1.92877e-13
2.82422e-13
3.677e-13
4.48914e-13
5.26255e-13
5.9991e-13
6.70052e-13
7.3685e-13
8.00462e-13
8.6104e-13
9.18729e-13
9.73667e-13
1.02598e-12
1.07581e-12
1.12325e-12
1.16844e-12
1.21146e-12
1.25244e-12
1.29146e-12
1.32862e-12
1.36401e-12
1.39771e-12
1.4298e-12
1.46037e-12
1.48947e-12
1.51719e-12
1.54359e-12
1.56873e-12
1.59267e-12
1.61547e-12
1.86646e-12
2.14234e-12
2.44552e-12
2.77861e-12
3.14446e-12
3.54614e-12
3.98696e-12
4.47046e-12
5.00041e-12
5.5808e-12
6.21577e-12
6.9096e-12
7.66658e-12
8.49095e-12
9.38664e-12
1.03571e-11
1.14051e-11
1.25319e-11
1.37374e-11
1.50187e-11
1.63699e-11
1.77807e-11
1.92355e-11
2.07119e-11
2.21793e-11
2.35981e-11
2.49182e-11
2.60789e-11
2.70096e-11
2.7632e-11
2.78631e-11
2.76215e-11
2.68341e-11
2.54443e-11
2.34195e-11
2.07571e-11
1.74873e-11
1.36724e-11
9.40337e-12
4.79677e-12
-4.57963e-31
2.10604e-16
1.42382e-13
2.77812e-13
4.06788e-13
5.29617e-13
6.46591e-13
7.57987e-13
8.64072e-13
9.65097e-13
1.0613e-12
1.15292e-12
1.24017e-12
1.32326e-12
1.40238e-12
1.47773e-12
1.54948e-12
1.61781e-12
1.68288e-12
1.74484e-12
1.80385e-12
1.86005e-12
1.91356e-12
1.96452e-12
2.01306e-12
2.05927e-12
2.10328e-12
2.1452e-12
2.18511e-12
2.22312e-12
2.25932e-12
2.29379e-12
2.32662e-12
2.68801e-12
3.0852e-12
3.52163e-12
4.00103e-12
4.52746e-12
5.10529e-12
5.73921e-12
6.43421e-12
7.19558e-12
8.02888e-12
8.93982e-12
9.93423e-12
1.10179e-11
1.21962e-11
1.34742e-11
1.48559e-11
1.63437e-11
1.79383e-11
1.96372e-11
2.14338e-11
2.33167e-11
2.52674e-11
2.72594e-11
2.92561e-11
3.12094e-11
3.30581e-11
3.47281e-11
3.61323e-11
3.71734e-11
3.77481e-11
3.77538e-11
3.70973e-11
3.57044e-11
3.35295e-11
3.05626e-11
2.6833e-11
2.24073e-11
1.73832e-11
1.18805e-11
6.03456e-12
-5.2383e-31
2.96497e-16
2.00444e-13
3.91099e-13
5.72668e-13
7.45582e-13
9.10252e-13
1.06707e-12
1.21641e-12
1.35862e-12
1.49405e-12
1.62302e-12
1.74583e-12
1.86279e-12
1.97416e-12
2.08022e-12
2.18121e-12
2.27739e-12
2.36898e-12
2.4562e-12
2.53925e-12
2.61834e-12
2.69366e-12
2.76539e-12
2.83369e-12
2.89873e-12
2.96067e-12
3.01966e-12
3.07583e-12
3.12933e-12
3.18027e-12
3.22878e-12
3.27498e-12
3.78352e-12
4.34236e-12
4.95629e-12
5.63052e-12
6.3707e-12
7.18285e-12
8.07344e-12
9.04933e-12
1.01177e-11
1.12861e-11
1.2562e-11
1.39531e-11
1.54667e-11
1.71095e-11
1.88872e-11
2.08036e-11
2.28603e-11
2.50551e-11
2.73812e-11
2.98253e-11
3.23662e-11
3.49725e-11
3.76005e-11
4.01923e-11
4.26744e-11
4.49568e-11
4.69336e-11
4.84863e-11
4.94885e-11
4.98144e-11
4.93491e-11
4.80003e-11
4.571e-11
4.24636e-11
3.82932e-11
3.32761e-11
2.75256e-11
2.11782e-11
1.4379e-11
7.27127e-12
-5.7382e-31
4.11575e-16
2.78229e-13
5.42869e-13
7.94896e-13
1.03491e-12
1.26347e-12
1.48114e-12
1.68842e-12
1.8858e-12
2.07377e-12
2.25277e-12
2.42322e-12
2.58554e-12
2.74011e-12
2.8873e-12
3.02746e-12
3.16093e-12
3.28803e-12
3.40906e-12
3.52432e-12
3.63407e-12
3.73858e-12
3.83811e-12
3.93289e-12
4.02314e-12
4.10909e-12
4.19093e-12
4.26887e-12
4.34309e-12
4.41377e-12
4.48108e-12
4.54518e-12
5.25069e-12
6.02583e-12
6.8772e-12
7.81194e-12
8.83773e-12
9.96278e-12
1.11958e-11
1.25461e-11
1.4023e-11
1.56365e-11
1.73964e-11
1.93121e-11
2.13926e-11
2.36454e-11
2.6076e-11
2.86872e-11
3.14773e-11
3.44388e-11
3.75568e-11
4.08064e-11
4.41503e-11
4.75365e-11
5.08957e-11
5.41392e-11
5.71582e-11
5.98249e-11
6.19954e-11
6.35165e-11
6.42354e-11
6.40123e-11
6.27354e-11
6.03343e-11
5.67912e-11
5.21458e-11
4.64923e-11
3.99689e-11
3.27407e-11
2.49802e-11
1.6848e-11
8.48217e-12
-6.0857e-31
5.66057e-16
3.82639e-13
7.46587e-13
1.09319e-12
1.42326e-12
1.73759e-12
2.03691e-12
2.32196e-12
2.59339e-12
2.85187e-12
3.09801e-12
3.33239e-12
3.55558e-12
3.76811e-12
3.97049e-12
4.1632e-12
4.34671e-12
4.52145e-12
4.68785e-12
4.84631e-12
4.99719e-12
5.14087e-12
5.27769e-12
5.40798e-12
5.53205e-12
5.65019e-12
5.7627e-12
5.86983e-12
5.97185e-12
6.069e-12
6.16152e-12
6.24962e-12
7.21923e-12
8.2843e-12
9.45379e-12
1.07374e-11
1.21453e-11
1.36887e-11
1.53791e-11
1.72286e-11
1.92496e-11
2.14546e-11
2.38559e-11
2.64648e-11
2.92913e-11
3.2343e-11
3.56239e-11
3.91329e-11
4.28621e-11
4.6794e-11
5.08994e-11
5.51342e-11
5.9436e-11
6.37214e-11
6.78837e-11
7.17913e-11
7.52895e-11
7.82041e-11
8.03496e-11
8.1541e-11
8.16095e-11
8.04202e-11
7.78896e-11
7.39981e-11
6.87968e-11
6.24037e-11
5.49909e-11
4.67637e-11
3.79359e-11
2.87059e-11
1.92361e-11
9.64307e-12
-6.29055e-31
7.73648e-16
5.22927e-13
1.02031e-12
1.49398e-12
1.94505e-12
2.3746e-12
2.78365e-12
3.17317e-12
3.54408e-12
3.89728e-12
4.2336e-12
4.55385e-12
4.85881e-12
5.14918e-12
5.42569e-12
5.68898e-12
5.93968e-12
6.17841e-12
6.40573e-12
6.62219e-12
6.8283e-12
7.02457e-12
7.21146e-12
7.38943e-12
7.55889e-12
7.72026e-12
7.87392e-12
8.02024e-12
8.15958e-12
8.29226e-12
8.41861e-12
8.53893e-12
9.86293e-12
1.13169e-11
1.29128e-11
1.46637e-11
1.65833e-11
1.8686e-11
2.09871e-11
2.35022e-11
2.62471e-11
2.92371e-11
3.24869e-11
3.60094e-11
3.98144e-11
4.39078e-11
4.82891e-11
5.29494e-11
5.78688e-11
6.30124e-11
6.83277e-11
7.37396e-11
7.91476e-11
8.44226e-11
8.94054e-11
9.39084e-11
9.77204e-11
1.00617e-10
1.02373e-10
1.02785e-10
1.01692e-10
9.89941e-11
9.46713e-11
8.87901e-11
8.14995e-11
7.3015e-11
6.35934e-11
5.35036e-11
4.2996e-11
3.22785e-11
2.14981e-11
1.07337e-11
-6.36675e-31
1.05283e-15
7.1157e-13
1.38837e-12
2.0329e-12
2.64668e-12
3.23116e-12
3.78772e-12
4.3177e-12
4.82235e-12
5.30288e-12
5.76044e-12
6.19612e-12
6.61097e-12
7.00598e-12
7.38211e-12
7.74024e-12
8.08126e-12
8.40596e-12
8.71514e-12
9.00953e-12
9.28985e-12
9.55676e-12
9.81092e-12
1.00529e-11
1.02834e-11
1.05028e-11
1.07117e-11
1.09107e-11
1.11001e-11
1.12805e-11
1.14523e-11
1.16159e-11
1.34157e-11
1.53915e-11
1.75593e-11
1.99363e-11
2.25406e-11
2.5391e-11
2.85072e-11
3.19088e-11
3.56153e-11
3.96451e-11
4.40146e-11
4.87366e-11
5.3819e-11
5.92622e-11
6.50563e-11
7.11777e-11
7.75853e-11
8.42155e-11
9.09782e-11
9.77516e-11
1.04379e-10
1.10667e-10
1.16389e-10
1.21286e-10
1.25087e-10
1.27519e-10
1.28336e-10
1.27342e-10
1.24422e-10
1.19554e-10
1.12825e-10
1.04424e-10
9.46185e-11
8.37317e-11
7.20999e-11
6.00401e-11
4.78198e-11
3.56351e-11
2.35993e-11
1.17392e-11
-3.48012e-31
1.07857e-15
7.28966e-13
1.42232e-12
2.0826e-12
2.71138e-12
3.31014e-12
3.88031e-12
4.42324e-12
4.94022e-12
5.43249e-12
5.90123e-12
6.34755e-12
6.77253e-12
7.17719e-12
7.5625e-12
7.92938e-12
8.27872e-12
8.61135e-12
8.92807e-12
9.22965e-12
9.5168e-12
9.79023e-12
1.00506e-11
1.02985e-11
1.05346e-11
1.07593e-11
1.09734e-11
1.11772e-11
1.13712e-11
1.1556e-11
1.1732e-11
1.18996e-11
1.37432e-11
1.5767e-11
1.79875e-11
2.04221e-11
2.30894e-11
2.60086e-11
2.91996e-11
3.26825e-11
3.6477e-11
4.06019e-11
4.50734e-11
4.99046e-11
5.51028e-11
6.06677e-11
6.65886e-11
7.28402e-11
7.93792e-11
8.61393e-11
9.30263e-11
9.99141e-11
1.06641e-10
1.13007e-10
1.18779e-10
1.23694e-10
1.27474e-10
1.29844e-10
1.30557e-10
1.2942e-10
1.26323e-10
1.21253e-10
1.14306e-10
1.05683e-10
9.56626e-11
8.45744e-11
7.27614e-11
6.05434e-11
4.81879e-11
3.58893e-11
2.37575e-11
1.18146e-11
-5.21221e-32
1.4281e-15
9.65104e-13
1.88305e-12
2.7572e-12
3.58963e-12
4.3823e-12
5.1371e-12
5.85581e-12
6.54016e-12
7.19177e-12
7.81221e-12
8.40296e-12
8.96544e-12
9.501e-12
1.00109e-11
1.04965e-11
1.09587e-11
1.13989e-11
1.1818e-11
1.2217e-11
1.2597e-11
1.29587e-11
1.33032e-11
1.36312e-11
1.39435e-11
1.42408e-11
1.4524e-11
1.47935e-11
1.50503e-11
1.52947e-11
1.55274e-11
1.57491e-11
1.81871e-11
2.08624e-11
2.37962e-11
2.70111e-11
3.05305e-11
3.43787e-11
3.85803e-11
4.31597e-11
4.814e-11
5.35418e-11
5.93818e-11
6.56703e-11
7.24087e-11
7.95859e-11
8.71743e-11
9.51244e-11
1.0336e-10
1.11772e-10
1.20212e-10
1.2849e-10
1.36371e-10
1.43576e-10
1.49795e-10
1.54693e-10
1.57939e-10
1.59236e-10
1.58347e-10
1.55133e-10
1.49575e-10
1.41784e-10
1.31998e-10
1.20552e-10
1.07848e-10
9.43063e-11
8.0326e-11
6.62471e-11
5.23278e-11
3.87305e-11
2.55172e-11
1.26507e-11
-5.64124e-32
1.93344e-15
1.30644e-12
2.54902e-12
3.73231e-12
4.85909e-12
5.93202e-12
6.95365e-12
7.9264e-12
8.85259e-12
9.73444e-12
1.05741e-11
1.13735e-11
1.21346e-11
1.28592e-11
1.35492e-11
1.4206e-11
1.48314e-11
1.54269e-11
1.59938e-11
1.65336e-11
1.70475e-11
1.75368e-11
1.80026e-11
1.84462e-11
1.88685e-11
1.92706e-11
1.96534e-11
2.0018e-11
2.03651e-11
2.06955e-11
2.10102e-11
2.13098e-11
2.46051e-11
2.82192e-11
3.21801e-11
3.6517e-11
4.12599e-11
4.64396e-11
5.20862e-11
5.82289e-11
6.48934e-11
7.2101e-11
7.98652e-11
8.81886e-11
9.70587e-11
1.06443e-10
1.16281e-10
1.26481e-10
1.36911e-10
1.47391e-10
1.57688e-10
1.67516e-10
1.76535e-10
1.84363e-10
1.90595e-10
1.94826e-10
1.96694e-10
1.95912e-10
1.92315e-10
1.85884e-10
1.76763e-10
1.65248e-10
1.5176e-10
1.36796e-10
1.20881e-10
1.04511e-10
8.81162e-11
7.20272e-11
5.64653e-11
4.15375e-11
2.72404e-11
1.34648e-11
-5.69536e-32
2.61487e-15
1.7666e-12
3.44684e-12
5.04686e-12
6.57043e-12
8.02112e-12
9.40239e-12
1.07175e-11
1.19696e-11
1.31617e-11
1.42967e-11
1.53772e-11
1.64059e-11
1.73853e-11
1.83176e-11
1.92053e-11
2.00503e-11
2.08548e-11
2.16208e-11
2.235e-11
2.30442e-11
2.37051e-11
2.43344e-11
2.49334e-11
2.55038e-11
2.60468e-11
2.65638e-11
2.70561e-11
2.75248e-11
2.7971e-11
2.83958e-11
2.88004e-11
3.32479e-11
3.81228e-11
4.34614e-11
4.9301e-11
5.56795e-11
6.26348e-11
7.02029e-11
7.84163e-11
8.73018e-11
9.68769e-11
1.07146e-10
1.18094e-10
1.29682e-10
1.41839e-10
1.54452e-10
1.6736e-10
1.80343e-10
1.93118e-10
2.05333e-10
2.16573e-10
2.26371e-10
2.34229e-10
2.39655e-10
2.42205e-10
2.41532e-10
2.37439e-10
2.29908e-10
2.19122e-10
2.05453e-10
1.89422e-10
1.71649e-10
1.52783e-10
1.33441e-10
1.14158e-10
9.53532e-11
7.73153e-11
6.02015e-11
4.40455e-11
2.87676e-11
1.41825e-11
-3.31016e-32
2.76284e-15
1.86651e-12
3.64177e-12
5.33227e-12
6.94197e-12
8.47468e-12
9.93402e-12
1.13235e-11
1.26463e-11
1.39058e-11
1.51048e-11
1.62463e-11
1.73331e-11
1.83677e-11
1.93527e-11
2.02904e-11
2.11831e-11
2.2033e-11
2.28421e-11
2.36124e-11
2.43457e-11
2.50439e-11
2.57086e-11
2.63414e-11
2.69438e-11
2.75174e-11
2.80635e-11
2.85835e-11
2.90785e-11
2.95498e-11
2.99985e-11
3.04258e-11
3.5123e-11
4.02711e-11
4.59078e-11
5.20722e-11
5.8804e-11
6.61421e-11
7.41237e-11
8.27817e-11
9.21426e-11
1.02222e-10
1.13023e-10
1.24525e-10
1.36682e-10
1.49414e-10
1.62595e-10
1.76048e-10
1.89532e-10
2.02742e-10
2.15299e-10
2.26762e-10
2.36638e-10
2.44408e-10
2.49567e-10
2.51668e-10
2.50379e-10
2.45525e-10
2.37128e-10
2.25416e-10
2.10808e-10
1.93872e-10
1.75261e-10
1.55649e-10
1.35666e-10
1.15849e-10
9.66093e-11
7.82254e-11
6.08399e-11
4.44716e-11
2.90259e-11
1.43035e-11
-1.5078e-32
3.53235e-15
2.38599e-12
4.6553e-12
6.81622e-12
8.8738e-12
1.08329e-11
1.26981e-11
1.44739e-11
1.61645e-11
1.7774e-11
1.93062e-11
2.07648e-11
2.21533e-11
2.34752e-11
2.47335e-11
2.59314e-11
2.70717e-11
2.81572e-11
2.91906e-11
3.01743e-11
3.11108e-11
3.20023e-11
3.28511e-11
3.3659e-11
3.44282e-11
3.51605e-11
3.58576e-11
3.65213e-11
3.71532e-11
3.77548e-11
3.83275e-11
3.88728e-11
4.4866e-11
5.14303e-11
5.86121e-11
6.64586e-11
7.50166e-11
8.43312e-11
9.44432e-11
1.05386e-10
1.17183e-10
1.2984e-10
1.4334e-10
1.57637e-10
1.72644e-10
1.88226e-10
2.04185e-10
2.20253e-10
2.36082e-10
2.51241e-10
2.65221e-10
2.77449e-10
2.87313e-10
2.94208e-10
2.97592e-10
2.97043e-10
2.92321e-10
2.83412e-10
2.70549e-10
2.54197e-10
2.35006e-10
2.13743e-10
1.91212e-10
1.68177e-10
1.453e-10
1.23106e-10
1.01961e-10
8.20778e-11
6.35277e-11
4.62574e-11
3.01049e-11
1.48081e-11
-2.19727e-32
4.77107e-15
3.22195e-12
6.28628e-12
9.20414e-12
1.19823e-11
1.46274e-11
1.71456e-11
1.95429e-11
2.1825e-11
2.39973e-11
2.60652e-11
2.80337e-11
2.99073e-11
3.16908e-11
3.33885e-11
3.50044e-11
3.65425e-11
3.80066e-11
3.94002e-11
4.07268e-11
4.19895e-11
4.31915e-11
4.43357e-11
4.54248e-11
4.64616e-11
4.74486e-11
4.83881e-11
4.92825e-11
5.01339e-11
5.09445e-11
5.17161e-11
5.24507e-11
6.05211e-11
6.93525e-11
7.90035e-11
8.95324e-11
1.00995e-10
1.13443e-10
1.26919e-10
1.41451e-10
1.57049e-10
1.73694e-10
1.9133e-10
2.09852e-10
2.29096e-10
2.48819e-10
2.68693e-10
2.88292e-10
3.07086e-10
3.24449e-10
3.39674e-10
3.52011e-10
3.60716e-10
3.65122e-10
3.64713e-10
3.59199e-10
3.48571e-10
3.33123e-10
3.13437e-10
2.90321e-10
2.64728e-10
2.37651e-10
2.10035e-10
1.82697e-10
1.56287e-10
1.31263e-10
1.079e-10
8.63074e-11
6.64519e-11
4.81861e-11
3.12639e-11
1.53481e-11
-2.29368e-32
6.4472e-15
4.3526e-12
8.49216e-12
1.24337e-11
1.61864e-11
1.9759e-11
2.316e-11
2.63973e-11
2.94789e-11
3.24119e-11
3.52037e-11
3.78608e-11
4.03897e-11
4.27966e-11
4.50875e-11
4.72677e-11
4.93428e-11
5.13178e-11
5.31974e-11
5.49865e-11
5.66892e-11
5.83098e-11
5.98524e-11
6.13206e-11
6.2718e-11
6.40482e-11
6.53143e-11
6.65195e-11
6.76667e-11
6.87587e-11
6.97982e-11
7.07878e-11
8.16528e-11
9.35292e-11
1.06489e-10
1.20603e-10
1.35935e-10
1.52538e-10
1.70449e-10
1.89682e-10
2.10214e-10
2.31979e-10
2.5485e-10
2.78624e-10
3.03006e-10
3.27593e-10
3.51859e-10
3.75153e-10
3.96703e-10
4.15637e-10
4.3103e-10
4.41967e-10
4.47625e-10
4.47373e-10
4.40861e-10
4.28085e-10
4.0942e-10
3.85591e-10
3.57605e-10
3.26642e-10
2.93933e-10
2.60641e-10
2.27776e-10
1.96137e-10
1.66292e-10
1.38586e-10
1.13166e-10
9.00178e-11
6.89947e-11
4.98515e-11
3.22594e-11
1.58103e-11
-2.14857e-32
8.71794e-15
5.88353e-12
1.14789e-11
1.68064e-11
2.18783e-11
2.67064e-11
3.1302e-11
3.56762e-11
3.98392e-11
4.38013e-11
4.75719e-11
5.11601e-11
5.45749e-11
5.78244e-11
6.09167e-11
6.38593e-11
6.66596e-11
6.93244e-11
7.18603e-11
7.42735e-11
7.657e-11
7.87555e-11
8.08354e-11
8.28148e-11
8.46986e-11
8.64915e-11
8.81978e-11
8.98218e-11
9.13675e-11
9.28387e-11
9.4239e-11
9.55718e-11
1.10197e-10
1.26161e-10
1.43552e-10
1.6245e-10
1.82922e-10
2.05016e-10
2.28749e-10
2.54098e-10
2.80982e-10
3.09246e-10
3.38642e-10
3.68809e-10
3.99248e-10
4.29313e-10
4.58199e-10
4.84952e-10
5.08496e-10
5.27686e-10
5.41391e-10
5.48598e-10
5.48533e-10
5.40769e-10
5.25315e-10
5.02643e-10
4.73663e-10
4.39631e-10
4.0201e-10
3.62322e-10
3.22004e-10
2.82297e-10
2.44185e-10
2.08364e-10
1.75263e-10
1.4507e-10
1.17779e-10
9.32381e-11
7.11851e-11
5.12775e-11
3.3108e-11
1.62033e-11
-2.00228e-32
1.1799e-14
7.95939e-12
1.55287e-11
2.27352e-11
2.95953e-11
3.6125e-11
4.23397e-11
4.82539e-11
5.3882e-11
5.92375e-11
6.43334e-11
6.9182e-11
7.37954e-11
7.81848e-11
8.23611e-11
8.63346e-11
9.01151e-11
9.37121e-11
9.71346e-11
1.00391e-10
1.03489e-10
1.06437e-10
1.09242e-10
1.11912e-10
1.14451e-10
1.16868e-10
1.19168e-10
1.21357e-10
1.2344e-10
1.25422e-10
1.27308e-10
1.29103e-10
1.48787e-10
1.70237e-10
1.93554e-10
2.18823e-10
2.46106e-10
2.75426e-10
3.06757e-10
3.40001e-10
3.74972e-10
4.11364e-10
4.48732e-10
4.86462e-10
5.23755e-10
5.59616e-10
5.92861e-10
6.22158e-10
6.46087e-10
6.63248e-10
6.72388e-10
6.72555e-10
6.63229e-10
6.44435e-10
6.16774e-10
5.81388e-10
5.39843e-10
4.93959e-10
4.45622e-10
3.96603e-10
3.48433e-10
3.02314e-10
2.59102e-10
2.19319e-10
1.83199e-10
1.50742e-10
1.21777e-10
9.60074e-11
7.30566e-11
5.24897e-11
3.38266e-11
1.65352e-11
-1.85794e-32
1.59865e-14
1.07785e-11
2.10284e-11
3.07862e-11
4.00741e-11
4.89136e-11
5.73252e-11
6.5329e-11
7.29442e-11
8.01891e-11
8.70815e-11
9.36381e-11
9.98753e-11
1.05808e-10
1.11452e-10
1.16821e-10
1.21928e-10
1.26786e-10
1.31407e-10
1.35802e-10
1.39984e-10
1.43962e-10
1.47747e-10
1.51347e-10
1.54772e-10
1.58031e-10
1.61132e-10
1.64082e-10
1.66889e-10
1.69559e-10
1.72101e-10
1.74519e-10
2.01007e-10
2.29811e-10
2.61042e-10
2.94776e-10
3.31047e-10
3.69826e-10
4.10997e-10
4.5433e-10
4.99452e-10
5.45813e-10
5.92656e-10
6.3899e-10
6.8358e-10
7.24957e-10
7.61464e-10
7.91337e-10
8.12836e-10
8.2441e-10
8.24878e-10
8.13611e-10
7.90655e-10
7.56776e-10
7.13412e-10
6.62523e-10
6.06375e-10
5.47308e-10
4.8751e-10
4.28864e-10
3.72846e-10
3.20499e-10
2.72457e-10
2.29001e-10
1.90135e-10
1.55653e-10
1.2521e-10
9.83697e-11
7.46443e-11
5.35136e-11
3.44317e-11
1.68141e-11
-1.71784e-32
2.16885e-14
1.46134e-11
2.85094e-11
4.17371e-11
5.43262e-11
6.63055e-11
7.77031e-11
8.85459e-11
9.886e-11
1.0867e-10
1.18001e-10
1.26875e-10
1.35314e-10
1.4334e-10
1.50973e-10
1.58231e-10
1.65134e-10
1.71698e-10
1.77941e-10
1.83878e-10
1.89524e-10
1.94894e-10
2.00002e-10
2.0486e-10
2.0948e-10
2.13875e-10
2.18056e-10
2.22032e-10
2.25815e-10
2.29414e-10
2.32838e-10
2.36095e-10
2.7173e-10
3.10384e-10
3.52159e-10
3.97101e-10
4.45177e-10
4.9625e-10
5.5004e-10
6.06088e-10
6.63717e-10
7.21988e-10
7.7967e-10
8.35228e-10
8.86832e-10
9.32417e-10
9.69783e-10
9.96761e-10
1.01142e-09
1.0123e-09
9.98628e-10
9.70485e-10
9.2885e-10
8.75539e-10
8.13009e-10
7.44093e-10
6.71696e-10
5.98529e-10
5.2691e-10
4.58646e-10
3.9501e-10
3.36765e-10
2.84248e-10
2.37455e-10
1.96133e-10
1.59865e-10
1.28135e-10
1.00371e-10
7.59832e-11
5.4374e-11
3.49388e-11
1.70474e-11
-1.58358e-32
2.94674e-14
1.9839e-11
3.87027e-11
5.66573e-11
7.37424e-11
8.9997e-11
1.05459e-10
1.20164e-10
1.34149e-10
1.47447e-10
1.60091e-10
1.72112e-10
1.83541e-10
1.94407e-10
2.04737e-10
2.14557e-10
2.23893e-10
2.32768e-10
2.41206e-10
2.49228e-10
2.56856e-10
2.64107e-10
2.71002e-10
2.77558e-10
2.83792e-10
2.8972e-10
2.95357e-10
3.00718e-10
3.05816e-10
3.10666e-10
3.15278e-10
3.19664e-10
3.67585e-10
4.19405e-10
4.75187e-10
5.34899e-10
5.98378e-10
6.65282e-10
7.35048e-10
8.06839e-10
8.7949e-10
9.51471e-10
1.02087e-09
1.08539e-09
1.14246e-09
1.18932e-09
1.22326e-09
1.24187e-09
1.24333e-09
1.2267e-09
1.19209e-09
1.14077e-09
1.07503e-09
9.97976e-10
9.13146e-10
8.24163e-10
7.34389e-10
6.46682e-10
5.63258e-10
4.85664e-10
4.14818e-10
3.51116e-10
2.94535e-10
2.44758e-10
2.01273e-10
1.6345e-10
1.30609e-10
1.02056e-10
7.71063e-11
5.50935e-11
3.53619e-11
1.72418e-11
-1.45623e-32
4.01007e-14
2.69716e-11
5.26153e-11
7.70198e-11
1.00238e-10
1.22323e-10
1.43324e-10
1.63293e-10
1.82277e-10
2.00322e-10
2.17473e-10
2.33774e-10
2.49265e-10
2.63987e-10
2.77977e-10
2.91272e-10
3.03907e-10
3.15913e-10
3.27323e-10
3.38167e-10
3.48472e-10
3.58267e-10
3.67576e-10
3.76425e-10
3.84836e-10
3.92831e-10
4.00432e-10
4.07658e-10
4.14528e-10
4.2106e-10
4.2727e-10
4.33176e-10
4.97572e-10
5.66942e-10
6.41256e-10
7.20318e-10
8.03717e-10
8.90761e-10
9.80413e-10
1.07123e-09
1.16129e-09
1.24822e-09
1.32914e-09
1.40081e-09
1.45978e-09
1.50264e-09
1.52636e-09
1.52866e-09
1.50839e-09
1.46573e-09
1.4023e-09
1.32101e-09
1.22579e-09
1.12108e-09
1.01142e-09
9.00982e-10
7.93293e-10
6.91075e-10
5.96206e-10
5.09789e-10
4.32278e-10
3.63622e-10
3.03413e-10
2.5101e-10
2.05642e-10
1.6648e-10
1.32691e-10
1.03468e-10
7.8044e-11
5.56927e-11
3.57136e-11
1.74033e-11
-1.33638e-32
5.46651e-14
3.67239e-11
7.16364e-11
1.04856e-10
1.36454e-10
1.66501e-10
1.95065e-10
2.22213e-10
2.48013e-10
2.72526e-10
2.95815e-10
3.17938e-10
3.38954e-10
3.58916e-10
3.77876e-10
3.95886e-10
4.12992e-10
4.2924e-10
4.44674e-10
4.59334e-10
4.73261e-10
4.8649e-10
4.99059e-10
5.11001e-10
5.22347e-10
5.33127e-10
5.43372e-10
5.53107e-10
5.6236e-10
5.71153e-10
5.79512e-10
5.87457e-10
6.73897e-10
7.66576e-10
8.65269e-10
9.69476e-10
1.07835e-09
1.1906e-09
1.30444e-09
1.41748e-09
1.52672e-09
1.62855e-09
1.71891e-09
1.79341e-09
1.84777e-09
1.87817e-09
1.88174e-09
1.85704e-09
1.80435e-09
1.72575e-09
1.62497e-09
1.50698e-09
1.37739e-09
1.24188e-09
1.10567e-09
9.73113e-10
8.47556e-10
7.31279e-10
6.256e-10
5.31032e-10
4.47478e-10
3.74405e-10
3.11005e-10
2.56319e-10
2.0933e-10
1.69024e-10
1.34432e-10
1.04645e-10
7.88238e-11
5.61899e-11
3.6005e-11
1.75369e-11
-1.22433e-32
7.46543e-14
5.00799e-11
9.76841e-11
1.42971e-10
1.86035e-10
2.2697e-10
2.6587e-10
3.02826e-10
3.37928e-10
3.71263e-10
4.02915e-10
4.32967e-10
4.61497e-10
4.8858e-10
5.1429e-10
5.38696e-10
5.61864e-10
5.83856e-10
6.04734e-10
6.24554e-10
6.43371e-10
6.61237e-10
6.78201e-10
6.94309e-10
7.09606e-10
7.24134e-10
7.37931e-10
7.51037e-10
7.63487e-10
7.75314e-10
7.8655e-10
7.97227e-10
9.13064e-10
1.03655e-09
1.16708e-09
1.30362e-09
1.44458e-09
1.58772e-09
1.73006e-09
1.86783e-09
1.99649e-09
2.11087e-09
2.20545e-09
2.27478e-09
2.31401e-09
2.31952e-09
2.28949e-09
2.22432e-09
2.12671e-09
2.00144e-09
1.85483e-09
1.69401e-09
1.52612e-09
1.35768e-09
1.1941e-09
1.0395e-09
8.96651e-10
7.67109e-10
6.51452e-10
5.49505e-10
4.60567e-10
3.83614e-10
3.17443e-10
2.60795e-10
2.12425e-10
1.71151e-10
1.35882e-10
1.05622e-10
7.94698e-11
5.66012e-11
3.62457e-11
1.76471e-11
-1.12011e-32
1.02144e-13
6.84e-11
1.33409e-10
1.95239e-10
2.54013e-10
3.09859e-10
3.62902e-10
4.13266e-10
4.61075e-10
5.06449e-10
5.49503e-10
5.90353e-10
6.29106e-10
6.65869e-10
7.00741e-10
7.3382e-10
7.65198e-10
7.94963e-10
8.23199e-10
8.49986e-10
8.75399e-10
8.99511e-10
9.22389e-10
9.441e-10
9.64703e-10
9.84258e-10
1.00282e-09
1.02044e-09
1.03717e-09
1.05305e-09
1.06813e-09
1.08245e-09
1.23732e-09
1.40124e-09
1.57296e-09
1.7505e-09
1.93107e-09
2.11095e-09
2.28539e-09
2.44863e-09
2.59413e-09
2.71486e-09
2.80385e-09
2.8549e-09
2.86341e-09
2.82707e-09
2.74642e-09
2.62496e-09
2.46885e-09
2.28619e-09
2.08604e-09
1.87746e-09
1.66861e-09
1.46624e-09
1.27542e-09
1.09951e-09
9.40353e-10
7.98583e-10
6.73904e-10
5.65392e-10
4.71732e-10
3.91414e-10
3.22864e-10
2.64545e-10
2.15007e-10
1.72919e-10
1.37084e-10
1.06431e-10
8.00034e-11
5.69403e-11
3.64439e-11
1.77379e-11
-1.02359e-32
1.40024e-13
9.35647e-11
1.82475e-10
2.67012e-10
3.47339e-10
4.23623e-10
4.96035e-10
5.64745e-10
6.29922e-10
6.9173e-10
7.50332e-10
8.05886e-10
8.58544e-10
9.08453e-10
9.55754e-10
1.00058e-09
1.04307e-09
1.08333e-09
1.1215e-09
1.15767e-09
1.19196e-09
1.22446e-09
1.25528e-09
1.2845e-09
1.31221e-09
1.33849e-09
1.36341e-09
1.38705e-09
1.40948e-09
1.43076e-09
1.45096e-09
1.47012e-09
1.67651e-09
1.89306e-09
2.11736e-09
2.34595e-09
2.57414e-09
2.79592e-09
3.00403e-09
3.19011e-09
3.34516e-09
3.46022e-09
3.52733e-09
3.54054e-09
3.49689e-09
3.39709e-09
3.2457e-09
3.05069e-09
2.82248e-09
2.57268e-09
2.31278e-09
2.05311e-09
1.8021e-09
1.56598e-09
1.34883e-09
1.15285e-09
9.78689e-10
8.25879e-10
6.93187e-10
5.78924e-10
4.81175e-10
3.97972e-10
3.274e-10
2.6767e-10
2.17151e-10
1.74383e-10
1.38077e-10
1.07098e-10
8.04426e-11
5.72192e-11
3.66068e-11
1.78124e-11
-9.34492e-33
1.92313e-13
1.28172e-10
2.49942e-10
3.6568e-10
4.75599e-10
5.79921e-10
6.78876e-10
7.72695e-10
8.61611e-10
9.45853e-10
1.02565e-09
1.10121e-09
1.17276e-09
1.24051e-09
1.30464e-09
1.36536e-09
1.42284e-09
1.47726e-09
1.52878e-09
1.57756e-09
1.62376e-09
1.6675e-09
1.70893e-09
1.74818e-09
1.78536e-09
1.82058e-09
1.85397e-09
1.8856e-09
1.91559e-09
1.94402e-09
1.97097e-09
1.99653e-09
2.27039e-09
2.55466e-09
2.84503e-09
3.13564e-09
3.4189e-09
3.68556e-09
3.92492e-09
4.12541e-09
4.27544e-09
4.36467e-09
4.38532e-09
4.33352e-09
4.21018e-09
4.02123e-09
3.77704e-09
3.4911e-09
3.17838e-09
2.85357e-09
2.52977e-09
2.21753e-09
1.92458e-09
1.65588e-09
1.41399e-09
1.19957e-09
1.01188e-09
8.49283e-10
7.09584e-10
5.9035e-10
4.89103e-10
4.03451e-10
3.31174e-10
2.70261e-10
2.18924e-10
1.75591e-10
1.38895e-10
1.07646e-10
8.08032e-11
5.74479e-11
3.67403e-11
1.78735e-11
-8.52487e-33
2.64603e-13
1.75802e-10
3.42782e-10
5.01419e-10
6.51989e-10
7.94785e-10
9.30116e-10
1.0583e-09
1.17965e-09
1.2945e-09
1.40315e-09
1.50591e-09
1.6031e-09
1.69499e-09
1.78187e-09
1.86402e-09
1.94168e-09
2.01511e-09
2.08454e-09
2.1502e-09
2.21229e-09
2.27101e-09
2.32657e-09
2.37912e-09
2.42886e-09
2.47592e-09
2.52047e-09
2.56264e-09
2.60257e-09
2.64039e-09
2.67621e-09
2.71015e-09
3.0715e-09
3.44164e-09
3.81322e-09
4.17667e-09
4.52019e-09
4.83005e-09
5.09127e-09
5.28874e-09
5.40888e-09
5.4414e-09
5.38111e-09
5.2291e-09
4.99309e-09
4.68662e-09
4.3273e-09
3.93454e-09
3.52729e-09
3.12222e-09
2.73266e-09
2.36819e-09
2.03483e-09
1.73556e-09
1.47097e-09
1.23995e-09
1.04029e-09
8.69149e-10
7.23405e-10
5.99926e-10
4.95713e-10
4.08001e-10
3.34298e-10
2.724e-10
2.20383e-10
1.76584e-10
1.39566e-10
1.08095e-10
8.10984e-11
5.76349e-11
3.68494e-11
1.79233e-11
-7.77178e-33
3.64653e-13
2.41375e-10
4.70566e-10
6.88193e-10
8.94602e-10
1.09018e-09
1.27533e-09
1.4505e-09
1.61613e-09
1.77266e-09
1.92053e-09
2.06019e-09
2.19206e-09
2.31656e-09
2.43408e-09
2.54502e-09
2.64974e-09
2.74859e-09
2.84191e-09
2.93002e-09
3.01322e-09
3.09179e-09
3.166e-09
3.23611e-09
3.30235e-09
3.36495e-09
3.42412e-09
3.48007e-09
3.53297e-09
3.58301e-09
3.63034e-09
3.67513e-09
4.14849e-09
4.62546e-09
5.09397e-09
5.53898e-09
5.94279e-09
6.28591e-09
6.5485e-09
6.71252e-09
6.76413e-09
6.69616e-09
6.50977e-09
6.21498e-09
5.82955e-09
5.37666e-09
4.88169e-09
4.36925e-09
3.86077e-09
3.37314e-09
2.91831e-09
2.50357e-09
2.13235e-09
1.80509e-09
1.52011e-09
1.27444e-09
1.06436e-09
8.8586e-10
7.34963e-10
6.07894e-10
5.01192e-10
4.1176e-10
3.3687e-10
2.74157e-10
2.21581e-10
1.77397e-10
1.40115e-10
1.08462e-10
8.13393e-11
5.77875e-11
3.69383e-11
1.7964e-11
-7.08149e-33
5.03176e-13
3.31605e-10
6.46357e-10
9.45041e-10
1.22808e-09
1.49599e-09
1.7493e-09
1.98861e-09
2.21454e-09
2.42771e-09
2.62876e-09
2.81829e-09
2.99693e-09
3.16527e-09
3.32388e-09
3.47331e-09
3.6141e-09
3.74674e-09
3.87173e-09
3.98951e-09
4.10052e-09
4.20516e-09
4.30382e-09
4.39686e-09
4.48461e-09
4.5674e-09
4.64553e-09
4.71927e-09
4.78889e-09
4.85464e-09
4.91674e-09
4.97543e-09
5.58984e-09
6.19645e-09
6.7761e-09
7.30595e-09
7.76053e-09
8.11359e-09
8.34086e-09
8.4234e-09
8.35094e-09
8.12441e-09
7.75666e-09
7.27115e-09
6.69856e-09
6.07248e-09
5.42519e-09
4.78447e-09
4.17189e-09
3.60238e-09
3.08482e-09
2.62307e-09
2.21726e-09
1.86492e-09
1.56199e-09
1.30359e-09
1.08456e-09
8.99802e-10
7.4456e-10
6.14484e-10
5.05708e-10
4.14849e-10
3.3898e-10
2.75595e-10
2.22559e-10
1.7806e-10
1.40562e-10
1.0876e-10
8.15354e-11
5.79115e-11
3.70106e-11
1.7997e-11
-6.44972e-33
6.94863e-13
4.55582e-10
8.87825e-10
1.2977e-09
1.68572e-09
2.05252e-09
2.39883e-09
2.72547e-09
3.03329e-09
3.32316e-09
3.59599e-09
3.85267e-09
4.09406e-09
4.32103e-09
4.5344e-09
4.73497e-09
4.9235e-09
5.10073e-09
5.26734e-09
5.424e-09
5.57131e-09
5.70987e-09
5.84022e-09
5.96288e-09
6.07833e-09
6.18702e-09
6.28938e-09
6.38581e-09
6.47667e-09
6.56232e-09
6.64307e-09
6.71924e-09
7.50767e-09
8.26652e-09
8.96636e-09
9.57383e-09
1.00539e-08
1.03737e-08
1.05066e-08
1.04375e-08
1.01663e-08
9.7091e-09
9.09697e-09
8.37092e-09
7.57591e-09
6.7548e-09
5.94402e-09
5.17137e-09
4.45562e-09
3.80756e-09
3.23146e-09
2.72687e-09
2.29015e-09
1.91578e-09
1.59729e-09
1.32799e-09
1.10136e-09
9.11349e-10
7.52475e-10
6.19901e-10
5.0941e-10
4.17375e-10
3.40703e-10
2.76768e-10
2.23356e-10
1.78599e-10
1.40926e-10
1.09003e-10
8.16945e-11
5.80122e-11
3.70692e-11
1.80238e-11
-4.61896e-33
8.27032e-13
5.40573e-10
1.05332e-09
1.53932e-09
1.99913e-09
2.43346e-09
2.84317e-09
3.22921e-09
3.59262e-09
3.93446e-09
4.25579e-09
4.55772e-09
4.84129e-09
5.10756e-09
5.35753e-09
5.59219e-09
5.81246e-09
6.01922e-09
6.21334e-09
6.39559e-09
6.56675e-09
6.72751e-09
6.87854e-09
7.02047e-09
7.15388e-09
7.27933e-09
7.39732e-09
7.50833e-09
7.61282e-09
7.71118e-09
7.80383e-09
7.89111e-09
8.78815e-09
9.63758e-09
1.04028e-08
1.10436e-08
1.15192e-08
1.17939e-08
1.18417e-08
1.16528e-08
1.12363e-08
1.06204e-08
9.84853e-09
8.97251e-09
8.04465e-09
7.11149e-09
6.20998e-09
5.36626e-09
4.5964e-09
3.90803e-09
3.30247e-09
2.77666e-09
2.32484e-09
1.93982e-09
1.61388e-09
1.33941e-09
1.1092e-09
9.16713e-10
7.56143e-10
6.22406e-10
5.11119e-10
4.1854e-10
3.41495e-10
2.77307e-10
2.23722e-10
1.78847e-10
1.41092e-10
1.09114e-10
8.17674e-11
5.80583e-11
3.70961e-11
1.8036e-11
-5.79382e-32
9.52839e-13
6.2125e-10
1.2104e-09
1.76862e-09
2.29648e-09
2.79479e-09
3.26451e-09
3.70674e-09
4.12267e-09
4.51354e-09
4.8806e-09
5.22512e-09
5.54835e-09
5.85152e-09
6.13582e-09
6.40238e-09
6.65231e-09
6.88665e-09
7.1064e-09
7.31248e-09
7.50579e-09
7.68714e-09
7.85734e-09
8.01709e-09
8.1671e-09
8.30799e-09
8.44037e-09
8.56479e-09
8.68177e-09
8.7918e-09
8.89532e-09
8.99276e-09
9.98805e-09
1.09172e-08
1.17369e-08
1.24003e-08
1.28621e-08
1.30842e-08
1.30425e-08
1.27333e-08
1.21755e-08
1.14094e-08
1.04901e-08
9.47893e-09
8.43398e-09
7.4041e-09
6.42572e-09
5.52282e-09
4.70852e-09
3.98747e-09
3.35826e-09
2.81557e-09
2.35183e-09
1.95845e-09
1.62671e-09
1.34821e-09
1.11522e-09
9.20833e-10
7.58956e-10
6.24324e-10
5.12426e-10
4.1943e-10
3.42101e-10
2.77719e-10
2.24001e-10
1.79036e-10
1.4122e-10
1.09199e-10
8.1823e-11
5.80934e-11
3.71166e-11
1.80454e-11
-1.70945e-31
1.24614e-12
8.08926e-10
1.57577e-09
2.3019e-09
2.98793e-09
3.63485e-09
4.24388e-09
4.81644e-09
5.3541e-09
5.8585e-09
6.33133e-09
6.7743e-09
7.18909e-09
7.57735e-09
7.9407e-09
8.28068e-09
8.59878e-09
8.89641e-09
9.1749e-09
9.43553e-09
9.67948e-09
9.90787e-09
1.01218e-08
1.03221e-08
1.05099e-08
1.06858e-08
1.08509e-08
1.10057e-08
1.11509e-08
1.12873e-08
1.14154e-08
1.15357e-08
1.27505e-08
1.38534e-08
1.47851e-08
1.54842e-08
1.58945e-08
1.59746e-08
1.57066e-08
1.51032e-08
1.42086e-08
1.30923e-08
1.18373e-08
1.05253e-08
9.22588e-09
7.99058e-09
6.85243e-09
5.82883e-09
4.92544e-09
4.13982e-09
3.46448e-09
2.88919e-09
2.40262e-09
1.99338e-09
1.65065e-09
1.36459e-09
1.12641e-09
9.28467e-10
7.64159e-10
6.27868e-10
5.14838e-10
4.21071e-10
3.43217e-10
2.78476e-10
2.24515e-10
1.79384e-10
1.41453e-10
1.09355e-10
8.19251e-11
5.8158e-11
3.71541e-11
1.80625e-11
-2.18799e-31
1.54305e-12
9.9848e-10
1.94476e-09
2.84039e-09
3.68602e-09
4.4828e-09
5.2322e-09
5.93599e-09
6.59611e-09
7.21462e-09
7.79365e-09
8.33535e-09
8.84186e-09
9.31527e-09
9.75763e-09
1.01709e-08
1.05569e-08
1.09176e-08
1.12545e-08
1.15693e-08
1.18634e-08
1.21384e-08
1.23955e-08
1.26359e-08
1.28608e-08
1.30713e-08
1.32684e-08
1.3453e-08
1.3626e-08
1.37882e-08
1.39402e-08
1.40829e-08
1.55098e-08
1.67757e-08
1.78051e-08
1.8522e-08
1.88604e-08
1.87767e-08
1.82616e-08
1.7347e-08
1.61048e-08
1.46357e-08
1.30505e-08
1.14503e-08
9.91335e-09
8.49118e-09
7.21112e-09
6.08263e-09
5.10328e-09
4.26349e-09
3.54998e-09
2.94804e-09
2.44299e-09
2.02099e-09
1.66951e-09
1.37745e-09
1.13517e-09
9.34428e-10
7.68215e-10
6.30626e-10
5.16713e-10
4.22345e-10
3.44082e-10
2.79064e-10
2.24913e-10
1.79653e-10
1.41634e-10
1.09476e-10
8.20041e-11
5.82079e-11
3.71832e-11
1.80758e-11
-1.99056e-31
1.80338e-12
1.16449e-09
2.2679e-09
3.31193e-09
4.29727e-09
5.22518e-09
6.09738e-09
6.91592e-09
7.68307e-09
8.40126e-09
9.07302e-09
9.70088e-09
1.02874e-08
1.0835e-08
1.13462e-08
1.18232e-08
1.22684e-08
1.26838e-08
1.30714e-08
1.34332e-08
1.37709e-08
1.40862e-08
1.43807e-08
1.46558e-08
1.49129e-08
1.51533e-08
1.53781e-08
1.55884e-08
1.57853e-08
1.59696e-08
1.61423e-08
1.63042e-08
1.79124e-08
1.93154e-08
2.04232e-08
2.1147e-08
2.14128e-08
2.11758e-08
2.0435e-08
1.92404e-08
1.76897e-08
1.59116e-08
1.40413e-08
1.21961e-08
1.04608e-08
8.88512e-09
7.49039e-09
6.27838e-09
5.23933e-09
4.35745e-09
3.61456e-09
2.99227e-09
2.4732e-09
2.04159e-09
1.68354e-09
1.38699e-09
1.14166e-09
9.38837e-10
7.7121e-10
6.3266e-10
5.18095e-10
4.23284e-10
3.44719e-10
2.79496e-10
2.25205e-10
1.7985e-10
1.41767e-10
1.09564e-10
8.20622e-11
5.82446e-11
3.72045e-11
1.80855e-11
-1.8106e-31
1.98941e-12
1.28314e-09
2.49887e-09
3.64897e-09
4.73416e-09
5.75581e-09
6.71579e-09
7.61635e-09
8.46002e-09
9.24949e-09
9.98754e-09
1.0677e-08
1.13207e-08
1.19214e-08
1.24818e-08
1.30045e-08
1.34919e-08
1.39465e-08
1.43704e-08
1.47658e-08
1.51347e-08
1.54788e-08
1.58001e-08
1.61e-08
1.63801e-08
1.66418e-08
1.68864e-08
1.71152e-08
1.73291e-08
1.75294e-08
1.77168e-08
1.78924e-08
1.96304e-08
2.11314e-08
2.22951e-08
2.30236e-08
2.32366e-08
2.28886e-08
2.19846e-08
2.05876e-08
1.8814e-08
1.68131e-08
1.4738e-08
1.27176e-08
1.08412e-08
9.15728e-09
7.68224e-09
6.41219e-09
5.33191e-09
4.42114e-09
3.65819e-09
3.02207e-09
2.49351e-09
2.05542e-09
1.69293e-09
1.39337e-09
1.14599e-09
9.41781e-10
7.73209e-10
6.34017e-10
5.19016e-10
4.23909e-10
3.45144e-10
2.79784e-10
2.254e-10
1.79982e-10
1.41856e-10
1.09623e-10
8.21008e-11
5.8269e-11
3.72188e-11
1.8092e-11
-1.64662e-31
2.07848e-12
1.34013e-09
2.60981e-09
3.81089e-09
4.94411e-09
6.01088e-09
7.01315e-09
7.95328e-09
8.8339e-09
9.65782e-09
1.0428e-08
1.11473e-08
1.18188e-08
1.24453e-08
1.30297e-08
1.35746e-08
1.40827e-08
1.45564e-08
1.49981e-08
1.54101e-08
1.57943e-08
1.61527e-08
1.64871e-08
1.67993e-08
1.70908e-08
1.73631e-08
1.76176e-08
1.78555e-08
1.8078e-08
1.82862e-08
1.8481e-08
1.86636e-08
2.04673e-08
2.20198e-08
2.32155e-08
2.39518e-08
2.4145e-08
2.37485e-08
2.27692e-08
2.12759e-08
1.93937e-08
1.72819e-08
1.5103e-08
1.29925e-08
1.10427e-08
9.30187e-09
7.78439e-09
6.48352e-09
5.38131e-09
4.45513e-09
3.68149e-09
3.03798e-09
2.50436e-09
2.0628e-09
1.69795e-09
1.39678e-09
1.14831e-09
9.43352e-10
7.74275e-10
6.34741e-10
5.19508e-10
4.24243e-10
3.4537e-10
2.79937e-10
2.25504e-10
1.80052e-10
1.41903e-10
1.09655e-10
8.21215e-11
5.82821e-11
3.72264e-11
1.80955e-11
-1.49724e-31
2.06657e-12
1.33292e-09
2.59581e-09
3.79053e-09
4.91783e-09
5.97912e-09
6.97634e-09
7.91185e-09
8.78825e-09
9.60834e-09
1.0375e-08
1.10912e-08
1.17599e-08
1.23839e-08
1.2966e-08
1.35089e-08
1.40152e-08
1.44873e-08
1.49277e-08
1.53383e-08
1.57214e-08
1.60789e-08
1.64125e-08
1.6724e-08
1.70149e-08
1.72867e-08
1.75407e-08
1.77782e-08
1.80003e-08
1.82082e-08
1.84029e-08
1.85852e-08
2.03889e-08
2.19453e-08
2.31493e-08
2.38982e-08
2.41076e-08
2.37295e-08
2.27686e-08
2.12915e-08
1.9421e-08
1.73154e-08
1.51376e-08
1.30243e-08
1.10696e-08
9.3233e-09
7.80073e-09
6.49559e-09
5.39003e-09
4.46133e-09
3.68584e-09
3.04102e-09
2.50646e-09
2.06424e-09
1.69894e-09
1.39746e-09
1.14877e-09
9.43669e-10
7.74491e-10
6.34888e-10
5.19608e-10
4.24311e-10
3.45417e-10
2.79969e-10
2.25526e-10
1.80067e-10
1.41913e-10
1.09661e-10
8.21259e-11
5.82849e-11
3.7228e-11
1.80963e-11
-1.36121e-31
1.96499e-12
1.26866e-09
2.47078e-09
3.60817e-09
4.68158e-09
5.6924e-09
6.64249e-09
7.53407e-09
8.36963e-09
9.15181e-09
9.88336e-09
1.0567e-08
1.12056e-08
1.18018e-08
1.23583e-08
1.28776e-08
1.3362e-08
1.38141e-08
1.42359e-08
1.46295e-08
1.49968e-08
1.53398e-08
1.566e-08
1.59591e-08
1.62386e-08
1.64999e-08
1.67442e-08
1.69728e-08
1.71866e-08
1.73869e-08
1.75745e-08
1.77503e-08
1.94948e-08
2.10119e-08
2.2202e-08
2.29668e-08
2.32236e-08
2.29228e-08
2.20635e-08
2.07025e-08
1.89514e-08
1.69573e-08
1.48749e-08
1.28377e-08
1.09399e-08
9.23446e-09
7.74039e-09
6.45482e-09
5.36255e-09
4.44283e-09
3.67339e-09
3.03264e-09
2.50081e-09
2.06044e-09
1.69638e-09
1.39573e-09
1.1476e-09
9.42879e-10
7.73957e-10
6.34527e-10
5.19363e-10
4.24145e-10
3.45304e-10
2.79893e-10
2.25475e-10
1.80032e-10
1.4189e-10
1.09646e-10
8.21159e-11
5.82786e-11
3.72244e-11
1.80946e-11
-1.23737e-31
1.79393e-12
1.16015e-09
2.2596e-09
3.30011e-09
4.28242e-09
5.20783e-09
6.07807e-09
6.89517e-09
7.6614e-09
8.37915e-09
9.05091e-09
9.67918e-09
1.02664e-08
1.08152e-08
1.13277e-08
1.18064e-08
1.22534e-08
1.26708e-08
1.30606e-08
1.34247e-08
1.37648e-08
1.40825e-08
1.43795e-08
1.46571e-08
1.49168e-08
1.51597e-08
1.5387e-08
1.55998e-08
1.57992e-08
1.5986e-08
1.61611e-08
1.63253e-08
1.79632e-08
1.94059e-08
2.0563e-08
2.13439e-08
2.167e-08
2.14902e-08
2.07952e-08
1.96275e-08
1.80797e-08
1.628e-08
1.43684e-08
1.24707e-08
1.06802e-08
9.05365e-09
7.6159e-09
6.3697e-09
5.30462e-09
4.40353e-09
3.64677e-09
3.01462e-09
2.48863e-09
2.0522e-09
1.6908e-09
1.39196e-09
1.14505e-09
9.41151e-10
7.72787e-10
6.33734e-10
5.18826e-10
4.23781e-10
3.45058e-10
2.79726e-10
2.25362e-10
1.79956e-10
1.41839e-10
1.09612e-10
8.20938e-11
5.82647e-11
3.72163e-11
1.80909e-11
-1.12467e-31
1.57634e-12
1.02191e-09
1.99054e-09
2.90757e-09
3.77373e-09
4.59021e-09
5.35857e-09
6.08059e-09
6.75826e-09
7.39365e-09
7.98892e-09
8.54625e-09
9.06778e-09
9.55563e-09
1.00118e-08
1.04384e-08
1.08372e-08
1.12101e-08
1.15587e-08
1.18847e-08
1.21896e-08
1.24749e-08
1.27418e-08
1.29916e-08
1.32255e-08
1.34446e-08
1.36499e-08
1.38423e-08
1.40227e-08
1.41919e-08
1.43507e-08
1.44998e-08
1.59976e-08
1.734e-08
1.84487e-08
1.92429e-08
1.965e-08
1.96175e-08
1.91271e-08
1.82032e-08
1.6915e-08
1.53669e-08
1.36792e-08
1.19667e-08
1.03205e-08
8.80144e-09
7.44115e-09
6.24961e-09
5.22255e-09
4.34764e-09
3.6088e-09
2.98887e-09
2.47118e-09
2.04038e-09
1.6828e-09
1.38654e-09
1.14138e-09
9.38665e-10
7.71102e-10
6.32592e-10
5.18052e-10
4.23256e-10
3.44702e-10
2.79485e-10
2.25199e-10
1.79846e-10
1.41765e-10
1.09563e-10
8.20618e-11
5.82445e-11
3.72046e-11
1.80856e-11
-5.33939e-32
1.35348e-12
8.79961e-10
1.71425e-09
2.50442e-09
3.2512e-09
3.95565e-09
4.61914e-09
5.24321e-09
5.82955e-09
6.37993e-09
6.89617e-09
7.38011e-09
7.83354e-09
8.25825e-09
8.65596e-09
9.02834e-09
9.37698e-09
9.70339e-09
1.0009e-08
1.02952e-08
1.05633e-08
1.08144e-08
1.10497e-08
1.12702e-08
1.1477e-08
1.16709e-08
1.18529e-08
1.20236e-08
1.2184e-08
1.23345e-08
1.2476e-08
1.2609e-08
1.39557e-08
1.51861e-08
1.6234e-08
1.70298e-08
1.75074e-08
1.76148e-08
1.73256e-08
1.66476e-08
1.5627e-08
1.43434e-08
1.28962e-08
1.13867e-08
9.90183e-09
8.50489e-09
7.23398e-09
6.10628e-09
5.12405e-09
4.28027e-09
3.56288e-09
2.95763e-09
2.44996e-09
2.02598e-09
1.67304e-09
1.37992e-09
1.13689e-09
9.3562e-10
7.69037e-10
6.31192e-10
5.17102e-10
4.22612e-10
3.44265e-10
2.79189e-10
2.24999e-10
1.79711e-10
1.41675e-10
1.09503e-10
8.20224e-11
5.82197e-11
3.71902e-11
1.8079e-11
3.19402e-34
1.15214e-12
7.51236e-10
1.46366e-09
2.13868e-09
2.77701e-09
3.37959e-09
3.94762e-09
4.4824e-09
4.98538e-09
5.45804e-09
5.9019e-09
6.3185e-09
6.70934e-09
7.07591e-09
7.41964e-09
7.7419e-09
8.04404e-09
8.32731e-09
8.5929e-09
8.84196e-09
9.07555e-09
9.29468e-09
9.50029e-09
9.69327e-09
9.87444e-09
1.00446e-08
1.02044e-08
1.03546e-08
1.04958e-08
1.06286e-08
1.07535e-08
1.08711e-08
1.20705e-08
1.31862e-08
1.41636e-08
1.49431e-08
1.54663e-08
1.56833e-08
1.55628e-08
1.51e-08
1.4322e-08
1.32862e-08
1.20714e-08
1.07642e-08
9.44488e-09
8.17657e-09
7.00186e-09
5.9441e-09
5.01171e-09
4.20293e-09
3.50987e-09
2.92143e-09
2.42528e-09
2.00919e-09
1.66162e-09
1.37216e-09
1.13162e-09
9.32045e-10
7.6661e-10
6.29544e-10
5.15983e-10
4.21853e-10
3.4375e-10
2.7884e-10
2.24762e-10
1.79552e-10
1.41568e-10
1.09432e-10
8.19759e-11
5.81904e-11
3.71732e-11
1.80713e-11
3.51194e-34
9.7236e-13
6.35853e-10
1.239e-09
1.81072e-09
2.35167e-09
2.8627e-09
3.34483e-09
3.79917e-09
4.22692e-09
4.62934e-09
5.00768e-09
5.36322e-09
5.69719e-09
6.01083e-09
6.30531e-09
6.58178e-09
6.84133e-09
7.085e-09
7.31377e-09
7.5286e-09
7.73035e-09
7.91987e-09
8.09793e-09
8.26527e-09
8.42258e-09
8.5705e-09
8.70963e-09
8.84054e-09
8.96375e-09
9.07975e-09
9.18901e-09
9.29194e-09
1.03497e-08
1.13505e-08
1.22499e-08
1.29979e-08
1.35438e-08
1.38415e-08
1.38575e-08
1.3578e-08
1.30149e-08
1.22063e-08
1.12118e-08
1.01029e-08
8.95067e-09
7.81589e-09
6.74345e-09
5.76154e-09
4.88409e-09
4.11443e-09
3.44885e-09
2.87953e-09
2.39661e-09
1.98961e-09
1.64827e-09
1.36308e-09
1.12544e-09
9.27842e-10
7.63754e-10
6.27603e-10
5.14665e-10
4.20958e-10
3.43142e-10
2.78428e-10
2.24483e-10
1.79364e-10
1.41441e-10
1.09347e-10
8.19208e-11
5.81556e-11
3.7153e-11
1.80621e-11
3.8612e-34
8.13717e-13
5.33633e-10
1.03994e-09
1.52006e-09
1.9746e-09
2.4043e-09
2.81003e-09
3.19274e-09
3.55341e-09
3.89309e-09
4.21281e-09
4.51361e-09
4.79653e-09
5.06255e-09
5.31264e-09
5.54774e-09
5.76874e-09
5.9765e-09
6.17181e-09
6.35545e-09
6.52815e-09
6.69058e-09
6.84338e-09
6.98717e-09
7.1225e-09
7.24992e-09
7.3699e-09
7.48293e-09
7.58943e-09
7.68982e-09
7.78447e-09
7.87373e-09
8.79742e-09
9.68526e-09
1.05016e-08
1.12058e-08
1.17544e-08
1.21062e-08
1.22276e-08
1.20993e-08
1.17215e-08
1.11165e-08
1.03266e-08
9.40804e-09
8.42155e-09
7.42317e-09
6.45794e-09
5.55733e-09
4.73986e-09
4.01354e-09
3.3788e-09
2.83116e-09
2.36335e-09
1.96681e-09
1.63269e-09
1.35243e-09
1.11819e-09
9.22901e-10
7.60391e-10
6.25316e-10
5.13109e-10
4.199e-10
3.42424e-10
2.7794e-10
2.24153e-10
1.79141e-10
1.41291e-10
1.09248e-10
8.18556e-11
5.81145e-11
3.71291e-11
1.80512e-11
2.38249e-34
7.88957e-13
5.17643e-10
1.0088e-09
1.47458e-09
1.91559e-09
2.33255e-09
2.7263e-09
3.09777e-09
3.4479e-09
3.77772e-09
4.08822e-09
4.3804e-09
4.65526e-09
4.91376e-09
5.15684e-09
5.3854e-09
5.6003e-09
5.80235e-09
5.99235e-09
6.17104e-09
6.33911e-09
6.49722e-09
6.64599e-09
6.78602e-09
6.91784e-09
7.04196e-09
7.15888e-09
7.26904e-09
7.37285e-09
7.47073e-09
7.56302e-09
7.65008e-09
8.55197e-09
9.42107e-09
1.02232e-08
1.09189e-08
1.14662e-08
1.18247e-08
1.1961e-08
1.18551e-08
1.15056e-08
1.09325e-08
1.01753e-08
9.28789e-09
8.32903e-09
7.35379e-09
6.40705e-09
5.52065e-09
4.71379e-09
3.9952e-09
3.36601e-09
2.82229e-09
2.35724e-09
1.96261e-09
1.62981e-09
1.35047e-09
1.11685e-09
9.21985e-10
7.59767e-10
6.24891e-10
5.1282e-10
4.19704e-10
3.42291e-10
2.7785e-10
2.24092e-10
1.79099e-10
1.41263e-10
1.09229e-10
8.18434e-11
5.81068e-11
3.71246e-11
1.80492e-11
2.22293e-34
6.75284e-13
4.4409e-10
8.65536e-10
1.26535e-09
1.64406e-09
2.00233e-09
2.34089e-09
2.66051e-09
2.96204e-09
3.24631e-09
3.51418e-09
3.76649e-09
4.00407e-09
4.22774e-09
4.43829e-09
4.63646e-09
4.82298e-09
4.99854e-09
5.1638e-09
5.31938e-09
5.46587e-09
5.60382e-09
5.73375e-09
5.85617e-09
5.97152e-09
6.08025e-09
6.18275e-09
6.27942e-09
6.37061e-09
6.45666e-09
6.53786e-09
6.61453e-09
7.41302e-09
8.19186e-09
8.92314e-09
9.57405e-09
1.01086e-08
1.04909e-08
1.0689e-08
1.06807e-08
1.0458e-08
1.00308e-08
9.42644e-09
8.68684e-09
7.86148e-09
6.99991e-09
6.14529e-09
5.33062e-09
4.57787e-09
3.89912e-09
3.2987e-09
2.77548e-09
2.32486e-09
1.94031e-09
1.6145e-09
1.33998e-09
1.10968e-09
9.17092e-10
7.5643e-10
6.22618e-10
5.11273e-10
4.18651e-10
3.41575e-10
2.77364e-10
2.23762e-10
1.78876e-10
1.41114e-10
1.09129e-10
8.17782e-11
5.80657e-11
3.71007e-11
1.80383e-11
4.30537e-34
5.55867e-13
3.6655e-10
7.14488e-10
1.04469e-09
1.35764e-09
1.65389e-09
1.93406e-09
2.19879e-09
2.44876e-09
2.68467e-09
2.90721e-09
3.11705e-09
3.31487e-09
3.50133e-09
3.67705e-09
3.84264e-09
3.99869e-09
4.14575e-09
4.28434e-09
4.41497e-09
4.53811e-09
4.65422e-09
4.7637e-09
4.86697e-09
4.96439e-09
5.05631e-09
5.14307e-09
5.22497e-09
5.30231e-09
5.37535e-09
5.44436e-09
5.50958e-09
6.1929e-09
6.86851e-09
7.51497e-09
8.10646e-09
8.61376e-09
9.0063e-09
9.25528e-09
9.33766e-09
9.24039e-09
8.96388e-09
8.52349e-09
7.94808e-09
7.27595e-09
6.54888e-09
5.80633e-09
5.08108e-09
4.39724e-09
3.77013e-09
3.20758e-09
2.71166e-09
2.28045e-09
1.90957e-09
1.59331e-09
1.32542e-09
1.0997e-09
9.10264e-10
7.51766e-10
6.19435e-10
5.09103e-10
4.17173e-10
3.4057e-10
2.76681e-10
2.23299e-10
1.78563e-10
1.40903e-10
1.08989e-10
8.16863e-11
5.80076e-11
3.7067e-11
1.80229e-11
5.12828e-34
4.54029e-13
3.00175e-10
5.85169e-10
8.55738e-10
1.1123e-09
1.35532e-09
1.58532e-09
1.80283e-09
2.0084e-09
2.20259e-09
2.38596e-09
2.55905e-09
2.7224e-09
2.87654e-09
3.02197e-09
3.15917e-09
3.28861e-09
3.41073e-09
3.52596e-09
3.63469e-09
3.7373e-09
3.83415e-09
3.92558e-09
4.01191e-09
4.09343e-09
4.17044e-09
4.24319e-09
4.31194e-09
4.37692e-09
4.43835e-09
4.49644e-09
4.55138e-09
5.13032e-09
5.70991e-09
6.27404e-09
6.80281e-09
7.27304e-09
7.65949e-09
7.93701e-09
8.08348e-09
8.08323e-09
7.93031e-09
7.6306e-09
7.20195e-09
6.67204e-09
6.07428e-09
5.44301e-09
4.80917e-09
4.19755e-09
3.62576e-09
3.10452e-09
2.63883e-09
2.22941e-09
1.87403e-09
1.56868e-09
1.30843e-09
1.08801e-09
9.02246e-10
7.46275e-10
6.15681e-10
5.0654e-10
4.15425e-10
3.39379e-10
2.75871e-10
2.22749e-10
1.78191e-10
1.40652e-10
1.08822e-10
8.1577e-11
5.79386e-11
3.70268e-11
1.80046e-11
5.63547e-34
3.68112e-13
2.43972e-10
4.75653e-10
6.95684e-10
9.04423e-10
1.10227e-09
1.28964e-09
1.46697e-09
1.63472e-09
1.79332e-09
1.94322e-09
2.08487e-09
2.21868e-09
2.34508e-09
2.46446e-09
2.57721e-09
2.68369e-09
2.78426e-09
2.87925e-09
2.96898e-09
3.05375e-09
3.13385e-09
3.20953e-09
3.28107e-09
3.34869e-09
3.41262e-09
3.47308e-09
3.53027e-09
3.58436e-09
3.63555e-09
3.68399e-09
3.72984e-09
4.21556e-09
4.70738e-09
5.19349e-09
5.65891e-09
6.08567e-09
6.45348e-09
6.74113e-09
6.92852e-09
6.99933e-09
6.94375e-09
6.76084e-09
6.45957e-09
6.05817e-09
5.58171e-09
5.05849e-09
4.51621e-09
3.97899e-09
3.46555e-09
2.98879e-09
2.55623e-09
2.17102e-09
1.83308e-09
1.54015e-09
1.28864e-09
1.07435e-09
8.92839e-10
7.39816e-10
6.11255e-10
5.03513e-10
4.13357e-10
3.37969e-10
2.7491e-10
2.22097e-10
1.77749e-10
1.40355e-10
1.08624e-10
8.14469e-11
5.78565e-11
3.6979e-11
1.79828e-11
6.19162e-34
2.96371e-13
1.96879e-10
3.83874e-10
5.61525e-10
7.30135e-10
8.90034e-10
1.04157e-09
1.18509e-09
1.32095e-09
1.44952e-09
1.57115e-09
1.68619e-09
1.79496e-09
1.89781e-09
1.99504e-09
2.08697e-09
2.17387e-09
2.25602e-09
2.3337e-09
2.40714e-09
2.47659e-09
2.54228e-09
2.60441e-09
2.66318e-09
2.71879e-09
2.77141e-09
2.82121e-09
2.86836e-09
2.913e-09
2.95527e-09
2.9953e-09
3.03322e-09
3.43685e-09
3.84979e-09
4.26361e-09
4.66728e-09
5.0472e-09
5.38751e-09
5.67087e-09
5.87987e-09
5.99888e-09
6.0163e-09
5.92672e-09
5.73243e-09
5.44378e-09
5.07806e-09
4.65717e-09
4.20458e-09
3.74244e-09
3.2895e-09
2.85992e-09
2.4632e-09
2.10463e-09
1.78614e-09
1.50721e-09
1.26568e-09
1.05841e-09
8.81825e-10
7.32228e-10
6.06042e-10
4.99938e-10
4.10911e-10
3.36298e-10
2.73771e-10
2.21322e-10
1.77224e-10
1.40001e-10
1.08387e-10
8.1292e-11
5.77586e-11
3.69221e-11
1.79567e-11
6.80109e-34
2.37051e-13
1.57809e-10
3.07724e-10
4.50188e-10
5.8546e-10
7.13809e-10
8.35516e-10
9.50865e-10
1.06014e-09
1.16363e-09
1.26162e-09
1.35437e-09
1.44215e-09
1.52522e-09
1.60383e-09
1.67821e-09
1.74859e-09
1.81519e-09
1.87821e-09
1.93786e-09
1.99431e-09
2.04775e-09
2.09833e-09
2.14623e-09
2.19158e-09
2.23453e-09
2.27522e-09
2.31376e-09
2.35028e-09
2.38488e-09
2.41768e-09
2.44877e-09
2.78112e-09
3.12432e-09
3.47251e-09
3.81778e-09
4.1501e-09
4.45738e-09
4.7259e-09
4.94114e-09
5.08907e-09
5.15781e-09
5.13947e-09
5.03175e-09
4.83882e-09
4.57122e-09
4.24463e-09
3.8777e-09
3.48968e-09
3.09821e-09
2.71782e-09
2.35929e-09
2.02965e-09
1.73264e-09
1.46937e-09
1.23911e-09
1.03987e-09
8.68956e-10
7.23329e-10
5.99908e-10
4.95722e-10
4.0802e-10
3.34319e-10
2.7242e-10
2.20402e-10
1.766e-10
1.3958e-10
1.08106e-10
8.11075e-11
5.76418e-11
3.68541e-11
1.79257e-11
7.46847e-34
1.88448e-13
1.25701e-10
2.45132e-10
3.58659e-10
4.66496e-10
5.68862e-10
6.65985e-10
7.58091e-10
8.45408e-10
9.28159e-10
1.00657e-09
1.08084e-09
1.1512e-09
1.21783e-09
1.28093e-09
1.34069e-09
1.39729e-09
1.45089e-09
1.50165e-09
1.54973e-09
1.59527e-09
1.63841e-09
1.67929e-09
1.71802e-09
1.75472e-09
1.7895e-09
1.82247e-09
1.85373e-09
1.88336e-09
1.91146e-09
1.93811e-09
1.96339e-09
2.23466e-09
2.51715e-09
2.80689e-09
3.09837e-09
3.38439e-09
3.65598e-09
3.90258e-09
4.11254e-09
4.27387e-09
4.37545e-09
4.40845e-09
4.36776e-09
4.25313e-09
4.06965e-09
3.82738e-09
3.54007e-09
3.22339e-09
2.89299e-09
2.56288e-09
2.24437e-09
1.94569e-09
1.67207e-09
1.42615e-09
1.20854e-09
1.0184e-09
8.53969e-10
7.12918e-10
5.92705e-10
4.90755e-10
4.04605e-10
3.31977e-10
2.70818e-10
2.19309e-10
1.75858e-10
1.39078e-10
1.07771e-10
8.08875e-11
5.75026e-11
3.6773e-11
1.78887e-11
8.19861e-34
1.48967e-13
9.9543e-11
1.94135e-10
2.84073e-10
3.69533e-10
4.50693e-10
5.27734e-10
6.00836e-10
6.70179e-10
7.35939e-10
7.98289e-10
8.57395e-10
9.13421e-10
9.66522e-10
1.01685e-09
1.06455e-09
1.10975e-09
1.15259e-09
1.1932e-09
1.23168e-09
1.26817e-09
1.30275e-09
1.33554e-09
1.36663e-09
1.39611e-09
1.42407e-09
1.45059e-09
1.47575e-09
1.49961e-09
1.52226e-09
1.54374e-09
1.56413e-09
1.78373e-09
2.01412e-09
2.25273e-09
2.49583e-09
2.73837e-09
2.97388e-09
3.1945e-09
3.39115e-09
3.55404e-09
3.67342e-09
3.7406e-09
3.74912e-09
3.69587e-09
3.5819e-09
3.41255e-09
3.19702e-09
2.94714e-09
2.67593e-09
2.39607e-09
2.11867e-09
1.85257e-09
1.60409e-09
1.37713e-09
1.17355e-09
9.93652e-10
8.36581e-10
7.00775e-10
5.84266e-10
4.84915e-10
4.00577e-10
3.29208e-10
2.6892e-10
2.18012e-10
1.74975e-10
1.38482e-10
1.07372e-10
8.06252e-11
5.73364e-11
3.66761e-11
1.78444e-11
8.99651e-34
1.17148e-13
7.84068e-11
1.52924e-10
2.23791e-10
2.91149e-10
3.55144e-10
4.15917e-10
4.73613e-10
5.28371e-10
5.80331e-10
6.29625e-10
6.76385e-10
7.20737e-10
7.62801e-10
8.02694e-10
8.40527e-10
8.76407e-10
9.10435e-10
9.42708e-10
9.73318e-10
1.00235e-09
1.02989e-09
1.05602e-09
1.08081e-09
1.10433e-09
1.12665e-09
1.14783e-09
1.16793e-09
1.18702e-09
1.20513e-09
1.22233e-09
1.23866e-09
1.41506e-09
1.60136e-09
1.79596e-09
1.99642e-09
2.19932e-09
2.40011e-09
2.5931e-09
2.77145e-09
2.92747e-09
3.05303e-09
3.14026e-09
3.18244e-09
3.17492e-09
3.11601e-09
3.00747e-09
2.85452e-09
2.66531e-09
2.4499e-09
2.21902e-09
1.98292e-09
1.75044e-09
1.52851e-09
1.32198e-09
1.1338e-09
9.65278e-10
8.16502e-10
6.86667e-10
5.74411e-10
4.78065e-10
3.95836e-10
3.25938e-10
2.66673e-10
2.16474e-10
1.73927e-10
1.37772e-10
1.06896e-10
8.03123e-11
5.71382e-11
3.65605e-11
1.77916e-11
9.8673e-34
9.16902e-14
6.14559e-11
1.1987e-10
1.75433e-10
2.28261e-10
2.78467e-10
3.26166e-10
3.71469e-10
4.14486e-10
4.55326e-10
4.94092e-10
5.30886e-10
5.65804e-10
5.98941e-10
6.30386e-10
6.60226e-10
6.88541e-10
7.15411e-10
7.4091e-10
7.65109e-10
7.88076e-10
8.09875e-10
8.30566e-10
8.50207e-10
8.68853e-10
8.86555e-10
9.03364e-10
9.19325e-10
9.34482e-10
9.48878e-10
9.62551e-10
9.7554e-10
1.11623e-09
1.26569e-09
1.42298e-09
1.58657e-09
1.75421e-09
1.92282e-09
2.08838e-09
2.2459e-09
2.38955e-09
2.51285e-09
2.60911e-09
2.67202e-09
2.69643e-09
2.67905e-09
2.61913e-09
2.51877e-09
2.38285e-09
2.21844e-09
2.03402e-09
1.83839e-09
1.63984e-09
1.44541e-09
1.26053e-09
1.08898e-09
9.32978e-10
7.93451e-10
6.70354e-10
5.62947e-10
4.70055e-10
3.90268e-10
3.22085e-10
2.64017e-10
2.14651e-10
1.72682e-10
1.36928e-10
1.06329e-10
7.99393e-11
5.69015e-11
3.64223e-11
1.77284e-11
1.08161e-33
7.1456e-14
4.79545e-11
9.35399e-11
1.36909e-10
1.78152e-10
2.17361e-10
2.54625e-10
2.90031e-10
3.23665e-10
3.55611e-10
3.85949e-10
4.14758e-10
4.42113e-10
4.68085e-10
4.92744e-10
5.16157e-10
5.38385e-10
5.59489e-10
5.79527e-10
5.98554e-10
6.1662e-10
6.33776e-10
6.50068e-10
6.65541e-10
6.80237e-10
6.94196e-10
7.07455e-10
7.20052e-10
7.32019e-10
7.43389e-10
7.54193e-10
7.64459e-10
8.75937e-10
9.94968e-10
1.12105e-09
1.25329e-09
1.39025e-09
1.52992e-09
1.66954e-09
1.8056e-09
1.9338e-09
2.04919e-09
2.14634e-09
2.2198e-09
2.26454e-09
2.27661e-09
2.25375e-09
2.1958e-09
2.10498e-09
1.98566e-09
1.84395e-09
1.68691e-09
1.52176e-09
1.3552e-09
1.19283e-09
1.03896e-09
8.96509e-10
7.6717e-10
6.51599e-10
5.49673e-10
4.60727e-10
3.83751e-10
3.17556e-10
2.60885e-10
2.12495e-10
1.71206e-10
1.35925e-10
1.05655e-10
7.94948e-11
5.66192e-11
3.62574e-11
1.76529e-11
1.18478e-33
5.54699e-14
3.72676e-11
7.26973e-11
1.0641e-10
1.38476e-10
1.68969e-10
1.97959e-10
2.25512e-10
2.51697e-10
2.76577e-10
3.00215e-10
3.22671e-10
3.44003e-10
3.64266e-10
3.83513e-10
4.01796e-10
4.19162e-10
4.35657e-10
4.51326e-10
4.66211e-10
4.80351e-10
4.93784e-10
5.06546e-10
5.18671e-10
5.30192e-10
5.4114e-10
5.51543e-10
5.6143e-10
5.70826e-10
5.79756e-10
5.88245e-10
5.96314e-10
6.84117e-10
7.78285e-10
8.78601e-10
9.84569e-10
1.09534e-09
1.20964e-09
1.32563e-09
1.44092e-09
1.55246e-09
1.65656e-09
1.74906e-09
1.82545e-09
1.8813e-09
1.9126e-09
1.91637e-09
1.89103e-09
1.83684e-09
1.75594e-09
1.6522e-09
1.53082e-09
1.39766e-09
1.25864e-09
1.11916e-09
9.83726e-10
8.55726e-10
7.37451e-10
6.30187e-10
5.34395e-10
4.49914e-10
3.76153e-10
3.1225e-10
2.572e-10
2.0995e-10
1.69459e-10
1.34734e-10
1.04853e-10
7.89653e-11
5.62825e-11
3.60605e-11
1.75628e-11
1.29671e-33
4.29083e-14
2.8856e-11
5.62911e-11
8.23997e-11
1.07239e-10
1.30864e-10
1.5333e-10
1.74691e-10
1.94996e-10
2.14296e-10
2.3264e-10
2.50073e-10
2.6664e-10
2.82383e-10
2.97343e-10
3.11558e-10
3.25066e-10
3.37902e-10
3.501e-10
3.61692e-10
3.72708e-10
3.83177e-10
3.93127e-10
4.02584e-10
4.11572e-10
4.20117e-10
4.28239e-10
4.3596e-10
4.433e-10
4.50279e-10
4.56915e-10
4.63225e-10
5.32005e-10
6.06056e-10
6.85327e-10
7.69587e-10
8.58364e-10
9.50883e-10
1.04599e-09
1.14208e-09
1.23706e-09
1.32832e-09
1.41272e-09
1.48677e-09
1.54677e-09
1.58908e-09
1.61055e-09
1.60891e-09
1.58311e-09
1.53361e-09
1.46242e-09
1.3729e-09
1.26945e-09
1.15692e-09
1.04015e-09
9.23516e-10
8.10621e-10
7.04164e-10
6.05939e-10
5.16928e-10
4.37453e-10
3.67337e-10
3.06057e-10
2.52878e-10
2.06953e-10
1.67394e-10
1.33324e-10
1.03901e-10
7.83354e-11
5.58813e-11
3.58257e-11
1.74552e-11
1.41777e-33
3.30854e-14
2.22688e-11
4.34424e-11
6.35947e-11
8.27702e-11
1.01012e-10
1.18364e-10
1.34865e-10
1.50555e-10
1.65474e-10
1.79658e-10
1.93142e-10
2.0596e-10
2.18145e-10
2.29727e-10
2.40737e-10
2.51203e-10
2.61152e-10
2.70609e-10
2.79599e-10
2.88146e-10
2.9627e-10
3.03995e-10
3.11339e-10
3.18321e-10
3.24961e-10
3.31274e-10
3.37277e-10
3.42985e-10
3.48414e-10
3.53578e-10
3.58488e-10
4.12103e-10
4.70018e-10
5.32277e-10
5.98807e-10
6.69377e-10
7.4355e-10
8.20625e-10
8.9958e-10
9.7902e-10
1.05713e-09
1.13169e-09
1.20005e-09
1.25929e-09
1.30636e-09
1.33832e-09
1.35267e-09
1.34769e-09
1.3227e-09
1.27826e-09
1.2162e-09
1.13941e-09
1.05158e-09
9.56723e-10
8.58805e-10
7.61363e-10
6.67292e-10
5.78743e-10
4.97125e-10
4.23193e-10
3.57166e-10
2.98865e-10
2.4783e-10
2.03436e-10
1.64961e-10
1.31656e-10
1.02773e-10
7.75871e-11
5.54039e-11
3.55458e-11
1.73269e-11
1.54826e-33
2.54375e-14
1.71336e-11
3.34255e-11
4.89332e-11
6.36912e-11
7.77333e-11
9.10922e-11
1.038e-10
1.15886e-10
1.2738e-10
1.38311e-10
1.48706e-10
1.5859e-10
1.67989e-10
1.76926e-10
1.85423e-10
1.93503e-10
2.01186e-10
2.08492e-10
2.15438e-10
2.22044e-10
2.28326e-10
2.34299e-10
2.3998e-10
2.45383e-10
2.50522e-10
2.55409e-10
2.60057e-10
2.64479e-10
2.68684e-10
2.72685e-10
2.76491e-10
3.181e-10
3.63173e-10
4.11802e-10
4.64004e-10
5.19696e-10
5.78654e-10
6.40481e-10
7.04552e-10
7.69973e-10
8.35536e-10
8.99689e-10
9.60534e-10
1.01586e-09
1.06323e-09
1.10014e-09
1.12421e-09
1.13346e-09
1.12659e-09
1.10316e-09
1.06377e-09
1.01006e-09
9.44491e-10
8.70147e-10
7.90348e-10
7.08329e-10
6.26961e-10
5.48574e-10
4.74885e-10
4.07006e-10
3.45516e-10
2.9056e-10
2.41963e-10
1.99324e-10
1.62105e-10
1.2969e-10
1.01438e-10
7.66996e-11
5.48365e-11
3.52128e-11
1.7174e-11
1.68828e-33
1.95061e-14
1.31466e-11
2.5648e-11
3.75487e-11
4.88754e-11
5.96542e-11
6.99103e-11
7.96681e-11
8.89509e-11
9.77811e-11
1.0618e-10
1.1417e-10
1.21768e-10
1.28995e-10
1.35869e-10
1.42407e-10
1.48625e-10
1.54538e-10
1.60163e-10
1.65513e-10
1.70601e-10
1.75441e-10
1.80045e-10
1.84424e-10
1.8859e-10
1.92552e-10
1.96322e-10
1.99908e-10
2.0332e-10
2.06566e-10
2.09654e-10
2.12593e-10
2.44756e-10
2.79681e-10
3.17478e-10
3.58209e-10
4.01874e-10
4.48386e-10
4.97538e-10
5.48971e-10
6.02135e-10
6.56254e-10
7.10289e-10
7.62918e-10
8.12537e-10
8.57294e-10
8.95168e-10
9.24099e-10
9.42166e-10
9.47801e-10
9.40007e-10
9.18534e-10
8.83974e-10
8.37746e-10
7.81958e-10
7.19172e-10
6.52128e-10
5.8347e-10
5.15529e-10
4.50184e-10
3.88807e-10
3.32277e-10
2.81038e-10
2.35183e-10
1.94542e-10
1.58763e-10
1.27381e-10
9.98633e-11
7.56496e-11
5.41636e-11
3.4817e-11
1.69922e-11
1.83773e-33
1.49218e-14
1.00622e-11
1.9631e-11
2.87407e-11
3.74118e-11
4.56646e-11
5.35184e-11
6.09917e-11
6.81025e-11
7.48679e-11
8.13045e-11
8.74279e-11
9.32533e-11
9.87951e-11
1.04067e-10
1.09082e-10
1.13853e-10
1.18391e-10
1.22709e-10
1.26817e-10
1.30724e-10
1.34442e-10
1.37978e-10
1.41343e-10
1.44545e-10
1.47591e-10
1.50489e-10
1.53247e-10
1.55871e-10
1.58368e-10
1.60744e-10
1.63005e-10
1.87777e-10
2.14732e-10
2.43979e-10
2.75601e-10
3.09642e-10
3.4609e-10
3.84858e-10
4.25757e-10
4.68468e-10
5.12513e-10
5.5722e-10
6.01702e-10
6.44837e-10
6.85276e-10
7.21471e-10
7.51747e-10
7.74417e-10
7.87924e-10
7.91025e-10
7.8296e-10
7.63597e-10
7.33495e-10
6.93883e-10
6.4654e-10
5.93597e-10
5.37312e-10
4.79846e-10
4.23094e-10
3.68572e-10
3.17379e-10
2.7021e-10
2.27404e-10
1.89012e-10
1.54874e-10
1.24678e-10
9.80127e-11
7.4411e-11
5.33676e-11
3.43479e-11
1.67763e-11
1.9962e-33
1.13896e-14
7.68376e-12
1.4991e-11
2.1948e-11
2.85708e-11
3.48747e-11
4.08745e-11
4.65845e-11
5.20182e-11
5.7189e-11
6.21091e-11
6.67908e-11
7.12454e-11
7.54838e-11
7.95166e-11
8.33536e-11
8.70045e-11
9.04782e-11
9.37834e-11
9.69282e-11
9.99206e-11
1.02768e-10
1.05477e-10
1.08055e-10
1.10509e-10
1.12843e-10
1.15065e-10
1.17179e-10
1.19191e-10
1.21106e-10
1.22928e-10
1.24662e-10
1.4368e-10
1.6441e-10
1.86952e-10
2.11393e-10
2.37795e-10
2.66188e-10
2.96554e-10
3.28809e-10
3.62783e-10
3.98196e-10
4.34634e-10
4.71521e-10
5.081e-10
5.43426e-10
5.76363e-10
6.05624e-10
6.29823e-10
6.47574e-10
6.57619e-10
6.58968e-10
6.51044e-10
6.33788e-10
6.07713e-10
5.73876e-10
5.3377e-10
4.89166e-10
4.41921e-10
3.93805e-10
3.46355e-10
3.00798e-10
2.58014e-10
2.1855e-10
1.82663e-10
1.50376e-10
1.21531e-10
9.58469e-11
7.29551e-11
5.24287e-11
3.37931e-11
1.65207e-11
2.16284e-33
8.67538e-15
5.8549e-12
1.14231e-11
1.67247e-11
2.17719e-11
2.65765e-11
3.11499e-11
3.55028e-11
3.96457e-11
4.35886e-11
4.7341e-11
5.09119e-11
5.43102e-11
5.75441e-11
6.06216e-11
6.35501e-11
6.6337e-11
6.8989e-11
7.15128e-11
7.39145e-11
7.62e-11
7.83751e-11
8.04451e-11
8.24152e-11
8.429e-11
8.60744e-11
8.77727e-11
8.9389e-11
9.09274e-11
9.23917e-11
9.37854e-11
9.51119e-11
1.09669e-10
1.25559e-10
1.42871e-10
1.61685e-10
1.82069e-10
2.04072e-10
2.27711e-10
2.52965e-10
2.79757e-10
3.07935e-10
3.37255e-10
3.67359e-10
3.97758e-10
4.27809e-10
4.56715e-10
4.83527e-10
5.0717e-10
5.26502e-10
5.40386e-10
5.47801e-10
5.47959e-10
5.40418e-10
5.25169e-10
5.02672e-10
4.73826e-10
4.39883e-10
4.02311e-10
3.62638e-10
3.22309e-10
2.82575e-10
2.44428e-10
2.0857e-10
1.75434e-10
1.45208e-10
1.1789e-10
9.3325e-11
7.12515e-11
5.13257e-11
3.31395e-11
1.62188e-11
2.33629e-33
6.59484e-15
4.4522e-12
8.68647e-12
1.27182e-11
1.65567e-11
2.0211e-11
2.36897e-11
2.70011e-11
3.01531e-11
3.31532e-11
3.60087e-11
3.87264e-11
4.13131e-11
4.3775e-11
4.6118e-11
4.8348e-11
5.04704e-11
5.24904e-11
5.44129e-11
5.62426e-11
5.79841e-11
5.96417e-11
6.12193e-11
6.27209e-11
6.41502e-11
6.55106e-11
6.68055e-11
6.8038e-11
6.92113e-11
7.03281e-11
7.13912e-11
7.24032e-11
8.35145e-11
9.56592e-11
1.08911e-10
1.23341e-10
1.39014e-10
1.55983e-10
1.74286e-10
1.93934e-10
2.14902e-10
2.3712e-10
2.60455e-10
2.84696e-10
3.09536e-10
3.34558e-10
3.5922e-10
3.82852e-10
4.04659e-10
4.2375e-10
4.39179e-10
4.50016e-10
4.55431e-10
4.54793e-10
4.47765e-10
4.34367e-10
4.15003e-10
3.90437e-10
3.61714e-10
3.30048e-10
2.96694e-10
2.62834e-10
2.29486e-10
1.97447e-10
1.6728e-10
1.39321e-10
1.13706e-10
9.04068e-11
6.92683e-11
5.00357e-11
3.23724e-11
1.58638e-11
2.51447e-33
5.00347e-15
3.37877e-12
6.59224e-12
9.6521e-12
1.25655e-11
1.53392e-11
1.79799e-11
2.04937e-11
2.28867e-11
2.51647e-11
2.7333e-11
2.93971e-11
3.13617e-11
3.32318e-11
3.50118e-11
3.67061e-11
3.83188e-11
3.98538e-11
4.1315e-11
4.27058e-11
4.40297e-11
4.52898e-11
4.64894e-11
4.76312e-11
4.87181e-11
4.97528e-11
5.07378e-11
5.16754e-11
5.25679e-11
5.34176e-11
5.42265e-11
5.49966e-11
6.3456e-11
7.27117e-11
8.28246e-11
9.38548e-11
1.0586e-10
1.18892e-10
1.32994e-10
1.48192e-10
1.64494e-10
1.81875e-10
2.00272e-10
2.19567e-10
2.39579e-10
2.60047e-10
2.80617e-10
3.00832e-10
3.2013e-10
3.37847e-10
3.53243e-10
3.65538e-10
3.73967e-10
3.77855e-10
3.76699e-10
3.70237e-10
3.58505e-10
3.41856e-10
3.20934e-10
2.96609e-10
2.69882e-10
2.41786e-10
2.13286e-10
1.85205e-10
1.58188e-10
1.32681e-10
1.0894e-10
8.70544e-11
6.69745e-11
4.85354e-11
3.14766e-11
1.54482e-11
2.69447e-33
3.78862e-15
2.55898e-12
4.9928e-12
7.31036e-12
9.51707e-12
1.16181e-11
1.36185e-11
1.55229e-11
1.7336e-11
1.9062e-11
2.07051e-11
2.22692e-11
2.37582e-11
2.51757e-11
2.6525e-11
2.78094e-11
2.90322e-11
3.01961e-11
3.13041e-11
3.23589e-11
3.3363e-11
3.43188e-11
3.52287e-11
3.6095e-11
3.69196e-11
3.77047e-11
3.84521e-11
3.91636e-11
3.9841e-11
4.04859e-11
4.10999e-11
4.16845e-11
4.81085e-11
5.51435e-11
6.28384e-11
7.1243e-11
8.04065e-11
9.03755e-11
1.01192e-10
1.12889e-10
1.25487e-10
1.38989e-10
1.53372e-10
1.68578e-10
1.84507e-10
2.01002e-10
2.17842e-10
2.34727e-10
2.51272e-10
2.67007e-10
2.81379e-10
2.93772e-10
3.03543e-10
3.10062e-10
3.12782e-10
3.11296e-10
3.05402e-10
2.95143e-10
2.80824e-10
2.62985e-10
2.42347e-10
2.19737e-10
1.96002e-10
1.71926e-10
1.48178e-10
1.25274e-10
1.03563e-10
8.32365e-11
6.43413e-11
4.68022e-11
3.04368e-11
1.49643e-11
2.87236e-33
2.86281e-15
1.93401e-12
3.77347e-12
5.5251e-12
7.19301e-12
8.78113e-12
1.02932e-11
1.17329e-11
1.31035e-11
1.44085e-11
1.56508e-11
1.68336e-11
1.79596e-11
1.90316e-11
2.00521e-11
2.10236e-11
2.19486e-11
2.28291e-11
2.36674e-11
2.44654e-11
2.52252e-11
2.59485e-11
2.66371e-11
2.72927e-11
2.79169e-11
2.85111e-11
2.90769e-11
2.96156e-11
3.01284e-11
3.06167e-11
3.10816e-11
3.15242e-11
3.63902e-11
4.17229e-11
4.75612e-11
5.39455e-11
6.09162e-11
6.85136e-11
7.67752e-11
8.57346e-11
9.54181e-11
1.05841e-10
1.17003e-10
1.28882e-10
1.41428e-10
1.54554e-10
1.68126e-10
1.81955e-10
1.9579e-10
2.09306e-10
2.22111e-10
2.33742e-10
2.4369e-10
2.51422e-10
2.56422e-10
2.5824e-10
2.56551e-10
2.51196e-10
2.4222e-10
2.29883e-10
2.14636e-10
1.97076e-10
1.77884e-10
1.57751e-10
1.37317e-10
1.17119e-10
9.75676e-11
7.89319e-11
6.13453e-11
4.48157e-11
2.92385e-11
1.44046e-11
3.04303e-33
2.15837e-15
1.45835e-12
2.84541e-12
4.16628e-12
5.42405e-12
6.6217e-12
7.76206e-12
8.84785e-12
9.88165e-12
1.08659e-11
1.18031e-11
1.26953e-11
1.35448e-11
1.43536e-11
1.51236e-11
1.58567e-11
1.65546e-11
1.72191e-11
1.78518e-11
1.84541e-11
1.90276e-11
1.95736e-11
2.00934e-11
2.05883e-11
2.10596e-11
2.15082e-11
2.19354e-11
2.23422e-11
2.27294e-11
2.30982e-11
2.34492e-11
2.37835e-11
2.74596e-11
3.14907e-11
3.59075e-11
4.07419e-11
4.60269e-11
5.17956e-11
5.80805e-11
6.49123e-11
7.23174e-11
8.03165e-11
8.89209e-11
9.81284e-11
1.07919e-10
1.18248e-10
1.2904e-10
1.40183e-10
1.51515e-10
1.62824e-10
1.73839e-10
1.8423e-10
1.93613e-10
2.01566e-10
2.07645e-10
2.11428e-10
2.12547e-10
2.10736e-10
2.05873e-10
1.98e-10
1.87336e-10
1.74256e-10
1.59254e-10
1.42888e-10
1.25721e-10
1.0827e-10
9.09684e-11
7.41352e-11
5.79717e-11
4.25598e-11
2.78689e-11
1.37623e-11
3.20008e-33
1.62313e-15
1.09685e-12
2.14009e-12
3.13356e-12
4.07961e-12
4.98045e-12
5.83824e-12
6.65501e-12
7.43272e-12
8.17321e-12
8.87826e-12
9.54956e-12
1.01887e-11
1.07973e-11
1.13767e-11
1.19284e-11
1.24537e-11
1.29538e-11
1.343e-11
1.38833e-11
1.4315e-11
1.4726e-11
1.51174e-11
1.549e-11
1.58447e-11
1.61826e-11
1.65042e-11
1.68105e-11
1.71021e-11
1.73798e-11
1.76442e-11
1.78959e-11
2.06651e-11
2.37032e-11
2.70341e-11
3.0683e-11
3.46759e-11
3.90398e-11
4.38017e-11
4.89879e-11
5.46229e-11
6.07281e-11
6.73192e-11
7.44045e-11
8.19805e-11
9.00289e-11
9.85108e-11
1.07362e-10
1.16484e-10
1.25744e-10
1.34961e-10
1.43907e-10
1.52309e-10
1.59844e-10
1.66162e-10
1.70898e-10
1.73701e-10
1.74271e-10
1.7239e-10
1.67962e-10
1.61025e-10
1.51763e-10
1.40486e-10
1.276e-10
1.13561e-10
9.88261e-11
8.38123e-11
6.8861e-11
5.42183e-11
4.00258e-11
2.63192e-11
1.3032e-11
3.33575e-33
1.21699e-15
8.22485e-13
1.60478e-12
2.34977e-12
3.0592e-12
3.73476e-12
4.37805e-12
4.9906e-12
5.57387e-12
6.12925e-12
6.65807e-12
7.16161e-12
7.64105e-12
8.09756e-12
8.53224e-12
8.94612e-12
9.3402e-12
9.71542e-12
1.00727e-11
1.04129e-11
1.07368e-11
1.10452e-11
1.13389e-11
1.16185e-11
1.18848e-11
1.21383e-11
1.23798e-11
1.26096e-11
1.28285e-11
1.3037e-11
1.32354e-11
1.34244e-11
1.55036e-11
1.77857e-11
2.02891e-11
2.30332e-11
2.60386e-11
2.93267e-11
3.29193e-11
3.68384e-11
4.11051e-11
4.57392e-11
5.07574e-11
5.61719e-11
6.19885e-11
6.82029e-11
7.47984e-11
8.17411e-11
8.89754e-11
9.64189e-11
1.03957e-10
1.11439e-10
1.18674e-10
1.25431e-10
1.31445e-10
1.36421e-10
1.40059e-10
1.42068e-10
1.422e-10
1.4028e-10
1.36228e-10
1.30078e-10
1.21983e-10
1.12198e-10
1.01056e-10
8.89268e-11
7.61806e-11
6.31494e-11
5.00998e-11
3.72149e-11
2.4586e-11
1.22108e-11
3.44105e-33
9.09194e-16
6.14521e-13
1.19902e-12
1.75565e-12
2.28572e-12
2.7905e-12
3.27117e-12
3.72889e-12
4.16474e-12
4.57977e-12
4.97496e-12
5.35127e-12
5.70959e-12
6.05078e-12
6.37566e-12
6.68501e-12
6.97957e-12
7.26006e-12
7.52713e-12
7.78144e-12
8.02359e-12
8.25417e-12
8.47373e-12
8.6828e-12
8.88188e-12
9.07145e-12
9.25196e-12
9.42385e-12
9.58753e-12
9.74339e-12
9.89181e-12
1.00331e-11
1.15883e-11
1.32958e-11
1.51697e-11
1.72249e-11
1.94774e-11
2.19439e-11
2.46418e-11
2.75887e-11
3.08023e-11
3.42997e-11
3.80966e-11
4.2206e-11
4.66374e-11
5.13942e-11
5.64721e-11
6.18556e-11
6.75152e-11
7.34031e-11
7.94492e-11
8.55567e-11
9.15983e-11
9.7414e-11
1.02811e-10
1.07567e-10
1.11438e-10
1.14174e-10
1.15534e-10
1.15315e-10
1.13371e-10
1.09638e-10
1.04144e-10
9.70162e-11
8.84624e-11
7.87537e-11
6.81902e-11
5.70685e-11
4.56507e-11
3.41416e-11
2.26731e-11
1.1299e-11
3.50599e-33
6.76202e-16
4.57077e-13
8.91825e-13
1.30585e-12
1.70013e-12
2.07559e-12
2.43314e-12
2.77362e-12
3.09784e-12
3.40658e-12
3.70058e-12
3.98053e-12
4.2471e-12
4.50094e-12
4.74266e-12
4.97283e-12
5.192e-12
5.4007e-12
5.59943e-12
5.78866e-12
5.96886e-12
6.14045e-12
6.30384e-12
6.45943e-12
6.60759e-12
6.74868e-12
6.88303e-12
7.01096e-12
7.13279e-12
7.2488e-12
7.35927e-12
7.46447e-12
8.6222e-12
9.89372e-12
1.12896e-11
1.28214e-11
1.45011e-11
1.63417e-11
1.83568e-11
2.05603e-11
2.29665e-11
2.55896e-11
2.84431e-11
3.15396e-11
3.4889e-11
3.84984e-11
4.23698e-11
4.64983e-11
5.08701e-11
5.54592e-11
6.02247e-11
6.51067e-11
7.00233e-11
7.48673e-11
7.95043e-11
8.37727e-11
8.74871e-11
9.04444e-11
9.2436e-11
9.32635e-11
9.27576e-11
9.07984e-11
8.73327e-11
8.23845e-11
7.60561e-11
6.85183e-11
5.99907e-11
5.07152e-11
4.09283e-11
3.08359e-11
2.05943e-11
1.03012e-11
3.52006e-33
5.00029e-16
3.38014e-13
6.59518e-13
9.65698e-13
1.25728e-12
1.53495e-12
1.79938e-12
2.05119e-12
2.29098e-12
2.51932e-12
2.73676e-12
2.94382e-12
3.141e-12
3.32876e-12
3.50755e-12
3.67781e-12
3.83993e-12
3.99432e-12
4.14133e-12
4.28133e-12
4.41463e-12
4.54158e-12
4.66246e-12
4.77758e-12
4.8872e-12
4.99158e-12
5.09099e-12
5.18565e-12
5.27579e-12
5.36163e-12
5.44338e-12
5.52122e-12
6.378e-12
7.31922e-12
8.35283e-12
9.48744e-12
1.07323e-11
1.20971e-11
1.35924e-11
1.5229e-11
1.70182e-11
1.89713e-11
2.10997e-11
2.34141e-11
2.5924e-11
2.86373e-11
3.15589e-11
3.46896e-11
3.80244e-11
4.15507e-11
4.52458e-11
4.90743e-11
5.29851e-11
5.6909e-11
6.07553e-11
6.44112e-11
6.77414e-11
7.05908e-11
7.27901e-11
7.4166e-11
7.45534e-11
7.38123e-11
7.18434e-11
6.86026e-11
6.41093e-11
5.84472e-11
5.17554e-11
4.42119e-11
3.60117e-11
2.73443e-11
1.83736e-11
9.22737e-12
3.47293e-33
3.66946e-16
2.48064e-13
4.84012e-13
7.08715e-13
9.22707e-13
1.12649e-12
1.32056e-12
1.50537e-12
1.68136e-12
1.84896e-12
2.00855e-12
2.16053e-12
2.30526e-12
2.44308e-12
2.57432e-12
2.69929e-12
2.8183e-12
2.93163e-12
3.03955e-12
3.14232e-12
3.24019e-12
3.33338e-12
3.42213e-12
3.50664e-12
3.58712e-12
3.66376e-12
3.73674e-12
3.80624e-12
3.87243e-12
3.93546e-12
3.99548e-12
4.05264e-12
4.68179e-12
5.37308e-12
6.13243e-12
6.96623e-12
7.88137e-12
8.88524e-12
9.9857e-12
1.11911e-11
1.251e-11
1.39515e-11
1.55244e-11
1.72378e-11
1.90999e-11
2.1118e-11
2.32981e-11
2.56432e-11
2.81534e-11
3.08235e-11
3.36419e-11
3.65889e-11
3.96337e-11
4.27328e-11
4.58273e-11
4.88409e-11
5.16786e-11
5.4227e-11
5.63565e-11
5.79262e-11
5.87917e-11
5.88163e-11
5.78839e-11
5.59129e-11
5.28669e-11
4.87623e-11
4.3668e-11
3.76983e-11
3.09987e-11
2.37292e-11
1.60463e-11
8.09278e-12
3.35535e-33
2.66467e-16
1.80145e-13
3.51493e-13
5.14675e-13
6.7008e-13
8.18076e-13
9.59014e-13
1.09323e-12
1.22105e-12
1.34276e-12
1.45867e-12
1.56906e-12
1.67417e-12
1.77427e-12
1.86959e-12
1.96037e-12
2.04681e-12
2.12913e-12
2.20752e-12
2.28217e-12
2.35326e-12
2.42095e-12
2.48542e-12
2.54681e-12
2.60527e-12
2.66095e-12
2.71397e-12
2.76446e-12
2.81254e-12
2.85833e-12
2.90193e-12
2.94346e-12
3.40058e-12
3.90292e-12
4.45483e-12
5.06101e-12
5.72653e-12
6.45687e-12
7.25787e-12
8.13575e-12
9.09708e-12
1.01487e-11
1.12975e-11
1.25506e-11
1.39148e-11
1.53965e-11
1.70012e-11
1.87329e-11
2.05937e-11
2.25825e-11
2.46943e-11
2.69186e-11
2.92378e-11
3.16255e-11
3.40444e-11
3.64444e-11
3.87612e-11
4.09151e-11
4.28113e-11
4.43415e-11
4.53887e-11
4.58334e-11
4.55627e-11
4.44815e-11
4.25232e-11
3.96594e-11
3.59052e-11
3.13194e-11
2.59981e-11
2.00647e-11
1.36568e-11
6.91769e-12
3.15991e-33
1.90567e-16
1.28837e-13
2.51383e-13
3.6809e-13
4.79235e-13
5.85081e-13
6.85882e-13
7.81876e-13
8.73292e-13
9.60348e-13
1.04325e-12
1.1222e-12
1.19739e-12
1.26898e-12
1.33717e-12
1.4021e-12
1.46393e-12
1.52281e-12
1.57888e-12
1.63228e-12
1.68314e-12
1.73156e-12
1.77768e-12
1.8216e-12
1.86342e-12
1.90325e-12
1.94118e-12
1.9773e-12
2.01169e-12
2.04445e-12
2.07565e-12
2.10536e-12
2.43241e-12
2.79187e-12
3.18686e-12
3.62077e-12
4.09728e-12
4.62037e-12
5.19429e-12
5.82362e-12
6.51316e-12
7.26801e-12
8.09342e-12
8.99477e-12
9.97738e-12
1.10464e-11
1.22066e-11
1.34618e-11
1.48148e-11
1.62665e-11
1.78153e-11
1.94561e-11
2.11794e-11
2.29696e-11
2.48039e-11
2.66506e-11
2.84672e-11
3.01997e-11
3.17815e-11
3.31336e-11
3.41667e-11
3.47841e-11
3.4888e-11
3.43866e-11
3.32036e-11
3.12869e-11
2.86165e-11
2.5209e-11
2.1118e-11
1.64293e-11
1.12544e-11
5.72558e-12
2.88152e-33
1.33055e-16
8.99571e-14
1.75521e-13
2.57009e-13
3.34613e-13
4.08519e-13
4.78902e-13
5.45929e-13
6.0976e-13
6.70548e-13
7.28437e-13
7.83565e-13
8.36064e-13
8.8606e-13
9.33671e-13
9.79011e-13
1.02219e-12
1.06331e-12
1.10247e-12
1.13976e-12
1.17527e-12
1.20909e-12
1.24129e-12
1.27196e-12
1.30117e-12
1.32898e-12
1.35547e-12
1.3807e-12
1.40472e-12
1.4276e-12
1.44939e-12
1.47013e-12
1.69856e-12
1.94965e-12
2.22558e-12
2.52876e-12
2.86178e-12
3.22743e-12
3.62874e-12
4.06896e-12
4.55154e-12
5.08013e-12
5.65855e-12
6.29075e-12
6.9807e-12
7.73234e-12
8.5494e-12
9.43518e-12
1.03923e-11
1.14224e-11
1.25255e-11
1.36995e-11
1.49396e-11
1.62369e-11
1.75781e-11
1.89433e-11
2.03059e-11
2.16304e-11
2.28717e-11
2.39752e-11
2.4876e-11
2.55015e-11
2.57738e-11
2.56147e-11
2.49522e-11
2.37278e-11
2.19041e-11
1.94711e-11
1.64501e-11
1.28943e-11
8.88687e-12
4.53988e-12
2.51688e-33
8.90672e-17
6.02187e-14
1.17497e-13
1.72046e-13
2.23996e-13
2.73471e-13
3.20587e-13
3.65457e-13
4.08188e-13
4.48882e-13
4.87635e-13
5.24541e-13
5.59687e-13
5.93157e-13
6.25031e-13
6.55386e-13
6.84292e-13
7.11821e-13
7.38037e-13
7.63002e-13
7.86777e-13
8.09419e-13
8.30981e-13
8.51515e-13
8.7107e-13
8.89693e-13
9.07428e-13
9.24318e-13
9.40402e-13
9.5572e-13
9.70307e-13
9.84199e-13
1.13715e-12
1.30528e-12
1.49008e-12
1.69314e-12
1.91622e-12
2.16121e-12
2.43016e-12
2.72527e-12
3.04889e-12
3.40354e-12
3.79183e-12
4.2165e-12
4.68037e-12
5.18623e-12
5.73682e-12
6.33464e-12
6.98186e-12
7.68002e-12
8.4298e-12
9.23062e-12
1.00802e-11
1.09737e-11
1.19037e-11
1.28584e-11
1.38215e-11
1.4771e-11
1.56779e-11
1.65061e-11
1.72119e-11
1.77443e-11
1.80465e-11
1.80587e-11
1.77219e-11
1.69834e-11
1.58029e-11
1.41583e-11
1.20511e-11
9.50938e-12
6.58983e-12
3.37905e-12
2.06216e-33
5.46277e-17
3.69346e-14
7.20656e-14
1.05523e-13
1.37386e-13
1.67731e-13
1.9663e-13
2.24151e-13
2.5036e-13
2.7532e-13
2.9909e-13
3.21727e-13
3.43284e-13
3.63814e-13
3.83365e-13
4.01984e-13
4.19714e-13
4.366e-13
4.5268e-13
4.67994e-13
4.82578e-13
4.96466e-13
5.09693e-13
5.22288e-13
5.34284e-13
5.45707e-13
5.56586e-13
5.66946e-13
5.76813e-13
5.86209e-13
5.95158e-13
6.03679e-13
6.97506e-13
8.00653e-13
9.14029e-13
1.03862e-12
1.17552e-12
1.32588e-12
1.49097e-12
1.67216e-12
1.87091e-12
2.08878e-12
2.32742e-12
2.58855e-12
2.87395e-12
3.18543e-12
3.52475e-12
3.8936e-12
4.29347e-12
4.72555e-12
5.19054e-12
5.68845e-12
6.2183e-12
6.7778e-12
7.36287e-12
7.96717e-12
8.5815e-12
9.19309e-12
9.78505e-12
1.03357e-11
1.08181e-11
1.12004e-11
1.14457e-11
1.1514e-11
1.13641e-11
1.09568e-11
1.02593e-11
9.24937e-12
7.92015e-12
6.28372e-12
4.37404e-12
2.24979e-12
1.5078e-33
2.61862e-17
1.7705e-14
3.45455e-14
5.05837e-14
6.58578e-14
8.04041e-14
9.42571e-14
1.0745e-13
1.20014e-13
1.31979e-13
1.43373e-13
1.54225e-13
1.64559e-13
1.744e-13
1.83773e-13
1.92698e-13
2.01198e-13
2.09293e-13
2.17001e-13
2.24343e-13
2.31334e-13
2.37992e-13
2.44332e-13
2.50371e-13
2.56121e-13
2.61598e-13
2.66813e-13
2.7178e-13
2.7651e-13
2.81014e-13
2.85304e-13
2.8939e-13
3.34371e-13
3.83823e-13
4.38182e-13
4.97923e-13
5.63565e-13
6.35671e-13
7.14851e-13
8.01763e-13
8.97114e-13
1.00166e-12
1.1162e-12
1.24158e-12
1.37866e-12
1.52833e-12
1.69148e-12
1.86896e-12
2.06152e-12
2.26982e-12
2.49428e-12
2.73501e-12
2.99169e-12
3.26339e-12
3.54837e-12
3.84383e-12
4.14562e-12
4.44792e-12
4.74287e-12
5.02029e-12
5.26737e-12
5.46858e-12
5.60579e-12
5.65878e-12
5.6062e-12
5.4271e-12
5.10294e-12
4.62006e-12
3.97226e-12
3.16323e-12
2.20868e-12
1.13845e-12
8.28855e-34
7.74238e-42
1.01937e-40
3.35272e-40
6.73636e-40
1.08239e-39
1.53388e-39
2.00622e-39
2.48235e-39
2.94915e-39
3.39676e-39
3.818e-39
4.20783e-39
4.56295e-39
4.88149e-39
5.16266e-39
5.40654e-39
5.61387e-39
5.78591e-39
5.92428e-39
6.03085e-39
6.10768e-39
6.15691e-39
6.18073e-39
6.18133e-39
6.16087e-39
6.12143e-39
6.06502e-39
5.99356e-39
5.90884e-39
5.81257e-39
5.70632e-39
3.77919e-38
8.95694e-38
1.29768e-37
1.8599e-37
2.64149e-37
3.7224e-37
5.21047e-37
7.25092e-37
1.00389e-36
1.38361e-36
1.8993e-36
2.59777e-36
3.54142e-36
4.81329e-36
6.52352e-36
8.81789e-36
1.18886e-35
1.59882e-35
2.14468e-35
2.86942e-35
3.82852e-35
5.09311e-35
6.75347e-35
8.92269e-35
1.17402e-34
1.53745e-34
2.00234e-34
2.59105e-34
3.32744e-34
4.23474e-34
5.33177e-34
6.62695e-34
8.10952e-34
9.73744e-34
1.14219e-33
1.30088e-33
1.42592e-33
1.48311e-33
1.42667e-33
1.19941e-33
7.35751e-34
2.87959e-34
