-1.28236e-39
-1.68837e-38
-5.55309e-38
-1.11574e-37
-1.79276e-37
-2.54055e-37
-3.32288e-37
-4.11148e-37
-4.88463e-37
-5.626e-37
-6.32368e-37
-6.96934e-37
-7.55753e-37
-8.08511e-37
-8.55079e-37
-8.95471e-37
-9.2981e-37
-9.58303e-37
-9.8122e-37
-9.98871e-37
-1.01159e-36
-1.01975e-36
-1.02369e-36
-1.02379e-36
-1.0204e-36
-1.01387e-36
-1.00452e-36
-9.92687e-37
-9.78655e-37
-9.62709e-37
-9.45111e-37
-6.25928e-36
-1.48348e-35
-2.14925e-35
-3.08037e-35
-4.37477e-35
-6.1648e-35
-8.62904e-35
-1.20079e-34
-1.66242e-34
-2.29113e-34
-3.14488e-34
-4.3011e-34
-5.86298e-34
-7.96776e-34
-1.07974e-33
-1.45926e-33
-1.96705e-33
-2.64474e-33
-3.5467e-33
-4.74357e-33
-6.32649e-33
-8.412e-33
-1.11476e-32
-1.47177e-32
-1.93486e-32
-2.53124e-32
-3.29266e-32
-4.25472e-32
-5.45492e-32
-6.92907e-32
-8.70495e-32
-1.07926e-31
-1.31704e-31
-1.57659e-31
-1.84322e-31
-2.09204e-31
-2.28506e-31
-2.36855e-31
-2.27124e-31
-1.90447e-31
-1.16619e-31
-2.2068e-32
2.84836e-17
1.92583e-14
3.75761e-14
5.50214e-14
7.16354e-14
8.74578e-14
1.02526e-13
1.16876e-13
1.30542e-13
1.43557e-13
1.55951e-13
1.67754e-13
1.78995e-13
1.897e-13
1.99894e-13
2.09602e-13
2.18848e-13
2.27652e-13
2.36037e-13
2.44022e-13
2.51627e-13
2.58869e-13
2.65765e-13
2.72333e-13
2.78588e-13
2.84545e-13
2.90217e-13
2.9562e-13
3.00765e-13
3.05664e-13
3.1033e-13
3.14774e-13
3.637e-13
4.17487e-13
4.7661e-13
5.41586e-13
6.12978e-13
6.91398e-13
7.77507e-13
8.72021e-13
9.75705e-13
1.08938e-12
1.21391e-12
1.3502e-12
1.4992e-12
1.66185e-12
1.83911e-12
2.03188e-12
2.24097e-12
2.46705e-12
2.71055e-12
2.97154e-12
3.24961e-12
3.54367e-12
3.85174e-12
4.17067e-12
4.49581e-12
4.82071e-12
5.13669e-12
5.43254e-12
5.69429e-12
5.90505e-12
6.0453e-12
6.09342e-12
6.02687e-12
5.82382e-12
5.46544e-12
4.93841e-12
4.23757e-12
3.36826e-12
2.34812e-12
1.20898e-12
-1.24696e-31
5.95522e-17
4.02639e-14
7.85618e-14
1.15035e-13
1.49771e-13
1.82851e-13
2.14354e-13
2.44356e-13
2.72928e-13
3.00137e-13
3.2605e-13
3.50727e-13
3.74227e-13
3.96607e-13
4.1792e-13
4.38216e-13
4.57545e-13
4.75952e-13
4.93482e-13
5.10176e-13
5.26074e-13
5.41214e-13
5.55632e-13
5.69362e-13
5.82439e-13
5.94891e-13
6.0675e-13
6.18044e-13
6.288e-13
6.39043e-13
6.48797e-13
6.58087e-13
7.60365e-13
8.72803e-13
9.96388e-13
1.1322e-12
1.28141e-12
1.44529e-12
1.62523e-12
1.82269e-12
2.03927e-12
2.27667e-12
2.53667e-12
2.82113e-12
3.13197e-12
3.47114e-12
3.84053e-12
4.24194e-12
4.67693e-12
5.14672e-12
5.65199e-12
6.19262e-12
6.7674e-12
7.37364e-12
8.00669e-12
8.65937e-12
9.32135e-12
9.97842e-12
1.06119e-11
1.11978e-11
1.17069e-11
1.21043e-11
1.23506e-11
1.24031e-11
1.22185e-11
1.17566e-11
1.09843e-11
9.88107e-12
8.44261e-12
6.68466e-12
4.64517e-12
2.38637e-12
-2.26758e-31
9.74298e-17
6.58724e-14
1.28528e-13
1.88199e-13
2.45026e-13
2.99145e-13
3.50684e-13
3.99767e-13
4.46509e-13
4.91023e-13
5.33415e-13
5.73785e-13
6.1223e-13
6.48842e-13
6.83708e-13
7.16911e-13
7.48531e-13
7.78643e-13
8.07319e-13
8.34628e-13
8.60634e-13
8.85401e-13
9.08986e-13
9.31447e-13
9.52837e-13
9.73207e-13
9.92607e-13
1.01108e-12
1.02867e-12
1.04543e-12
1.06139e-12
1.07658e-12
1.24388e-12
1.42778e-12
1.6299e-12
1.852e-12
2.09597e-12
2.3639e-12
2.65801e-12
2.9807e-12
3.33454e-12
3.72224e-12
4.14666e-12
4.61077e-12
5.11759e-12
5.67013e-12
6.27132e-12
6.92381e-12
7.62985e-12
8.39097e-12
9.20773e-12
1.00792e-11
1.10026e-11
1.19725e-11
1.29799e-11
1.40118e-11
1.50497e-11
1.60687e-11
1.7037e-11
1.79147e-11
1.86539e-11
1.91993e-11
1.94902e-11
1.94632e-11
1.90572e-11
1.82192e-11
1.69101e-11
1.51117e-11
1.28308e-11
1.01017e-11
6.98701e-12
3.57798e-12
-3.09955e-31
1.46213e-16
9.88523e-14
1.92877e-13
2.82422e-13
3.677e-13
4.48914e-13
5.26255e-13
5.9991e-13
6.70052e-13
7.3685e-13
8.00462e-13
8.6104e-13
9.18729e-13
9.73667e-13
1.02598e-12
1.07581e-12
1.12325e-12
1.16844e-12
1.21146e-12
1.25244e-12
1.29146e-12
1.32862e-12
1.36401e-12
1.39771e-12
1.4298e-12
1.46037e-12
1.48947e-12
1.51719e-12
1.54359e-12
1.56873e-12
1.59267e-12
1.61547e-12
1.86646e-12
2.14234e-12
2.44552e-12
2.77861e-12
3.14446e-12
3.54614e-12
3.98696e-12
4.47046e-12
5.00041e-12
5.5808e-12
6.21577e-12
6.9096e-12
7.66658e-12
8.49095e-12
9.38664e-12
1.03571e-11
1.14051e-11
1.25319e-11
1.37374e-11
1.50187e-11
1.63699e-11
1.77807e-11
1.92355e-11
2.07119e-11
2.21793e-11
2.35981e-11
2.49182e-11
2.60789e-11
2.70096e-11
2.7632e-11
2.78631e-11
2.76215e-11
2.68341e-11
2.54443e-11
2.34195e-11
2.07571e-11
1.74873e-11
1.36724e-11
9.40337e-12
4.79677e-12
-3.78021e-31
2.10604e-16
1.42382e-13
2.77812e-13
4.06788e-13
5.29617e-13
6.46591e-13
7.57987e-13
8.64072e-13
9.65097e-13
1.0613e-12
1.15292e-12
1.24017e-12
1.32326e-12
1.40238e-12
1.47773e-12
1.54948e-12
1.61781e-12
1.68288e-12
1.74484e-12
1.80385e-12
1.86005e-12
1.91356e-12
1.96452e-12
2.01306e-12
2.05927e-12
2.10328e-12
2.1452e-12
2.18511e-12
2.22312e-12
2.25932e-12
2.29379e-12
2.32662e-12
2.68801e-12
3.0852e-12
3.52163e-12
4.00103e-12
4.52746e-12
5.10529e-12
5.73921e-12
6.43421e-12
7.19558e-12
8.02888e-12
8.93982e-12
9.93423e-12
1.10179e-11
1.21962e-11
1.34742e-11
1.48559e-11
1.63437e-11
1.79383e-11
1.96372e-11
2.14338e-11
2.33167e-11
2.52674e-11
2.72594e-11
2.92561e-11
3.12094e-11
3.30581e-11
3.47281e-11
3.61323e-11
3.71734e-11
3.77481e-11
3.77538e-11
3.70973e-11
3.57044e-11
3.35295e-11
3.05626e-11
2.6833e-11
2.24073e-11
1.73832e-11
1.18805e-11
6.03456e-12
-4.32391e-31
2.96497e-16
2.00444e-13
3.91099e-13
5.72668e-13
7.45582e-13
9.10252e-13
1.06707e-12
1.21641e-12
1.35862e-12
1.49405e-12
1.62302e-12
1.74583e-12
1.86279e-12
1.97416e-12
2.08022e-12
2.18121e-12
2.27739e-12
2.36898e-12
2.4562e-12
2.53925e-12
2.61834e-12
2.69366e-12
2.76539e-12
2.83369e-12
2.89873e-12
2.96067e-12
3.01966e-12
3.07583e-12
3.12933e-12
3.18027e-12
3.22878e-12
3.27498e-12
3.78352e-12
4.34236e-12
4.95629e-12
5.63052e-12
6.3707e-12
7.18285e-12
8.07344e-12
9.04933e-12
1.01177e-11
1.12861e-11
1.2562e-11
1.39531e-11
1.54667e-11
1.71095e-11
1.88872e-11
2.08036e-11
2.28603e-11
2.50551e-11
2.73812e-11
2.98253e-11
3.23662e-11
3.49725e-11
3.76005e-11
4.01923e-11
4.26744e-11
4.49568e-11
4.69336e-11
4.84863e-11
4.94885e-11
4.98144e-11
4.93491e-11
4.80003e-11
4.571e-11
4.24636e-11
3.82932e-11
3.32761e-11
2.75256e-11
2.11782e-11
1.4379e-11
7.27127e-12
-4.73655e-31
4.11575e-16
2.78229e-13
5.42869e-13
7.94896e-13
1.03491e-12
1.26347e-12
1.48114e-12
1.68842e-12
1.8858e-12
2.07377e-12
2.25277e-12
2.42322e-12
2.58554e-12
2.74011e-12
2.8873e-12
3.02746e-12
3.16093e-12
3.28803e-12
3.40906e-12
3.52432e-12
3.63407e-12
3.73858e-12
3.83811e-12
3.93289e-12
4.02314e-12
4.10909e-12
4.19093e-12
4.26887e-12
4.34309e-12
4.41377e-12
4.48108e-12
4.54518e-12
5.25069e-12
6.02583e-12
6.8772e-12
7.81194e-12
8.83773e-12
9.96278e-12
1.11958e-11
1.25461e-11
1.4023e-11
1.56365e-11
1.73964e-11
1.93121e-11
2.13926e-11
2.36454e-11
2.6076e-11
2.86872e-11
3.14773e-11
3.44388e-11
3.75568e-11
4.08064e-11
4.41503e-11
4.75365e-11
5.08957e-11
5.41392e-11
5.71582e-11
5.98249e-11
6.19954e-11
6.35165e-11
6.42354e-11
6.40123e-11
6.27354e-11
6.03343e-11
5.67912e-11
5.21458e-11
4.64923e-11
3.99689e-11
3.27407e-11
2.49802e-11
1.6848e-11
8.48217e-12
-5.02341e-31
5.66057e-16
3.82639e-13
7.46587e-13
1.09319e-12
1.42326e-12
1.73759e-12
2.03691e-12
2.32196e-12
2.59339e-12
2.85187e-12
3.09801e-12
3.33239e-12
3.55558e-12
3.76811e-12
3.97049e-12
4.1632e-12
4.34671e-12
4.52145e-12
4.68785e-12
4.84631e-12
4.99719e-12
5.14087e-12
5.27769e-12
5.40798e-12
5.53205e-12
5.65019e-12
5.7627e-12
5.86983e-12
5.97185e-12
6.069e-12
6.16152e-12
6.24962e-12
7.21923e-12
8.2843e-12
9.45379e-12
1.07374e-11
1.21453e-11
1.36887e-11
1.53791e-11
1.72286e-11
1.92496e-11
2.14546e-11
2.38559e-11
2.64648e-11
2.92913e-11
3.2343e-11
3.56239e-11
3.91329e-11
4.28621e-11
4.6794e-11
5.08994e-11
5.51342e-11
5.9436e-11
6.37214e-11
6.78837e-11
7.17913e-11
7.52895e-11
7.82041e-11
8.03496e-11
8.1541e-11
8.16095e-11
8.04202e-11
7.78896e-11
7.39981e-11
6.87968e-11
6.24037e-11
5.49909e-11
4.67637e-11
3.79359e-11
2.87059e-11
1.92361e-11
9.64307e-12
-5.1925e-31
7.73648e-16
5.22927e-13
1.02031e-12
1.49398e-12
1.94505e-12
2.3746e-12
2.78365e-12
3.17317e-12
3.54408e-12
3.89728e-12
4.2336e-12
4.55385e-12
4.85881e-12
5.14918e-12
5.42569e-12
5.68898e-12
5.93968e-12
6.17841e-12
6.40573e-12
6.62219e-12
6.8283e-12
7.02457e-12
7.21146e-12
7.38943e-12
7.55889e-12
7.72026e-12
7.87392e-12
8.02024e-12
8.15958e-12
8.29226e-12
8.41861e-12
8.53893e-12
9.86293e-12
1.13169e-11
1.29128e-11
1.46637e-11
1.65833e-11
1.8686e-11
2.09871e-11
2.35022e-11
2.62471e-11
2.92371e-11
3.24869e-11
3.60094e-11
3.98144e-11
4.39078e-11
4.82891e-11
5.29494e-11
5.78688e-11
6.30124e-11
6.83277e-11
7.37396e-11
7.91476e-11
8.44226e-11
8.94054e-11
9.39084e-11
9.77204e-11
1.00617e-10
1.02373e-10
1.02785e-10
1.01692e-10
9.89941e-11
9.46713e-11
8.87901e-11
8.14995e-11
7.3015e-11
6.35934e-11
5.35036e-11
4.2996e-11
3.22785e-11
2.14981e-11
1.07337e-11
-5.25542e-31
1.05283e-15
7.1157e-13
1.38837e-12
2.0329e-12
2.64668e-12
3.23116e-12
3.78772e-12
4.3177e-12
4.82235e-12
5.30288e-12
5.76044e-12
6.19612e-12
6.61097e-12
7.00598e-12
7.38211e-12
7.74024e-12
8.08126e-12
8.40596e-12
8.71514e-12
9.00953e-12
9.28985e-12
9.55676e-12
9.81092e-12
1.00529e-11
1.02834e-11
1.05028e-11
1.07117e-11
1.09107e-11
1.11001e-11
1.12805e-11
1.14523e-11
1.16159e-11
1.34157e-11
1.53915e-11
1.75593e-11
1.99363e-11
2.25406e-11
2.5391e-11
2.85072e-11
3.19088e-11
3.56153e-11
3.96451e-11
4.40146e-11
4.87366e-11
5.3819e-11
5.92622e-11
6.50563e-11
7.11777e-11
7.75853e-11
8.42155e-11
9.09782e-11
9.77516e-11
1.04379e-10
1.10667e-10
1.16389e-10
1.21286e-10
1.25087e-10
1.27519e-10
1.28336e-10
1.27342e-10
1.24422e-10
1.19554e-10
1.12825e-10
1.04424e-10
9.46185e-11
8.37317e-11
7.20999e-11
6.00401e-11
4.78198e-11
3.56351e-11
2.35993e-11
1.17392e-11
-2.87266e-31
1.07857e-15
7.28966e-13
1.42232e-12
2.0826e-12
2.71138e-12
3.31014e-12
3.88031e-12
4.42324e-12
4.94022e-12
5.43249e-12
5.90123e-12
6.34755e-12
6.77253e-12
7.17719e-12
7.5625e-12
7.92938e-12
8.27872e-12
8.61135e-12
8.92807e-12
9.22965e-12
9.5168e-12
9.79023e-12
1.00506e-11
1.02985e-11
1.05346e-11
1.07593e-11
1.09734e-11
1.11772e-11
1.13712e-11
1.1556e-11
1.1732e-11
1.18996e-11
1.37432e-11
1.5767e-11
1.79875e-11
2.04221e-11
2.30894e-11
2.60086e-11
2.91996e-11
3.26825e-11
3.6477e-11
4.06019e-11
4.50734e-11
4.99046e-11
5.51028e-11
6.06677e-11
6.65886e-11
7.28402e-11
7.93792e-11
8.61393e-11
9.30263e-11
9.99141e-11
1.06641e-10
1.13007e-10
1.18779e-10
1.23694e-10
1.27474e-10
1.29844e-10
1.30557e-10
1.2942e-10
1.26323e-10
1.21253e-10
1.14306e-10
1.05683e-10
9.56626e-11
8.45744e-11
7.27614e-11
6.05434e-11
4.81879e-11
3.58893e-11
2.37575e-11
1.18146e-11
-4.27662e-32
1.4281e-15
9.65104e-13
1.88305e-12
2.7572e-12
3.58963e-12
4.3823e-12
5.1371e-12
5.85581e-12
6.54016e-12
7.19177e-12
7.81221e-12
8.40296e-12
8.96544e-12
9.501e-12
1.00109e-11
1.04965e-11
1.09587e-11
1.13989e-11
1.1818e-11
1.2217e-11
1.2597e-11
1.29587e-11
1.33032e-11
1.36312e-11
1.39435e-11
1.42408e-11
1.4524e-11
1.47935e-11
1.50503e-11
1.52947e-11
1.55274e-11
1.57491e-11
1.81871e-11
2.08624e-11
2.37962e-11
2.70111e-11
3.05305e-11
3.43787e-11
3.85803e-11
4.31597e-11
4.814e-11
5.35418e-11
5.93818e-11
6.56703e-11
7.24087e-11
7.95859e-11
8.71743e-11
9.51244e-11
1.0336e-10
1.11772e-10
1.20212e-10
1.2849e-10
1.36371e-10
1.43576e-10
1.49795e-10
1.54693e-10
1.57939e-10
1.59236e-10
1.58347e-10
1.55133e-10
1.49575e-10
1.41784e-10
1.31998e-10
1.20552e-10
1.07848e-10
9.43063e-11
8.0326e-11
6.62471e-11
5.23278e-11
3.87305e-11
2.55172e-11
1.26507e-11
-4.6029e-32
1.93344e-15
1.30644e-12
2.54902e-12
3.73231e-12
4.85909e-12
5.93202e-12
6.95365e-12
7.9264e-12
8.85259e-12
9.73444e-12
1.05741e-11
1.13735e-11
1.21346e-11
1.28592e-11
1.35492e-11
1.4206e-11
1.48314e-11
1.54269e-11
1.59938e-11
1.65336e-11
1.70475e-11
1.75368e-11
1.80026e-11
1.84462e-11
1.88685e-11
1.92706e-11
1.96534e-11
2.0018e-11
2.03651e-11
2.06955e-11
2.10102e-11
2.13098e-11
2.46051e-11
2.82192e-11
3.21801e-11
3.6517e-11
4.12599e-11
4.64396e-11
5.20862e-11
5.82289e-11
6.48934e-11
7.2101e-11
7.98652e-11
8.81886e-11
9.70587e-11
1.06443e-10
1.16281e-10
1.26481e-10
1.36911e-10
1.47391e-10
1.57688e-10
1.67516e-10
1.76535e-10
1.84363e-10
1.90595e-10
1.94826e-10
1.96694e-10
1.95912e-10
1.92315e-10
1.85884e-10
1.76763e-10
1.65248e-10
1.5176e-10
1.36796e-10
1.20881e-10
1.04511e-10
8.81162e-11
7.20272e-11
5.64653e-11
4.15375e-11
2.72404e-11
1.34648e-11
-4.64713e-32
2.61487e-15
1.7666e-12
3.44684e-12
5.04686e-12
6.57042e-12
8.02112e-12
9.40239e-12
1.07175e-11
1.19696e-11
1.31617e-11
1.42967e-11
1.53772e-11
1.64059e-11
1.73853e-11
1.83176e-11
1.92053e-11
2.00503e-11
2.08548e-11
2.16208e-11
2.235e-11
2.30442e-11
2.37051e-11
2.43344e-11
2.49334e-11
2.55038e-11
2.60468e-11
2.65638e-11
2.70561e-11
2.75248e-11
2.7971e-11
2.83958e-11
2.88003e-11
3.32479e-11
3.81228e-11
4.34614e-11
4.93009e-11
5.56795e-11
6.26348e-11
7.02029e-11
7.84163e-11
8.73018e-11
9.68769e-11
1.07146e-10
1.18094e-10
1.29682e-10
1.41839e-10
1.54452e-10
1.6736e-10
1.80343e-10
1.93118e-10
2.05333e-10
2.16573e-10
2.26371e-10
2.34229e-10
2.39655e-10
2.42205e-10
2.41532e-10
2.37439e-10
2.29908e-10
2.19122e-10
2.05453e-10
1.89422e-10
1.71649e-10
1.52783e-10
1.33441e-10
1.14158e-10
9.53532e-11
7.73153e-11
6.02015e-11
4.40455e-11
2.87676e-11
1.41825e-11
-2.70095e-32
2.76284e-15
1.86651e-12
3.64177e-12
5.33226e-12
6.94197e-12
8.47468e-12
9.93402e-12
1.13235e-11
1.26463e-11
1.39058e-11
1.51048e-11
1.62463e-11
1.73331e-11
1.83677e-11
1.93527e-11
2.02904e-11
2.11831e-11
2.2033e-11
2.28421e-11
2.36124e-11
2.43457e-11
2.50439e-11
2.57086e-11
2.63414e-11
2.69438e-11
2.75174e-11
2.80635e-11
2.85835e-11
2.90785e-11
2.95498e-11
2.99985e-11
3.04258e-11
3.5123e-11
4.02711e-11
4.59078e-11
5.20722e-11
5.8804e-11
6.61421e-11
7.41237e-11
8.27817e-11
9.21426e-11
1.02222e-10
1.13023e-10
1.24525e-10
1.36682e-10
1.49414e-10
1.62595e-10
1.76048e-10
1.89532e-10
2.02742e-10
2.15299e-10
2.26762e-10
2.36638e-10
2.44408e-10
2.49567e-10
2.51668e-10
2.50379e-10
2.45525e-10
2.37128e-10
2.25416e-10
2.10808e-10
1.93872e-10
1.75261e-10
1.55649e-10
1.35666e-10
1.15849e-10
9.66093e-11
7.82254e-11
6.08399e-11
4.44716e-11
2.90259e-11
1.43035e-11
-1.21836e-32
3.53234e-15
2.38599e-12
4.6553e-12
6.81621e-12
8.87379e-12
1.08329e-11
1.26981e-11
1.44739e-11
1.61645e-11
1.7774e-11
1.93062e-11
2.07648e-11
2.21533e-11
2.34752e-11
2.47335e-11
2.59314e-11
2.70717e-11
2.81572e-11
2.91906e-11
3.01743e-11
3.11108e-11
3.20023e-11
3.2851e-11
3.3659e-11
3.44282e-11
3.51605e-11
3.58576e-11
3.65213e-11
3.71532e-11
3.77548e-11
3.83275e-11
3.88728e-11
4.4866e-11
5.14303e-11
5.86121e-11
6.64585e-11
7.50165e-11
8.43311e-11
9.44431e-11
1.05386e-10
1.17183e-10
1.29839e-10
1.4334e-10
1.57637e-10
1.72644e-10
1.88226e-10
2.04185e-10
2.20253e-10
2.36082e-10
2.51241e-10
2.65221e-10
2.77449e-10
2.87313e-10
2.94208e-10
2.97592e-10
2.97043e-10
2.92321e-10
2.83412e-10
2.70549e-10
2.54197e-10
2.35006e-10
2.13743e-10
1.91212e-10
1.68177e-10
1.453e-10
1.23106e-10
1.01961e-10
8.20778e-11
6.35277e-11
4.62574e-11
3.01049e-11
1.48081e-11
-1.76693e-32
4.77105e-15
3.22194e-12
6.28625e-12
9.2041e-12
1.19823e-11
1.46273e-11
1.71455e-11
1.95428e-11
2.18249e-11
2.39972e-11
2.60651e-11
2.80335e-11
2.99072e-11
3.16907e-11
3.33883e-11
3.50042e-11
3.65424e-11
3.80065e-11
3.94001e-11
4.07266e-11
4.19893e-11
4.31913e-11
4.43355e-11
4.54246e-11
4.64614e-11
4.74483e-11
4.83879e-11
4.92823e-11
5.01337e-11
5.09442e-11
5.17159e-11
5.24505e-11
6.05208e-11
6.93522e-11
7.90031e-11
8.9532e-11
1.00995e-10
1.13443e-10
1.26918e-10
1.41451e-10
1.57048e-10
1.73693e-10
1.91329e-10
2.09852e-10
2.29095e-10
2.48818e-10
2.68692e-10
2.88291e-10
3.07085e-10
3.24448e-10
3.39674e-10
3.52011e-10
3.60716e-10
3.65122e-10
3.64713e-10
3.59198e-10
3.48571e-10
3.33123e-10
3.13437e-10
2.90321e-10
2.64728e-10
2.37651e-10
2.10035e-10
1.82697e-10
1.56287e-10
1.31263e-10
1.079e-10
8.63074e-11
6.64519e-11
4.81861e-11
3.12639e-11
1.53481e-11
-1.8445e-32
6.44708e-15
4.35252e-12
8.49201e-12
1.24335e-11
1.61861e-11
1.97587e-11
2.31595e-11
2.63969e-11
2.94783e-11
3.24114e-11
3.5203e-11
3.78601e-11
4.0389e-11
4.27959e-11
4.50867e-11
4.72669e-11
4.93419e-11
5.13169e-11
5.31965e-11
5.49855e-11
5.66882e-11
5.83088e-11
5.98513e-11
6.13195e-11
6.2717e-11
6.40471e-11
6.53132e-11
6.65184e-11
6.76655e-11
6.87575e-11
6.9797e-11
7.07865e-11
8.16514e-11
9.35276e-11
1.06488e-10
1.20601e-10
1.35933e-10
1.52535e-10
1.70447e-10
1.89679e-10
2.10211e-10
2.31976e-10
2.54847e-10
2.78621e-10
3.03003e-10
3.2759e-10
3.51856e-10
3.7515e-10
3.967e-10
4.15635e-10
4.31029e-10
4.41965e-10
4.47624e-10
4.47372e-10
4.4086e-10
4.28085e-10
4.0942e-10
3.85591e-10
3.57605e-10
3.26642e-10
2.93933e-10
2.60641e-10
2.27776e-10
1.96137e-10
1.66292e-10
1.38586e-10
1.13166e-10
9.00178e-11
6.89947e-11
4.98515e-11
3.22594e-11
1.58103e-11
-1.72784e-32
8.71745e-15
5.8832e-12
1.14783e-11
1.68055e-11
2.18771e-11
2.67049e-11
3.13003e-11
3.56742e-11
3.9837e-11
4.37988e-11
4.75692e-11
5.11573e-11
5.45718e-11
5.78212e-11
6.09133e-11
6.38558e-11
6.66559e-11
6.93205e-11
7.18563e-11
7.42694e-11
7.65658e-11
7.87512e-11
8.08309e-11
8.28102e-11
8.46939e-11
8.64867e-11
8.81929e-11
8.98169e-11
9.13625e-11
9.28336e-11
9.42338e-11
9.55666e-11
1.10191e-10
1.26154e-10
1.43544e-10
1.62441e-10
1.82913e-10
2.05006e-10
2.28738e-10
2.54086e-10
2.80969e-10
3.09233e-10
3.38629e-10
3.68795e-10
3.99234e-10
4.293e-10
4.58187e-10
4.84941e-10
5.08487e-10
5.27678e-10
5.41385e-10
5.48594e-10
5.4853e-10
5.40767e-10
5.25314e-10
5.02642e-10
4.73663e-10
4.39631e-10
4.0201e-10
3.62322e-10
3.22004e-10
2.82297e-10
2.44185e-10
2.08364e-10
1.75263e-10
1.4507e-10
1.17779e-10
9.32381e-11
7.11851e-11
5.12775e-11
3.3108e-11
1.62033e-11
-1.61022e-32
1.17972e-14
7.9582e-12
1.55264e-11
2.27318e-11
2.95909e-11
3.61197e-11
4.23333e-11
4.82467e-11
5.3874e-11
5.92287e-11
6.43238e-11
6.91717e-11
7.37844e-11
7.81732e-11
8.23489e-11
8.63218e-11
9.01018e-11
9.36983e-11
9.71202e-11
1.00376e-10
1.03474e-10
1.06422e-10
1.09226e-10
1.11895e-10
1.14435e-10
1.16851e-10
1.19151e-10
1.21339e-10
1.23422e-10
1.25403e-10
1.2729e-10
1.29085e-10
1.48765e-10
1.70212e-10
1.93526e-10
2.18793e-10
2.46072e-10
2.75389e-10
3.06717e-10
3.39959e-10
3.74928e-10
4.11318e-10
4.48685e-10
4.86416e-10
5.23711e-10
5.59574e-10
5.92823e-10
6.22125e-10
6.46059e-10
6.63226e-10
6.72372e-10
6.72544e-10
6.63222e-10
6.44431e-10
6.16771e-10
5.81386e-10
5.39842e-10
4.93959e-10
4.45622e-10
3.96603e-10
3.48433e-10
3.02314e-10
2.59102e-10
2.19319e-10
1.83199e-10
1.50742e-10
1.21777e-10
9.60074e-11
7.30566e-11
5.24897e-11
3.38266e-11
1.65352e-11
-1.49416e-32
1.5981e-14
1.07748e-11
2.10212e-11
3.07756e-11
4.00603e-11
4.88967e-11
5.73055e-11
6.53066e-11
7.29192e-11
8.01616e-11
8.70516e-11
9.36061e-11
9.98412e-11
1.05772e-10
1.11414e-10
1.16781e-10
1.21886e-10
1.26742e-10
1.31362e-10
1.35756e-10
1.39937e-10
1.43914e-10
1.47697e-10
1.51296e-10
1.5472e-10
1.57978e-10
1.61077e-10
1.64027e-10
1.66833e-10
1.69502e-10
1.72043e-10
1.7446e-10
2.0094e-10
2.29736e-10
2.60957e-10
2.94682e-10
3.30944e-10
3.69715e-10
4.10877e-10
4.54203e-10
4.99319e-10
5.45677e-10
5.9252e-10
6.38857e-10
6.83453e-10
7.2484e-10
7.6136e-10
7.91249e-10
8.12765e-10
8.24355e-10
8.24839e-10
8.13585e-10
7.90639e-10
7.56767e-10
7.13407e-10
6.6252e-10
6.06374e-10
5.47307e-10
4.8751e-10
4.28864e-10
3.72846e-10
3.20499e-10
2.72457e-10
2.29001e-10
1.90135e-10
1.55653e-10
1.2521e-10
9.83697e-11
7.46443e-11
5.35136e-11
3.44317e-11
1.68141e-11
-1.38151e-32
2.16731e-14
1.46031e-11
2.84893e-11
4.17077e-11
5.42879e-11
6.62589e-11
7.76485e-11
8.84837e-11
9.87906e-11
1.08594e-10
1.17918e-10
1.26786e-10
1.3522e-10
1.4324e-10
1.50868e-10
1.58121e-10
1.65019e-10
1.71579e-10
1.77818e-10
1.83751e-10
1.89393e-10
1.9476e-10
1.99864e-10
2.04718e-10
2.09336e-10
2.13728e-10
2.17906e-10
2.2188e-10
2.2566e-10
2.29257e-10
2.32679e-10
2.35934e-10
2.71546e-10
3.10177e-10
3.51928e-10
3.96845e-10
4.44897e-10
4.95948e-10
5.49717e-10
6.05749e-10
6.63367e-10
7.21633e-10
7.79318e-10
8.34889e-10
8.86515e-10
9.32131e-10
9.69535e-10
9.96556e-10
1.01126e-09
1.01218e-09
9.98546e-10
9.70432e-10
9.28818e-10
8.75521e-10
8.13e-10
7.44088e-10
6.71693e-10
5.98528e-10
5.26909e-10
4.58646e-10
3.95009e-10
3.36765e-10
2.84248e-10
2.37455e-10
1.96133e-10
1.59865e-10
1.28135e-10
1.00371e-10
7.59832e-11
5.4374e-11
3.49388e-11
1.70474e-11
-1.27355e-32
2.94286e-14
1.98131e-11
3.86522e-11
5.65834e-11
7.36463e-11
8.98799e-11
1.05322e-10
1.20008e-10
1.33975e-10
1.47256e-10
1.59884e-10
1.7189e-10
1.83305e-10
1.94156e-10
2.04473e-10
2.14281e-10
2.23606e-10
2.3247e-10
2.40898e-10
2.4891e-10
2.56528e-10
2.6377e-10
2.70657e-10
2.77205e-10
2.83431e-10
2.89352e-10
2.94983e-10
3.00337e-10
3.0543e-10
3.10273e-10
3.1488e-10
3.19261e-10
3.67127e-10
4.18889e-10
4.74613e-10
5.34268e-10
5.9769e-10
6.64544e-10
7.34267e-10
8.06025e-10
8.78658e-10
9.50638e-10
1.02005e-09
1.08462e-09
1.14175e-09
1.1887e-09
1.22274e-09
1.24145e-09
1.24301e-09
1.22647e-09
1.19194e-09
1.14067e-09
1.07498e-09
9.97944e-10
9.13128e-10
8.24154e-10
7.34384e-10
6.46679e-10
5.63257e-10
4.85662e-10
4.14818e-10
3.51115e-10
2.94535e-10
2.44758e-10
2.01272e-10
1.6345e-10
1.30609e-10
1.02056e-10
7.71063e-11
5.50935e-11
3.53619e-11
1.72418e-11
-1.17114e-32
4.00106e-14
2.69117e-11
5.24985e-11
7.68488e-11
1.00016e-10
1.22052e-10
1.43007e-10
1.62932e-10
1.81874e-10
1.9988e-10
2.16994e-10
2.3326e-10
2.48718e-10
2.63408e-10
2.77369e-10
2.90636e-10
3.03243e-10
3.15225e-10
3.26611e-10
3.37432e-10
3.47716e-10
3.57491e-10
3.66781e-10
3.75611e-10
3.84005e-10
3.91985e-10
3.9957e-10
4.06781e-10
4.13638e-10
4.20157e-10
4.26355e-10
4.32249e-10
4.96521e-10
5.65763e-10
6.39948e-10
7.18886e-10
8.02168e-10
8.89109e-10
9.78679e-10
1.06944e-09
1.15949e-09
1.24644e-09
1.32743e-09
1.39923e-09
1.45836e-09
1.50142e-09
1.52536e-09
1.52789e-09
1.50782e-09
1.46533e-09
1.40204e-09
1.32085e-09
1.2257e-09
1.12103e-09
1.01139e-09
9.00966e-10
7.93284e-10
6.9107e-10
5.96203e-10
5.09787e-10
4.32276e-10
3.63621e-10
3.03412e-10
2.5101e-10
2.05642e-10
1.66479e-10
1.3269e-10
1.03468e-10
7.80439e-11
5.56927e-11
3.57135e-11
1.74032e-11
-1.07476e-32
5.44693e-14
3.6594e-11
7.13831e-11
1.04486e-10
1.35973e-10
1.65914e-10
1.94378e-10
2.21432e-10
2.47142e-10
2.71571e-10
2.94779e-10
3.16827e-10
3.37771e-10
3.57666e-10
3.76563e-10
3.94512e-10
4.11561e-10
4.27755e-10
4.43138e-10
4.5775e-10
4.71632e-10
4.84819e-10
4.97347e-10
5.0925e-10
5.2056e-10
5.31306e-10
5.41518e-10
5.51223e-10
5.60446e-10
5.69213e-10
5.77545e-10
5.85466e-10
6.71645e-10
7.6406e-10
8.62492e-10
9.66452e-10
1.0751e-09
1.18717e-09
1.30088e-09
1.41385e-09
1.5231e-09
1.62505e-09
1.71562e-09
1.79043e-09
1.84517e-09
1.87599e-09
1.88001e-09
1.85574e-09
1.80342e-09
1.72513e-09
1.62458e-09
1.50674e-09
1.37725e-09
1.24181e-09
1.10563e-09
9.73089e-10
8.47542e-10
7.3127e-10
6.25594e-10
5.31028e-10
4.47475e-10
3.74403e-10
3.11004e-10
2.56318e-10
2.0933e-10
1.69024e-10
1.34432e-10
1.04645e-10
7.88237e-11
5.61899e-11
3.60049e-11
1.75368e-11
-9.84655e-33
7.42512e-14
4.98133e-11
9.71643e-11
1.42211e-10
1.85047e-10
2.25767e-10
2.64462e-10
3.01225e-10
3.36144e-10
3.69306e-10
4.00795e-10
4.30693e-10
4.59078e-10
4.86025e-10
5.11606e-10
5.35889e-10
5.58942e-10
5.80826e-10
6.01601e-10
6.21325e-10
6.40051e-10
6.5783e-10
6.74713e-10
6.90744e-10
7.05969e-10
7.20428e-10
7.34161e-10
7.47206e-10
7.59598e-10
7.7137e-10
7.82555e-10
7.93183e-10
9.08507e-10
1.03148e-09
1.16152e-09
1.2976e-09
1.43817e-09
1.58101e-09
1.72318e-09
1.86092e-09
1.98973e-09
2.10446e-09
2.19956e-09
2.26957e-09
2.30959e-09
2.31594e-09
2.28674e-09
2.22231e-09
2.12532e-09
2.00053e-09
1.85427e-09
1.69367e-09
1.52593e-09
1.35757e-09
1.19404e-09
1.03947e-09
8.96629e-10
7.67095e-10
6.51443e-10
5.49499e-10
4.60564e-10
3.83611e-10
3.17441e-10
2.60794e-10
2.12424e-10
1.7115e-10
1.35881e-10
1.05622e-10
7.94697e-11
5.66011e-11
3.62456e-11
1.76471e-11
-9.00841e-33
1.01349e-13
6.78762e-11
1.32388e-10
1.93746e-10
2.52073e-10
3.07496e-10
3.60139e-10
4.10125e-10
4.57577e-10
5.02614e-10
5.45352e-10
5.85902e-10
6.24374e-10
6.60871e-10
6.95493e-10
7.28337e-10
7.59493e-10
7.89049e-10
8.17088e-10
8.4369e-10
8.68928e-10
8.92875e-10
9.15599e-10
9.37163e-10
9.57629e-10
9.77054e-10
9.95493e-10
1.013e-09
1.02962e-09
1.0454e-09
1.06038e-09
1.07461e-09
1.22852e-09
1.39151e-09
1.56234e-09
1.73911e-09
1.91907e-09
2.09854e-09
2.27283e-09
2.43625e-09
2.58227e-09
2.70385e-09
2.794e-09
2.84645e-09
2.85647e-09
2.82164e-09
2.74237e-09
2.6221e-09
2.46693e-09
2.28496e-09
2.08529e-09
1.87701e-09
1.66835e-09
1.4661e-09
1.27534e-09
1.09946e-09
9.40321e-10
7.98563e-10
6.73891e-10
5.65384e-10
4.71727e-10
3.9141e-10
3.22862e-10
2.64544e-10
2.15006e-10
1.72918e-10
1.37084e-10
1.0643e-10
8.00032e-11
5.69402e-11
3.64438e-11
1.77378e-11
-8.23214e-33
1.38508e-13
9.25708e-11
1.80539e-10
2.64181e-10
3.43661e-10
4.19145e-10
4.90802e-10
5.58799e-10
6.23303e-10
6.84479e-10
7.42486e-10
7.9748e-10
8.49611e-10
8.99025e-10
9.4586e-10
9.90251e-10
1.03233e-09
1.0722e-09
1.11e-09
1.14584e-09
1.1798e-09
1.21201e-09
1.24254e-09
1.27149e-09
1.29895e-09
1.32499e-09
1.34969e-09
1.37313e-09
1.39536e-09
1.41646e-09
1.43647e-09
1.45547e-09
1.66016e-09
1.87509e-09
2.09793e-09
2.32531e-09
2.55263e-09
2.774e-09
2.98224e-09
3.16906e-09
3.32545e-09
3.44243e-09
3.5119e-09
3.52772e-09
3.48672e-09
3.38941e-09
3.24018e-09
3.04691e-09
2.82e-09
2.57112e-09
2.31184e-09
2.05256e-09
1.80177e-09
1.56579e-09
1.34872e-09
1.15278e-09
9.78646e-10
8.25851e-10
6.93169e-10
5.78912e-10
4.81168e-10
3.97967e-10
3.27397e-10
2.67668e-10
2.17149e-10
1.74382e-10
1.38077e-10
1.07097e-10
8.04423e-11
5.7219e-11
3.66067e-11
1.78124e-11
-7.51562e-33
1.89502e-13
1.26338e-10
2.4637e-10
3.6046e-10
4.68821e-10
5.71672e-10
6.6924e-10
7.61754e-10
8.49442e-10
9.3253e-10
1.01124e-09
1.08579e-09
1.15639e-09
1.22324e-09
1.28653e-09
1.34646e-09
1.40321e-09
1.45693e-09
1.50781e-09
1.55598e-09
1.60161e-09
1.64482e-09
1.68575e-09
1.72453e-09
1.76126e-09
1.79608e-09
1.82907e-09
1.86034e-09
1.88998e-09
1.91809e-09
1.94474e-09
1.97001e-09
2.24098e-09
2.52258e-09
2.81068e-09
3.09957e-09
3.38185e-09
3.64845e-09
3.88878e-09
4.09132e-09
4.24441e-09
4.33751e-09
4.36255e-09
4.31528e-09
4.19625e-09
4.01109e-09
3.76999e-09
3.48641e-09
3.17537e-09
2.85171e-09
2.52864e-09
2.21686e-09
1.92418e-09
1.65565e-09
1.41385e-09
1.19948e-09
1.01183e-09
8.49246e-10
7.09559e-10
5.90334e-10
4.89092e-10
4.03444e-10
3.31169e-10
2.70258e-10
2.18921e-10
1.7559e-10
1.38894e-10
1.07645e-10
8.08028e-11
5.74476e-11
3.67401e-11
1.78734e-11
-6.85611e-33
2.595e-13
1.72496e-10
3.36341e-10
4.92012e-10
6.3978e-10
7.79935e-10
9.12782e-10
1.03863e-09
1.15779e-09
1.27058e-09
1.37731e-09
1.47828e-09
1.57378e-09
1.6641e-09
1.74951e-09
1.83028e-09
1.90666e-09
1.97889e-09
2.0472e-09
2.1118e-09
2.17292e-09
2.23073e-09
2.28543e-09
2.33718e-09
2.38617e-09
2.43253e-09
2.47642e-09
2.51798e-09
2.55734e-09
2.59462e-09
2.62993e-09
2.66339e-09
3.02002e-09
3.38601e-09
3.75432e-09
4.11569e-09
4.45862e-09
4.76963e-09
5.03382e-09
5.23604e-09
5.36242e-09
5.40217e-09
5.34946e-09
5.20475e-09
4.97522e-09
4.67408e-09
4.31885e-09
3.92905e-09
3.52383e-09
3.12009e-09
2.73136e-09
2.36741e-09
2.03436e-09
1.73527e-09
1.47079e-09
1.23984e-09
1.04022e-09
8.69101e-10
7.23373e-10
5.99904e-10
4.95699e-10
4.07992e-10
3.34291e-10
2.72395e-10
2.20381e-10
1.76582e-10
1.39565e-10
1.08094e-10
8.10978e-11
5.76345e-11
3.68492e-11
1.79232e-11
-6.25045e-33
3.55553e-13
2.35523e-10
4.59172e-10
6.71557e-10
8.73024e-10
1.06395e-09
1.24474e-09
1.41582e-09
1.57762e-09
1.73057e-09
1.87511e-09
2.01165e-09
2.14062e-09
2.26241e-09
2.37742e-09
2.48601e-09
2.58855e-09
2.68537e-09
2.7768e-09
2.86315e-09
2.94471e-09
3.02176e-09
3.09455e-09
3.16334e-09
3.22835e-09
3.2898e-09
3.34791e-09
3.40285e-09
3.45483e-09
3.50399e-09
3.55052e-09
3.59455e-09
4.06053e-09
4.53144e-09
4.99575e-09
5.43895e-09
5.84379e-09
6.19103e-09
6.46081e-09
6.63467e-09
6.69799e-09
6.64254e-09
6.46834e-09
6.18446e-09
5.80804e-09
5.36208e-09
4.87213e-09
4.36315e-09
3.85695e-09
3.37079e-09
2.91686e-09
2.50268e-09
2.1318e-09
1.80474e-09
1.5199e-09
1.2743e-09
1.06427e-09
8.85799e-10
7.34923e-10
6.07867e-10
5.01174e-10
4.11747e-10
3.36862e-10
2.74152e-10
2.21577e-10
1.77394e-10
1.40113e-10
1.0846e-10
8.13386e-11
5.7787e-11
3.69381e-11
1.79638e-11
-5.69529e-33
4.87195e-13
3.21417e-10
6.26525e-10
9.16102e-10
1.19057e-09
1.45043e-09
1.6962e-09
1.92848e-09
2.14784e-09
2.3549e-09
2.55026e-09
2.73451e-09
2.90825e-09
3.07204e-09
3.22643e-09
3.37196e-09
3.50913e-09
3.63842e-09
3.76031e-09
3.87521e-09
3.98356e-09
4.08574e-09
4.18211e-09
4.27303e-09
4.35882e-09
4.43979e-09
4.51623e-09
4.58841e-09
4.65657e-09
4.72097e-09
4.78182e-09
4.83934e-09
5.44279e-09
6.04125e-09
6.61648e-09
7.14648e-09
7.60633e-09
7.96987e-09
8.21232e-09
8.31353e-09
8.26149e-09
8.05516e-09
7.70564e-09
7.23524e-09
6.67425e-09
6.05652e-09
5.41495e-09
4.778e-09
4.16783e-09
3.59985e-09
3.08324e-09
2.62209e-09
2.21664e-09
1.86452e-09
1.56173e-09
1.30342e-09
1.08444e-09
8.99728e-10
7.4451e-10
6.1445e-10
5.05686e-10
4.14834e-10
3.3897e-10
2.75589e-10
2.22555e-10
1.78057e-10
1.4056e-10
1.08759e-10
8.15345e-11
5.7911e-11
3.70103e-11
1.79968e-11
-5.18718e-33
6.67185e-13
4.38107e-10
8.53823e-10
1.24812e-09
1.62149e-09
1.97458e-09
2.3081e-09
2.62282e-09
2.91957e-09
3.19918e-09
3.4625e-09
3.71038e-09
3.94365e-09
4.16312e-09
4.36958e-09
4.56378e-09
4.74645e-09
4.91828e-09
5.07992e-09
5.232e-09
5.3751e-09
5.50978e-09
5.63656e-09
5.75593e-09
5.86836e-09
5.97426e-09
6.07405e-09
6.16811e-09
6.25679e-09
6.34042e-09
6.41932e-09
6.49376e-09
7.26682e-09
8.01597e-09
8.71327e-09
9.3265e-09
9.82113e-09
1.01636e-08
1.03258e-08
1.02896e-08
1.00516e-08
9.62489e-09
9.03807e-09
8.33137e-09
7.55012e-09
6.73828e-09
5.93354e-09
5.16474e-09
4.45143e-09
3.8049e-09
3.22977e-09
2.72578e-09
2.28945e-09
1.91532e-09
1.59699e-09
1.32779e-09
1.10123e-09
9.1126e-10
7.52416e-10
6.19861e-10
5.09383e-10
4.17357e-10
3.4069e-10
2.7676e-10
2.2335e-10
1.78596e-10
1.40923e-10
1.09001e-10
8.16934e-11
5.80115e-11
3.70688e-11
1.80236e-11
-3.7148e-33
7.90057e-13
5.17357e-10
1.00816e-09
1.47348e-09
1.91388e-09
2.33007e-09
2.72287e-09
3.09321e-09
3.44205e-09
3.77041e-09
4.0793e-09
4.36974e-09
4.64275e-09
4.89929e-09
5.14032e-09
5.36677e-09
5.57949e-09
5.77935e-09
5.96711e-09
6.14355e-09
6.30937e-09
6.46524e-09
6.61179e-09
6.74961e-09
6.87925e-09
7.00124e-09
7.11606e-09
7.22416e-09
7.32597e-09
7.42188e-09
7.51227e-09
7.59748e-09
8.4766e-09
9.31619e-09
1.00816e-08
1.07337e-08
1.12323e-08
1.15399e-08
1.16281e-08
1.14827e-08
1.11083e-08
1.05292e-08
9.78667e-09
8.93202e-09
8.01872e-09
7.09504e-09
6.19955e-09
5.35964e-09
4.59217e-09
3.90532e-09
3.30072e-09
2.77552e-09
2.3241e-09
1.93933e-09
1.61356e-09
1.33919e-09
1.10905e-09
9.16617e-10
7.56079e-10
6.22362e-10
5.11089e-10
4.1852e-10
3.41482e-10
2.77298e-10
2.23715e-10
1.78843e-10
1.4109e-10
1.09112e-10
8.17662e-11
5.80575e-11
3.70957e-11
1.80358e-11
-4.78203e-32
9.03921e-13
5.90636e-10
1.15085e-09
1.68183e-09
2.18414e-09
2.65859e-09
3.10609e-09
3.52771e-09
3.92455e-09
4.29777e-09
4.64857e-09
4.97811e-09
5.28758e-09
5.57811e-09
5.8508e-09
6.10674e-09
6.34693e-09
6.57236e-09
6.78395e-09
6.98257e-09
7.16905e-09
7.34416e-09
7.50865e-09
7.66319e-09
7.80842e-09
7.94495e-09
8.07333e-09
8.1941e-09
8.30774e-09
8.4147e-09
8.51542e-09
8.61029e-09
9.58392e-09
1.05025e-08
1.13251e-08
1.20065e-08
1.25011e-08
1.27687e-08
1.27812e-08
1.25289e-08
1.20248e-08
1.13043e-08
1.04203e-08
9.43394e-09
8.40547e-09
7.38607e-09
6.41427e-09
5.5155e-09
4.70381e-09
3.98442e-09
3.35628e-09
2.81427e-09
2.35097e-09
1.95789e-09
1.62633e-09
1.34795e-09
1.11505e-09
9.2072e-10
7.5888e-10
6.24273e-10
5.12391e-10
4.19407e-10
3.42085e-10
2.77708e-10
2.23994e-10
1.79031e-10
1.41216e-10
1.09197e-10
8.18216e-11
5.80925e-11
3.7116e-11
1.80451e-11
-1.41191e-31
1.15126e-12
7.4965e-10
1.46049e-09
2.13388e-09
2.77049e-09
3.37125e-09
3.93734e-09
4.47007e-09
4.97087e-09
5.44124e-09
5.88271e-09
6.29684e-09
6.68513e-09
7.0491e-09
7.39017e-09
7.70976e-09
8.0092e-09
8.28977e-09
8.55266e-09
8.79904e-09
9.02998e-09
9.24648e-09
9.44951e-09
9.63996e-09
9.81865e-09
9.98636e-09
1.01438e-08
1.02917e-08
1.04307e-08
1.05613e-08
1.06841e-08
1.07996e-08
1.19743e-08
1.30592e-08
1.39992e-08
1.47356e-08
1.5212e-08
1.53822e-08
1.52199e-08
1.47262e-08
1.39337e-08
1.29028e-08
1.17124e-08
1.04454e-08
9.17528e-09
7.95846e-09
6.83188e-09
5.81557e-09
4.91683e-09
4.13418e-09
3.46077e-09
2.88674e-09
2.401e-09
1.99229e-09
1.64993e-09
1.3641e-09
1.12609e-09
9.28248e-10
7.64012e-10
6.27768e-10
5.14771e-10
4.21026e-10
3.43186e-10
2.78456e-10
2.24501e-10
1.79374e-10
1.41447e-10
1.09351e-10
8.19224e-11
5.81563e-11
3.71531e-11
1.80621e-11
-1.80713e-31
1.38028e-12
8.96725e-10
1.74686e-09
2.55194e-09
3.3127e-09
4.03021e-09
4.70585e-09
5.3412e-09
5.93797e-09
6.49798e-09
7.0231e-09
7.51518e-09
7.97611e-09
8.40768e-09
8.81169e-09
9.18982e-09
9.54371e-09
9.87491e-09
1.01849e-08
1.04751e-08
1.07468e-08
1.10012e-08
1.12395e-08
1.14628e-08
1.16721e-08
1.18683e-08
1.20523e-08
1.2225e-08
1.2387e-08
1.25392e-08
1.26821e-08
1.28164e-08
1.41732e-08
1.54066e-08
1.64486e-08
1.72279e-08
1.76781e-08
1.7748e-08
1.74137e-08
1.66876e-08
1.56215e-08
1.43005e-08
1.28281e-08
1.13067e-08
9.82172e-09
8.43257e-09
7.17338e-09
6.05815e-09
5.08729e-09
4.25299e-09
3.54305e-09
2.94345e-09
2.43993e-09
2.01895e-09
1.66815e-09
1.37653e-09
1.13456e-09
9.34015e-10
7.67936e-10
6.30438e-10
5.16586e-10
4.22259e-10
3.44024e-10
2.79024e-10
2.24886e-10
1.79635e-10
1.41622e-10
1.09468e-10
8.1999e-11
5.82046e-11
3.71813e-11
1.80749e-11
-1.64404e-31
1.56426e-12
1.01483e-09
1.97682e-09
2.88765e-09
3.7481e-09
4.55934e-09
5.32293e-09
6.04065e-09
6.71444e-09
7.34639e-09
7.93861e-09
8.49324e-09
9.01242e-09
9.49822e-09
9.95267e-09
1.03777e-08
1.07753e-08
1.1147e-08
1.14948e-08
1.18201e-08
1.21244e-08
1.24091e-08
1.26757e-08
1.29253e-08
1.3159e-08
1.3378e-08
1.35833e-08
1.37757e-08
1.39562e-08
1.41256e-08
1.42845e-08
1.44338e-08
1.59358e-08
1.7287e-08
1.84089e-08
1.92201e-08
1.9646e-08
1.96316e-08
1.9155e-08
1.82383e-08
1.69491e-08
1.5393e-08
1.36936e-08
1.19694e-08
1.03146e-08
8.79087e-09
7.42931e-09
6.23857e-09
5.21323e-09
4.34025e-09
3.60318e-09
2.98472e-09
2.46817e-09
2.03823e-09
1.68129e-09
1.38548e-09
1.14064e-09
9.38153e-10
7.70749e-10
6.32349e-10
5.17885e-10
4.23142e-10
3.44623e-10
2.79431e-10
2.25162e-10
1.79821e-10
1.41748e-10
1.09551e-10
8.20536e-11
5.82392e-11
3.72014e-11
1.80841e-11
-1.49537e-31
1.68183e-12
1.09039e-09
2.12394e-09
3.10243e-09
4.02667e-09
4.89791e-09
5.71782e-09
6.48829e-09
7.21144e-09
7.8895e-09
8.52474e-09
9.1195e-09
9.67606e-09
1.01967e-08
1.06835e-08
1.11388e-08
1.15643e-08
1.19622e-08
1.23342e-08
1.26821e-08
1.30075e-08
1.33118e-08
1.35966e-08
1.38631e-08
1.41126e-08
1.43463e-08
1.45653e-08
1.47705e-08
1.49629e-08
1.51434e-08
1.53128e-08
1.54718e-08
1.70681e-08
1.84964e-08
1.96714e-08
2.05051e-08
2.09176e-08
2.08509e-08
2.02844e-08
1.92456e-08
1.78126e-08
1.6104e-08
1.42568e-08
1.24001e-08
1.06344e-08
9.02279e-09
7.59452e-09
6.35471e-09
5.29408e-09
4.39614e-09
3.64161e-09
3.01104e-09
2.48616e-09
2.05049e-09
1.68963e-09
1.39116e-09
1.1445e-09
9.40776e-10
7.72531e-10
6.3356e-10
5.18707e-10
4.237e-10
3.45002e-10
2.79688e-10
2.25336e-10
1.79938e-10
1.41827e-10
1.09604e-10
8.20882e-11
5.8261e-11
3.72141e-11
1.80899e-11
-1.35989e-31
1.72363e-12
1.11742e-09
2.17658e-09
3.17932e-09
4.12644e-09
5.01925e-09
5.85943e-09
6.64894e-09
7.38994e-09
8.08471e-09
8.7356e-09
9.34499e-09
9.91522e-09
1.04486e-08
1.09474e-08
1.14137e-08
1.18497e-08
1.22573e-08
1.26384e-08
1.29947e-08
1.33279e-08
1.36396e-08
1.39313e-08
1.42042e-08
1.44597e-08
1.46991e-08
1.49233e-08
1.51334e-08
1.53304e-08
1.55152e-08
1.56886e-08
1.58514e-08
1.74851e-08
1.89455e-08
2.01451e-08
2.09932e-08
2.14075e-08
2.13284e-08
2.07348e-08
1.96553e-08
1.81711e-08
1.64054e-08
1.45002e-08
1.25896e-08
1.07772e-08
9.12762e-09
7.66989e-09
6.40807e-09
5.33144e-09
4.42207e-09
3.6595e-09
3.02332e-09
2.49456e-09
2.05623e-09
1.69355e-09
1.39382e-09
1.14631e-09
9.42008e-10
7.73368e-10
6.34128e-10
5.19093e-10
4.23962e-10
3.4518e-10
2.79809e-10
2.25418e-10
1.79994e-10
1.41864e-10
1.09629e-10
8.21045e-11
5.82714e-11
3.72202e-11
1.80927e-11
-1.23647e-31
1.69238e-12
1.09767e-09
2.13816e-09
3.12329e-09
4.05386e-09
4.93117e-09
5.75688e-09
6.53291e-09
7.26139e-09
7.94454e-09
8.58467e-09
9.1841e-09
9.74513e-09
1.027e-08
1.0761e-08
1.12201e-08
1.16494e-08
1.20509e-08
1.24263e-08
1.27774e-08
1.31059e-08
1.34132e-08
1.37008e-08
1.397e-08
1.42221e-08
1.44582e-08
1.46795e-08
1.4887e-08
1.50815e-08
1.5264e-08
1.54353e-08
1.55961e-08
1.72122e-08
1.86616e-08
1.98583e-08
2.0713e-08
2.11441e-08
2.10915e-08
2.0532e-08
1.94911e-08
1.80461e-08
1.63159e-08
1.44401e-08
1.25514e-08
1.07541e-08
9.11408e-09
7.66215e-09
6.4037e-09
5.32899e-09
4.4207e-09
3.65874e-09
3.0229e-09
2.49433e-09
2.0561e-09
1.69347e-09
1.39378e-09
1.14629e-09
9.41996e-10
7.73361e-10
6.34125e-10
5.19091e-10
4.23961e-10
3.4518e-10
2.79809e-10
2.25418e-10
1.79994e-10
1.41864e-10
1.09629e-10
8.21047e-11
5.82715e-11
3.72203e-11
1.80927e-11
-1.12409e-31
1.59946e-12
1.0384e-09
2.0228e-09
2.95493e-09
3.83563e-09
4.66611e-09
5.44797e-09
6.18302e-09
6.87327e-09
7.52082e-09
8.12783e-09
8.69648e-09
9.22894e-09
9.72732e-09
1.01937e-08
1.063e-08
1.10382e-08
1.14201e-08
1.17774e-08
1.21118e-08
1.24246e-08
1.27175e-08
1.29918e-08
1.32486e-08
1.34892e-08
1.37147e-08
1.39261e-08
1.41244e-08
1.43104e-08
1.4485e-08
1.46489e-08
1.48028e-08
1.63544e-08
1.77553e-08
1.89249e-08
1.97787e-08
2.02381e-08
2.02438e-08
1.97695e-08
1.88339e-08
1.75044e-08
1.58888e-08
1.41172e-08
1.23158e-08
1.05869e-08
8.99778e-09
7.58225e-09
6.34923e-09
5.29203e-09
4.39569e-09
3.64184e-09
3.01149e-09
2.48662e-09
2.0509e-09
1.68996e-09
1.3914e-09
1.14469e-09
9.40909e-10
7.72626e-10
6.33627e-10
5.18754e-10
4.23733e-10
3.45025e-10
2.79704e-10
2.25347e-10
1.79946e-10
1.41832e-10
1.09608e-10
8.20909e-11
5.82629e-11
3.72153e-11
1.80905e-11
-1.02179e-31
1.46046e-12
9.49558e-10
1.84984e-09
2.70251e-09
3.50836e-09
4.26855e-09
4.98454e-09
5.65799e-09
6.29073e-09
6.88466e-09
7.44176e-09
7.96398e-09
8.45328e-09
8.91158e-09
9.34074e-09
9.74255e-09
1.01187e-08
1.04709e-08
1.08007e-08
1.11094e-08
1.13986e-08
1.16695e-08
1.19233e-08
1.21612e-08
1.23842e-08
1.25933e-08
1.27896e-08
1.29737e-08
1.31466e-08
1.33089e-08
1.34615e-08
1.36049e-08
1.50557e-08
1.63788e-08
1.75017e-08
1.83471e-08
1.88417e-08
1.89277e-08
1.85754e-08
1.7794e-08
1.66369e-08
1.51958e-08
1.35855e-08
1.19222e-08
1.03036e-08
8.79809e-09
7.44349e-09
6.25373e-09
5.22671e-09
4.3512e-09
3.61161e-09
2.99099e-09
2.47273e-09
2.04149e-09
1.68359e-09
1.38709e-09
1.14176e-09
9.3893e-10
7.71285e-10
6.32718e-10
5.18138e-10
4.23315e-10
3.44742e-10
2.79512e-10
2.25217e-10
1.79859e-10
1.41774e-10
1.09569e-10
8.20655e-11
5.82468e-11
3.7206e-11
1.80862e-11
-9.28695e-32
1.2915e-12
8.41426e-10
1.63932e-09
2.39525e-09
3.10996e-09
3.78452e-09
4.42023e-09
5.01859e-09
5.58118e-09
6.10969e-09
6.60584e-09
7.07133e-09
7.50789e-09
7.91716e-09
8.30078e-09
8.6603e-09
8.99722e-09
9.31296e-09
9.60888e-09
9.88625e-09
1.01463e-08
1.03901e-08
1.06188e-08
1.08333e-08
1.10346e-08
1.12236e-08
1.14011e-08
1.15678e-08
1.17244e-08
1.18717e-08
1.20101e-08
1.21404e-08
1.34657e-08
1.46906e-08
1.57521e-08
1.65822e-08
1.71142e-08
1.72927e-08
1.70842e-08
1.64876e-08
1.55395e-08
1.43122e-08
1.29021e-08
1.1412e-08
9.9335e-09
8.53529e-09
7.25974e-09
6.12659e-09
5.13937e-09
4.29149e-09
3.57093e-09
2.96333e-09
2.45395e-09
2.02876e-09
1.67495e-09
1.38124e-09
1.1378e-09
9.36241e-10
7.69461e-10
6.31481e-10
5.17299e-10
4.22746e-10
3.44357e-10
2.79251e-10
2.25041e-10
1.7974e-10
1.41694e-10
1.09516e-10
8.20307e-11
5.8225e-11
3.71933e-11
1.80804e-11
-4.40628e-32
1.11967e-12
7.31232e-10
1.42478e-09
2.08207e-09
2.70382e-09
3.29099e-09
3.84473e-09
4.36635e-09
4.85721e-09
5.31876e-09
5.75246e-09
6.15979e-09
6.5422e-09
6.9011e-09
7.23788e-09
7.55385e-09
7.8503e-09
8.12843e-09
8.38939e-09
8.63428e-09
8.86412e-09
9.07988e-09
9.28246e-09
9.47273e-09
9.65148e-09
9.81945e-09
9.97735e-09
1.01258e-08
1.02655e-08
1.03969e-08
1.05206e-08
1.06371e-08
1.18296e-08
1.29481e-08
1.39394e-08
1.47449e-08
1.53055e-08
1.55688e-08
1.5499e-08
1.50853e-08
1.43487e-08
1.33419e-08
1.21421e-08
1.08374e-08
9.51185e-09
8.23286e-09
7.04643e-09
5.97795e-09
5.03666e-09
4.22094e-09
3.52268e-09
2.93042e-09
2.43155e-09
2.01353e-09
1.66461e-09
1.37422e-09
1.13303e-09
9.33009e-10
7.67269e-10
6.29994e-10
5.1629e-10
4.22062e-10
3.43892e-10
2.78936e-10
2.24828e-10
1.79596e-10
1.41597e-10
1.09451e-10
8.19888e-11
5.81985e-11
3.71779e-11
1.80735e-11
3.19305e-34
9.62528e-13
6.30135e-10
1.22791e-09
1.79464e-09
2.33099e-09
2.83781e-09
3.31611e-09
3.76702e-09
4.19171e-09
4.59141e-09
4.96736e-09
5.32081e-09
5.65299e-09
5.96509e-09
6.25827e-09
6.53365e-09
6.7923e-09
7.03525e-09
7.26346e-09
7.47785e-09
7.6793e-09
7.86862e-09
8.04658e-09
8.2139e-09
8.37126e-09
8.5193e-09
8.65859e-09
8.78971e-09
8.91317e-09
9.02946e-09
9.13902e-09
9.24228e-09
1.0306e-08
1.13177e-08
1.22334e-08
1.30035e-08
1.35762e-08
1.39034e-08
1.39485e-08
1.3694e-08
1.31479e-08
1.23461e-08
1.13477e-08
1.02261e-08
9.05556e-09
7.9007e-09
6.80921e-09
5.81091e-09
4.92026e-09
4.14044e-09
3.4673e-09
2.89249e-09
2.40564e-09
1.99586e-09
1.65259e-09
1.36604e-09
1.12747e-09
9.29231e-10
7.64702e-10
6.28251e-10
5.15106e-10
4.21258e-10
3.43347e-10
2.78567e-10
2.24577e-10
1.79427e-10
1.41484e-10
1.09376e-10
8.19395e-11
5.81675e-11
3.71599e-11
1.80652e-11
3.51078e-34
8.2045e-13
5.38432e-10
1.04932e-09
1.53384e-09
1.9926e-09
2.42637e-09
2.83603e-09
3.22252e-09
3.58685e-09
3.93006e-09
4.2532e-09
4.5573e-09
4.8434e-09
5.1125e-09
5.36556e-09
5.60352e-09
5.82727e-09
6.03768e-09
6.23554e-09
6.42163e-09
6.59668e-09
6.76138e-09
6.91635e-09
7.06222e-09
7.19955e-09
7.32888e-09
7.4507e-09
7.56548e-09
7.67366e-09
7.77565e-09
7.87183e-09
7.96256e-09
8.90271e-09
9.80902e-09
1.06456e-08
1.1371e-08
1.19408e-08
1.23118e-08
1.24482e-08
1.23282e-08
1.19499e-08
1.13348e-08
1.05259e-08
9.58162e-09
8.56605e-09
7.53864e-09
6.54705e-09
5.62417e-09
4.78887e-09
4.04886e-09
3.4039e-09
2.84882e-09
2.37568e-09
1.97537e-09
1.63859e-09
1.3565e-09
1.12098e-09
9.2481e-10
7.61695e-10
6.26206e-10
5.13717e-10
4.20314e-10
3.42706e-10
2.78132e-10
2.24283e-10
1.79228e-10
1.4135e-10
1.09287e-10
8.18814e-11
5.81308e-11
3.71386e-11
1.80555e-11
3.85982e-34
6.93467e-13
4.56199e-10
8.89148e-10
1.29989e-09
1.68899e-09
2.05711e-09
2.405e-09
2.73348e-09
3.04339e-09
3.3356e-09
3.61098e-09
3.8704e-09
4.11471e-09
4.34475e-09
4.56131e-09
4.76517e-09
4.95707e-09
5.13772e-09
5.30779e-09
5.46791e-09
5.6187e-09
5.76071e-09
5.8945e-09
6.02055e-09
6.13934e-09
6.25132e-09
6.35691e-09
6.45649e-09
6.55043e-09
6.63908e-09
6.72276e-09
6.80176e-09
7.62501e-09
8.42882e-09
9.18442e-09
9.85783e-09
1.04116e-08
1.08078e-08
1.10129e-08
1.10027e-08
1.07683e-08
1.03194e-08
9.68492e-09
8.90948e-09
8.04598e-09
7.1474e-09
6.25949e-09
5.41669e-09
4.64132e-09
3.94507e-09
3.33153e-09
2.79867e-09
2.3411e-09
1.95162e-09
1.62232e-09
1.34538e-09
1.11338e-09
9.19634e-10
7.5817e-10
6.23807e-10
5.12084e-10
4.19204e-10
3.41952e-10
2.7762e-10
2.23936e-10
1.78994e-10
1.41193e-10
1.09182e-10
8.18128e-11
5.80875e-11
3.71135e-11
1.80441e-11
2.38159e-34
6.73497e-13
4.43241e-10
8.63908e-10
1.26302e-09
1.64113e-09
1.99889e-09
2.33703e-09
2.65635e-09
2.95765e-09
3.24179e-09
3.50961e-09
3.76195e-09
3.99963e-09
4.22347e-09
4.43423e-09
4.63266e-09
4.81949e-09
4.9954e-09
5.16103e-09
5.31701e-09
5.46392e-09
5.60231e-09
5.73269e-09
5.85556e-09
5.97138e-09
6.08057e-09
6.18355e-09
6.28069e-09
6.37234e-09
6.45883e-09
6.54049e-09
6.6176e-09
7.42185e-09
8.20875e-09
8.95062e-09
9.61468e-09
1.01646e-08
1.05634e-08
1.07779e-08
1.07839e-08
1.05713e-08
1.01484e-08
9.54173e-09
8.79372e-09
7.95542e-09
7.07857e-09
6.20843e-09
5.37955e-09
4.61473e-09
3.92627e-09
3.31835e-09
2.78951e-09
2.33477e-09
1.94725e-09
1.61933e-09
1.34332e-09
1.11198e-09
9.18677e-10
7.57517e-10
6.23362e-10
5.11781e-10
4.18998e-10
3.41812e-10
2.77525e-10
2.23872e-10
1.7895e-10
1.41163e-10
1.09163e-10
8.18e-11
5.80795e-11
3.71088e-11
1.80419e-11
2.22205e-34
5.81235e-13
3.83279e-10
7.47097e-10
1.09237e-09
1.4196e-09
1.72937e-09
2.02232e-09
2.29914e-09
2.56052e-09
2.80719e-09
3.03988e-09
3.25929e-09
3.46614e-09
3.66109e-09
3.84482e-09
4.01796e-09
4.18112e-09
4.33487e-09
4.47977e-09
4.61634e-09
4.74509e-09
4.86647e-09
4.98093e-09
5.08888e-09
5.19072e-09
5.28681e-09
5.3775e-09
5.46312e-09
5.54396e-09
5.62031e-09
5.69244e-09
5.7606e-09
6.47468e-09
7.18034e-09
7.85495e-09
8.47118e-09
8.99808e-09
9.40317e-09
9.65582e-09
9.73154e-09
9.61662e-09
9.31194e-09
8.83461e-09
8.21647e-09
7.49941e-09
6.72877e-09
5.94677e-09
5.18785e-09
4.4766e-09
3.82805e-09
3.24923e-09
2.74125e-09
2.30128e-09
1.92413e-09
1.60342e-09
1.33241e-09
1.10452e-09
9.13574e-10
7.54035e-10
6.20987e-10
5.10164e-10
4.17897e-10
3.41063e-10
2.77016e-10
2.23527e-10
1.78717e-10
1.41007e-10
1.09058e-10
8.17317e-11
5.80364e-11
3.70837e-11
1.80305e-11
4.30355e-34
4.83173e-13
3.19356e-10
6.22555e-10
9.10396e-10
1.18332e-09
1.44183e-09
1.68646e-09
1.91778e-09
2.13639e-09
2.34288e-09
2.53783e-09
2.72184e-09
2.89548e-09
3.0593e-09
3.21385e-09
3.35963e-09
3.49715e-09
3.62687e-09
3.74926e-09
3.86472e-09
3.97368e-09
4.07651e-09
4.17357e-09
4.2652e-09
4.35172e-09
4.43344e-09
4.51063e-09
4.58357e-09
4.6525e-09
4.71765e-09
4.77926e-09
4.83752e-09
5.451e-09
6.06414e-09
6.65949e-09
7.2155e-09
7.70712e-09
8.10711e-09
8.38847e-09
8.52764e-09
8.50836e-09
8.32515e-09
7.98569e-09
7.51079e-09
6.93176e-09
6.28571e-09
5.61002e-09
4.9376e-09
4.29406e-09
3.69687e-09
3.15609e-09
2.67575e-09
2.25556e-09
1.8924e-09
1.5815e-09
1.31732e-09
1.09416e-09
9.0648e-10
7.49184e-10
6.17675e-10
5.07904e-10
4.16357e-10
3.40015e-10
2.76304e-10
2.23044e-10
1.7839e-10
1.40787e-10
1.08912e-10
8.16358e-11
5.79758e-11
3.70485e-11
1.80145e-11
5.12593e-34
3.9847e-13
2.63963e-10
5.14618e-10
7.52652e-10
9.78449e-10
1.19244e-09
1.39507e-09
1.58681e-09
1.76816e-09
1.93959e-09
2.10159e-09
2.25463e-09
2.39918e-09
2.53569e-09
2.66459e-09
2.78631e-09
2.90123e-09
3.00975e-09
3.11223e-09
3.20901e-09
3.30042e-09
3.38677e-09
3.46836e-09
3.54545e-09
3.6183e-09
3.68718e-09
3.75229e-09
3.81386e-09
3.8721e-09
3.9272e-09
3.97933e-09
4.02867e-09
4.55072e-09
5.07799e-09
5.59734e-09
6.09211e-09
6.54245e-09
6.92607e-09
7.21984e-09
7.40214e-09
7.45585e-09
7.37145e-09
7.1495e-09
6.80168e-09
6.34973e-09
5.82244e-09
5.25137e-09
4.66659e-09
4.09344e-09
3.55088e-09
3.0513e-09
2.60138e-09
2.20325e-09
1.85586e-09
1.55613e-09
1.29979e-09
1.08207e-09
8.98179e-10
7.43494e-10
6.13781e-10
5.05244e-10
4.14542e-10
3.38778e-10
2.75462e-10
2.22472e-10
1.78004e-10
1.40526e-10
1.08738e-10
8.15221e-11
5.7904e-11
3.70068e-11
1.79954e-11
5.63266e-34
3.26106e-13
2.1649e-10
4.22101e-10
6.17418e-10
8.02773e-10
9.78523e-10
1.14505e-09
1.30273e-09
1.45198e-09
1.59317e-09
1.72671e-09
1.85297e-09
1.97233e-09
2.08516e-09
2.19179e-09
2.29258e-09
2.38783e-09
2.47785e-09
2.56294e-09
2.64337e-09
2.71941e-09
2.7913e-09
2.85928e-09
2.92358e-09
2.98439e-09
3.04193e-09
3.09637e-09
3.14789e-09
3.19666e-09
3.24283e-09
3.28654e-09
3.32795e-09
3.768e-09
4.21683e-09
4.66471e-09
5.09908e-09
5.50455e-09
5.86329e-09
6.15605e-09
6.36377e-09
6.46981e-09
6.46247e-09
6.33741e-09
6.09915e-09
5.76117e-09
5.34437e-09
4.87404e-09
4.37634e-09
3.87511e-09
3.38973e-09
2.93424e-09
2.51743e-09
2.14368e-09
1.81396e-09
1.52685e-09
1.27944e-09
1.068e-09
8.88478e-10
7.36825e-10
6.09207e-10
5.02113e-10
4.12402e-10
3.37317e-10
2.74467e-10
2.21796e-10
1.77546e-10
1.40218e-10
1.08532e-10
8.13872e-11
5.78188e-11
3.69572e-11
1.79728e-11
6.18827e-34
2.64936e-13
1.76237e-10
3.43647e-10
5.0272e-10
6.53739e-10
7.97004e-10
9.32824e-10
1.06152e-09
1.18341e-09
1.29881e-09
1.40804e-09
1.5114e-09
1.60919e-09
1.7017e-09
1.78922e-09
1.872e-09
1.95031e-09
2.02438e-09
2.09446e-09
2.16075e-09
2.22348e-09
2.28283e-09
2.33901e-09
2.39218e-09
2.44251e-09
2.49016e-09
2.53528e-09
2.57802e-09
2.6185e-09
2.65685e-09
2.69319e-09
2.72762e-09
3.09515e-09
3.47337e-09
3.85531e-09
4.23169e-09
4.59086e-09
4.91889e-09
5.20022e-09
5.41862e-09
5.55883e-09
5.60849e-09
5.56024e-09
5.41338e-09
5.17471e-09
4.85804e-09
4.48237e-09
4.06929e-09
3.6401e-09
3.21359e-09
2.80453e-09
2.42333e-09
2.07625e-09
1.76612e-09
1.49319e-09
1.25592e-09
1.05165e-09
8.77157e-10
7.29016e-10
6.03837e-10
4.98428e-10
4.09879e-10
3.35593e-10
2.73291e-10
2.20995e-10
1.77003e-10
1.39852e-10
1.08288e-10
8.12271e-11
5.77176e-11
3.68982e-11
1.79459e-11
6.79707e-34
2.1375e-13
1.42458e-10
2.77801e-10
4.06438e-10
5.28608e-10
6.44557e-10
7.5454e-10
8.58814e-10
9.57639e-10
1.05127e-09
1.13995e-09
1.22394e-09
1.30346e-09
1.37875e-09
1.45002e-09
1.5175e-09
1.58138e-09
1.64185e-09
1.69911e-09
1.75332e-09
1.80465e-09
1.85326e-09
1.8993e-09
1.94291e-09
1.98422e-09
2.02336e-09
2.06045e-09
2.0956e-09
2.12892e-09
2.1605e-09
2.19045e-09
2.21884e-09
2.52304e-09
2.83867e-09
3.16085e-09
3.4829e-09
3.7962e-09
4.09017e-09
4.35252e-09
4.56992e-09
4.72901e-09
4.81786e-09
4.82763e-09
4.75421e-09
4.59931e-09
4.37077e-09
4.08172e-09
3.74887e-09
3.39028e-09
3.02315e-09
2.66219e-09
2.31871e-09
2.00043e-09
1.71182e-09
1.45467e-09
1.22881e-09
1.0327e-09
8.63977e-10
7.19889e-10
5.97538e-10
4.94094e-10
4.06904e-10
3.33556e-10
2.719e-10
2.20048e-10
1.7636e-10
1.39418e-10
1.07998e-10
8.10368e-11
5.75972e-11
3.68281e-11
1.79139e-11
7.46366e-34
1.7133e-13
1.14387e-10
2.23076e-10
3.26406e-10
4.24574e-10
5.17783e-10
6.06239e-10
6.9015e-10
7.69723e-10
8.4516e-10
9.16662e-10
9.8442e-10
1.04862e-09
1.10946e-09
1.16709e-09
1.22169e-09
1.27341e-09
1.32242e-09
1.36885e-09
1.41284e-09
1.45453e-09
1.49404e-09
1.53148e-09
1.56697e-09
1.60061e-09
1.6325e-09
1.66274e-09
1.69142e-09
1.71862e-09
1.74442e-09
1.76889e-09
1.79211e-09
2.04173e-09
2.30266e-09
2.5716e-09
2.84386e-09
3.11324e-09
3.37188e-09
3.61036e-09
3.81805e-09
3.98374e-09
4.09664e-09
4.14761e-09
4.13059e-09
4.04378e-09
3.89032e-09
3.67821e-09
3.41943e-09
3.12833e-09
2.81982e-09
2.50771e-09
2.2035e-09
1.91588e-09
1.6506e-09
1.41084e-09
1.19772e-09
1.01082e-09
8.48676e-10
7.09244e-10
5.90164e-10
4.89004e-10
4.03402e-10
3.31152e-10
2.70255e-10
2.18925e-10
1.75597e-10
1.38903e-10
1.07653e-10
8.08106e-11
5.7454e-11
3.67447e-11
1.78758e-11
8.19283e-34
1.36494e-13
9.12749e-11
1.78015e-10
2.60497e-10
3.38882e-10
4.13337e-10
4.84027e-10
5.51118e-10
6.14775e-10
6.7516e-10
7.32428e-10
7.86733e-10
8.38223e-10
8.8704e-10
9.3332e-10
9.77194e-10
1.01879e-09
1.05822e-09
1.09561e-09
1.13105e-09
1.16466e-09
1.19654e-09
1.22676e-09
1.25543e-09
1.28262e-09
1.30841e-09
1.33288e-09
1.3561e-09
1.37813e-09
1.39904e-09
1.41889e-09
1.43773e-09
1.64088e-09
1.85467e-09
2.07693e-09
2.3045e-09
2.533e-09
2.75677e-09
2.96877e-09
3.16079e-09
3.32376e-09
3.4484e-09
3.52611e-09
3.55005e-09
3.51624e-09
3.42443e-09
3.27848e-09
3.08607e-09
2.85776e-09
2.60571e-09
2.34212e-09
2.07803e-09
1.82249e-09
1.58214e-09
1.36131e-09
1.16227e-09
9.85674e-10
8.3098e-10
6.96866e-10
5.81551e-10
4.83036e-10
3.99282e-10
3.28318e-10
2.6831e-10
2.17596e-10
1.74692e-10
1.38291e-10
1.07244e-10
8.05414e-11
5.72835e-11
3.66453e-11
1.78304e-11
8.98959e-34
1.08127e-13
7.24111e-11
1.41233e-10
2.06689e-10
2.68912e-10
3.28036e-10
3.84193e-10
4.37515e-10
4.88133e-10
5.36173e-10
5.8176e-10
6.25013e-10
6.66048e-10
7.04975e-10
7.41902e-10
7.76931e-10
8.10159e-10
8.4168e-10
8.71582e-10
8.9995e-10
9.26865e-10
9.52401e-10
9.76632e-10
9.99626e-10
1.02145e-09
1.04216e-09
1.06182e-09
1.08048e-09
1.0982e-09
1.11503e-09
1.131e-09
1.14617e-09
1.31024e-09
1.48392e-09
1.66589e-09
1.85406e-09
2.04547e-09
2.23611e-09
2.42091e-09
2.59368e-09
2.74733e-09
2.87424e-09
2.96681e-09
3.01828e-09
3.02362e-09
2.98037e-09
2.88926e-09
2.75438e-09
2.58278e-09
2.38363e-09
2.16707e-09
1.94307e-09
1.72045e-09
1.50631e-09
1.30578e-09
1.12212e-09
9.56947e-10
8.10608e-10
6.82527e-10
5.7152e-10
4.76055e-10
3.94445e-10
3.24979e-10
2.66015e-10
2.16024e-10
1.7362e-10
1.37565e-10
1.06757e-10
8.02212e-11
5.70806e-11
3.65269e-11
1.77763e-11
9.859e-34
8.52094e-14
5.71384e-11
1.1145e-10
1.63116e-10
2.12242e-10
2.58935e-10
3.03302e-10
3.45446e-10
3.85471e-10
4.23475e-10
4.59556e-10
4.93808e-10
5.2632e-10
5.57179e-10
5.86467e-10
6.14266e-10
6.4065e-10
6.65692e-10
6.8946e-10
7.12022e-10
7.33438e-10
7.53768e-10
7.73069e-10
7.91393e-10
8.08792e-10
8.25314e-10
8.41004e-10
8.55905e-10
8.70057e-10
8.83501e-10
8.96271e-10
9.08404e-10
1.03994e-09
1.17993e-09
1.3276e-09
1.48165e-09
1.64012e-09
1.80029e-09
1.95857e-09
2.11046e-09
2.25059e-09
2.37293e-09
2.47111e-09
2.539e-09
2.57132e-09
2.56442e-09
2.51693e-09
2.43015e-09
2.30809e-09
2.15704e-09
1.98484e-09
1.79992e-09
1.61036e-09
1.42324e-09
1.24413e-09
1.07701e-09
9.24346e-10
7.87289e-10
6.65992e-10
5.59882e-10
4.67914e-10
3.8878e-10
3.21055e-10
2.63308e-10
2.14165e-10
1.7235e-10
1.36703e-10
1.06179e-10
7.98403e-11
5.68388e-11
3.63858e-11
1.77117e-11
1.08061e-33
6.68284e-14
4.48651e-11
8.7515e-11
1.28093e-10
1.66685e-10
2.03377e-10
2.38251e-10
2.71391e-10
3.02876e-10
3.32785e-10
3.61193e-10
3.88172e-10
4.13793e-10
4.38123e-10
4.61226e-10
4.83165e-10
5.03996e-10
5.23778e-10
5.42563e-10
5.60402e-10
5.77343e-10
5.93433e-10
6.08715e-10
6.2323e-10
6.37018e-10
6.50117e-10
6.6256e-10
6.74383e-10
6.85617e-10
6.96291e-10
7.06435e-10
7.16075e-10
8.20825e-10
9.32833e-10
1.05169e-09
1.17664e-09
1.30645e-09
1.43931e-09
1.57277e-09
1.70364e-09
1.828e-09
1.94124e-09
2.03825e-09
2.1138e-09
2.16293e-09
2.18157e-09
2.16711e-09
2.11893e-09
2.03859e-09
1.92986e-09
1.79825e-09
1.65039e-09
1.49323e-09
1.33335e-09
1.17641e-09
1.02681e-09
8.87646e-10
7.60778e-10
6.47035e-10
5.46442e-10
4.58455e-10
3.82164e-10
3.16453e-10
2.60122e-10
2.11971e-10
1.70847e-10
1.35681e-10
1.05492e-10
7.93872e-11
5.6551e-11
3.62177e-11
1.76348e-11
1.18359e-33
5.21833e-14
3.50694e-11
6.841e-11
1.00136e-10
1.30315e-10
1.59014e-10
1.86301e-10
2.12238e-10
2.36889e-10
2.60314e-10
2.82572e-10
3.0372e-10
3.23811e-10
3.42898e-10
3.6103e-10
3.78255e-10
3.94618e-10
4.10163e-10
4.24931e-10
4.38961e-10
4.5229e-10
4.64955e-10
4.76988e-10
4.88423e-10
4.99288e-10
5.09614e-10
5.19427e-10
5.28753e-10
5.37618e-10
5.46045e-10
5.54055e-10
5.6167e-10
6.44572e-10
7.33584e-10
8.2854e-10
9.29027e-10
1.03431e-09
1.14325e-09
1.25422e-09
1.36503e-09
1.47289e-09
1.5744e-09
1.66564e-09
1.74235e-09
1.8002e-09
1.83524e-09
1.84434e-09
1.82567e-09
1.77907e-09
1.70623e-09
1.61055e-09
1.49678e-09
1.37051e-09
1.23746e-09
1.10296e-09
9.71554e-10
8.46722e-10
7.3088e-10
6.25447e-10
5.3101e-10
4.47517e-10
3.74468e-10
3.11072e-10
2.56382e-10
2.09386e-10
1.69071e-10
1.34471e-10
1.04676e-10
7.88486e-11
5.62084e-11
3.60173e-11
1.75431e-11
1.29528e-33
4.05853e-14
2.72997e-11
5.32555e-11
7.79573e-11
1.01459e-10
1.23813e-10
1.45072e-10
1.65285e-10
1.84502e-10
2.0277e-10
2.20133e-10
2.36635e-10
2.52319e-10
2.67224e-10
2.81389e-10
2.9485e-10
3.07643e-10
3.19801e-10
3.31354e-10
3.42335e-10
3.52771e-10
3.6269e-10
3.72118e-10
3.81079e-10
3.89598e-10
3.97696e-10
4.05394e-10
4.12713e-10
4.19671e-10
4.26288e-10
4.32579e-10
4.38561e-10
5.03801e-10
5.74101e-10
6.49439e-10
7.29627e-10
8.14262e-10
9.02656e-10
9.93774e-10
1.08616e-09
1.1779e-09
1.26656e-09
1.34923e-09
1.4226e-09
1.48311e-09
1.52723e-09
1.55181e-09
1.55444e-09
1.53387e-09
1.49024e-09
1.42521e-09
1.3418e-09
1.24409e-09
1.13672e-09
1.02441e-09
9.11483e-10
8.01584e-10
6.97481e-10
6.01062e-10
5.1341e-10
4.34941e-10
3.65557e-10
3.04806e-10
2.52005e-10
2.06348e-10
1.66977e-10
1.33039e-10
1.0371e-10
7.82089e-11
5.58009e-11
3.57787e-11
1.74337e-11
1.41607e-33
3.14504e-14
2.11718e-11
4.13027e-11
6.0463e-11
7.86952e-11
9.60406e-11
1.1254e-10
1.28231e-10
1.43153e-10
1.57341e-10
1.70832e-10
1.83657e-10
1.9585e-10
2.07441e-10
2.18461e-10
2.28936e-10
2.38894e-10
2.48361e-10
2.5736e-10
2.65916e-10
2.7405e-10
2.81784e-10
2.89136e-10
2.96127e-10
3.02774e-10
3.09095e-10
3.15106e-10
3.20822e-10
3.26258e-10
3.31427e-10
3.36344e-10
3.41021e-10
3.92097e-10
4.47305e-10
5.06704e-10
5.70245e-10
6.37734e-10
7.08786e-10
7.82773e-10
8.58766e-10
9.35485e-10
1.01125e-09
1.08398e-09
1.1512e-09
1.2101e-09
1.25775e-09
1.29128e-09
1.30816e-09
1.30656e-09
1.28564e-09
1.24572e-09
1.18835e-09
1.11618e-09
1.03267e-09
9.41682e-10
8.47093e-10
7.52417e-10
6.60576e-10
5.73777e-10
4.93501e-10
4.20579e-10
3.553e-10
2.97543e-10
2.46903e-10
2.02789e-10
1.64514e-10
1.3135e-10
1.02566e-10
7.74502e-11
5.53167e-11
3.54949e-11
1.73036e-11
1.54622e-33
2.4291e-14
1.63634e-11
3.19232e-11
4.67342e-11
6.08295e-11
7.42416e-11
8.70015e-11
9.91395e-11
1.10685e-10
1.21665e-10
1.32108e-10
1.42039e-10
1.51483e-10
1.60463e-10
1.69002e-10
1.77122e-10
1.84844e-10
1.92186e-10
1.99168e-10
2.05808e-10
2.12121e-10
2.18126e-10
2.23836e-10
2.29267e-10
2.34432e-10
2.39345e-10
2.44017e-10
2.48462e-10
2.52689e-10
2.56711e-10
2.60537e-10
2.64176e-10
3.03976e-10
3.47111e-10
3.93678e-10
4.43707e-10
4.97133e-10
5.53766e-10
6.13249e-10
6.75013e-10
7.38239e-10
8.01805e-10
8.64264e-10
9.23829e-10
9.78401e-10
1.02565e-09
1.06313e-09
1.08851e-09
1.09979e-09
1.09557e-09
1.07529e-09
1.03936e-09
9.89215e-10
9.27136e-10
8.56041e-10
7.79141e-10
6.99609e-10
6.20304e-10
5.43578e-10
4.71192e-10
4.04312e-10
3.43573e-10
2.89174e-10
2.40983e-10
1.98637e-10
1.61627e-10
1.29362e-10
1.01215e-10
7.65518e-11
5.47423e-11
3.51576e-11
1.71487e-11
1.68585e-33
1.87047e-14
1.26077e-11
2.45968e-11
3.60098e-11
4.68727e-11
5.72103e-11
6.7047e-11
7.64059e-11
8.53095e-11
9.37794e-11
1.01836e-10
1.095e-10
1.16789e-10
1.23723e-10
1.30317e-10
1.36589e-10
1.42555e-10
1.48229e-10
1.53626e-10
1.5876e-10
1.63643e-10
1.68287e-10
1.72705e-10
1.76908e-10
1.80906e-10
1.84709e-10
1.88327e-10
1.9177e-10
1.95044e-10
1.9816e-10
2.01125e-10
2.03946e-10
2.34826e-10
2.68372e-10
3.04693e-10
3.43858e-10
3.85877e-10
4.30677e-10
4.78078e-10
5.27753e-10
5.79197e-10
6.31691e-10
6.84263e-10
7.35669e-10
7.84389e-10
8.28656e-10
8.6652e-10
8.95974e-10
9.15117e-10
9.22359e-10
9.16635e-10
8.97586e-10
8.65666e-10
8.22146e-10
7.68989e-10
7.08645e-10
6.43772e-10
5.76973e-10
5.10572e-10
4.46465e-10
3.86059e-10
3.30274e-10
2.79594e-10
2.34154e-10
1.93815e-10
1.58255e-10
1.2703e-10
9.96244e-11
7.54906e-11
5.40619e-11
3.47574e-11
1.69648e-11
1.83484e-33
1.43632e-14
9.68627e-12
1.88976e-11
2.76671e-11
3.60146e-11
4.39594e-11
5.15202e-11
5.8715e-11
6.55609e-11
7.20745e-11
7.82716e-11
8.41675e-11
8.97765e-11
9.51126e-11
1.00189e-10
1.05018e-10
1.09613e-10
1.13983e-10
1.18141e-10
1.22097e-10
1.2586e-10
1.29441e-10
1.32847e-10
1.36088e-10
1.39172e-10
1.42106e-10
1.44897e-10
1.47554e-10
1.50082e-10
1.52487e-10
1.54776e-10
1.56954e-10
1.80822e-10
2.06801e-10
2.34999e-10
2.65501e-10
2.98354e-10
3.33557e-10
3.71035e-10
4.10617e-10
4.52013e-10
4.94776e-10
5.38281e-10
5.81691e-10
6.23944e-10
6.63752e-10
6.99631e-10
7.29959e-10
7.53083e-10
7.6746e-10
7.71824e-10
7.65363e-10
7.47859e-10
7.19767e-10
6.82204e-10
6.36845e-10
5.85736e-10
5.31077e-10
4.75002e-10
4.194e-10
3.65803e-10
3.15334e-10
2.6872e-10
2.26331e-10
1.88249e-10
1.54337e-10
1.24304e-10
9.77574e-11
7.42404e-11
5.32582e-11
3.42835e-11
1.67468e-11
1.99276e-33
1.10012e-14
7.42219e-12
1.44807e-11
2.1201e-11
2.75985e-11
3.3688e-11
3.94838e-11
4.49998e-11
5.02491e-11
5.52443e-11
5.99976e-11
6.45206e-11
6.88243e-11
7.29193e-11
7.68156e-11
8.05229e-11
8.40505e-11
8.74069e-11
9.06005e-11
9.36394e-11
9.65309e-11
9.92823e-11
1.019e-10
1.04392e-10
1.06763e-10
1.09019e-10
1.11166e-10
1.13209e-10
1.15153e-10
1.17004e-10
1.18765e-10
1.20441e-10
1.38824e-10
1.58866e-10
1.80667e-10
2.04311e-10
2.29865e-10
2.5736e-10
2.86786e-10
3.1807e-10
3.51056e-10
3.85485e-10
4.20969e-10
4.56966e-10
4.92761e-10
5.27449e-10
5.59945e-10
5.89004e-10
6.13282e-10
6.31416e-10
6.42155e-10
6.44491e-10
6.37803e-10
6.21968e-10
5.97421e-10
5.65132e-10
5.26521e-10
4.83294e-10
4.37269e-10
3.90192e-10
3.43602e-10
2.98735e-10
2.56492e-10
2.17442e-10
1.81868e-10
1.49811e-10
1.21136e-10
9.55754e-11
7.27729e-11
5.23115e-11
3.3724e-11
1.64889e-11
2.15877e-33
8.40597e-15
5.67332e-12
1.10688e-11
1.62061e-11
2.10968e-11
2.57526e-11
3.01843e-11
3.44025e-11
3.84172e-11
4.22381e-11
4.58744e-11
4.9335e-11
5.26284e-11
5.57624e-11
5.87449e-11
6.15832e-11
6.42842e-11
6.68545e-11
6.93006e-11
7.16284e-11
7.38437e-11
7.59519e-11
7.79583e-11
7.98679e-11
8.16852e-11
8.34148e-11
8.5061e-11
8.66278e-11
8.81191e-11
8.95385e-11
9.08896e-11
9.21756e-11
1.06288e-10
1.21696e-10
1.38486e-10
1.56738e-10
1.76519e-10
1.97879e-10
2.20841e-10
2.45387e-10
2.71448e-10
2.98885e-10
3.27469e-10
3.56865e-10
3.86605e-10
4.16081e-10
4.44526e-10
4.71028e-10
4.94546e-10
5.13964e-10
5.28164e-10
5.36128e-10
5.37051e-10
5.3046e-10
5.16295e-10
4.94955e-10
4.6728e-10
4.34462e-10
3.97924e-10
3.59165e-10
3.19614e-10
2.80524e-10
2.42892e-10
2.07439e-10
1.74612e-10
1.4462e-10
1.17475e-10
9.3038e-11
7.10578e-11
5.12005e-11
3.30655e-11
1.61847e-11
2.33148e-33
6.40829e-15
4.3264e-12
8.44105e-12
1.23589e-11
1.6089e-11
1.96401e-11
2.30207e-11
2.62386e-11
2.93017e-11
3.22172e-11
3.49922e-11
3.76334e-11
4.01472e-11
4.25398e-11
4.4817e-11
4.69842e-11
4.9047e-11
5.10102e-11
5.28787e-11
5.46571e-11
5.63498e-11
5.79608e-11
5.94942e-11
6.09537e-11
6.23429e-11
6.36653e-11
6.49239e-11
6.6122e-11
6.72624e-11
6.8348e-11
6.93814e-11
7.03652e-11
8.11667e-11
9.29743e-11
1.0586e-10
1.19895e-10
1.35142e-10
1.51656e-10
1.69474e-10
1.8861e-10
2.09045e-10
2.30715e-10
2.53494e-10
2.77186e-10
3.01498e-10
3.26034e-10
3.50273e-10
3.73572e-10
3.95161e-10
4.14175e-10
4.29687e-10
4.4078e-10
4.46625e-10
4.4658e-10
4.40279e-10
4.27706e-10
4.09219e-10
3.85536e-10
3.5766e-10
3.2677e-10
2.94101e-10
2.60825e-10
2.27957e-10
1.96305e-10
1.66441e-10
1.38714e-10
1.13274e-10
9.01054e-11
6.90638e-11
4.99029e-11
3.22936e-11
1.58274e-11
2.50882e-33
4.87453e-15
3.29178e-12
6.42251e-12
9.4036e-12
1.2242e-11
1.49444e-11
1.75171e-11
1.99663e-11
2.22978e-11
2.45172e-11
2.66298e-11
2.86408e-11
3.0555e-11
3.23771e-11
3.41114e-11
3.57623e-11
3.73336e-11
3.88294e-11
4.02531e-11
4.16083e-11
4.28983e-11
4.41262e-11
4.5295e-11
4.64077e-11
4.74668e-11
4.84751e-11
4.94348e-11
5.03485e-11
5.12183e-11
5.20463e-11
5.28346e-11
5.3585e-11
6.1829e-11
7.08498e-11
8.07073e-11
9.14605e-11
1.03167e-10
1.15877e-10
1.29634e-10
1.44467e-10
1.60384e-10
1.77364e-10
1.95348e-10
2.14228e-10
2.3383e-10
2.53906e-10
2.74116e-10
2.94021e-10
3.13076e-10
3.30641e-10
3.45991e-10
3.58361e-10
3.66995e-10
3.71219e-10
3.70518e-10
3.64611e-10
3.53506e-10
3.37521e-10
3.17265e-10
2.93577e-10
2.67434e-10
2.39852e-10
2.11788e-10
1.84069e-10
1.57341e-10
1.3206e-10
1.08494e-10
8.67406e-11
6.676e-11
4.83953e-11
3.13932e-11
1.54096e-11
2.68787e-33
3.69962e-15
2.49891e-12
4.87561e-12
7.13877e-12
9.2937e-12
1.13455e-11
1.32989e-11
1.51587e-11
1.69292e-11
1.86148e-11
2.02194e-11
2.17469e-11
2.3201e-11
2.45853e-11
2.5903e-11
2.71574e-11
2.83515e-11
2.94882e-11
3.05703e-11
3.16005e-11
3.25811e-11
3.35146e-11
3.44033e-11
3.52493e-11
3.60547e-11
3.68215e-11
3.75515e-11
3.82464e-11
3.8908e-11
3.95379e-11
4.01376e-11
4.07085e-11
4.69831e-11
5.38549e-11
6.13721e-11
6.95835e-11
7.85375e-11
8.82804e-11
9.88537e-11
1.10291e-10
1.22614e-10
1.35826e-10
1.49907e-10
1.64805e-10
1.80422e-10
1.96612e-10
2.13159e-10
2.29778e-10
2.46095e-10
2.61655e-10
2.75919e-10
2.88286e-10
2.98121e-10
3.04804e-10
3.07784e-10
3.06647e-10
3.01176e-10
2.91394e-10
2.77576e-10
2.60239e-10
2.40081e-10
2.1791e-10
1.9456e-10
1.70812e-10
1.47335e-10
1.24648e-10
1.03108e-10
8.29129e-11
6.41182e-11
4.66556e-11
3.0349e-11
1.49235e-11
2.86469e-33
2.80146e-15
1.8926e-12
3.69266e-12
5.40678e-12
7.03898e-12
8.5931e-12
1.00728e-11
1.14817e-11
1.2823e-11
1.41001e-11
1.53158e-11
1.64733e-11
1.75752e-11
1.86243e-11
1.9623e-11
2.05738e-11
2.1479e-11
2.23407e-11
2.31611e-11
2.39421e-11
2.46857e-11
2.53936e-11
2.60675e-11
2.67092e-11
2.732e-11
2.79016e-11
2.84553e-11
2.89825e-11
2.94844e-11
2.99623e-11
3.04173e-11
3.08505e-11
3.56131e-11
4.08327e-11
4.65477e-11
5.27975e-11
5.96222e-11
6.70614e-11
7.51524e-11
8.39285e-11
9.34163e-11
1.03632e-10
1.14576e-10
1.26229e-10
1.38543e-10
1.51436e-10
1.64779e-10
1.78392e-10
1.92029e-10
2.05378e-10
2.18055e-10
2.29611e-10
2.39544e-10
2.47331e-10
2.52459e-10
2.54479e-10
2.53057e-10
2.48024e-10
2.39409e-10
2.27451e-10
2.12583e-10
1.95384e-10
1.76521e-10
1.56678e-10
1.3649e-10
1.16496e-10
9.71085e-11
7.8602e-11
6.11157e-11
4.46636e-11
2.91469e-11
1.43619e-11
3.03419e-33
2.11613e-15
1.42983e-12
2.78976e-12
4.0848e-12
5.31798e-12
6.49221e-12
7.61028e-12
8.67485e-12
9.68846e-12
1.06535e-11
1.15724e-11
1.24472e-11
1.32801e-11
1.4073e-11
1.4828e-11
1.55468e-11
1.62311e-11
1.68827e-11
1.7503e-11
1.80936e-11
1.86559e-11
1.91912e-11
1.97009e-11
2.01862e-11
2.06483e-11
2.10882e-11
2.15071e-11
2.19059e-11
2.22856e-11
2.26472e-11
2.29914e-11
2.33192e-11
2.69239e-11
3.08768e-11
3.52081e-11
3.99493e-11
4.51327e-11
5.07912e-11
5.69568e-11
6.36599e-11
7.09269e-11
7.87787e-11
8.7227e-11
9.62708e-11
1.05891e-10
1.16047e-10
1.26665e-10
1.37637e-10
1.48808e-10
1.5997e-10
1.70862e-10
1.81161e-10
1.90491e-10
1.98436e-10
2.04561e-10
2.08444e-10
2.09718e-10
2.08112e-10
2.03494e-10
1.95894e-10
1.85516e-10
1.72722e-10
1.57992e-10
1.41874e-10
1.24925e-10
1.07661e-10
9.05123e-11
7.38031e-11
5.7738e-11
4.24037e-11
2.77743e-11
1.3718e-11
3.18998e-33
1.59409e-15
1.07723e-12
2.10182e-12
3.07753e-12
4.00665e-12
4.8914e-12
5.73385e-12
6.53602e-12
7.29983e-12
8.02709e-12
8.71954e-12
9.37885e-12
1.00066e-11
1.06043e-11
1.11734e-11
1.17152e-11
1.22311e-11
1.27223e-11
1.319e-11
1.36353e-11
1.40592e-11
1.44629e-11
1.48473e-11
1.52133e-11
1.55617e-11
1.58935e-11
1.62094e-11
1.65102e-11
1.67966e-11
1.70694e-11
1.73291e-11
1.75763e-11
2.02962e-11
2.32804e-11
2.65523e-11
3.01366e-11
3.40592e-11
3.83465e-11
4.30253e-11
4.81215e-11
5.36597e-11
5.96608e-11
6.61412e-11
7.31091e-11
8.05622e-11
8.84832e-11
9.68351e-11
1.05556e-10
1.14551e-10
1.2369e-10
1.32799e-10
1.41655e-10
1.49989e-10
1.57487e-10
1.63803e-10
1.68575e-10
1.71457e-10
1.72146e-10
1.70422e-10
1.66179e-10
1.5945e-10
1.50404e-10
1.39343e-10
1.26662e-10
1.1281e-10
9.82399e-11
8.33665e-11
6.85317e-11
5.39839e-11
3.98676e-11
2.62226e-11
1.29866e-11
3.32434e-33
1.19705e-15
8.09012e-13
1.57849e-12
2.31128e-12
3.00909e-12
3.67359e-12
4.30634e-12
4.90886e-12
5.48258e-12
6.02887e-12
6.54904e-12
7.04433e-12
7.51593e-12
7.96498e-12
8.39254e-12
8.79965e-12
9.18728e-12
9.55638e-12
9.90781e-12
1.02424e-11
1.05611e-11
1.08645e-11
1.11533e-11
1.14284e-11
1.16903e-11
1.19397e-11
1.21772e-11
1.24033e-11
1.26186e-11
1.28236e-11
1.30189e-11
1.32048e-11
1.525e-11
1.7495e-11
1.99576e-11
2.26572e-11
2.5614e-11
2.88491e-11
3.2384e-11
3.62404e-11
4.04394e-11
4.50005e-11
4.99406e-11
5.52719e-11
6.10003e-11
6.71225e-11
7.36226e-11
8.04679e-11
8.76049e-11
9.49535e-11
1.02402e-10
1.09804e-10
1.16972e-10
1.23681e-10
1.29668e-10
1.34645e-10
1.38312e-10
1.40382e-10
1.40606e-10
1.38805e-10
1.34895e-10
1.28902e-10
1.20971e-10
1.11349e-10
1.00362e-10
8.83743e-11
7.57528e-11
6.28285e-11
4.98682e-11
3.70569e-11
2.44887e-11
1.21648e-11
3.42832e-33
8.95519e-16
6.0528e-13
1.18099e-12
1.72925e-12
2.25135e-12
2.74854e-12
3.22199e-12
3.67283e-12
4.10213e-12
4.51092e-12
4.90017e-12
5.27082e-12
5.62376e-12
5.95983e-12
6.27983e-12
6.58453e-12
6.87467e-12
7.15094e-12
7.414e-12
7.6645e-12
7.90301e-12
8.13013e-12
8.3464e-12
8.55233e-12
8.74843e-12
8.93515e-12
9.11295e-12
9.28226e-12
9.44349e-12
9.59701e-12
9.74321e-12
9.88242e-12
1.14142e-11
1.30962e-11
1.49421e-11
1.69666e-11
1.91856e-11
2.16155e-11
2.42734e-11
2.71769e-11
3.03434e-11
3.37899e-11
3.75319e-11
4.15827e-11
4.59515e-11
5.06423e-11
5.5651e-11
6.09631e-11
6.65499e-11
7.23652e-11
7.83406e-11
8.43817e-11
9.0364e-11
9.61307e-11
1.01492e-10
1.0623e-10
1.10103e-10
1.12862e-10
1.1427e-10
1.14122e-10
1.12269e-10
1.08644e-10
1.03269e-10
9.62655e-11
8.78354e-11
7.82442e-11
6.77883e-11
5.67618e-11
4.54261e-11
3.39865e-11
2.25767e-11
1.12531e-11
3.49201e-33
6.6684e-16
4.5075e-13
8.79481e-13
1.28777e-12
1.67659e-12
2.04686e-12
2.39946e-12
2.73523e-12
3.05497e-12
3.35944e-12
3.64936e-12
3.92544e-12
4.18833e-12
4.43866e-12
4.67703e-12
4.90402e-12
5.12016e-12
5.32597e-12
5.52195e-12
5.70857e-12
5.88628e-12
6.0555e-12
6.21664e-12
6.37008e-12
6.51619e-12
6.65533e-12
6.78782e-12
6.91398e-12
7.03413e-12
7.14854e-12
7.25748e-12
7.36123e-12
8.50298e-12
9.75696e-12
1.11337e-11
1.26443e-11
1.4301e-11
1.61164e-11
1.81039e-11
2.02774e-11
2.2651e-11
2.52387e-11
2.8054e-11
3.11093e-11
3.44148e-11
3.79773e-11
4.17991e-11
4.58759e-11
5.01943e-11
5.47292e-11
5.94405e-11
6.427e-11
6.91374e-11
7.39376e-11
7.85386e-11
8.27816e-11
8.64833e-11
8.94431e-11
9.14542e-11
9.23188e-11
9.18672e-11
8.99779e-11
8.65945e-11
8.1737e-11
7.55033e-11
6.80596e-11
5.96216e-11
5.04284e-11
4.07149e-11
3.06865e-11
2.05005e-11
1.02563e-11
3.50497e-33
4.93635e-16
3.33692e-13
6.51086e-13
9.53351e-13
1.2412e-12
1.51533e-12
1.77637e-12
2.02496e-12
2.26169e-12
2.48711e-12
2.70178e-12
2.90619e-12
3.10085e-12
3.28621e-12
3.46272e-12
3.6308e-12
3.79085e-12
3.94327e-12
4.0884e-12
4.22661e-12
4.35822e-12
4.48354e-12
4.60288e-12
4.71653e-12
4.82474e-12
4.9278e-12
5.02593e-12
5.11939e-12
5.20838e-12
5.29312e-12
5.37383e-12
5.45068e-12
6.29653e-12
7.22574e-12
8.2462e-12
9.36637e-12
1.05954e-11
1.19429e-11
1.34193e-11
1.50352e-11
1.68019e-11
1.87306e-11
2.08325e-11
2.31182e-11
2.55974e-11
2.82778e-11
3.11643e-11
3.4258e-11
3.75542e-11
4.10407e-11
4.46953e-11
4.84836e-11
5.23555e-11
5.6243e-11
6.00572e-11
6.36869e-11
6.69988e-11
6.98397e-11
7.20421e-11
7.34337e-11
7.38502e-11
7.31512e-11
7.1236e-11
6.80582e-11
6.36344e-11
5.80447e-11
5.14249e-11
4.39503e-11
3.58138e-11
2.72038e-11
1.82844e-11
9.18432e-12
3.457e-33
3.62594e-16
2.45122e-13
4.78272e-13
7.00311e-13
9.11765e-13
1.11314e-12
1.3049e-12
1.48752e-12
1.66143e-12
1.82703e-12
1.98474e-12
2.13492e-12
2.27793e-12
2.41411e-12
2.5438e-12
2.66729e-12
2.78489e-12
2.89688e-12
3.00352e-12
3.10507e-12
3.20178e-12
3.29387e-12
3.38157e-12
3.46508e-12
3.5446e-12
3.62033e-12
3.69245e-12
3.76113e-12
3.82653e-12
3.88881e-12
3.94812e-12
4.0046e-12
4.62631e-12
5.30942e-12
6.0598e-12
6.88375e-12
7.78809e-12
8.78014e-12
9.86766e-12
1.10589e-11
1.23624e-11
1.3787e-11
1.53418e-11
1.70353e-11
1.8876e-11
2.08712e-11
2.30267e-11
2.53458e-11
2.78284e-11
3.04697e-11
3.32586e-11
3.61756e-11
3.91907e-11
4.22611e-11
4.53289e-11
4.8319e-11
5.11379e-11
5.36734e-11
5.57975e-11
5.73705e-11
5.82489e-11
5.82965e-11
5.73969e-11
5.54674e-11
5.24701e-11
4.84189e-11
4.33803e-11
3.74661e-11
3.08201e-11
2.36005e-11
1.59637e-11
8.05258e-12
3.33895e-33
2.63521e-16
1.78154e-13
3.47607e-13
5.08986e-13
6.62673e-13
8.09033e-13
9.48413e-13
1.08115e-12
1.20755e-12
1.32792e-12
1.44255e-12
1.55171e-12
1.65566e-12
1.75466e-12
1.84893e-12
1.9387e-12
2.02419e-12
2.10559e-12
2.18312e-12
2.25694e-12
2.32725e-12
2.3942e-12
2.45795e-12
2.51867e-12
2.57648e-12
2.63154e-12
2.68398e-12
2.73391e-12
2.78146e-12
2.82674e-12
2.86987e-12
2.91093e-12
3.36301e-12
3.85981e-12
4.40563e-12
5.00513e-12
5.66332e-12
6.38563e-12
7.17784e-12
8.0461e-12
8.99691e-12
1.0037e-11
1.11734e-11
1.24129e-11
1.37624e-11
1.52283e-11
1.68159e-11
1.85294e-11
2.03708e-11
2.23393e-11
2.443e-11
2.66324e-11
2.89296e-11
3.12954e-11
3.36933e-11
3.60739e-11
3.83739e-11
4.05144e-11
4.24017e-11
4.39289e-11
4.49796e-11
4.5435e-11
4.51827e-11
4.41272e-11
4.22013e-11
3.93752e-11
3.56624e-11
3.11198e-11
2.58419e-11
1.99505e-11
1.35826e-11
6.8813e-12
3.14354e-33
1.88592e-16
1.27502e-13
2.48777e-13
3.64274e-13
4.74266e-13
5.79015e-13
6.78771e-13
7.7377e-13
8.64238e-13
9.50392e-13
1.03244e-12
1.11057e-12
1.18497e-12
1.25583e-12
1.3233e-12
1.38756e-12
1.44875e-12
1.50702e-12
1.56252e-12
1.61536e-12
1.66569e-12
1.71361e-12
1.75925e-12
1.80272e-12
1.8441e-12
1.88352e-12
1.92106e-12
1.9568e-12
1.99084e-12
2.02326e-12
2.05414e-12
2.08354e-12
2.4072e-12
2.76294e-12
3.15384e-12
3.58326e-12
4.05485e-12
4.57254e-12
5.14055e-12
5.76339e-12
6.44585e-12
7.19295e-12
8.00992e-12
8.90207e-12
9.87471e-12
1.09329e-11
1.20815e-11
1.33242e-11
1.46638e-11
1.61013e-11
1.76352e-11
1.92606e-11
2.09679e-11
2.27421e-11
2.45606e-11
2.63922e-11
2.81949e-11
2.99155e-11
3.14881e-11
3.28346e-11
3.38663e-11
3.44873e-11
3.46003e-11
3.41139e-11
3.29513e-11
3.10599e-11
2.84189e-11
2.50438e-11
2.09864e-11
1.63317e-11
1.11903e-11
5.69386e-12
2.86579e-33
1.31751e-16
8.9076e-14
1.73802e-13
2.54492e-13
3.31336e-13
4.04518e-13
4.74211e-13
5.40582e-13
6.03788e-13
6.63981e-13
7.21303e-13
7.75891e-13
8.27876e-13
8.77382e-13
9.24527e-13
9.69423e-13
1.01218e-12
1.05289e-12
1.09167e-12
1.12859e-12
1.16376e-12
1.19725e-12
1.22914e-12
1.25951e-12
1.28843e-12
1.31597e-12
1.3422e-12
1.36718e-12
1.39097e-12
1.41362e-12
1.43519e-12
1.45574e-12
1.68193e-12
1.93056e-12
2.2038e-12
2.50401e-12
2.83377e-12
3.19586e-12
3.59326e-12
4.02919e-12
4.50707e-12
5.03053e-12
5.60334e-12
6.22943e-12
6.91273e-12
7.65716e-12
8.46641e-12
9.34378e-12
1.02919e-11
1.13124e-11
1.24053e-11
1.35686e-11
1.47976e-11
1.60836e-11
1.74133e-11
1.87674e-11
2.01194e-11
2.14343e-11
2.26676e-11
2.3765e-11
2.46625e-11
2.5288e-11
2.5564e-11
2.54128e-11
2.47624e-11
2.35542e-11
2.17505e-11
1.93404e-11
1.63445e-11
1.28149e-11
8.83405e-12
4.51358e-12
2.5025e-33
8.82359e-17
5.96567e-14
1.164e-13
1.70441e-13
2.21906e-13
2.70918e-13
3.17595e-13
3.62046e-13
4.04379e-13
4.44693e-13
4.83085e-13
5.19646e-13
5.54464e-13
5.87622e-13
6.19199e-13
6.4927e-13
6.77907e-13
7.05178e-13
7.31149e-13
7.55882e-13
7.79436e-13
8.01866e-13
8.23227e-13
8.4357e-13
8.62942e-13
8.81391e-13
8.98961e-13
9.15693e-13
9.31627e-13
9.46802e-13
9.61253e-13
9.75016e-13
1.12654e-12
1.2931e-12
1.47618e-12
1.67735e-12
1.89835e-12
2.14106e-12
2.40751e-12
2.69988e-12
3.0205e-12
3.37185e-12
3.75655e-12
4.1773e-12
4.63689e-12
5.13811e-12
5.68366e-12
6.27604e-12
6.91739e-12
7.60928e-12
8.35238e-12
9.14615e-12
9.98829e-12
1.08742e-11
1.17964e-11
1.27434e-11
1.3699e-11
1.46414e-11
1.5542e-11
1.63652e-11
1.70675e-11
1.75984e-11
1.79015e-11
1.79174e-11
1.75873e-11
1.68586e-11
1.56908e-11
1.40616e-11
1.19718e-11
9.44902e-12
6.54929e-12
3.35872e-12
2.04991e-33
5.41369e-17
3.66027e-14
7.14181e-14
1.04575e-13
1.36152e-13
1.66224e-13
1.94863e-13
2.22137e-13
2.48111e-13
2.72847e-13
2.96403e-13
3.18836e-13
3.402e-13
3.60545e-13
3.79921e-13
3.98372e-13
4.15944e-13
4.32678e-13
4.48614e-13
4.6379e-13
4.78242e-13
4.92006e-13
5.05114e-13
5.17596e-13
5.29484e-13
5.40805e-13
5.51586e-13
5.61853e-13
5.71631e-13
5.80943e-13
5.89811e-13
5.98256e-13
6.9124e-13
7.93461e-13
9.05819e-13
1.0293e-12
1.16496e-12
1.31397e-12
1.47759e-12
1.65715e-12
1.85413e-12
2.07005e-12
2.30656e-12
2.56536e-12
2.84823e-12
3.15694e-12
3.49326e-12
3.85886e-12
4.25523e-12
4.68354e-12
5.1445e-12
5.63814e-12
6.16349e-12
6.71831e-12
7.29857e-12
7.89801e-12
8.50753e-12
9.11454e-12
9.70228e-12
1.02493e-11
1.0729e-11
1.11096e-11
1.13547e-11
1.14245e-11
1.12779e-11
1.0876e-11
1.01859e-11
9.18532e-12
7.86708e-12
6.24293e-12
4.34641e-12
2.23586e-12
1.49858e-33
2.59568e-17
1.75499e-14
3.42429e-14
5.01406e-14
6.52809e-14
7.96997e-14
9.34314e-14
1.06509e-13
1.18962e-13
1.30823e-13
1.42118e-13
1.52874e-13
1.63117e-13
1.72873e-13
1.82163e-13
1.9101e-13
1.99436e-13
2.07459e-13
2.15101e-13
2.22377e-13
2.29308e-13
2.35907e-13
2.42192e-13
2.48178e-13
2.53878e-13
2.59306e-13
2.64476e-13
2.69399e-13
2.74088e-13
2.78553e-13
2.82805e-13
2.86855e-13
3.31443e-13
3.80462e-13
4.34344e-13
4.93563e-13
5.5863e-13
6.30106e-13
7.08594e-13
7.94747e-13
8.89266e-13
9.929e-13
1.10644e-12
1.23073e-12
1.36662e-12
1.515e-12
1.67674e-12
1.85268e-12
2.0436e-12
2.25011e-12
2.47266e-12
2.71137e-12
2.9659e-12
3.23536e-12
3.51802e-12
3.81112e-12
4.11056e-12
4.41058e-12
4.70341e-12
4.97896e-12
5.22453e-12
5.42473e-12
5.56159e-12
5.61502e-12
5.56379e-12
5.38704e-12
5.06628e-12
4.5878e-12
3.94533e-12
3.14239e-12
2.19448e-12
1.13127e-12
8.2369e-34
7.67522e-42
1.01053e-40
3.32364e-40
6.67792e-40
1.073e-39
1.52057e-39
1.98882e-39
2.46081e-39
2.92356e-39
3.3673e-39
3.78488e-39
4.17132e-39
4.52337e-39
4.83915e-39
5.11788e-39
5.35964e-39
5.56517e-39
5.73572e-39
5.87289e-39
5.97853e-39
6.0547e-39
6.1035e-39
6.12712e-39
6.12772e-39
6.10743e-39
6.06833e-39
6.01241e-39
5.94157e-39
5.85759e-39
5.76215e-39
5.65682e-39
3.74641e-38
8.87925e-38
1.28643e-37
1.84377e-37
2.61859e-37
3.69012e-37
5.16529e-37
7.18807e-37
9.9519e-37
1.37163e-36
1.88285e-36
2.57528e-36
3.51077e-36
4.77166e-36
6.46714e-36
8.74174e-36
1.1786e-35
1.58504e-35
2.12624e-35
2.84478e-35
3.79572e-35
5.04961e-35
6.69598e-35
8.84704e-35
1.16412e-34
1.52456e-34
1.98566e-34
2.56964e-34
3.30022e-34
4.2005e-34
5.28924e-34
6.57492e-34
8.047e-34
9.66391e-34
1.13376e-33
1.29152e-33
1.41594e-33
1.473e-33
1.4172e-33
1.19163e-33
7.31047e-34
2.86141e-34
