-1.16502e-39
-1.53388e-38
-5.04495e-38
-1.01364e-37
-1.62871e-37
-2.30807e-37
-3.01882e-37
-3.73526e-37
-4.43766e-37
-5.11119e-37
-5.74503e-37
-6.33161e-37
-6.86597e-37
-7.34528e-37
-7.76835e-37
-8.1353e-37
-8.44727e-37
-8.70613e-37
-8.91433e-37
-9.07468e-37
-9.19028e-37
-9.26435e-37
-9.30019e-37
-9.30109e-37
-9.27029e-37
-9.21094e-37
-9.12605e-37
-9.01851e-37
-8.89103e-37
-8.74616e-37
-8.58628e-37
-5.68652e-36
-1.34774e-35
-1.95258e-35
-2.7985e-35
-3.97445e-35
-5.60069e-35
-7.83943e-35
-1.09091e-34
-1.5103e-34
-2.08148e-34
-2.8571e-34
-3.90752e-34
-5.32649e-34
-7.23867e-34
-9.8094e-34
-1.32573e-33
-1.78706e-33
-2.40273e-33
-3.22215e-33
-4.30951e-33
-5.74757e-33
-7.64224e-33
-1.01276e-32
-1.33709e-32
-1.75781e-32
-2.29961e-32
-2.99136e-32
-3.86537e-32
-4.95575e-32
-6.29499e-32
-7.90836e-32
-9.80499e-32
-1.19652e-31
-1.43232e-31
-1.67454e-31
-1.90059e-31
-2.07594e-31
-2.15179e-31
-2.06339e-31
-1.73018e-31
-1.05946e-31
-2.0034e-32
2.84836e-17
1.92583e-14
3.75761e-14
5.50214e-14
7.16354e-14
8.74578e-14
1.02526e-13
1.16876e-13
1.30542e-13
1.43557e-13
1.55951e-13
1.67754e-13
1.78995e-13
1.897e-13
1.99894e-13
2.09602e-13
2.18848e-13
2.27652e-13
2.36037e-13
2.44022e-13
2.51627e-13
2.58869e-13
2.65765e-13
2.72333e-13
2.78588e-13
2.84545e-13
2.90217e-13
2.9562e-13
3.00765e-13
3.05664e-13
3.1033e-13
3.14774e-13
3.637e-13
4.17487e-13
4.7661e-13
5.41586e-13
6.12978e-13
6.91398e-13
7.77507e-13
8.72021e-13
9.75705e-13
1.08938e-12
1.21391e-12
1.3502e-12
1.4992e-12
1.66185e-12
1.83911e-12
2.03188e-12
2.24097e-12
2.46705e-12
2.71055e-12
2.97154e-12
3.24961e-12
3.54367e-12
3.85174e-12
4.17067e-12
4.49581e-12
4.82071e-12
5.13669e-12
5.43254e-12
5.69429e-12
5.90505e-12
6.0453e-12
6.09342e-12
6.02687e-12
5.82382e-12
5.46544e-12
4.93841e-12
4.23757e-12
3.36826e-12
2.34812e-12
1.20898e-12
-1.1328e-31
5.95522e-17
4.02639e-14
7.85618e-14
1.15035e-13
1.49771e-13
1.82851e-13
2.14354e-13
2.44356e-13
2.72928e-13
3.00137e-13
3.2605e-13
3.50727e-13
3.74227e-13
3.96607e-13
4.1792e-13
4.38216e-13
4.57545e-13
4.75952e-13
4.93482e-13
5.10176e-13
5.26074e-13
5.41214e-13
5.55632e-13
5.69362e-13
5.82439e-13
5.94891e-13
6.0675e-13
6.18044e-13
6.288e-13
6.39043e-13
6.48797e-13
6.58087e-13
7.60365e-13
8.72803e-13
9.96388e-13
1.1322e-12
1.28141e-12
1.44529e-12
1.62523e-12
1.82269e-12
2.03927e-12
2.27667e-12
2.53667e-12
2.82113e-12
3.13197e-12
3.47114e-12
3.84053e-12
4.24194e-12
4.67693e-12
5.14672e-12
5.65199e-12
6.19262e-12
6.7674e-12
7.37364e-12
8.00669e-12
8.65937e-12
9.32135e-12
9.97842e-12
1.06119e-11
1.11978e-11
1.17069e-11
1.21043e-11
1.23506e-11
1.24031e-11
1.22185e-11
1.17566e-11
1.09843e-11
9.88107e-12
8.44261e-12
6.68466e-12
4.64517e-12
2.38637e-12
-2.05998e-31
9.74298e-17
6.58724e-14
1.28528e-13
1.88199e-13
2.45026e-13
2.99145e-13
3.50684e-13
3.99767e-13
4.46509e-13
4.91023e-13
5.33415e-13
5.73785e-13
6.1223e-13
6.48842e-13
6.83708e-13
7.16911e-13
7.48531e-13
7.78643e-13
8.07319e-13
8.34628e-13
8.60634e-13
8.85401e-13
9.08986e-13
9.31447e-13
9.52837e-13
9.73207e-13
9.92607e-13
1.01108e-12
1.02867e-12
1.04543e-12
1.06139e-12
1.07658e-12
1.24388e-12
1.42778e-12
1.6299e-12
1.852e-12
2.09597e-12
2.3639e-12
2.65801e-12
2.9807e-12
3.33454e-12
3.72224e-12
4.14666e-12
4.61077e-12
5.11759e-12
5.67013e-12
6.27132e-12
6.92381e-12
7.62985e-12
8.39097e-12
9.20773e-12
1.00792e-11
1.10026e-11
1.19725e-11
1.29799e-11
1.40118e-11
1.50497e-11
1.60687e-11
1.7037e-11
1.79147e-11
1.86539e-11
1.91993e-11
1.94902e-11
1.94632e-11
1.90572e-11
1.82192e-11
1.69101e-11
1.51117e-11
1.28308e-11
1.01017e-11
6.98701e-12
3.57798e-12
-2.81579e-31
1.46213e-16
9.88523e-14
1.92877e-13
2.82422e-13
3.677e-13
4.48914e-13
5.26255e-13
5.9991e-13
6.70052e-13
7.3685e-13
8.00462e-13
8.6104e-13
9.18729e-13
9.73667e-13
1.02598e-12
1.07581e-12
1.12325e-12
1.16844e-12
1.21146e-12
1.25244e-12
1.29146e-12
1.32862e-12
1.36401e-12
1.39771e-12
1.4298e-12
1.46037e-12
1.48947e-12
1.51719e-12
1.54359e-12
1.56873e-12
1.59267e-12
1.61547e-12
1.86646e-12
2.14234e-12
2.44552e-12
2.77861e-12
3.14446e-12
3.54614e-12
3.98696e-12
4.47046e-12
5.00041e-12
5.5808e-12
6.21577e-12
6.9096e-12
7.66658e-12
8.49095e-12
9.38664e-12
1.03571e-11
1.14051e-11
1.25319e-11
1.37374e-11
1.50187e-11
1.63699e-11
1.77807e-11
1.92355e-11
2.07119e-11
2.21793e-11
2.35981e-11
2.49182e-11
2.60789e-11
2.70096e-11
2.7632e-11
2.78631e-11
2.76215e-11
2.68341e-11
2.54443e-11
2.34195e-11
2.07571e-11
1.74873e-11
1.36724e-11
9.40337e-12
4.79677e-12
-3.43414e-31
2.10604e-16
1.42382e-13
2.77812e-13
4.06788e-13
5.29617e-13
6.46591e-13
7.57987e-13
8.64072e-13
9.65097e-13
1.0613e-12
1.15292e-12
1.24017e-12
1.32326e-12
1.40238e-12
1.47773e-12
1.54948e-12
1.61781e-12
1.68288e-12
1.74484e-12
1.80385e-12
1.86005e-12
1.91356e-12
1.96452e-12
2.01306e-12
2.05927e-12
2.10328e-12
2.1452e-12
2.18511e-12
2.22312e-12
2.25932e-12
2.29379e-12
2.32662e-12
2.68801e-12
3.0852e-12
3.52163e-12
4.00103e-12
4.52746e-12
5.10529e-12
5.73921e-12
6.43421e-12
7.19558e-12
8.02888e-12
8.93982e-12
9.93423e-12
1.10179e-11
1.21962e-11
1.34742e-11
1.48559e-11
1.63437e-11
1.79383e-11
1.96372e-11
2.14338e-11
2.33167e-11
2.52674e-11
2.72594e-11
2.92561e-11
3.12094e-11
3.30581e-11
3.47281e-11
3.61323e-11
3.71734e-11
3.77481e-11
3.77538e-11
3.70973e-11
3.57044e-11
3.35295e-11
3.05626e-11
2.6833e-11
2.24073e-11
1.73832e-11
1.18805e-11
6.03456e-12
-3.92807e-31
2.96497e-16
2.00444e-13
3.91099e-13
5.72668e-13
7.45582e-13
9.10252e-13
1.06707e-12
1.21641e-12
1.35862e-12
1.49405e-12
1.62302e-12
1.74583e-12
1.86279e-12
1.97416e-12
2.08022e-12
2.18121e-12
2.27739e-12
2.36898e-12
2.4562e-12
2.53925e-12
2.61834e-12
2.69366e-12
2.76539e-12
2.83369e-12
2.89873e-12
2.96067e-12
3.01966e-12
3.07583e-12
3.12933e-12
3.18027e-12
3.22878e-12
3.27498e-12
3.78352e-12
4.34236e-12
4.95629e-12
5.63052e-12
6.3707e-12
7.18285e-12
8.07344e-12
9.04933e-12
1.01177e-11
1.12861e-11
1.2562e-11
1.39531e-11
1.54667e-11
1.71095e-11
1.88872e-11
2.08036e-11
2.28603e-11
2.50551e-11
2.73812e-11
2.98253e-11
3.23662e-11
3.49725e-11
3.76005e-11
4.01923e-11
4.26744e-11
4.49568e-11
4.69336e-11
4.84863e-11
4.94885e-11
4.98144e-11
4.93491e-11
4.80003e-11
4.571e-11
4.24636e-11
3.82932e-11
3.32761e-11
2.75256e-11
2.11782e-11
1.4379e-11
7.27127e-12
-4.30294e-31
4.11575e-16
2.78229e-13
5.42869e-13
7.94896e-13
1.03491e-12
1.26347e-12
1.48114e-12
1.68842e-12
1.8858e-12
2.07377e-12
2.25277e-12
2.42322e-12
2.58554e-12
2.74011e-12
2.8873e-12
3.02746e-12
3.16093e-12
3.28803e-12
3.40906e-12
3.52432e-12
3.63407e-12
3.73858e-12
3.83811e-12
3.93289e-12
4.02314e-12
4.10909e-12
4.19093e-12
4.26887e-12
4.34309e-12
4.41377e-12
4.48108e-12
4.54518e-12
5.25069e-12
6.02583e-12
6.8772e-12
7.81194e-12
8.83773e-12
9.96278e-12
1.11958e-11
1.25461e-11
1.4023e-11
1.56365e-11
1.73964e-11
1.93121e-11
2.13926e-11
2.36454e-11
2.6076e-11
2.86872e-11
3.14773e-11
3.44388e-11
3.75568e-11
4.08064e-11
4.41503e-11
4.75365e-11
5.08957e-11
5.41392e-11
5.71582e-11
5.98249e-11
6.19954e-11
6.35165e-11
6.42354e-11
6.40123e-11
6.27354e-11
6.03343e-11
5.67912e-11
5.21458e-11
4.64923e-11
3.99689e-11
3.27407e-11
2.49802e-11
1.6848e-11
8.48217e-12
-4.56354e-31
5.66057e-16
3.82639e-13
7.46587e-13
1.09319e-12
1.42326e-12
1.73759e-12
2.03691e-12
2.32196e-12
2.59339e-12
2.85187e-12
3.09801e-12
3.33239e-12
3.55558e-12
3.76811e-12
3.97049e-12
4.1632e-12
4.34671e-12
4.52145e-12
4.68785e-12
4.84631e-12
4.99719e-12
5.14087e-12
5.27769e-12
5.40798e-12
5.53205e-12
5.65019e-12
5.7627e-12
5.86983e-12
5.97185e-12
6.069e-12
6.16152e-12
6.24962e-12
7.21923e-12
8.2843e-12
9.45379e-12
1.07374e-11
1.21453e-11
1.36887e-11
1.53791e-11
1.72286e-11
1.92496e-11
2.14546e-11
2.38559e-11
2.64648e-11
2.92913e-11
3.2343e-11
3.56239e-11
3.91329e-11
4.28621e-11
4.6794e-11
5.08994e-11
5.51342e-11
5.9436e-11
6.37214e-11
6.78837e-11
7.17913e-11
7.52895e-11
7.82041e-11
8.03496e-11
8.1541e-11
8.16095e-11
8.04202e-11
7.78896e-11
7.39981e-11
6.87968e-11
6.24037e-11
5.49909e-11
4.67637e-11
3.79359e-11
2.87059e-11
1.92361e-11
9.64307e-12
-4.71716e-31
7.73648e-16
5.22927e-13
1.02031e-12
1.49398e-12
1.94505e-12
2.3746e-12
2.78365e-12
3.17317e-12
3.54408e-12
3.89728e-12
4.2336e-12
4.55385e-12
4.85881e-12
5.14918e-12
5.42569e-12
5.68898e-12
5.93968e-12
6.17841e-12
6.40573e-12
6.62219e-12
6.8283e-12
7.02457e-12
7.21146e-12
7.38943e-12
7.55889e-12
7.72026e-12
7.87392e-12
8.02024e-12
8.15958e-12
8.29226e-12
8.41861e-12
8.53893e-12
9.86293e-12
1.13169e-11
1.29128e-11
1.46637e-11
1.65833e-11
1.8686e-11
2.09871e-11
2.35022e-11
2.62471e-11
2.92371e-11
3.24869e-11
3.60094e-11
3.98144e-11
4.39078e-11
4.82891e-11
5.29494e-11
5.78688e-11
6.30124e-11
6.83277e-11
7.37396e-11
7.91476e-11
8.44226e-11
8.94054e-11
9.39084e-11
9.77204e-11
1.00617e-10
1.02373e-10
1.02785e-10
1.01692e-10
9.89941e-11
9.46713e-11
8.87901e-11
8.14995e-11
7.3015e-11
6.35934e-11
5.35036e-11
4.2996e-11
3.22785e-11
2.14981e-11
1.07337e-11
-4.77432e-31
1.05283e-15
7.1157e-13
1.38837e-12
2.0329e-12
2.64668e-12
3.23116e-12
3.78772e-12
4.3177e-12
4.82235e-12
5.30288e-12
5.76044e-12
6.19612e-12
6.61097e-12
7.00598e-12
7.38211e-12
7.74024e-12
8.08126e-12
8.40596e-12
8.71514e-12
9.00953e-12
9.28985e-12
9.55676e-12
9.81092e-12
1.00529e-11
1.02834e-11
1.05028e-11
1.07117e-11
1.09107e-11
1.11001e-11
1.12805e-11
1.14523e-11
1.16159e-11
1.34157e-11
1.53915e-11
1.75593e-11
1.99363e-11
2.25406e-11
2.5391e-11
2.85072e-11
3.19088e-11
3.56153e-11
3.96451e-11
4.40146e-11
4.87366e-11
5.3819e-11
5.92622e-11
6.50563e-11
7.11777e-11
7.75853e-11
8.42155e-11
9.09782e-11
9.77516e-11
1.04379e-10
1.10667e-10
1.16389e-10
1.21286e-10
1.25087e-10
1.27519e-10
1.28336e-10
1.27342e-10
1.24422e-10
1.19554e-10
1.12825e-10
1.04424e-10
9.46185e-11
8.37317e-11
7.20999e-11
6.00401e-11
4.78198e-11
3.56351e-11
2.35993e-11
1.17392e-11
-2.60969e-31
1.07857e-15
7.28966e-13
1.42232e-12
2.0826e-12
2.71138e-12
3.31014e-12
3.88031e-12
4.42324e-12
4.94022e-12
5.43249e-12
5.90123e-12
6.34755e-12
6.77253e-12
7.17719e-12
7.5625e-12
7.92938e-12
8.27872e-12
8.61135e-12
8.92807e-12
9.22965e-12
9.5168e-12
9.79023e-12
1.00506e-11
1.02985e-11
1.05346e-11
1.07593e-11
1.09734e-11
1.11772e-11
1.13712e-11
1.1556e-11
1.1732e-11
1.18996e-11
1.37432e-11
1.5767e-11
1.79875e-11
2.04221e-11
2.30894e-11
2.60086e-11
2.91996e-11
3.26825e-11
3.6477e-11
4.06019e-11
4.50734e-11
4.99046e-11
5.51028e-11
6.06677e-11
6.65886e-11
7.28402e-11
7.93792e-11
8.61393e-11
9.30263e-11
9.99141e-11
1.06641e-10
1.13007e-10
1.18779e-10
1.23694e-10
1.27474e-10
1.29844e-10
1.30557e-10
1.2942e-10
1.26323e-10
1.21253e-10
1.14306e-10
1.05683e-10
9.56626e-11
8.45744e-11
7.27614e-11
6.05434e-11
4.81879e-11
3.58893e-11
2.37575e-11
1.18146e-11
-3.8716e-32
1.4281e-15
9.65104e-13
1.88305e-12
2.7572e-12
3.58963e-12
4.3823e-12
5.1371e-12
5.85581e-12
6.54016e-12
7.19177e-12
7.81221e-12
8.40296e-12
8.96544e-12
9.501e-12
1.00109e-11
1.04965e-11
1.09587e-11
1.13989e-11
1.1818e-11
1.2217e-11
1.2597e-11
1.29587e-11
1.33032e-11
1.36312e-11
1.39435e-11
1.42408e-11
1.4524e-11
1.47935e-11
1.50503e-11
1.52947e-11
1.55274e-11
1.57491e-11
1.81871e-11
2.08624e-11
2.37962e-11
2.70111e-11
3.05305e-11
3.43787e-11
3.85803e-11
4.31597e-11
4.814e-11
5.35418e-11
5.93818e-11
6.56703e-11
7.24087e-11
7.95859e-11
8.71743e-11
9.51244e-11
1.0336e-10
1.11772e-10
1.20212e-10
1.2849e-10
1.36371e-10
1.43576e-10
1.49795e-10
1.54693e-10
1.57939e-10
1.59236e-10
1.58347e-10
1.55133e-10
1.49575e-10
1.41784e-10
1.31998e-10
1.20552e-10
1.07848e-10
9.43063e-11
8.0326e-11
6.62471e-11
5.23278e-11
3.87305e-11
2.55172e-11
1.26507e-11
-4.15341e-32
1.93344e-15
1.30644e-12
2.54902e-12
3.73231e-12
4.85909e-12
5.93202e-12
6.95365e-12
7.9264e-12
8.85259e-12
9.73444e-12
1.05741e-11
1.13735e-11
1.21346e-11
1.28592e-11
1.35492e-11
1.4206e-11
1.48314e-11
1.54269e-11
1.59938e-11
1.65336e-11
1.70475e-11
1.75368e-11
1.80026e-11
1.84462e-11
1.88685e-11
1.92706e-11
1.96534e-11
2.0018e-11
2.03651e-11
2.06955e-11
2.10102e-11
2.13098e-11
2.46051e-11
2.82192e-11
3.21801e-11
3.6517e-11
4.12599e-11
4.64396e-11
5.20862e-11
5.82289e-11
6.48934e-11
7.2101e-11
7.98652e-11
8.81886e-11
9.70587e-11
1.06443e-10
1.16281e-10
1.26481e-10
1.36911e-10
1.47391e-10
1.57688e-10
1.67516e-10
1.76535e-10
1.84363e-10
1.90595e-10
1.94826e-10
1.96694e-10
1.95912e-10
1.92315e-10
1.85884e-10
1.76763e-10
1.65248e-10
1.5176e-10
1.36796e-10
1.20881e-10
1.04511e-10
8.81162e-11
7.20272e-11
5.64653e-11
4.15375e-11
2.72404e-11
1.34648e-11
-4.19335e-32
2.61487e-15
1.7666e-12
3.44684e-12
5.04686e-12
6.57042e-12
8.02112e-12
9.40239e-12
1.07175e-11
1.19696e-11
1.31617e-11
1.42967e-11
1.53772e-11
1.64059e-11
1.73852e-11
1.83176e-11
1.92053e-11
2.00503e-11
2.08548e-11
2.16208e-11
2.235e-11
2.30442e-11
2.37051e-11
2.43343e-11
2.49334e-11
2.55038e-11
2.60468e-11
2.65638e-11
2.70561e-11
2.75247e-11
2.7971e-11
2.83958e-11
2.88003e-11
3.32478e-11
3.81228e-11
4.34614e-11
4.93009e-11
5.56795e-11
6.26348e-11
7.02028e-11
7.84163e-11
8.73018e-11
9.68768e-11
1.07146e-10
1.18094e-10
1.29682e-10
1.41839e-10
1.54452e-10
1.6736e-10
1.80343e-10
1.93118e-10
2.05333e-10
2.16573e-10
2.26371e-10
2.34229e-10
2.39655e-10
2.42205e-10
2.41532e-10
2.37439e-10
2.29908e-10
2.19122e-10
2.05453e-10
1.89422e-10
1.71649e-10
1.52783e-10
1.33441e-10
1.14158e-10
9.53532e-11
7.73153e-11
6.02015e-11
4.40455e-11
2.87676e-11
1.41825e-11
-2.43723e-32
2.76284e-15
1.86651e-12
3.64176e-12
5.33226e-12
6.94197e-12
8.47467e-12
9.93401e-12
1.13235e-11
1.26463e-11
1.39058e-11
1.51048e-11
1.62463e-11
1.73331e-11
1.83677e-11
1.93527e-11
2.02904e-11
2.11831e-11
2.2033e-11
2.28421e-11
2.36124e-11
2.43457e-11
2.50439e-11
2.57085e-11
2.63413e-11
2.69438e-11
2.75174e-11
2.80635e-11
2.85834e-11
2.90785e-11
2.95498e-11
2.99985e-11
3.04258e-11
3.5123e-11
4.0271e-11
4.59077e-11
5.20722e-11
5.88039e-11
6.61421e-11
7.41236e-11
8.27817e-11
9.21425e-11
1.02222e-10
1.13023e-10
1.24525e-10
1.36682e-10
1.49414e-10
1.62595e-10
1.76047e-10
1.89532e-10
2.02742e-10
2.15299e-10
2.26762e-10
2.36638e-10
2.44408e-10
2.49567e-10
2.51668e-10
2.50379e-10
2.45525e-10
2.37128e-10
2.25416e-10
2.10808e-10
1.93872e-10
1.75261e-10
1.55649e-10
1.35666e-10
1.15849e-10
9.66093e-11
7.82254e-11
6.08399e-11
4.44716e-11
2.90259e-11
1.43035e-11
-1.09306e-32
3.53233e-15
2.38598e-12
4.65528e-12
6.81619e-12
8.87376e-12
1.08328e-11
1.26981e-11
1.44738e-11
1.61645e-11
1.77739e-11
1.93061e-11
2.07647e-11
2.21533e-11
2.34751e-11
2.47334e-11
2.59313e-11
2.70716e-11
2.81571e-11
2.91905e-11
3.01742e-11
3.11107e-11
3.20022e-11
3.28509e-11
3.36589e-11
3.44281e-11
3.51604e-11
3.58575e-11
3.65212e-11
3.71531e-11
3.77547e-11
3.83274e-11
3.88727e-11
4.48658e-11
5.14301e-11
5.86119e-11
6.64583e-11
7.50163e-11
8.43309e-11
9.44429e-11
1.05386e-10
1.17183e-10
1.29839e-10
1.43339e-10
1.57636e-10
1.72644e-10
1.88226e-10
2.04185e-10
2.20252e-10
2.36081e-10
2.51241e-10
2.65221e-10
2.77449e-10
2.87312e-10
2.94208e-10
2.97592e-10
2.97043e-10
2.92321e-10
2.83412e-10
2.70549e-10
2.54197e-10
2.35006e-10
2.13743e-10
1.91212e-10
1.68177e-10
1.453e-10
1.23106e-10
1.01961e-10
8.20778e-11
6.35277e-11
4.62574e-11
3.01049e-11
1.48081e-11
-1.58064e-32
4.77099e-15
3.2219e-12
6.28618e-12
9.204e-12
1.19822e-11
1.46272e-11
1.71453e-11
1.95425e-11
2.18246e-11
2.3997e-11
2.60648e-11
2.80332e-11
2.99069e-11
3.16903e-11
3.33879e-11
3.50038e-11
3.65419e-11
3.8006e-11
3.93996e-11
4.07261e-11
4.19889e-11
4.31908e-11
4.4335e-11
4.54241e-11
4.64609e-11
4.74478e-11
4.83873e-11
4.92817e-11
5.01331e-11
5.09436e-11
5.17153e-11
5.24499e-11
6.05201e-11
6.93514e-11
7.90022e-11
8.9531e-11
1.00994e-10
1.13442e-10
1.26917e-10
1.41449e-10
1.57047e-10
1.73691e-10
1.91327e-10
2.0985e-10
2.29093e-10
2.48816e-10
2.6869e-10
2.88289e-10
3.07084e-10
3.24447e-10
3.39673e-10
3.5201e-10
3.60716e-10
3.65121e-10
3.64712e-10
3.59198e-10
3.4857e-10
3.33123e-10
3.13437e-10
2.90321e-10
2.64728e-10
2.37651e-10
2.10035e-10
1.82697e-10
1.56287e-10
1.31263e-10
1.079e-10
8.63074e-11
6.64519e-11
4.81861e-11
3.12639e-11
1.53481e-11
-1.65005e-32
6.44683e-15
4.35236e-12
8.49169e-12
1.2433e-11
1.61855e-11
1.97579e-11
2.31587e-11
2.63958e-11
2.94772e-11
3.24101e-11
3.52017e-11
3.78586e-11
4.03875e-11
4.27943e-11
4.50849e-11
4.72651e-11
4.93401e-11
5.13149e-11
5.31945e-11
5.49834e-11
5.66861e-11
5.83066e-11
5.98491e-11
6.13172e-11
6.27146e-11
6.40447e-11
6.53107e-11
6.65159e-11
6.7663e-11
6.87549e-11
6.97944e-11
7.07839e-11
8.16484e-11
9.35241e-11
1.06484e-10
1.20597e-10
1.35928e-10
1.5253e-10
1.70441e-10
1.89672e-10
2.10204e-10
2.31969e-10
2.54839e-10
2.78613e-10
3.02995e-10
3.27582e-10
3.51849e-10
3.75144e-10
3.96694e-10
4.1563e-10
4.31025e-10
4.41962e-10
4.47622e-10
4.47371e-10
4.4086e-10
4.28085e-10
4.0942e-10
3.8559e-10
3.57605e-10
3.26642e-10
2.93933e-10
2.60641e-10
2.27776e-10
1.96137e-10
1.66292e-10
1.38586e-10
1.13166e-10
9.00178e-11
6.89947e-11
4.98515e-11
3.22594e-11
1.58103e-11
-1.54571e-32
8.71654e-15
5.88259e-12
1.14771e-11
1.68038e-11
2.18748e-11
2.67021e-11
3.12971e-11
3.56705e-11
3.98329e-11
4.37943e-11
4.75643e-11
5.1152e-11
5.45662e-11
5.78152e-11
6.0907e-11
6.38492e-11
6.66491e-11
6.93134e-11
7.18489e-11
7.42618e-11
7.6558e-11
7.87431e-11
8.08227e-11
8.28018e-11
8.46853e-11
8.64779e-11
8.8184e-11
8.98077e-11
9.13532e-11
9.28242e-11
9.42242e-11
9.55569e-11
1.1018e-10
1.26142e-10
1.4353e-10
1.62426e-10
1.82895e-10
2.04986e-10
2.28717e-10
2.54064e-10
2.80945e-10
3.09208e-10
3.38603e-10
3.68769e-10
3.99208e-10
4.29275e-10
4.58163e-10
4.8492e-10
5.08468e-10
5.27663e-10
5.41373e-10
5.48585e-10
5.48524e-10
5.40764e-10
5.25311e-10
5.02641e-10
4.73662e-10
4.3963e-10
4.02009e-10
3.62322e-10
3.22003e-10
2.82297e-10
2.44184e-10
2.08364e-10
1.75263e-10
1.4507e-10
1.17779e-10
9.32381e-11
7.11851e-11
5.12775e-11
3.3108e-11
1.62033e-11
-1.4405e-32
1.17943e-14
7.95629e-12
1.55227e-11
2.27264e-11
2.95838e-11
3.6111e-11
4.23232e-11
4.82352e-11
5.38612e-11
5.92146e-11
6.43085e-11
6.91553e-11
7.37669e-11
7.81546e-11
8.23294e-11
8.63014e-11
9.00805e-11
9.36762e-11
9.70973e-11
1.00352e-10
1.0345e-10
1.06397e-10
1.09201e-10
1.11869e-10
1.14408e-10
1.16824e-10
1.19123e-10
1.21311e-10
1.23393e-10
1.25374e-10
1.2726e-10
1.29054e-10
1.48731e-10
1.70173e-10
1.93482e-10
2.18744e-10
2.46018e-10
2.7533e-10
3.06653e-10
3.39891e-10
3.74855e-10
4.11243e-10
4.48608e-10
4.86339e-10
5.23635e-10
5.59502e-10
5.92757e-10
6.22066e-10
6.4601e-10
6.63186e-10
6.72342e-10
6.72522e-10
6.63208e-10
6.44422e-10
6.16766e-10
5.81384e-10
5.39841e-10
4.93958e-10
4.45621e-10
3.96603e-10
3.48432e-10
3.02314e-10
2.59102e-10
2.19319e-10
1.83199e-10
1.50742e-10
1.21777e-10
9.60074e-11
7.30566e-11
5.24897e-11
3.38266e-11
1.65352e-11
-1.33669e-32
1.59731e-14
1.07696e-11
2.10109e-11
3.07606e-11
4.00408e-11
4.88729e-11
5.72777e-11
6.52749e-11
7.28838e-11
8.01228e-11
8.70095e-11
9.35608e-11
9.97929e-11
1.05721e-10
1.1136e-10
1.16725e-10
1.21828e-10
1.26681e-10
1.31299e-10
1.35691e-10
1.3987e-10
1.43845e-10
1.47626e-10
1.51224e-10
1.54646e-10
1.57902e-10
1.61001e-10
1.63948e-10
1.66753e-10
1.69422e-10
1.71961e-10
1.74378e-10
2.00845e-10
2.29629e-10
2.60837e-10
2.94549e-10
3.30798e-10
3.69554e-10
4.10704e-10
4.54019e-10
4.99127e-10
5.45479e-10
5.92319e-10
6.38658e-10
6.83261e-10
7.24661e-10
7.61199e-10
7.91109e-10
8.1265e-10
8.24265e-10
8.24772e-10
8.13539e-10
7.90609e-10
7.56749e-10
7.13397e-10
6.62515e-10
6.06371e-10
5.47305e-10
4.87509e-10
4.28864e-10
3.72846e-10
3.20499e-10
2.72456e-10
2.29001e-10
1.90135e-10
1.55653e-10
1.2521e-10
9.83697e-11
7.46443e-11
5.35136e-11
3.44317e-11
1.68141e-11
-1.23591e-32
2.16535e-14
1.45901e-11
2.84638e-11
4.16704e-11
5.42394e-11
6.61997e-11
7.75792e-11
8.84049e-11
9.87027e-11
1.08498e-10
1.17814e-10
1.26674e-10
1.351e-10
1.43113e-10
1.50734e-10
1.57981e-10
1.64873e-10
1.71428e-10
1.77661e-10
1.83589e-10
1.89227e-10
1.94589e-10
1.99688e-10
2.04539e-10
2.09153e-10
2.13541e-10
2.17715e-10
2.21686e-10
2.25464e-10
2.29057e-10
2.32476e-10
2.35728e-10
2.71312e-10
3.09912e-10
3.51632e-10
3.96517e-10
4.44538e-10
4.95558e-10
5.493e-10
6.05309e-10
6.62909e-10
7.21165e-10
7.78851e-10
8.34432e-10
8.86083e-10
9.31734e-10
9.69185e-10
9.9626e-10
1.01102e-09
1.012e-09
9.98417e-10
9.70345e-10
9.28764e-10
8.75489e-10
8.12982e-10
7.44078e-10
6.71688e-10
5.98525e-10
5.26907e-10
4.58645e-10
3.95009e-10
3.36765e-10
2.84248e-10
2.37454e-10
1.96133e-10
1.59865e-10
1.28134e-10
1.00371e-10
7.59832e-11
5.4374e-11
3.49388e-11
1.70474e-11
-1.13934e-32
2.93838e-14
1.97832e-11
3.8594e-11
5.64982e-11
7.35355e-11
8.97447e-11
1.05163e-10
1.19828e-10
1.33774e-10
1.47035e-10
1.59645e-10
1.71633e-10
1.83031e-10
1.93867e-10
2.04169e-10
2.13962e-10
2.23273e-10
2.32125e-10
2.4054e-10
2.48541e-10
2.56148e-10
2.63381e-10
2.70257e-10
2.76796e-10
2.83014e-10
2.88926e-10
2.94549e-10
2.99896e-10
3.04981e-10
3.09818e-10
3.14418e-10
3.18794e-10
3.66595e-10
4.1829e-10
4.73945e-10
5.33531e-10
5.96886e-10
6.63676e-10
7.33344e-10
8.05059e-10
8.77663e-10
9.49634e-10
1.01906e-09
1.08367e-09
1.14087e-09
1.18791e-09
1.22205e-09
1.24089e-09
1.24257e-09
1.22614e-09
1.19171e-09
1.14052e-09
1.07489e-09
9.97892e-10
9.131e-10
8.24138e-10
7.34376e-10
6.46674e-10
5.63254e-10
4.85661e-10
4.14817e-10
3.51114e-10
2.94534e-10
2.44758e-10
2.01272e-10
1.6345e-10
1.30609e-10
1.02056e-10
7.71062e-11
5.50934e-11
3.53618e-11
1.72418e-11
-1.04773e-32
3.99148e-14
2.68479e-11
5.23741e-11
7.66669e-11
9.97793e-11
1.21763e-10
1.4267e-10
1.62548e-10
1.81446e-10
1.9941e-10
2.16484e-10
2.32712e-10
2.48135e-10
2.62792e-10
2.76721e-10
2.89957e-10
3.02537e-10
3.14491e-10
3.25852e-10
3.36648e-10
3.4691e-10
3.56663e-10
3.65932e-10
3.74744e-10
3.83119e-10
3.91081e-10
3.9865e-10
4.05846e-10
4.12687e-10
4.19192e-10
4.25377e-10
4.31259e-10
4.95396e-10
5.64499e-10
6.38544e-10
7.17343e-10
8.00494e-10
8.87316e-10
9.76787e-10
1.06748e-09
1.15749e-09
1.24445e-09
1.3255e-09
1.39741e-09
1.45671e-09
1.49997e-09
1.52414e-09
1.52691e-09
1.50708e-09
1.46481e-09
1.40168e-09
1.32063e-09
1.22556e-09
1.12096e-09
1.01135e-09
9.00943e-10
7.93271e-10
6.91062e-10
5.96198e-10
5.09784e-10
4.32275e-10
3.6362e-10
3.03412e-10
2.51009e-10
2.05641e-10
1.66479e-10
1.3269e-10
1.03467e-10
7.80439e-11
5.56926e-11
3.57135e-11
1.74032e-11
-9.6151e-33
5.42756e-14
3.64653e-11
7.11322e-11
1.04119e-10
1.35495e-10
1.65332e-10
1.93697e-10
2.20657e-10
2.46278e-10
2.70623e-10
2.93752e-10
3.15725e-10
3.36598e-10
3.56425e-10
3.75258e-10
3.93147e-10
4.1014e-10
4.2628e-10
4.41612e-10
4.56177e-10
4.70013e-10
4.83157e-10
4.95644e-10
5.07509e-10
5.18782e-10
5.29495e-10
5.39674e-10
5.49348e-10
5.58542e-10
5.67281e-10
5.75587e-10
5.83483e-10
6.69399e-10
7.61546e-10
8.59711e-10
9.63412e-10
1.07182e-09
1.18369e-09
1.29724e-09
1.41012e-09
1.51936e-09
1.62138e-09
1.71212e-09
1.7872e-09
1.8423e-09
1.87355e-09
1.87802e-09
1.8542e-09
1.80229e-09
1.72434e-09
1.62406e-09
1.50642e-09
1.37706e-09
1.2417e-09
1.10556e-09
9.73055e-10
8.47522e-10
7.31259e-10
6.25587e-10
5.31024e-10
4.47472e-10
3.74401e-10
3.11002e-10
2.56317e-10
2.09329e-10
1.69024e-10
1.34431e-10
1.04644e-10
7.88236e-11
5.61898e-11
3.60049e-11
1.75368e-11
-8.80898e-33
7.38763e-14
4.9565e-11
9.66802e-11
1.41503e-10
1.84127e-10
2.24645e-10
2.6315e-10
2.99732e-10
3.3448e-10
3.67481e-10
3.98818e-10
4.28572e-10
4.56821e-10
4.83639e-10
5.09099e-10
5.33268e-10
5.56212e-10
5.77994e-10
5.98673e-10
6.18306e-10
6.36946e-10
6.54645e-10
6.71451e-10
6.8741e-10
7.02566e-10
7.1696e-10
7.30633e-10
7.4362e-10
7.55957e-10
7.67678e-10
7.78814e-10
7.89395e-10
9.04231e-10
1.02671e-09
1.15627e-09
1.2919e-09
1.43207e-09
1.5746e-09
1.71655e-09
1.85421e-09
1.98311e-09
2.09809e-09
2.19363e-09
2.26424e-09
2.30498e-09
2.31212e-09
2.28372e-09
2.22004e-09
2.1237e-09
1.99944e-09
1.85356e-09
1.69324e-09
1.52567e-09
1.35742e-09
1.19396e-09
1.03942e-09
8.96602e-10
7.67078e-10
6.51433e-10
5.49492e-10
4.60559e-10
3.83608e-10
3.17439e-10
2.60793e-10
2.12423e-10
1.7115e-10
1.35881e-10
1.05622e-10
7.94695e-11
5.6601e-11
3.62455e-11
1.76471e-11
-8.05919e-33
1.00649e-13
6.74139e-11
1.31487e-10
1.92428e-10
2.50361e-10
3.0541e-10
3.57699e-10
4.07351e-10
4.54487e-10
4.99226e-10
5.41682e-10
5.81968e-10
6.20189e-10
6.5645e-10
6.9085e-10
7.23484e-10
7.54443e-10
7.83812e-10
8.11676e-10
8.38112e-10
8.63194e-10
8.86994e-10
9.09579e-10
9.31012e-10
9.51355e-10
9.70663e-10
9.88992e-10
1.00639e-09
1.02291e-09
1.0386e-09
1.0535e-09
1.06764e-09
1.22069e-09
1.38282e-09
1.55284e-09
1.72887e-09
1.90821e-09
2.08724e-09
2.26132e-09
2.42479e-09
2.57116e-09
2.69341e-09
2.78451e-09
2.83815e-09
2.84951e-09
2.81605e-09
2.7381e-09
2.61899e-09
2.46478e-09
2.28354e-09
2.0844e-09
1.87647e-09
1.66803e-09
1.46592e-09
1.27523e-09
1.0994e-09
9.40284e-10
7.9854e-10
6.73877e-10
5.65374e-10
4.7172e-10
3.91406e-10
3.22859e-10
2.64542e-10
2.15004e-10
1.72918e-10
1.37083e-10
1.0643e-10
8.00029e-11
5.694e-11
3.64438e-11
1.77378e-11
-7.36472e-33
1.37236e-13
9.17347e-11
1.78909e-10
2.61799e-10
3.40566e-10
4.15376e-10
4.86395e-10
5.53791e-10
6.17728e-10
6.78369e-10
7.35873e-10
7.90392e-10
8.42077e-10
8.91071e-10
9.37511e-10
9.8153e-10
1.02325e-09
1.0628e-09
1.10029e-09
1.13584e-09
1.16953e-09
1.20147e-09
1.23177e-09
1.26049e-09
1.28773e-09
1.31357e-09
1.33808e-09
1.36133e-09
1.3834e-09
1.40433e-09
1.4242e-09
1.44306e-09
1.64626e-09
1.85977e-09
2.0813e-09
2.30754e-09
2.53401e-09
2.75489e-09
2.96307e-09
3.15033e-09
3.3077e-09
3.42617e-09
3.49754e-09
3.51555e-09
3.47685e-09
3.38176e-09
3.23453e-09
3.04292e-09
2.81732e-09
2.56939e-09
2.31077e-09
2.05191e-09
1.80139e-09
1.56556e-09
1.34859e-09
1.1527e-09
9.78597e-10
8.2582e-10
6.93149e-10
5.78899e-10
4.81159e-10
3.97961e-10
3.27393e-10
2.67665e-10
2.17148e-10
1.74381e-10
1.38076e-10
1.07097e-10
8.0442e-11
5.72188e-11
3.66066e-11
1.78123e-11
-6.72371e-33
1.87242e-13
1.2486e-10
2.4349e-10
3.56252e-10
4.63355e-10
5.65018e-10
6.61466e-10
7.52924e-10
8.39618e-10
9.21771e-10
9.99602e-10
1.07332e-09
1.14315e-09
1.20927e-09
1.27188e-09
1.33117e-09
1.38731e-09
1.44047e-09
1.49081e-09
1.53849e-09
1.58365e-09
1.62642e-09
1.66694e-09
1.70533e-09
1.7417e-09
1.77617e-09
1.80884e-09
1.83981e-09
1.86917e-09
1.89701e-09
1.9234e-09
1.94844e-09
2.21697e-09
2.49631e-09
2.7824e-09
3.0697e-09
3.35096e-09
3.61724e-09
3.85807e-09
4.06198e-09
4.21731e-09
4.3134e-09
4.34194e-09
4.29842e-09
4.18307e-09
4.00125e-09
3.76296e-09
3.4816e-09
3.17221e-09
2.84971e-09
2.52741e-09
2.21611e-09
1.92374e-09
1.65538e-09
1.41369e-09
1.19938e-09
1.01177e-09
8.49207e-10
7.09534e-10
5.90317e-10
4.89081e-10
4.03436e-10
3.31164e-10
2.70255e-10
2.18919e-10
1.75588e-10
1.38893e-10
1.07644e-10
8.08024e-11
5.74473e-11
3.674e-11
1.78733e-11
-6.13369e-33
2.55558e-13
1.69933e-10
3.31348e-10
4.84717e-10
6.3031e-10
7.68414e-10
8.99328e-10
1.02336e-09
1.14081e-09
1.252e-09
1.35723e-09
1.45679e-09
1.55097e-09
1.64005e-09
1.72431e-09
1.80399e-09
1.87936e-09
1.95064e-09
2.01806e-09
2.08184e-09
2.14218e-09
2.19926e-09
2.25327e-09
2.30439e-09
2.35278e-09
2.39858e-09
2.44195e-09
2.48302e-09
2.52191e-09
2.55875e-09
2.59366e-09
2.62674e-09
2.97951e-09
3.34204e-09
3.70749e-09
4.06686e-09
4.4089e-09
4.72031e-09
4.98636e-09
5.19188e-09
5.32282e-09
5.3681e-09
5.3214e-09
5.18267e-09
4.95862e-09
4.66213e-09
4.3106e-09
3.92356e-09
3.52029e-09
3.11787e-09
2.73e-09
2.36658e-09
2.03386e-09
1.73497e-09
1.4706e-09
1.23972e-09
1.04015e-09
8.69053e-10
7.23341e-10
5.99883e-10
4.95685e-10
4.07982e-10
3.34285e-10
2.72391e-10
2.20378e-10
1.7658e-10
1.39564e-10
1.08093e-10
8.10973e-11
5.76342e-11
3.6849e-11
1.79231e-11
-5.59185e-33
3.48778e-13
2.31149e-10
4.50652e-10
6.59115e-10
8.5688e-10
1.04432e-09
1.22184e-09
1.38984e-09
1.54876e-09
1.69902e-09
1.84103e-09
1.97522e-09
2.10199e-09
2.22172e-09
2.33481e-09
2.44162e-09
2.54249e-09
2.63776e-09
2.72774e-09
2.81274e-09
2.89304e-09
2.96891e-09
3.04061e-09
3.10837e-09
3.17242e-09
3.23298e-09
3.29025e-09
3.34442e-09
3.39566e-09
3.44414e-09
3.49003e-09
3.53346e-09
3.99354e-09
4.45944e-09
4.92e-09
5.36114e-09
5.76597e-09
6.11552e-09
6.38999e-09
6.57072e-09
6.64261e-09
6.59667e-09
6.43209e-09
6.15711e-09
5.78832e-09
5.34841e-09
4.86298e-09
4.3572e-09
3.85317e-09
3.36842e-09
2.9154e-09
2.50178e-09
2.13125e-09
1.8044e-09
1.51968e-09
1.27417e-09
1.06418e-09
8.85741e-10
7.34884e-10
6.07841e-10
5.01157e-10
4.11736e-10
3.36855e-10
2.74146e-10
2.21574e-10
1.77392e-10
1.40112e-10
1.08459e-10
8.13379e-11
5.77866e-11
3.69378e-11
1.79637e-11
-5.09519e-33
4.75706e-13
3.14057e-10
6.12195e-10
8.95186e-10
1.16345e-09
1.41747e-09
1.65778e-09
1.88494e-09
2.09952e-09
2.30211e-09
2.49331e-09
2.67369e-09
2.84383e-09
3.00426e-09
3.15554e-09
3.29818e-09
3.43266e-09
3.55946e-09
3.67903e-09
3.79178e-09
3.89813e-09
3.99845e-09
4.0931e-09
4.18242e-09
4.26672e-09
4.3463e-09
4.42145e-09
4.49243e-09
4.55948e-09
4.62283e-09
4.68271e-09
4.73932e-09
5.3341e-09
5.92573e-09
6.49663e-09
7.02547e-09
7.48782e-09
7.85774e-09
8.11024e-09
8.22451e-09
8.18738e-09
7.9964e-09
7.66129e-09
7.20328e-09
6.65214e-09
6.04173e-09
5.4053e-09
4.77182e-09
4.16393e-09
3.5974e-09
3.08171e-09
2.62113e-09
2.21604e-09
1.86414e-09
1.56149e-09
1.30327e-09
1.08434e-09
8.9966e-10
7.44465e-10
6.1442e-10
5.05665e-10
4.1482e-10
3.38961e-10
2.75582e-10
2.2255e-10
1.78054e-10
1.40558e-10
1.08758e-10
8.15337e-11
5.79105e-11
3.701e-11
1.79967e-11
-4.64062e-33
6.47955e-13
4.25893e-10
8.30053e-10
1.21344e-09
1.57655e-09
1.92002e-09
2.24454e-09
2.55087e-09
2.83979e-09
3.11213e-09
3.36871e-09
3.61033e-09
3.8378e-09
4.0519e-09
4.2534e-09
4.443e-09
4.62143e-09
4.78933e-09
4.94735e-09
5.09608e-09
5.23609e-09
5.36791e-09
5.49205e-09
5.60897e-09
5.71914e-09
5.82295e-09
5.92081e-09
6.01308e-09
6.1001e-09
6.1822e-09
6.25967e-09
6.3328e-09
7.09367e-09
7.83426e-09
8.52774e-09
9.1428e-09
9.64548e-09
1.00022e-08
1.01838e-08
1.01706e-08
9.95698e-09
9.55345e-09
8.98682e-09
8.29619e-09
7.52678e-09
6.72314e-09
5.92385e-09
5.15858e-09
4.44753e-09
3.80242e-09
3.22819e-09
2.72478e-09
2.28881e-09
1.9149e-09
1.59672e-09
1.32761e-09
1.10111e-09
9.11181e-10
7.52363e-10
6.19825e-10
5.09359e-10
4.17341e-10
3.4068e-10
2.76752e-10
2.23345e-10
1.78592e-10
1.40921e-10
1.09e-10
8.16924e-11
5.80109e-11
3.70685e-11
1.80234e-11
-3.32338e-33
7.64823e-13
5.01407e-10
9.77124e-10
1.42822e-09
1.85525e-09
2.25892e-09
2.64003e-09
2.99947e-09
3.33819e-09
3.65716e-09
3.95734e-09
4.23974e-09
4.5053e-09
4.75497e-09
4.98967e-09
5.21027e-09
5.41761e-09
5.6125e-09
5.79569e-09
5.96792e-09
6.12986e-09
6.28216e-09
6.42542e-09
6.56021e-09
6.68706e-09
6.80647e-09
6.91891e-09
7.02482e-09
7.12461e-09
7.21866e-09
7.30732e-09
7.39094e-09
8.25573e-09
9.08612e-09
9.84883e-09
1.05059e-08
1.10175e-08
1.13458e-08
1.14609e-08
1.13459e-08
1.10024e-08
1.04517e-08
9.73266e-09
8.89594e-09
7.99529e-09
7.08005e-09
6.19002e-09
5.35358e-09
4.58831e-09
3.90285e-09
3.29913e-09
2.7745e-09
2.32343e-09
1.93889e-09
1.61327e-09
1.339e-09
1.10892e-09
9.16532e-10
7.56021e-10
6.22323e-10
5.11063e-10
4.18502e-10
3.4147e-10
2.7729e-10
2.2371e-10
1.78839e-10
1.41087e-10
1.09111e-10
8.17652e-11
5.80569e-11
3.70953e-11
1.80357e-11
-4.34401e-32
8.71668e-13
5.70312e-10
1.11131e-09
1.62417e-09
2.10947e-09
2.56799e-09
3.00065e-09
3.40844e-09
3.79244e-09
4.15378e-09
4.49357e-09
4.81295e-09
5.11304e-09
5.39493e-09
5.65966e-09
5.90827e-09
6.14172e-09
6.36095e-09
6.56684e-09
6.76022e-09
6.94189e-09
7.11258e-09
7.27299e-09
7.42379e-09
7.56559e-09
7.69895e-09
7.82443e-09
7.94252e-09
8.05369e-09
8.15839e-09
8.25702e-09
8.34996e-09
9.30656e-09
1.0215e-08
1.1036e-08
1.17255e-08
1.22386e-08
1.25342e-08
1.25819e-08
1.23685e-08
1.1903e-08
1.12169e-08
1.03606e-08
9.39484e-09
8.38043e-09
7.37018e-09
6.40418e-09
5.50907e-09
4.69969e-09
3.98176e-09
3.35455e-09
2.81314e-09
2.35023e-09
1.9574e-09
1.62601e-09
1.34774e-09
1.11491e-09
9.20623e-10
7.58815e-10
6.24229e-10
5.12362e-10
4.19387e-10
3.42072e-10
2.77699e-10
2.23987e-10
1.79027e-10
1.41214e-10
1.09195e-10
8.18204e-11
5.80918e-11
3.71156e-11
1.80449e-11
-1.2831e-31
1.09572e-12
7.14709e-10
1.39251e-09
2.03477e-09
2.64215e-09
3.21558e-09
3.75617e-09
4.26519e-09
4.74399e-09
5.19399e-09
5.61664e-09
6.01339e-09
6.38566e-09
6.73487e-09
7.06237e-09
7.36948e-09
7.65744e-09
7.92747e-09
8.18069e-09
8.41819e-09
8.64096e-09
8.84998e-09
9.04614e-09
9.23027e-09
9.40317e-09
9.56557e-09
9.71815e-09
9.86155e-09
9.99638e-09
1.01232e-08
1.02425e-08
1.03548e-08
1.15014e-08
1.25702e-08
1.35091e-08
1.42616e-08
1.47716e-08
1.49915e-08
1.48906e-08
1.4464e-08
1.37368e-08
1.27634e-08
1.16186e-08
1.03845e-08
9.13651e-09
7.93386e-09
6.81618e-09
5.80548e-09
4.91028e-09
4.12991e-09
3.45797e-09
2.88489e-09
2.39977e-09
1.99148e-09
1.64938e-09
1.36374e-09
1.12584e-09
9.28083e-10
7.63901e-10
6.27694e-10
5.14721e-10
4.20992e-10
3.43163e-10
2.7844e-10
2.2449e-10
1.79367e-10
1.41442e-10
1.09348e-10
8.19203e-11
5.8155e-11
3.71524e-11
1.80617e-11
-1.64226e-31
1.29391e-12
8.42355e-10
1.64108e-09
2.39771e-09
3.11298e-09
3.78794e-09
4.42389e-09
5.02231e-09
5.58482e-09
6.1131e-09
6.60887e-09
7.07387e-09
7.50982e-09
7.91838e-09
8.3012e-09
8.65985e-09
8.99582e-09
9.31057e-09
9.60545e-09
9.88175e-09
1.01407e-08
1.03834e-08
1.0611e-08
1.08244e-08
1.10246e-08
1.12124e-08
1.13888e-08
1.15544e-08
1.171e-08
1.18562e-08
1.19936e-08
1.21228e-08
1.34354e-08
1.4643e-08
1.56825e-08
1.64859e-08
1.69876e-08
1.71341e-08
1.6895e-08
1.62732e-08
1.53092e-08
1.40783e-08
1.26776e-08
1.12084e-08
9.75866e-09
8.39225e-09
7.14746e-09
6.04137e-09
5.07636e-09
4.24582e-09
3.53832e-09
2.94032e-09
2.43785e-09
2.01757e-09
1.66722e-09
1.37591e-09
1.13414e-09
9.33734e-10
7.67747e-10
6.3031e-10
5.165e-10
4.22201e-10
3.43985e-10
2.78998e-10
2.24868e-10
1.79623e-10
1.41614e-10
1.09462e-10
8.19954e-11
5.82024e-11
3.718e-11
1.80743e-11
-1.49403e-31
1.44591e-12
9.4026e-10
1.83174e-09
2.67609e-09
3.47411e-09
4.22694e-09
4.93604e-09
5.60304e-09
6.22976e-09
6.81808e-09
7.36994e-09
7.88729e-09
8.37207e-09
8.82616e-09
9.25141e-09
9.64959e-09
1.00224e-08
1.03714e-08
1.06983e-08
1.10043e-08
1.1291e-08
1.15596e-08
1.18112e-08
1.20471e-08
1.22682e-08
1.24756e-08
1.26702e-08
1.28528e-08
1.30243e-08
1.31853e-08
1.33366e-08
1.34789e-08
1.49185e-08
1.62325e-08
1.73487e-08
1.81904e-08
1.86846e-08
1.87732e-08
1.84262e-08
1.76522e-08
1.65041e-08
1.50734e-08
1.34749e-08
1.1825e-08
1.0221e-08
8.73051e-09
7.39024e-09
6.21313e-09
5.19657e-09
4.32929e-09
3.59594e-09
2.97991e-09
2.46497e-09
2.03609e-09
1.67985e-09
1.38452e-09
1.14e-09
9.37719e-10
7.70456e-10
6.32151e-10
5.17751e-10
4.23051e-10
3.44562e-10
2.79389e-10
2.25134e-10
1.79802e-10
1.41735e-10
1.09543e-10
8.20481e-11
5.82357e-11
3.71994e-11
1.80832e-11
-1.3589e-31
1.53688e-12
9.98932e-10
1.946e-09
2.84294e-09
3.69058e-09
4.49013e-09
5.24311e-09
5.95129e-09
6.61657e-09
7.24097e-09
7.82656e-09
8.37542e-09
8.8896e-09
9.37112e-09
9.82195e-09
1.0244e-08
1.0639e-08
1.10088e-08
1.13549e-08
1.1679e-08
1.19825e-08
1.22667e-08
1.25329e-08
1.27824e-08
1.30162e-08
1.32355e-08
1.34412e-08
1.36342e-08
1.38153e-08
1.39854e-08
1.41452e-08
1.42953e-08
1.58129e-08
1.71926e-08
1.83573e-08
1.92249e-08
1.97175e-08
1.97742e-08
1.93644e-08
1.85003e-08
1.72415e-08
1.56895e-08
1.39698e-08
1.22082e-08
1.05086e-08
8.94087e-09
7.54108e-09
6.31971e-09
5.27106e-09
4.38094e-09
3.63153e-09
3.00434e-09
2.48168e-09
2.0475e-09
1.68763e-09
1.38981e-09
1.1436e-09
9.40166e-10
7.72119e-10
6.33282e-10
5.18519e-10
4.23573e-10
3.44916e-10
2.7963e-10
2.25296e-10
1.79912e-10
1.41809e-10
1.09592e-10
8.20805e-11
5.82562e-11
3.72113e-11
1.80886e-11
-1.23576e-31
1.56192e-12
1.01525e-09
1.97779e-09
2.88939e-09
3.75089e-09
4.56352e-09
5.32883e-09
6.04861e-09
6.7248e-09
7.35946e-09
7.95467e-09
8.51255e-09
9.03519e-09
9.52464e-09
9.9829e-09
1.04119e-08
1.08135e-08
1.11893e-08
1.15412e-08
1.18706e-08
1.21791e-08
1.2468e-08
1.27387e-08
1.29923e-08
1.323e-08
1.34529e-08
1.3662e-08
1.38582e-08
1.40424e-08
1.42153e-08
1.43777e-08
1.45304e-08
1.60732e-08
1.74758e-08
1.86596e-08
1.95408e-08
2.004e-08
2.00946e-08
1.96733e-08
1.8788e-08
1.74998e-08
1.59122e-08
1.41543e-08
1.23552e-08
1.06217e-08
9.02524e-09
7.60256e-09
6.36369e-09
5.30209e-09
4.40261e-09
3.64656e-09
3.01469e-09
2.48879e-09
2.05237e-09
1.69095e-09
1.39208e-09
1.14514e-09
9.41217e-10
7.72834e-10
6.33768e-10
5.18849e-10
4.23797e-10
3.45069e-10
2.79733e-10
2.25367e-10
1.7996e-10
1.41841e-10
1.09613e-10
8.20946e-11
5.82651e-11
3.72165e-11
1.8091e-11
-1.12358e-31
1.52551e-12
9.92079e-10
1.93269e-09
2.82359e-09
3.66561e-09
4.45996e-09
5.20817e-09
5.91198e-09
6.57329e-09
7.1941e-09
7.77644e-09
8.32237e-09
8.83393e-09
9.31312e-09
9.76188e-09
1.01821e-08
1.05755e-08
1.09438e-08
1.12887e-08
1.16117e-08
1.19142e-08
1.21976e-08
1.24632e-08
1.27121e-08
1.29454e-08
1.31643e-08
1.33696e-08
1.35623e-08
1.37433e-08
1.39132e-08
1.40729e-08
1.42229e-08
1.57417e-08
1.71271e-08
1.83023e-08
1.91857e-08
1.96988e-08
1.97793e-08
1.93942e-08
1.85527e-08
1.73112e-08
1.57689e-08
1.40509e-08
1.22839e-08
1.05742e-08
8.99429e-09
7.58265e-09
6.35093e-09
5.29391e-09
4.39734e-09
3.64315e-09
3.01248e-09
2.48735e-09
2.05142e-09
1.69033e-09
1.39166e-09
1.14486e-09
9.41032e-10
7.72711e-10
6.33685e-10
5.18794e-10
4.2376e-10
3.45044e-10
2.79717e-10
2.25356e-10
1.79952e-10
1.41836e-10
1.0961e-10
8.20925e-11
5.82638e-11
3.72158e-11
1.80907e-11
-1.02144e-31
1.4384e-12
9.36297e-10
1.82409e-09
2.66508e-09
3.46007e-09
4.21023e-09
4.917e-09
5.58204e-09
6.20713e-09
6.79415e-09
7.34501e-09
7.86163e-09
8.34593e-09
8.79977e-09
9.22498e-09
9.6233e-09
9.9964e-09
1.03459e-08
1.06733e-08
1.098e-08
1.12674e-08
1.15368e-08
1.17893e-08
1.20261e-08
1.22482e-08
1.24566e-08
1.26522e-08
1.28359e-08
1.30084e-08
1.31705e-08
1.33228e-08
1.34661e-08
1.49196e-08
1.62537e-08
1.73967e-08
1.82716e-08
1.88037e-08
1.8932e-08
1.86219e-08
1.78771e-08
1.67454e-08
1.53156e-08
1.37028e-08
1.20264e-08
1.03895e-08
8.86472e-09
7.49308e-09
6.2896e-09
5.25215e-09
4.36901e-09
3.62397e-09
2.99951e-09
2.47858e-09
2.04549e-09
1.68632e-09
1.38895e-09
1.14303e-09
9.39792e-10
7.71871e-10
6.33116e-10
5.18408e-10
4.23499e-10
3.44867e-10
2.79597e-10
2.25275e-10
1.79898e-10
1.418e-10
1.09586e-10
8.20767e-11
5.82539e-11
3.72101e-11
1.80881e-11
-9.28464e-32
1.31403e-12
8.5652e-10
1.66876e-09
2.43834e-09
3.16602e-09
3.8529e-09
4.50031e-09
5.10978e-09
5.68291e-09
6.22142e-09
6.72704e-09
7.20152e-09
7.64658e-09
8.06392e-09
8.45517e-09
8.82193e-09
9.16569e-09
9.48791e-09
9.78996e-09
1.00731e-08
1.03387e-08
1.05877e-08
1.08213e-08
1.10405e-08
1.12462e-08
1.14393e-08
1.16208e-08
1.17912e-08
1.19514e-08
1.2102e-08
1.22436e-08
1.23768e-08
1.37339e-08
1.49907e-08
1.60827e-08
1.69399e-08
1.74931e-08
1.76838e-08
1.74757e-08
1.68656e-08
1.58896e-08
1.4622e-08
1.31634e-08
1.16223e-08
1.00958e-08
8.6562e-09
7.34742e-09
6.18895e-09
5.18312e-09
4.32188e-09
3.5919e-09
2.97773e-09
2.4638e-09
2.03548e-09
1.67953e-09
1.38435e-09
1.13992e-09
9.37682e-10
7.70441e-10
6.32146e-10
5.17751e-10
4.23053e-10
3.44565e-10
2.79392e-10
2.25136e-10
1.79804e-10
1.41737e-10
1.09544e-10
8.20495e-11
5.82368e-11
3.72001e-11
1.80836e-11
-8.43861e-32
1.16582e-12
7.61337e-10
1.48343e-09
2.16777e-09
2.81511e-09
3.42643e-09
4.00295e-09
4.54599e-09
5.05702e-09
5.53752e-09
5.98901e-09
6.41304e-09
6.81111e-09
7.1847e-09
7.53524e-09
7.86412e-09
8.17266e-09
8.46212e-09
8.73371e-09
8.98855e-09
9.22772e-09
9.45223e-09
9.66302e-09
9.86098e-09
1.00469e-08
1.02217e-08
1.03859e-08
1.05404e-08
1.06857e-08
1.08223e-08
1.0951e-08
1.10721e-08
1.23119e-08
1.34733e-08
1.45008e-08
1.53326e-08
1.59064e-08
1.61669e-08
1.60763e-08
1.56239e-08
1.48324e-08
1.3759e-08
1.24871e-08
1.11115e-08
9.72176e-09
8.38872e-09
7.1594e-09
6.05834e-09
5.09313e-09
4.26023e-09
3.54982e-09
2.94908e-09
2.44433e-09
2.02226e-09
1.67057e-09
1.37827e-09
1.13579e-09
9.34885e-10
7.68544e-10
6.3086e-10
5.16878e-10
4.22461e-10
3.44163e-10
2.7912e-10
2.24952e-10
1.7968e-10
1.41654e-10
1.09489e-10
8.20134e-11
5.8214e-11
3.71869e-11
1.80775e-11
-4.00235e-32
1.01553e-12
6.64643e-10
1.29514e-09
1.89287e-09
2.45851e-09
2.99298e-09
3.49734e-09
3.97275e-09
4.42048e-09
4.84181e-09
5.23806e-09
5.61055e-09
5.96057e-09
6.28938e-09
6.59821e-09
6.88826e-09
7.16064e-09
7.41645e-09
7.6567e-09
7.88237e-09
8.09438e-09
8.29359e-09
8.48082e-09
8.65683e-09
8.82234e-09
8.97801e-09
9.12447e-09
9.26232e-09
9.39209e-09
9.5143e-09
9.62943e-09
9.73792e-09
1.08544e-08
1.1914e-08
1.28695e-08
1.36681e-08
1.42544e-08
1.45775e-08
1.4599e-08
1.43013e-08
1.36948e-08
1.28199e-08
1.17423e-08
1.05422e-08
9.3e-09
8.084e-09
6.94329e-09
5.90712e-09
4.98831e-09
4.18806e-09
3.50036e-09
2.9153e-09
2.42132e-09
2.0066e-09
1.65992e-09
1.37104e-09
1.13089e-09
9.31554e-10
7.66283e-10
6.29325e-10
5.15837e-10
4.21755e-10
3.43684e-10
2.78795e-10
2.24732e-10
1.79532e-10
1.41554e-10
1.09423e-10
8.19701e-11
5.81867e-11
3.71711e-11
1.80703e-11
3.19251e-34
8.77261e-13
5.75418e-10
1.12138e-09
1.63912e-09
2.12929e-09
2.5927e-09
3.03027e-09
3.44304e-09
3.83207e-09
4.19847e-09
4.54337e-09
4.86788e-09
5.17311e-09
5.46013e-09
5.72998e-09
5.98367e-09
6.22215e-09
6.44635e-09
6.65713e-09
6.85533e-09
7.04171e-09
7.21702e-09
7.38195e-09
7.53715e-09
7.68323e-09
7.82076e-09
7.95028e-09
8.07228e-09
8.18724e-09
8.2956e-09
8.39777e-09
8.49413e-09
9.49115e-09
1.04491e-08
1.1329e-08
1.20858e-08
1.26716e-08
1.30401e-08
1.31536e-08
1.29901e-08
1.25499e-08
1.1859e-08
1.09667e-08
9.93879e-09
8.84551e-09
7.75068e-09
6.70385e-09
5.73778e-09
4.8699e-09
4.10595e-09
3.44377e-09
2.87647e-09
2.39475e-09
1.98847e-09
1.64757e-09
1.36264e-09
1.12517e-09
9.27668e-10
7.63642e-10
6.27532e-10
5.14619e-10
4.20927e-10
3.43123e-10
2.78415e-10
2.24475e-10
1.79358e-10
1.41437e-10
1.09345e-10
8.19193e-11
5.81547e-11
3.71525e-11
1.80619e-11
3.51014e-34
7.51463e-13
4.94001e-10
9.62798e-10
1.40751e-09
1.82872e-09
2.22715e-09
2.60362e-09
2.95899e-09
3.29419e-09
3.61016e-09
3.90785e-09
4.1882e-09
4.45214e-09
4.70058e-09
4.93439e-09
5.15442e-09
5.36147e-09
5.55631e-09
5.73968e-09
5.91228e-09
6.07475e-09
6.22772e-09
6.37178e-09
6.50747e-09
6.6353e-09
6.75577e-09
6.86932e-09
6.97638e-09
7.07736e-09
7.17261e-09
7.2625e-09
7.34734e-09
8.22986e-09
9.08801e-09
9.8899e-09
1.0598e-08
1.11713e-08
1.15687e-08
1.17544e-08
1.17037e-08
1.14095e-08
1.08855e-08
1.01669e-08
9.30521e-09
8.35988e-09
7.38878e-09
6.44024e-09
5.54912e-09
4.73668e-09
4.01282e-09
3.37915e-09
2.83189e-09
2.36413e-09
1.9675e-09
1.63324e-09
1.35286e-09
1.1185e-09
9.23131e-10
7.60555e-10
6.25432e-10
5.13191e-10
4.19958e-10
3.42464e-10
2.77968e-10
2.24172e-10
1.79153e-10
1.413e-10
1.09254e-10
8.18595e-11
5.8117e-11
3.71306e-11
1.80519e-11
3.85906e-34
6.38314e-13
4.20549e-10
8.19716e-10
1.19849e-09
1.55741e-09
1.8971e-09
2.21827e-09
2.52166e-09
2.80805e-09
3.07823e-09
3.33301e-09
3.57317e-09
3.79948e-09
4.0127e-09
4.21357e-09
4.40278e-09
4.58101e-09
4.74891e-09
4.90707e-09
5.05608e-09
5.1965e-09
5.32883e-09
5.45357e-09
5.57117e-09
5.68208e-09
5.78668e-09
5.88537e-09
5.9785e-09
6.06641e-09
6.1494e-09
6.22779e-09
6.30183e-09
7.07595e-09
7.83737e-09
8.56044e-09
9.21444e-09
9.76486e-09
1.01759e-08
1.04146e-08
1.04555e-08
1.02859e-08
9.91021e-09
9.35097e-09
8.64669e-09
7.84589e-09
6.99921e-09
6.15214e-09
5.34022e-09
4.58754e-09
3.90761e-09
3.3056e-09
2.78083e-09
2.32887e-09
1.94325e-09
1.61661e-09
1.34148e-09
1.11073e-09
9.17831e-10
7.56944e-10
6.22973e-10
5.11518e-10
4.18819e-10
3.4169e-10
2.77443e-10
2.23816e-10
1.78913e-10
1.41138e-10
1.09146e-10
8.17891e-11
5.80726e-11
3.71048e-11
1.80401e-11
2.3811e-34
6.20452e-13
4.08933e-10
7.97086e-10
1.16543e-09
1.51449e-09
1.84488e-09
2.15729e-09
2.45244e-09
2.73109e-09
2.994e-09
3.24196e-09
3.47573e-09
3.69605e-09
3.90367e-09
4.09929e-09
4.28358e-09
4.45721e-09
4.6208e-09
4.77493e-09
4.92017e-09
5.05705e-09
5.18607e-09
5.30771e-09
5.42241e-09
5.53059e-09
5.63264e-09
5.72893e-09
5.81981e-09
5.90561e-09
5.98663e-09
6.06316e-09
6.13546e-09
6.89195e-09
7.63742e-09
8.34721e-09
8.99167e-09
9.53733e-09
9.94935e-09
1.01952e-08
1.02494e-08
1.00988e-08
9.74613e-09
9.21224e-09
8.5335e-09
7.75658e-09
6.93082e-09
6.10109e-09
5.30291e-09
4.56072e-09
3.88858e-09
3.29224e-09
2.77151e-09
2.32241e-09
1.93879e-09
1.61355e-09
1.33939e-09
1.1093e-09
9.16852e-10
7.56276e-10
6.22518e-10
5.11208e-10
4.18608e-10
3.41547e-10
2.77345e-10
2.2375e-10
1.78868e-10
1.41108e-10
1.09126e-10
8.17761e-11
5.80644e-11
3.71e-11
1.80379e-11
2.22156e-34
5.37669e-13
3.55016e-10
6.92043e-10
1.01195e-09
1.31522e-09
1.6024e-09
1.87409e-09
2.13091e-09
2.37354e-09
2.60262e-09
2.81882e-09
3.02279e-09
3.21519e-09
3.39663e-09
3.56772e-09
3.72904e-09
3.88115e-09
4.02457e-09
4.15981e-09
4.28735e-09
4.40765e-09
4.52113e-09
4.6282e-09
4.72923e-09
4.82459e-09
4.91462e-09
4.99963e-09
5.07992e-09
5.15577e-09
5.22745e-09
5.29519e-09
5.35922e-09
6.03202e-09
6.701e-09
7.34598e-09
7.94221e-09
8.46123e-09
8.87255e-09
9.14652e-09
9.25821e-09
9.19175e-09
8.94427e-09
8.52803e-09
7.96989e-09
7.30761e-09
6.58388e-09
5.83995e-09
5.11061e-09
4.42159e-09
3.78932e-09
3.22219e-09
2.72251e-09
2.28836e-09
1.91525e-09
1.59734e-09
1.32825e-09
1.10167e-09
9.11638e-10
7.52716e-10
6.20089e-10
5.09553e-10
4.17482e-10
3.40781e-10
2.76825e-10
2.23397e-10
1.7863e-10
1.40948e-10
1.09019e-10
8.17061e-11
5.80202e-11
3.70743e-11
1.80262e-11
4.30255e-34
4.49163e-13
2.97214e-10
5.79417e-10
8.47368e-10
1.10149e-09
1.34225e-09
1.57017e-09
1.78576e-09
1.98959e-09
2.18219e-09
2.36411e-09
2.5359e-09
2.69808e-09
2.85117e-09
2.99565e-09
3.13202e-09
3.26071e-09
3.38217e-09
3.49682e-09
3.60503e-09
3.7072e-09
3.80366e-09
3.89475e-09
3.98079e-09
4.06207e-09
4.13886e-09
4.21144e-09
4.28004e-09
4.3449e-09
4.40623e-09
4.46424e-09
4.51913e-09
5.09841e-09
5.68038e-09
6.24941e-09
6.78598e-09
7.26706e-09
7.6672e-09
7.96054e-09
8.1237e-09
8.13927e-09
7.99937e-09
7.70821e-09
7.28264e-09
6.75037e-09
6.14581e-09
5.50492e-09
4.86033e-09
4.23824e-09
3.65711e-09
3.12806e-09
2.65616e-09
2.24195e-09
1.883e-09
1.57503e-09
1.31288e-09
1.09112e-09
9.04402e-10
7.47765e-10
6.16708e-10
5.07245e-10
4.15909e-10
3.3971e-10
2.76097e-10
2.22903e-10
1.78296e-10
1.40723e-10
1.08869e-10
8.1608e-11
5.79583e-11
3.70383e-11
1.80098e-11
5.12464e-34
3.72223e-13
2.46814e-10
4.81204e-10
7.03821e-10
9.15035e-10
1.11525e-09
1.30489e-09
1.48439e-09
1.65422e-09
1.81482e-09
1.96664e-09
2.11012e-09
2.24569e-09
2.37378e-09
2.49477e-09
2.60907e-09
2.71704e-09
2.81903e-09
2.91538e-09
3.00641e-09
3.09243e-09
3.17371e-09
3.25054e-09
3.32316e-09
3.39183e-09
3.45676e-09
3.51817e-09
3.57626e-09
3.63122e-09
3.68324e-09
3.73247e-09
3.77908e-09
4.27321e-09
4.77444e-09
5.27096e-09
5.74766e-09
6.1863e-09
6.56611e-09
6.86509e-09
7.06214e-09
7.13976e-09
7.08699e-09
6.90207e-09
6.59371e-09
6.18066e-09
5.6892e-09
5.14925e-09
4.59016e-09
4.03736e-09
3.51038e-09
3.02244e-09
2.58101e-09
2.189e-09
1.84595e-09
1.54927e-09
1.29506e-09
1.07883e-09
8.95952e-10
7.4197e-10
6.1274e-10
5.04534e-10
4.14058e-10
3.38448e-10
2.75238e-10
2.2232e-10
1.77901e-10
1.40457e-10
1.08692e-10
8.1492e-11
5.7885e-11
3.69957e-11
1.79904e-11
5.63112e-34
3.06073e-13
2.03356e-10
3.96506e-10
5.80007e-10
7.54176e-10
9.19352e-10
1.07589e-09
1.22417e-09
1.36454e-09
1.49738e-09
1.62305e-09
1.74192e-09
1.85433e-09
1.96062e-09
2.06111e-09
2.15612e-09
2.24595e-09
2.33087e-09
2.41117e-09
2.4871e-09
2.5589e-09
2.62682e-09
2.69106e-09
2.75183e-09
2.80933e-09
2.86375e-09
2.91526e-09
2.96402e-09
3.01019e-09
3.0539e-09
3.09531e-09
3.13454e-09
3.55214e-09
3.97956e-09
4.40807e-09
4.82626e-09
5.21995e-09
5.57258e-09
5.86593e-09
6.08162e-09
6.20305e-09
6.21784e-09
6.12017e-09
5.91251e-09
5.60601e-09
5.21936e-09
4.77618e-09
4.30168e-09
3.81938e-09
3.34889e-09
2.90475e-09
2.4964e-09
2.12884e-09
1.80356e-09
1.51961e-09
1.27442e-09
1.06454e-09
8.86095e-10
7.3519e-10
6.08087e-10
5.01347e-10
4.11879e-10
3.36961e-10
2.74225e-10
2.21631e-10
1.77434e-10
1.40143e-10
1.08482e-10
8.13545e-11
5.77982e-11
3.69452e-11
1.79673e-11
6.18643e-34
2.49805e-13
1.66285e-10
3.2425e-10
4.74363e-10
6.16894e-10
7.52129e-10
8.80361e-10
1.00189e-09
1.11702e-09
1.22605e-09
1.32927e-09
1.42698e-09
1.51945e-09
1.60695e-09
1.68975e-09
1.76809e-09
1.84221e-09
1.91236e-09
1.97873e-09
2.04154e-09
2.10098e-09
2.15725e-09
2.21051e-09
2.26094e-09
2.30869e-09
2.35391e-09
2.39674e-09
2.43731e-09
2.47575e-09
2.51218e-09
2.5467e-09
2.57942e-09
2.92913e-09
3.29005e-09
3.6559e-09
4.01823e-09
4.3663e-09
4.68717e-09
4.96618e-09
5.18778e-09
5.33702e-09
5.40133e-09
5.37254e-09
5.2486e-09
5.03461e-09
4.74259e-09
4.39001e-09
3.99736e-09
3.58542e-09
3.17284e-09
2.7747e-09
2.40179e-09
2.06088e-09
1.75526e-09
1.48558e-09
1.25061e-09
1.04796e-09
8.74613e-10
7.27265e-10
6.02634e-10
4.97603e-10
4.09314e-10
3.35208e-10
2.73028e-10
2.20817e-10
1.76882e-10
1.39771e-10
1.08234e-10
8.11916e-11
5.76952e-11
3.68852e-11
1.794e-11
6.79487e-34
2.02435e-13
1.34992e-10
2.63249e-10
3.85161e-10
5.00955e-10
6.10869e-10
7.15143e-10
8.14023e-10
9.07752e-10
9.96572e-10
1.08072e-09
1.16042e-09
1.23591e-09
1.3074e-09
1.37509e-09
1.43919e-09
1.49988e-09
1.55736e-09
1.61178e-09
1.66333e-09
1.71215e-09
1.75839e-09
1.80219e-09
1.84369e-09
1.88301e-09
1.92028e-09
1.9556e-09
1.98907e-09
2.02081e-09
2.0509e-09
2.07944e-09
2.1065e-09
2.39676e-09
2.69863e-09
3.00769e-09
3.31786e-09
3.6212e-09
3.90784e-09
4.16625e-09
4.38372e-09
4.54732e-09
4.64516e-09
4.66809e-09
4.61116e-09
4.47495e-09
4.26593e-09
3.99594e-09
3.68063e-09
3.33735e-09
2.98301e-09
2.63233e-09
2.29685e-09
1.98465e-09
1.70056e-09
1.44671e-09
1.22322e-09
1.02879e-09
8.61269e-10
7.18017e-10
5.96248e-10
4.93207e-10
4.06296e-10
3.3314e-10
2.71616e-10
2.19854e-10
1.76229e-10
1.3933e-10
1.07939e-10
8.09982e-11
5.75729e-11
3.6814e-11
1.79074e-11
7.46103e-34
1.62948e-13
1.0884e-10
2.12263e-10
3.10593e-10
4.04019e-10
4.92734e-10
5.76938e-10
6.56826e-10
7.32595e-10
8.04439e-10
8.72546e-10
9.371e-10
9.98278e-10
1.05625e-09
1.11119e-09
1.16325e-09
1.21257e-09
1.25931e-09
1.30361e-09
1.34558e-09
1.38536e-09
1.42307e-09
1.45882e-09
1.4927e-09
1.52483e-09
1.55529e-09
1.58418e-09
1.61158e-09
1.63757e-09
1.66223e-09
1.68562e-09
1.70782e-09
1.94667e-09
2.19682e-09
2.45526e-09
2.71773e-09
2.97848e-09
3.23021e-09
3.46407e-09
3.66996e-09
3.8371e-09
3.95491e-09
4.0142e-09
4.00851e-09
3.9353e-09
3.79678e-09
3.59992e-09
3.35574e-09
3.07789e-09
2.78082e-09
2.47818e-09
2.18157e-09
1.89983e-09
1.63901e-09
1.40257e-09
1.19187e-09
1.0067e-09
8.45804e-10
7.07249e-10
5.88784e-10
4.88052e-10
4.02747e-10
3.30704e-10
2.69948e-10
2.18716e-10
1.75455e-10
1.38807e-10
1.07589e-10
8.07687e-11
5.74275e-11
3.67293e-11
1.78688e-11
8.18969e-34
1.30338e-13
8.71905e-11
1.70052e-10
2.48849e-10
3.23738e-10
3.94878e-10
4.62428e-10
5.26547e-10
5.87392e-10
6.45115e-10
6.99868e-10
7.51795e-10
8.01038e-10
8.47731e-10
8.92005e-10
9.33984e-10
9.73787e-10
1.01153e-09
1.04731e-09
1.08125e-09
1.11343e-09
1.14395e-09
1.1729e-09
1.20036e-09
1.22641e-09
1.25113e-09
1.27458e-09
1.29683e-09
1.31795e-09
1.338e-09
1.35703e-09
1.37509e-09
1.57003e-09
1.77548e-09
1.98949e-09
2.20915e-09
2.43042e-09
2.64802e-09
2.85535e-09
3.04462e-09
3.20713e-09
3.33389e-09
3.41638e-09
3.44764e-09
3.42329e-09
3.34247e-09
3.2083e-09
3.02766e-09
2.81047e-09
2.56838e-09
2.31333e-09
2.05628e-09
1.80633e-09
1.57033e-09
1.35278e-09
1.15618e-09
9.8136e-10
8.27947e-10
6.94747e-10
5.80078e-10
4.82017e-10
3.98579e-10
3.27834e-10
2.67979e-10
2.1737e-10
1.74538e-10
1.38187e-10
1.07174e-10
8.04959e-11
5.72547e-11
3.66286e-11
1.78227e-11
8.98582e-34
1.03641e-13
6.9428e-11
1.35416e-10
1.9818e-10
2.57847e-10
3.14545e-10
3.68404e-10
4.19548e-10
4.68103e-10
5.14191e-10
5.5793e-10
5.99434e-10
6.38815e-10
6.76177e-10
7.11624e-10
7.45253e-10
7.77157e-10
8.07426e-10
8.36144e-10
8.63392e-10
8.89246e-10
9.1378e-10
9.37062e-10
9.59158e-10
9.80131e-10
1.00004e-09
1.01894e-09
1.03688e-09
1.05391e-09
1.07009e-09
1.08545e-09
1.10004e-09
1.25791e-09
1.42524e-09
1.60082e-09
1.78273e-09
1.96824e-09
2.15361e-09
2.33406e-09
2.50374e-09
2.65588e-09
2.78311e-09
2.87802e-09
2.93384e-09
2.94539e-09
2.90987e-09
2.8275e-09
2.7018e-09
2.53924e-09
2.34851e-09
2.13943e-09
1.9218e-09
1.70439e-09
1.49439e-09
1.29707e-09
1.11583e-09
9.52451e-10
8.07423e-10
6.80287e-10
5.69954e-10
4.74967e-10
3.93691e-10
3.2446e-10
2.65658e-10
2.15779e-10
1.73454e-10
1.37452e-10
1.06682e-10
8.01718e-11
5.70493e-11
3.65087e-11
1.77679e-11
9.85449e-34
8.1965e-14
5.49758e-11
1.07233e-10
1.56946e-10
2.04217e-10
2.4915e-10
2.91847e-10
3.32408e-10
3.70932e-10
4.07515e-10
4.42249e-10
4.75225e-10
5.06529e-10
5.36245e-10
5.64451e-10
5.91225e-10
6.16639e-10
6.40762e-10
6.63661e-10
6.85399e-10
7.06035e-10
7.25627e-10
7.44229e-10
7.61891e-10
7.78663e-10
7.9459e-10
8.09716e-10
8.24083e-10
8.3773e-10
8.50694e-10
8.6301e-10
8.74711e-10
1.00163e-09
1.13683e-09
1.27962e-09
1.42881e-09
1.58257e-09
1.73838e-09
1.89285e-09
2.04171e-09
2.17985e-09
2.30147e-09
2.40038e-09
2.47054e-09
2.50665e-09
2.5049e-09
2.46361e-09
2.3837e-09
2.26873e-09
2.12458e-09
1.95874e-09
1.77942e-09
1.59461e-09
1.41136e-09
1.23532e-09
1.07057e-09
9.19696e-10
7.83966e-10
6.63637e-10
5.58225e-10
4.66755e-10
3.87974e-10
3.20497e-10
2.62924e-10
2.13901e-10
1.7217e-10
1.36581e-10
1.06097e-10
7.97866e-11
5.68048e-11
3.6366e-11
1.77027e-11
1.08007e-33
6.4497e-14
4.3308e-11
8.44783e-11
1.2365e-10
1.60906e-10
1.96328e-10
2.29998e-10
2.61995e-10
2.92396e-10
3.21277e-10
3.48711e-10
3.74767e-10
3.99513e-10
4.23014e-10
4.45331e-10
4.66525e-10
4.86652e-10
5.05765e-10
5.23917e-10
5.41156e-10
5.57528e-10
5.73079e-10
5.8785e-10
6.01881e-10
6.1521e-10
6.27873e-10
6.39904e-10
6.51335e-10
6.62197e-10
6.7252e-10
6.82329e-10
6.91653e-10
7.92993e-10
9.01434e-10
1.01662e-09
1.13785e-09
1.26397e-09
1.39332e-09
1.52358e-09
1.65171e-09
1.77399e-09
1.88598e-09
1.98276e-09
2.0592e-09
2.1104e-09
2.13223e-09
2.12196e-09
2.07869e-09
2.00371e-09
1.90042e-09
1.77405e-09
1.63098e-09
1.47802e-09
1.32168e-09
1.16762e-09
1.02029e-09
8.82881e-10
7.57336e-10
6.44574e-10
5.44698e-10
4.57228e-10
3.81306e-10
3.15856e-10
2.5971e-10
2.11687e-10
1.70653e-10
1.35549e-10
1.05403e-10
7.93289e-11
5.6514e-11
3.61961e-11
1.76249e-11
1.18294e-33
5.05179e-14
3.39551e-11
6.62367e-11
9.69553e-11
1.26177e-10
1.53968e-10
1.8039e-10
2.05508e-10
2.29381e-10
2.52069e-10
2.73627e-10
2.9411e-10
3.13572e-10
3.32062e-10
3.49627e-10
3.66316e-10
3.8217e-10
3.97232e-10
4.11542e-10
4.25138e-10
4.38056e-10
4.5033e-10
4.61994e-10
4.73076e-10
4.83609e-10
4.93618e-10
5.03131e-10
5.12173e-10
5.20768e-10
5.28938e-10
5.36704e-10
5.44088e-10
6.24496e-10
7.10879e-10
8.03098e-10
9.00779e-10
1.00324e-09
1.10942e-09
1.21777e-09
1.32624e-09
1.43215e-09
1.53224e-09
1.62274e-09
1.69949e-09
1.75825e-09
1.79509e-09
1.80682e-09
1.7915e-09
1.74876e-09
1.68005e-09
1.58853e-09
1.47874e-09
1.35607e-09
1.22616e-09
1.0943e-09
9.65032e-10
8.4189e-10
7.27349e-10
6.22896e-10
5.29186e-10
4.46224e-10
3.73558e-10
3.10437e-10
2.55941e-10
2.0908e-10
1.68862e-10
1.34328e-10
1.0458e-10
7.87854e-11
5.61683e-11
3.59939e-11
1.75324e-11
1.29451e-33
3.94019e-14
2.65067e-11
5.17088e-11
7.56935e-11
9.85135e-11
1.2022e-10
1.40864e-10
1.60493e-10
1.79154e-10
1.96895e-10
2.13758e-10
2.29786e-10
2.4502e-10
2.59498e-10
2.73257e-10
2.86334e-10
2.98761e-10
3.10572e-10
3.21798e-10
3.32467e-10
3.42607e-10
3.52245e-10
3.61406e-10
3.70115e-10
3.78393e-10
3.86263e-10
3.93745e-10
4.00858e-10
4.07622e-10
4.14052e-10
4.20168e-10
4.25983e-10
4.89413e-10
5.57794e-10
6.31115e-10
7.09213e-10
7.91716e-10
8.77981e-10
9.67031e-10
1.05749e-09
1.14752e-09
1.23479e-09
1.31651e-09
1.38945e-09
1.45015e-09
1.49512e-09
1.52121e-09
1.52598e-09
1.50805e-09
1.46743e-09
1.40558e-09
1.32534e-09
1.23062e-09
1.12596e-09
1.016e-09
9.05048e-10
7.96742e-10
6.93894e-10
5.98441e-10
5.11518e-10
4.33588e-10
3.64598e-10
3.04132e-10
2.51534e-10
2.06021e-10
1.66752e-10
1.32886e-10
1.03606e-10
7.81405e-11
5.57574e-11
3.57533e-11
1.74221e-11
1.41514e-33
3.06134e-14
2.06102e-11
4.02072e-11
5.88596e-11
7.66088e-11
9.3495e-11
1.09558e-10
1.24835e-10
1.39362e-10
1.53177e-10
1.66312e-10
1.788e-10
1.90673e-10
2.0196e-10
2.12691e-10
2.22892e-10
2.3259e-10
2.4181e-10
2.50575e-10
2.58908e-10
2.66831e-10
2.74363e-10
2.81525e-10
2.88335e-10
2.9481e-10
3.00968e-10
3.06823e-10
3.12392e-10
3.17688e-10
3.22725e-10
3.27515e-10
3.32072e-10
3.81844e-10
4.35663e-10
4.93591e-10
5.55592e-10
6.21492e-10
6.9093e-10
7.63316e-10
8.37767e-10
9.13061e-10
9.87589e-10
1.05934e-09
1.12591e-09
1.18459e-09
1.23249e-09
1.26677e-09
1.2849e-09
1.28501e-09
1.26617e-09
1.22857e-09
1.17363e-09
1.10387e-09
1.02262e-09
9.33669e-10
8.4084e-10
7.47632e-10
6.56978e-10
5.71112e-10
4.91555e-10
4.19174e-10
3.54295e-10
2.96832e-10
2.46403e-10
2.0244e-10
1.64273e-10
1.31185e-10
1.02454e-10
7.73762e-11
5.52697e-11
3.54674e-11
1.7291e-11
1.54512e-33
2.37015e-14
1.59674e-11
3.11506e-11
4.56034e-11
5.9358e-11
7.2446e-11
8.48978e-11
9.67431e-11
1.0801e-10
1.18726e-10
1.28918e-10
1.3861e-10
1.47827e-10
1.56592e-10
1.64927e-10
1.72853e-10
1.8039e-10
1.87557e-10
1.94372e-10
2.00854e-10
2.07017e-10
2.12879e-10
2.18454e-10
2.23756e-10
2.28799e-10
2.33595e-10
2.38157e-10
2.42497e-10
2.46625e-10
2.50551e-10
2.54287e-10
2.57841e-10
2.96708e-10
3.38844e-10
3.84347e-10
4.33254e-10
4.85509e-10
5.40937e-10
5.99203e-10
6.59767e-10
7.21845e-10
7.84362e-10
8.45922e-10
9.04797e-10
9.58946e-10
1.00609e-09
1.04383e-09
1.06985e-09
1.08215e-09
1.07928e-09
1.06061e-09
1.02647e-09
9.78182e-10
9.17927e-10
8.48538e-10
7.73166e-10
6.94952e-10
6.16743e-10
5.40902e-10
4.69211e-10
4.02865e-10
3.42529e-10
2.88428e-10
2.40455e-10
1.98267e-10
1.6137e-10
1.29185e-10
1.01095e-10
7.64721e-11
5.46914e-11
3.51278e-11
1.71351e-11
1.68453e-33
1.8291e-14
1.23295e-11
2.40541e-11
3.52154e-11
4.58388e-11
5.59487e-11
6.55687e-11
7.47217e-11
8.34295e-11
9.17134e-11
9.95934e-11
1.07089e-10
1.14219e-10
1.21e-10
1.2745e-10
1.33586e-10
1.39421e-10
1.44972e-10
1.50251e-10
1.55273e-10
1.60049e-10
1.64593e-10
1.68915e-10
1.73027e-10
1.76938e-10
1.80659e-10
1.84199e-10
1.87567e-10
1.90771e-10
1.93819e-10
1.9672e-10
1.9948e-10
2.29698e-10
2.6253e-10
2.98087e-10
3.36441e-10
3.77606e-10
4.21518e-10
4.68008e-10
5.16767e-10
5.67314e-10
6.18955e-10
6.70755e-10
7.21511e-10
7.69745e-10
8.13734e-10
8.51568e-10
8.81268e-10
9.00944e-10
9.08999e-10
9.04334e-10
8.86535e-10
8.55985e-10
8.13877e-10
7.621e-10
7.03041e-10
6.39315e-10
5.73502e-10
5.0792e-10
4.44473e-10
3.84585e-10
3.29198e-10
2.78818e-10
2.336e-10
1.93424e-10
1.57982e-10
1.26841e-10
9.94956e-11
7.54048e-11
5.40071e-11
3.47252e-11
1.69501e-11
1.83328e-33
1.40739e-14
9.49151e-12
1.85177e-11
2.71109e-11
3.52906e-11
4.30759e-11
5.0485e-11
5.75354e-11
6.42441e-11
7.06272e-11
7.67003e-11
8.24782e-11
8.79751e-11
9.32047e-11
9.81797e-11
1.02913e-10
1.07415e-10
1.11699e-10
1.15774e-10
1.19651e-10
1.2334e-10
1.26849e-10
1.30188e-10
1.33365e-10
1.36388e-10
1.39263e-10
1.42e-10
1.44604e-10
1.47082e-10
1.49439e-10
1.51683e-10
1.53818e-10
1.77217e-10
2.02689e-10
2.30343e-10
2.60263e-10
2.925e-10
3.27055e-10
3.63861e-10
4.02757e-10
4.43464e-10
4.85556e-10
5.28429e-10
5.71272e-10
6.13054e-10
6.52521e-10
6.8822e-10
7.18557e-10
7.419e-10
7.56713e-10
7.61721e-10
7.56085e-10
7.39544e-10
7.12498e-10
6.76008e-10
6.3169e-10
5.81549e-10
5.27751e-10
4.72414e-10
4.17424e-10
3.64319e-10
3.14237e-10
2.6792e-10
2.25754e-10
1.87839e-10
1.54048e-10
1.24104e-10
9.762e-11
7.41485e-11
5.31992e-11
3.42489e-11
1.67309e-11
1.99091e-33
1.07994e-14
7.28624e-12
1.42155e-11
2.08127e-11
2.70931e-11
3.30712e-11
3.8761e-11
4.41762e-11
4.93296e-11
5.42336e-11
5.89001e-11
6.33406e-11
6.75659e-11
7.15862e-11
7.54117e-11
7.90516e-11
8.25149e-11
8.58104e-11
8.89461e-11
9.19298e-11
9.47689e-11
9.74704e-11
1.00041e-10
1.02487e-10
1.04815e-10
1.07031e-10
1.09139e-10
1.11145e-10
1.13055e-10
1.14872e-10
1.16601e-10
1.18247e-10
1.363e-10
1.55984e-10
1.77398e-10
2.00628e-10
2.2574e-10
2.52767e-10
2.81703e-10
3.12479e-10
3.44948e-10
3.78861e-10
4.13845e-10
4.49373e-10
4.84751e-10
5.19099e-10
5.51355e-10
5.80298e-10
6.04605e-10
6.22928e-10
6.34018e-10
6.36859e-10
6.3081e-10
6.15714e-10
5.91964e-10
5.60489e-10
5.22664e-10
4.80165e-10
4.34785e-10
3.88262e-10
3.42129e-10
2.9763e-10
2.55676e-10
2.16848e-10
1.8144e-10
1.49508e-10
1.20924e-10
9.54293e-11
7.26749e-11
5.22483e-11
3.36868e-11
1.64718e-11
2.15658e-33
8.26554e-15
5.57867e-12
1.08842e-11
1.59357e-11
2.0745e-11
2.53231e-11
2.9681e-11
3.38289e-11
3.77767e-11
4.15341e-11
4.51099e-11
4.8513e-11
5.17516e-11
5.48337e-11
5.77667e-11
6.05578e-11
6.3214e-11
6.57418e-11
6.81474e-11
7.04366e-11
7.26153e-11
7.46887e-11
7.66619e-11
7.85399e-11
8.03272e-11
8.20283e-11
8.36474e-11
8.51883e-11
8.6655e-11
8.80511e-11
8.93799e-11
9.06447e-11
1.04525e-10
1.19682e-10
1.362e-10
1.54158e-10
1.73624e-10
1.94649e-10
2.17256e-10
2.41432e-10
2.6711e-10
2.94159e-10
3.22357e-10
3.51379e-10
3.80772e-10
4.09942e-10
4.38141e-10
4.64473e-10
4.87918e-10
5.07373e-10
5.2173e-10
5.29973e-10
5.31292e-10
5.25193e-10
5.11593e-10
4.90861e-10
4.638e-10
4.31576e-10
3.95585e-10
3.5731e-10
3.18174e-10
2.79426e-10
2.4207e-10
2.06832e-10
1.74171e-10
1.44304e-10
1.17252e-10
9.28837e-11
7.09537e-11
5.11332e-11
3.30257e-11
1.61664e-11
2.32889e-33
6.31081e-15
4.26066e-12
8.31279e-12
1.21711e-11
1.58446e-11
1.93418e-11
2.2671e-11
2.58401e-11
2.88567e-11
3.1728e-11
3.44609e-11
3.70621e-11
3.95379e-11
4.18943e-11
4.4137e-11
4.62715e-11
4.8303e-11
5.02366e-11
5.20769e-11
5.38284e-11
5.54955e-11
5.70823e-11
5.85926e-11
6.00301e-11
6.13984e-11
6.27008e-11
6.39405e-11
6.51205e-11
6.62438e-11
6.73131e-11
6.8331e-11
6.92999e-11
7.99395e-11
9.15708e-11
1.04265e-10
1.18093e-10
1.33117e-10
1.49392e-10
1.66957e-10
1.85825e-10
2.05981e-10
2.27362e-10
2.4985e-10
2.73252e-10
2.97286e-10
3.21565e-10
3.45579e-10
3.68699e-10
3.9017e-10
4.09138e-10
4.24689e-10
4.35911e-10
4.41976e-10
4.42237e-10
4.36315e-10
4.24173e-10
4.06147e-10
3.82929e-10
3.555e-10
3.25021e-10
2.92716e-10
2.5975e-10
2.2714e-10
1.95693e-10
1.65991e-10
1.38388e-10
1.13042e-10
8.99436e-11
6.89539e-11
4.98315e-11
3.22512e-11
1.58079e-11
2.50578e-33
4.80698e-15
3.2462e-12
6.33359e-12
9.27342e-12
1.20725e-11
1.47375e-11
1.72746e-11
1.969e-11
2.19892e-11
2.4178e-11
2.62614e-11
2.82446e-11
3.01324e-11
3.19293e-11
3.36398e-11
3.52678e-11
3.68176e-11
3.82927e-11
3.96968e-11
4.10333e-11
4.23055e-11
4.35166e-11
4.46693e-11
4.57667e-11
4.68113e-11
4.78056e-11
4.87522e-11
4.96534e-11
5.05112e-11
5.13278e-11
5.21053e-11
5.28454e-11
6.09765e-11
6.98743e-11
7.95979e-11
9.0206e-11
1.01755e-10
1.14297e-10
1.27873e-10
1.42514e-10
1.58229e-10
1.74998e-10
1.92766e-10
2.11426e-10
2.30812e-10
2.50681e-10
2.707e-10
2.9044e-10
3.09366e-10
3.26847e-10
3.42169e-10
3.54574e-10
3.63313e-10
3.6771e-10
3.67246e-10
3.61629e-10
3.50853e-10
3.35217e-10
3.15312e-10
2.91961e-10
2.66127e-10
2.38818e-10
2.10988e-10
1.8346e-10
1.56887e-10
1.31728e-10
1.08254e-10
8.65722e-11
6.66448e-11
4.83201e-11
3.13483e-11
1.53888e-11
2.68432e-33
3.6529e-15
2.46737e-12
4.81408e-12
7.04869e-12
9.17644e-12
1.12023e-11
1.31311e-11
1.49674e-11
1.67157e-11
1.838e-11
1.99644e-11
2.14726e-11
2.29085e-11
2.42753e-11
2.55765e-11
2.68151e-11
2.79942e-11
2.91166e-11
3.01851e-11
3.12023e-11
3.21706e-11
3.30924e-11
3.397e-11
3.48054e-11
3.56007e-11
3.63578e-11
3.70786e-11
3.77648e-11
3.84182e-11
3.90402e-11
3.96323e-11
4.01961e-11
4.63923e-11
5.31784e-11
6.06022e-11
6.87121e-11
7.75561e-11
8.71802e-11
9.76257e-11
1.08926e-10
1.21104e-10
1.34164e-10
1.48087e-10
1.62821e-10
1.78275e-10
1.94302e-10
2.10696e-10
2.27173e-10
2.43369e-10
2.58834e-10
2.73039e-10
2.8539e-10
2.95257e-10
3.02023e-10
3.05138e-10
3.04183e-10
2.98934e-10
2.89401e-10
2.75849e-10
2.58777e-10
2.38872e-10
2.16934e-10
1.93789e-10
1.70216e-10
1.46884e-10
1.24313e-10
1.02864e-10
8.27393e-11
6.39986e-11
4.65769e-11
3.03019e-11
1.49016e-11
2.86057e-33
2.76919e-15
1.87081e-12
3.65016e-12
5.34455e-12
6.95796e-12
8.49421e-12
9.95691e-12
1.13496e-11
1.26755e-11
1.39378e-11
1.51396e-11
1.62838e-11
1.73731e-11
1.84101e-11
1.93974e-11
2.03372e-11
2.1232e-11
2.20839e-11
2.28948e-11
2.36669e-11
2.44019e-11
2.51017e-11
2.57679e-11
2.64022e-11
2.70061e-11
2.7581e-11
2.81284e-11
2.86495e-11
2.91457e-11
2.96181e-11
3.00679e-11
3.04962e-11
3.52044e-11
4.03645e-11
4.60145e-11
5.21936e-11
5.89415e-11
6.62974e-11
7.42985e-11
8.29782e-11
9.23629e-11
1.02469e-10
1.13298e-10
1.24832e-10
1.37024e-10
1.49794e-10
1.63016e-10
1.76513e-10
1.90046e-10
2.03305e-10
2.15914e-10
2.27428e-10
2.37353e-10
2.45166e-10
2.5036e-10
2.52485e-10
2.51203e-10
2.46339e-10
2.37914e-10
2.26157e-10
2.11488e-10
1.94481e-10
1.75794e-10
1.56105e-10
1.36048e-10
1.16163e-10
9.68626e-11
7.84251e-11
6.09925e-11
4.4582e-11
2.90977e-11
1.4339e-11
3.02944e-33
2.09388e-15
1.4148e-12
2.76044e-12
4.04187e-12
5.26209e-12
6.42399e-12
7.53032e-12
8.5837e-12
9.58666e-12
1.05416e-11
1.14508e-11
1.23164e-11
1.31406e-11
1.39252e-11
1.46723e-11
1.53835e-11
1.60607e-11
1.67054e-11
1.73192e-11
1.79036e-11
1.846e-11
1.89898e-11
1.94941e-11
1.99743e-11
2.04316e-11
2.08669e-11
2.12814e-11
2.1676e-11
2.20518e-11
2.24095e-11
2.27502e-11
2.30746e-11
2.66416e-11
3.05533e-11
3.48395e-11
3.95316e-11
4.46615e-11
5.02619e-11
5.63646e-11
6.29998e-11
7.0194e-11
7.79681e-11
8.6334e-11
9.52914e-11
1.04822e-10
1.14886e-10
1.25412e-10
1.36294e-10
1.47378e-10
1.58464e-10
1.69289e-10
1.79538e-10
1.88839e-10
1.96779e-10
2.02927e-10
2.06863e-10
2.08217e-10
2.06719e-10
2.02229e-10
1.94773e-10
1.84547e-10
1.71905e-10
1.57319e-10
1.41333e-10
1.245e-10
1.07335e-10
9.02681e-11
7.36252e-11
5.76128e-11
4.23201e-11
2.77236e-11
1.36942e-11
3.18456e-33
1.57877e-15
1.06688e-12
2.08162e-12
3.04796e-12
3.96816e-12
4.8444e-12
5.67876e-12
6.47323e-12
7.2297e-12
7.94998e-12
8.63579e-12
9.28877e-12
9.9105e-12
1.05025e-11
1.10661e-11
1.16027e-11
1.21137e-11
1.26001e-11
1.30633e-11
1.35044e-11
1.39243e-11
1.43241e-11
1.47048e-11
1.50672e-11
1.54124e-11
1.5741e-11
1.60539e-11
1.63518e-11
1.66355e-11
1.69056e-11
1.71628e-11
1.74077e-11
2.01016e-11
2.30573e-11
2.6298e-11
2.98483e-11
3.37337e-11
3.79806e-11
4.26155e-11
4.76643e-11
5.31512e-11
5.90975e-11
6.55192e-11
7.24252e-11
7.98133e-11
8.76669e-11
9.59499e-11
1.04601e-10
1.1353e-10
1.22605e-10
1.31656e-10
1.40464e-10
1.48761e-10
1.56239e-10
1.62553e-10
1.67344e-10
1.70266e-10
1.71017e-10
1.69375e-10
1.65231e-10
1.58611e-10
1.4968e-10
1.38733e-10
1.26161e-10
1.12409e-10
9.79265e-11
8.3128e-11
6.83555e-11
5.38583e-11
3.97828e-11
2.61709e-11
1.29622e-11
3.31822e-33
1.18651e-15
8.01892e-13
1.5646e-12
2.29094e-12
2.98261e-12
3.64126e-12
4.26845e-12
4.86567e-12
5.43434e-12
5.97583e-12
6.49143e-12
6.98236e-12
7.44982e-12
7.89492e-12
8.31872e-12
8.72225e-12
9.10648e-12
9.47233e-12
9.82068e-12
1.01524e-11
1.04682e-11
1.07689e-11
1.10553e-11
1.13279e-11
1.15875e-11
1.18347e-11
1.20701e-11
1.22943e-11
1.25077e-11
1.27109e-11
1.29044e-11
1.30887e-11
1.51161e-11
1.73413e-11
1.97825e-11
2.24585e-11
2.53896e-11
2.85966e-11
3.21011e-11
3.59244e-11
4.00876e-11
4.46102e-11
4.95088e-11
5.4796e-11
6.04779e-11
6.65513e-11
7.30007e-11
7.97946e-11
8.68799e-11
9.41782e-11
1.0158e-10
1.08939e-10
1.16071e-10
1.22753e-10
1.28726e-10
1.33702e-10
1.37385e-10
1.39487e-10
1.39759e-10
1.38021e-10
1.34185e-10
1.28275e-10
1.20431e-10
1.10896e-10
9.99913e-11
8.80791e-11
7.55242e-11
6.26568e-11
4.97442e-11
3.69723e-11
2.44365e-11
1.21401e-11
3.4215e-33
8.88283e-16
6.00391e-13
1.17145e-12
1.71528e-12
2.23317e-12
2.72634e-12
3.19596e-12
3.64316e-12
4.069e-12
4.47449e-12
4.8606e-12
5.22826e-12
5.57835e-12
5.9117e-12
6.22912e-12
6.53137e-12
6.81917e-12
7.09321e-12
7.35415e-12
7.60262e-12
7.83922e-12
8.06451e-12
8.27903e-12
8.4833e-12
8.67781e-12
8.86303e-12
9.0394e-12
9.20735e-12
9.36728e-12
9.51956e-12
9.66458e-12
9.80267e-12
1.13222e-11
1.29906e-11
1.48216e-11
1.683e-11
1.90312e-11
2.14417e-11
2.40785e-11
2.6959e-11
3.01006e-11
3.35201e-11
3.72332e-11
4.12528e-11
4.55885e-11
5.02443e-11
5.52164e-11
6.04905e-11
6.60388e-11
7.18155e-11
7.77534e-11
8.37592e-11
8.97099e-11
9.54503e-11
1.00793e-10
1.0552e-10
1.09394e-10
1.12166e-10
1.13599e-10
1.13487e-10
1.11683e-10
1.08114e-10
1.02803e-10
9.58652e-11
8.75008e-11
7.79721e-11
6.75735e-11
5.65978e-11
4.53059e-11
3.39035e-11
2.25251e-11
1.12285e-11
3.48452e-33
6.61881e-16
4.47399e-13
8.72942e-13
1.2782e-12
1.66413e-12
2.03165e-12
2.38163e-12
2.7149e-12
3.03226e-12
3.33446e-12
3.62224e-12
3.89626e-12
4.1572e-12
4.40567e-12
4.64227e-12
4.86757e-12
5.0821e-12
5.28639e-12
5.48092e-12
5.66615e-12
5.84254e-12
6.0105e-12
6.17044e-12
6.32275e-12
6.46777e-12
6.60588e-12
6.73739e-12
6.86262e-12
6.98187e-12
7.09543e-12
7.20357e-12
7.30655e-12
8.43983e-12
9.68452e-12
1.1051e-11
1.25505e-11
1.4195e-11
1.5997e-11
1.797e-11
2.01275e-11
2.24838e-11
2.50528e-11
2.78479e-11
3.08814e-11
3.41635e-11
3.77012e-11
4.14968e-11
4.55461e-11
4.98361e-11
5.43422e-11
5.90248e-11
6.38263e-11
6.86675e-11
7.34444e-11
7.80262e-11
8.22554e-11
8.59502e-11
8.89112e-11
9.09323e-11
9.18163e-11
9.13934e-11
8.9541e-11
8.62012e-11
8.13918e-11
7.52083e-11
6.78147e-11
5.94245e-11
5.02752e-11
4.06008e-11
3.06067e-11
2.04503e-11
1.02322e-11
3.4969e-33
4.90245e-16
3.31401e-13
6.46615e-13
9.46805e-13
1.23268e-12
1.50492e-12
1.76418e-12
2.01106e-12
2.24616e-12
2.47004e-12
2.68323e-12
2.88624e-12
3.07956e-12
3.26365e-12
3.43895e-12
3.60588e-12
3.76483e-12
3.9162e-12
4.06034e-12
4.1976e-12
4.3283e-12
4.45277e-12
4.57129e-12
4.68415e-12
4.79163e-12
4.89398e-12
4.99144e-12
5.08425e-12
5.17264e-12
5.2568e-12
5.33695e-12
5.41327e-12
6.25333e-12
7.17618e-12
8.18966e-12
9.30218e-12
1.05228e-11
1.18612e-11
1.33275e-11
1.49325e-11
1.66873e-11
1.8603e-11
2.06908e-11
2.29614e-11
2.54242e-11
2.80871e-11
3.0955e-11
3.40291e-11
3.73048e-11
4.07701e-11
4.44033e-11
4.81701e-11
5.20213e-11
5.58895e-11
5.96865e-11
6.33022e-11
6.66043e-11
6.94406e-11
7.16444e-11
7.30442e-11
7.3476e-11
7.27992e-11
7.09124e-11
6.77681e-11
6.33811e-11
5.78299e-11
5.12485e-11
4.38105e-11
3.5708e-11
2.71287e-11
1.82367e-11
9.1613e-12
3.44848e-33
3.60284e-16
2.43561e-13
4.75226e-13
6.95851e-13
9.05959e-13
1.10605e-12
1.29659e-12
1.47805e-12
1.65085e-12
1.8154e-12
1.9721e-12
2.12132e-12
2.26342e-12
2.39874e-12
2.5276e-12
2.65031e-12
2.76716e-12
2.87844e-12
2.9844e-12
3.08531e-12
3.1814e-12
3.2729e-12
3.36004e-12
3.44302e-12
3.52204e-12
3.59729e-12
3.66895e-12
3.73719e-12
3.80217e-12
3.86406e-12
3.92299e-12
3.97911e-12
4.59687e-12
5.27564e-12
6.02125e-12
6.83997e-12
7.73859e-12
8.72436e-12
9.80502e-12
1.09887e-11
1.22841e-11
1.36998e-11
1.52448e-11
1.69279e-11
1.87572e-11
2.07402e-11
2.28826e-11
2.51878e-11
2.76558e-11
3.0282e-11
3.30551e-11
3.59562e-11
3.89554e-11
4.20105e-11
4.50642e-11
4.80417e-11
5.08505e-11
5.33791e-11
5.55002e-11
5.70748e-11
5.796e-11
5.80197e-11
5.71375e-11
5.523e-11
5.22584e-11
4.82356e-11
4.32267e-11
3.73422e-11
3.07246e-11
2.35318e-11
1.59195e-11
8.03109e-12
3.33018e-33
2.61957e-16
1.77096e-13
3.45544e-13
5.05965e-13
6.58739e-13
8.0423e-13
9.42783e-13
1.07473e-12
1.20038e-12
1.32004e-12
1.43399e-12
1.5425e-12
1.64584e-12
1.74424e-12
1.83795e-12
1.92719e-12
2.01217e-12
2.0931e-12
2.17016e-12
2.24355e-12
2.31344e-12
2.37999e-12
2.44337e-12
2.50372e-12
2.56119e-12
2.61593e-12
2.66805e-12
2.71769e-12
2.76495e-12
2.80997e-12
2.85284e-12
2.89366e-12
3.34305e-12
3.83691e-12
4.3795e-12
4.97545e-12
5.62976e-12
6.3478e-12
7.13533e-12
7.99848e-12
8.94371e-12
9.97773e-12
1.11074e-11
1.23398e-11
1.36815e-11
1.51389e-11
1.67175e-11
1.84213e-11
2.02525e-11
2.22101e-11
2.42895e-11
2.64804e-11
2.87658e-11
3.112e-11
3.35067e-11
3.5877e-11
3.81679e-11
4.03013e-11
4.21839e-11
4.37093e-11
4.47618e-11
4.52229e-11
4.49803e-11
4.39385e-11
4.20297e-11
3.92237e-11
3.55329e-11
3.10133e-11
2.57584e-11
1.98895e-11
1.35429e-11
6.86184e-12
3.13478e-33
1.87541e-16
1.26792e-13
2.47392e-13
3.62246e-13
4.71626e-13
5.75792e-13
6.74992e-13
7.69462e-13
8.59427e-13
9.45101e-13
1.02669e-12
1.10439e-12
1.17838e-12
1.24884e-12
1.31594e-12
1.37984e-12
1.44069e-12
1.49864e-12
1.55382e-12
1.60637e-12
1.65642e-12
1.70408e-12
1.74946e-12
1.79268e-12
1.83384e-12
1.87304e-12
1.91036e-12
1.94591e-12
1.97976e-12
2.012e-12
2.0427e-12
2.07194e-12
2.39381e-12
2.74756e-12
3.13629e-12
3.56333e-12
4.03231e-12
4.54712e-12
5.11198e-12
5.73138e-12
6.41007e-12
7.15306e-12
7.96554e-12
8.8528e-12
9.82014e-12
1.08726e-11
1.2015e-11
1.3251e-11
1.45836e-11
1.60136e-11
1.75395e-11
1.91566e-11
2.08555e-11
2.26212e-11
2.44313e-11
2.62547e-11
2.80501e-11
2.97644e-11
3.1332e-11
3.26754e-11
3.37063e-11
3.43293e-11
3.44471e-11
3.39685e-11
3.28167e-11
3.09389e-11
2.83136e-11
2.49555e-11
2.09162e-11
1.62796e-11
1.1156e-11
5.67692e-12
2.85738e-33
1.31058e-16
8.86075e-14
1.72888e-13
2.53153e-13
3.29593e-13
4.0239e-13
4.71717e-13
5.37739e-13
6.00613e-13
6.60488e-13
7.17509e-13
7.7181e-13
8.23522e-13
8.72768e-13
9.19665e-13
9.64325e-13
1.00686e-12
1.04736e-12
1.08593e-12
1.12266e-12
1.15764e-12
1.19095e-12
1.22267e-12
1.25288e-12
1.28165e-12
1.30905e-12
1.33514e-12
1.35999e-12
1.38365e-12
1.40619e-12
1.42765e-12
1.44808e-12
1.67309e-12
1.92041e-12
2.19221e-12
2.49085e-12
2.81888e-12
3.17907e-12
3.57439e-12
4.00804e-12
4.48342e-12
5.00415e-12
5.57399e-12
6.19682e-12
6.87658e-12
7.61717e-12
8.42227e-12
9.29518e-12
1.02385e-11
1.12539e-11
1.23413e-11
1.3499e-11
1.4722e-11
1.6002e-11
1.73257e-11
1.86738e-11
2.00202e-11
2.13299e-11
2.25589e-11
2.36532e-11
2.45489e-11
2.51743e-11
2.54522e-11
2.53052e-11
2.46612e-11
2.34617e-11
2.16685e-11
1.92707e-11
1.62881e-11
1.27725e-11
8.80584e-12
4.49953e-12
2.49481e-33
8.77937e-17
5.93577e-14
1.15817e-13
1.69586e-13
2.20794e-13
2.69561e-13
3.16003e-13
3.60232e-13
4.02352e-13
4.42464e-13
4.80664e-13
5.17042e-13
5.51686e-13
5.84677e-13
6.16096e-13
6.46016e-13
6.7451e-13
7.01645e-13
7.27486e-13
7.52094e-13
7.7553e-13
7.97848e-13
8.19102e-13
8.39343e-13
8.58618e-13
8.76975e-13
8.94456e-13
9.11105e-13
9.26959e-13
9.42058e-13
9.56437e-13
9.70131e-13
1.12089e-12
1.28663e-12
1.46878e-12
1.66895e-12
1.88884e-12
2.13034e-12
2.39546e-12
2.68637e-12
3.00539e-12
3.35499e-12
3.73778e-12
4.15645e-12
4.61376e-12
5.11251e-12
5.65537e-12
6.24486e-12
6.88309e-12
7.57164e-12
8.31119e-12
9.10119e-12
9.93941e-12
1.08213e-11
1.17393e-11
1.26822e-11
1.36338e-11
1.45724e-11
1.54697e-11
1.62902e-11
1.69906e-11
1.75206e-11
1.78242e-11
1.7842e-11
1.75155e-11
1.6792e-11
1.5631e-11
1.40099e-11
1.19295e-11
9.41681e-12
6.52764e-12
3.34786e-12
2.04337e-33
5.38756e-17
3.64261e-14
7.10735e-14
1.0407e-13
1.35495e-13
1.65422e-13
1.93923e-13
2.21065e-13
2.46914e-13
2.7153e-13
2.94973e-13
3.17298e-13
3.38559e-13
3.58806e-13
3.78088e-13
3.9645e-13
4.13937e-13
4.3059e-13
4.46449e-13
4.61552e-13
4.75935e-13
4.89632e-13
5.02677e-13
5.15099e-13
5.26929e-13
5.38196e-13
5.48925e-13
5.59143e-13
5.68873e-13
5.7814e-13
5.86966e-13
5.9537e-13
6.87905e-13
7.89633e-13
9.0145e-13
1.02433e-12
1.15934e-12
1.30764e-12
1.47046e-12
1.64917e-12
1.8452e-12
2.06008e-12
2.29546e-12
2.55302e-12
2.83454e-12
3.14178e-12
3.4765e-12
3.84037e-12
4.23487e-12
4.66118e-12
5.12e-12
5.61136e-12
6.13432e-12
6.68664e-12
7.26433e-12
7.86119e-12
8.46816e-12
9.07271e-12
9.65821e-12
1.02033e-11
1.06815e-11
1.10613e-11
1.13063e-11
1.13768e-11
1.1232e-11
1.0833e-11
1.01468e-11
9.15116e-12
7.83877e-12
6.22115e-12
4.33166e-12
2.22842e-12
1.49366e-33
2.58347e-17
1.74674e-14
3.40818e-14
4.99047e-14
6.49738e-14
7.93248e-14
9.29919e-14
1.06008e-13
1.18403e-13
1.30207e-13
1.41449e-13
1.52155e-13
1.6235e-13
1.72059e-13
1.81306e-13
1.90112e-13
1.98497e-13
2.06483e-13
2.14089e-13
2.21331e-13
2.28229e-13
2.34798e-13
2.41053e-13
2.4701e-13
2.52684e-13
2.58087e-13
2.63232e-13
2.68132e-13
2.72799e-13
2.77243e-13
2.81475e-13
2.85506e-13
3.29884e-13
3.78672e-13
4.32302e-13
4.91242e-13
5.56004e-13
6.27144e-13
7.05263e-13
7.91012e-13
8.85088e-13
9.88237e-13
1.10125e-12
1.22495e-12
1.36021e-12
1.5079e-12
1.66889e-12
1.84402e-12
2.03405e-12
2.23962e-12
2.46116e-12
2.69878e-12
2.95218e-12
3.22044e-12
3.50187e-12
3.79371e-12
4.0919e-12
4.3907e-12
4.6824e-12
4.95694e-12
5.20171e-12
5.40138e-12
5.53804e-12
5.5917e-12
5.54119e-12
5.36569e-12
5.04673e-12
4.5706e-12
3.93096e-12
3.13126e-12
2.1869e-12
1.12743e-12
8.20933e-34
7.63946e-42
1.00582e-40
3.30815e-40
6.64681e-40
1.068e-39
1.51349e-39
1.97955e-39
2.44935e-39
2.90994e-39
3.35161e-39
3.76725e-39
4.15189e-39
4.5023e-39
4.8166e-39
5.09403e-39
5.33467e-39
5.53924e-39
5.709e-39
5.84553e-39
5.95068e-39
6.02649e-39
6.07507e-39
6.09857e-39
6.09917e-39
6.07898e-39
6.04007e-39
5.98441e-39
5.91389e-39
5.8303e-39
5.73531e-39
5.63047e-39
3.72896e-38
8.83789e-38
1.28043e-37
1.83519e-37
2.60639e-37
3.67294e-37
5.14124e-37
7.1546e-37
9.90558e-37
1.36524e-36
1.87409e-36
2.5633e-36
3.49446e-36
4.74949e-36
6.43713e-36
8.7012e-36
1.17314e-35
1.57771e-35
2.11642e-35
2.83167e-35
3.77826e-35
5.02645e-35
6.66536e-35
8.80675e-35
1.15884e-34
1.51769e-34
1.97678e-34
2.55824e-34
3.28572e-34
4.18226e-34
5.26658e-34
6.54719e-34
8.01368e-34
9.62471e-34
1.12927e-33
1.28653e-33
1.41061e-33
1.46761e-33
1.41214e-33
1.18747e-33
7.28537e-34
2.8517e-34
