-9.61367e-40
-1.26575e-38
-4.16305e-38
-8.36449e-38
-1.344e-37
-1.9046e-37
-2.49111e-37
-3.08231e-37
-3.66192e-37
-4.21772e-37
-4.74076e-37
-5.2248e-37
-5.66575e-37
-6.06127e-37
-6.41038e-37
-6.71319e-37
-6.97063e-37
-7.18424e-37
-7.35604e-37
-7.48836e-37
-7.58375e-37
-7.64487e-37
-7.67445e-37
-7.67519e-37
-7.64977e-37
-7.6008e-37
-7.53075e-37
-7.44201e-37
-7.33681e-37
-7.21727e-37
-7.08534e-37
-4.69247e-36
-1.11214e-35
-1.61125e-35
-2.3093e-35
-3.27969e-35
-4.62165e-35
-6.46904e-35
-9.00208e-35
-1.24629e-34
-1.71762e-34
-2.35766e-34
-3.22446e-34
-4.39538e-34
-5.97329e-34
-8.09464e-34
-1.09398e-33
-1.47466e-33
-1.98271e-33
-2.6589e-33
-3.55617e-33
-4.74285e-33
-6.30631e-33
-8.35716e-33
-1.10336e-32
-1.45052e-32
-1.89761e-32
-2.46843e-32
-3.18966e-32
-4.08941e-32
-5.19453e-32
-6.52584e-32
-8.0909e-32
-9.87343e-32
-1.18191e-31
-1.38179e-31
-1.56832e-31
-1.71301e-31
-1.77559e-31
-1.70264e-31
-1.42769e-31
-8.7423e-32
-1.6504e-32
2.84836e-17
1.92583e-14
3.75761e-14
5.50214e-14
7.16354e-14
8.74578e-14
1.02526e-13
1.16876e-13
1.30542e-13
1.43557e-13
1.55951e-13
1.67754e-13
1.78995e-13
1.897e-13
1.99894e-13
2.09602e-13
2.18848e-13
2.27652e-13
2.36037e-13
2.44022e-13
2.51627e-13
2.58869e-13
2.65765e-13
2.72333e-13
2.78588e-13
2.84545e-13
2.90217e-13
2.9562e-13
3.00765e-13
3.05664e-13
3.1033e-13
3.14774e-13
3.637e-13
4.17487e-13
4.7661e-13
5.41586e-13
6.12978e-13
6.91398e-13
7.77507e-13
8.72021e-13
9.75705e-13
1.08938e-12
1.21391e-12
1.3502e-12
1.4992e-12
1.66185e-12
1.83911e-12
2.03188e-12
2.24097e-12
2.46705e-12
2.71055e-12
2.97154e-12
3.24961e-12
3.54367e-12
3.85174e-12
4.17067e-12
4.49581e-12
4.82071e-12
5.13669e-12
5.43254e-12
5.69429e-12
5.90505e-12
6.0453e-12
6.09342e-12
6.02687e-12
5.82382e-12
5.46544e-12
4.93841e-12
4.23757e-12
3.36826e-12
2.34812e-12
1.20898e-12
-9.34671e-32
5.95522e-17
4.02639e-14
7.85618e-14
1.15035e-13
1.49771e-13
1.82851e-13
2.14354e-13
2.44356e-13
2.72928e-13
3.00137e-13
3.2605e-13
3.50727e-13
3.74227e-13
3.96607e-13
4.1792e-13
4.38216e-13
4.57545e-13
4.75952e-13
4.93482e-13
5.10176e-13
5.26074e-13
5.41214e-13
5.55632e-13
5.69362e-13
5.82439e-13
5.94891e-13
6.0675e-13
6.18044e-13
6.288e-13
6.39043e-13
6.48797e-13
6.58087e-13
7.60365e-13
8.72803e-13
9.96388e-13
1.1322e-12
1.28141e-12
1.44529e-12
1.62523e-12
1.82269e-12
2.03927e-12
2.27667e-12
2.53667e-12
2.82113e-12
3.13197e-12
3.47114e-12
3.84053e-12
4.24194e-12
4.67693e-12
5.14672e-12
5.65199e-12
6.19262e-12
6.7674e-12
7.37364e-12
8.00669e-12
8.65937e-12
9.32135e-12
9.97842e-12
1.06119e-11
1.11978e-11
1.17069e-11
1.21043e-11
1.23506e-11
1.24031e-11
1.22185e-11
1.17566e-11
1.09843e-11
9.88107e-12
8.44261e-12
6.68466e-12
4.64517e-12
2.38637e-12
-1.69969e-31
9.74298e-17
6.58724e-14
1.28528e-13
1.88199e-13
2.45026e-13
2.99145e-13
3.50684e-13
3.99767e-13
4.46509e-13
4.91023e-13
5.33415e-13
5.73785e-13
6.1223e-13
6.48842e-13
6.83708e-13
7.16911e-13
7.48531e-13
7.78643e-13
8.07319e-13
8.34628e-13
8.60634e-13
8.85401e-13
9.08986e-13
9.31447e-13
9.52837e-13
9.73207e-13
9.92607e-13
1.01108e-12
1.02867e-12
1.04543e-12
1.06139e-12
1.07658e-12
1.24388e-12
1.42778e-12
1.6299e-12
1.852e-12
2.09597e-12
2.3639e-12
2.65801e-12
2.9807e-12
3.33454e-12
3.72224e-12
4.14666e-12
4.61077e-12
5.11759e-12
5.67013e-12
6.27132e-12
6.92381e-12
7.62985e-12
8.39097e-12
9.20773e-12
1.00792e-11
1.10026e-11
1.19725e-11
1.29799e-11
1.40118e-11
1.50497e-11
1.60687e-11
1.7037e-11
1.79147e-11
1.86539e-11
1.91993e-11
1.94902e-11
1.94632e-11
1.90572e-11
1.82192e-11
1.69101e-11
1.51117e-11
1.28308e-11
1.01017e-11
6.98701e-12
3.57798e-12
-2.32331e-31
1.46213e-16
9.88523e-14
1.92877e-13
2.82422e-13
3.677e-13
4.48914e-13
5.26255e-13
5.9991e-13
6.70052e-13
7.3685e-13
8.00462e-13
8.6104e-13
9.18729e-13
9.73667e-13
1.02598e-12
1.07581e-12
1.12325e-12
1.16844e-12
1.21146e-12
1.25244e-12
1.29146e-12
1.32862e-12
1.36401e-12
1.39771e-12
1.4298e-12
1.46037e-12
1.48947e-12
1.51719e-12
1.54359e-12
1.56873e-12
1.59267e-12
1.61547e-12
1.86646e-12
2.14234e-12
2.44552e-12
2.77861e-12
3.14446e-12
3.54614e-12
3.98696e-12
4.47046e-12
5.00041e-12
5.5808e-12
6.21577e-12
6.9096e-12
7.66658e-12
8.49095e-12
9.38664e-12
1.03571e-11
1.14051e-11
1.25319e-11
1.37374e-11
1.50187e-11
1.63699e-11
1.77807e-11
1.92355e-11
2.07119e-11
2.21793e-11
2.35981e-11
2.49182e-11
2.60789e-11
2.70096e-11
2.7632e-11
2.78631e-11
2.76215e-11
2.68341e-11
2.54443e-11
2.34195e-11
2.07571e-11
1.74873e-11
1.36724e-11
9.40337e-12
4.79677e-12
-2.83352e-31
2.10604e-16
1.42382e-13
2.77812e-13
4.06788e-13
5.29617e-13
6.46591e-13
7.57987e-13
8.64072e-13
9.65097e-13
1.0613e-12
1.15292e-12
1.24017e-12
1.32326e-12
1.40238e-12
1.47773e-12
1.54948e-12
1.61781e-12
1.68288e-12
1.74484e-12
1.80385e-12
1.86005e-12
1.91356e-12
1.96452e-12
2.01306e-12
2.05927e-12
2.10328e-12
2.1452e-12
2.18511e-12
2.22312e-12
2.25932e-12
2.29379e-12
2.32662e-12
2.68801e-12
3.0852e-12
3.52163e-12
4.00103e-12
4.52746e-12
5.10529e-12
5.73921e-12
6.43421e-12
7.19558e-12
8.02888e-12
8.93982e-12
9.93423e-12
1.10179e-11
1.21962e-11
1.34742e-11
1.48559e-11
1.63437e-11
1.79383e-11
1.96372e-11
2.14338e-11
2.33167e-11
2.52674e-11
2.72594e-11
2.92561e-11
3.12094e-11
3.30581e-11
3.47281e-11
3.61323e-11
3.71734e-11
3.77481e-11
3.77538e-11
3.70973e-11
3.57044e-11
3.35295e-11
3.05626e-11
2.6833e-11
2.24073e-11
1.73832e-11
1.18805e-11
6.03456e-12
-3.24107e-31
2.96497e-16
2.00444e-13
3.91099e-13
5.72668e-13
7.45582e-13
9.10252e-13
1.06707e-12
1.21641e-12
1.35862e-12
1.49405e-12
1.62302e-12
1.74583e-12
1.86279e-12
1.97416e-12
2.08022e-12
2.18121e-12
2.27739e-12
2.36898e-12
2.4562e-12
2.53925e-12
2.61834e-12
2.69366e-12
2.76539e-12
2.83369e-12
2.89873e-12
2.96067e-12
3.01966e-12
3.07583e-12
3.12933e-12
3.18027e-12
3.22878e-12
3.27498e-12
3.78352e-12
4.34236e-12
4.95629e-12
5.63052e-12
6.3707e-12
7.18285e-12
8.07344e-12
9.04933e-12
1.01177e-11
1.12861e-11
1.2562e-11
1.39531e-11
1.54667e-11
1.71095e-11
1.88872e-11
2.08036e-11
2.28603e-11
2.50551e-11
2.73812e-11
2.98253e-11
3.23662e-11
3.49725e-11
3.76005e-11
4.01923e-11
4.26744e-11
4.49568e-11
4.69336e-11
4.84863e-11
4.94885e-11
4.98144e-11
4.93491e-11
4.80003e-11
4.571e-11
4.24636e-11
3.82932e-11
3.32761e-11
2.75256e-11
2.11782e-11
1.4379e-11
7.27127e-12
-3.55039e-31
4.11575e-16
2.78229e-13
5.42869e-13
7.94896e-13
1.03491e-12
1.26347e-12
1.48114e-12
1.68842e-12
1.8858e-12
2.07377e-12
2.25277e-12
2.42322e-12
2.58554e-12
2.74011e-12
2.8873e-12
3.02746e-12
3.16093e-12
3.28803e-12
3.40906e-12
3.52432e-12
3.63407e-12
3.73858e-12
3.83811e-12
3.93289e-12
4.02314e-12
4.10909e-12
4.19093e-12
4.26887e-12
4.34309e-12
4.41377e-12
4.48108e-12
4.54518e-12
5.25069e-12
6.02583e-12
6.8772e-12
7.81194e-12
8.83773e-12
9.96278e-12
1.11958e-11
1.25461e-11
1.4023e-11
1.56365e-11
1.73964e-11
1.93121e-11
2.13926e-11
2.36454e-11
2.6076e-11
2.86872e-11
3.14773e-11
3.44388e-11
3.75568e-11
4.08064e-11
4.41503e-11
4.75365e-11
5.08957e-11
5.41392e-11
5.71582e-11
5.98249e-11
6.19954e-11
6.35165e-11
6.42354e-11
6.40123e-11
6.27354e-11
6.03343e-11
5.67912e-11
5.21458e-11
4.64923e-11
3.99689e-11
3.27407e-11
2.49802e-11
1.6848e-11
8.48217e-12
-3.76542e-31
5.66057e-16
3.82639e-13
7.46587e-13
1.09319e-12
1.42326e-12
1.73759e-12
2.03691e-12
2.32196e-12
2.59339e-12
2.85187e-12
3.09801e-12
3.33239e-12
3.55558e-12
3.76811e-12
3.97049e-12
4.1632e-12
4.34671e-12
4.52145e-12
4.68785e-12
4.84631e-12
4.99719e-12
5.14087e-12
5.27769e-12
5.40798e-12
5.53205e-12
5.65019e-12
5.7627e-12
5.86983e-12
5.97185e-12
6.069e-12
6.16152e-12
6.24962e-12
7.21923e-12
8.2843e-12
9.45379e-12
1.07374e-11
1.21453e-11
1.36887e-11
1.53791e-11
1.72286e-11
1.92496e-11
2.14546e-11
2.38559e-11
2.64648e-11
2.92913e-11
3.2343e-11
3.56239e-11
3.91329e-11
4.28621e-11
4.6794e-11
5.08994e-11
5.51342e-11
5.9436e-11
6.37214e-11
6.78837e-11
7.17913e-11
7.52895e-11
7.82041e-11
8.03496e-11
8.1541e-11
8.16095e-11
8.04202e-11
7.78896e-11
7.39981e-11
6.87968e-11
6.24037e-11
5.49909e-11
4.67637e-11
3.79359e-11
2.87059e-11
1.92361e-11
9.64307e-12
-3.89219e-31
7.73648e-16
5.22927e-13
1.02031e-12
1.49398e-12
1.94505e-12
2.3746e-12
2.78365e-12
3.17317e-12
3.54408e-12
3.89728e-12
4.2336e-12
4.55385e-12
4.85881e-12
5.14918e-12
5.42569e-12
5.68898e-12
5.93968e-12
6.17841e-12
6.40573e-12
6.62219e-12
6.8283e-12
7.02457e-12
7.21146e-12
7.38943e-12
7.55889e-12
7.72026e-12
7.87392e-12
8.02024e-12
8.15958e-12
8.29226e-12
8.41861e-12
8.53893e-12
9.86293e-12
1.13169e-11
1.29128e-11
1.46637e-11
1.65833e-11
1.8686e-11
2.09871e-11
2.35022e-11
2.62471e-11
2.92371e-11
3.24869e-11
3.60094e-11
3.98144e-11
4.39078e-11
4.82891e-11
5.29494e-11
5.78688e-11
6.30124e-11
6.83277e-11
7.37396e-11
7.91476e-11
8.44226e-11
8.94054e-11
9.39084e-11
9.77204e-11
1.00617e-10
1.02373e-10
1.02785e-10
1.01692e-10
9.89941e-11
9.46713e-11
8.87901e-11
8.14995e-11
7.3015e-11
6.35934e-11
5.35036e-11
4.2996e-11
3.22785e-11
2.14981e-11
1.07337e-11
-3.93936e-31
1.05283e-15
7.1157e-13
1.38837e-12
2.0329e-12
2.64668e-12
3.23116e-12
3.78772e-12
4.3177e-12
4.82235e-12
5.30288e-12
5.76044e-12
6.19612e-12
6.61097e-12
7.00598e-12
7.38211e-12
7.74024e-12
8.08126e-12
8.40596e-12
8.71514e-12
9.00953e-12
9.28985e-12
9.55676e-12
9.81092e-12
1.00529e-11
1.02834e-11
1.05028e-11
1.07117e-11
1.09107e-11
1.11001e-11
1.12805e-11
1.14523e-11
1.16159e-11
1.34157e-11
1.53915e-11
1.75593e-11
1.99363e-11
2.25406e-11
2.5391e-11
2.85072e-11
3.19088e-11
3.56153e-11
3.96451e-11
4.40146e-11
4.87366e-11
5.3819e-11
5.92622e-11
6.50563e-11
7.11777e-11
7.75853e-11
8.42155e-11
9.09782e-11
9.77516e-11
1.04379e-10
1.10667e-10
1.16389e-10
1.21286e-10
1.25087e-10
1.27519e-10
1.28336e-10
1.27342e-10
1.24422e-10
1.19554e-10
1.12825e-10
1.04424e-10
9.46185e-11
8.37317e-11
7.20999e-11
6.00401e-11
4.78198e-11
3.56351e-11
2.35993e-11
1.17392e-11
-2.1533e-31
1.07857e-15
7.28966e-13
1.42232e-12
2.0826e-12
2.71138e-12
3.31014e-12
3.88031e-12
4.42324e-12
4.94022e-12
5.43249e-12
5.90123e-12
6.34755e-12
6.77253e-12
7.17719e-12
7.5625e-12
7.92938e-12
8.27872e-12
8.61135e-12
8.92807e-12
9.22965e-12
9.5168e-12
9.79023e-12
1.00506e-11
1.02985e-11
1.05346e-11
1.07593e-11
1.09734e-11
1.11772e-11
1.13712e-11
1.1556e-11
1.1732e-11
1.18996e-11
1.37432e-11
1.5767e-11
1.79875e-11
2.04221e-11
2.30894e-11
2.60086e-11
2.91996e-11
3.26825e-11
3.6477e-11
4.06019e-11
4.50734e-11
4.99046e-11
5.51028e-11
6.06677e-11
6.65886e-11
7.28402e-11
7.93792e-11
8.61393e-11
9.30263e-11
9.99141e-11
1.06641e-10
1.13007e-10
1.18779e-10
1.23694e-10
1.27474e-10
1.29844e-10
1.30557e-10
1.2942e-10
1.26323e-10
1.21253e-10
1.14306e-10
1.05683e-10
9.56626e-11
8.45744e-11
7.27614e-11
6.05434e-11
4.81879e-11
3.58893e-11
2.37575e-11
1.18146e-11
-3.16867e-32
1.4281e-15
9.65104e-13
1.88305e-12
2.7572e-12
3.58963e-12
4.3823e-12
5.1371e-12
5.85581e-12
6.54016e-12
7.19177e-12
7.81221e-12
8.40296e-12
8.96544e-12
9.501e-12
1.00109e-11
1.04965e-11
1.09587e-11
1.13989e-11
1.1818e-11
1.2217e-11
1.2597e-11
1.29587e-11
1.33032e-11
1.36312e-11
1.39435e-11
1.42408e-11
1.4524e-11
1.47936e-11
1.50503e-11
1.52947e-11
1.55274e-11
1.57491e-11
1.81871e-11
2.08624e-11
2.37963e-11
2.70111e-11
3.05305e-11
3.43787e-11
3.85803e-11
4.31597e-11
4.814e-11
5.35418e-11
5.93818e-11
6.56703e-11
7.24087e-11
7.95859e-11
8.71743e-11
9.51244e-11
1.0336e-10
1.11772e-10
1.20212e-10
1.2849e-10
1.36371e-10
1.43576e-10
1.49795e-10
1.54693e-10
1.57939e-10
1.59236e-10
1.58347e-10
1.55133e-10
1.49575e-10
1.41784e-10
1.31998e-10
1.20552e-10
1.07848e-10
9.43063e-11
8.0326e-11
6.62471e-11
5.23278e-11
3.87305e-11
2.55172e-11
1.26507e-11
-3.37329e-32
1.93344e-15
1.30644e-12
2.54902e-12
3.73231e-12
4.85909e-12
5.93202e-12
6.95364e-12
7.92639e-12
8.85259e-12
9.73444e-12
1.05741e-11
1.13735e-11
1.21346e-11
1.28592e-11
1.35492e-11
1.4206e-11
1.48314e-11
1.54269e-11
1.59938e-11
1.65336e-11
1.70475e-11
1.75367e-11
1.80026e-11
1.84462e-11
1.88685e-11
1.92706e-11
1.96534e-11
2.0018e-11
2.03651e-11
2.06955e-11
2.10102e-11
2.13098e-11
2.4605e-11
2.82192e-11
3.21801e-11
3.6517e-11
4.12599e-11
4.64396e-11
5.20862e-11
5.82288e-11
6.48934e-11
7.2101e-11
7.98652e-11
8.81886e-11
9.70587e-11
1.06442e-10
1.16281e-10
1.26481e-10
1.36911e-10
1.47391e-10
1.57688e-10
1.67516e-10
1.76535e-10
1.84363e-10
1.90595e-10
1.94826e-10
1.96694e-10
1.95912e-10
1.92315e-10
1.85884e-10
1.76763e-10
1.65248e-10
1.5176e-10
1.36796e-10
1.20881e-10
1.04511e-10
8.81162e-11
7.20272e-11
5.64653e-11
4.15375e-11
2.72404e-11
1.34648e-11
-3.4058e-32
2.61485e-15
1.76659e-12
3.44681e-12
5.04682e-12
6.57037e-12
8.02106e-12
9.40231e-12
1.07174e-11
1.19695e-11
1.31616e-11
1.42966e-11
1.53771e-11
1.64058e-11
1.73851e-11
1.83175e-11
1.92051e-11
2.00502e-11
2.08547e-11
2.16206e-11
2.23498e-11
2.3044e-11
2.37049e-11
2.43342e-11
2.49332e-11
2.55036e-11
2.60466e-11
2.65636e-11
2.70559e-11
2.75245e-11
2.79707e-11
2.83956e-11
2.88001e-11
3.32476e-11
3.81225e-11
4.34611e-11
4.93006e-11
5.56791e-11
6.26343e-11
7.02023e-11
7.84157e-11
8.73012e-11
9.68762e-11
1.07145e-10
1.18093e-10
1.29681e-10
1.41838e-10
1.54451e-10
1.67359e-10
1.80342e-10
1.93117e-10
2.05332e-10
2.16572e-10
2.2637e-10
2.34229e-10
2.39655e-10
2.42205e-10
2.41532e-10
2.37439e-10
2.29908e-10
2.19122e-10
2.05453e-10
1.89422e-10
1.71649e-10
1.52783e-10
1.33441e-10
1.14158e-10
9.53532e-11
7.73153e-11
6.02015e-11
4.40455e-11
2.87676e-11
1.41825e-11
-1.97952e-32
2.7628e-15
1.86649e-12
3.64172e-12
5.3322e-12
6.94189e-12
8.47458e-12
9.9339e-12
1.13233e-11
1.26462e-11
1.39056e-11
1.51046e-11
1.62461e-11
1.73329e-11
1.83675e-11
1.93525e-11
2.02902e-11
2.11829e-11
2.20327e-11
2.28418e-11
2.36121e-11
2.43454e-11
2.50436e-11
2.57083e-11
2.63411e-11
2.69435e-11
2.75171e-11
2.80632e-11
2.85831e-11
2.90781e-11
2.95494e-11
2.99982e-11
3.04254e-11
3.51226e-11
4.02706e-11
4.59072e-11
5.20716e-11
5.88033e-11
6.61414e-11
7.41228e-11
8.27808e-11
9.21416e-11
1.02221e-10
1.13022e-10
1.24523e-10
1.36681e-10
1.49412e-10
1.62594e-10
1.76046e-10
1.89531e-10
2.02741e-10
2.15298e-10
2.26761e-10
2.36637e-10
2.44407e-10
2.49566e-10
2.51668e-10
2.50379e-10
2.45525e-10
2.37128e-10
2.25416e-10
2.10808e-10
1.93872e-10
1.75261e-10
1.55649e-10
1.35666e-10
1.15849e-10
9.66093e-11
7.82254e-11
6.08399e-11
4.44716e-11
2.90259e-11
1.43035e-11
-8.75594e-33
3.5322e-15
2.3859e-12
4.65511e-12
6.81594e-12
8.87343e-12
1.08324e-11
1.26976e-11
1.44733e-11
1.61639e-11
1.77733e-11
1.93054e-11
2.07639e-11
2.21524e-11
2.34742e-11
2.47325e-11
2.59303e-11
2.70706e-11
2.81561e-11
2.91894e-11
3.01731e-11
3.11096e-11
3.2001e-11
3.28497e-11
3.36577e-11
3.44268e-11
3.51591e-11
3.58562e-11
3.65199e-11
3.71517e-11
3.77533e-11
3.8326e-11
3.88713e-11
4.48642e-11
5.14283e-11
5.86098e-11
6.6456e-11
7.50137e-11
8.4328e-11
9.44396e-11
1.05382e-10
1.17179e-10
1.29835e-10
1.43335e-10
1.57632e-10
1.72639e-10
1.88221e-10
2.0418e-10
2.20248e-10
2.36077e-10
2.51237e-10
2.65218e-10
2.77446e-10
2.8731e-10
2.94207e-10
2.97591e-10
2.97042e-10
2.9232e-10
2.83412e-10
2.70549e-10
2.54197e-10
2.35006e-10
2.13743e-10
1.91212e-10
1.68177e-10
1.453e-10
1.23106e-10
1.01961e-10
8.20778e-11
6.35277e-11
4.62574e-11
3.01049e-11
1.48081e-11
-1.25732e-32
4.77043e-15
3.22152e-12
6.28544e-12
9.20292e-12
1.19808e-11
1.46255e-11
1.71433e-11
1.95403e-11
2.18221e-11
2.39942e-11
2.60618e-11
2.80299e-11
2.99034e-11
3.16866e-11
3.33841e-11
3.49998e-11
3.65377e-11
3.80016e-11
3.9395e-11
4.07214e-11
4.1984e-11
4.31858e-11
4.43298e-11
4.54188e-11
4.64555e-11
4.74423e-11
4.83817e-11
4.9276e-11
5.01273e-11
5.09378e-11
5.17093e-11
5.24438e-11
6.05132e-11
6.93435e-11
7.89933e-11
8.9521e-11
1.00983e-10
1.13429e-10
1.26904e-10
1.41434e-10
1.57031e-10
1.73674e-10
1.91309e-10
2.09831e-10
2.29074e-10
2.48797e-10
2.68672e-10
2.88271e-10
3.07067e-10
3.24432e-10
3.3966e-10
3.52e-10
3.60708e-10
3.65116e-10
3.64709e-10
3.59196e-10
3.48569e-10
3.33122e-10
3.13436e-10
2.90321e-10
2.64728e-10
2.37651e-10
2.10034e-10
1.82697e-10
1.56287e-10
1.31263e-10
1.079e-10
8.63074e-11
6.64519e-11
4.81861e-11
3.12639e-11
1.53481e-11
-1.31258e-32
6.44485e-15
4.35102e-12
8.48909e-12
1.24292e-11
1.61805e-11
1.97519e-11
2.31516e-11
2.63878e-11
2.94682e-11
3.24002e-11
3.5191e-11
3.78471e-11
4.03752e-11
4.27812e-11
4.50712e-11
4.72507e-11
4.93251e-11
5.12993e-11
5.31784e-11
5.49667e-11
5.66689e-11
5.8289e-11
5.9831e-11
6.12986e-11
6.26956e-11
6.40253e-11
6.5291e-11
6.64958e-11
6.76426e-11
6.87342e-11
6.97734e-11
7.07626e-11
8.16239e-11
9.34963e-11
1.06452e-10
1.20562e-10
1.35889e-10
1.52487e-10
1.70393e-10
1.89621e-10
2.10149e-10
2.3191e-10
2.54778e-10
2.7855e-10
3.02931e-10
3.27519e-10
3.51787e-10
3.75086e-10
3.96642e-10
4.15585e-10
4.30987e-10
4.41933e-10
4.476e-10
4.47356e-10
4.4085e-10
4.28079e-10
4.09416e-10
3.85589e-10
3.57604e-10
3.26642e-10
2.93932e-10
2.60641e-10
2.27776e-10
1.96137e-10
1.66292e-10
1.38586e-10
1.13166e-10
9.00178e-11
6.89947e-11
4.98515e-11
3.22594e-11
1.58103e-11
-1.22961e-32
8.71051e-15
5.87854e-12
1.14692e-11
1.67922e-11
2.18598e-11
2.66838e-11
3.12755e-11
3.5646e-11
3.98056e-11
4.37643e-11
4.75317e-11
5.1117e-11
5.45288e-11
5.77756e-11
6.08654e-11
6.38056e-11
6.66036e-11
6.92661e-11
7.17999e-11
7.42112e-11
7.65058e-11
7.86895e-11
8.07677e-11
8.27455e-11
8.46278e-11
8.64192e-11
8.81241e-11
8.97468e-11
9.12913e-11
9.27613e-11
9.41604e-11
9.54922e-11
1.10106e-10
1.26058e-10
1.43435e-10
1.62319e-10
1.82777e-10
2.04857e-10
2.28576e-10
2.53911e-10
2.80782e-10
3.09035e-10
3.38424e-10
3.68586e-10
3.99025e-10
4.29095e-10
4.57992e-10
4.84762e-10
5.08328e-10
5.27544e-10
5.41276e-10
5.48511e-10
5.48471e-10
5.40728e-10
5.25289e-10
5.02628e-10
4.73656e-10
4.39627e-10
4.02008e-10
3.62321e-10
3.22003e-10
2.82297e-10
2.44184e-10
2.08364e-10
1.75263e-10
1.45069e-10
1.17779e-10
9.32381e-11
7.11851e-11
5.12775e-11
3.3108e-11
1.62033e-11
-1.14594e-32
1.17781e-14
7.9454e-12
1.55014e-11
2.26953e-11
2.95434e-11
3.60617e-11
4.22654e-11
4.81694e-11
5.37877e-11
5.91338e-11
6.42209e-11
6.90611e-11
7.36665e-11
7.80484e-11
8.22175e-11
8.61842e-11
8.99583e-11
9.35492e-11
9.69658e-11
1.00217e-10
1.0331e-10
1.06253e-10
1.09053e-10
1.11718e-10
1.14253e-10
1.16666e-10
1.18962e-10
1.21147e-10
1.23227e-10
1.25206e-10
1.27089e-10
1.28881e-10
1.48532e-10
1.69948e-10
1.93229e-10
2.18461e-10
2.45705e-10
2.74987e-10
3.0628e-10
3.3949e-10
3.74429e-10
4.10797e-10
4.48148e-10
4.85873e-10
5.23174e-10
5.59056e-10
5.92339e-10
6.21688e-10
6.45681e-10
6.62913e-10
6.72127e-10
6.72362e-10
6.63096e-10
6.4435e-10
6.16723e-10
5.81359e-10
5.39828e-10
4.93951e-10
4.45618e-10
3.96601e-10
3.48431e-10
3.02313e-10
2.59102e-10
2.19319e-10
1.83199e-10
1.50742e-10
1.21776e-10
9.60073e-11
7.30565e-11
5.24896e-11
3.38266e-11
1.65352e-11
-1.06338e-32
1.59337e-14
1.07431e-11
2.09593e-11
3.06851e-11
3.99426e-11
4.87531e-11
5.71373e-11
6.5115e-11
7.27054e-11
7.99268e-11
8.67968e-11
9.33323e-11
9.95494e-11
1.05463e-10
1.11089e-10
1.16441e-10
1.21531e-10
1.26374e-10
1.3098e-10
1.35362e-10
1.39531e-10
1.43496e-10
1.47269e-10
1.50858e-10
1.54273e-10
1.57521e-10
1.60612e-10
1.63553e-10
1.66351e-10
1.69014e-10
1.71547e-10
1.73958e-10
2.00365e-10
2.29085e-10
2.60227e-10
2.93869e-10
3.30048e-10
3.68735e-10
4.09818e-10
4.53072e-10
4.98127e-10
5.4444e-10
5.91258e-10
6.37596e-10
6.82224e-10
7.23674e-10
7.6029e-10
7.90304e-10
8.11965e-10
8.2371e-10
8.24347e-10
8.13232e-10
7.90401e-10
7.56617e-10
7.1332e-10
6.62472e-10
6.06348e-10
5.47293e-10
4.87502e-10
4.2886e-10
3.72843e-10
3.20497e-10
2.72455e-10
2.29e-10
1.90134e-10
1.55652e-10
1.25209e-10
9.83696e-11
7.46443e-11
5.35136e-11
3.44317e-11
1.68141e-11
-9.83226e-33
2.15652e-14
1.4531e-11
2.83486e-11
4.15017e-11
5.402e-11
6.5932e-11
7.72657e-11
8.80479e-11
9.83044e-11
1.0806e-10
1.17339e-10
1.26164e-10
1.34557e-10
1.42538e-10
1.50129e-10
1.57348e-10
1.64213e-10
1.70742e-10
1.76951e-10
1.82856e-10
1.88471e-10
1.93813e-10
1.98893e-10
2.03725e-10
2.08321e-10
2.12692e-10
2.16851e-10
2.20806e-10
2.24569e-10
2.28149e-10
2.31555e-10
2.34795e-10
2.70247e-10
3.08708e-10
3.50282e-10
3.95018e-10
4.4289e-10
4.93765e-10
5.47371e-10
6.03259e-10
6.60763e-10
7.18955e-10
7.76619e-10
8.32228e-10
8.83961e-10
9.29753e-10
9.67398e-10
9.94711e-10
1.00974e-09
1.01099e-09
9.97662e-10
9.69815e-10
9.28415e-10
8.75274e-10
8.12857e-10
7.4401e-10
6.71651e-10
5.98505e-10
5.26896e-10
4.58638e-10
3.95005e-10
3.36762e-10
2.84246e-10
2.37453e-10
1.96132e-10
1.59865e-10
1.28134e-10
1.00371e-10
7.5983e-11
5.43739e-11
3.49387e-11
1.70474e-11
-9.06411e-33
2.91992e-14
1.96599e-11
3.83534e-11
5.61462e-11
7.30776e-11
8.91863e-11
1.0451e-10
1.19084e-10
1.32944e-10
1.46124e-10
1.58656e-10
1.70571e-10
1.81899e-10
1.9267e-10
2.02909e-10
2.12644e-10
2.21899e-10
2.30697e-10
2.39063e-10
2.47016e-10
2.54577e-10
2.61767e-10
2.68603e-10
2.75104e-10
2.81285e-10
2.87163e-10
2.92753e-10
2.98069e-10
3.03125e-10
3.07933e-10
3.12507e-10
3.16858e-10
3.64387e-10
4.15799e-10
4.71161e-10
5.30451e-10
5.93514e-10
6.60026e-10
7.29441e-10
8.00944e-10
8.73394e-10
9.45286e-10
1.01473e-09
1.07945e-09
1.13688e-09
1.18426e-09
1.21884e-09
1.23817e-09
1.24038e-09
1.22446e-09
1.19049e-09
1.13969e-09
1.07435e-09
9.97569e-10
9.12915e-10
8.24036e-10
7.3432e-10
6.46644e-10
5.63236e-10
4.8565e-10
4.1481e-10
3.5111e-10
2.94531e-10
2.44756e-10
2.01271e-10
1.63449e-10
1.30609e-10
1.02056e-10
7.7106e-11
5.50933e-11
3.53618e-11
1.72418e-11
-8.33535e-33
3.95497e-14
2.66044e-11
5.18993e-11
7.59721e-11
9.88756e-11
1.20661e-10
1.4138e-10
1.61079e-10
1.79808e-10
1.97612e-10
2.14535e-10
2.30619e-10
2.45905e-10
2.60433e-10
2.7424e-10
2.87361e-10
2.99831e-10
3.11682e-10
3.22944e-10
3.33648e-10
3.43821e-10
3.53491e-10
3.62682e-10
3.71418e-10
3.79723e-10
3.87617e-10
3.95123e-10
4.02258e-10
4.09042e-10
4.15493e-10
4.21627e-10
4.2746e-10
4.91074e-10
5.59635e-10
6.33127e-10
7.11374e-10
7.93991e-10
8.8032e-10
9.69363e-10
1.05972e-09
1.14953e-09
1.23645e-09
1.31764e-09
1.3899e-09
1.44975e-09
1.49374e-09
1.51878e-09
1.5225e-09
1.50362e-09
1.46223e-09
1.39987e-09
1.31942e-09
1.2248e-09
1.1205e-09
1.01109e-09
9.00801e-10
7.93193e-10
6.91018e-10
5.96172e-10
5.09768e-10
4.32265e-10
3.63613e-10
3.03407e-10
2.51007e-10
2.05639e-10
1.66478e-10
1.32689e-10
1.03467e-10
7.80435e-11
5.56924e-11
3.57134e-11
1.74032e-11
-7.64951e-33
5.35846e-14
3.60056e-11
7.02357e-11
1.02807e-10
1.3379e-10
1.63253e-10
1.91263e-10
2.17888e-10
2.43191e-10
2.67234e-10
2.90078e-10
3.11781e-10
3.32399e-10
3.51985e-10
3.70589e-10
3.88262e-10
4.0505e-10
4.20998e-10
4.36147e-10
4.50538e-10
4.6421e-10
4.77199e-10
4.8954e-10
5.01266e-10
5.12408e-10
5.22996e-10
5.33058e-10
5.4262e-10
5.51709e-10
5.60347e-10
5.68559e-10
5.76365e-10
6.61322e-10
7.52485e-10
8.49659e-10
9.52391e-10
1.05989e-09
1.17094e-09
1.28383e-09
1.39626e-09
1.50532e-09
1.60748e-09
1.69871e-09
1.77464e-09
1.83092e-09
1.86362e-09
1.86971e-09
1.84755e-09
1.79723e-09
1.72068e-09
1.62155e-09
1.50479e-09
1.37606e-09
1.24111e-09
1.10523e-09
9.72867e-10
8.47417e-10
7.31198e-10
6.2555e-10
5.31001e-10
4.47458e-10
3.74392e-10
3.10996e-10
2.56313e-10
2.09326e-10
1.69022e-10
1.3443e-10
1.04644e-10
7.8823e-11
5.61895e-11
3.60047e-11
1.75367e-11
-7.00824e-33
7.26142e-14
4.87275e-11
9.50473e-11
1.39114e-10
1.81021e-10
2.2086e-10
2.58721e-10
2.94693e-10
3.28865e-10
3.6132e-10
3.92141e-10
4.21407e-10
4.49195e-10
4.75578e-10
5.00626e-10
5.24406e-10
5.46983e-10
5.68418e-10
5.88769e-10
6.08091e-10
6.26439e-10
6.4386e-10
6.60405e-10
6.76116e-10
6.91038e-10
7.05212e-10
7.18674e-10
7.31463e-10
7.43613e-10
7.55157e-10
7.66125e-10
7.76548e-10
8.89698e-10
1.01047e-09
1.13834e-09
1.27236e-09
1.41107e-09
1.55236e-09
1.69341e-09
1.8306e-09
1.95954e-09
2.07516e-09
2.17195e-09
2.24439e-09
2.28746e-09
2.29727e-09
2.27166e-09
2.21069e-09
2.1168e-09
1.99459e-09
1.85033e-09
1.69118e-09
1.52442e-09
1.35669e-09
1.19354e-09
1.03918e-09
8.96465e-10
7.66998e-10
6.51383e-10
5.49461e-10
4.60539e-10
3.83595e-10
3.17431e-10
2.60787e-10
2.12419e-10
1.71147e-10
1.35879e-10
1.0562e-10
7.94688e-11
5.66005e-11
3.62453e-11
1.76469e-11
-6.41175e-33
9.84075e-14
6.59314e-11
1.28597e-10
1.88202e-10
2.44867e-10
2.98715e-10
3.49868e-10
3.98445e-10
4.44566e-10
4.88345e-10
5.29895e-10
5.69325e-10
6.06738e-10
6.42238e-10
6.75919e-10
7.07874e-10
7.38193e-10
7.66959e-10
7.94253e-10
8.20151e-10
8.44726e-10
8.68047e-10
8.9018e-10
9.11187e-10
9.31126e-10
9.50054e-10
9.68023e-10
9.85084e-10
1.00128e-09
1.01667e-09
1.03128e-09
1.04515e-09
1.19534e-09
1.35462e-09
1.52189e-09
1.69537e-09
1.87252e-09
2.04985e-09
2.2229e-09
2.38617e-09
2.5333e-09
2.65732e-09
2.75119e-09
2.80844e-09
2.82403e-09
2.79511e-09
2.72164e-09
2.60663e-09
2.45593e-09
2.27749e-09
2.08045e-09
1.874e-09
1.66654e-09
1.46504e-09
1.27473e-09
1.0991e-09
9.40113e-10
7.98436e-10
6.73812e-10
5.65333e-10
4.71694e-10
3.91388e-10
3.22847e-10
2.64534e-10
2.14999e-10
1.72914e-10
1.37081e-10
1.06429e-10
8.00019e-11
5.69394e-11
3.64434e-11
1.77376e-11
-5.85927e-33
1.33343e-13
8.91699e-11
1.7391e-10
2.5449e-10
3.31068e-10
4.03806e-10
4.72867e-10
5.38413e-10
6.00604e-10
6.59597e-10
7.15548e-10
7.68603e-10
8.18909e-10
8.66603e-10
9.11819e-10
9.54685e-10
9.95324e-10
1.03385e-09
1.07038e-09
1.10501e-09
1.13785e-09
1.16899e-09
1.19852e-09
1.22653e-09
1.2531e-09
1.2783e-09
1.30221e-09
1.3249e-09
1.34643e-09
1.36686e-09
1.38625e-09
1.40466e-09
1.60318e-09
1.81211e-09
2.02934e-09
2.25179e-09
2.4752e-09
2.69405e-09
2.90149e-09
3.08951e-09
3.2493e-09
3.3718e-09
3.44867e-09
3.47327e-09
3.44175e-09
3.35386e-09
3.21332e-09
3.02751e-09
2.8066e-09
2.56224e-09
2.30618e-09
2.04907e-09
1.79969e-09
1.56456e-09
1.348e-09
1.15236e-09
9.78389e-10
8.25692e-10
6.93068e-10
5.78846e-10
4.81125e-10
3.97939e-10
3.27378e-10
2.67655e-10
2.17141e-10
1.74377e-10
1.38073e-10
1.07095e-10
8.04407e-11
5.7218e-11
3.66061e-11
1.78121e-11
-5.3493e-33
1.80601e-13
1.20506e-10
2.35004e-10
3.43847e-10
4.47241e-10
5.45398e-10
6.38535e-10
7.2687e-10
8.10621e-10
8.90003e-10
9.65226e-10
1.0365e-09
1.10401e-09
1.16796e-09
1.22853e-09
1.28591e-09
1.34025e-09
1.39172e-09
1.44047e-09
1.48665e-09
1.5304e-09
1.57185e-09
1.61113e-09
1.64835e-09
1.68362e-09
1.71706e-09
1.74875e-09
1.77881e-09
1.8073e-09
1.83432e-09
1.85996e-09
1.88427e-09
2.14534e-09
2.41758e-09
2.69726e-09
2.97924e-09
3.25669e-09
3.52113e-09
3.76247e-09
3.96949e-09
4.13059e-09
4.23486e-09
4.27348e-09
4.24114e-09
4.13716e-09
3.96604e-09
3.73711e-09
3.4634e-09
3.15989e-09
2.84166e-09
2.52232e-09
2.21298e-09
1.92185e-09
1.65426e-09
1.41302e-09
1.19898e-09
1.01152e-09
8.49052e-10
7.09434e-10
5.90252e-10
4.89038e-10
4.03408e-10
3.31145e-10
2.70242e-10
2.18911e-10
1.75583e-10
1.38889e-10
1.07642e-10
8.08007e-11
5.74463e-11
3.67394e-11
1.7873e-11
-4.8799e-33
2.444e-13
1.62654e-10
3.17167e-10
4.63996e-10
6.03403e-10
7.35667e-10
8.61076e-10
9.79923e-10
1.0925e-09
1.19911e-09
1.30003e-09
1.39555e-09
1.48594e-09
1.57147e-09
1.6524e-09
1.72896e-09
1.8014e-09
1.86994e-09
1.93479e-09
1.99615e-09
2.05422e-09
2.10919e-09
2.16121e-09
2.21047e-09
2.2571e-09
2.30126e-09
2.34308e-09
2.38269e-09
2.42023e-09
2.45579e-09
2.48949e-09
2.52143e-09
2.86268e-09
3.2146e-09
3.57096e-09
3.92346e-09
4.26156e-09
4.57262e-09
4.84239e-09
5.05587e-09
5.19876e-09
5.2592e-09
5.22971e-09
5.10874e-09
4.9016e-09
4.62002e-09
4.28074e-09
3.90316e-09
3.5068e-09
3.10919e-09
2.72456e-09
2.36323e-09
2.03182e-09
1.73373e-09
1.46985e-09
1.23926e-09
1.03986e-09
8.68869e-10
7.23222e-10
5.99805e-10
4.95633e-10
4.07947e-10
3.34262e-10
2.72376e-10
2.20367e-10
1.76573e-10
1.39559e-10
1.0809e-10
8.10953e-11
5.76329e-11
3.68482e-11
1.79228e-11
-4.44882e-33
3.30273e-13
2.19151e-10
4.27283e-10
6.2498e-10
8.12576e-10
9.90432e-10
1.15893e-09
1.31846e-09
1.46942e-09
1.61222e-09
1.74724e-09
1.87489e-09
1.99554e-09
2.10956e-09
2.2173e-09
2.3191e-09
2.4153e-09
2.5062e-09
2.5921e-09
2.67329e-09
2.75002e-09
2.82255e-09
2.89113e-09
2.95598e-09
3.0173e-09
3.07531e-09
3.13018e-09
3.18211e-09
3.23125e-09
3.27777e-09
3.32181e-09
3.36351e-09
3.8063e-09
4.25696e-09
4.70543e-09
5.13875e-09
5.54115e-09
5.89453e-09
6.17952e-09
6.37725e-09
6.4716e-09
6.4518e-09
6.31475e-09
6.06629e-09
5.72107e-09
5.30061e-09
4.8302e-09
4.33538e-09
3.83901e-09
3.35941e-09
2.90976e-09
2.49829e-09
2.1291e-09
1.80308e-09
1.51886e-09
1.27365e-09
1.06385e-09
8.85528e-10
7.34744e-10
6.07749e-10
5.01095e-10
4.11695e-10
3.36827e-10
2.74128e-10
2.21561e-10
1.77383e-10
1.40106e-10
1.08456e-10
8.13355e-11
5.7785e-11
3.69369e-11
1.79633e-11
-4.05367e-33
4.45392e-13
2.94536e-10
5.74183e-10
8.39684e-10
1.09145e-09
1.32995e-09
1.55568e-09
1.76917e-09
1.97096e-09
2.16159e-09
2.34161e-09
2.51157e-09
2.67197e-09
2.82335e-09
2.96618e-09
3.10094e-09
3.2281e-09
3.34807e-09
3.46129e-09
3.56813e-09
3.66896e-09
3.76415e-09
3.85401e-09
3.93887e-09
4.01901e-09
4.09472e-09
4.16625e-09
4.23385e-09
4.29775e-09
4.35816e-09
4.41529e-09
4.46933e-09
5.03898e-09
5.60975e-09
6.16588e-09
6.68783e-09
7.15273e-09
7.53562e-09
7.81152e-09
7.95836e-09
7.96043e-09
7.8117e-09
7.51801e-09
7.09721e-09
6.5769e-09
5.99025e-09
5.37106e-09
4.74952e-09
4.14963e-09
3.58834e-09
3.07601e-09
2.61756e-09
2.2138e-09
1.86274e-09
1.5606e-09
1.30269e-09
1.08397e-09
8.99416e-10
7.44304e-10
6.14313e-10
5.05593e-10
4.14772e-10
3.38928e-10
2.7556e-10
2.22536e-10
1.78044e-10
1.40552e-10
1.08753e-10
8.15308e-11
5.79087e-11
3.7009e-11
1.79962e-11
-3.69202e-33
5.98894e-13
3.94539e-10
7.69014e-10
1.12435e-09
1.46106e-09
1.77973e-09
2.081e-09
2.36559e-09
2.63423e-09
2.88766e-09
3.12662e-09
3.35187e-09
3.56412e-09
3.7641e-09
3.95247e-09
4.12992e-09
4.29705e-09
4.45449e-09
4.6028e-09
4.74253e-09
4.87419e-09
4.99827e-09
5.11522e-09
5.22549e-09
5.32946e-09
5.42753e-09
5.52006e-09
5.60737e-09
5.68978e-09
5.76759e-09
5.84107e-09
5.91048e-09
6.63613e-09
7.34979e-09
8.02757e-09
8.64085e-09
9.15763e-09
9.5449e-09
9.77235e-09
9.81689e-09
9.6674e-09
9.32825e-09
8.82036e-09
8.17875e-09
7.44706e-09
6.67054e-09
5.88975e-09
5.1367e-09
4.43357e-09
3.79354e-09
3.22254e-09
2.72118e-09
2.28651e-09
1.91342e-09
1.59576e-09
1.32699e-09
1.1007e-09
9.10908e-10
7.52181e-10
6.19703e-10
5.09277e-10
4.17286e-10
3.40642e-10
2.76727e-10
2.23328e-10
1.78581e-10
1.40913e-10
1.08995e-10
8.16891e-11
5.80088e-11
3.70673e-11
1.80229e-11
-2.64403e-33
7.01574e-13
4.61158e-10
8.98784e-10
1.31392e-09
1.70711e-09
2.07903e-09
2.43043e-09
2.76213e-09
3.075e-09
3.36991e-09
3.64774e-09
3.90939e-09
4.15571e-09
4.38755e-09
4.60574e-09
4.81106e-09
5.00426e-09
5.18607e-09
5.35716e-09
5.5182e-09
5.66979e-09
5.81251e-09
5.94691e-09
6.0735e-09
6.19276e-09
6.30514e-09
6.41107e-09
6.51095e-09
6.60514e-09
6.694e-09
6.77785e-09
6.85699e-09
7.68017e-09
8.48059e-09
9.22866e-09
9.88968e-09
1.04258e-08
1.07995e-08
1.0978e-08
1.09394e-08
1.06777e-08
1.02058e-08
9.55605e-09
8.77474e-09
7.91498e-09
7.028e-09
6.15665e-09
5.33226e-09
4.5747e-09
3.89415e-09
3.29355e-09
2.7709e-09
2.3211e-09
1.93738e-09
1.61228e-09
1.33835e-09
1.10849e-09
9.16243e-10
7.55828e-10
6.22193e-10
5.10976e-10
4.18444e-10
3.4143e-10
2.77263e-10
2.23692e-10
1.78827e-10
1.41079e-10
1.09105e-10
8.17616e-11
5.80547e-11
3.7094e-11
1.80351e-11
-3.58379e-32
7.93058e-13
5.20422e-10
1.01422e-09
1.48252e-09
1.92593e-09
2.34518e-09
2.7411e-09
3.11464e-09
3.46675e-09
3.79844e-09
4.11072e-09
4.4046e-09
4.68107e-09
4.9411e-09
5.18563e-09
5.41556e-09
5.63176e-09
5.83505e-09
6.02622e-09
6.20601e-09
6.37513e-09
6.53423e-09
6.68395e-09
6.82486e-09
6.95752e-09
7.08244e-09
7.20011e-09
7.31098e-09
7.41547e-09
7.51398e-09
7.60687e-09
7.6945e-09
8.60234e-09
9.47715e-09
1.02842e-08
1.09834e-08
1.15318e-08
1.1888e-08
1.20177e-08
1.19004e-08
1.15353e-08
1.09439e-08
1.01684e-08
9.2655e-09
8.29613e-09
7.31618e-09
6.36977e-09
5.48711e-09
4.68562e-09
3.97271e-09
3.3487e-09
2.80934e-09
2.34775e-09
1.95577e-09
1.62493e-09
1.34702e-09
1.11443e-09
9.20304e-10
7.58601e-10
6.24085e-10
5.12265e-10
4.19321e-10
3.42028e-10
2.77669e-10
2.23967e-10
1.79014e-10
1.41205e-10
1.09189e-10
8.18165e-11
5.80893e-11
3.71142e-11
1.80443e-11
-1.05953e-31
9.72492e-13
6.36643e-10
1.24059e-09
1.81317e-09
2.35505e-09
2.86709e-09
3.35032e-09
3.80587e-09
4.23492e-09
4.63871e-09
5.01852e-09
5.37558e-09
5.71114e-09
6.0264e-09
6.32255e-09
6.60071e-09
6.86197e-09
7.10735e-09
7.33784e-09
7.55437e-09
7.75782e-09
7.949e-09
8.12871e-09
8.29766e-09
8.45655e-09
8.60602e-09
8.74666e-09
8.87904e-09
9.00367e-09
9.12106e-09
9.23165e-09
9.33588e-09
1.04092e-08
1.14291e-08
1.23507e-08
1.31233e-08
1.36938e-08
1.40132e-08
1.40442e-08
1.37694e-08
1.31984e-08
1.23695e-08
1.13456e-08
1.02035e-08
9.01994e-09
7.85964e-09
6.76888e-09
5.77514e-09
4.89069e-09
4.11717e-09
3.44963e-09
2.87941e-09
2.39615e-09
1.98907e-09
1.64778e-09
1.36267e-09
1.12512e-09
9.27601e-10
7.63576e-10
6.27475e-10
5.14573e-10
4.20892e-10
3.43096e-10
2.78394e-10
2.24459e-10
1.79346e-10
1.41429e-10
1.09338e-10
8.19143e-11
5.81512e-11
3.71502e-11
1.80607e-11
-1.35609e-31
1.1173e-12
7.30438e-10
1.42329e-09
2.08002e-09
2.70136e-09
3.2883e-09
3.84199e-09
4.36372e-09
4.85487e-09
5.31686e-09
5.75116e-09
6.15922e-09
6.54246e-09
6.90231e-09
7.24012e-09
7.55721e-09
7.85482e-09
8.13418e-09
8.3964e-09
8.64258e-09
8.87372e-09
9.0908e-09
9.29471e-09
9.48629e-09
9.66635e-09
9.83562e-09
9.99479e-09
1.01445e-08
1.02854e-08
1.0418e-08
1.05429e-08
1.06605e-08
1.18673e-08
1.30041e-08
1.40179e-08
1.4849e-08
1.54365e-08
1.57248e-08
1.56742e-08
1.52699e-08
1.453e-08
1.35068e-08
1.22803e-08
1.09438e-08
9.58725e-09
8.28239e-09
7.07696e-09
5.99584e-09
5.04675e-09
4.22644e-09
3.52557e-09
2.93189e-09
2.43226e-09
2.01384e-09
1.66473e-09
1.37424e-09
1.13302e-09
9.32981e-10
7.67239e-10
6.29968e-10
5.16268e-10
4.22045e-10
3.43879e-10
2.78926e-10
2.2482e-10
1.7959e-10
1.41593e-10
1.09448e-10
8.1986e-11
5.81965e-11
3.71766e-11
1.80728e-11
-1.23366e-31
1.21782e-12
7.95589e-10
1.55019e-09
2.26538e-09
2.94194e-09
3.58093e-09
4.18359e-09
4.75133e-09
5.28566e-09
5.78813e-09
6.26034e-09
6.70388e-09
7.12032e-09
7.51121e-09
7.87803e-09
8.22224e-09
8.54519e-09
8.84822e-09
9.13258e-09
9.39943e-09
9.6499e-09
9.88505e-09
1.01059e-08
1.03132e-08
1.05081e-08
1.06912e-08
1.08633e-08
1.10252e-08
1.11774e-08
1.13207e-08
1.14556e-08
1.15826e-08
1.28828e-08
1.41019e-08
1.51809e-08
1.60542e-08
1.66548e-08
1.69229e-08
1.68164e-08
1.63224e-08
1.54646e-08
1.43052e-08
1.2936e-08
1.14625e-08
9.98377e-09
8.57697e-09
7.29089e-09
6.14853e-09
5.15433e-09
4.30152e-09
3.5776e-09
2.96775e-09
2.45688e-09
2.03069e-09
1.67624e-09
1.38209e-09
1.13837e-09
9.36622e-10
7.69717e-10
6.31652e-10
5.17414e-10
4.22823e-10
3.44408e-10
2.79285e-10
2.25063e-10
1.79755e-10
1.41703e-10
1.09522e-10
8.20343e-11
5.8227e-11
3.71944e-11
1.80809e-11
-1.12203e-31
1.26877e-12
8.28695e-10
1.61468e-09
2.3596e-09
3.06425e-09
3.72972e-09
4.35733e-09
4.94853e-09
5.50488e-09
6.02803e-09
6.51962e-09
6.98131e-09
7.41476e-09
7.82157e-09
8.20329e-09
8.56144e-09
8.89744e-09
9.21267e-09
9.50844e-09
9.78597e-09
1.00464e-08
1.02909e-08
1.05205e-08
1.07361e-08
1.09386e-08
1.11289e-08
1.13078e-08
1.1476e-08
1.16342e-08
1.1783e-08
1.19231e-08
1.2055e-08
1.34046e-08
1.46678e-08
1.57829e-08
1.66809e-08
1.7292e-08
1.75535e-08
1.74221e-08
1.68851e-08
1.59687e-08
1.47397e-08
1.32961e-08
1.17497e-08
1.02049e-08
8.74219e-09
7.41138e-09
6.23479e-09
5.21523e-09
4.34407e-09
3.60711e-09
2.9881e-09
2.47085e-09
2.04026e-09
1.68278e-09
1.38655e-09
1.14141e-09
9.3869e-10
7.71124e-10
6.32609e-10
5.18064e-10
4.23265e-10
3.44708e-10
2.79489e-10
2.25202e-10
1.79848e-10
1.41766e-10
1.09564e-10
8.20619e-11
5.82445e-11
3.72045e-11
1.80855e-11
-1.02031e-31
1.27104e-12
8.3032e-10
1.61786e-09
2.36427e-09
3.07035e-09
3.73721e-09
4.36615e-09
4.95865e-09
5.51625e-09
6.04061e-09
6.53337e-09
6.99621e-09
7.43076e-09
7.83863e-09
8.22138e-09
8.58051e-09
8.91747e-09
9.23363e-09
9.53029e-09
9.80868e-09
1.007e-08
1.03153e-08
1.05456e-08
1.07619e-08
1.09651e-08
1.11561e-08
1.13356e-08
1.15044e-08
1.16632e-08
1.18126e-08
1.19533e-08
1.20857e-08
1.34411e-08
1.4711e-08
1.58335e-08
1.67395e-08
1.73585e-08
1.76274e-08
1.75021e-08
1.69688e-08
1.6053e-08
1.48208e-08
1.33704e-08
1.18146e-08
1.02589e-08
8.78522e-09
7.4444e-09
6.25937e-09
5.23311e-09
4.35686e-09
3.61614e-09
2.99441e-09
2.47524e-09
2.04329e-09
1.68486e-09
1.38798e-09
1.14238e-09
9.39358e-10
7.71579e-10
6.3292e-10
5.18276e-10
4.2341e-10
3.44806e-10
2.79556e-10
2.25247e-10
1.79879e-10
1.41787e-10
1.09577e-10
8.2071e-11
5.82503e-11
3.72079e-11
1.80871e-11
-9.27657e-32
1.23059e-12
8.0432e-10
1.56724e-09
2.29035e-09
2.97448e-09
3.62068e-09
4.23024e-09
4.80456e-09
5.34517e-09
5.85365e-09
6.33159e-09
6.7806e-09
7.20226e-09
7.59813e-09
7.96971e-09
8.31845e-09
8.64573e-09
8.95288e-09
9.24116e-09
9.51176e-09
9.7658e-09
1.00043e-08
1.02284e-08
1.04389e-08
1.06366e-08
1.08225e-08
1.09973e-08
1.11617e-08
1.13164e-08
1.14619e-08
1.1599e-08
1.1728e-08
1.3051e-08
1.42943e-08
1.53985e-08
1.62971e-08
1.69214e-08
1.72096e-08
1.71171e-08
1.66283e-08
1.5765e-08
1.45883e-08
1.31913e-08
1.16824e-08
1.01649e-08
8.72022e-09
7.40024e-09
6.22967e-09
5.21324e-09
4.34359e-09
3.60727e-09
2.98848e-09
2.47127e-09
2.04063e-09
1.68307e-09
1.38678e-09
1.14157e-09
9.38813e-10
7.71212e-10
6.32672e-10
5.18108e-10
4.23296e-10
3.4473e-10
2.79504e-10
2.25212e-10
1.79855e-10
1.41771e-10
1.09567e-10
8.20643e-11
5.82461e-11
3.72055e-11
1.8086e-11
-8.4329e-32
1.15637e-12
7.56448e-10
1.47401e-09
2.15421e-09
2.79785e-09
3.40594e-09
3.97969e-09
4.52042e-09
5.02956e-09
5.50859e-09
5.95901e-09
6.38232e-09
6.78e-09
7.15349e-09
7.50419e-09
7.83347e-09
8.14262e-09
8.43287e-09
8.70539e-09
8.96131e-09
9.20166e-09
9.42743e-09
9.63957e-09
9.83893e-09
1.00263e-08
1.02026e-08
1.03683e-08
1.05243e-08
1.0671e-08
1.08092e-08
1.09394e-08
1.1062e-08
1.23215e-08
1.35113e-08
1.45763e-08
1.54545e-08
1.60811e-08
1.63968e-08
1.63575e-08
1.59449e-08
1.51748e-08
1.41001e-08
1.28044e-08
1.1388e-08
9.94859e-09
8.56555e-09
7.29184e-09
6.15469e-09
5.16181e-09
4.3085e-09
3.58341e-09
2.9723e-09
2.4603e-09
2.0332e-09
1.67804e-09
1.38337e-09
1.13927e-09
9.37251e-10
7.70153e-10
6.31954e-10
5.17622e-10
4.22967e-10
3.44506e-10
2.79353e-10
2.2511e-10
1.79786e-10
1.41725e-10
1.09536e-10
8.20443e-11
5.82335e-11
3.71982e-11
1.80827e-11
-7.66501e-32
1.05815e-12
6.93011e-10
1.35046e-09
1.97379e-09
2.56375e-09
3.12129e-09
3.64751e-09
4.14365e-09
4.611e-09
5.05091e-09
5.46475e-09
5.85386e-09
6.21961e-09
6.56329e-09
6.88618e-09
7.18951e-09
7.47445e-09
7.74213e-09
7.99359e-09
8.22986e-09
8.45189e-09
8.66057e-09
8.85674e-09
9.0412e-09
9.2147e-09
9.37793e-09
9.53154e-09
9.67614e-09
9.8123e-09
9.94055e-09
1.00614e-08
1.01753e-08
1.13489e-08
1.24653e-08
1.34754e-08
1.43228e-08
1.49482e-08
1.52962e-08
1.53233e-08
1.50082e-08
1.43597e-08
1.34199e-08
1.22602e-08
1.09695e-08
9.63776e-09
8.34106e-09
7.13303e-09
6.04396e-09
5.08534e-09
4.25604e-09
3.54757e-09
2.94789e-09
2.4437e-09
2.02193e-09
1.6704e-09
1.37819e-09
1.13575e-09
9.34865e-10
7.68536e-10
6.30857e-10
5.16878e-10
4.22462e-10
3.44164e-10
2.79121e-10
2.24953e-10
1.79681e-10
1.41654e-10
1.09489e-10
8.20135e-11
5.82141e-11
3.7187e-11
1.80776e-11
-6.96633e-32
9.45063e-13
6.1991e-10
1.20808e-09
1.76586e-09
2.29394e-09
2.79319e-09
3.26461e-09
3.7093e-09
4.12842e-09
4.52317e-09
4.89474e-09
5.24436e-09
5.57319e-09
5.8824e-09
6.17312e-09
6.44641e-09
6.70333e-09
6.94485e-09
7.17191e-09
7.3854e-09
7.58617e-09
7.775e-09
7.95264e-09
8.1198e-09
8.27713e-09
8.42524e-09
8.56472e-09
8.6961e-09
8.8199e-09
8.93658e-09
9.04659e-09
9.15033e-09
1.02234e-08
1.12535e-08
1.21977e-08
1.30067e-08
1.36276e-08
1.40092e-08
1.41094e-08
1.39041e-08
1.33939e-08
1.26092e-08
1.16072e-08
1.04638e-08
9.25942e-09
8.06593e-09
6.93718e-09
5.90665e-09
4.99009e-09
4.19044e-09
3.50262e-09
2.91719e-09
2.42279e-09
2.00771e-09
1.66073e-09
1.37162e-09
1.1313e-09
9.31842e-10
7.66484e-10
6.29465e-10
5.15933e-10
4.21821e-10
3.43729e-10
2.78826e-10
2.24754e-10
1.79546e-10
1.41564e-10
1.09429e-10
8.19743e-11
5.81894e-11
3.71726e-11
1.8071e-11
-3.30135e-32
8.30952e-13
5.46034e-10
1.06419e-09
1.5557e-09
2.02119e-09
2.46147e-09
2.87742e-09
3.27002e-09
3.64027e-09
3.98923e-09
4.31794e-09
4.62745e-09
4.91878e-09
5.19295e-09
5.45093e-09
5.69364e-09
5.922e-09
6.13684e-09
6.33899e-09
6.52922e-09
6.70825e-09
6.87678e-09
7.03545e-09
7.18487e-09
7.32561e-09
7.45821e-09
7.58317e-09
7.70097e-09
7.81204e-09
7.9168e-09
8.01564e-09
8.10891e-09
9.07785e-09
1.00171e-08
1.08905e-08
1.16556e-08
1.22659e-08
1.26752e-08
1.28433e-08
1.27438e-08
1.23702e-08
1.17413e-08
1.09007e-08
9.9104e-09
8.84083e-09
7.75837e-09
6.71624e-09
5.75055e-09
4.8811e-09
4.11498e-09
3.45069e-09
2.8816e-09
2.39848e-09
1.99113e-09
1.64945e-09
1.36395e-09
1.12608e-09
9.28299e-10
7.64077e-10
6.27831e-10
5.14823e-10
4.21068e-10
3.43218e-10
2.7848e-10
2.24519e-10
1.79388e-10
1.41458e-10
1.09359e-10
8.19281e-11
5.81603e-11
3.71557e-11
1.80634e-11
3.1913e-34
7.24701e-13
4.77082e-10
9.29876e-10
1.35949e-09
1.76652e-09
2.15167e-09
2.51573e-09
2.85954e-09
3.184e-09
3.49001e-09
3.77847e-09
4.05028e-09
4.30634e-09
4.54749e-09
4.77459e-09
4.98843e-09
5.18978e-09
5.37938e-09
5.55792e-09
5.72607e-09
5.88446e-09
6.03367e-09
6.17427e-09
6.30677e-09
6.43167e-09
6.54944e-09
6.66051e-09
6.76529e-09
6.86415e-09
6.95747e-09
7.04556e-09
7.12876e-09
7.99667e-09
8.84616e-09
9.64708e-09
1.03634e-08
1.09551e-08
1.13808e-08
1.16031e-08
1.15943e-08
1.13428e-08
1.08576e-08
1.01697e-08
9.32842e-09
8.39345e-09
7.42466e-09
6.47332e-09
5.57698e-09
4.75878e-09
4.02966e-09
3.39161e-09
2.84092e-09
2.37057e-09
1.97204e-09
1.63642e-09
1.35507e-09
1.12003e-09
9.24185e-10
7.61279e-10
6.25929e-10
5.13531e-10
4.2019e-10
3.42622e-10
2.78076e-10
2.24245e-10
1.79203e-10
1.41333e-10
1.09276e-10
8.18741e-11
5.81263e-11
3.7136e-11
1.80543e-11
3.50872e-34
6.26843e-13
4.1342e-10
8.05853e-10
1.17829e-09
1.53128e-09
1.86545e-09
2.18148e-09
2.48012e-09
2.76212e-09
3.02827e-09
3.27934e-09
3.5161e-09
3.73931e-09
3.9497e-09
4.14799e-09
4.33485e-09
4.51094e-09
4.6769e-09
4.8333e-09
4.98073e-09
5.1197e-09
5.25073e-09
5.37429e-09
5.49083e-09
5.60078e-09
5.70452e-09
5.80243e-09
5.89486e-09
5.98214e-09
6.06458e-09
6.14245e-09
6.21604e-09
6.98703e-09
7.7488e-09
8.47662e-09
9.14046e-09
9.7061e-09
1.01374e-08
1.04002e-08
1.04667e-08
1.03216e-08
9.96615e-09
9.42038e-09
8.72171e-09
7.91914e-09
7.06522e-09
6.20789e-09
5.38498e-09
4.62207e-09
3.93347e-09
3.32454e-09
2.79446e-09
2.33855e-09
1.95006e-09
1.62136e-09
1.34478e-09
1.11302e-09
9.19401e-10
7.58022e-10
6.23712e-10
5.12023e-10
4.19165e-10
3.41926e-10
2.77603e-10
2.23925e-10
1.78987e-10
1.41188e-10
1.09179e-10
8.18109e-11
5.80864e-11
3.71128e-11
1.80438e-11
3.85737e-34
5.37713e-13
3.5529e-10
6.92597e-10
1.0128e-09
1.31639e-09
1.60393e-09
1.876e-09
2.13325e-09
2.37633e-09
2.60589e-09
2.82261e-09
3.02714e-09
3.2201e-09
3.40213e-09
3.57382e-09
3.73576e-09
3.88848e-09
4.03253e-09
4.16841e-09
4.29658e-09
4.41751e-09
4.53162e-09
4.6393e-09
4.74095e-09
4.83691e-09
4.92753e-09
5.01312e-09
5.09397e-09
5.17038e-09
5.24258e-09
5.31085e-09
5.37539e-09
6.05441e-09
6.7315e-09
7.38668e-09
7.99531e-09
8.52871e-09
8.95578e-09
9.24576e-09
9.37215e-09
9.31716e-09
9.07608e-09
8.65991e-09
8.09526e-09
7.42083e-09
6.68121e-09
5.91996e-09
5.17387e-09
4.47003e-09
3.82546e-09
3.24862e-09
2.74153e-09
2.30187e-09
1.92476e-09
1.60398e-09
1.33287e-09
1.10487e-09
9.13837e-10
7.54227e-10
6.21125e-10
5.10262e-10
4.17966e-10
3.41111e-10
2.7705e-10
2.2355e-10
1.78733e-10
1.41018e-10
1.09066e-10
8.17367e-11
5.80396e-11
3.70856e-11
1.80314e-11
2.37999e-34
5.23536e-13
3.46031e-10
6.74555e-10
9.86437e-10
1.28216e-09
1.56225e-09
1.82731e-09
2.07796e-09
2.31482e-09
2.53854e-09
2.74977e-09
2.94913e-09
3.13725e-09
3.31474e-09
3.48217e-09
3.6401e-09
3.78908e-09
3.92961e-09
4.06219e-09
4.18726e-09
4.30529e-09
4.41666e-09
4.52179e-09
4.62103e-09
4.71474e-09
4.80324e-09
4.88683e-09
4.96581e-09
5.04045e-09
5.11101e-09
5.17771e-09
5.24079e-09
5.90483e-09
6.56798e-09
7.21102e-09
7.81015e-09
8.33758e-09
8.76302e-09
9.05637e-09
9.19135e-09
9.14995e-09
8.92661e-09
8.53098e-09
7.98796e-09
7.33459e-09
6.61409e-09
5.86916e-09
5.13632e-09
4.44279e-09
3.80599e-09
3.23487e-09
2.7319e-09
2.29518e-09
1.92013e-09
1.60079e-09
1.33068e-09
1.10337e-09
9.12812e-10
7.53527e-10
6.20648e-10
5.09937e-10
4.17745e-10
3.4096e-10
2.76947e-10
2.23481e-10
1.78686e-10
1.40986e-10
1.09045e-10
8.17229e-11
5.80309e-11
3.70806e-11
1.80291e-11
2.22047e-34
4.57418e-13
3.02792e-10
5.903e-10
8.63303e-10
1.12224e-09
1.36758e-09
1.59985e-09
1.8196e-09
2.02738e-09
2.22374e-09
2.40924e-09
2.58443e-09
2.74985e-09
2.90602e-09
3.05344e-09
3.19259e-09
3.32393e-09
3.44792e-09
3.56496e-09
3.67545e-09
3.77978e-09
3.87831e-09
3.97136e-09
4.05926e-09
4.1423e-09
4.22078e-09
4.29496e-09
4.36508e-09
4.43138e-09
4.49409e-09
4.55341e-09
4.60953e-09
5.20231e-09
5.79866e-09
6.38274e-09
6.93467e-09
7.43083e-09
7.8449e-09
8.14991e-09
8.32113e-09
8.33983e-09
8.19702e-09
7.8964e-09
7.45521e-09
6.90251e-09
6.27477e-09
5.6102e-09
4.94343e-09
4.30194e-09
3.70476e-09
3.16302e-09
2.68139e-09
2.25995e-09
1.8957e-09
1.58393e-09
1.31908e-09
1.09541e-09
9.07362e-10
7.49802e-10
6.18105e-10
5.08203e-10
4.16563e-10
3.40157e-10
2.76401e-10
2.2311e-10
1.78436e-10
1.40818e-10
1.08932e-10
8.16494e-11
5.79845e-11
3.70536e-11
1.80168e-11
4.30033e-34
3.85899e-13
2.55912e-10
4.98943e-10
7.29771e-10
9.4878e-10
1.15639e-09
1.35304e-09
1.53919e-09
1.7153e-09
1.88186e-09
2.03931e-09
2.18813e-09
2.32874e-09
2.4616e-09
2.58711e-09
2.70567e-09
2.81767e-09
2.92348e-09
3.02344e-09
3.11788e-09
3.20712e-09
3.29146e-09
3.37118e-09
3.44654e-09
3.51778e-09
3.58516e-09
3.64889e-09
3.70917e-09
3.76621e-09
3.82019e-09
3.87129e-09
3.91966e-09
4.43254e-09
4.9529e-09
5.46844e-09
5.9634e-09
6.41868e-09
6.81244e-09
7.12151e-09
7.32352e-09
7.39986e-09
7.33884e-09
7.13861e-09
6.80863e-09
6.36926e-09
5.84897e-09
5.28006e-09
4.69394e-09
4.11741e-09
3.57067e-09
3.06695e-09
2.61334e-09
2.21216e-09
1.86238e-09
1.56082e-09
1.30312e-09
1.08443e-09
8.99827e-10
7.44641e-10
6.14576e-10
5.05793e-10
4.1492e-10
3.39037e-10
2.7564e-10
2.22593e-10
1.78086e-10
1.40582e-10
1.08776e-10
8.15467e-11
5.79197e-11
3.70159e-11
1.79996e-11
5.1218e-34
3.22922e-13
2.14527e-10
4.18285e-10
6.11861e-10
7.95589e-10
9.69826e-10
1.13495e-09
1.29134e-09
1.4394e-09
1.57951e-09
1.71205e-09
1.83741e-09
1.95595e-09
2.06803e-09
2.17399e-09
2.27416e-09
2.36886e-09
2.4584e-09
2.54305e-09
2.62309e-09
2.69877e-09
2.77035e-09
2.83806e-09
2.90211e-09
2.96271e-09
3.02005e-09
3.07433e-09
3.1257e-09
3.17435e-09
3.22041e-09
3.26403e-09
3.30536e-09
3.74513e-09
4.19493e-09
4.64538e-09
5.08427e-09
5.49643e-09
5.86411e-09
6.16782e-09
6.3879e-09
6.50669e-09
6.5112e-09
6.39564e-09
6.16332e-09
5.82708e-09
5.4079e-09
4.93186e-09
4.42635e-09
3.9165e-09
3.42274e-09
2.95975e-09
2.53666e-09
2.15789e-09
1.82428e-09
1.53426e-09
1.2847e-09
1.0717e-09
8.91063e-10
7.38622e-10
6.10452e-10
5.02971e-10
4.12993e-10
3.37723e-10
2.74745e-10
2.21985e-10
1.77674e-10
1.40305e-10
1.08591e-10
8.14257e-11
5.78432e-11
3.69714e-11
1.79793e-11
5.62773e-34
2.6808e-13
1.78398e-10
3.47865e-10
5.08903e-10
6.61798e-10
8.06855e-10
9.4439e-10
1.07473e-09
1.19818e-09
1.31509e-09
1.42575e-09
1.53049e-09
1.6296e-09
1.72337e-09
1.8121e-09
1.89603e-09
1.97544e-09
2.05057e-09
2.12166e-09
2.18892e-09
2.25257e-09
2.31281e-09
2.36982e-09
2.4238e-09
2.4749e-09
2.52328e-09
2.56911e-09
2.61251e-09
2.65363e-09
2.69259e-09
2.72951e-09
2.76451e-09
3.13822e-09
3.52336e-09
3.91297e-09
4.29776e-09
4.66595e-09
5.00338e-09
5.29406e-09
5.52115e-09
5.66859e-09
5.72311e-09
5.67652e-09
5.52753e-09
5.28281e-09
4.95659e-09
4.56884e-09
4.14239e-09
3.6998e-09
3.26085e-09
2.84096e-09
2.45077e-09
2.09653e-09
1.78088e-09
1.5038e-09
1.26345e-09
1.05696e-09
8.80877e-10
7.31606e-10
6.05632e-10
4.99667e-10
4.10732e-10
3.36179e-10
2.73692e-10
2.2127e-10
1.77189e-10
1.39978e-10
1.08373e-10
8.12827e-11
5.77529e-11
3.69189e-11
1.79553e-11
6.18238e-34
2.20842e-13
1.47203e-10
2.87055e-10
4.19982e-10
5.46227e-10
6.66048e-10
7.79708e-10
8.87473e-10
9.89609e-10
1.08638e-09
1.17804e-09
1.26485e-09
1.34706e-09
1.42489e-09
1.49857e-09
1.56833e-09
1.63438e-09
1.69691e-09
1.75611e-09
1.81216e-09
1.86525e-09
1.91552e-09
1.96313e-09
2.00823e-09
2.05095e-09
2.09144e-09
2.1298e-09
2.16616e-09
2.20062e-09
2.23329e-09
2.26427e-09
2.29364e-09
2.60839e-09
2.93508e-09
3.26867e-09
3.60227e-09
3.9269e-09
4.23154e-09
4.50333e-09
4.72826e-09
4.89221e-09
4.98252e-09
4.98977e-09
4.90956e-09
4.74377e-09
4.50088e-09
4.19513e-09
3.84456e-09
3.46855e-09
3.08536e-09
2.71038e-09
2.35521e-09
2.02756e-09
1.73166e-09
1.469e-09
1.23903e-09
1.03993e-09
8.69057e-10
7.23435e-10
6.00002e-10
4.95798e-10
4.08079e-10
3.34364e-10
2.72453e-10
2.20426e-10
1.76617e-10
1.39592e-10
1.08115e-10
8.11137e-11
5.7646e-11
3.68567e-11
1.79269e-11
6.79005e-34
1.80582e-13
1.20554e-10
2.35103e-10
3.44002e-10
4.47459e-10
5.45688e-10
6.38907e-10
7.27333e-10
8.11185e-10
8.90678e-10
9.6602e-10
1.03742e-09
1.10506e-09
1.16916e-09
1.22987e-09
1.2874e-09
1.34189e-09
1.39352e-09
1.44243e-09
1.48877e-09
1.53268e-09
1.57429e-09
1.61372e-09
1.6511e-09
1.68653e-09
1.72012e-09
1.75197e-09
1.78217e-09
1.81081e-09
1.83797e-09
1.86374e-09
1.88819e-09
2.15097e-09
2.42553e-09
2.70832e-09
2.99434e-09
3.27694e-09
3.54771e-09
3.79656e-09
4.01212e-09
4.18241e-09
4.29591e-09
4.34298e-09
4.31735e-09
4.21746e-09
4.04717e-09
3.81563e-09
3.53622e-09
3.22469e-09
2.89713e-09
2.56818e-09
2.24974e-09
1.95055e-09
1.67615e-09
1.42942e-09
1.21106e-09
1.0203e-09
8.55368e-10
7.13933e-10
5.93432e-10
4.91271e-10
4.04968e-10
3.32231e-10
2.70995e-10
2.19432e-10
1.75942e-10
1.39136e-10
1.0781e-10
8.09138e-11
5.75195e-11
3.6783e-11
1.78933e-11
7.45527e-34
1.46619e-13
9.80227e-11
1.91174e-10
2.79749e-10
3.63921e-10
4.43867e-10
5.19767e-10
5.91797e-10
6.60135e-10
7.24954e-10
7.86422e-10
8.44705e-10
8.99961e-10
9.52343e-10
1.002e-09
1.04907e-09
1.09369e-09
1.13598e-09
1.17608e-09
1.21409e-09
1.25013e-09
1.2843e-09
1.31671e-09
1.34744e-09
1.37658e-09
1.40423e-09
1.43045e-09
1.45533e-09
1.47894e-09
1.50134e-09
1.52261e-09
1.54279e-09
1.76032e-09
1.98898e-09
2.22638e-09
2.46899e-09
2.71198e-09
2.94909e-09
3.17261e-09
3.37354e-09
3.54202e-09
3.66803e-09
3.7424e-09
3.75805e-09
3.71116e-09
3.60212e-09
3.43586e-09
3.22143e-09
2.97089e-09
2.69767e-09
2.41497e-09
2.13442e-09
1.86524e-09
1.61397e-09
1.38465e-09
1.17917e-09
9.97768e-10
8.39559e-10
7.02906e-10
5.85777e-10
4.85978e-10
4.0132e-10
3.29725e-10
2.69278e-10
2.18259e-10
1.75145e-10
1.38598e-10
1.0745e-10
8.06771e-11
5.73697e-11
3.66957e-11
1.78534e-11
8.18281e-34
1.18246e-13
7.9161e-11
1.54396e-10
2.25949e-10
2.93962e-10
3.58582e-10
4.19954e-10
4.78222e-10
5.33529e-10
5.86012e-10
6.35809e-10
6.83049e-10
7.27861e-10
7.70365e-10
8.1068e-10
8.48917e-10
8.85183e-10
9.1958e-10
9.52207e-10
9.83155e-10
1.01251e-09
1.04036e-09
1.06679e-09
1.09186e-09
1.11565e-09
1.13823e-09
1.15966e-09
1.18e-09
1.19931e-09
1.21764e-09
1.23504e-09
1.25157e-09
1.43016e-09
1.61896e-09
1.81638e-09
2.02002e-09
2.22648e-09
2.43121e-09
2.62847e-09
2.81132e-09
2.97188e-09
3.10176e-09
3.19272e-09
3.23764e-09
3.23149e-09
3.17227e-09
3.06161e-09
2.90486e-09
2.71049e-09
2.48908e-09
2.25189e-09
2.00967e-09
1.77162e-09
1.54487e-09
1.33436e-09
1.14299e-09
9.72009e-10
8.21367e-10
6.90146e-10
5.76877e-10
4.79799e-10
3.97048e-10
3.26782e-10
2.67257e-10
2.16877e-10
1.74203e-10
1.3796e-10
1.07023e-10
8.03966e-11
5.7192e-11
3.65921e-11
1.78061e-11
8.9776e-34
9.47639e-14
6.35191e-11
1.23894e-10
1.81324e-10
2.35926e-10
2.8782e-10
3.37122e-10
3.83948e-10
4.28414e-10
4.70628e-10
5.107e-10
5.48734e-10
5.8483e-10
6.19085e-10
6.51592e-10
6.82439e-10
7.11711e-10
7.3949e-10
7.65852e-10
7.9087e-10
8.14615e-10
8.37152e-10
8.58544e-10
8.78851e-10
8.9813e-10
9.16433e-10
9.33813e-10
9.50316e-10
9.65989e-10
9.80873e-10
9.95012e-10
1.00844e-09
1.15393e-09
1.3085e-09
1.47119e-09
1.64043e-09
1.81387e-09
1.98833e-09
2.1596e-09
2.3225e-09
2.47091e-09
2.59804e-09
2.69684e-09
2.76067e-09
2.78409e-09
2.76368e-09
2.6987e-09
2.59152e-09
2.44742e-09
2.2741e-09
2.08061e-09
1.87634e-09
1.66997e-09
1.46878e-09
1.2783e-09
1.10225e-09
9.42728e-10
8.00526e-10
6.75432e-10
5.66557e-10
4.72603e-10
3.92054e-10
3.2333e-10
2.64881e-10
2.15247e-10
1.73091e-10
1.37207e-10
1.06518e-10
8.0064e-11
5.69811e-11
3.6469e-11
1.77498e-11
9.84466e-34
7.54973e-14
5.06621e-11
9.8821e-11
1.44638e-10
1.88208e-10
2.29628e-10
2.68992e-10
3.06393e-10
3.41921e-10
3.75665e-10
4.0771e-10
4.38138e-10
4.67028e-10
4.94458e-10
5.20501e-10
5.45225e-10
5.68698e-10
5.90983e-10
6.12142e-10
6.32231e-10
6.51306e-10
6.6942e-10
6.8662e-10
7.02955e-10
7.18469e-10
7.33205e-10
7.47202e-10
7.60498e-10
7.7313e-10
7.85131e-10
7.96534e-10
8.0737e-10
9.25006e-10
1.05056e-09
1.18349e-09
1.32279e-09
1.46695e-09
1.61376e-09
1.76026e-09
1.90266e-09
2.03635e-09
2.15601e-09
2.25585e-09
2.33005e-09
2.37332e-09
2.38158e-09
2.35259e-09
2.28649e-09
2.18595e-09
2.05598e-09
1.90335e-09
1.73577e-09
1.56095e-09
1.3859e-09
1.21639e-09
1.05671e-09
9.09663e-10
7.76784e-10
6.58542e-10
5.54637e-10
4.64245e-10
3.86227e-10
3.19287e-10
2.62089e-10
2.13328e-10
1.71779e-10
1.36316e-10
1.05919e-10
7.96697e-11
5.67309e-11
3.63229e-11
1.7683e-11
1.0789e-33
5.98183e-14
4.01817e-11
7.83811e-11
1.14728e-10
1.493e-10
1.82173e-10
2.13423e-10
2.43124e-10
2.71348e-10
2.98164e-10
3.2364e-10
3.47839e-10
3.70826e-10
3.9266e-10
4.13397e-10
4.33093e-10
4.518e-10
4.69569e-10
4.86445e-10
5.02476e-10
5.17704e-10
5.32169e-10
5.4591e-10
5.58966e-10
5.71369e-10
5.83155e-10
5.94354e-10
6.04996e-10
6.15109e-10
6.24721e-10
6.33856e-10
6.4254e-10
7.36994e-10
8.38219e-10
9.45946e-10
1.0596e-09
1.17821e-09
1.30033e-09
1.42392e-09
1.5463e-09
1.66408e-09
1.77323e-09
1.86917e-09
1.94703e-09
2.00205e-09
2.03005e-09
2.02802e-09
1.99461e-09
1.93047e-09
1.83834e-09
1.72281e-09
1.58973e-09
1.44559e-09
1.29672e-09
1.14876e-09
1.00628e-09
8.7262e-10
7.49914e-10
6.39261e-10
5.40928e-10
4.54573e-10
3.79448e-10
3.14564e-10
2.58815e-10
2.11071e-10
1.70231e-10
1.35263e-10
1.05211e-10
7.92023e-11
5.64338e-11
3.61493e-11
1.76036e-11
1.18154e-33
4.7155e-14
3.17042e-11
6.18467e-11
9.05309e-11
1.17819e-10
1.43772e-10
1.6845e-10
1.91912e-10
2.14213e-10
2.35408e-10
2.55551e-10
2.74693e-10
2.92881e-10
3.10163e-10
3.26584e-10
3.42186e-10
3.5701e-10
3.71095e-10
3.84479e-10
3.97196e-10
4.09281e-10
4.20764e-10
4.31677e-10
4.42049e-10
4.51906e-10
4.61275e-10
4.7018e-10
4.78645e-10
4.86692e-10
4.94342e-10
5.01615e-10
5.0853e-10
5.83877e-10
6.64918e-10
7.51564e-10
8.43515e-10
9.40197e-10
1.04069e-09
1.14364e-09
1.24721e-09
1.34898e-09
1.44598e-09
1.53472e-09
1.6113e-09
1.67165e-09
1.7119e-09
1.7288e-09
1.72015e-09
1.68521e-09
1.62495e-09
1.542e-09
1.44046e-09
1.32534e-09
1.20205e-09
1.07577e-09
9.51046e-10
8.31505e-10
7.19746e-10
6.17398e-10
5.2525e-10
4.43432e-10
3.71592e-10
3.09061e-10
2.54984e-10
2.0842e-10
1.68408e-10
1.34019e-10
1.04372e-10
7.86483e-11
5.60813e-11
3.59432e-11
1.75092e-11
1.29283e-33
3.69987e-14
2.48958e-11
4.85667e-11
7.10951e-11
9.25303e-11
1.12921e-10
1.32314e-10
1.50755e-10
1.6829e-10
1.84959e-10
2.00806e-10
2.1587e-10
2.30188e-10
2.43797e-10
2.56732e-10
2.69026e-10
2.80712e-10
2.91818e-10
3.02375e-10
3.12409e-10
3.21947e-10
3.31014e-10
3.39633e-10
3.47826e-10
3.55615e-10
3.63021e-10
3.70062e-10
3.76757e-10
3.83123e-10
3.89177e-10
3.94933e-10
4.00408e-10
4.6015e-10
5.24613e-10
5.93815e-10
6.67633e-10
7.45758e-10
8.27637e-10
9.1241e-10
9.98846e-10
1.08529e-09
1.16961e-09
1.24922e-09
1.32112e-09
1.38202e-09
1.42854e-09
1.45758e-09
1.46658e-09
1.45399e-09
1.41948e-09
1.36416e-09
1.29048e-09
1.20203e-09
1.10306e-09
9.98063e-10
8.91275e-10
7.86358e-10
6.86189e-10
5.92802e-10
5.0744e-10
4.30669e-10
3.62528e-10
3.02675e-10
2.50516e-10
2.05314e-10
1.66265e-10
1.32553e-10
1.03382e-10
7.79923e-11
5.56633e-11
3.56983e-11
1.7397e-11
1.41314e-33
2.89049e-14
1.94635e-11
3.79704e-11
5.55858e-11
7.23487e-11
8.82973e-11
1.03469e-10
1.17899e-10
1.31622e-10
1.44673e-10
1.57082e-10
1.68881e-10
1.801e-10
1.90766e-10
2.00906e-10
2.10548e-10
2.19714e-10
2.28429e-10
2.36714e-10
2.44592e-10
2.52083e-10
2.59205e-10
2.65977e-10
2.72417e-10
2.78541e-10
2.84364e-10
2.89902e-10
2.9517e-10
3.00179e-10
3.04944e-10
3.09476e-10
3.13787e-10
3.60892e-10
4.11862e-10
4.66774e-10
5.25613e-10
5.88241e-10
6.54351e-10
7.23423e-10
7.94668e-10
8.6698e-10
9.38891e-10
1.00854e-09
1.0737e-09
1.1318e-09
1.18008e-09
1.21577e-09
1.23637e-09
1.2399e-09
1.22527e-09
1.19243e-09
1.14252e-09
1.07776e-09
1.00125e-09
9.16591e-10
8.27481e-10
7.37387e-10
6.49259e-10
5.65388e-10
4.87367e-10
4.16147e-10
3.5213e-10
2.95296e-10
2.45323e-10
2.01687e-10
1.63752e-10
1.30828e-10
1.02213e-10
7.72163e-11
5.51678e-11
3.54078e-11
1.72637e-11
1.54273e-33
2.24924e-14
1.5155e-11
2.95659e-11
4.32837e-11
5.63393e-11
6.87625e-11
8.05824e-11
9.18269e-11
1.02523e-10
1.12697e-10
1.22373e-10
1.31576e-10
1.40327e-10
1.4865e-10
1.56566e-10
1.64093e-10
1.71251e-10
1.78058e-10
1.84532e-10
1.90689e-10
1.96544e-10
2.02113e-10
2.07409e-10
2.12447e-10
2.17238e-10
2.21795e-10
2.26131e-10
2.30254e-10
2.34177e-10
2.37909e-10
2.41459e-10
2.44837e-10
2.81788e-10
3.21869e-10
3.65183e-10
4.11777e-10
4.61616e-10
5.14554e-10
5.70297e-10
6.28365e-10
6.88048e-10
7.48361e-10
8.08017e-10
8.65404e-10
9.18607e-10
9.65455e-10
1.00365e-09
1.03091e-09
1.04522e-09
1.04508e-09
1.02972e-09
9.99267e-10
9.54827e-10
8.98379e-10
8.32572e-10
7.60424e-10
6.84997e-10
6.09116e-10
5.3516e-10
4.64955e-10
3.99753e-10
3.4028e-10
2.8682e-10
2.39316e-10
1.97467e-10
1.60814e-10
1.28803e-10
1.00835e-10
7.62998e-11
5.45815e-11
3.50634e-11
1.71056e-11
1.68169e-33
1.74389e-14
1.17564e-11
2.29361e-11
3.35789e-11
4.37089e-11
5.33496e-11
6.25233e-11
7.1252e-11
7.95565e-11
8.74569e-11
9.49725e-11
1.02122e-10
1.08922e-10
1.15391e-10
1.21544e-10
1.27397e-10
1.32964e-10
1.38259e-10
1.43296e-10
1.48088e-10
1.52645e-10
1.56981e-10
1.61105e-10
1.65029e-10
1.68761e-10
1.72312e-10
1.75691e-10
1.78905e-10
1.81963e-10
1.84873e-10
1.87642e-10
1.90276e-10
2.19126e-10
2.50486e-10
2.84466e-10
3.21143e-10
3.60541e-10
4.02613e-10
4.47214e-10
4.94068e-10
5.42739e-10
5.92595e-10
6.42769e-10
6.92142e-10
7.39326e-10
7.82688e-10
8.20402e-10
8.50551e-10
8.71277e-10
8.80966e-10
8.78458e-10
8.63228e-10
8.35515e-10
7.96348e-10
7.47461e-10
6.91105e-10
6.29803e-10
5.6608e-10
5.02239e-10
4.40199e-10
3.81419e-10
3.26884e-10
2.77148e-10
2.32407e-10
1.92581e-10
1.57392e-10
1.26433e-10
9.92177e-11
7.52197e-11
5.38887e-11
3.46557e-11
1.69182e-11
1.8299e-33
1.34756e-14
9.08873e-12
1.77319e-11
2.59606e-11
3.37935e-11
4.12489e-11
4.83441e-11
5.5096e-11
6.15208e-11
6.7634e-11
7.34505e-11
7.89845e-11
8.42494e-11
8.92585e-11
9.4024e-11
9.85577e-11
1.02871e-10
1.06975e-10
1.10879e-10
1.14593e-10
1.18127e-10
1.21489e-10
1.24688e-10
1.27732e-10
1.30628e-10
1.33384e-10
1.36006e-10
1.38501e-10
1.40876e-10
1.43135e-10
1.45285e-10
1.47332e-10
1.6976e-10
1.94183e-10
2.20708e-10
2.49422e-10
2.80379e-10
3.13589e-10
3.48997e-10
3.86462e-10
4.25734e-10
4.66422e-10
5.07965e-10
5.4961e-10
5.90389e-10
6.29115e-10
6.64403e-10
6.9472e-10
7.18479e-10
7.34159e-10
7.40472e-10
7.36527e-10
7.21975e-10
6.97106e-10
6.62856e-10
6.20727e-10
5.72624e-10
5.20648e-10
4.66878e-10
4.1319e-10
3.61136e-10
3.11881e-10
2.662e-10
2.24515e-10
1.86955e-10
1.53426e-10
1.23671e-10
9.73236e-11
7.39504e-11
5.30721e-11
3.41741e-11
1.66965e-11
1.98691e-33
1.03806e-14
7.00411e-12
1.36651e-11
2.0007e-11
2.60443e-11
3.17912e-11
3.7261e-11
4.24669e-11
4.74212e-11
5.21359e-11
5.66224e-11
6.08917e-11
6.49541e-11
6.88197e-11
7.24979e-11
7.59978e-11
7.9328e-11
8.24969e-11
8.55122e-11
8.83814e-11
9.11117e-11
9.37097e-11
9.6182e-11
9.85347e-11
1.00774e-10
1.02904e-10
1.04932e-10
1.06861e-10
1.08698e-10
1.10446e-10
1.12109e-10
1.13693e-10
1.31059e-10
1.5e-10
1.70612e-10
1.9298e-10
2.17171e-10
2.43225e-10
2.71139e-10
3.00856e-10
3.32245e-10
3.65079e-10
3.9901e-10
4.33551e-10
4.68047e-10
5.01667e-10
5.334e-10
5.62078e-10
5.86418e-10
6.05106e-10
6.16902e-10
6.20776e-10
6.16043e-10
6.0248e-10
5.80395e-10
5.50622e-10
5.14453e-10
4.7349e-10
4.2948e-10
3.8413e-10
3.38973e-10
2.9526e-10
2.53923e-10
2.1557e-10
1.80521e-10
1.48856e-10
1.20467e-10
9.51147e-11
7.24636e-11
5.21123e-11
3.36066e-11
1.64348e-11
2.15184e-33
7.97322e-15
5.38163e-12
1.04998e-11
1.53729e-11
2.00124e-11
2.4429e-11
2.86331e-11
3.26348e-11
3.64435e-11
4.00684e-11
4.35184e-11
4.68017e-11
4.99264e-11
5.29e-11
5.573e-11
5.84231e-11
6.09861e-11
6.34251e-11
6.57463e-11
6.79554e-11
7.00577e-11
7.20585e-11
7.39627e-11
7.5775e-11
7.74998e-11
7.91415e-11
8.0704e-11
8.21911e-11
8.36067e-11
8.4954e-11
8.62365e-11
8.74572e-11
1.00855e-10
1.15488e-10
1.31438e-10
1.48783e-10
1.67593e-10
1.87918e-10
2.09786e-10
2.33187e-10
2.58065e-10
2.84299e-10
3.11686e-10
3.39922e-10
3.68581e-10
3.97102e-10
4.24773e-10
4.50738e-10
4.74012e-10
4.93526e-10
5.08193e-10
5.17004e-10
5.19133e-10
5.14054e-10
5.01631e-10
4.82168e-10
4.564e-10
4.25426e-10
3.90593e-10
3.53347e-10
3.15091e-10
2.77073e-10
2.40305e-10
2.0553e-10
1.73224e-10
1.43625e-10
1.16773e-10
9.25517e-11
7.07295e-11
5.09883e-11
3.294e-11
1.61269e-11
2.32332e-33
6.10729e-15
4.1234e-12
8.04501e-12
1.17791e-11
1.53342e-11
1.87189e-11
2.19409e-11
2.50081e-11
2.79277e-11
3.07067e-11
3.33518e-11
3.58694e-11
3.82657e-11
4.05465e-11
4.27172e-11
4.47833e-11
4.67497e-11
4.86213e-11
5.04027e-11
5.20982e-11
5.3712e-11
5.5248e-11
5.671e-11
5.81016e-11
5.94261e-11
6.0687e-11
6.18871e-11
6.30295e-11
6.4117e-11
6.51521e-11
6.61375e-11
6.70756e-11
7.73769e-11
8.86399e-11
1.00935e-10
1.1433e-10
1.28888e-10
1.44664e-10
1.61697e-10
1.80005e-10
1.99575e-10
2.20352e-10
2.42227e-10
2.65021e-10
2.88468e-10
3.12201e-10
3.35738e-10
3.58475e-10
3.79686e-10
3.98547e-10
4.14165e-10
4.25644e-10
4.32161e-10
4.33054e-10
4.27919e-10
4.16678e-10
3.99618e-10
3.7738e-10
3.50895e-10
3.21288e-10
2.89756e-10
2.57451e-10
2.25387e-10
1.94381e-10
1.65025e-10
1.37688e-10
1.12543e-10
8.95955e-11
6.87174e-11
4.96778e-11
3.216e-11
1.57657e-11
2.49924e-33
4.6656e-15
3.15081e-12
6.14749e-12
9.00094e-12
1.17178e-11
1.43045e-11
1.67672e-11
1.91116e-11
2.13434e-11
2.34679e-11
2.54903e-11
2.74154e-11
2.92479e-11
3.09921e-11
3.26525e-11
3.42329e-11
3.57373e-11
3.71692e-11
3.85323e-11
3.98298e-11
4.10648e-11
4.22405e-11
4.33596e-11
4.44249e-11
4.5439e-11
4.64044e-11
4.73234e-11
4.81982e-11
4.90311e-11
4.98239e-11
5.05787e-11
5.12973e-11
5.9192e-11
6.78321e-11
7.72753e-11
8.75792e-11
9.87994e-11
1.10987e-10
1.24185e-10
1.38424e-10
1.53714e-10
1.70041e-10
1.87353e-10
2.05552e-10
2.24482e-10
2.43912e-10
2.63527e-10
2.82915e-10
3.01563e-10
3.18861e-10
3.34117e-10
3.46589e-10
3.55538e-10
3.6029e-10
3.60317e-10
3.55305e-10
3.45217e-10
3.30315e-10
3.11152e-10
2.88514e-10
2.63336e-10
2.36608e-10
2.09273e-10
1.82156e-10
1.55913e-10
1.31014e-10
1.07741e-10
8.62103e-11
6.63972e-11
4.81583e-11
3.12519e-11
1.53441e-11
2.67668e-33
3.55488e-15
2.40122e-12
4.685e-12
6.85971e-12
8.93042e-12
1.0902e-11
1.27791e-11
1.45663e-11
1.62677e-11
1.78874e-11
1.94294e-11
2.08973e-11
2.22947e-11
2.3625e-11
2.48914e-11
2.60969e-11
2.72445e-11
2.83369e-11
2.93769e-11
3.03669e-11
3.13094e-11
3.22066e-11
3.30608e-11
3.38739e-11
3.4648e-11
3.5385e-11
3.60866e-11
3.67545e-11
3.73904e-11
3.79959e-11
3.85723e-11
3.9121e-11
4.51525e-11
5.17589e-11
5.89867e-11
6.68835e-11
7.54965e-11
8.48711e-11
9.50483e-11
1.06062e-10
1.17936e-10
1.30675e-10
1.44263e-10
1.58655e-10
1.73762e-10
1.89448e-10
2.05514e-10
2.21691e-10
2.37628e-10
2.52891e-10
2.66968e-10
2.79278e-10
2.89206e-10
2.96141e-10
2.99535e-10
2.9896e-10
2.94174e-10
2.85166e-10
2.72171e-10
2.5566e-10
2.36293e-10
2.14849e-10
1.92141e-10
1.6894e-10
1.45916e-10
1.23593e-10
1.0234e-10
8.23666e-11
6.37414e-11
4.64078e-11
3.02006e-11
1.48545e-11
2.85171e-33
2.70136e-15
1.82501e-12
3.5608e-12
5.21372e-12
6.78764e-12
8.28629e-12
9.71321e-12
1.10718e-11
1.23653e-11
1.35968e-11
1.47692e-11
1.58854e-11
1.69481e-11
1.79597e-11
1.89229e-11
1.98398e-11
2.07128e-11
2.15438e-11
2.2335e-11
2.30882e-11
2.38054e-11
2.44881e-11
2.51381e-11
2.57569e-11
2.6346e-11
2.6907e-11
2.7441e-11
2.79495e-11
2.84336e-11
2.88945e-11
2.93333e-11
2.97511e-11
3.43449e-11
3.938e-11
4.48934e-11
5.09238e-11
5.751e-11
6.46908e-11
7.25028e-11
8.09793e-11
9.0147e-11
1.00023e-10
1.1061e-10
1.21892e-10
1.33826e-10
1.46336e-10
1.59302e-10
1.72556e-10
1.85865e-10
1.98934e-10
2.11396e-10
2.22819e-10
2.3272e-10
2.40587e-10
2.45917e-10
2.48258e-10
2.47269e-10
2.4276e-10
2.34734e-10
2.23399e-10
2.09155e-10
1.92553e-10
1.74238e-10
1.54878e-10
1.35102e-10
1.15448e-10
9.63353e-11
7.80456e-11
6.07281e-11
4.44068e-11
2.89922e-11
1.42897e-11
3.01924e-33
2.04701e-15
1.38315e-12
2.69869e-12
3.95145e-12
5.14438e-12
6.28029e-12
7.36188e-12
8.39171e-12
9.37225e-12
1.03058e-11
1.11947e-11
1.2041e-11
1.28468e-11
1.36139e-11
1.43443e-11
1.50396e-11
1.57017e-11
1.6332e-11
1.69321e-11
1.75035e-11
1.80475e-11
1.85654e-11
1.90586e-11
1.95281e-11
1.99751e-11
2.04007e-11
2.0806e-11
2.11918e-11
2.15592e-11
2.1909e-11
2.22421e-11
2.25592e-11
2.60469e-11
2.98718e-11
3.40632e-11
3.86517e-11
4.36689e-11
4.91469e-11
5.5117e-11
6.16091e-11
6.86497e-11
7.62598e-11
8.4452e-11
9.32268e-11
1.02568e-10
1.12438e-10
1.22769e-10
1.33459e-10
1.44362e-10
1.55282e-10
1.65967e-10
1.76109e-10
1.85346e-10
1.93273e-10
1.99467e-10
2.03509e-10
2.05032e-10
2.03758e-10
1.9954e-10
1.92387e-10
1.82482e-10
1.7016e-10
1.55881e-10
1.40175e-10
1.2359e-10
1.06636e-10
8.97448e-11
7.32437e-11
5.73442e-11
4.21404e-11
2.76146e-11
1.36432e-11
3.17292e-33
1.54644e-15
1.04504e-12
2.03901e-12
2.98557e-12
3.88694e-12
4.74525e-12
5.56254e-12
6.34075e-12
7.08175e-12
7.78729e-12
8.45908e-12
9.09871e-12
9.70772e-12
1.02876e-11
1.08397e-11
1.13654e-11
1.18659e-11
1.23424e-11
1.27961e-11
1.32282e-11
1.36395e-11
1.40312e-11
1.44041e-11
1.47591e-11
1.50972e-11
1.54191e-11
1.57256e-11
1.60175e-11
1.62954e-11
1.656e-11
1.6812e-11
1.70519e-11
1.96909e-11
2.25865e-11
2.57614e-11
2.92399e-11
3.30469e-11
3.72085e-11
4.17508e-11
4.66993e-11
5.20781e-11
5.79084e-11
6.42064e-11
7.09814e-11
7.8232e-11
8.59431e-11
9.40805e-11
1.02586e-10
1.11371e-10
1.20311e-10
1.29239e-10
1.37943e-10
1.46163e-10
1.53595e-10
1.59903e-10
1.64732e-10
1.67739e-10
1.6862e-10
1.67151e-10
1.63213e-10
1.56824e-10
1.48136e-10
1.37432e-10
1.25091e-10
1.11551e-10
9.72557e-11
8.26172e-11
6.79777e-11
5.3589e-11
3.9601e-11
2.60598e-11
1.29099e-11
3.30509e-33
1.16424e-15
7.86848e-13
1.53525e-12
2.24796e-12
2.92666e-12
3.57295e-12
4.18838e-12
4.7744e-12
5.33241e-12
5.86375e-12
6.36968e-12
6.85141e-12
7.31011e-12
7.74686e-12
8.16273e-12
8.5587e-12
8.93573e-12
9.29473e-12
9.63656e-12
9.96204e-12
1.0272e-11
1.0567e-11
1.0848e-11
1.11156e-11
1.13703e-11
1.16129e-11
1.18439e-11
1.20639e-11
1.22733e-11
1.24727e-11
1.26626e-11
1.28434e-11
1.48329e-11
1.70167e-11
1.94123e-11
2.20386e-11
2.49154e-11
2.80632e-11
3.15031e-11
3.52565e-11
3.9344e-11
4.3785e-11
4.85962e-11
5.37901e-11
5.93733e-11
6.53433e-11
7.16857e-11
7.83702e-11
8.53461e-11
9.25374e-11
9.98378e-11
1.07106e-10
1.14162e-10
1.20788e-10
1.26729e-10
1.31703e-10
1.35417e-10
1.37585e-10
1.37958e-10
1.36352e-10
1.32674e-10
1.2694e-10
1.1928e-10
1.09929e-10
9.91992e-11
8.74476e-11
7.50347e-11
6.22891e-11
4.94785e-11
3.6791e-11
2.43248e-11
1.20872e-11
3.40687e-33
8.72973e-16
5.90046e-13
1.15127e-12
1.68573e-12
2.19469e-12
2.67937e-12
3.1409e-12
3.5804e-12
3.9989e-12
4.3974e-12
4.77687e-12
5.1382e-12
5.48226e-12
5.80987e-12
6.12183e-12
6.41887e-12
6.70172e-12
6.97105e-12
7.2275e-12
7.4717e-12
7.70422e-12
7.92564e-12
8.13647e-12
8.33723e-12
8.5284e-12
8.71043e-12
8.88377e-12
9.04883e-12
9.20601e-12
9.35568e-12
9.49821e-12
9.63392e-12
1.11273e-11
1.27671e-11
1.45668e-11
1.65408e-11
1.87045e-11
2.1074e-11
2.3666e-11
2.64979e-11
2.95867e-11
3.29492e-11
3.66007e-11
4.05545e-11
4.48201e-11
4.94017e-11
5.42961e-11
5.94899e-11
6.49562e-11
7.06511e-11
7.65092e-11
8.24398e-11
8.83231e-11
9.40075e-11
9.9309e-11
1.04014e-10
1.07888e-10
1.10686e-10
1.1217e-10
1.12137e-10
1.10434e-10
1.06986e-10
1.01808e-10
9.50107e-11
8.67859e-11
7.73905e-11
6.71141e-11
5.62467e-11
4.50485e-11
3.37256e-11
2.24144e-11
1.11758e-11
3.46846e-33
6.51376e-16
4.40299e-13
8.5909e-13
1.25792e-12
1.63772e-12
1.99941e-12
2.34384e-12
2.67182e-12
2.98415e-12
3.28156e-12
3.56477e-12
3.83445e-12
4.09125e-12
4.33578e-12
4.56863e-12
4.79035e-12
5.00149e-12
5.20254e-12
5.39398e-12
5.57628e-12
5.74987e-12
5.91517e-12
6.07258e-12
6.22247e-12
6.3652e-12
6.50112e-12
6.63054e-12
6.75379e-12
6.87115e-12
6.98292e-12
7.08934e-12
7.19069e-12
8.30604e-12
9.53105e-12
1.0876e-11
1.23518e-11
1.39704e-11
1.57441e-11
1.76861e-11
1.98101e-11
2.21297e-11
2.4659e-11
2.74111e-11
3.03984e-11
3.3631e-11
3.71159e-11
4.08559e-11
4.4847e-11
4.90769e-11
5.35216e-11
5.81431e-11
6.28852e-11
6.76706e-11
7.23977e-11
7.69384e-11
8.1138e-11
8.48176e-11
8.77804e-11
8.98224e-11
9.07471e-11
9.03845e-11
8.861e-11
8.53625e-11
8.06552e-11
7.45786e-11
6.72914e-11
5.90029e-11
4.99473e-11
4.03566e-11
3.04356e-11
2.03428e-11
1.01807e-11
3.47959e-33
4.83055e-16
3.26542e-13
6.37134e-13
9.32922e-13
1.21461e-12
1.48286e-12
1.73831e-12
1.98157e-12
2.21323e-12
2.43382e-12
2.64389e-12
2.84393e-12
3.03441e-12
3.2158e-12
3.38853e-12
3.55301e-12
3.70964e-12
3.85879e-12
4.00082e-12
4.13607e-12
4.26486e-12
4.3875e-12
4.50429e-12
4.6155e-12
4.7214e-12
4.82225e-12
4.91829e-12
5.00974e-12
5.09683e-12
5.17976e-12
5.25874e-12
5.33394e-12
6.16171e-12
7.07107e-12
8.06974e-12
9.16603e-12
1.03689e-11
1.16878e-11
1.31328e-11
1.47146e-11
1.6444e-11
1.83323e-11
2.03903e-11
2.26286e-11
2.50567e-11
2.76825e-11
3.0511e-11
3.35434e-11
3.67755e-11
4.01959e-11
4.37834e-11
4.75048e-11
5.13119e-11
5.51387e-11
5.88991e-11
6.24849e-11
6.57658e-11
6.85919e-11
7.07984e-11
7.22153e-11
7.26792e-11
7.20492e-11
7.02226e-11
6.71492e-11
6.28405e-11
5.73711e-11
5.08713e-11
4.35116e-11
3.54816e-11
2.69679e-11
1.81346e-11
9.11197e-12
3.43022e-33
3.55381e-16
2.40247e-13
4.6876e-13
6.86383e-13
8.93632e-13
1.091e-12
1.27895e-12
1.45794e-12
1.62839e-12
1.7907e-12
1.94527e-12
2.09246e-12
2.23263e-12
2.36611e-12
2.49322e-12
2.61426e-12
2.72952e-12
2.83928e-12
2.9438e-12
3.04334e-12
3.13812e-12
3.22838e-12
3.31434e-12
3.39619e-12
3.47413e-12
3.54836e-12
3.61905e-12
3.68636e-12
3.75046e-12
3.81151e-12
3.86964e-12
3.925e-12
4.53436e-12
5.20392e-12
5.93942e-12
6.74705e-12
7.6335e-12
8.60594e-12
9.67202e-12
1.08398e-11
1.21177e-11
1.35145e-11
1.50389e-11
1.66997e-11
1.8505e-11
2.04621e-11
2.25767e-11
2.48525e-11
2.72894e-11
2.98831e-11
3.26229e-11
3.549e-11
3.84555e-11
4.14781e-11
4.45014e-11
4.74522e-11
5.02393e-11
5.27531e-11
5.48677e-11
5.64455e-11
5.73449e-11
5.74301e-11
5.65845e-11
5.47237e-11
5.18068e-11
4.78444e-11
4.28986e-11
3.70772e-11
3.05205e-11
2.33846e-11
1.5825e-11
7.98507e-12
3.3114e-33
2.58632e-16
1.74849e-13
3.41159e-13
4.99544e-13
6.5038e-13
7.94025e-13
9.30821e-13
1.06109e-12
1.18515e-12
1.30329e-12
1.41579e-12
1.52293e-12
1.62496e-12
1.72211e-12
1.81463e-12
1.90274e-12
1.98664e-12
2.06654e-12
2.14263e-12
2.21509e-12
2.28409e-12
2.3498e-12
2.41237e-12
2.47196e-12
2.5287e-12
2.58274e-12
2.63421e-12
2.68321e-12
2.72988e-12
2.77433e-12
2.81665e-12
2.85696e-12
3.30066e-12
3.78826e-12
4.32398e-12
4.91239e-12
5.55843e-12
6.26741e-12
7.04501e-12
7.89731e-12
8.83067e-12
9.85174e-12
1.09674e-11
1.21844e-11
1.35095e-11
1.4949e-11
1.65083e-11
1.81916e-11
2.00009e-11
2.19356e-11
2.39909e-11
2.61571e-11
2.84176e-11
3.0747e-11
3.31099e-11
3.54581e-11
3.77298e-11
3.98478e-11
4.17202e-11
4.32418e-11
4.42979e-11
4.47709e-11
4.45488e-11
4.35359e-11
4.16636e-11
3.89001e-11
3.52562e-11
3.07856e-11
2.55801e-11
1.9759e-11
1.3458e-11
6.82022e-12
3.11605e-33
1.85309e-16
1.25282e-13
2.44447e-13
3.57933e-13
4.66011e-13
5.68937e-13
6.66956e-13
7.60302e-13
8.49196e-13
9.3385e-13
1.01447e-12
1.09124e-12
1.16435e-12
1.23397e-12
1.30027e-12
1.36341e-12
1.42354e-12
1.4808e-12
1.53533e-12
1.58725e-12
1.6367e-12
1.68379e-12
1.72864e-12
1.77134e-12
1.81201e-12
1.85074e-12
1.88763e-12
1.92275e-12
1.9562e-12
1.98806e-12
2.01839e-12
2.04728e-12
2.36532e-12
2.71487e-12
3.09898e-12
3.52095e-12
3.98436e-12
4.49307e-12
5.05125e-12
5.66332e-12
6.334e-12
7.06823e-12
7.87117e-12
8.74804e-12
9.70409e-12
1.07444e-11
1.18735e-11
1.30954e-11
1.44129e-11
1.58268e-11
1.73359e-11
1.89355e-11
2.06164e-11
2.23638e-11
2.4156e-11
2.59623e-11
2.77419e-11
2.94426e-11
3.09997e-11
3.23365e-11
3.33656e-11
3.39925e-11
3.41205e-11
3.36585e-11
3.25298e-11
3.06806e-11
2.80886e-11
2.47671e-11
2.07661e-11
1.61682e-11
1.10827e-11
5.64067e-12
2.8394e-33
1.29584e-16
8.76106e-14
1.70943e-13
2.50305e-13
3.25885e-13
3.97863e-13
4.6641e-13
5.31689e-13
5.93856e-13
6.53058e-13
7.09438e-13
7.63128e-13
8.14258e-13
8.6295e-13
9.0932e-13
9.53478e-13
9.9553e-13
1.03558e-12
1.07371e-12
1.11003e-12
1.14462e-12
1.17755e-12
1.20892e-12
1.23879e-12
1.26724e-12
1.29433e-12
1.32012e-12
1.34469e-12
1.36809e-12
1.39037e-12
1.41159e-12
1.4318e-12
1.65427e-12
1.89881e-12
2.16757e-12
2.46285e-12
2.7872e-12
3.14335e-12
3.53424e-12
3.96304e-12
4.43311e-12
4.94803e-12
5.51152e-12
6.12743e-12
6.79967e-12
7.5321e-12
8.32836e-12
9.19174e-12
1.01249e-11
1.11293e-11
1.22053e-11
1.33508e-11
1.45613e-11
1.58284e-11
1.71391e-11
1.84746e-11
1.98089e-11
2.11077e-11
2.23275e-11
2.34148e-11
2.43067e-11
2.49319e-11
2.5214e-11
2.50757e-11
2.44454e-11
2.32642e-11
2.14937e-11
1.91218e-11
1.61676e-11
1.26818e-11
8.74553e-12
4.46949e-12
2.47838e-33
8.68522e-17
5.87213e-14
1.14575e-13
1.67768e-13
2.18426e-13
2.6667e-13
3.12615e-13
3.56369e-13
3.98038e-13
4.3772e-13
4.7551e-13
5.11498e-13
5.45771e-13
5.78409e-13
6.0949e-13
6.3909e-13
6.67278e-13
6.94122e-13
7.19686e-13
7.44031e-13
7.67215e-13
7.89294e-13
8.1032e-13
8.30344e-13
8.49413e-13
8.67573e-13
8.84867e-13
9.01337e-13
9.17022e-13
9.31959e-13
9.46184e-13
9.5973e-13
1.10888e-12
1.27284e-12
1.45304e-12
1.65106e-12
1.8686e-12
2.10752e-12
2.3698e-12
2.65761e-12
2.97323e-12
3.31911e-12
3.69782e-12
4.11204e-12
4.56452e-12
5.058e-12
5.59516e-12
6.17848e-12
6.81007e-12
7.4915e-12
8.22348e-12
9.00548e-12
9.83532e-12
1.07086e-11
1.16178e-11
1.25518e-11
1.34949e-11
1.44254e-11
1.53156e-11
1.61303e-11
1.68266e-11
1.73549e-11
1.76595e-11
1.76814e-11
1.73624e-11
1.665e-11
1.55034e-11
1.38997e-11
1.18391e-11
9.34798e-12
6.48139e-12
3.32466e-12
2.02939e-33
5.33193e-17
3.605e-14
7.03397e-14
1.02996e-13
1.34096e-13
1.63714e-13
1.91921e-13
2.18783e-13
2.44365e-13
2.68727e-13
2.91927e-13
3.14022e-13
3.35063e-13
3.55101e-13
3.74184e-13
3.92357e-13
4.09663e-13
4.26144e-13
4.4184e-13
4.56787e-13
4.71022e-13
4.84577e-13
4.97487e-13
5.09781e-13
5.21489e-13
5.32639e-13
5.43258e-13
5.5337e-13
5.63001e-13
5.72172e-13
5.80906e-13
5.89224e-13
6.80804e-13
7.81483e-13
8.92146e-13
1.01376e-12
1.14738e-12
1.29415e-12
1.4553e-12
1.63216e-12
1.82617e-12
2.03885e-12
2.27181e-12
2.52674e-12
2.80538e-12
3.10949e-12
3.44081e-12
3.801e-12
4.19152e-12
4.61356e-12
5.06781e-12
5.55432e-12
6.07218e-12
6.61918e-12
7.19142e-12
7.78275e-12
8.38426e-12
8.98359e-12
9.5643e-12
1.01053e-11
1.05804e-11
1.09582e-11
1.12029e-11
1.12751e-11
1.11341e-11
1.07411e-11
1.00633e-11
9.07824e-12
7.7783e-12
6.17464e-12
4.30015e-12
2.21252e-12
1.48314e-33
2.55745e-17
1.72915e-14
3.37386e-14
4.94023e-14
6.43196e-14
7.85262e-14
9.20556e-14
1.0494e-13
1.17211e-13
1.28896e-13
1.40025e-13
1.50623e-13
1.60716e-13
1.70327e-13
1.79481e-13
1.88198e-13
1.96499e-13
2.04405e-13
2.11933e-13
2.19103e-13
2.25931e-13
2.32434e-13
2.38626e-13
2.44524e-13
2.5014e-13
2.55488e-13
2.60582e-13
2.65433e-13
2.70052e-13
2.74452e-13
2.78641e-13
2.82632e-13
3.26563e-13
3.74861e-13
4.2795e-13
4.86298e-13
5.50409e-13
6.20834e-13
6.98168e-13
7.83056e-13
8.76189e-13
9.78304e-13
1.09018e-12
1.21265e-12
1.34656e-12
1.49278e-12
1.65217e-12
1.82556e-12
2.01372e-12
2.21728e-12
2.43665e-12
2.67197e-12
2.92293e-12
3.18865e-12
3.46744e-12
3.75661e-12
4.05213e-12
4.34833e-12
4.63761e-12
4.91001e-12
5.15306e-12
5.35158e-12
5.48783e-12
5.54196e-12
5.49296e-12
5.32012e-12
5.005e-12
4.53388e-12
3.90029e-12
3.10751e-12
2.17071e-12
1.11923e-12
8.15042e-34
7.56328e-42
9.95789e-41
3.27517e-40
6.58053e-40
1.05736e-39
1.4984e-39
1.95981e-39
2.42493e-39
2.88093e-39
3.31819e-39
3.72968e-39
4.11049e-39
4.45741e-39
4.76858e-39
5.04324e-39
5.28148e-39
5.48401e-39
5.65207e-39
5.78724e-39
5.89135e-39
5.9664e-39
6.01449e-39
6.03777e-39
6.03836e-39
6.01837e-39
5.97984e-39
5.92474e-39
5.85493e-39
5.77217e-39
5.67812e-39
5.57433e-39
3.69178e-38
8.74978e-38
1.26767e-37
1.81689e-37
2.58041e-37
3.63633e-37
5.09001e-37
7.08332e-37
9.80691e-37
1.35165e-36
1.85544e-36
2.53779e-36
3.4597e-36
4.70228e-36
6.37318e-36
8.61484e-36
1.16151e-35
1.56209e-35
2.09549e-35
2.80372e-35
3.74106e-35
4.97709e-35
6.60014e-35
8.72091e-35
1.1476e-34
1.50305e-34
1.95784e-34
2.53394e-34
3.25481e-34
4.14337e-34
5.21827e-34
6.48807e-34
7.94262e-34
9.5411e-34
1.11968e-33
1.27588e-33
1.39924e-33
1.4561e-33
1.40135e-33
1.17859e-33
7.23174e-34
2.83097e-34
