-2.72448e-38
-3.58708e-37
-1.1798e-36
-2.37047e-36
-3.80885e-36
-5.39759e-36
-7.05971e-36
-8.73515e-36
-1.03778e-35
-1.19529e-35
-1.34351e-35
-1.48069e-35
-1.60565e-35
-1.71774e-35
-1.81668e-35
-1.9025e-35
-1.97545e-35
-2.03599e-35
-2.08468e-35
-2.12218e-35
-2.14921e-35
-2.16653e-35
-2.17491e-35
-2.17512e-35
-2.16792e-35
-2.15404e-35
-2.13419e-35
-2.10904e-35
-2.07923e-35
-2.04535e-35
-2.00796e-35
-1.32983e-34
-3.15177e-34
-4.56624e-34
-6.54449e-34
-9.29453e-34
-1.30976e-33
-1.8333e-33
-2.55116e-33
-3.53195e-33
-4.86769e-33
-6.68154e-33
-9.13802e-33
-1.24564e-32
-1.69281e-32
-2.294e-32
-3.10033e-32
-4.17917e-32
-5.61897e-32
-7.53527e-32
-1.00781e-31
-1.34412e-31
-1.78721e-31
-2.36843e-31
-3.12693e-31
-4.11082e-31
-5.37792e-31
-6.99568e-31
-9.03972e-31
-1.15898e-30
-1.47219e-30
-1.84952e-30
-2.2931e-30
-2.79834e-30
-3.34984e-30
-3.9164e-30
-4.44512e-30
-4.85529e-30
-5.03273e-30
-4.82603e-30
-4.04673e-30
-2.47799e-30
-4.72089e-31
2.84836e-17
1.92583e-14
3.75761e-14
5.50214e-14
7.16354e-14
8.74578e-14
1.02526e-13
1.16876e-13
1.30542e-13
1.43557e-13
1.55951e-13
1.67754e-13
1.78995e-13
1.897e-13
1.99894e-13
2.09602e-13
2.18848e-13
2.27652e-13
2.36037e-13
2.44022e-13
2.51627e-13
2.58869e-13
2.65765e-13
2.72333e-13
2.78588e-13
2.84545e-13
2.90217e-13
2.9562e-13
3.00765e-13
3.05664e-13
3.1033e-13
3.14774e-13
3.637e-13
4.17487e-13
4.7661e-13
5.41586e-13
6.12978e-13
6.91398e-13
7.77507e-13
8.72021e-13
9.75705e-13
1.08938e-12
1.21391e-12
1.3502e-12
1.4992e-12
1.66185e-12
1.83911e-12
2.03188e-12
2.24097e-12
2.46705e-12
2.71055e-12
2.97154e-12
3.24961e-12
3.54367e-12
3.85174e-12
4.17067e-12
4.49581e-12
4.82071e-12
5.13669e-12
5.43254e-12
5.69429e-12
5.90505e-12
6.0453e-12
6.09342e-12
6.02687e-12
5.82382e-12
5.46544e-12
4.93841e-12
4.23757e-12
3.36826e-12
2.34812e-12
1.20898e-12
-2.65049e-30
5.95522e-17
4.02639e-14
7.85618e-14
1.15035e-13
1.49771e-13
1.82851e-13
2.14354e-13
2.44356e-13
2.72928e-13
3.00137e-13
3.2605e-13
3.50727e-13
3.74227e-13
3.96607e-13
4.1792e-13
4.38216e-13
4.57545e-13
4.75952e-13
4.93482e-13
5.10176e-13
5.26074e-13
5.41214e-13
5.55632e-13
5.69362e-13
5.82439e-13
5.94891e-13
6.0675e-13
6.18044e-13
6.288e-13
6.39043e-13
6.48797e-13
6.58087e-13
7.60365e-13
8.72803e-13
9.96388e-13
1.1322e-12
1.28141e-12
1.44529e-12
1.62523e-12
1.82269e-12
2.03927e-12
2.27667e-12
2.53667e-12
2.82113e-12
3.13197e-12
3.47114e-12
3.84053e-12
4.24194e-12
4.67693e-12
5.14672e-12
5.65199e-12
6.19262e-12
6.7674e-12
7.37364e-12
8.00669e-12
8.65937e-12
9.32135e-12
9.97842e-12
1.06119e-11
1.11978e-11
1.17069e-11
1.21043e-11
1.23506e-11
1.24031e-11
1.22185e-11
1.17566e-11
1.09843e-11
9.88107e-12
8.44261e-12
6.68466e-12
4.64517e-12
2.38637e-12
-4.81986e-30
9.74298e-17
6.58724e-14
1.28528e-13
1.88199e-13
2.45026e-13
2.99145e-13
3.50684e-13
3.99767e-13
4.46509e-13
4.91023e-13
5.33415e-13
5.73785e-13
6.1223e-13
6.48842e-13
6.83708e-13
7.16911e-13
7.48531e-13
7.78643e-13
8.07319e-13
8.34628e-13
8.60634e-13
8.85401e-13
9.08986e-13
9.31447e-13
9.52837e-13
9.73207e-13
9.92607e-13
1.01108e-12
1.02867e-12
1.04543e-12
1.06139e-12
1.07658e-12
1.24388e-12
1.42778e-12
1.6299e-12
1.852e-12
2.09597e-12
2.3639e-12
2.65801e-12
2.9807e-12
3.33454e-12
3.72224e-12
4.14666e-12
4.61077e-12
5.11759e-12
5.67013e-12
6.27132e-12
6.92381e-12
7.62985e-12
8.39097e-12
9.20773e-12
1.00792e-11
1.10026e-11
1.19725e-11
1.29799e-11
1.40118e-11
1.50497e-11
1.60687e-11
1.7037e-11
1.79147e-11
1.86539e-11
1.91993e-11
1.94902e-11
1.94632e-11
1.90572e-11
1.82192e-11
1.69101e-11
1.51117e-11
1.28308e-11
1.01017e-11
6.98701e-12
3.57798e-12
-6.5882e-30
1.46213e-16
9.88523e-14
1.92877e-13
2.82422e-13
3.677e-13
4.48914e-13
5.26255e-13
5.9991e-13
6.70052e-13
7.3685e-13
8.00462e-13
8.6104e-13
9.18729e-13
9.73667e-13
1.02598e-12
1.07581e-12
1.12325e-12
1.16844e-12
1.21146e-12
1.25244e-12
1.29146e-12
1.32862e-12
1.36401e-12
1.39771e-12
1.4298e-12
1.46037e-12
1.48947e-12
1.51719e-12
1.54359e-12
1.56873e-12
1.59267e-12
1.61547e-12
1.86646e-12
2.14234e-12
2.44552e-12
2.77861e-12
3.14446e-12
3.54614e-12
3.98696e-12
4.47046e-12
5.00041e-12
5.5808e-12
6.21577e-12
6.9096e-12
7.66658e-12
8.49095e-12
9.38664e-12
1.03571e-11
1.14051e-11
1.25319e-11
1.37374e-11
1.50187e-11
1.63699e-11
1.77807e-11
1.92355e-11
2.07119e-11
2.21793e-11
2.35981e-11
2.49182e-11
2.60789e-11
2.70096e-11
2.7632e-11
2.78631e-11
2.76215e-11
2.68341e-11
2.54443e-11
2.34195e-11
2.07571e-11
1.74873e-11
1.36724e-11
9.40337e-12
4.79677e-12
-8.03489e-30
2.10604e-16
1.42382e-13
2.77812e-13
4.06788e-13
5.29617e-13
6.46591e-13
7.57987e-13
8.64072e-13
9.65097e-13
1.0613e-12
1.15292e-12
1.24017e-12
1.32326e-12
1.40238e-12
1.47773e-12
1.54948e-12
1.61781e-12
1.68288e-12
1.74484e-12
1.80385e-12
1.86005e-12
1.91356e-12
1.96452e-12
2.01306e-12
2.05927e-12
2.10328e-12
2.1452e-12
2.18511e-12
2.22312e-12
2.25932e-12
2.29379e-12
2.32662e-12
2.68801e-12
3.0852e-12
3.52163e-12
4.00103e-12
4.52746e-12
5.10529e-12
5.73921e-12
6.43421e-12
7.19558e-12
8.02888e-12
8.93982e-12
9.93423e-12
1.10179e-11
1.21962e-11
1.34742e-11
1.48559e-11
1.63437e-11
1.79383e-11
1.96372e-11
2.14338e-11
2.33167e-11
2.52674e-11
2.72594e-11
2.92561e-11
3.12094e-11
3.30581e-11
3.47281e-11
3.61323e-11
3.71734e-11
3.77481e-11
3.77538e-11
3.70973e-11
3.57044e-11
3.35295e-11
3.05626e-11
2.6833e-11
2.24073e-11
1.73832e-11
1.18805e-11
6.03456e-12
-9.19044e-30
2.96497e-16
2.00444e-13
3.91099e-13
5.72668e-13
7.45582e-13
9.10252e-13
1.06707e-12
1.21641e-12
1.35862e-12
1.49405e-12
1.62302e-12
1.74583e-12
1.86279e-12
1.97416e-12
2.08022e-12
2.18121e-12
2.27739e-12
2.36898e-12
2.4562e-12
2.53925e-12
2.61834e-12
2.69366e-12
2.76539e-12
2.83369e-12
2.89873e-12
2.96067e-12
3.01966e-12
3.07583e-12
3.12933e-12
3.18027e-12
3.22878e-12
3.27498e-12
3.78352e-12
4.34236e-12
4.95629e-12
5.63052e-12
6.3707e-12
7.18285e-12
8.07344e-12
9.04933e-12
1.01177e-11
1.12861e-11
1.2562e-11
1.39531e-11
1.54667e-11
1.71095e-11
1.88872e-11
2.08036e-11
2.28603e-11
2.50551e-11
2.73812e-11
2.98253e-11
3.23662e-11
3.49725e-11
3.76005e-11
4.01923e-11
4.26744e-11
4.49568e-11
4.69336e-11
4.84863e-11
4.94885e-11
4.98144e-11
4.93491e-11
4.80003e-11
4.571e-11
4.24636e-11
3.82932e-11
3.32761e-11
2.75256e-11
2.11782e-11
1.4379e-11
7.27127e-12
-1.00674e-29
4.11575e-16
2.78229e-13
5.42869e-13
7.94896e-13
1.03491e-12
1.26347e-12
1.48114e-12
1.68842e-12
1.8858e-12
2.07377e-12
2.25277e-12
2.42322e-12
2.58554e-12
2.74011e-12
2.8873e-12
3.02746e-12
3.16093e-12
3.28803e-12
3.40906e-12
3.52432e-12
3.63407e-12
3.73858e-12
3.83811e-12
3.93289e-12
4.02314e-12
4.10909e-12
4.19093e-12
4.26887e-12
4.34309e-12
4.41377e-12
4.48108e-12
4.54518e-12
5.25069e-12
6.02583e-12
6.8772e-12
7.81194e-12
8.83773e-12
9.96278e-12
1.11958e-11
1.25461e-11
1.4023e-11
1.56365e-11
1.73964e-11
1.93121e-11
2.13926e-11
2.36454e-11
2.6076e-11
2.86872e-11
3.14773e-11
3.44388e-11
3.75568e-11
4.08064e-11
4.41503e-11
4.75365e-11
5.08957e-11
5.41392e-11
5.71582e-11
5.98249e-11
6.19954e-11
6.35165e-11
6.42354e-11
6.40123e-11
6.27354e-11
6.03343e-11
5.67912e-11
5.21458e-11
4.64923e-11
3.99689e-11
3.27407e-11
2.49802e-11
1.6848e-11
8.48217e-12
-1.0677e-29
5.66057e-16
3.82639e-13
7.46587e-13
1.09319e-12
1.42326e-12
1.73759e-12
2.03691e-12
2.32196e-12
2.59339e-12
2.85187e-12
3.09801e-12
3.33239e-12
3.55558e-12
3.76811e-12
3.97049e-12
4.1632e-12
4.34671e-12
4.52145e-12
4.68785e-12
4.84631e-12
4.99719e-12
5.14087e-12
5.27769e-12
5.40798e-12
5.53205e-12
5.65019e-12
5.7627e-12
5.86983e-12
5.97185e-12
6.069e-12
6.16152e-12
6.24962e-12
7.21923e-12
8.2843e-12
9.45379e-12
1.07374e-11
1.21453e-11
1.36887e-11
1.53791e-11
1.72286e-11
1.92496e-11
2.14546e-11
2.38559e-11
2.64648e-11
2.92913e-11
3.2343e-11
3.56239e-11
3.91329e-11
4.28621e-11
4.6794e-11
5.08994e-11
5.51342e-11
5.9436e-11
6.37214e-11
6.78837e-11
7.17913e-11
7.52895e-11
7.82041e-11
8.03496e-11
8.1541e-11
8.16095e-11
8.04202e-11
7.78896e-11
7.39981e-11
6.87968e-11
6.24037e-11
5.49909e-11
4.67637e-11
3.79359e-11
2.87059e-11
1.92361e-11
9.64307e-12
-1.10363e-29
7.73648e-16
5.22927e-13
1.02031e-12
1.49398e-12
1.94505e-12
2.3746e-12
2.78365e-12
3.17317e-12
3.54408e-12
3.89728e-12
4.2336e-12
4.55385e-12
4.85881e-12
5.14918e-12
5.42569e-12
5.68898e-12
5.93968e-12
6.17841e-12
6.40573e-12
6.62219e-12
6.8283e-12
7.02457e-12
7.21146e-12
7.38943e-12
7.55889e-12
7.72026e-12
7.87392e-12
8.02024e-12
8.15958e-12
8.29226e-12
8.41861e-12
8.53893e-12
9.86293e-12
1.13169e-11
1.29128e-11
1.46637e-11
1.65833e-11
1.8686e-11
2.09871e-11
2.35022e-11
2.62471e-11
2.92371e-11
3.24869e-11
3.60094e-11
3.98144e-11
4.39078e-11
4.82891e-11
5.29494e-11
5.78688e-11
6.30124e-11
6.83277e-11
7.37396e-11
7.91476e-11
8.44226e-11
8.94054e-11
9.39084e-11
9.77204e-11
1.00617e-10
1.02373e-10
1.02785e-10
1.01692e-10
9.89941e-11
9.46713e-11
8.87901e-11
8.14995e-11
7.3015e-11
6.35934e-11
5.35036e-11
4.2996e-11
3.22785e-11
2.14981e-11
1.07337e-11
-1.11699e-29
1.05283e-15
7.1157e-13
1.38837e-12
2.0329e-12
2.64668e-12
3.23116e-12
3.78772e-12
4.3177e-12
4.82235e-12
5.30288e-12
5.76044e-12
6.19612e-12
6.61097e-12
7.00598e-12
7.38211e-12
7.74024e-12
8.08126e-12
8.40596e-12
8.71514e-12
9.00953e-12
9.28985e-12
9.55676e-12
9.81092e-12
1.00529e-11
1.02834e-11
1.05028e-11
1.07117e-11
1.09107e-11
1.11001e-11
1.12805e-11
1.14523e-11
1.16159e-11
1.34157e-11
1.53915e-11
1.75593e-11
1.99363e-11
2.25406e-11
2.5391e-11
2.85072e-11
3.19088e-11
3.56153e-11
3.96451e-11
4.40146e-11
4.87366e-11
5.3819e-11
5.92622e-11
6.50563e-11
7.11777e-11
7.75853e-11
8.42155e-11
9.09782e-11
9.77516e-11
1.04379e-10
1.10667e-10
1.16389e-10
1.21286e-10
1.25087e-10
1.27519e-10
1.28336e-10
1.27342e-10
1.24422e-10
1.19554e-10
1.12825e-10
1.04424e-10
9.46185e-11
8.37317e-11
7.20999e-11
6.00401e-11
4.78198e-11
3.56351e-11
2.35993e-11
1.17392e-11
-6.10553e-30
1.07857e-15
7.28966e-13
1.42232e-12
2.0826e-12
2.71138e-12
3.31014e-12
3.88031e-12
4.42324e-12
4.94022e-12
5.43249e-12
5.90123e-12
6.34755e-12
6.77253e-12
7.17719e-12
7.5625e-12
7.92938e-12
8.27872e-12
8.61135e-12
8.92807e-12
9.22965e-12
9.5168e-12
9.79023e-12
1.00506e-11
1.02985e-11
1.05346e-11
1.07593e-11
1.09734e-11
1.11772e-11
1.13712e-11
1.1556e-11
1.1732e-11
1.18996e-11
1.37432e-11
1.5767e-11
1.79875e-11
2.04221e-11
2.30894e-11
2.60086e-11
2.91996e-11
3.26825e-11
3.6477e-11
4.06019e-11
4.50734e-11
4.99046e-11
5.51028e-11
6.06677e-11
6.65886e-11
7.28402e-11
7.93792e-11
8.61393e-11
9.30263e-11
9.99141e-11
1.06641e-10
1.13007e-10
1.18779e-10
1.23694e-10
1.27474e-10
1.29844e-10
1.30557e-10
1.2942e-10
1.26323e-10
1.21253e-10
1.14306e-10
1.05683e-10
9.56626e-11
8.45744e-11
7.27614e-11
6.05434e-11
4.81879e-11
3.58893e-11
2.37575e-11
1.18146e-11
-9.38875e-31
1.4281e-15
9.65104e-13
1.88305e-12
2.7572e-12
3.58963e-12
4.3823e-12
5.1371e-12
5.85581e-12
6.54016e-12
7.19177e-12
7.81221e-12
8.40296e-12
8.96544e-12
9.501e-12
1.00109e-11
1.04965e-11
1.09587e-11
1.13989e-11
1.1818e-11
1.2217e-11
1.2597e-11
1.29587e-11
1.33032e-11
1.36312e-11
1.39435e-11
1.42408e-11
1.4524e-11
1.47935e-11
1.50503e-11
1.52947e-11
1.55274e-11
1.57491e-11
1.81871e-11
2.08624e-11
2.37962e-11
2.70111e-11
3.05305e-11
3.43787e-11
3.85803e-11
4.31597e-11
4.814e-11
5.35418e-11
5.93818e-11
6.56703e-11
7.24087e-11
7.95859e-11
8.71743e-11
9.51244e-11
1.0336e-10
1.11772e-10
1.20212e-10
1.2849e-10
1.36371e-10
1.43576e-10
1.49795e-10
1.54693e-10
1.57939e-10
1.59236e-10
1.58347e-10
1.55133e-10
1.49575e-10
1.41784e-10
1.31998e-10
1.20552e-10
1.07848e-10
9.43063e-11
8.0326e-11
6.62471e-11
5.23278e-11
3.87305e-11
2.55172e-11
1.26507e-11
-1.04054e-30
1.93344e-15
1.30644e-12
2.54902e-12
3.73231e-12
4.85909e-12
5.93202e-12
6.95365e-12
7.9264e-12
8.85259e-12
9.73444e-12
1.05741e-11
1.13735e-11
1.21346e-11
1.28592e-11
1.35492e-11
1.4206e-11
1.48314e-11
1.54269e-11
1.59938e-11
1.65336e-11
1.70475e-11
1.75368e-11
1.80026e-11
1.84462e-11
1.88685e-11
1.92706e-11
1.96534e-11
2.0018e-11
2.03651e-11
2.06955e-11
2.10102e-11
2.13098e-11
2.46051e-11
2.82192e-11
3.21801e-11
3.6517e-11
4.12599e-11
4.64396e-11
5.20862e-11
5.82289e-11
6.48934e-11
7.2101e-11
7.98652e-11
8.81886e-11
9.70587e-11
1.06443e-10
1.16281e-10
1.26481e-10
1.36911e-10
1.47391e-10
1.57688e-10
1.67516e-10
1.76535e-10
1.84363e-10
1.90595e-10
1.94826e-10
1.96694e-10
1.95912e-10
1.92315e-10
1.85884e-10
1.76763e-10
1.65248e-10
1.5176e-10
1.36796e-10
1.20881e-10
1.04511e-10
8.81162e-11
7.20272e-11
5.64653e-11
4.15375e-11
2.72404e-11
1.34648e-11
-1.05046e-30
2.61487e-15
1.7666e-12
3.44684e-12
5.04686e-12
6.57043e-12
8.02112e-12
9.40239e-12
1.07175e-11
1.19696e-11
1.31617e-11
1.42967e-11
1.53772e-11
1.64059e-11
1.73853e-11
1.83176e-11
1.92053e-11
2.00503e-11
2.08548e-11
2.16208e-11
2.235e-11
2.30442e-11
2.37051e-11
2.43344e-11
2.49334e-11
2.55038e-11
2.60468e-11
2.65638e-11
2.70561e-11
2.75248e-11
2.7971e-11
2.83958e-11
2.88004e-11
3.32479e-11
3.81228e-11
4.34614e-11
4.9301e-11
5.56795e-11
6.26348e-11
7.02029e-11
7.84163e-11
8.73018e-11
9.68769e-11
1.07146e-10
1.18094e-10
1.29682e-10
1.41839e-10
1.54452e-10
1.6736e-10
1.80343e-10
1.93118e-10
2.05333e-10
2.16573e-10
2.26371e-10
2.34229e-10
2.39655e-10
2.42205e-10
2.41532e-10
2.37439e-10
2.29908e-10
2.19122e-10
2.05453e-10
1.89422e-10
1.71649e-10
1.52783e-10
1.33441e-10
1.14158e-10
9.53532e-11
7.73153e-11
6.02015e-11
4.40455e-11
2.87676e-11
1.41825e-11
-6.10508e-31
2.76284e-15
1.86651e-12
3.64177e-12
5.33227e-12
6.94197e-12
8.47468e-12
9.93402e-12
1.13235e-11
1.26463e-11
1.39058e-11
1.51048e-11
1.62463e-11
1.73331e-11
1.83677e-11
1.93527e-11
2.02904e-11
2.11831e-11
2.2033e-11
2.28421e-11
2.36124e-11
2.43457e-11
2.50439e-11
2.57086e-11
2.63414e-11
2.69438e-11
2.75174e-11
2.80635e-11
2.85835e-11
2.90785e-11
2.95498e-11
2.99985e-11
3.04258e-11
3.5123e-11
4.02711e-11
4.59078e-11
5.20722e-11
5.8804e-11
6.61421e-11
7.41237e-11
8.27817e-11
9.21426e-11
1.02222e-10
1.13023e-10
1.24525e-10
1.36682e-10
1.49414e-10
1.62595e-10
1.76048e-10
1.89532e-10
2.02742e-10
2.15299e-10
2.26762e-10
2.36638e-10
2.44408e-10
2.49567e-10
2.51668e-10
2.50379e-10
2.45525e-10
2.37128e-10
2.25416e-10
2.10808e-10
1.93872e-10
1.75261e-10
1.55649e-10
1.35666e-10
1.15849e-10
9.66093e-11
7.82254e-11
6.08399e-11
4.44716e-11
2.90259e-11
1.43035e-11
-2.89412e-31
3.53235e-15
2.38599e-12
4.6553e-12
6.81622e-12
8.8738e-12
1.08329e-11
1.26981e-11
1.44739e-11
1.61645e-11
1.7774e-11
1.93062e-11
2.07648e-11
2.21533e-11
2.34752e-11
2.47335e-11
2.59314e-11
2.70717e-11
2.81572e-11
2.91906e-11
3.01743e-11
3.11108e-11
3.20023e-11
3.28511e-11
3.3659e-11
3.44282e-11
3.51605e-11
3.58576e-11
3.65213e-11
3.71532e-11
3.77548e-11
3.83275e-11
3.88728e-11
4.4866e-11
5.14303e-11
5.86121e-11
6.64586e-11
7.50166e-11
8.43312e-11
9.44432e-11
1.05386e-10
1.17183e-10
1.2984e-10
1.4334e-10
1.57637e-10
1.72644e-10
1.88226e-10
2.04185e-10
2.20253e-10
2.36082e-10
2.51241e-10
2.65221e-10
2.77449e-10
2.87313e-10
2.94208e-10
2.97592e-10
2.97043e-10
2.92321e-10
2.83412e-10
2.70549e-10
2.54197e-10
2.35006e-10
2.13743e-10
1.91212e-10
1.68177e-10
1.453e-10
1.23106e-10
1.01961e-10
8.20778e-11
6.35277e-11
4.62574e-11
3.01049e-11
1.48081e-11
-4.29845e-31
4.77107e-15
3.22195e-12
6.28628e-12
9.20415e-12
1.19824e-11
1.46274e-11
1.71456e-11
1.95429e-11
2.1825e-11
2.39973e-11
2.60652e-11
2.80337e-11
2.99073e-11
3.16908e-11
3.33885e-11
3.50044e-11
3.65425e-11
3.80066e-11
3.94003e-11
4.07268e-11
4.19895e-11
4.31915e-11
4.43357e-11
4.54248e-11
4.64616e-11
4.74486e-11
4.83881e-11
4.92825e-11
5.01339e-11
5.09445e-11
5.17161e-11
5.24507e-11
6.05211e-11
6.93525e-11
7.90035e-11
8.95324e-11
1.00995e-10
1.13443e-10
1.26919e-10
1.41451e-10
1.57049e-10
1.73694e-10
1.9133e-10
2.09852e-10
2.29096e-10
2.48819e-10
2.68693e-10
2.88292e-10
3.07086e-10
3.24449e-10
3.39674e-10
3.52011e-10
3.60716e-10
3.65122e-10
3.64713e-10
3.59199e-10
3.48571e-10
3.33123e-10
3.13437e-10
2.90321e-10
2.64728e-10
2.37651e-10
2.10035e-10
1.82697e-10
1.56287e-10
1.31263e-10
1.079e-10
8.63074e-11
6.64519e-11
4.81861e-11
3.12639e-11
1.53481e-11
-4.4867e-31
6.4472e-15
4.3526e-12
8.49217e-12
1.24337e-11
1.61864e-11
1.9759e-11
2.316e-11
2.63974e-11
2.94789e-11
3.2412e-11
3.52037e-11
3.78608e-11
4.03898e-11
4.27967e-11
4.50875e-11
4.72678e-11
4.93429e-11
5.13178e-11
5.31975e-11
5.49865e-11
5.66893e-11
5.83099e-11
5.98525e-11
6.13207e-11
6.27181e-11
6.40483e-11
6.53144e-11
6.65196e-11
6.76668e-11
6.87588e-11
6.97983e-11
7.07878e-11
8.16529e-11
9.35293e-11
1.06489e-10
1.20603e-10
1.35935e-10
1.52538e-10
1.70449e-10
1.89682e-10
2.10214e-10
2.31979e-10
2.5485e-10
2.78624e-10
3.03007e-10
3.27593e-10
3.51859e-10
3.75153e-10
3.96703e-10
4.15637e-10
4.3103e-10
4.41967e-10
4.47625e-10
4.47373e-10
4.40861e-10
4.28085e-10
4.0942e-10
3.85591e-10
3.57605e-10
3.26642e-10
2.93933e-10
2.60641e-10
2.27776e-10
1.96137e-10
1.66292e-10
1.38586e-10
1.13166e-10
9.00178e-11
6.89947e-11
4.98515e-11
3.22594e-11
1.58103e-11
-4.20253e-31
8.71799e-15
5.88356e-12
1.1479e-11
1.68065e-11
2.18784e-11
2.67065e-11
3.13022e-11
3.56764e-11
3.98395e-11
4.38015e-11
4.75721e-11
5.11604e-11
5.45751e-11
5.78247e-11
6.0917e-11
6.38597e-11
6.666e-11
6.93248e-11
7.18606e-11
7.42739e-11
7.65704e-11
7.87559e-11
8.08358e-11
8.28152e-11
8.4699e-11
8.64919e-11
8.81983e-11
8.98223e-11
9.1368e-11
9.28392e-11
9.42395e-11
9.55723e-11
1.10197e-10
1.26162e-10
1.43553e-10
1.62451e-10
1.82923e-10
2.05017e-10
2.2875e-10
2.54099e-10
2.80983e-10
3.09247e-10
3.38644e-10
3.6881e-10
3.99249e-10
4.29314e-10
4.582e-10
4.84953e-10
5.08496e-10
5.27686e-10
5.41391e-10
5.48598e-10
5.48533e-10
5.40769e-10
5.25315e-10
5.02643e-10
4.73663e-10
4.39631e-10
4.0201e-10
3.62322e-10
3.22004e-10
2.82297e-10
2.44185e-10
2.08364e-10
1.75263e-10
1.4507e-10
1.17779e-10
9.32381e-11
7.11851e-11
5.12775e-11
3.3108e-11
1.62033e-11
-3.91614e-31
1.17992e-14
7.95954e-12
1.5529e-11
2.27356e-11
2.95959e-11
3.61257e-11
4.23405e-11
4.82549e-11
5.38831e-11
5.92386e-11
6.43346e-11
6.91833e-11
7.37968e-11
7.81863e-11
8.23626e-11
8.63362e-11
9.01168e-11
9.37139e-11
9.71364e-11
1.00393e-10
1.03491e-10
1.06439e-10
1.09244e-10
1.11914e-10
1.14454e-10
1.16871e-10
1.1917e-10
1.21359e-10
1.23442e-10
1.25424e-10
1.27311e-10
1.29106e-10
1.4879e-10
1.7024e-10
1.93557e-10
2.18827e-10
2.4611e-10
2.75431e-10
3.06762e-10
3.40007e-10
3.74977e-10
4.1137e-10
4.48737e-10
4.86468e-10
5.23761e-10
5.59621e-10
5.92865e-10
6.22161e-10
6.4609e-10
6.6325e-10
6.7239e-10
6.72556e-10
6.6323e-10
6.44435e-10
6.16774e-10
5.81388e-10
5.39843e-10
4.93959e-10
4.45622e-10
3.96603e-10
3.48433e-10
3.02314e-10
2.59102e-10
2.19319e-10
1.83199e-10
1.50742e-10
1.21777e-10
9.60074e-11
7.30566e-11
5.24897e-11
3.38266e-11
1.65352e-11
-3.63363e-31
1.59875e-14
1.07791e-11
2.10296e-11
3.0788e-11
4.00764e-11
4.89164e-11
5.73285e-11
6.53328e-11
7.29484e-11
8.01937e-11
8.70864e-11
9.36435e-11
9.9881e-11
1.05814e-10
1.11459e-10
1.16827e-10
1.21935e-10
1.26793e-10
1.31414e-10
1.3581e-10
1.39992e-10
1.4397e-10
1.47755e-10
1.51356e-10
1.54781e-10
1.5804e-10
1.61141e-10
1.64091e-10
1.66898e-10
1.69569e-10
1.7211e-10
1.74529e-10
2.01018e-10
2.29824e-10
2.61056e-10
2.94791e-10
3.31064e-10
3.69845e-10
4.11016e-10
4.5435e-10
4.99473e-10
5.45834e-10
5.92677e-10
6.39011e-10
6.83599e-10
7.24974e-10
7.61479e-10
7.91349e-10
8.12846e-10
8.24416e-10
8.24882e-10
8.13614e-10
7.90656e-10
7.56777e-10
7.13413e-10
6.62523e-10
6.06376e-10
5.47308e-10
4.8751e-10
4.28864e-10
3.72846e-10
3.20499e-10
2.72457e-10
2.29001e-10
1.90135e-10
1.55653e-10
1.2521e-10
9.83697e-11
7.46443e-11
5.35136e-11
3.44317e-11
1.68141e-11
-3.35948e-31
2.16917e-14
1.46156e-11
2.85136e-11
4.17432e-11
5.43341e-11
6.63152e-11
7.77145e-11
8.85589e-11
9.88744e-11
1.08686e-10
1.18018e-10
1.26893e-10
1.35334e-10
1.43361e-10
1.50995e-10
1.58254e-10
1.65158e-10
1.71723e-10
1.77967e-10
1.83904e-10
1.89551e-10
1.94922e-10
2.0003e-10
2.04889e-10
2.0951e-10
2.13906e-10
2.18087e-10
2.22064e-10
2.25847e-10
2.29447e-10
2.32871e-10
2.36129e-10
2.71768e-10
3.10427e-10
3.52207e-10
3.97153e-10
4.45234e-10
4.96311e-10
5.50105e-10
6.06156e-10
6.63786e-10
7.22057e-10
7.79737e-10
8.35291e-10
8.8689e-10
9.32468e-10
9.69825e-10
9.96794e-10
1.01144e-09
1.01232e-09
9.98639e-10
9.70492e-10
9.28854e-10
8.75541e-10
8.13011e-10
7.44094e-10
6.71696e-10
5.98529e-10
5.2691e-10
4.58647e-10
3.9501e-10
3.36765e-10
2.84248e-10
2.37455e-10
1.96133e-10
1.59865e-10
1.28135e-10
1.00371e-10
7.59832e-11
5.4374e-11
3.49388e-11
1.70474e-11
-3.09682e-31
2.94773e-14
1.98456e-11
3.87155e-11
5.6676e-11
7.37668e-11
9.00267e-11
1.05494e-10
1.20204e-10
1.34193e-10
1.47496e-10
1.60144e-10
1.72169e-10
1.83602e-10
1.94471e-10
2.04804e-10
2.14627e-10
2.23966e-10
2.32844e-10
2.41285e-10
2.49309e-10
2.56939e-10
2.64192e-10
2.71089e-10
2.77647e-10
2.83883e-10
2.89813e-10
2.95452e-10
3.00814e-10
3.05914e-10
3.10765e-10
3.15378e-10
3.19766e-10
3.67701e-10
4.19534e-10
4.75331e-10
5.35057e-10
5.98548e-10
6.65463e-10
7.35239e-10
8.07036e-10
8.79688e-10
9.51666e-10
1.02105e-09
1.08556e-09
1.14261e-09
1.18945e-09
1.22337e-09
1.24195e-09
1.24339e-09
1.22674e-09
1.19211e-09
1.14078e-09
1.07504e-09
9.97981e-10
9.13148e-10
8.24164e-10
7.3439e-10
6.46683e-10
5.63259e-10
4.85664e-10
4.14819e-10
3.51116e-10
2.94535e-10
2.44758e-10
2.01273e-10
1.6345e-10
1.30609e-10
1.02056e-10
7.71063e-11
5.50935e-11
3.53619e-11
1.72418e-11
-2.84767e-31
4.01281e-14
2.69898e-11
5.26509e-11
7.70717e-11
1.00306e-10
1.22405e-10
1.43421e-10
1.63403e-10
1.82399e-10
2.00456e-10
2.17618e-10
2.33929e-10
2.49431e-10
2.64162e-10
2.78162e-10
2.91465e-10
3.04107e-10
3.16121e-10
3.27539e-10
3.38389e-10
3.48701e-10
3.58501e-10
3.67817e-10
3.7667e-10
3.85086e-10
3.93087e-10
4.00692e-10
4.07922e-10
4.14796e-10
4.21332e-10
4.27546e-10
4.33456e-10
4.97889e-10
5.67296e-10
6.41645e-10
7.20743e-10
8.04173e-10
8.91244e-10
9.80915e-10
1.07174e-09
1.1618e-09
1.24871e-09
1.3296e-09
1.40123e-09
1.46014e-09
1.50294e-09
1.52659e-09
1.52884e-09
1.50851e-09
1.46581e-09
1.40234e-09
1.32104e-09
1.22581e-09
1.12109e-09
1.01143e-09
9.00985e-10
7.93295e-10
6.91076e-10
5.96207e-10
5.0979e-10
4.32278e-10
3.63622e-10
3.03413e-10
2.5101e-10
2.05642e-10
1.6648e-10
1.32691e-10
1.03468e-10
7.8044e-11
5.56927e-11
3.57136e-11
1.74033e-11
-2.61325e-31
5.4735e-14
3.67702e-11
7.17266e-11
1.04988e-10
1.36626e-10
1.6671e-10
1.95309e-10
2.22491e-10
2.48322e-10
2.72866e-10
2.96183e-10
3.18333e-10
3.39374e-10
3.5936e-10
3.78343e-10
3.96373e-10
4.13499e-10
4.29766e-10
4.45218e-10
4.59895e-10
4.73837e-10
4.87082e-10
4.99665e-10
5.1162e-10
5.22979e-10
5.33771e-10
5.44027e-10
5.53773e-10
5.63035e-10
5.71839e-10
5.80206e-10
5.8816e-10
6.74689e-10
7.67458e-10
8.66237e-10
9.70523e-10
1.07947e-09
1.19177e-09
1.30564e-09
1.41869e-09
1.5279e-09
1.62967e-09
1.71993e-09
1.79432e-09
1.84853e-09
1.87878e-09
1.8822e-09
1.85737e-09
1.80457e-09
1.72589e-09
1.62506e-09
1.50703e-09
1.37742e-09
1.2419e-09
1.10568e-09
9.73118e-10
8.47559e-10
7.31281e-10
6.25601e-10
5.31033e-10
4.47478e-10
3.74405e-10
3.11005e-10
2.56319e-10
2.0933e-10
1.69025e-10
1.34432e-10
1.04645e-10
7.88238e-11
5.61899e-11
3.6005e-11
1.75369e-11
-2.39408e-31
7.48204e-14
5.01894e-11
9.78975e-11
1.43283e-10
1.86441e-10
2.27465e-10
2.66448e-10
3.03483e-10
3.38659e-10
3.72065e-10
4.03783e-10
4.33898e-10
4.62487e-10
4.89626e-10
5.15389e-10
5.39843e-10
5.63057e-10
5.85094e-10
6.06013e-10
6.25872e-10
6.44726e-10
6.62626e-10
6.79623e-10
6.95761e-10
7.11087e-10
7.25642e-10
7.39466e-10
7.52596e-10
7.65068e-10
7.76917e-10
7.88174e-10
7.9887e-10
9.14908e-10
1.03859e-09
1.16931e-09
1.30601e-09
1.4471e-09
1.59034e-09
1.73271e-09
1.87044e-09
1.99899e-09
2.11319e-09
2.20753e-09
2.27656e-09
2.31545e-09
2.32063e-09
2.29031e-09
2.22489e-09
2.12708e-09
2.00167e-09
1.85497e-09
1.69409e-09
1.52616e-09
1.3577e-09
1.19412e-09
1.03951e-09
8.96657e-10
7.67112e-10
6.51454e-10
5.49506e-10
4.60568e-10
3.83614e-10
3.17444e-10
2.60795e-10
2.12425e-10
1.71151e-10
1.35882e-10
1.05622e-10
7.94699e-11
5.66012e-11
3.62457e-11
1.76471e-11
-2.19025e-31
1.02517e-13
6.86446e-11
1.33886e-10
1.95935e-10
2.54918e-10
3.10961e-10
3.6419e-10
4.1473e-10
4.62704e-10
5.08234e-10
5.51435e-10
5.92423e-10
6.31306e-10
6.68191e-10
7.03178e-10
7.36365e-10
7.67845e-10
7.97705e-10
8.26031e-10
8.52902e-10
8.78394e-10
9.02581e-10
9.2553e-10
9.47306e-10
9.67972e-10
9.87585e-10
1.0062e-09
1.02387e-09
1.04065e-09
1.05658e-09
1.0717e-09
1.08607e-09
1.24136e-09
1.40569e-09
1.57776e-09
1.75561e-09
1.93641e-09
2.11641e-09
2.29081e-09
2.45388e-09
2.59905e-09
2.7193e-09
2.8077e-09
2.85809e-09
2.86591e-09
2.82894e-09
2.74774e-09
2.62584e-09
2.46941e-09
2.28653e-09
2.08624e-09
1.87757e-09
1.66867e-09
1.46628e-09
1.27545e-09
1.09952e-09
9.40362e-10
7.98589e-10
6.73908e-10
5.65395e-10
4.71734e-10
3.91415e-10
3.22865e-10
2.64546e-10
2.15007e-10
1.72919e-10
1.37084e-10
1.06431e-10
8.00034e-11
5.69403e-11
3.64439e-11
1.77379e-11
-2.00148e-31
1.40821e-13
9.40853e-11
1.8349e-10
2.68494e-10
3.49264e-10
4.25966e-10
4.98772e-10
5.67853e-10
6.33379e-10
6.95515e-10
7.54426e-10
8.10269e-10
8.63199e-10
9.13363e-10
9.60903e-10
1.00596e-09
1.04865e-09
1.08911e-09
1.12746e-09
1.16381e-09
1.19826e-09
1.23092e-09
1.26188e-09
1.29123e-09
1.31907e-09
1.34546e-09
1.3705e-09
1.39425e-09
1.41677e-09
1.43815e-09
1.45843e-09
1.47768e-09
1.6849e-09
1.90222e-09
2.12719e-09
2.35629e-09
2.58478e-09
2.8066e-09
3.01446e-09
3.19997e-09
3.35415e-09
3.4681e-09
3.53393e-09
3.5458e-09
3.50088e-09
3.39996e-09
3.24766e-09
3.05196e-09
2.82327e-09
2.57315e-09
2.31306e-09
2.05328e-09
1.80219e-09
1.56603e-09
1.34887e-09
1.15287e-09
9.78703e-10
8.25888e-10
6.93193e-10
5.78928e-10
4.81178e-10
3.97974e-10
3.27402e-10
2.67671e-10
2.17151e-10
1.74384e-10
1.38078e-10
1.07098e-10
8.04427e-11
5.72192e-11
3.66068e-11
1.78124e-11
-1.82725e-31
1.93956e-13
1.29238e-10
2.52018e-10
3.68713e-10
4.79535e-10
5.84709e-10
6.84466e-10
7.79039e-10
8.68663e-10
9.53569e-10
1.03398e-09
1.11013e-09
1.18223e-09
1.25048e-09
1.31509e-09
1.37626e-09
1.43415e-09
1.48896e-09
1.54085e-09
1.58997e-09
1.63648e-09
1.68052e-09
1.72223e-09
1.76174e-09
1.79916e-09
1.83462e-09
1.86821e-09
1.90005e-09
1.93022e-09
1.95883e-09
1.98595e-09
2.01166e-09
2.28707e-09
2.57271e-09
2.86419e-09
3.15551e-09
3.43901e-09
3.70536e-09
3.9438e-09
4.14278e-09
4.2908e-09
4.37766e-09
4.39579e-09
4.34155e-09
4.21603e-09
4.02529e-09
3.77972e-09
3.4928e-09
3.17942e-09
2.8542e-09
2.53014e-09
2.21775e-09
1.92471e-09
1.65596e-09
1.41405e-09
1.1996e-09
1.0119e-09
8.49297e-10
7.09593e-10
5.90357e-10
4.89107e-10
4.03454e-10
3.31176e-10
2.70262e-10
2.18925e-10
1.75592e-10
1.38896e-10
1.07646e-10
8.08034e-11
5.7448e-11
3.67403e-11
1.78735e-11
-1.66688e-31
2.67887e-13
1.77917e-10
3.46899e-10
5.07431e-10
6.59788e-10
8.04265e-10
9.41175e-10
1.07084e-09
1.19358e-09
1.30972e-09
1.41958e-09
1.52347e-09
1.62171e-09
1.71458e-09
1.80238e-09
1.88538e-09
1.96383e-09
2.038e-09
2.10812e-09
2.17442e-09
2.2371e-09
2.29639e-09
2.35246e-09
2.4055e-09
2.45568e-09
2.50316e-09
2.5481e-09
2.59064e-09
2.63091e-09
2.66905e-09
2.70517e-09
2.73938e-09
3.10345e-09
3.47584e-09
3.84902e-09
4.21321e-09
4.55646e-09
4.86493e-09
5.12361e-09
5.31756e-09
5.43345e-09
5.46138e-09
5.39656e-09
5.24046e-09
5.00105e-09
4.69194e-09
4.33073e-09
3.93668e-09
3.5286e-09
3.12301e-09
2.73313e-09
2.36847e-09
2.03501e-09
1.73567e-09
1.47104e-09
1.24e-09
1.04032e-09
8.69169e-10
7.23418e-10
5.99935e-10
4.95719e-10
4.08005e-10
3.343e-10
2.72401e-10
2.20385e-10
1.76585e-10
1.39567e-10
1.08095e-10
8.10986e-11
5.7635e-11
3.68495e-11
1.79234e-11
-1.51962e-31
3.71057e-13
2.45461e-10
4.7852e-10
6.998e-10
9.09649e-10
1.10845e-09
1.29663e-09
1.47463e-09
1.64289e-09
1.80188e-09
1.95204e-09
2.09382e-09
2.22766e-09
2.35399e-09
2.47321e-09
2.58572e-09
2.6919e-09
2.7921e-09
2.88667e-09
2.97594e-09
3.06021e-09
3.13978e-09
3.21491e-09
3.28588e-09
3.35291e-09
3.41625e-09
3.47611e-09
3.53269e-09
3.58618e-09
3.63677e-09
3.68461e-09
3.72988e-09
4.2077e-09
4.68804e-09
5.15843e-09
5.60352e-09
6.00536e-09
6.3444e-09
6.60102e-09
6.7576e-09
6.801e-09
6.72483e-09
6.53096e-09
6.22989e-09
5.83961e-09
5.38319e-09
4.88582e-09
4.37181e-09
3.86234e-09
3.3741e-09
2.91889e-09
2.50393e-09
2.13258e-09
1.80523e-09
1.52021e-09
1.27451e-09
1.0644e-09
8.85888e-10
7.34981e-10
6.07906e-10
5.012e-10
4.11765e-10
3.36874e-10
2.7416e-10
2.21582e-10
1.77398e-10
1.40116e-10
1.08462e-10
8.13396e-11
5.77877e-11
3.69384e-11
1.7964e-11
-1.38464e-31
5.15408e-13
3.39329e-10
6.61386e-10
9.66959e-10
1.25647e-09
1.53043e-09
1.7894e-09
2.03398e-09
2.26481e-09
2.48252e-09
2.68777e-09
2.88119e-09
3.06342e-09
3.23507e-09
3.39674e-09
3.54899e-09
3.69237e-09
3.82741e-09
3.9546e-09
4.07441e-09
4.18728e-09
4.29364e-09
4.39388e-09
4.48837e-09
4.57746e-09
4.66149e-09
4.74075e-09
4.81554e-09
4.88613e-09
4.95278e-09
5.01571e-09
5.07515e-09
5.69641e-09
6.30737e-09
6.88823e-09
7.41566e-09
7.86397e-09
8.20716e-09
8.42169e-09
8.48982e-09
8.40273e-09
8.16272e-09
7.78364e-09
7.28934e-09
6.71041e-09
6.08002e-09
5.42992e-09
4.78741e-09
4.17371e-09
3.60352e-09
3.08553e-09
2.62353e-09
2.21756e-09
1.86511e-09
1.56212e-09
1.30367e-09
1.08461e-09
8.99839e-10
7.44584e-10
6.145e-10
5.05719e-10
4.14856e-10
3.38985e-10
2.75599e-10
2.22561e-10
1.78062e-10
1.40563e-10
1.08761e-10
8.15358e-11
5.79118e-11
3.70108e-11
1.79971e-11
-1.2611e-31
7.178e-13
4.69897e-10
9.15665e-10
1.33827e-09
1.73822e-09
2.11616e-09
2.47283e-09
2.80908e-09
3.12578e-09
3.42385e-09
3.70424e-09
3.96785e-09
4.21562e-09
4.44843e-09
4.66715e-09
4.87262e-09
5.06563e-09
5.24696e-09
5.41731e-09
5.57738e-09
5.72781e-09
5.86922e-09
6.00216e-09
6.12719e-09
6.2448e-09
6.35547e-09
6.45963e-09
6.5577e-09
6.65006e-09
6.73708e-09
6.81909e-09
6.8964e-09
7.69433e-09
8.45738e-09
9.1551e-09
9.75354e-09
1.02179e-08
1.05163e-08
1.06243e-08
1.05294e-08
1.02341e-08
9.75663e-09
9.1288e-09
8.39155e-09
7.58902e-09
6.76305e-09
5.94921e-09
5.17463e-09
4.45769e-09
3.80888e-09
3.23231e-09
2.72742e-09
2.29051e-09
1.91601e-09
1.59745e-09
1.32809e-09
1.10143e-09
9.11396e-10
7.52507e-10
6.19922e-10
5.09424e-10
4.17385e-10
3.40709e-10
2.76772e-10
2.23359e-10
1.78601e-10
1.40927e-10
1.09004e-10
8.16951e-11
5.80125e-11
3.70695e-11
1.80239e-11
-9.03134e-32
8.58942e-13
5.60358e-10
1.09179e-09
1.59536e-09
2.07161e-09
2.52125e-09
2.94518e-09
3.34438e-09
3.71993e-09
4.07292e-09
4.40451e-09
4.71582e-09
5.00799e-09
5.2821e-09
5.53923e-09
5.7804e-09
6.00661e-09
6.21877e-09
6.41779e-09
6.60451e-09
6.77971e-09
6.94414e-09
7.09851e-09
7.24346e-09
7.37962e-09
7.50755e-09
7.6278e-09
7.74086e-09
7.84719e-09
7.94724e-09
8.04141e-09
8.13007e-09
9.03783e-09
9.89022e-09
1.06494e-08
1.12746e-08
1.17259e-08
1.19694e-08
1.19826e-08
1.17594e-08
1.13124e-08
1.0672e-08
9.88222e-09
8.99395e-09
8.05816e-09
7.12e-09
6.21536e-09
5.36969e-09
4.5986e-09
3.90945e-09
3.30339e-09
2.77726e-09
2.32524e-09
1.94008e-09
1.61406e-09
1.33952e-09
1.10927e-09
9.16766e-10
7.56179e-10
6.2243e-10
5.11135e-10
4.18551e-10
3.41503e-10
2.77312e-10
2.23725e-10
1.78849e-10
1.41094e-10
1.09115e-10
8.17681e-11
5.80587e-11
3.70963e-11
1.80361e-11
-1.01688e-30
1.00063e-12
6.50752e-10
1.26775e-09
1.85214e-09
2.40447e-09
2.92555e-09
3.41638e-09
3.87811e-09
4.31199e-09
4.71934e-09
5.1015e-09
5.45982e-09
5.79565e-09
6.11029e-09
6.40502e-09
6.68106e-09
6.93959e-09
7.18173e-09
7.40854e-09
7.62101e-09
7.8201e-09
8.00668e-09
8.1816e-09
8.34562e-09
8.49947e-09
8.64384e-09
8.77935e-09
8.9066e-09
9.02613e-09
9.13845e-09
9.24404e-09
9.34335e-09
1.03523e-08
1.12832e-08
1.20909e-08
1.27283e-08
1.31514e-08
1.33259e-08
1.32328e-08
1.28743e-08
1.22739e-08
1.14747e-08
1.0532e-08
9.50533e-09
8.45058e-09
7.41459e-09
6.43241e-09
5.52712e-09
4.7113e-09
3.98928e-09
3.35945e-09
2.81636e-09
2.35235e-09
1.9588e-09
1.62694e-09
1.34836e-09
1.11533e-09
9.20903e-10
7.59003e-10
6.24356e-10
5.12447e-10
4.19445e-10
3.42111e-10
2.77725e-10
2.24005e-10
1.79039e-10
1.41222e-10
1.092e-10
8.18239e-11
5.8094e-11
3.71169e-11
1.80455e-11
-2.9909e-30
1.39622e-12
9.01194e-10
1.75509e-09
2.56299e-09
3.32541e-09
4.04332e-09
4.71807e-09
5.35124e-09
5.94461e-09
6.50006e-09
7.01956e-09
7.50508e-09
7.95859e-09
8.38204e-09
8.7773e-09
9.14619e-09
9.49043e-09
9.81168e-09
1.01115e-08
1.03913e-08
1.06526e-08
1.08966e-08
1.11245e-08
1.13374e-08
1.15365e-08
1.17226e-08
1.18968e-08
1.20597e-08
1.22123e-08
1.23552e-08
1.24892e-08
1.26148e-08
1.38655e-08
1.4966e-08
1.5852e-08
1.64623e-08
1.67468e-08
1.66766e-08
1.62509e-08
1.55002e-08
1.44821e-08
1.32722e-08
1.19522e-08
1.05979e-08
9.27181e-09
8.01988e-09
6.87128e-09
5.84106e-09
4.93343e-09
4.14507e-09
3.46794e-09
2.89149e-09
2.40415e-09
1.9944e-09
1.65133e-09
1.36504e-09
1.12672e-09
9.28674e-10
7.64299e-10
6.27962e-10
5.14902e-10
4.21114e-10
3.43246e-10
2.78496e-10
2.24528e-10
1.79392e-10
1.41459e-10
1.09359e-10
8.19277e-11
5.81596e-11
3.71551e-11
1.8063e-11
-3.82821e-30
1.94924e-12
1.24753e-09
2.42874e-09
3.54493e-09
4.59647e-09
5.58451e-09
6.5108e-09
7.37754e-09
8.18724e-09
8.94266e-09
9.64665e-09
1.03021e-08
1.0912e-08
1.14792e-08
1.20064e-08
1.24963e-08
1.29516e-08
1.33745e-08
1.37676e-08
1.41329e-08
1.44724e-08
1.4788e-08
1.50816e-08
1.53547e-08
1.56088e-08
1.58455e-08
1.6066e-08
1.62714e-08
1.6463e-08
1.66417e-08
1.68085e-08
1.69643e-08
1.8476e-08
1.97215e-08
2.06139e-08
2.10799e-08
2.10728e-08
2.05854e-08
1.96548e-08
1.83583e-08
1.68006e-08
1.50947e-08
1.33455e-08
1.16381e-08
1.00332e-08
8.56811e-09
7.26088e-09
6.11504e-09
5.12451e-09
4.27747e-09
3.55923e-09
2.95418e-09
2.44708e-09
2.02372e-09
1.67134e-09
1.37867e-09
1.13599e-09
9.34984e-10
7.68589e-10
6.30879e-10
5.16884e-10
4.22461e-10
3.4416e-10
2.79116e-10
2.24948e-10
1.79677e-10
1.41651e-10
1.09486e-10
8.20111e-11
5.82123e-11
3.71857e-11
1.8077e-11
-3.48292e-30
2.71672e-12
1.72304e-09
3.3532e-09
4.89157e-09
6.33814e-09
7.69416e-09
8.96193e-09
1.01445e-08
1.12454e-08
1.22686e-08
1.32184e-08
1.40989e-08
1.49146e-08
1.56696e-08
1.6368e-08
1.7014e-08
1.76111e-08
1.81631e-08
1.86734e-08
1.91451e-08
1.95812e-08
1.99845e-08
2.03575e-08
2.07027e-08
2.10222e-08
2.13181e-08
2.15923e-08
2.18464e-08
2.20822e-08
2.23009e-08
2.2504e-08
2.26927e-08
2.44612e-08
2.57842e-08
2.65514e-08
2.66862e-08
2.61655e-08
2.50309e-08
2.33855e-08
2.13748e-08
1.91586e-08
1.68848e-08
1.46714e-08
1.26006e-08
1.07207e-08
9.05302e-09
7.59951e-09
6.34971e-09
5.28619e-09
4.38838e-09
3.63505e-09
3.00589e-09
2.48229e-09
2.04767e-09
1.68761e-09
1.38972e-09
1.1435e-09
9.40075e-10
7.72046e-10
6.33225e-10
5.18476e-10
4.23542e-10
3.44894e-10
2.79614e-10
2.25285e-10
1.79904e-10
1.41803e-10
1.09588e-10
8.20778e-11
5.82544e-11
3.72102e-11
1.80881e-11
-3.16827e-30
3.76857e-12
2.36865e-09
4.60788e-09
6.71815e-09
8.69871e-09
1.05509e-08
1.22775e-08
1.38828e-08
1.53719e-08
1.67504e-08
1.80244e-08
1.92001e-08
2.02838e-08
2.12818e-08
2.22001e-08
2.30446e-08
2.38208e-08
2.45341e-08
2.51894e-08
2.57914e-08
2.63444e-08
2.68525e-08
2.73194e-08
2.77486e-08
2.81432e-08
2.85061e-08
2.88401e-08
2.91476e-08
2.94308e-08
2.96918e-08
2.99324e-08
3.01544e-08
3.21364e-08
3.34045e-08
3.38299e-08
3.33548e-08
3.20159e-08
2.99461e-08
2.73489e-08
2.4455e-08
2.14783e-08
1.85872e-08
1.58955e-08
1.34668e-08
1.13263e-08
9.47247e-09
7.88807e-09
6.54722e-09
5.42089e-09
4.48e-09
3.69726e-09
3.04809e-09
2.51088e-09
2.06704e-09
1.70073e-09
1.39861e-09
1.14952e-09
9.44156e-10
7.74811e-10
6.351e-10
5.19748e-10
4.24404e-10
3.45478e-10
2.8001e-10
2.25553e-10
1.80085e-10
1.41925e-10
1.09669e-10
8.21308e-11
5.82879e-11
3.72297e-11
1.8097e-11
-2.88168e-30
5.18536e-12
3.23347e-09
6.28812e-09
9.16338e-09
1.18573e-08
1.4371e-08
1.67081e-08
1.88743e-08
2.08765e-08
2.27227e-08
2.44216e-08
2.5982e-08
2.74129e-08
2.87235e-08
2.99224e-08
3.10182e-08
3.20189e-08
3.29323e-08
3.37654e-08
3.45252e-08
3.52178e-08
3.58492e-08
3.64247e-08
3.69493e-08
3.74275e-08
3.78634e-08
3.8261e-08
3.86237e-08
3.89546e-08
3.92567e-08
3.95326e-08
3.97847e-08
4.18757e-08
4.28589e-08
4.26051e-08
4.11206e-08
3.85641e-08
3.52183e-08
3.14221e-08
2.74947e-08
2.36852e-08
2.01561e-08
1.69934e-08
1.42263e-08
1.18473e-08
9.82789e-09
8.1295e-09
6.71079e-09
5.5315e-09
4.55472e-09
3.74772e-09
3.08215e-09
2.53388e-09
2.08257e-09
1.71122e-09
1.4057e-09
1.15432e-09
9.47403e-10
7.7701e-10
6.36589e-10
5.20757e-10
4.25088e-10
3.45942e-10
2.80324e-10
2.25766e-10
1.80228e-10
1.42021e-10
1.09733e-10
8.21728e-11
5.83143e-11
3.72451e-11
1.8104e-11
-2.62074e-30
7.02128e-12
4.3544e-09
8.466e-09
1.23328e-08
1.5951e-08
1.93216e-08
2.24489e-08
2.534e-08
2.80044e-08
3.04527e-08
3.26967e-08
3.47487e-08
3.66214e-08
3.83272e-08
3.98786e-08
4.12875e-08
4.25653e-08
4.3723e-08
4.47709e-08
4.57185e-08
4.65749e-08
4.73483e-08
4.80464e-08
4.86762e-08
4.92442e-08
4.97563e-08
5.02178e-08
5.06337e-08
5.10085e-08
5.13461e-08
5.16501e-08
5.1924e-08
5.39444e-08
5.42983e-08
5.28952e-08
4.98831e-08
4.56364e-08
4.06579e-08
3.5443e-08
3.03782e-08
2.57078e-08
2.15529e-08
1.79478e-08
1.48738e-08
1.22846e-08
1.01224e-08
8.32747e-09
6.84378e-09
5.62083e-09
4.61474e-09
3.78806e-09
3.10928e-09
2.55215e-09
2.09488e-09
1.71952e-09
1.4113e-09
1.1581e-09
9.4996e-10
7.78739e-10
6.3776e-10
5.2155e-10
4.25625e-10
3.46306e-10
2.8057e-10
2.25932e-10
1.80341e-10
1.42097e-10
1.09784e-10
8.22056e-11
5.83351e-11
3.72571e-11
1.81095e-11
-2.38322e-30
9.39918e-12
5.83139e-09
1.13377e-08
1.65161e-08
2.1361e-08
2.58728e-08
3.00561e-08
3.39197e-08
3.74747e-08
4.07348e-08
4.37148e-08
4.64308e-08
4.88994e-08
5.11373e-08
5.31613e-08
5.49877e-08
5.66323e-08
5.81104e-08
5.94363e-08
6.06237e-08
6.16852e-08
6.26327e-08
6.34771e-08
6.42285e-08
6.48962e-08
6.54885e-08
6.60133e-08
6.64775e-08
6.68875e-08
6.72489e-08
6.75671e-08
6.78465e-08
6.94531e-08
6.8548e-08
6.51854e-08
5.98304e-08
5.3236e-08
4.61992e-08
3.93487e-08
3.30686e-08
2.75337e-08
2.27809e-08
1.87692e-08
1.54217e-08
1.26496e-08
1.03655e-08
8.48951e-09
6.95188e-09
5.69304e-09
4.66303e-09
3.8204e-09
3.13097e-09
2.56671e-09
2.10467e-09
1.72611e-09
1.41575e-09
1.1611e-09
9.51985e-10
7.80108e-10
6.38686e-10
5.22177e-10
4.26049e-10
3.46593e-10
2.80765e-10
2.26064e-10
1.8043e-10
1.42156e-10
1.09823e-10
8.22315e-11
5.83514e-11
3.72666e-11
1.81138e-11
-2.16708e-30
1.19324e-11
7.44444e-09
1.44773e-08
2.10962e-08
2.72947e-08
3.30723e-08
3.8434e-08
4.33887e-08
4.79487e-08
5.21291e-08
5.59473e-08
5.94219e-08
6.2573e-08
6.54211e-08
6.7987e-08
7.02914e-08
7.23547e-08
7.41966e-08
7.58361e-08
7.72913e-08
7.85792e-08
7.97158e-08
8.07159e-08
8.15932e-08
8.23603e-08
8.30289e-08
8.36094e-08
8.41115e-08
8.45438e-08
8.49142e-08
8.52298e-08
8.54969e-08
8.63707e-08
8.36855e-08
7.77629e-08
6.95549e-08
6.03113e-08
5.1128e-08
4.26901e-08
3.52986e-08
2.90095e-08
2.37538e-08
1.94098e-08
1.58438e-08
1.2928e-08
1.05495e-08
8.61142e-09
7.0328e-09
5.74687e-09
4.69892e-09
3.84437e-09
3.14702e-09
2.57747e-09
2.1119e-09
1.73097e-09
1.41902e-09
1.1633e-09
9.53474e-10
7.81114e-10
6.39366e-10
5.22637e-10
4.26361e-10
3.46804e-10
2.80908e-10
2.2616e-10
1.80495e-10
1.422e-10
1.09852e-10
8.22505e-11
5.83634e-11
3.72736e-11
1.8117e-11
-1.9704e-30
1.16662e-11
7.25949e-09
1.4116e-08
2.05667e-08
2.66045e-08
3.22293e-08
3.74459e-08
4.22636e-08
4.66951e-08
5.07557e-08
5.4463e-08
5.7836e-08
6.08945e-08
6.3659e-08
6.61501e-08
6.83883e-08
7.03935e-08
7.21851e-08
7.37815e-08
7.52002e-08
7.64579e-08
7.75699e-08
7.85504e-08
7.94126e-08
8.01687e-08
8.08297e-08
8.14058e-08
8.1906e-08
8.23388e-08
8.27117e-08
8.30315e-08
8.33043e-08
8.43381e-08
8.19742e-08
7.64668e-08
6.86664e-08
5.97456e-08
5.07805e-08
4.24787e-08
3.51695e-08
2.89301e-08
2.37044e-08
1.93788e-08
1.58241e-08
1.29155e-08
1.05414e-08
8.60616e-09
7.02938e-09
5.74462e-09
4.69743e-09
3.84339e-09
3.14636e-09
2.57703e-09
2.1116e-09
1.73078e-09
1.41889e-09
1.16321e-09
9.53414e-10
7.81074e-10
6.39339e-10
5.22618e-10
4.26348e-10
3.46796e-10
2.80902e-10
2.26157e-10
1.80492e-10
1.42198e-10
1.09851e-10
8.22497e-11
5.83629e-11
3.72733e-11
1.81169e-11
-9.38166e-31
9.22279e-12
5.71263e-09
1.11061e-08
1.61771e-08
2.09202e-08
2.53356e-08
2.94283e-08
3.3207e-08
3.6683e-08
3.98701e-08
4.27831e-08
4.54381e-08
4.78516e-08
5.00402e-08
5.20204e-08
5.38083e-08
5.54194e-08
5.68687e-08
5.81702e-08
5.93371e-08
6.03818e-08
6.13157e-08
6.21495e-08
6.2893e-08
6.3555e-08
6.41437e-08
6.46667e-08
6.51306e-08
6.55416e-08
6.59053e-08
6.62266e-08
6.651e-08
6.82165e-08
6.75081e-08
6.44021e-08
5.93053e-08
5.29197e-08
4.60237e-08
3.92565e-08
3.30218e-08
2.75107e-08
2.27699e-08
1.87642e-08
1.54196e-08
1.26488e-08
1.03653e-08
8.4896e-09
6.95203e-09
5.69319e-09
4.66316e-09
3.8205e-09
3.13105e-09
2.56676e-09
2.10471e-09
1.72614e-09
1.41577e-09
1.16111e-09
9.51994e-10
7.80114e-10
6.3869e-10
5.22179e-10
4.26051e-10
3.46594e-10
2.80766e-10
2.26065e-10
1.8043e-10
1.42157e-10
1.09823e-10
8.22317e-11
5.83515e-11
3.72667e-11
1.81139e-11
3.20004e-34
7.11782e-12
4.41334e-09
8.5805e-09
1.24994e-08
1.61663e-08
1.9582e-08
2.27509e-08
2.56804e-08
2.83799e-08
3.08602e-08
3.31334e-08
3.52119e-08
3.71086e-08
3.88361e-08
4.04069e-08
4.18333e-08
4.31269e-08
4.42987e-08
4.53591e-08
4.6318e-08
4.71843e-08
4.79666e-08
4.86725e-08
4.93093e-08
4.98834e-08
5.04009e-08
5.08672e-08
5.12873e-08
5.16657e-08
5.20065e-08
5.23134e-08
5.25896e-08
5.46217e-08
5.49611e-08
5.35167e-08
5.04396e-08
4.61108e-08
4.10425e-08
3.57406e-08
3.05994e-08
2.58673e-08
2.16655e-08
1.80261e-08
1.49277e-08
1.23214e-08
1.01474e-08
8.34443e-09
6.85524e-09
5.62857e-09
4.61995e-09
3.79157e-09
3.11165e-09
2.55374e-09
2.09595e-09
1.72025e-09
1.41179e-09
1.15843e-09
9.50183e-10
7.7889e-10
6.37862e-10
5.21619e-10
4.25672e-10
3.46338e-10
2.80592e-10
2.25947e-10
1.80351e-10
1.42104e-10
1.09788e-10
8.22086e-11
5.8337e-11
3.72583e-11
1.811e-11
3.5193e-34
5.39113e-12
3.35897e-09
6.53195e-09
9.51821e-09
1.23156e-08
1.49252e-08
1.73509e-08
1.95984e-08
2.16751e-08
2.35892e-08
2.53497e-08
2.69659e-08
2.84473e-08
2.98033e-08
3.1043e-08
3.21754e-08
3.32088e-08
3.41514e-08
3.50105e-08
3.57934e-08
3.65066e-08
3.71561e-08
3.77476e-08
3.82863e-08
3.87769e-08
3.92238e-08
3.96309e-08
4.00019e-08
4.03401e-08
4.06485e-08
4.09298e-08
4.11865e-08
4.32972e-08
4.4244e-08
4.38966e-08
4.22695e-08
3.95379e-08
3.60061e-08
3.20329e-08
2.79519e-08
2.40177e-08
2.03928e-08
1.71593e-08
1.43413e-08
1.19263e-08
9.88183e-09
8.16619e-09
6.73566e-09
5.54834e-09
4.56609e-09
3.75539e-09
3.08733e-09
2.53737e-09
2.08493e-09
1.71281e-09
1.40678e-09
1.15504e-09
9.47894e-10
7.77342e-10
6.36814e-10
5.2091e-10
4.25191e-10
3.46012e-10
2.80372e-10
2.25798e-10
1.8025e-10
1.42036e-10
1.09743e-10
8.21793e-11
5.83185e-11
3.72475e-11
1.81051e-11
3.8702e-34
4.02658e-12
2.52677e-09
4.91513e-09
7.1654e-09
9.27663e-09
1.12501e-08
1.30889e-08
1.47975e-08
1.63813e-08
1.78463e-08
1.91992e-08
2.04466e-08
2.15954e-08
2.26522e-08
2.36236e-08
2.45159e-08
2.53351e-08
2.6087e-08
2.6777e-08
2.741e-08
2.79907e-08
2.85236e-08
2.90125e-08
2.94613e-08
2.98734e-08
3.02518e-08
3.05996e-08
3.09192e-08
3.12132e-08
3.14837e-08
3.17327e-08
3.19621e-08
3.39866e-08
3.52296e-08
3.55591e-08
3.49239e-08
3.33777e-08
3.10772e-08
2.82506e-08
2.51483e-08
2.19954e-08
1.89636e-08
1.61643e-08
1.3656e-08
1.14579e-08
9.56336e-09
7.95042e-09
6.5898e-09
5.44986e-09
4.49967e-09
3.71059e-09
3.05711e-09
2.51699e-09
2.07117e-09
1.70352e-09
1.4005e-09
1.1508e-09
9.45022e-10
7.75398e-10
6.35497e-10
5.20017e-10
4.24587e-10
3.45603e-10
2.80094e-10
2.2561e-10
1.80124e-10
1.41951e-10
1.09687e-10
8.21423e-11
5.82952e-11
3.7234e-11
1.8099e-11
2.38847e-34
3.82879e-12
2.40588e-09
4.68025e-09
6.82355e-09
8.835e-09
1.07159e-08
1.24692e-08
1.40992e-08
1.56109e-08
1.70102e-08
1.83033e-08
1.94964e-08
2.0596e-08
2.16085e-08
2.25399e-08
2.33963e-08
2.41834e-08
2.49065e-08
2.55707e-08
2.61807e-08
2.67409e-08
2.72556e-08
2.77284e-08
2.81629e-08
2.85623e-08
2.89295e-08
2.92674e-08
2.95784e-08
2.98647e-08
3.01285e-08
3.03717e-08
3.05961e-08
3.25947e-08
3.38646e-08
3.42757e-08
3.37704e-08
3.23882e-08
3.02662e-08
2.76133e-08
2.46653e-08
2.16402e-08
1.87084e-08
1.59841e-08
1.35305e-08
1.13713e-08
9.50404e-09
7.90998e-09
6.56233e-09
5.43124e-09
4.48706e-09
3.70207e-09
3.05135e-09
2.51309e-09
2.06854e-09
1.70174e-09
1.3993e-09
1.14998e-09
9.44471e-10
7.75025e-10
6.35244e-10
5.19846e-10
4.24471e-10
3.45524e-10
2.80041e-10
2.25574e-10
1.80099e-10
1.41935e-10
1.09676e-10
8.21352e-11
5.82907e-11
3.72314e-11
1.80978e-11
2.22891e-34
2.9766e-12
1.88335e-09
3.66482e-09
5.34537e-09
6.92484e-09
8.40452e-09
9.78686e-09
1.10752e-08
1.22734e-08
1.3386e-08
1.44175e-08
1.53727e-08
1.62565e-08
1.70734e-08
1.78281e-08
1.85251e-08
1.91685e-08
1.97624e-08
2.03106e-08
2.08165e-08
2.12835e-08
2.17147e-08
2.21129e-08
2.24808e-08
2.28208e-08
2.31351e-08
2.34259e-08
2.3695e-08
2.39441e-08
2.4175e-08
2.43889e-08
2.45874e-08
2.64268e-08
2.77574e-08
2.84623e-08
2.84667e-08
2.77585e-08
2.63988e-08
2.4514e-08
2.2272e-08
1.9849e-08
1.74016e-08
1.50495e-08
1.28722e-08
1.09131e-08
9.18771e-09
7.693e-09
6.41417e-09
5.33041e-09
4.41859e-09
3.65563e-09
3.01989e-09
2.49179e-09
2.05412e-09
1.69198e-09
1.39269e-09
1.14551e-09
9.41439e-10
7.7297e-10
6.33852e-10
5.18902e-10
4.2383e-10
3.4509e-10
2.79747e-10
2.25375e-10
1.79965e-10
1.41845e-10
1.09616e-10
8.20959e-11
5.82659e-11
3.7217e-11
1.80912e-11
4.3178e-34
2.18477e-12
1.39416e-09
2.71386e-09
3.96038e-09
5.13399e-09
6.2359e-09
7.26802e-09
8.2328e-09
9.13311e-09
9.97204e-09
1.07528e-08
1.14789e-08
1.21534e-08
1.27798e-08
1.33612e-08
1.39006e-08
1.44011e-08
1.48653e-08
1.5296e-08
1.56956e-08
1.60664e-08
1.64105e-08
1.67301e-08
1.70268e-08
1.73026e-08
1.75589e-08
1.77973e-08
1.80191e-08
1.82256e-08
1.84179e-08
1.85971e-08
1.87642e-08
2.03691e-08
2.16552e-08
2.25274e-08
2.29092e-08
2.27589e-08
2.20815e-08
2.09327e-08
1.94104e-08
1.76378e-08
1.57411e-08
1.38317e-08
1.19959e-08
1.02918e-08
8.75234e-09
7.39062e-09
6.20557e-09
5.18723e-09
4.32069e-09
3.58887e-09
2.97446e-09
2.46091e-09
2.03315e-09
1.67775e-09
1.38303e-09
1.13896e-09
9.36996e-10
7.69956e-10
6.31807e-10
5.17514e-10
4.22889e-10
3.44451e-10
2.79314e-10
2.25082e-10
1.79767e-10
1.41712e-10
1.09527e-10
8.2038e-11
5.82293e-11
3.71957e-11
1.80815e-11
5.1446e-34
1.59665e-12
1.02725e-09
2.00033e-09
2.92054e-09
3.78839e-09
4.60492e-09
5.37163e-09
6.09031e-09
6.76301e-09
7.39194e-09
7.97936e-09
8.52759e-09
9.03892e-09
9.51564e-09
9.95993e-09
1.03739e-08
1.07596e-08
1.1119e-08
1.14539e-08
1.17659e-08
1.20567e-08
1.23279e-08
1.25808e-08
1.28167e-08
1.30369e-08
1.32424e-08
1.34344e-08
1.36138e-08
1.37816e-08
1.39384e-08
1.40852e-08
1.42227e-08
1.55788e-08
1.67447e-08
1.76474e-08
1.822e-08
1.84121e-08
1.82006e-08
1.75967e-08
1.6647e-08
1.54264e-08
1.40254e-08
1.25359e-08
1.10391e-08
9.59834e-09
8.25725e-09
7.04132e-09
5.96144e-09
5.01784e-09
4.20382e-09
3.50859e-09
2.91948e-09
2.42336e-09
2.00755e-09
1.66032e-09
1.37117e-09
1.13089e-09
9.31515e-10
7.66232e-10
6.29277e-10
5.15796e-10
4.21722e-10
3.43659e-10
2.78777e-10
2.24718e-10
1.79521e-10
1.41546e-10
1.09417e-10
8.19659e-11
5.81838e-11
3.71692e-11
1.80694e-11
5.65533e-34
1.16408e-12
7.54613e-10
1.46989e-09
2.14705e-09
2.78665e-09
3.38957e-09
3.95696e-09
4.49014e-09
4.99059e-09
5.45985e-09
5.89952e-09
6.3112e-09
6.69648e-09
7.05694e-09
7.39408e-09
7.70937e-09
8.00422e-09
8.27995e-09
8.53782e-09
8.77903e-09
9.00469e-09
9.21587e-09
9.41354e-09
9.59863e-09
9.77199e-09
9.93443e-09
1.00867e-08
1.02295e-08
1.03634e-08
1.04891e-08
1.06071e-08
1.07179e-08
1.18348e-08
1.28455e-08
1.36968e-08
1.43349e-08
1.47125e-08
1.47958e-08
1.45722e-08
1.4054e-08
1.32787e-08
1.23031e-08
1.11945e-08
1.00208e-08
8.84198e-09
7.70565e-09
6.64507e-09
5.68022e-09
4.82021e-09
4.06601e-09
3.41308e-09
2.8536e-09
2.37809e-09
1.97652e-09
1.6391e-09
1.35669e-09
1.12102e-09
9.2479e-10
7.61654e-10
6.26162e-10
5.13677e-10
4.20282e-10
3.42681e-10
2.78112e-10
2.24268e-10
1.79217e-10
1.41342e-10
1.09281e-10
8.18766e-11
5.81274e-11
3.71364e-11
1.80545e-11
6.21578e-34
8.47883e-13
5.53349e-10
1.07815e-09
1.57546e-09
2.04583e-09
2.48996e-09
2.90874e-09
3.30314e-09
3.67421e-09
4.02305e-09
4.35079e-09
4.65853e-09
4.94739e-09
5.21845e-09
5.47275e-09
5.71131e-09
5.93511e-09
6.14505e-09
6.34201e-09
6.52683e-09
6.70027e-09
6.86309e-09
7.01596e-09
7.15953e-09
7.29441e-09
7.42117e-09
7.54032e-09
7.65237e-09
7.75777e-09
7.85695e-09
7.95031e-09
8.03823e-09
8.93913e-09
9.78667e-09
1.05436e-08
1.11695e-08
1.16248e-08
1.18753e-08
1.18982e-08
1.16864e-08
1.12516e-08
1.06231e-08
9.84406e-09
8.96506e-09
8.0368e-09
7.10451e-09
6.2043e-09
5.36189e-09
4.59314e-09
3.90566e-09
3.30077e-09
2.77546e-09
2.324e-09
1.93923e-09
1.61348e-09
1.33913e-09
1.109e-09
9.16582e-10
7.56053e-10
6.22344e-10
5.11077e-10
4.18512e-10
3.41476e-10
2.77294e-10
2.23713e-10
1.78842e-10
1.41089e-10
1.09112e-10
8.17663e-11
5.80577e-11
3.70958e-11
1.80359e-11
6.83044e-34
6.176e-13
4.05431e-10
7.90132e-10
1.15499e-09
1.50048e-09
1.82718e-09
2.13574e-09
2.42689e-09
2.70138e-09
2.96e-09
3.20354e-09
3.43277e-09
3.64848e-09
3.85141e-09
4.04229e-09
4.22183e-09
4.3907e-09
4.54953e-09
4.69894e-09
4.8395e-09
4.97176e-09
5.09623e-09
5.2134e-09
5.32372e-09
5.42761e-09
5.52548e-09
5.61769e-09
5.70461e-09
5.78656e-09
5.86384e-09
5.93675e-09
6.00554e-09
6.72e-09
7.4128e-09
8.05875e-09
8.62902e-09
9.09299e-09
9.42108e-09
9.58856e-09
9.57946e-09
9.38992e-09
9.02986e-09
8.52224e-09
7.89999e-09
7.20131e-09
6.46462e-09
5.72437e-09
5.00833e-09
4.33659e-09
3.72184e-09
3.17043e-09
2.68381e-09
2.26e-09
1.89479e-09
1.58276e-09
1.31796e-09
1.09446e-09
9.06616e-10
7.49234e-10
6.17685e-10
5.07897e-10
4.16343e-10
3.4e-10
2.7629e-10
2.23032e-10
1.7838e-10
1.40779e-10
1.08905e-10
8.16305e-11
5.79718e-11
3.70458e-11
1.80131e-11
7.5041e-34
4.50189e-13
2.9702e-10
5.7897e-10
8.46571e-10
1.10021e-09
1.34035e-09
1.56749e-09
1.78215e-09
1.98489e-09
2.17626e-09
2.35683e-09
2.52713e-09
2.68772e-09
2.83913e-09
2.98186e-09
3.1164e-09
3.24322e-09
3.36277e-09
3.47547e-09
3.58174e-09
3.68194e-09
3.77644e-09
3.86558e-09
3.94969e-09
4.02905e-09
4.10396e-09
4.17469e-09
4.24147e-09
4.30456e-09
4.36416e-09
4.42048e-09
4.47371e-09
5.0326e-09
5.58768e-09
6.12251e-09
6.61735e-09
7.04988e-09
7.39673e-09
7.63569e-09
7.74853e-09
7.72388e-09
7.55962e-09
7.26392e-09
6.85464e-09
6.35702e-09
5.80021e-09
5.21359e-09
4.62367e-09
4.05203e-09
3.51451e-09
3.02128e-09
2.57766e-09
2.18512e-09
1.84234e-09
1.54623e-09
1.29265e-09
1.07699e-09
8.94586e-10
7.40974e-10
6.12025e-10
5.04025e-10
4.13698e-10
3.38196e-10
2.75061e-10
2.22196e-10
1.77815e-10
1.40397e-10
1.0865e-10
8.14635e-11
5.78662e-11
3.69843e-11
1.7985e-11
8.24182e-34
3.28542e-13
2.17684e-10
4.24397e-10
6.20708e-10
8.06934e-10
9.83429e-10
1.15057e-09
1.30874e-09
1.45834e-09
1.59978e-09
1.73345e-09
1.85975e-09
1.97904e-09
2.09172e-09
2.19813e-09
2.29862e-09
2.39352e-09
2.48314e-09
2.56778e-09
2.64773e-09
2.72325e-09
2.7946e-09
2.86202e-09
2.92574e-09
2.98597e-09
3.04291e-09
3.09676e-09
3.14768e-09
3.19585e-09
3.24143e-09
3.28457e-09
3.3254e-09
3.7578e-09
4.19555e-09
4.62829e-09
5.04299e-09
5.42415e-09
5.75444e-09
6.01595e-09
6.19183e-09
6.26846e-09
6.2376e-09
6.09804e-09
5.85639e-09
5.52655e-09
5.12794e-09
4.68299e-09
4.21439e-09
3.74269e-09
3.28482e-09
2.85332e-09
2.45642e-09
2.09854e-09
1.78108e-09
1.50321e-09
1.26261e-09
1.05613e-09
8.80155e-10
7.31024e-10
6.05182e-10
4.9933e-10
4.10484e-10
3.35999e-10
2.73562e-10
2.21176e-10
1.77123e-10
1.39931e-10
1.08339e-10
8.12589e-11
5.77368e-11
3.69089e-11
1.79505e-11
9.04887e-34
2.40113e-13
1.59661e-10
3.1132e-10
4.55419e-10
5.92211e-10
7.21966e-10
8.44967e-10
9.61499e-10
1.07186e-09
1.17632e-09
1.27519e-09
1.36873e-09
1.45722e-09
1.54092e-09
1.62008e-09
1.69496e-09
1.76577e-09
1.83275e-09
1.8961e-09
1.95603e-09
2.01272e-09
2.06636e-09
2.11712e-09
2.16516e-09
2.21063e-09
2.25367e-09
2.29443e-09
2.33302e-09
2.36958e-09
2.4042e-09
2.43701e-09
2.4681e-09
2.79971e-09
3.14065e-09
3.48459e-09
3.82324e-09
4.14626e-09
4.44147e-09
4.69539e-09
4.89417e-09
5.02494e-09
5.07739e-09
5.04542e-09
4.92834e-09
4.73143e-09
4.46549e-09
4.1456e-09
3.78911e-09
3.41365e-09
3.03533e-09
2.66746e-09
2.32007e-09
1.99982e-09
1.71038e-09
1.45304e-09
1.2273e-09
1.03142e-09
8.62959e-10
7.19108e-10
5.96955e-10
4.93666e-10
4.06594e-10
3.33333e-10
2.71741e-10
2.19935e-10
1.76279e-10
1.39361e-10
1.07958e-10
8.10088e-11
5.75783e-11
3.68165e-11
1.79083e-11
9.93068e-34
1.75764e-13
1.17221e-10
2.28593e-10
3.34458e-10
4.35013e-10
5.30464e-10
6.21021e-10
7.06896e-10
7.88302e-10
8.65447e-10
9.38537e-10
1.00777e-09
1.07335e-09
1.13545e-09
1.19426e-09
1.24995e-09
1.30269e-09
1.35264e-09
1.39993e-09
1.44473e-09
1.48716e-09
1.52735e-09
1.56543e-09
1.60151e-09
1.63569e-09
1.66809e-09
1.6988e-09
1.72791e-09
1.75551e-09
1.78168e-09
1.8065e-09
1.83004e-09
2.0826e-09
2.34551e-09
2.61508e-09
2.88622e-09
3.15226e-09
3.40503e-09
3.6349e-09
3.83136e-09
3.98362e-09
4.08178e-09
4.11795e-09
4.08754e-09
3.99012e-09
3.82989e-09
3.61529e-09
3.35804e-09
3.07169e-09
2.77002e-09
2.46572e-09
2.16934e-09
1.88892e-09
1.62986e-09
1.39524e-09
1.18618e-09
1.00241e-09
8.42626e-10
7.04933e-10
5.87117e-10
4.86865e-10
4.01907e-10
3.30113e-10
2.69534e-10
2.18427e-10
1.75254e-10
1.38668e-10
1.07494e-10
8.07037e-11
5.7385e-11
3.67037e-11
1.78568e-11
1.08927e-33
1.28874e-13
8.61602e-11
1.68038e-10
2.45894e-10
3.1988e-10
3.90153e-10
4.56867e-10
5.20182e-10
5.80251e-10
6.37227e-10
6.91259e-10
7.42491e-10
7.91062e-10
8.37108e-10
8.80758e-10
9.22135e-10
9.61358e-10
9.9854e-10
1.03379e-09
1.06721e-09
1.09889e-09
1.12893e-09
1.15742e-09
1.18444e-09
1.21006e-09
1.23437e-09
1.25743e-09
1.2793e-09
1.30006e-09
1.31976e-09
1.33846e-09
1.3562e-09
1.54751e-09
1.74869e-09
1.95767e-09
2.17144e-09
2.3859e-09
2.59572e-09
2.79437e-09
2.97429e-09
3.12719e-09
3.24466e-09
3.319e-09
3.34411e-09
3.31648e-09
3.23586e-09
3.10554e-09
2.93215e-09
2.72485e-09
2.49427e-09
2.25126e-09
2.00584e-09
1.76645e-09
1.53953e-09
1.32949e-09
1.13887e-09
9.68689e-10
8.18788e-10
6.88195e-10
5.75432e-10
4.78745e-10
3.96288e-10
3.26239e-10
2.66872e-10
2.16605e-10
1.74011e-10
1.37826e-10
1.06929e-10
8.03323e-11
5.71494e-11
3.65662e-11
1.77939e-11
1.19404e-33
9.4649e-14
6.34074e-11
1.23673e-10
1.80995e-10
2.35489e-10
2.87273e-10
3.36463e-10
3.83176e-10
4.27524e-10
4.6962e-10
5.09571e-10
5.47482e-10
5.83454e-10
6.17584e-10
6.49964e-10
6.80685e-10
7.09831e-10
7.37483e-10
7.6372e-10
7.88614e-10
8.12235e-10
8.34651e-10
8.55923e-10
8.76113e-10
8.95277e-10
9.13467e-10
9.30736e-10
9.47132e-10
9.62699e-10
9.77482e-10
9.91521e-10
1.00486e-09
1.14916e-09
1.30216e-09
1.46278e-09
1.62933e-09
1.79935e-09
1.96954e-09
2.13562e-09
2.29241e-09
2.4339e-09
2.55355e-09
2.64476e-09
2.70151e-09
2.71905e-09
2.69465e-09
2.62815e-09
2.52215e-09
2.38184e-09
2.21445e-09
2.02834e-09
1.83209e-09
1.63367e-09
1.43984e-09
1.25579e-09
1.08511e-09
9.29927e-10
7.91111e-10
6.68597e-10
5.61651e-10
4.69112e-10
3.89588e-10
3.21599e-10
2.63673e-10
2.14408e-10
1.7251e-10
1.36807e-10
1.06245e-10
7.98815e-11
5.68632e-11
3.6399e-11
1.77174e-11
1.30788e-33
6.96247e-14
4.67212e-11
9.11338e-11
1.33386e-10
1.73568e-10
2.11766e-10
2.48068e-10
2.82559e-10
3.15323e-10
3.46442e-10
3.75994e-10
4.04055e-10
4.30698e-10
4.55994e-10
4.80011e-10
5.02812e-10
5.24459e-10
5.45011e-10
5.64524e-10
5.83051e-10
6.00643e-10
6.17347e-10
6.3321e-10
6.48275e-10
6.62583e-10
6.76172e-10
6.89081e-10
7.01343e-10
7.12993e-10
7.24061e-10
7.34578e-10
7.44572e-10
8.53067e-10
9.68876e-10
1.0915e-09
1.22004e-09
1.35312e-09
1.48873e-09
1.62421e-09
1.75613e-09
1.88036e-09
1.99211e-09
2.08621e-09
2.15746e-09
2.20109e-09
2.21339e-09
2.19223e-09
2.13748e-09
2.0512e-09
1.9375e-09
1.80204e-09
1.65148e-09
1.49262e-09
1.33182e-09
1.17452e-09
1.02491e-09
8.85932e-10
7.59331e-10
6.45869e-10
5.45533e-10
4.57764e-10
3.81648e-10
3.16074e-10
2.59846e-10
2.11771e-10
1.70703e-10
1.35578e-10
1.05418e-10
7.93356e-11
5.65161e-11
3.61961e-11
1.76245e-11
1.43123e-33
5.12949e-14
3.44684e-11
6.72374e-11
9.84186e-11
1.28079e-10
1.56285e-10
1.83101e-10
2.0859e-10
2.32814e-10
2.55833e-10
2.77704e-10
2.98483e-10
3.18223e-10
3.36976e-10
3.54789e-10
3.71711e-10
3.87786e-10
4.03055e-10
4.17561e-10
4.31342e-10
4.44434e-10
4.56872e-10
4.6869e-10
4.79919e-10
4.90589e-10
5.00729e-10
5.10365e-10
5.19523e-10
5.28227e-10
5.365e-10
5.44365e-10
5.51841e-10
6.33217e-10
7.20554e-10
8.13676e-10
9.1216e-10
1.01527e-09
1.12186e-09
1.23031e-09
1.33848e-09
1.44361e-09
1.54239e-09
1.631e-09
1.70534e-09
1.76128e-09
1.79504e-09
1.80369e-09
1.78555e-09
1.74052e-09
1.67023e-09
1.57791e-09
1.46808e-09
1.346e-09
1.21711e-09
1.08652e-09
9.58578e-10
8.36704e-10
7.23293e-10
6.19795e-10
5.26859e-10
4.44506e-10
3.72305e-10
3.09533e-10
2.55294e-10
2.08621e-10
1.68537e-10
1.341e-10
1.04421e-10
7.86764e-11
5.60964e-11
3.59504e-11
1.75119e-11
1.56444e-33
3.78447e-14
2.54591e-11
4.96651e-11
7.2702e-11
9.462e-11
1.15469e-10
1.35296e-10
1.54149e-10
1.72074e-10
1.89113e-10
2.0531e-10
2.20704e-10
2.35336e-10
2.49241e-10
2.62457e-10
2.75017e-10
2.86953e-10
2.98297e-10
3.09079e-10
3.19326e-10
3.29065e-10
3.38323e-10
3.47122e-10
3.55486e-10
3.63437e-10
3.70996e-10
3.78182e-10
3.85014e-10
3.91511e-10
3.97687e-10
4.03561e-10
4.09146e-10
4.7007e-10
5.35749e-10
6.06176e-10
6.81195e-10
7.6045e-10
8.4333e-10
9.28906e-10
1.01586e-09
1.10246e-09
1.18649e-09
1.26529e-09
1.33581e-09
1.39476e-09
1.43887e-09
1.46514e-09
1.47122e-09
1.45579e-09
1.41876e-09
1.36141e-09
1.28633e-09
1.19708e-09
1.09788e-09
9.93082e-10
8.86777e-10
7.82493e-10
6.82998e-10
5.90252e-10
5.05456e-10
4.29159e-10
3.61399e-10
3.01843e-10
2.49909e-10
2.04876e-10
1.65951e-10
1.32329e-10
1.03224e-10
7.78828e-11
5.55902e-11
3.56537e-11
1.73759e-11
1.7077e-33
2.7958e-14
1.88255e-11
3.67258e-11
5.37636e-11
6.99769e-11
8.54026e-11
1.00076e-10
1.14033e-10
1.27307e-10
1.39929e-10
1.51931e-10
1.63342e-10
1.74192e-10
1.84508e-10
1.94316e-10
2.0364e-10
2.12505e-10
2.20933e-10
2.28947e-10
2.36565e-10
2.43809e-10
2.50697e-10
2.57246e-10
2.63474e-10
2.69396e-10
2.75028e-10
2.80384e-10
2.85477e-10
2.90322e-10
2.94929e-10
2.99312e-10
3.03481e-10
3.49032e-10
3.98317e-10
4.51408e-10
5.08293e-10
5.68834e-10
6.32734e-10
6.9949e-10
7.68343e-10
8.38225e-10
9.07727e-10
9.75066e-10
1.0381e-09
1.0944e-09
1.14132e-09
1.17623e-09
1.19675e-09
1.20101e-09
1.18794e-09
1.15747e-09
1.11062e-09
1.04943e-09
9.76757e-10
8.95971e-10
8.10566e-10
7.23841e-10
6.38649e-10
5.57242e-10
4.81223e-10
4.11584e-10
3.48786e-10
2.92874e-10
2.43585e-10
2.00451e-10
1.6288e-10
1.30218e-10
1.01791e-10
7.69306e-11
5.49815e-11
3.52964e-11
1.72119e-11
1.86099e-33
2.06786e-14
1.39345e-11
2.71849e-11
3.97983e-11
5.1803e-11
6.32266e-11
7.40957e-11
8.44361e-11
9.42726e-11
1.03629e-10
1.12528e-10
1.20993e-10
1.29042e-10
1.36698e-10
1.43979e-10
1.50904e-10
1.57489e-10
1.63752e-10
1.69708e-10
1.75373e-10
1.80761e-10
1.85885e-10
1.90759e-10
1.95395e-10
1.99804e-10
2.03999e-10
2.07989e-10
2.11784e-10
2.15395e-10
2.1883e-10
2.22098e-10
2.25208e-10
2.59231e-10
2.96152e-10
3.36076e-10
3.79055e-10
4.25071e-10
4.74007e-10
5.25616e-10
5.79484e-10
6.34989e-10
6.91265e-10
7.47169e-10
8.01262e-10
8.5182e-10
8.96878e-10
9.34324e-10
9.62048e-10
9.78134e-10
9.81086e-10
9.70041e-10
9.44937e-10
9.06582e-10
8.56607e-10
7.97302e-10
7.31363e-10
6.61603e-10
5.90688e-10
5.20931e-10
4.54163e-10
3.91698e-10
3.34351e-10
2.82509e-10
2.36215e-10
1.95259e-10
1.59255e-10
1.27713e-10
1.00084e-10
7.57926e-11
5.42522e-11
3.48674e-11
1.70147e-11
2.02397e-33
1.53104e-14
1.03235e-11
2.01407e-11
2.94867e-11
3.83828e-11
4.68495e-11
5.49066e-11
6.25733e-11
6.98678e-11
7.6808e-11
8.34106e-11
8.96918e-11
9.56671e-11
1.01351e-10
1.06759e-10
1.11902e-10
1.16795e-10
1.2145e-10
1.25878e-10
1.3009e-10
1.34098e-10
1.3791e-10
1.41537e-10
1.44987e-10
1.4827e-10
1.51393e-10
1.54365e-10
1.57192e-10
1.59882e-10
1.62442e-10
1.64878e-10
1.67196e-10
1.9259e-10
2.20214e-10
2.50176e-10
2.82557e-10
3.17394e-10
3.5467e-10
3.94284e-10
4.36031e-10
4.79569e-10
5.24391e-10
5.69792e-10
6.14845e-10
6.58386e-10
6.9902e-10
7.35165e-10
7.6512e-10
7.87185e-10
7.9982e-10
8.01821e-10
7.92489e-10
7.71768e-10
7.40302e-10
6.99393e-10
6.50879e-10
5.96927e-10
5.39807e-10
4.81677e-10
4.24412e-10
3.69505e-10
3.18029e-10
2.70656e-10
2.27705e-10
1.89212e-10
1.55004e-10
1.24759e-10
9.80615e-11
7.44385e-11
5.33817e-11
3.43542e-11
1.67785e-11
2.19589e-33
1.13457e-14
7.65409e-12
1.49331e-11
2.18633e-11
2.84604e-11
3.47399e-11
4.07165e-11
4.64044e-11
5.18171e-11
5.69677e-11
6.18688e-11
6.65322e-11
7.09695e-11
7.51914e-11
7.92084e-11
8.30305e-11
8.66671e-11
9.01272e-11
9.34194e-11
9.6552e-11
9.95326e-11
1.02369e-10
1.05067e-10
1.07635e-10
1.10079e-10
1.12404e-10
1.14617e-10
1.16723e-10
1.18727e-10
1.20634e-10
1.22449e-10
1.24177e-10
1.43119e-10
1.63765e-10
1.86216e-10
2.10555e-10
2.36846e-10
2.65117e-10
2.95349e-10
3.27457e-10
3.6127e-10
3.96509e-10
4.32758e-10
4.69442e-10
5.05809e-10
5.40913e-10
5.73628e-10
6.02674e-10
6.26676e-10
6.44264e-10
6.54195e-10
6.55494e-10
6.47596e-10
6.3045e-10
6.04566e-10
5.70991e-10
5.31199e-10
4.86939e-10
4.40044e-10
3.92262e-10
3.45117e-10
2.99825e-10
2.57262e-10
2.17979e-10
1.82235e-10
1.50058e-10
1.21298e-10
9.56782e-11
7.28356e-11
5.23475e-11
3.37428e-11
1.64966e-11
2.37547e-33
8.41356e-15
5.67837e-12
1.10787e-11
1.62204e-11
2.11155e-11
2.57754e-11
3.0211e-11
3.44328e-11
3.8451e-11
4.22752e-11
4.59147e-11
4.93782e-11
5.26743e-11
5.5811e-11
5.8796e-11
6.16366e-11
6.43398e-11
6.69123e-11
6.93603e-11
7.169e-11
7.39071e-11
7.6017e-11
7.8025e-11
7.9936e-11
8.17547e-11
8.34857e-11
8.51331e-11
8.67011e-11
8.81935e-11
8.9614e-11
9.09661e-11
9.2253e-11
1.06376e-10
1.21794e-10
1.38594e-10
1.56855e-10
1.76644e-10
1.9801e-10
2.20973e-10
2.45516e-10
2.71568e-10
2.98985e-10
3.27539e-10
3.56889e-10
3.86566e-10
4.15958e-10
4.44297e-10
4.70669e-10
4.94037e-10
5.13289e-10
5.27316e-10
5.35112e-10
5.35885e-10
5.29177e-10
5.14941e-10
4.93583e-10
4.65943e-10
4.33208e-10
3.9679e-10
3.58172e-10
3.18773e-10
2.79829e-10
2.42332e-10
2.06996e-10
1.74268e-10
1.44356e-10
1.17275e-10
9.28891e-11
7.09495e-11
5.11252e-11
3.30179e-11
1.61617e-11
2.5607e-33
6.24223e-15
4.21436e-12
8.22247e-12
1.20389e-11
1.56724e-11
1.91316e-11
2.24247e-11
2.55593e-11
2.85432e-11
3.13833e-11
3.40865e-11
3.66595e-11
3.91084e-11
4.14391e-11
4.36575e-11
4.57688e-11
4.77783e-11
4.96908e-11
5.15112e-11
5.32437e-11
5.48927e-11
5.64622e-11
5.79561e-11
5.93781e-11
6.07315e-11
6.20198e-11
6.3246e-11
6.44133e-11
6.55244e-11
6.6582e-11
6.75888e-11
6.85473e-11
7.90714e-11
9.05766e-11
1.03134e-10
1.16812e-10
1.31674e-10
1.47773e-10
1.65148e-10
1.83814e-10
2.03754e-10
2.24907e-10
2.47157e-10
2.70313e-10
2.94097e-10
3.18127e-10
3.41902e-10
3.64799e-10
3.86074e-10
4.04885e-10
4.2033e-10
4.3151e-10
4.37607e-10
4.37979e-10
4.32251e-10
4.20379e-10
4.02689e-10
3.79853e-10
3.5283e-10
3.22761e-10
2.90847e-10
2.58238e-10
2.25941e-10
1.9476e-10
1.65277e-10
1.37849e-10
1.12642e-10
8.9651e-11
6.87454e-11
4.96895e-11
3.21632e-11
1.57659e-11
2.74873e-33
4.63238e-15
3.12837e-12
6.10371e-12
8.93685e-12
1.16344e-11
1.42027e-11
1.66478e-11
1.89755e-11
2.11914e-11
2.33008e-11
2.53087e-11
2.72201e-11
2.90395e-11
3.07714e-11
3.24199e-11
3.3989e-11
3.54827e-11
3.69044e-11
3.82577e-11
3.9546e-11
4.07722e-11
4.19395e-11
4.30506e-11
4.41083e-11
4.51152e-11
4.60737e-11
4.69861e-11
4.78547e-11
4.86816e-11
4.94688e-11
5.02182e-11
5.09317e-11
5.877e-11
6.73482e-11
7.67238e-11
8.69538e-11
9.80934e-11
1.10193e-10
1.23296e-10
1.37431e-10
1.5261e-10
1.68817e-10
1.86002e-10
2.04066e-10
2.22854e-10
2.42138e-10
2.61604e-10
2.80843e-10
2.99348e-10
3.16514e-10
3.31654e-10
3.44036e-10
3.52927e-10
3.57664e-10
3.57723e-10
3.52794e-10
3.4284e-10
3.28119e-10
3.09172e-10
2.86773e-10
2.61843e-10
2.35358e-10
2.0825e-10
1.81335e-10
1.55267e-10
1.30514e-10
1.0736e-10
8.59259e-11
6.61905e-11
4.80151e-11
3.11619e-11
1.53008e-11
2.93563e-33
3.43753e-15
2.32199e-12
4.53044e-12
6.6334e-12
8.63581e-12
1.05424e-11
1.23576e-11
1.40858e-11
1.57311e-11
1.72975e-11
1.87886e-11
2.02082e-11
2.15596e-11
2.28461e-11
2.40707e-11
2.52366e-11
2.63464e-11
2.74029e-11
2.84087e-11
2.93662e-11
3.02776e-11
3.11454e-11
3.19714e-11
3.27578e-11
3.35065e-11
3.42193e-11
3.48978e-11
3.55438e-11
3.61589e-11
3.67444e-11
3.73019e-11
3.78327e-11
4.36665e-11
5.00567e-11
5.70487e-11
6.46887e-11
7.30228e-11
8.20954e-11
9.1947e-11
1.02611e-10
1.14112e-10
1.26456e-10
1.3963e-10
1.53592e-10
1.6826e-10
1.83505e-10
1.9914e-10
2.14908e-10
2.30475e-10
2.45426e-10
2.59267e-10
2.7144e-10
2.81346e-10
2.8839e-10
2.92029e-10
2.91835e-10
2.87554e-10
2.79151e-10
2.66831e-10
2.5103e-10
2.32371e-10
2.11602e-10
1.89511e-10
1.66854e-10
1.44293e-10
1.22354e-10
1.01411e-10
8.16857e-11
6.32565e-11
4.60786e-11
2.99976e-11
1.47582e-11
3.11623e-33
2.54983e-15
1.72269e-12
3.36116e-12
4.92142e-12
6.40712e-12
7.82177e-12
9.16873e-12
1.04512e-11
1.16722e-11
1.28347e-11
1.39415e-11
1.49952e-11
1.59984e-11
1.69534e-11
1.78627e-11
1.87283e-11
1.95524e-11
2.0337e-11
2.1084e-11
2.17951e-11
2.24721e-11
2.31167e-11
2.37304e-11
2.43146e-11
2.48709e-11
2.54005e-11
2.59047e-11
2.63848e-11
2.68419e-11
2.72771e-11
2.76914e-11
2.8086e-11
3.24237e-11
3.71787e-11
4.23863e-11
4.80831e-11
5.43065e-11
6.10936e-11
6.84801e-11
7.64984e-11
8.51753e-11
9.45288e-11
1.04564e-10
1.1527e-10
1.26609e-10
1.38514e-10
1.50878e-10
1.63548e-10
1.76313e-10
1.88898e-10
2.00965e-10
2.12109e-10
2.21873e-10
2.29771e-10
2.35315e-10
2.38061e-10
2.37658e-10
2.33896e-10
2.26743e-10
2.16362e-10
2.03102e-10
1.87468e-10
1.70062e-10
1.51523e-10
1.32464e-10
1.13416e-10
9.4803e-11
7.69176e-11
5.99235e-11
4.38607e-11
2.8656e-11
1.41304e-11
3.28398e-33
1.88973e-15
1.27692e-12
2.49143e-12
3.64799e-12
4.74932e-12
5.79801e-12
6.79657e-12
7.74736e-12
8.65264e-12
9.51459e-12
1.03353e-11
1.11166e-11
1.18606e-11
1.25689e-11
1.32433e-11
1.38853e-11
1.44966e-11
1.50787e-11
1.56328e-11
1.61604e-11
1.66627e-11
1.7141e-11
1.75964e-11
1.80299e-11
1.84427e-11
1.88358e-11
1.921e-11
1.95664e-11
1.99057e-11
2.02287e-11
2.05363e-11
2.08292e-11
2.40504e-11
2.75835e-11
3.14559e-11
3.56961e-11
4.03337e-11
4.53989e-11
5.09216e-11
5.69303e-11
6.3451e-11
7.05048e-11
7.81058e-11
8.62575e-11
9.49487e-11
1.04149e-10
1.13802e-10
1.2382e-10
1.34074e-10
1.44393e-10
1.54551e-10
1.64269e-10
1.73217e-10
1.81022e-10
1.87283e-10
1.91602e-10
1.93614e-10
1.93033e-10
1.89682e-10
1.83533e-10
1.74713e-10
1.63503e-10
1.5031e-10
1.35621e-10
1.1995e-10
1.03792e-10
8.75742e-11
7.16298e-11
5.61841e-11
4.13489e-11
2.71256e-11
1.34109e-11
3.43087e-33
1.39851e-15
9.45117e-13
1.84405e-12
2.7001e-12
3.5153e-12
4.29156e-12
5.03072e-12
5.73456e-12
6.40474e-12
7.04287e-12
7.65047e-12
8.229e-12
8.77985e-12
9.30433e-12
9.80372e-12
1.02792e-11
1.07319e-11
1.1163e-11
1.15734e-11
1.19642e-11
1.23363e-11
1.26906e-11
1.3028e-11
1.33492e-11
1.3655e-11
1.39462e-11
1.42235e-11
1.44876e-11
1.4739e-11
1.49784e-11
1.52063e-11
1.54234e-11
1.78111e-11
2.04314e-11
2.3305e-11
2.6454e-11
2.99015e-11
3.36715e-11
3.77881e-11
4.22754e-11
4.71563e-11
5.24513e-11
5.81772e-11
6.43447e-11
7.09559e-11
7.80007e-11
8.54532e-11
9.32663e-11
1.01367e-10
1.09649e-10
1.17971e-10
1.26147e-10
1.33948e-10
1.41103e-10
1.47305e-10
1.52226e-10
1.5554e-10
1.56946e-10
1.56207e-10
1.53178e-10
1.4783e-10
1.40264e-10
1.30705e-10
1.1948e-10
1.06981e-10
9.36236e-11
7.98022e-11
6.58571e-11
5.20482e-11
3.85408e-11
2.54008e-11
1.25958e-11
3.54749e-33
1.03273e-15
6.97989e-13
1.36188e-12
1.9941e-12
2.59617e-12
3.16949e-12
3.71543e-12
4.2353e-12
4.73032e-12
5.20169e-12
5.65052e-12
6.07789e-12
6.48483e-12
6.87232e-12
7.24127e-12
7.59258e-12
7.9271e-12
8.24561e-12
8.5489e-12
8.83769e-12
9.11267e-12
9.3745e-12
9.62382e-12
9.86122e-12
1.00873e-11
1.03025e-11
1.05075e-11
1.07027e-11
1.08885e-11
1.10655e-11
1.1234e-11
1.13945e-11
1.316e-11
1.50983e-11
1.7225e-11
1.95571e-11
2.21122e-11
2.49091e-11
2.7967e-11
3.13052e-11
3.49431e-11
3.88989e-11
4.31889e-11
4.78262e-11
5.28187e-11
5.81675e-11
6.38635e-11
6.98844e-11
7.61907e-11
8.27215e-11
8.93892e-11
9.60758e-11
1.02629e-10
1.0886e-10
1.14545e-10
1.19432e-10
1.23253e-10
1.25736e-10
1.26636e-10
1.25756e-10
1.22974e-10
1.18263e-10
1.11702e-10
1.03471e-10
9.38309e-11
8.30979e-11
7.16043e-11
5.96648e-11
4.75467e-11
3.54475e-11
2.34832e-11
1.1684e-11
3.62328e-33
7.60191e-16
5.13834e-13
1.00257e-12
1.468e-12
1.91123e-12
2.33331e-12
2.73525e-12
3.118e-12
3.48246e-12
3.82952e-12
4.16e-12
4.47469e-12
4.77434e-12
5.05968e-12
5.33138e-12
5.59009e-12
5.83645e-12
6.07103e-12
6.2944e-12
6.5071e-12
6.70964e-12
6.9025e-12
7.08615e-12
7.26102e-12
7.42754e-12
7.58611e-12
7.73711e-12
7.88089e-12
8.01781e-12
8.14819e-12
8.27235e-12
8.39058e-12
9.69163e-12
1.11204e-11
1.26888e-11
1.44094e-11
1.62959e-11
1.83625e-11
2.06242e-11
2.30964e-11
2.57947e-11
2.87343e-11
3.19298e-11
3.53938e-11
3.91366e-11
4.31639e-11
4.74758e-11
5.20641e-11
5.69095e-11
6.19788e-11
6.72209e-11
7.2563e-11
7.79072e-11
8.31274e-11
8.80678e-11
9.25444e-11
9.63491e-11
9.92599e-11
1.01054e-10
1.01529e-10
1.00519e-10
9.79245e-11
9.37189e-11
8.79633e-11
8.08005e-11
7.24403e-11
6.3135e-11
5.31501e-11
4.27348e-11
3.20967e-11
2.13844e-11
1.06793e-11
3.64697e-33
5.57042e-16
3.76546e-13
7.34699e-13
1.07578e-12
1.4006e-12
1.70992e-12
2.00448e-12
2.28499e-12
2.55211e-12
2.80647e-12
3.04869e-12
3.27934e-12
3.49898e-12
3.70813e-12
3.90729e-12
4.09693e-12
4.27752e-12
4.44949e-12
4.61324e-12
4.76918e-12
4.91766e-12
5.05906e-12
5.1937e-12
5.32192e-12
5.44402e-12
5.56028e-12
5.671e-12
5.77643e-12
5.87683e-12
5.97244e-12
6.06348e-12
6.15018e-12
7.10439e-12
8.15256e-12
9.30351e-12
1.05668e-11
1.19525e-11
1.34715e-11
1.51353e-11
1.69558e-11
1.89453e-11
2.1116e-11
2.34802e-11
2.60491e-11
2.88326e-11
3.18385e-11
3.50709e-11
3.85289e-11
4.22051e-11
4.60827e-11
5.01335e-11
5.43145e-11
5.85651e-11
6.28037e-11
6.69258e-11
7.08025e-11
7.42815e-11
7.71911e-11
7.93479e-11
8.0568e-11
8.06828e-11
7.95566e-11
7.71033e-11
7.32998e-11
6.8193e-11
6.18964e-11
5.45778e-11
4.64391e-11
3.7692e-11
2.85337e-11
1.91273e-11
9.59068e-12
3.60734e-33
4.0554e-16
2.7415e-13
5.3491e-13
7.83243e-13
1.01974e-12
1.24495e-12
1.45942e-12
1.66366e-12
1.85816e-12
2.04337e-12
2.21975e-12
2.3877e-12
2.54764e-12
2.69994e-12
2.84497e-12
2.98308e-12
3.1146e-12
3.23984e-12
3.3591e-12
3.47266e-12
3.58081e-12
3.68379e-12
3.78186e-12
3.87525e-12
3.96418e-12
4.04887e-12
4.12952e-12
4.20632e-12
4.27945e-12
4.3491e-12
4.41542e-12
4.47858e-12
5.17377e-12
5.93757e-12
6.7765e-12
7.6976e-12
8.70844e-12
9.81712e-12
1.10323e-11
1.23629e-11
1.38186e-11
1.54089e-11
1.71435e-11
1.9032e-11
2.10831e-11
2.33043e-11
2.57013e-11
2.82769e-11
3.10295e-11
3.39522e-11
3.70304e-11
4.02399e-11
4.35445e-11
4.68932e-11
5.02182e-11
5.34325e-11
5.64292e-11
5.90822e-11
6.12497e-11
6.27798e-11
6.35207e-11
6.33329e-11
6.21037e-11
5.97611e-11
5.62846e-11
5.17108e-11
4.61306e-11
3.96791e-11
3.25191e-11
2.48215e-11
1.67466e-11
8.43294e-12
3.49407e-33
2.92469e-16
1.97721e-13
3.85786e-13
5.64889e-13
7.35455e-13
8.97888e-13
1.05258e-12
1.19989e-12
1.34017e-12
1.47376e-12
1.60097e-12
1.72212e-12
1.83749e-12
1.94735e-12
2.05197e-12
2.15159e-12
2.24646e-12
2.33681e-12
2.42284e-12
2.50477e-12
2.58279e-12
2.65708e-12
2.72783e-12
2.79521e-12
2.85937e-12
2.92047e-12
2.97866e-12
3.03407e-12
3.08684e-12
3.13709e-12
3.18494e-12
3.23051e-12
3.73216e-12
4.28342e-12
4.88903e-12
5.55414e-12
6.28431e-12
7.0855e-12
7.96408e-12
8.92684e-12
9.98088e-12
1.11336e-11
1.23925e-11
1.37651e-11
1.52588e-11
1.68801e-11
1.86347e-11
2.05265e-11
2.25571e-11
2.47245e-11
2.70222e-11
2.94373e-11
3.19491e-11
3.45267e-11
3.71275e-11
3.96946e-11
4.21557e-11
4.44222e-11
4.63897e-11
4.79409e-11
4.89507e-11
4.92939e-11
4.88557e-11
4.75435e-11
4.52979e-11
4.21022e-11
3.79866e-11
3.30257e-11
2.73307e-11
2.10366e-11
1.42873e-11
7.22644e-12
3.29874e-33
2.07935e-16
1.40578e-13
2.74291e-13
4.01632e-13
5.22904e-13
6.38396e-13
7.48381e-13
8.53121e-13
9.52866e-13
1.04785e-12
1.13831e-12
1.22445e-12
1.30649e-12
1.38461e-12
1.459e-12
1.52984e-12
1.59731e-12
1.66155e-12
1.72273e-12
1.781e-12
1.83648e-12
1.88932e-12
1.93963e-12
1.98755e-12
2.03318e-12
2.07663e-12
2.11802e-12
2.15742e-12
2.19495e-12
2.23069e-12
2.26473e-12
2.29714e-12
2.65396e-12
3.04612e-12
3.47703e-12
3.95037e-12
4.47016e-12
5.0407e-12
5.66663e-12
6.35288e-12
7.1047e-12
7.92755e-12
8.82712e-12
9.80915e-12
1.08794e-11
1.20432e-11
1.33055e-11
1.46704e-11
1.61404e-11
1.77161e-11
1.93951e-11
2.11713e-11
2.30331e-11
2.49628e-11
2.69343e-11
2.89115e-11
3.08472e-11
3.26812e-11
3.43403e-11
3.57385e-11
3.67795e-11
3.73608e-11
3.73804e-11
3.67451e-11
3.53806e-11
3.324e-11
3.03122e-11
2.66247e-11
2.22424e-11
1.72615e-11
1.18008e-11
5.99527e-12
3.01524e-33
1.44469e-16
9.76737e-14
1.90578e-13
2.79055e-13
3.63317e-13
4.43562e-13
5.19981e-13
5.92758e-13
6.62064e-13
7.28065e-13
7.90919e-13
8.50775e-13
9.07777e-13
9.6206e-13
1.01375e-12
1.06298e-12
1.10986e-12
1.15451e-12
1.19702e-12
1.23751e-12
1.27607e-12
1.31278e-12
1.34775e-12
1.38105e-12
1.41276e-12
1.44296e-12
1.47172e-12
1.49911e-12
1.52519e-12
1.55003e-12
1.57368e-12
1.59621e-12
1.84421e-12
2.11681e-12
2.41638e-12
2.74551e-12
3.10701e-12
3.50392e-12
3.9395e-12
4.41727e-12
4.94095e-12
5.51448e-12
6.14197e-12
6.82764e-12
7.57577e-12
8.39051e-12
9.27581e-12
1.02351e-11
1.12711e-11
1.23852e-11
1.35771e-11
1.48444e-11
1.6181e-11
1.75769e-11
1.90169e-11
2.04788e-11
2.19327e-11
2.33394e-11
2.46495e-11
2.58031e-11
2.67305e-11
2.73538e-11
2.75909e-11
2.73607e-11
2.65902e-11
2.52225e-11
2.32242e-11
2.05918e-11
1.73544e-11
1.35729e-11
9.33745e-12
4.76403e-12
2.63939e-33
9.63267e-17
6.51266e-14
1.27073e-13
1.86068e-13
2.42252e-13
2.95758e-13
3.46714e-13
3.95241e-13
4.41455e-13
4.85465e-13
5.27376e-13
5.67289e-13
6.05299e-13
6.41496e-13
6.75968e-13
7.08795e-13
7.40057e-13
7.69828e-13
7.9818e-13
8.2518e-13
8.50892e-13
8.75378e-13
8.98697e-13
9.20904e-13
9.42052e-13
9.62191e-13
9.81371e-13
9.99636e-13
1.01703e-12
1.0336e-12
1.04937e-12
1.0644e-12
1.2298e-12
1.41162e-12
1.61146e-12
1.83104e-12
2.07226e-12
2.33717e-12
2.62796e-12
2.94701e-12
3.29687e-12
3.68021e-12
4.09987e-12
4.55878e-12
5.05994e-12
5.60634e-12
6.20086e-12
6.84616e-12
7.54446e-12
8.29731e-12
9.10527e-12
9.96751e-12
1.08812e-11
1.18411e-11
1.28384e-11
1.38603e-11
1.48884e-11
1.58985e-11
1.6859e-11
1.77304e-11
1.84655e-11
1.90095e-11
1.93022e-11
1.92807e-11
1.88841e-11
1.80593e-11
1.67673e-11
1.4989e-11
1.27306e-11
1.00258e-11
6.93621e-12
3.55257e-12
2.16661e-33
5.89048e-17
3.98262e-14
7.77077e-14
1.13785e-13
1.48142e-13
1.80863e-13
2.12024e-13
2.417e-13
2.69961e-13
2.96875e-13
3.22505e-13
3.46914e-13
3.70159e-13
3.92296e-13
4.13377e-13
4.33453e-13
4.52571e-13
4.70779e-13
4.88118e-13
5.0463e-13
5.20355e-13
5.35331e-13
5.49592e-13
5.63173e-13
5.76108e-13
5.88425e-13
6.00155e-13
6.11326e-13
6.21965e-13
6.32096e-13
6.41745e-13
6.50934e-13
7.52101e-13
8.63317e-13
9.8556e-13
1.1199e-12
1.26749e-12
1.42959e-12
1.60758e-12
1.8029e-12
2.01714e-12
2.25197e-12
2.50916e-12
2.79056e-12
3.09806e-12
3.43359e-12
3.79904e-12
4.19617e-12
4.62655e-12
5.0914e-12
5.59139e-12
6.12643e-12
6.69534e-12
7.29547e-12
7.92226e-12
8.56865e-12
9.22444e-12
9.87563e-12
1.05037e-11
1.10852e-11
1.15909e-11
1.19865e-11
1.22329e-11
1.22876e-11
1.21078e-11
1.16531e-11
1.08907e-11
9.79967e-12
8.37543e-12
6.63321e-12
4.61043e-12
2.3689e-12
1.58655e-33
2.81822e-17
1.90545e-14
3.71785e-14
5.44392e-14
7.08774e-14
8.65324e-14
1.01441e-13
1.15639e-13
1.29161e-13
1.42038e-13
1.54301e-13
1.65979e-13
1.77101e-13
1.87692e-13
1.97779e-13
2.07384e-13
2.16532e-13
2.25244e-13
2.3354e-13
2.4144e-13
2.48964e-13
2.5613e-13
2.62953e-13
2.69452e-13
2.7564e-13
2.81534e-13
2.87147e-13
2.92492e-13
2.97582e-13
3.0243e-13
3.07047e-13
3.11444e-13
3.59852e-13
4.1307e-13
4.71568e-13
5.35858e-13
6.06495e-13
6.84087e-13
7.69288e-13
8.62804e-13
9.65396e-13
1.07787e-12
1.20109e-12
1.33595e-12
1.48339e-12
1.64434e-12
1.81975e-12
2.01051e-12
2.21744e-12
2.4412e-12
2.6822e-12
2.94054e-12
3.21582e-12
3.50696e-12
3.81202e-12
4.1279e-12
4.45001e-12
4.77198e-12
5.08525e-12
5.37874e-12
5.63862e-12
5.8482e-12
5.98813e-12
6.03697e-12
5.97232e-12
5.77247e-12
5.4186e-12
4.89736e-12
4.20343e-12
3.34192e-12
2.33024e-12
1.19995e-12
8.73011e-34
8.32646e-42
1.09627e-40
3.60565e-40
7.24454e-40
1.16405e-39
1.64959e-39
2.15757e-39
2.66961e-39
3.17162e-39
3.653e-39
4.10601e-39
4.52525e-39
4.90716e-39
5.24973e-39
5.5521e-39
5.81437e-39
6.03734e-39
6.22236e-39
6.37116e-39
6.48577e-39
6.56839e-39
6.62133e-39
6.64695e-39
6.6476e-39
6.62559e-39
6.58317e-39
6.52251e-39
6.44565e-39
6.35454e-39
6.251e-39
6.13674e-39
4.06424e-38
9.63251e-38
1.39555e-37
2.00017e-37
2.84068e-37
4.00306e-37
5.60327e-37
7.79745e-37
1.07954e-36
1.48785e-36
2.04234e-36
2.79333e-36
3.80789e-36
5.17524e-36
7.01371e-36
9.47987e-36
1.27801e-35
1.71855e-35
2.30503e-35
3.08352e-35
4.11349e-35
5.47111e-35
7.25293e-35
9.57977e-35
1.26004e-34
1.6494e-34
2.14708e-34
2.7767e-34
3.5634e-34
4.53139e-34
5.69994e-34
7.07699e-34
8.64979e-34
1.03722e-33
1.21485e-33
1.38147e-33
1.51181e-33
1.56992e-33
1.50792e-33
1.26614e-33
7.76014e-34
3.03513e-34
