-7.93058e-40
-1.04415e-38
-3.43422e-38
-6.9001e-38
-1.1087e-37
-1.57116e-37
-2.05498e-37
-2.54268e-37
-3.02082e-37
-3.47931e-37
-3.91078e-37
-4.31008e-37
-4.67383e-37
-5.00011e-37
-5.2881e-37
-5.53789e-37
-5.75026e-37
-5.92647e-37
-6.0682e-37
-6.17735e-37
-6.25604e-37
-6.30646e-37
-6.33086e-37
-6.33147e-37
-6.31051e-37
-6.27011e-37
-6.21232e-37
-6.13911e-37
-6.05234e-37
-5.95372e-37
-5.84489e-37
-3.87095e-36
-9.17436e-36
-1.32917e-35
-1.90501e-35
-2.70551e-35
-3.81252e-35
-5.33649e-35
-7.42606e-35
-1.0281e-34
-1.41691e-34
-1.9449e-34
-2.65994e-34
-3.62586e-34
-4.92753e-34
-6.67749e-34
-9.02457e-34
-1.21649e-33
-1.63559e-33
-2.19339e-33
-2.93358e-33
-3.91249e-33
-5.20223e-33
-6.89403e-33
-9.10185e-33
-1.19657e-32
-1.56538e-32
-2.03626e-32
-2.63121e-32
-3.37343e-32
-4.28506e-32
-5.38327e-32
-6.67429e-32
-8.14471e-32
-9.74973e-32
-1.13985e-31
-1.29371e-31
-1.41306e-31
-1.46468e-31
-1.4045e-31
-1.17769e-31
-7.21147e-32
-1.35866e-32
2.84836e-17
1.92583e-14
3.75761e-14
5.50214e-14
7.16354e-14
8.74578e-14
1.02526e-13
1.16876e-13
1.30542e-13
1.43557e-13
1.55951e-13
1.67754e-13
1.78995e-13
1.897e-13
1.99894e-13
2.09602e-13
2.18848e-13
2.27652e-13
2.36037e-13
2.44022e-13
2.51627e-13
2.58869e-13
2.65765e-13
2.72333e-13
2.78588e-13
2.84545e-13
2.90217e-13
2.9562e-13
3.00765e-13
3.05664e-13
3.1033e-13
3.14774e-13
3.637e-13
4.17487e-13
4.7661e-13
5.41586e-13
6.12978e-13
6.91398e-13
7.77507e-13
8.72021e-13
9.75705e-13
1.08938e-12
1.21391e-12
1.3502e-12
1.4992e-12
1.66185e-12
1.83911e-12
2.03188e-12
2.24097e-12
2.46705e-12
2.71055e-12
2.97154e-12
3.24961e-12
3.54367e-12
3.85174e-12
4.17067e-12
4.49581e-12
4.82071e-12
5.13669e-12
5.43254e-12
5.69429e-12
5.90505e-12
6.0453e-12
6.09342e-12
6.02687e-12
5.82382e-12
5.46544e-12
4.93841e-12
4.23757e-12
3.36826e-12
2.34812e-12
1.20898e-12
-7.70929e-32
5.95522e-17
4.02639e-14
7.85618e-14
1.15035e-13
1.49771e-13
1.82851e-13
2.14354e-13
2.44356e-13
2.72928e-13
3.00137e-13
3.2605e-13
3.50727e-13
3.74227e-13
3.96607e-13
4.1792e-13
4.38216e-13
4.57545e-13
4.75952e-13
4.93482e-13
5.10176e-13
5.26074e-13
5.41214e-13
5.55632e-13
5.69362e-13
5.82439e-13
5.94891e-13
6.0675e-13
6.18044e-13
6.288e-13
6.39043e-13
6.48797e-13
6.58087e-13
7.60365e-13
8.72803e-13
9.96388e-13
1.1322e-12
1.28141e-12
1.44529e-12
1.62523e-12
1.82269e-12
2.03927e-12
2.27667e-12
2.53667e-12
2.82113e-12
3.13197e-12
3.47114e-12
3.84053e-12
4.24194e-12
4.67693e-12
5.14672e-12
5.65199e-12
6.19262e-12
6.7674e-12
7.37364e-12
8.00669e-12
8.65937e-12
9.32135e-12
9.97842e-12
1.06119e-11
1.11978e-11
1.17069e-11
1.21043e-11
1.23506e-11
1.24031e-11
1.22185e-11
1.17566e-11
1.09843e-11
9.88107e-12
8.44261e-12
6.68466e-12
4.64517e-12
2.38637e-12
-1.40193e-31
9.74298e-17
6.58724e-14
1.28528e-13
1.88199e-13
2.45026e-13
2.99145e-13
3.50684e-13
3.99767e-13
4.46509e-13
4.91023e-13
5.33415e-13
5.73785e-13
6.1223e-13
6.48842e-13
6.83708e-13
7.16911e-13
7.48531e-13
7.78643e-13
8.07319e-13
8.34628e-13
8.60634e-13
8.85401e-13
9.08986e-13
9.31447e-13
9.52837e-13
9.73207e-13
9.92607e-13
1.01108e-12
1.02867e-12
1.04543e-12
1.06139e-12
1.07658e-12
1.24388e-12
1.42778e-12
1.6299e-12
1.852e-12
2.09597e-12
2.3639e-12
2.65801e-12
2.9807e-12
3.33454e-12
3.72224e-12
4.14666e-12
4.61077e-12
5.11759e-12
5.67013e-12
6.27132e-12
6.92381e-12
7.62985e-12
8.39097e-12
9.20773e-12
1.00792e-11
1.10026e-11
1.19725e-11
1.29799e-11
1.40118e-11
1.50497e-11
1.60687e-11
1.7037e-11
1.79147e-11
1.86539e-11
1.91993e-11
1.94902e-11
1.94632e-11
1.90572e-11
1.82192e-11
1.69101e-11
1.51117e-11
1.28308e-11
1.01017e-11
6.98701e-12
3.57798e-12
-1.9163e-31
1.46213e-16
9.88523e-14
1.92877e-13
2.82422e-13
3.677e-13
4.48914e-13
5.26255e-13
5.9991e-13
6.70052e-13
7.3685e-13
8.00462e-13
8.6104e-13
9.18729e-13
9.73667e-13
1.02598e-12
1.07581e-12
1.12325e-12
1.16844e-12
1.21146e-12
1.25244e-12
1.29146e-12
1.32862e-12
1.36401e-12
1.39771e-12
1.4298e-12
1.46037e-12
1.48947e-12
1.51719e-12
1.54359e-12
1.56873e-12
1.59267e-12
1.61547e-12
1.86646e-12
2.14234e-12
2.44552e-12
2.77861e-12
3.14446e-12
3.54614e-12
3.98696e-12
4.47046e-12
5.00041e-12
5.5808e-12
6.21577e-12
6.9096e-12
7.66658e-12
8.49095e-12
9.38664e-12
1.03571e-11
1.14051e-11
1.25319e-11
1.37374e-11
1.50187e-11
1.63699e-11
1.77807e-11
1.92355e-11
2.07119e-11
2.21793e-11
2.35981e-11
2.49182e-11
2.60789e-11
2.70096e-11
2.7632e-11
2.78631e-11
2.76215e-11
2.68341e-11
2.54443e-11
2.34195e-11
2.07571e-11
1.74873e-11
1.36724e-11
9.40337e-12
4.79677e-12
-2.33714e-31
2.10604e-16
1.42382e-13
2.77812e-13
4.06788e-13
5.29617e-13
6.46591e-13
7.57987e-13
8.64072e-13
9.65097e-13
1.0613e-12
1.15292e-12
1.24017e-12
1.32326e-12
1.40238e-12
1.47773e-12
1.54948e-12
1.61781e-12
1.68288e-12
1.74484e-12
1.80385e-12
1.86005e-12
1.91356e-12
1.96452e-12
2.01306e-12
2.05927e-12
2.10328e-12
2.1452e-12
2.18511e-12
2.22312e-12
2.25932e-12
2.29379e-12
2.32662e-12
2.68801e-12
3.0852e-12
3.52163e-12
4.00103e-12
4.52746e-12
5.10529e-12
5.73921e-12
6.43421e-12
7.19558e-12
8.02888e-12
8.93982e-12
9.93423e-12
1.10179e-11
1.21962e-11
1.34742e-11
1.48559e-11
1.63437e-11
1.79383e-11
1.96372e-11
2.14338e-11
2.33167e-11
2.52674e-11
2.72594e-11
2.92561e-11
3.12094e-11
3.30581e-11
3.47281e-11
3.61323e-11
3.71734e-11
3.77481e-11
3.77538e-11
3.70973e-11
3.57044e-11
3.35295e-11
3.05626e-11
2.6833e-11
2.24073e-11
1.73832e-11
1.18805e-11
6.03456e-12
-2.6733e-31
2.96497e-16
2.00444e-13
3.91099e-13
5.72668e-13
7.45582e-13
9.10252e-13
1.06707e-12
1.21641e-12
1.35862e-12
1.49405e-12
1.62302e-12
1.74583e-12
1.86279e-12
1.97416e-12
2.08022e-12
2.18121e-12
2.27739e-12
2.36898e-12
2.4562e-12
2.53925e-12
2.61834e-12
2.69366e-12
2.76539e-12
2.83369e-12
2.89873e-12
2.96067e-12
3.01966e-12
3.07583e-12
3.12933e-12
3.18027e-12
3.22878e-12
3.27498e-12
3.78352e-12
4.34236e-12
4.95629e-12
5.63052e-12
6.3707e-12
7.18285e-12
8.07344e-12
9.04933e-12
1.01177e-11
1.12861e-11
1.2562e-11
1.39531e-11
1.54667e-11
1.71095e-11
1.88872e-11
2.08036e-11
2.28603e-11
2.50551e-11
2.73812e-11
2.98253e-11
3.23662e-11
3.49725e-11
3.76005e-11
4.01923e-11
4.26744e-11
4.49568e-11
4.69336e-11
4.84863e-11
4.94885e-11
4.98144e-11
4.93491e-11
4.80003e-11
4.571e-11
4.24636e-11
3.82932e-11
3.32761e-11
2.75256e-11
2.11782e-11
1.4379e-11
7.27127e-12
-2.92845e-31
4.11575e-16
2.78229e-13
5.42869e-13
7.94896e-13
1.03491e-12
1.26347e-12
1.48114e-12
1.68842e-12
1.8858e-12
2.07377e-12
2.25277e-12
2.42322e-12
2.58554e-12
2.74011e-12
2.8873e-12
3.02746e-12
3.16093e-12
3.28803e-12
3.40906e-12
3.52432e-12
3.63407e-12
3.73858e-12
3.83811e-12
3.93289e-12
4.02314e-12
4.10909e-12
4.19093e-12
4.26887e-12
4.34309e-12
4.41377e-12
4.48108e-12
4.54518e-12
5.25069e-12
6.02583e-12
6.8772e-12
7.81194e-12
8.83773e-12
9.96278e-12
1.11958e-11
1.25461e-11
1.4023e-11
1.56365e-11
1.73964e-11
1.93121e-11
2.13926e-11
2.36454e-11
2.6076e-11
2.86872e-11
3.14773e-11
3.44388e-11
3.75568e-11
4.08064e-11
4.41503e-11
4.75365e-11
5.08957e-11
5.41392e-11
5.71582e-11
5.98249e-11
6.19954e-11
6.35165e-11
6.42354e-11
6.40123e-11
6.27354e-11
6.03343e-11
5.67912e-11
5.21458e-11
4.64923e-11
3.99689e-11
3.27407e-11
2.49802e-11
1.6848e-11
8.48217e-12
-3.10582e-31
5.66057e-16
3.82639e-13
7.46587e-13
1.09319e-12
1.42326e-12
1.73759e-12
2.03691e-12
2.32196e-12
2.59339e-12
2.85187e-12
3.09801e-12
3.33239e-12
3.55558e-12
3.76811e-12
3.97049e-12
4.1632e-12
4.34671e-12
4.52145e-12
4.68785e-12
4.84631e-12
4.99719e-12
5.14087e-12
5.27769e-12
5.40798e-12
5.53205e-12
5.65019e-12
5.7627e-12
5.86983e-12
5.97185e-12
6.069e-12
6.16152e-12
6.24962e-12
7.21923e-12
8.2843e-12
9.45379e-12
1.07374e-11
1.21453e-11
1.36887e-11
1.53791e-11
1.72286e-11
1.92496e-11
2.14546e-11
2.38559e-11
2.64648e-11
2.92913e-11
3.2343e-11
3.56239e-11
3.91329e-11
4.28621e-11
4.6794e-11
5.08994e-11
5.51342e-11
5.9436e-11
6.37214e-11
6.78837e-11
7.17913e-11
7.52895e-11
7.82041e-11
8.03496e-11
8.1541e-11
8.16095e-11
8.04202e-11
7.78896e-11
7.39981e-11
6.87968e-11
6.24037e-11
5.49909e-11
4.67637e-11
3.79359e-11
2.87059e-11
1.92361e-11
9.64307e-12
-3.21039e-31
7.73648e-16
5.22927e-13
1.02031e-12
1.49398e-12
1.94505e-12
2.3746e-12
2.78365e-12
3.17317e-12
3.54408e-12
3.89728e-12
4.2336e-12
4.55385e-12
4.85881e-12
5.14918e-12
5.42569e-12
5.68898e-12
5.93968e-12
6.17841e-12
6.40573e-12
6.62219e-12
6.8283e-12
7.02457e-12
7.21146e-12
7.38943e-12
7.55889e-12
7.72026e-12
7.87392e-12
8.02024e-12
8.15958e-12
8.29226e-12
8.41861e-12
8.53893e-12
9.86293e-12
1.13169e-11
1.29128e-11
1.46637e-11
1.65833e-11
1.8686e-11
2.09871e-11
2.35022e-11
2.62471e-11
2.92371e-11
3.24869e-11
3.60094e-11
3.98144e-11
4.39078e-11
4.82891e-11
5.29494e-11
5.78688e-11
6.30124e-11
6.83277e-11
7.37396e-11
7.91476e-11
8.44226e-11
8.94054e-11
9.39084e-11
9.77204e-11
1.00617e-10
1.02373e-10
1.02785e-10
1.01692e-10
9.89941e-11
9.46713e-11
8.87901e-11
8.14995e-11
7.3015e-11
6.35934e-11
5.35036e-11
4.2996e-11
3.22785e-11
2.14981e-11
1.07337e-11
-3.24931e-31
1.05283e-15
7.1157e-13
1.38837e-12
2.0329e-12
2.64668e-12
3.23116e-12
3.78772e-12
4.3177e-12
4.82235e-12
5.30288e-12
5.76044e-12
6.19612e-12
6.61097e-12
7.00598e-12
7.38211e-12
7.74024e-12
8.08126e-12
8.40596e-12
8.71514e-12
9.00953e-12
9.28985e-12
9.55676e-12
9.81092e-12
1.00529e-11
1.02834e-11
1.05028e-11
1.07117e-11
1.09107e-11
1.11001e-11
1.12805e-11
1.14523e-11
1.16159e-11
1.34157e-11
1.53915e-11
1.75593e-11
1.99363e-11
2.25406e-11
2.5391e-11
2.85072e-11
3.19088e-11
3.56153e-11
3.96451e-11
4.40146e-11
4.87366e-11
5.3819e-11
5.92622e-11
6.50563e-11
7.11777e-11
7.75853e-11
8.42155e-11
9.09782e-11
9.77516e-11
1.04379e-10
1.10667e-10
1.16389e-10
1.21286e-10
1.25087e-10
1.27519e-10
1.28336e-10
1.27342e-10
1.24422e-10
1.19554e-10
1.12825e-10
1.04424e-10
9.46185e-11
8.37317e-11
7.20999e-11
6.00401e-11
4.78198e-11
3.56351e-11
2.35993e-11
1.17392e-11
-1.77611e-31
1.07857e-15
7.28966e-13
1.42232e-12
2.0826e-12
2.71138e-12
3.31014e-12
3.88031e-12
4.42324e-12
4.94022e-12
5.43249e-12
5.90123e-12
6.34755e-12
6.77253e-12
7.17719e-12
7.5625e-12
7.92938e-12
8.27872e-12
8.61135e-12
8.92807e-12
9.22965e-12
9.5168e-12
9.79023e-12
1.00506e-11
1.02985e-11
1.05346e-11
1.07593e-11
1.09734e-11
1.11772e-11
1.13712e-11
1.1556e-11
1.1732e-11
1.18996e-11
1.37432e-11
1.5767e-11
1.79875e-11
2.04221e-11
2.30894e-11
2.60086e-11
2.91996e-11
3.26825e-11
3.6477e-11
4.06019e-11
4.50734e-11
4.99046e-11
5.51028e-11
6.06677e-11
6.65886e-11
7.28402e-11
7.93792e-11
8.61393e-11
9.30263e-11
9.99141e-11
1.06641e-10
1.13007e-10
1.18779e-10
1.23694e-10
1.27474e-10
1.29844e-10
1.30557e-10
1.2942e-10
1.26323e-10
1.21253e-10
1.14306e-10
1.05683e-10
9.56626e-11
8.45744e-11
7.27614e-11
6.05434e-11
4.81879e-11
3.58893e-11
2.37575e-11
1.18146e-11
-2.58775e-32
1.4281e-15
9.65104e-13
1.88305e-12
2.7572e-12
3.58963e-12
4.3823e-12
5.1371e-12
5.85581e-12
6.54016e-12
7.19177e-12
7.81221e-12
8.40296e-12
8.96544e-12
9.501e-12
1.00109e-11
1.04965e-11
1.09587e-11
1.13989e-11
1.1818e-11
1.2217e-11
1.2597e-11
1.29587e-11
1.33032e-11
1.36312e-11
1.39435e-11
1.42408e-11
1.4524e-11
1.47935e-11
1.50503e-11
1.52947e-11
1.55274e-11
1.57491e-11
1.81871e-11
2.08624e-11
2.37962e-11
2.70111e-11
3.05305e-11
3.43787e-11
3.85803e-11
4.31597e-11
4.814e-11
5.35418e-11
5.93818e-11
6.56703e-11
7.24087e-11
7.95859e-11
8.71742e-11
9.51244e-11
1.0336e-10
1.11772e-10
1.20212e-10
1.2849e-10
1.36371e-10
1.43576e-10
1.49795e-10
1.54693e-10
1.57939e-10
1.59236e-10
1.58347e-10
1.55133e-10
1.49575e-10
1.41784e-10
1.31998e-10
1.20552e-10
1.07848e-10
9.43063e-11
8.0326e-11
6.62471e-11
5.23278e-11
3.87305e-11
2.55172e-11
1.26507e-11
-2.72857e-32
1.93342e-15
1.30643e-12
2.549e-12
3.73228e-12
4.85905e-12
5.93198e-12
6.95359e-12
7.92634e-12
8.85253e-12
9.73437e-12
1.0574e-11
1.13734e-11
1.21345e-11
1.28591e-11
1.35491e-11
1.42059e-11
1.48313e-11
1.54268e-11
1.59937e-11
1.65334e-11
1.70473e-11
1.75366e-11
1.80025e-11
1.8446e-11
1.88683e-11
1.92704e-11
1.96533e-11
2.00178e-11
2.03649e-11
2.06954e-11
2.10101e-11
2.13097e-11
2.46049e-11
2.8219e-11
3.21799e-11
3.65167e-11
4.12596e-11
4.64392e-11
5.20859e-11
5.82285e-11
6.4893e-11
7.21006e-11
7.98647e-11
8.81881e-11
9.70581e-11
1.06442e-10
1.1628e-10
1.26481e-10
1.36911e-10
1.4739e-10
1.57688e-10
1.67515e-10
1.76534e-10
1.84363e-10
1.90595e-10
1.94826e-10
1.96693e-10
1.95912e-10
1.92315e-10
1.85884e-10
1.76763e-10
1.65248e-10
1.5176e-10
1.36796e-10
1.20881e-10
1.04511e-10
8.81162e-11
7.20272e-11
5.64653e-11
4.15375e-11
2.72404e-11
1.34648e-11
-2.75493e-32
2.61468e-15
1.76648e-12
3.44659e-12
5.0465e-12
6.56996e-12
8.02056e-12
9.40173e-12
1.07168e-11
1.19688e-11
1.31608e-11
1.42957e-11
1.53761e-11
1.64047e-11
1.7384e-11
1.83163e-11
1.92039e-11
2.00489e-11
2.08534e-11
2.16192e-11
2.23484e-11
2.30426e-11
2.37034e-11
2.43326e-11
2.49317e-11
2.5502e-11
2.6045e-11
2.6562e-11
2.70542e-11
2.75228e-11
2.7969e-11
2.83938e-11
2.87983e-11
3.32455e-11
3.81202e-11
4.34584e-11
4.92976e-11
5.56757e-11
6.26306e-11
7.01982e-11
7.84112e-11
8.72963e-11
9.68709e-11
1.07139e-10
1.18087e-10
1.29675e-10
1.41831e-10
1.54445e-10
1.67353e-10
1.80336e-10
1.93111e-10
2.05327e-10
2.16568e-10
2.26367e-10
2.34226e-10
2.39653e-10
2.42203e-10
2.41531e-10
2.37438e-10
2.29908e-10
2.19122e-10
2.05452e-10
1.89422e-10
1.71649e-10
1.52783e-10
1.33441e-10
1.14158e-10
9.53532e-11
7.73153e-11
6.02015e-11
4.40455e-11
2.87676e-11
1.41825e-11
-1.60125e-32
2.76257e-15
1.86633e-12
3.64142e-12
5.33175e-12
6.9413e-12
8.47386e-12
9.93306e-12
1.13224e-11
1.26451e-11
1.39044e-11
1.51034e-11
1.62448e-11
1.73314e-11
1.8366e-11
1.93508e-11
2.02885e-11
2.11811e-11
2.20309e-11
2.28399e-11
2.36101e-11
2.43434e-11
2.50415e-11
2.57061e-11
2.63388e-11
2.69413e-11
2.75148e-11
2.80608e-11
2.85807e-11
2.90757e-11
2.9547e-11
2.99957e-11
3.04229e-11
3.51197e-11
4.02673e-11
4.59035e-11
5.20674e-11
5.87985e-11
6.61361e-11
7.4117e-11
8.27744e-11
9.21346e-11
1.02214e-10
1.13014e-10
1.24515e-10
1.36672e-10
1.49403e-10
1.62584e-10
1.76037e-10
1.89522e-10
2.02732e-10
2.15291e-10
2.26755e-10
2.36632e-10
2.44403e-10
2.49563e-10
2.51666e-10
2.50377e-10
2.45524e-10
2.37128e-10
2.25416e-10
2.10808e-10
1.93872e-10
1.75261e-10
1.55649e-10
1.35666e-10
1.15849e-10
9.66093e-11
7.82254e-11
6.08399e-11
4.44716e-11
2.90259e-11
1.43035e-11
-6.95872e-33
3.5314e-15
2.38535e-12
4.65406e-12
6.81439e-12
8.87142e-12
1.083e-11
1.26947e-11
1.447e-11
1.61602e-11
1.77692e-11
1.9301e-11
2.07593e-11
2.21474e-11
2.34689e-11
2.47269e-11
2.59245e-11
2.70645e-11
2.81497e-11
2.91828e-11
3.01663e-11
3.11026e-11
3.19938e-11
3.28423e-11
3.36501e-11
3.44191e-11
3.51512e-11
3.58481e-11
3.65117e-11
3.71434e-11
3.77448e-11
3.83174e-11
3.88626e-11
4.48542e-11
5.14168e-11
5.85969e-11
6.64414e-11
7.49974e-11
8.43099e-11
9.44197e-11
1.05361e-10
1.17155e-10
1.2981e-10
1.43308e-10
1.57603e-10
1.72609e-10
1.88191e-10
2.04149e-10
2.20218e-10
2.36048e-10
2.5121e-10
2.65194e-10
2.77425e-10
2.87294e-10
2.94194e-10
2.97582e-10
2.97036e-10
2.92316e-10
2.8341e-10
2.70548e-10
2.54197e-10
2.35005e-10
2.13742e-10
1.91212e-10
1.68176e-10
1.453e-10
1.23106e-10
1.01961e-10
8.20778e-11
6.35277e-11
4.62574e-11
3.01049e-11
1.48081e-11
-9.90117e-33
4.76772e-15
3.2197e-12
6.28189e-12
9.19772e-12
1.1974e-11
1.46172e-11
1.71336e-11
1.95292e-11
2.18097e-11
2.39806e-11
2.60471e-11
2.80141e-11
2.98865e-11
3.16688e-11
3.33653e-11
3.49801e-11
3.65172e-11
3.79803e-11
3.93729e-11
4.06986e-11
4.19604e-11
4.31616e-11
4.4305e-11
4.53934e-11
4.64295e-11
4.74158e-11
4.83547e-11
4.92484e-11
5.00993e-11
5.09093e-11
5.16804e-11
5.24146e-11
6.04795e-11
6.93051e-11
7.89499e-11
8.94722e-11
1.00928e-10
1.13369e-10
1.26837e-10
1.41362e-10
1.56952e-10
1.7359e-10
1.9122e-10
2.09738e-10
2.28977e-10
2.48699e-10
2.68574e-10
2.88177e-10
3.06978e-10
3.24351e-10
3.39589e-10
3.5194e-10
3.60661e-10
3.65081e-10
3.64684e-10
3.5918e-10
3.4856e-10
3.33117e-10
3.13434e-10
2.9032e-10
2.64727e-10
2.37651e-10
2.10034e-10
1.82697e-10
1.56287e-10
1.31263e-10
1.079e-10
8.63074e-11
6.64519e-11
4.81861e-11
3.12639e-11
1.53481e-11
-1.03367e-32
6.43701e-15
4.34575e-12
8.47881e-12
1.24142e-11
1.6161e-11
1.9728e-11
2.31236e-11
2.63559e-11
2.94326e-11
3.23611e-11
3.51485e-11
3.78015e-11
4.03265e-11
4.27297e-11
4.5017e-11
4.71939e-11
4.92657e-11
5.12377e-11
5.31145e-11
5.49007e-11
5.66009e-11
5.8219e-11
5.97592e-11
6.12252e-11
6.26205e-11
6.39487e-11
6.52129e-11
6.64162e-11
6.75617e-11
6.86521e-11
6.969e-11
7.0678e-11
8.15269e-11
9.33858e-11
1.06327e-10
1.20422e-10
1.35733e-10
1.52314e-10
1.70204e-10
1.89415e-10
2.09926e-10
2.31672e-10
2.54527e-10
2.78289e-10
3.02664e-10
3.2725e-10
3.51524e-10
3.74834e-10
3.96408e-10
4.15375e-10
4.30807e-10
4.41785e-10
4.47486e-10
4.47273e-10
4.40794e-10
4.28044e-10
4.09396e-10
3.85578e-10
3.57598e-10
3.26639e-10
2.93931e-10
2.6064e-10
2.27775e-10
1.96136e-10
1.66291e-10
1.38586e-10
1.13166e-10
9.00177e-11
6.89947e-11
4.98515e-11
3.22594e-11
1.58103e-11
-9.68369e-33
8.69039e-15
5.86502e-12
1.14428e-11
1.67536e-11
2.18095e-11
2.66225e-11
3.12037e-11
3.55642e-11
3.97143e-11
4.3664e-11
4.74228e-11
5.09999e-11
5.44041e-11
5.76435e-11
6.07263e-11
6.36599e-11
6.64515e-11
6.91081e-11
7.16362e-11
7.40421e-11
7.63316e-11
7.85104e-11
8.0584e-11
8.25574e-11
8.44355e-11
8.62229e-11
8.79241e-11
8.95432e-11
9.10842e-11
9.2551e-11
9.39471e-11
9.52759e-11
1.09858e-10
1.25775e-10
1.43117e-10
1.61962e-10
1.8238e-10
2.04419e-10
2.28096e-10
2.53391e-10
2.80223e-10
3.08442e-10
3.37802e-10
3.67943e-10
3.98373e-10
4.28447e-10
4.57364e-10
4.8417e-10
5.07788e-10
5.2707e-10
5.40879e-10
5.48194e-10
5.48232e-10
5.40559e-10
5.25178e-10
5.0256e-10
4.73617e-10
4.39606e-10
4.01997e-10
3.62315e-10
3.22e-10
2.82295e-10
2.44183e-10
2.08363e-10
1.75263e-10
1.45069e-10
1.17779e-10
9.3238e-11
7.1185e-11
5.12774e-11
3.3108e-11
1.62032e-11
-9.02507e-33
1.17313e-14
7.91398e-12
1.54402e-11
2.26056e-11
2.94266e-11
3.59192e-11
4.20986e-11
4.79793e-11
5.35755e-11
5.89008e-11
6.39679e-11
6.87893e-11
7.33767e-11
7.77415e-11
8.18945e-11
8.58458e-11
8.96053e-11
9.31824e-11
9.65858e-11
9.98241e-11
1.02905e-10
1.05837e-10
1.08627e-10
1.11281e-10
1.13807e-10
1.16211e-10
1.18498e-10
1.20675e-10
1.22747e-10
1.24718e-10
1.26594e-10
1.2838e-10
1.47958e-10
1.69295e-10
1.92493e-10
2.17638e-10
2.44792e-10
2.73982e-10
3.05184e-10
3.38305e-10
3.73163e-10
4.0946e-10
4.46758e-10
4.8445e-10
5.21745e-10
5.57654e-10
5.90999e-10
6.20445e-10
6.44569e-10
6.61958e-10
6.71344e-10
6.71753e-10
6.6265e-10
6.44043e-10
6.16526e-10
5.81241e-10
5.39762e-10
4.93916e-10
4.45599e-10
3.96592e-10
3.48426e-10
3.0231e-10
2.591e-10
2.19318e-10
1.83198e-10
1.50741e-10
1.21776e-10
9.60071e-11
7.30564e-11
5.24896e-11
3.38266e-11
1.65351e-11
-8.37502e-33
1.58332e-14
1.06757e-11
2.08279e-11
3.04927e-11
3.96922e-11
4.84476e-11
5.67795e-11
6.47075e-11
7.22507e-11
7.94272e-11
8.62547e-11
9.27498e-11
9.89285e-11
1.04806e-10
1.10397e-10
1.15716e-10
1.20775e-10
1.25588e-10
1.30167e-10
1.34522e-10
1.38665e-10
1.42607e-10
1.46357e-10
1.49924e-10
1.53318e-10
1.56547e-10
1.5962e-10
1.62543e-10
1.65324e-10
1.67971e-10
1.7049e-10
1.72886e-10
1.99138e-10
2.27692e-10
2.5866e-10
2.9212e-10
3.28113e-10
3.66612e-10
4.07512e-10
4.50592e-10
4.95493e-10
5.4168e-10
5.8841e-10
6.34712e-10
6.79363e-10
7.20906e-10
7.57687e-10
7.87935e-10
8.09889e-10
8.21968e-10
8.22954e-10
8.12177e-10
7.89648e-10
7.56113e-10
7.13003e-10
6.62286e-10
6.06246e-10
5.47239e-10
4.87474e-10
4.28844e-10
3.72835e-10
3.20492e-10
2.72452e-10
2.28998e-10
1.90133e-10
1.55652e-10
1.25209e-10
9.83692e-11
7.4644e-11
5.35134e-11
3.44316e-11
1.6814e-11
-7.74393e-33
2.13631e-14
1.43956e-11
2.80845e-11
4.11153e-11
5.35172e-11
6.53187e-11
7.65473e-11
8.72298e-11
9.73916e-11
1.07057e-10
1.16251e-10
1.24995e-10
1.33311e-10
1.4122e-10
1.48741e-10
1.55895e-10
1.62697e-10
1.69167e-10
1.7532e-10
1.81172e-10
1.86737e-10
1.92031e-10
1.97065e-10
2.01854e-10
2.06409e-10
2.10742e-10
2.14864e-10
2.18784e-10
2.22514e-10
2.26063e-10
2.29438e-10
2.3265e-10
2.67794e-10
3.05929e-10
3.47162e-10
3.91546e-10
4.3906e-10
4.8958e-10
5.42845e-10
5.98423e-10
6.55661e-10
7.13654e-10
7.71205e-10
8.26809e-10
8.78661e-10
9.24706e-10
9.62738e-10
9.90558e-10
1.00618e-09
1.00808e-09
9.95394e-10
9.68143e-10
9.27253e-10
8.74514e-10
8.12391e-10
7.4374e-10
6.71503e-10
5.98426e-10
5.26854e-10
4.58615e-10
3.94991e-10
3.36754e-10
2.84241e-10
2.3745e-10
1.9613e-10
1.59863e-10
1.28133e-10
1.0037e-10
7.59826e-11
5.43736e-11
3.49386e-11
1.70473e-11
-7.13906e-33
2.88137e-14
1.9402e-11
3.78505e-11
5.54102e-11
7.21201e-11
8.80183e-11
1.03142e-10
1.17526e-10
1.31206e-10
1.44215e-10
1.56585e-10
1.68347e-10
1.7953e-10
1.90162e-10
2.00271e-10
2.09881e-10
2.19018e-10
2.27705e-10
2.35965e-10
2.43818e-10
2.51284e-10
2.58384e-10
2.65134e-10
2.71553e-10
2.77658e-10
2.83462e-10
2.88983e-10
2.94233e-10
2.99227e-10
3.03976e-10
3.08494e-10
3.12791e-10
3.59744e-10
4.1055e-10
4.65282e-10
5.23927e-10
5.86346e-10
6.52231e-10
7.21061e-10
7.9205e-10
8.6409e-10
9.35714e-10
1.00507e-09
1.06992e-09
1.1277e-09
1.17568e-09
1.21108e-09
1.23141e-09
1.23473e-09
1.21996e-09
1.18708e-09
1.13724e-09
1.07269e-09
9.96509e-10
9.12275e-10
8.2367e-10
7.34119e-10
6.46535e-10
5.63176e-10
4.85616e-10
4.1479e-10
3.51098e-10
2.94523e-10
2.44751e-10
2.01268e-10
1.63447e-10
1.30607e-10
1.02055e-10
7.71053e-11
5.50929e-11
3.53615e-11
1.72417e-11
-6.56516e-33
3.88449e-14
2.61337e-11
5.09813e-11
7.4629e-11
9.71284e-11
1.18531e-10
1.38885e-10
1.58239e-10
1.7664e-10
1.94133e-10
2.10762e-10
2.26567e-10
2.41589e-10
2.55867e-10
2.69436e-10
2.82332e-10
2.94589e-10
3.06237e-10
3.17309e-10
3.27831e-10
3.37833e-10
3.47339e-10
3.56376e-10
3.64966e-10
3.73132e-10
3.80895e-10
3.88276e-10
3.95293e-10
4.01965e-10
4.0831e-10
4.14342e-10
4.2008e-10
4.82665e-10
5.50151e-10
6.22536e-10
6.99667e-10
7.81186e-10
8.66473e-10
9.54579e-10
1.04416e-09
1.13341e-09
1.22006e-09
1.30133e-09
1.37405e-09
1.43478e-09
1.48004e-09
1.50668e-09
1.51222e-09
1.49527e-09
1.45575e-09
1.39509e-09
1.31608e-09
1.22259e-09
1.11912e-09
1.01027e-09
9.0033e-10
7.92932e-10
6.90875e-10
5.96092e-10
5.09721e-10
4.32236e-10
3.63595e-10
3.03396e-10
2.50999e-10
2.05634e-10
1.66475e-10
1.32687e-10
1.03466e-10
7.80426e-11
5.56918e-11
3.57131e-11
1.7403e-11
-6.02505e-33
5.2339e-14
3.51754e-11
6.86168e-11
1.00439e-10
1.30709e-10
1.59497e-10
1.86866e-10
2.12883e-10
2.3761e-10
2.61108e-10
2.83435e-10
3.04649e-10
3.24803e-10
3.4395e-10
3.6214e-10
3.7942e-10
3.95835e-10
4.1143e-10
4.26246e-10
4.40321e-10
4.53694e-10
4.66401e-10
4.78474e-10
4.89945e-10
5.00847e-10
5.11207e-10
5.21053e-10
5.30411e-10
5.39305e-10
5.4776e-10
5.55797e-10
5.63438e-10
6.46628e-10
7.3596e-10
8.31273e-10
9.32157e-10
1.03788e-09
1.1473e-09
1.2588e-09
1.37017e-09
1.47861e-09
1.5807e-09
1.67248e-09
1.74963e-09
1.80779e-09
1.84294e-09
1.85191e-09
1.83285e-09
1.78561e-09
1.71193e-09
1.61527e-09
1.50051e-09
1.37328e-09
1.2394e-09
1.10422e-09
9.7229e-10
8.47094e-10
7.31017e-10
6.25446e-10
5.30939e-10
4.47419e-10
3.74367e-10
3.1098e-10
2.56303e-10
2.09319e-10
1.69017e-10
1.34427e-10
1.04642e-10
7.88217e-11
5.61886e-11
3.60042e-11
1.75365e-11
-5.52e-33
7.04713e-14
4.73027e-11
9.22692e-11
1.35051e-10
1.75737e-10
2.14418e-10
2.51181e-10
2.86114e-10
3.19301e-10
3.50824e-10
3.80764e-10
4.09196e-10
4.36195e-10
4.61831e-10
4.86173e-10
5.09286e-10
5.31232e-10
5.5207e-10
5.71857e-10
5.90646e-10
6.08488e-10
6.25433e-10
6.41525e-10
6.56809e-10
6.71327e-10
6.85117e-10
6.98218e-10
7.10664e-10
7.22489e-10
7.33724e-10
7.44401e-10
7.54548e-10
8.64758e-10
9.82521e-10
1.10738e-09
1.23847e-09
1.37444e-09
1.51334e-09
1.65248e-09
1.78844e-09
1.91697e-09
2.03316e-09
2.13158e-09
2.20673e-09
2.25345e-09
2.26766e-09
2.24688e-09
2.19083e-09
2.10157e-09
1.98344e-09
1.84254e-09
1.68599e-09
1.52112e-09
1.35467e-09
1.19235e-09
1.0385e-09
8.96079e-10
7.66776e-10
6.51253e-10
5.49382e-10
4.60489e-10
3.83563e-10
3.1741e-10
2.60773e-10
2.1241e-10
1.71141e-10
1.35875e-10
1.05618e-10
7.94671e-11
5.65994e-11
3.62446e-11
1.76467e-11
-5.0502e-33
9.47991e-14
6.35393e-11
1.23933e-10
1.81381e-10
2.35999e-10
2.87907e-10
3.37223e-10
3.84061e-10
4.28537e-10
4.7076e-10
5.1084e-10
5.4888e-10
5.84982e-10
6.19241e-10
6.51751e-10
6.82601e-10
7.11876e-10
7.39655e-10
7.66018e-10
7.91036e-10
8.1478e-10
8.37316e-10
8.58707e-10
8.79013e-10
8.98289e-10
9.1659e-10
9.33967e-10
9.50468e-10
9.66138e-10
9.8102e-10
9.95155e-10
1.00858e-09
1.15402e-09
1.30851e-09
1.47106e-09
1.64009e-09
1.81325e-09
1.9873e-09
2.15803e-09
2.32025e-09
2.4678e-09
2.59391e-09
2.69154e-09
2.75413e-09
2.77631e-09
2.75476e-09
2.6889e-09
2.58119e-09
2.437e-09
2.26403e-09
2.07127e-09
1.86801e-09
1.66278e-09
1.46276e-09
1.27339e-09
1.09833e-09
9.39664e-10
7.98173e-10
6.73654e-10
5.65235e-10
4.71631e-10
3.91347e-10
3.22821e-10
2.64516e-10
2.14987e-10
1.72906e-10
1.37075e-10
1.06425e-10
7.99997e-11
5.6938e-11
3.64426e-11
1.77373e-11
-4.61506e-33
1.27372e-13
8.52252e-11
1.6622e-10
2.43245e-10
3.16453e-10
3.85999e-10
4.5204e-10
5.1473e-10
5.74223e-10
6.3067e-10
6.84215e-10
7.35001e-10
7.83166e-10
8.28842e-10
8.72154e-10
9.13225e-10
9.52171e-10
9.89102e-10
1.02412e-09
1.05734e-09
1.08884e-09
1.11871e-09
1.14705e-09
1.17394e-09
1.19945e-09
1.22365e-09
1.24661e-09
1.2684e-09
1.28909e-09
1.30872e-09
1.32736e-09
1.34506e-09
1.53609e-09
1.7376e-09
1.94772e-09
2.16367e-09
2.38158e-09
2.59633e-09
2.80151e-09
2.9895e-09
3.15177e-09
3.2794e-09
3.36388e-09
3.39816e-09
3.37771e-09
3.30143e-09
3.17215e-09
2.99653e-09
2.78425e-09
2.54676e-09
2.29587e-09
2.04244e-09
1.79556e-09
1.56206e-09
1.34652e-09
1.15149e-09
9.77879e-10
8.25386e-10
6.9288e-10
5.78728e-10
4.81048e-10
3.97888e-10
3.27345e-10
2.67633e-10
2.17126e-10
1.74367e-10
1.38066e-10
1.0709e-10
8.04379e-11
5.72162e-11
3.66051e-11
1.78116e-11
-4.21339e-33
1.70863e-13
1.14098e-10
2.22515e-10
3.25589e-10
4.23517e-10
5.16503e-10
6.04752e-10
6.88473e-10
7.6787e-10
8.43147e-10
9.14501e-10
9.82125e-10
1.04621e-09
1.10693e-09
1.16446e-09
1.21897e-09
1.27061e-09
1.31954e-09
1.36591e-09
1.40984e-09
1.45148e-09
1.49094e-09
1.52834e-09
1.56379e-09
1.5974e-09
1.62926e-09
1.65948e-09
1.68813e-09
1.71531e-09
1.74109e-09
1.76555e-09
1.78876e-09
2.03833e-09
2.2994e-09
2.56872e-09
2.84166e-09
3.11207e-09
3.37209e-09
3.61231e-09
3.82201e-09
3.98983e-09
4.10474e-09
4.15738e-09
4.14143e-09
4.05493e-09
3.901e-09
3.68778e-09
3.42747e-09
3.13472e-09
2.82464e-09
2.51118e-09
2.20591e-09
1.91748e-09
1.6516e-09
1.41143e-09
1.19803e-09
1.01095e-09
8.48703e-10
7.09216e-10
5.90113e-10
4.88947e-10
4.03348e-10
3.31106e-10
2.70215e-10
2.18893e-10
1.75571e-10
1.38881e-10
1.07637e-10
8.07973e-11
5.74442e-11
3.67381e-11
1.78725e-11
-3.84367e-33
2.28718e-13
1.52383e-10
2.97152e-10
4.34742e-10
5.65405e-10
6.89405e-10
8.07014e-10
9.18507e-10
1.02416e-09
1.12425e-09
1.21904e-09
1.30879e-09
1.39376e-09
1.4742e-09
1.55034e-09
1.62241e-09
1.69063e-09
1.7552e-09
1.81633e-09
1.8742e-09
1.92898e-09
1.98086e-09
2.02998e-09
2.07651e-09
2.12057e-09
2.16232e-09
2.20187e-09
2.23935e-09
2.27487e-09
2.30854e-09
2.34046e-09
2.37072e-09
2.69469e-09
3.03029e-09
3.3721e-09
3.71274e-09
4.04272e-09
4.35041e-09
4.62243e-09
4.8443e-09
5.0017e-09
5.08208e-09
5.07656e-09
4.98167e-09
4.80053e-09
4.54297e-09
4.22432e-09
3.86337e-09
3.47966e-09
3.09123e-09
2.71297e-09
2.35592e-09
2.0273e-09
1.73097e-09
1.46818e-09
1.23824e-09
1.03923e-09
8.68478e-10
7.22973e-10
5.99644e-10
4.95527e-10
4.07877e-10
3.34215e-10
2.72344e-10
2.20346e-10
1.76559e-10
1.3955e-10
1.08084e-10
8.10912e-11
5.76304e-11
3.68468e-11
1.79221e-11
-3.50412e-33
3.05317e-13
2.0289e-10
3.956e-10
5.78688e-10
7.5247e-10
9.17288e-10
1.0735e-09
1.22146e-09
1.36155e-09
1.49413e-09
1.61957e-09
1.73822e-09
1.85044e-09
1.95655e-09
2.05688e-09
2.15174e-09
2.24143e-09
2.32624e-09
2.40643e-09
2.48226e-09
2.55398e-09
2.62181e-09
2.68599e-09
2.7467e-09
2.80415e-09
2.85851e-09
2.90998e-09
2.9587e-09
3.00483e-09
3.04852e-09
3.0899e-09
3.1291e-09
3.54657e-09
3.97409e-09
4.403e-09
4.8219e-09
5.2166e-09
5.57046e-09
5.86511e-09
6.08191e-09
6.20402e-09
6.21877e-09
6.12021e-09
5.91087e-09
5.60222e-09
5.21342e-09
4.76859e-09
4.29323e-09
3.81093e-09
3.34112e-09
2.89806e-09
2.49093e-09
2.12452e-09
1.80024e-09
1.51711e-09
1.27257e-09
1.06317e-09
8.85096e-10
7.34465e-10
6.07566e-10
5.00974e-10
4.11614e-10
3.36773e-10
2.74092e-10
2.21537e-10
1.77367e-10
1.40095e-10
1.08449e-10
8.13308e-11
5.77821e-11
3.69352e-11
1.79626e-11
-3.19288e-33
4.06135e-13
2.69102e-10
5.24641e-10
7.67321e-10
9.97536e-10
1.21572e-09
1.42234e-09
1.61787e-09
1.80281e-09
1.97766e-09
2.14289e-09
2.29901e-09
2.44647e-09
2.58575e-09
2.71727e-09
2.84147e-09
2.95875e-09
3.06951e-09
3.17411e-09
3.2729e-09
3.36621e-09
3.45436e-09
3.53766e-09
3.61637e-09
3.69077e-09
3.7611e-09
3.82759e-09
3.89048e-09
3.94996e-09
4.00624e-09
4.05949e-09
4.10989e-09
4.64332e-09
5.18239e-09
5.71363e-09
6.21998e-09
6.6809e-09
7.07327e-09
7.37295e-09
7.55727e-09
7.60816e-09
7.51559e-09
7.28032e-09
6.91506e-09
6.44333e-09
5.89607e-09
5.30676e-09
4.70671e-09
4.12165e-09
3.57031e-09
3.06453e-09
2.6103e-09
2.20924e-09
1.85987e-09
1.5588e-09
1.30155e-09
1.08324e-09
8.98944e-10
7.43995e-10
6.14108e-10
5.05457e-10
4.14681e-10
3.38867e-10
2.75519e-10
2.22508e-10
1.78026e-10
1.40539e-10
1.08745e-10
8.15255e-11
5.79053e-11
3.7007e-11
1.79954e-11
-2.90802e-33
5.37882e-13
3.55252e-10
6.92511e-10
1.01265e-09
1.31616e-09
1.60358e-09
1.87551e-09
2.1326e-09
2.37548e-09
2.60484e-09
2.82131e-09
3.02557e-09
3.21826e-09
3.39999e-09
3.57137e-09
3.73298e-09
3.88537e-09
4.02908e-09
4.16461e-09
4.29243e-09
4.413e-09
4.52675e-09
4.63409e-09
4.73538e-09
4.831e-09
4.92127e-09
5.00652e-09
5.08705e-09
5.16312e-09
5.23501e-09
5.30296e-09
5.3672e-09
6.0424e-09
6.7143e-09
7.36266e-09
7.96259e-09
8.48527e-09
8.89972e-09
9.1756e-09
9.28725e-09
9.21819e-09
8.96536e-09
8.54148e-09
7.97456e-09
7.30386e-09
6.57352e-09
5.82562e-09
5.09495e-09
4.40665e-09
3.77628e-09
3.21152e-09
2.71415e-09
2.28202e-09
1.91056e-09
1.59392e-09
1.3258e-09
1.09992e-09
9.10398e-10
7.51843e-10
6.19478e-10
5.09126e-10
4.17185e-10
3.40574e-10
2.76681e-10
2.23297e-10
1.7856e-10
1.40899e-10
1.08986e-10
8.16831e-11
5.8005e-11
3.70651e-11
1.80219e-11
-2.08257e-33
6.24603e-13
4.11768e-10
8.02619e-10
1.17354e-09
1.52505e-09
1.85779e-09
2.17243e-09
2.46971e-09
2.7504e-09
3.01526e-09
3.26507e-09
3.5006e-09
3.72262e-09
3.93184e-09
4.12899e-09
4.31475e-09
4.48977e-09
4.65468e-09
4.81007e-09
4.95651e-09
5.09454e-09
5.22465e-09
5.34732e-09
5.463e-09
5.57211e-09
5.67505e-09
5.77219e-09
5.86387e-09
5.95043e-09
6.03218e-09
6.10939e-09
6.18234e-09
6.9459e-09
7.69875e-09
8.41592e-09
9.06728e-09
9.61866e-09
1.00343e-08
1.02806e-08
1.03312e-08
1.01723e-08
9.80705e-09
9.25734e-09
8.56173e-09
7.7693e-09
6.9314e-09
6.0938e-09
5.29175e-09
4.54869e-09
3.87746e-09
3.28285e-09
2.76403e-09
2.31668e-09
1.93452e-09
1.61042e-09
1.33713e-09
1.10769e-09
9.15712e-10
7.55474e-10
6.21957e-10
5.10817e-10
4.18337e-10
3.41358e-10
2.77214e-10
2.23659e-10
1.78805e-10
1.41064e-10
1.09096e-10
8.17553e-11
5.80506e-11
3.70917e-11
1.8034e-11
-2.95545e-32
7.00111e-13
4.60915e-10
8.98367e-10
1.31343e-09
1.70667e-09
2.07878e-09
2.43052e-09
2.7627e-09
3.07619e-09
3.37185e-09
3.65056e-09
3.9132e-09
4.16061e-09
4.39364e-09
4.61308e-09
4.81971e-09
5.01428e-09
5.1975e-09
5.37003e-09
5.53253e-09
5.68559e-09
5.82979e-09
5.96567e-09
6.09372e-09
6.21444e-09
6.32826e-09
6.4356e-09
6.53687e-09
6.63242e-09
6.72262e-09
6.80776e-09
6.88817e-09
7.72713e-09
8.54843e-09
9.32295e-09
1.0016e-08
1.05886e-08
1.10012e-08
1.12176e-08
1.12112e-08
1.09709e-08
1.05058e-08
9.84634e-09
9.04021e-09
8.14484e-09
7.21736e-09
6.30615e-09
5.44633e-09
4.65947e-09
3.9559e-09
3.33787e-09
2.80234e-09
2.3432e-09
1.9528e-09
1.62298e-09
1.34574e-09
1.11358e-09
9.19737e-10
7.58221e-10
6.2383e-10
5.12093e-10
4.19206e-10
3.4195e-10
2.77616e-10
2.23932e-10
1.7899e-10
1.41189e-10
1.09178e-10
8.18095e-11
5.8085e-11
3.71116e-11
1.80431e-11
-8.74753e-32
8.39785e-13
5.5183e-10
1.07549e-09
1.57221e-09
2.04264e-09
2.48759e-09
2.90795e-09
3.3047e-09
3.67887e-09
4.03152e-09
4.3637e-09
4.67647e-09
4.97088e-09
5.24793e-09
5.50862e-09
5.75387e-09
5.98461e-09
6.2017e-09
6.40596e-09
6.59816e-09
6.77905e-09
6.94932e-09
7.10962e-09
7.26057e-09
7.40276e-09
7.53671e-09
7.66295e-09
7.78194e-09
7.89414e-09
7.99996e-09
8.09979e-09
8.194e-09
9.17246e-09
1.01204e-08
1.1001e-08
1.17709e-08
1.23827e-08
1.27892e-08
1.29495e-08
1.28364e-08
1.24443e-08
1.17932e-08
1.09292e-08
9.91745e-09
8.83102e-09
7.73781e-09
6.69099e-09
5.72527e-09
4.85858e-09
4.09637e-09
3.43608e-09
2.87054e-09
2.39031e-09
1.98522e-09
1.64522e-09
1.36096e-09
1.12398e-09
9.26837e-10
7.63063e-10
6.27129e-10
5.1434e-10
4.20734e-10
3.42989e-10
2.78323e-10
2.24411e-10
1.79314e-10
1.41407e-10
1.09324e-10
8.19048e-11
5.81452e-11
3.71467e-11
1.80592e-11
-1.11957e-31
9.42949e-13
6.19006e-10
1.20636e-09
1.76342e-09
2.2909e-09
2.78968e-09
3.26077e-09
3.70525e-09
4.12429e-09
4.51907e-09
4.89079e-09
5.24065e-09
5.56982e-09
5.87945e-09
6.17065e-09
6.4445e-09
6.70201e-09
6.94418e-09
7.17192e-09
7.38613e-09
7.58763e-09
7.77721e-09
7.95561e-09
8.12354e-09
8.28163e-09
8.43051e-09
8.57076e-09
8.7029e-09
8.82744e-09
8.94485e-09
9.05558e-09
9.16003e-09
1.02421e-08
1.12843e-08
1.2244e-08
1.30716e-08
1.37133e-08
1.41161e-08
1.42354e-08
1.40438e-08
1.3539e-08
1.27494e-08
1.17327e-08
1.05673e-08
9.33806e-09
8.12113e-09
6.97335e-09
5.92909e-09
5.00348e-09
4.19822e-09
3.50706e-09
2.91968e-09
2.42418e-09
2.00847e-09
1.66115e-09
1.37184e-09
1.13141e-09
9.319e-10
7.66512e-10
6.29477e-10
5.15937e-10
4.21821e-10
3.43728e-10
2.78824e-10
2.24751e-10
1.79544e-10
1.41561e-10
1.09427e-10
8.19725e-11
5.8188e-11
3.71716e-11
1.80705e-11
-1.01845e-31
1.00706e-12
6.60795e-10
1.28778e-09
1.88239e-09
2.44537e-09
2.97766e-09
3.48033e-09
3.95455e-09
4.40155e-09
4.8226e-09
5.21898e-09
5.59198e-09
5.94285e-09
6.27283e-09
6.5831e-09
6.87482e-09
7.14908e-09
7.40694e-09
7.64939e-09
7.87738e-09
8.0918e-09
8.29349e-09
8.48325e-09
8.66183e-09
8.82992e-09
8.98818e-09
9.13722e-09
9.27763e-09
9.40993e-09
9.53464e-09
9.65223e-09
9.76313e-09
1.09106e-08
1.20127e-08
1.30233e-08
1.38888e-08
1.45512e-08
1.49541e-08
1.50501e-08
1.48113e-08
1.42374e-08
1.33618e-08
1.22491e-08
1.09862e-08
9.6657e-09
8.3692e-09
7.1562e-09
6.06108e-09
5.09726e-09
4.26407e-09
3.55291e-09
2.9514e-09
2.44601e-09
2.02345e-09
1.6714e-09
1.37885e-09
1.13619e-09
9.35155e-10
7.68728e-10
6.30985e-10
5.16963e-10
4.22519e-10
3.44202e-10
2.79146e-10
2.24969e-10
1.79691e-10
1.41661e-10
1.09493e-10
8.20159e-11
5.82155e-11
3.71876e-11
1.80778e-11
-9.26264e-32
1.03245e-12
6.77411e-10
1.32016e-09
1.92971e-09
2.50684e-09
3.05249e-09
3.56777e-09
4.05387e-09
4.51206e-09
4.94364e-09
5.34992e-09
5.73223e-09
6.09185e-09
6.43004e-09
6.74802e-09
7.04698e-09
7.32804e-09
7.59229e-09
7.84073e-09
8.07434e-09
8.29405e-09
8.50071e-09
8.69513e-09
8.87809e-09
9.0503e-09
9.21243e-09
9.36511e-09
9.50894e-09
9.64447e-09
9.77222e-09
9.89266e-09
1.00062e-08
1.11813e-08
1.23093e-08
1.33428e-08
1.42265e-08
1.49008e-08
1.53076e-08
1.53983e-08
1.51442e-08
1.45454e-08
1.36365e-08
1.2485e-08
1.11811e-08
9.82068e-09
8.48834e-09
7.24515e-09
6.12595e-09
5.14372e-09
4.29691e-09
3.57587e-09
2.96735e-09
2.45702e-09
2.03102e-09
1.67659e-09
1.3824e-09
1.13861e-09
9.36808e-10
7.69854e-10
6.31752e-10
5.17485e-10
4.22874e-10
3.44443e-10
2.7931e-10
2.25081e-10
1.79767e-10
1.41712e-10
1.09527e-10
8.20382e-11
5.82295e-11
3.71959e-11
1.80816e-11
-8.42253e-32
1.02271e-12
6.71184e-10
1.30804e-09
1.91202e-09
2.4839e-09
3.02462e-09
3.53528e-09
4.01706e-09
4.47122e-09
4.89903e-09
5.30182e-09
5.68087e-09
6.03746e-09
6.37284e-09
6.68821e-09
6.98475e-09
7.26357e-09
7.52572e-09
7.77224e-09
8.00406e-09
8.2221e-09
8.42722e-09
8.62022e-09
8.80185e-09
8.97283e-09
9.13382e-09
9.28544e-09
9.42829e-09
9.5629e-09
9.6898e-09
9.80945e-09
9.9223e-09
1.10904e-08
1.22132e-08
1.32438e-08
1.41276e-08
1.48055e-08
1.52196e-08
1.53211e-08
1.50805e-08
1.44969e-08
1.36032e-08
1.24652e-08
1.1172e-08
9.81903e-09
8.49095e-09
7.2496e-09
6.1307e-09
5.148e-09
4.30042e-09
3.5786e-09
2.96939e-09
2.45851e-09
2.03209e-09
1.67734e-09
1.38293e-09
1.13898e-09
9.37065e-10
7.70032e-10
6.31874e-10
5.17569e-10
4.22931e-10
3.44483e-10
2.79337e-10
2.25099e-10
1.79779e-10
1.4172e-10
1.09533e-10
8.20421e-11
5.8232e-11
3.71973e-11
1.80823e-11
-7.6573e-32
9.83801e-13
6.45973e-10
1.25893e-09
1.84029e-09
2.3908e-09
2.91139e-09
3.40311e-09
3.86709e-09
4.30454e-09
4.71671e-09
5.10483e-09
5.47016e-09
5.81392e-09
6.1373e-09
6.44147e-09
6.72753e-09
6.99656e-09
7.24957e-09
7.48754e-09
7.71138e-09
7.92196e-09
8.12011e-09
8.30659e-09
8.48212e-09
8.6474e-09
8.80306e-09
8.94969e-09
9.08786e-09
9.2181e-09
9.34089e-09
9.45669e-09
9.56594e-09
1.06981e-08
1.17894e-08
1.27953e-08
1.36637e-08
1.43377e-08
1.47611e-08
1.48862e-08
1.46828e-08
1.41474e-08
1.3309e-08
1.22284e-08
1.09896e-08
9.6839e-09
8.39412e-09
7.18191e-09
6.08414e-09
5.11627e-09
4.27892e-09
3.56407e-09
2.95958e-09
2.4519e-09
2.02763e-09
1.67434e-09
1.3809e-09
1.13761e-09
9.36137e-10
7.69405e-10
6.3145e-10
5.17282e-10
4.22737e-10
3.44351e-10
2.79248e-10
2.25039e-10
1.79739e-10
1.41693e-10
1.09515e-10
8.20304e-11
5.82247e-11
3.71931e-11
1.80804e-11
-6.96059e-32
9.22727e-13
6.06323e-10
1.18169e-09
1.72746e-09
2.24435e-09
2.73323e-09
3.19509e-09
3.63101e-09
4.04211e-09
4.42956e-09
4.79452e-09
5.13815e-09
5.4616e-09
5.76597e-09
6.05236e-09
6.32179e-09
6.57526e-09
6.81373e-09
7.03809e-09
7.24921e-09
7.4479e-09
7.63491e-09
7.81097e-09
7.97676e-09
8.1329e-09
8.28001e-09
8.41863e-09
8.54929e-09
8.67249e-09
8.78867e-09
8.89828e-09
9.00171e-09
1.00756e-08
1.11151e-08
1.20792e-08
1.29195e-08
1.35831e-08
1.40167e-08
1.41743e-08
1.40251e-08
1.35625e-08
1.28098e-08
1.18201e-08
1.06691e-08
9.44194e-09
8.21729e-09
7.05587e-09
5.9959e-09
5.05522e-09
4.237e-09
3.53543e-09
2.94008e-09
2.43864e-09
2.01863e-09
1.66823e-09
1.37676e-09
1.1348e-09
9.34235e-10
7.68114e-10
6.30575e-10
5.16689e-10
4.22334e-10
3.44078e-10
2.79063e-10
2.24914e-10
1.79655e-10
1.41637e-10
1.09478e-10
8.20059e-11
5.82093e-11
3.71842e-11
1.80763e-11
-6.32651e-32
8.4643e-13
5.56743e-10
1.08511e-09
1.58636e-09
2.06118e-09
2.51038e-09
2.93488e-09
3.33567e-09
3.71377e-09
4.07025e-09
4.40617e-09
4.72259e-09
5.02056e-09
5.30107e-09
5.56513e-09
5.81367e-09
6.04759e-09
6.26777e-09
6.47502e-09
6.67013e-09
6.85382e-09
7.02681e-09
7.18973e-09
7.34322e-09
7.48784e-09
7.62415e-09
7.75265e-09
7.87383e-09
7.98812e-09
8.09596e-09
8.19772e-09
8.29379e-09
9.29365e-09
1.02668e-08
1.11767e-08
1.19797e-08
1.26275e-08
1.30709e-08
1.3266e-08
1.3182e-08
1.28085e-08
1.21619e-08
1.1286e-08
1.02466e-08
9.12008e-09
7.97996e-09
6.88532e-09
5.87559e-09
4.97144e-09
4.17916e-09
3.49574e-09
2.91295e-09
2.42015e-09
2.00604e-09
1.65968e-09
1.37095e-09
1.13086e-09
9.31557e-10
7.66297e-10
6.29342e-10
5.15852e-10
4.21767e-10
3.43693e-10
2.78802e-10
2.24737e-10
1.79535e-10
1.41557e-10
1.09424e-10
8.19712e-11
5.81875e-11
3.71715e-11
1.80705e-11
-5.74963e-32
7.61065e-13
5.01231e-10
9.76962e-10
1.42837e-09
1.85607e-09
2.26083e-09
2.64347e-09
3.00488e-09
3.34599e-09
3.66775e-09
3.9711e-09
4.257e-09
4.52636e-09
4.7801e-09
5.01908e-09
5.24414e-09
5.4561e-09
5.65572e-09
5.84372e-09
6.02081e-09
6.18765e-09
6.34484e-09
6.49297e-09
6.6326e-09
6.76424e-09
6.88838e-09
7.00546e-09
7.11593e-09
7.22018e-09
7.31859e-09
7.4115e-09
7.49925e-09
8.41531e-09
9.31307e-09
1.01607e-08
1.092e-08
1.15478e-08
1.19997e-08
1.22344e-08
1.22209e-08
1.19454e-08
1.14167e-08
1.06683e-08
9.75482e-09
8.74307e-09
7.70019e-09
6.68302e-09
5.73211e-09
4.87105e-09
4.10959e-09
3.44783e-09
2.88011e-09
2.39772e-09
1.99075e-09
1.64927e-09
1.36387e-09
1.12605e-09
9.2829e-10
7.64078e-10
6.27835e-10
5.14829e-10
4.21072e-10
3.43222e-10
2.78483e-10
2.24521e-10
1.7939e-10
1.41459e-10
1.09359e-10
8.19287e-11
5.81607e-11
3.7156e-11
1.80634e-11
-2.72205e-32
6.75234e-13
4.45347e-10
8.68087e-10
1.26929e-09
1.64954e-09
2.00952e-09
2.34997e-09
2.67167e-09
2.97547e-09
3.26218e-09
3.53265e-09
3.7877e-09
4.02815e-09
4.2548e-09
4.4684e-09
4.66969e-09
4.85939e-09
5.03815e-09
5.20663e-09
5.36543e-09
5.51513e-09
5.65627e-09
5.78936e-09
5.91488e-09
6.0333e-09
6.14503e-09
6.25048e-09
6.35003e-09
6.44402e-09
6.5328e-09
6.61666e-09
6.69591e-09
7.52595e-09
8.34556e-09
9.12768e-09
9.83942e-09
1.04431e-08
1.08989e-08
1.11688e-08
1.12222e-08
1.10419e-08
1.063e-08
1.00101e-08
9.22551e-09
8.33303e-09
7.39281e-09
6.4587e-09
5.57172e-09
4.75807e-09
4.03084e-09
3.39337e-09
2.84264e-09
2.37204e-09
1.97321e-09
1.6373e-09
1.35572e-09
1.1205e-09
9.24518e-10
7.61514e-10
6.26093e-10
5.13645e-10
4.20268e-10
3.42677e-10
2.78113e-10
2.24271e-10
1.7922e-10
1.41345e-10
1.09284e-10
8.18793e-11
5.81295e-11
3.71379e-11
1.80552e-11
3.1899e-34
5.94383e-13
3.92603e-10
7.65322e-10
1.11913e-09
1.45456e-09
1.77221e-09
2.07276e-09
2.3569e-09
2.62536e-09
2.87886e-09
3.11814e-09
3.34392e-09
3.55691e-09
3.7578e-09
3.94725e-09
4.1259e-09
4.29436e-09
4.45323e-09
4.60306e-09
4.74437e-09
4.87766e-09
5.00342e-09
5.12208e-09
5.23407e-09
5.33977e-09
5.43958e-09
5.53383e-09
5.62285e-09
5.70695e-09
5.78643e-09
5.86155e-09
5.93257e-09
6.67898e-09
7.42155e-09
8.13764e-09
8.79929e-09
9.37403e-09
9.82668e-09
1.01226e-08
1.02323e-08
1.01366e-08
9.8318e-09
9.3328e-09
8.67266e-09
7.89817e-09
7.06197e-09
6.21398e-09
5.39468e-09
4.63213e-09
3.94235e-09
3.33176e-09
2.80003e-09
2.34271e-09
1.95309e-09
1.62354e-09
1.34632e-09
1.1141e-09
9.20155e-10
7.58545e-10
6.24073e-10
5.12272e-10
4.19335e-10
3.42043e-10
2.77683e-10
2.23979e-10
1.79024e-10
1.41213e-10
1.09196e-10
8.18218e-11
5.80933e-11
3.71168e-11
1.80456e-11
3.50706e-34
5.19021e-13
3.43341e-10
6.69335e-10
9.78852e-10
1.27238e-09
1.55046e-09
1.81367e-09
2.06263e-09
2.29798e-09
2.52034e-09
2.73034e-09
2.92863e-09
3.11579e-09
3.29244e-09
3.45914e-09
3.61644e-09
3.76487e-09
3.90494e-09
4.03712e-09
4.16188e-09
4.27964e-09
4.3908e-09
4.49577e-09
4.59489e-09
4.68851e-09
4.77696e-09
4.86053e-09
4.93951e-09
5.01417e-09
5.08477e-09
5.15153e-09
5.21468e-09
5.88059e-09
6.54801e-09
7.19826e-09
7.80797e-09
8.34947e-09
8.79221e-09
9.10514e-09
9.26038e-09
9.23769e-09
9.02903e-09
8.64189e-09
8.09998e-09
7.44052e-09
6.70837e-09
5.94862e-09
5.20025e-09
4.49231e-09
3.84322e-09
3.26221e-09
2.75163e-09
2.30923e-09
1.93004e-09
1.60772e-09
1.33549e-09
1.1067e-09
9.15105e-10
7.55103e-10
6.21728e-10
5.10676e-10
4.1825e-10
3.41305e-10
2.77182e-10
2.2364e-10
1.78794e-10
1.41059e-10
1.09093e-10
8.17547e-11
5.8051e-11
3.70923e-11
1.80344e-11
3.85541e-34
4.49532e-13
2.97825e-10
5.80638e-10
8.49215e-10
1.10399e-09
1.34545e-09
1.5741e-09
1.79047e-09
1.99512e-09
2.18858e-09
2.37141e-09
2.54413e-09
2.70727e-09
2.86135e-09
3.00684e-09
3.14422e-09
3.27395e-09
3.39645e-09
3.51212e-09
3.62137e-09
3.72456e-09
3.82204e-09
3.91413e-09
4.00116e-09
4.0834e-09
4.16115e-09
4.23465e-09
4.30416e-09
4.36991e-09
4.4321e-09
4.49095e-09
4.54665e-09
5.13589e-09
5.7308e-09
6.31622e-09
6.87289e-09
7.37764e-09
7.8043e-09
8.12549e-09
8.31549e-09
8.35384e-09
8.22942e-09
7.94366e-09
7.51209e-09
6.96303e-09
6.33342e-09
5.66292e-09
4.98802e-09
4.33784e-09
3.73259e-09
3.18396e-09
2.6968e-09
2.27108e-09
1.90364e-09
1.58954e-09
1.32301e-09
1.09814e-09
9.09256e-10
7.51108e-10
6.19004e-10
5.0882e-10
4.16986e-10
3.40445e-10
2.76598e-10
2.23244e-10
1.78527e-10
1.40879e-10
1.08973e-10
8.16763e-11
5.80015e-11
3.70635e-11
1.80213e-11
2.37872e-34
4.38397e-13
2.90523e-10
5.66407e-10
8.28414e-10
1.07697e-09
1.31255e-09
1.53564e-09
1.74678e-09
1.94649e-09
2.13531e-09
2.31376e-09
2.48237e-09
2.64164e-09
2.79208e-09
2.93415e-09
3.06832e-09
3.19503e-09
3.31469e-09
3.4277e-09
3.53444e-09
3.63527e-09
3.73053e-09
3.82054e-09
3.9056e-09
3.986e-09
4.06201e-09
4.13388e-09
4.20185e-09
4.26615e-09
4.32697e-09
4.38454e-09
4.43902e-09
5.01574e-09
5.59872e-09
6.17335e-09
6.72102e-09
7.21927e-09
7.64266e-09
7.96443e-09
8.15925e-09
8.20672e-09
8.09529e-09
7.82553e-09
7.41171e-09
6.88071e-09
6.26815e-09
5.61273e-09
4.95042e-09
4.31028e-09
3.71272e-09
3.16983e-09
2.68685e-09
2.26414e-09
1.89883e-09
1.58621e-09
1.32072e-09
1.09657e-09
9.0818e-10
7.50373e-10
6.18502e-10
5.08477e-10
4.16753e-10
3.40287e-10
2.7649e-10
2.23171e-10
1.78477e-10
1.40846e-10
1.08951e-10
8.16618e-11
5.79924e-11
3.70582e-11
1.80189e-11
2.21923e-34
3.86144e-13
2.56219e-10
4.99553e-10
7.30688e-10
9.50012e-10
1.15795e-09
1.35494e-09
1.54144e-09
1.71793e-09
1.88487e-09
2.04272e-09
2.19194e-09
2.33298e-09
2.46626e-09
2.5922e-09
2.7112e-09
2.82364e-09
2.92988e-09
3.03028e-09
3.12516e-09
3.21483e-09
3.2996e-09
3.37973e-09
3.4555e-09
3.52716e-09
3.59493e-09
3.65904e-09
3.71971e-09
3.77712e-09
3.83146e-09
3.8829e-09
3.93161e-09
4.44863e-09
4.97437e-09
5.49674e-09
6.00014e-09
6.46546e-09
6.87068e-09
7.19206e-09
7.40637e-09
7.49373e-09
7.44105e-09
7.24512e-09
6.91452e-09
6.46951e-09
5.93935e-09
5.35779e-09
4.75797e-09
4.16822e-09
3.60974e-09
3.09623e-09
2.63484e-09
2.2277e-09
1.87347e-09
1.56865e-09
1.30861e-09
1.08825e-09
9.02477e-10
7.4647e-10
6.15835e-10
5.06657e-10
4.15512e-10
3.39442e-10
2.75916e-10
2.22781e-10
1.78214e-10
1.40668e-10
1.08833e-10
8.15845e-11
5.79435e-11
3.70298e-11
1.8006e-11
4.2978e-34
3.28964e-13
2.18608e-10
4.26249e-10
6.23522e-10
8.1077e-10
9.88359e-10
1.15667e-09
1.3161e-09
1.46705e-09
1.60991e-09
1.74507e-09
1.87292e-09
1.99383e-09
2.10817e-09
2.21628e-09
2.3185e-09
2.41514e-09
2.50652e-09
2.59293e-09
2.67464e-09
2.75192e-09
2.82501e-09
2.89416e-09
2.95957e-09
3.02148e-09
3.08006e-09
3.13551e-09
3.188e-09
3.23771e-09
3.28478e-09
3.32937e-09
3.37161e-09
3.82137e-09
4.2819e-09
4.74374e-09
5.19448e-09
5.61865e-09
5.99801e-09
6.31238e-09
6.54121e-09
6.66583e-09
6.67221e-09
6.55379e-09
6.31355e-09
5.96467e-09
5.52921e-09
5.03482e-09
4.51062e-09
3.98325e-09
3.47411e-09
2.99835e-09
2.56509e-09
2.1785e-09
1.83903e-09
1.5447e-09
1.29204e-09
1.07682e-09
8.9462e-10
7.41082e-10
6.12147e-10
5.04136e-10
4.13791e-10
3.38269e-10
2.75118e-10
2.22239e-10
1.77847e-10
1.40421e-10
1.08668e-10
8.14767e-11
5.78755e-11
3.69903e-11
1.79879e-11
5.11855e-34
2.77965e-13
1.84993e-10
3.60726e-10
5.2772e-10
6.86273e-10
8.36701e-10
9.79332e-10
1.1145e-09
1.24254e-09
1.36379e-09
1.47857e-09
1.5872e-09
1.69e-09
1.78727e-09
1.8793e-09
1.96638e-09
2.04875e-09
2.1267e-09
2.20044e-09
2.27022e-09
2.33626e-09
2.39876e-09
2.45791e-09
2.51392e-09
2.56694e-09
2.61715e-09
2.6647e-09
2.70974e-09
2.75241e-09
2.79284e-09
2.83115e-09
2.86747e-09
3.25533e-09
3.65513e-09
4.05963e-09
4.45916e-09
4.84141e-09
5.19155e-09
5.49275e-09
5.72725e-09
5.87802e-09
5.93099e-09
5.87741e-09
5.71598e-09
5.45398e-09
5.10689e-09
4.69638e-09
4.24708e-09
3.78314e-09
3.32538e-09
2.88976e-09
2.48694e-09
2.1229e-09
1.79985e-09
1.51729e-09
1.27297e-09
1.06362e-09
8.85517e-10
7.34822e-10
6.07852e-10
5.01196e-10
4.11781e-10
3.36897e-10
2.74183e-10
2.21604e-10
1.77417e-10
1.40132e-10
1.08475e-10
8.13501e-11
5.77955e-11
3.69437e-11
1.79667e-11
5.62387e-34
2.32984e-13
1.55281e-10
3.02808e-10
4.43026e-10
5.76195e-10
7.02584e-10
8.22471e-10
9.36136e-10
1.04386e-09
1.14592e-09
1.2426e-09
1.33415e-09
1.42083e-09
1.5029e-09
1.5806e-09
1.65416e-09
1.7238e-09
1.78972e-09
1.85214e-09
1.91123e-09
1.96719e-09
2.02018e-09
2.07037e-09
2.1179e-09
2.16294e-09
2.2056e-09
2.24603e-09
2.28435e-09
2.32067e-09
2.35509e-09
2.38773e-09
2.41869e-09
2.75025e-09
3.0942e-09
3.44513e-09
3.79565e-09
4.13615e-09
4.45484e-09
4.73793e-09
4.97042e-09
5.13724e-09
5.22493e-09
5.22361e-09
5.12895e-09
4.94351e-09
4.67709e-09
4.34565e-09
3.96915e-09
3.56864e-09
3.16361e-09
2.7701e-09
2.39987e-09
2.06037e-09
1.75542e-09
1.486e-09
1.25109e-09
1.0484e-09
8.74979e-10
7.27552e-10
6.02852e-10
4.97764e-10
4.09432e-10
3.35291e-10
2.73088e-10
2.20859e-10
1.76912e-10
1.39791e-10
1.08248e-10
8.12011e-11
5.77014e-11
3.68889e-11
1.79417e-11
6.17779e-34
1.93744e-13
1.2931e-10
2.52176e-10
3.68978e-10
4.79938e-10
5.85284e-10
6.8525e-10
7.8007e-10
8.69978e-10
9.55203e-10
1.03597e-09
1.1125e-09
1.18501e-09
1.25369e-09
1.31876e-09
1.38039e-09
1.43877e-09
1.49407e-09
1.54646e-09
1.5961e-09
1.64312e-09
1.68768e-09
1.7299e-09
1.76991e-09
1.80784e-09
1.84379e-09
1.87788e-09
1.91019e-09
1.94084e-09
1.96991e-09
1.99748e-09
2.02364e-09
2.30461e-09
2.59784e-09
2.89939e-09
3.20375e-09
3.50359e-09
3.78968e-09
4.05101e-09
4.27517e-09
4.44918e-09
4.56071e-09
4.5996e-09
4.5596e-09
4.43974e-09
4.2451e-09
3.98654e-09
3.67936e-09
3.34109e-09
2.98925e-09
2.63931e-09
2.30349e-09
1.99042e-09
1.70528e-09
1.45041e-09
1.22604e-09
1.03089e-09
8.62797e-10
7.19117e-10
5.97031e-10
4.9376e-10
4.06684e-10
3.3341e-10
2.71803e-10
2.19984e-10
1.76318e-10
1.3939e-10
1.0798e-10
8.10256e-11
5.75904e-11
3.68243e-11
1.79122e-11
6.78459e-34
1.59883e-13
1.06852e-10
2.08391e-10
3.04937e-10
3.96677e-10
4.83805e-10
5.66513e-10
6.44997e-10
7.19448e-10
7.90056e-10
8.57005e-10
9.20476e-10
9.80641e-10
1.03767e-09
1.09172e-09
1.14295e-09
1.1915e-09
1.23752e-09
1.28114e-09
1.32249e-09
1.36168e-09
1.39884e-09
1.43407e-09
1.46747e-09
1.49915e-09
1.52919e-09
1.55769e-09
1.58472e-09
1.61037e-09
1.63471e-09
1.6578e-09
1.67971e-09
1.91577e-09
2.16352e-09
2.42019e-09
2.68177e-09
2.94279e-09
3.19619e-09
3.43335e-09
3.64427e-09
3.81805e-09
3.94381e-09
4.01177e-09
4.0147e-09
3.9492e-09
3.81667e-09
3.62361e-09
3.38091e-09
3.10247e-09
2.80329e-09
2.49764e-09
2.19768e-09
1.91269e-09
1.64898e-09
1.41011e-09
1.19746e-09
1.01078e-09
8.48742e-10
7.09343e-10
5.90263e-10
4.8909e-10
4.03471e-10
3.31206e-10
2.70295e-10
2.18955e-10
1.75619e-10
1.38918e-10
1.07665e-10
8.08185e-11
5.74593e-11
3.6748e-11
1.78773e-11
7.44876e-34
1.30968e-13
8.76387e-11
1.70928e-10
2.50136e-10
3.25419e-10
3.96939e-10
4.64856e-10
5.29328e-10
5.90515e-10
6.48569e-10
7.03642e-10
7.55879e-10
8.05421e-10
8.52404e-10
8.96959e-10
9.39208e-10
9.79273e-10
1.01727e-09
1.0533e-09
1.08747e-09
1.11988e-09
1.15062e-09
1.17978e-09
1.20744e-09
1.23369e-09
1.25859e-09
1.28223e-09
1.30465e-09
1.32594e-09
1.34615e-09
1.36533e-09
1.38354e-09
1.58019e-09
1.78767e-09
2.0041e-09
2.22664e-09
2.45131e-09
2.67285e-09
2.88464e-09
3.07881e-09
3.24647e-09
3.37833e-09
3.46544e-09
3.50035e-09
3.47819e-09
3.39773e-09
3.26188e-09
3.07767e-09
2.85539e-09
2.60724e-09
2.34579e-09
2.08255e-09
1.82701e-09
1.5862e-09
1.36472e-09
1.165e-09
9.87784e-10
8.32569e-10
6.98039e-10
5.82403e-10
4.83648e-10
3.99717e-10
3.28624e-10
2.68525e-10
2.17746e-10
1.74796e-10
1.38362e-10
1.07292e-10
8.05739e-11
5.73045e-11
3.66578e-11
1.78361e-11
8.17506e-34
1.06526e-13
7.13679e-11
1.392e-10
2.03719e-10
2.65056e-10
3.23343e-10
3.78712e-10
4.31292e-10
4.81212e-10
5.28598e-10
5.7357e-10
6.16246e-10
6.56739e-10
6.9516e-10
7.31612e-10
7.66197e-10
7.99009e-10
8.3014e-10
8.59677e-10
8.87703e-10
9.14297e-10
9.39534e-10
9.63484e-10
9.86215e-10
1.00779e-09
1.02827e-09
1.04771e-09
1.06617e-09
1.0837e-09
1.10035e-09
1.11615e-09
1.13117e-09
1.29364e-09
1.46591e-09
1.64675e-09
1.83421e-09
2.02547e-09
2.21672e-09
2.40299e-09
2.57824e-09
2.73541e-09
2.86679e-09
2.96458e-09
3.02165e-09
3.03246e-09
2.99402e-09
2.9066e-09
2.77395e-09
2.60305e-09
2.40322e-09
2.18495e-09
1.95861e-09
1.73341e-09
1.51674e-09
1.31393e-09
1.12834e-09
9.61594e-10
8.14024e-10
6.85003e-10
5.73294e-10
4.77315e-10
3.95333e-10
3.25601e-10
2.66447e-10
2.16323e-10
1.73827e-10
1.37706e-10
1.06853e-10
8.02849e-11
5.71214e-11
3.6551e-11
1.77873e-11
8.96836e-34
8.6066e-14
5.7724e-11
1.12593e-10
1.64791e-10
2.14424e-10
2.61602e-10
3.06431e-10
3.49017e-10
3.89464e-10
4.27873e-10
4.6434e-10
4.9896e-10
5.31825e-10
5.63021e-10
5.92632e-10
6.20739e-10
6.47418e-10
6.72741e-10
6.96779e-10
7.19597e-10
7.41258e-10
7.61823e-10
7.81348e-10
7.99887e-10
8.17491e-10
8.34208e-10
8.50084e-10
8.65163e-10
8.79485e-10
8.93091e-10
9.06017e-10
9.18297e-10
1.05148e-09
1.19333e-09
1.34309e-09
1.49949e-09
1.66059e-09
1.82369e-09
1.98518e-09
2.14051e-09
2.28423e-09
2.41016e-09
2.51172e-09
2.58247e-09
2.61683e-09
2.61086e-09
2.56297e-09
2.47436e-09
2.34913e-09
2.19387e-09
2.01679e-09
1.82675e-09
1.63223e-09
1.44059e-09
1.25756e-09
1.0872e-09
9.31932e-10
7.92853e-10
6.70021e-10
5.62767e-10
4.69962e-10
3.90222e-10
3.22065e-10
2.64011e-10
2.14652e-10
1.72685e-10
1.36932e-10
1.06334e-10
7.99432e-11
5.69046e-11
3.64245e-11
1.77295e-11
9.83364e-34
6.90966e-14
4.63896e-11
9.04888e-11
1.32446e-10
1.7235e-10
2.10289e-10
2.4635e-10
2.80617e-10
3.13174e-10
3.44102e-10
3.73477e-10
4.01376e-10
4.2787e-10
4.5303e-10
4.76921e-10
4.99608e-10
5.21151e-10
5.41609e-10
5.61036e-10
5.79485e-10
5.97005e-10
6.13646e-10
6.29451e-10
6.44463e-10
6.58723e-10
6.7227e-10
6.8514e-10
6.97368e-10
7.08987e-10
7.20028e-10
7.30519e-10
7.40491e-10
8.48841e-10
9.6471e-10
1.08768e-09
1.21697e-09
1.35129e-09
1.48878e-09
1.62689e-09
1.7623e-09
1.8909e-09
2.00786e-09
2.10784e-09
2.18531e-09
2.23506e-09
2.2528e-09
2.23581e-09
2.18349e-09
2.09761e-09
1.98228e-09
1.84348e-09
1.68831e-09
1.52417e-09
1.35797e-09
1.19555e-09
1.04139e-09
8.98555e-10
7.68815e-10
6.52878e-10
5.50643e-10
4.61447e-10
3.84277e-10
3.17936e-10
2.61156e-10
2.12688e-10
1.71341e-10
1.36019e-10
1.0572e-10
7.9539e-11
5.6648e-11
3.62747e-11
1.7661e-11
1.07759e-33
5.51445e-14
3.70566e-11
7.22862e-11
1.05809e-10
1.37697e-10
1.68021e-10
1.96852e-10
2.24256e-10
2.50301e-10
2.7505e-10
2.98565e-10
3.20906e-10
3.42131e-10
3.62294e-10
3.81447e-10
3.99642e-10
4.16927e-10
4.33346e-10
4.48944e-10
4.63762e-10
4.7784e-10
4.91215e-10
5.03923e-10
5.15998e-10
5.27472e-10
5.38376e-10
5.48738e-10
5.58587e-10
5.67947e-10
5.76844e-10
5.85301e-10
5.93341e-10
6.80858e-10
7.74793e-10
8.74957e-10
9.80894e-10
1.0918e-09
1.20645e-09
1.32307e-09
1.43931e-09
1.55216e-09
1.65797e-09
1.75253e-09
1.83127e-09
1.88961e-09
1.92338e-09
1.92933e-09
1.90569e-09
1.85251e-09
1.77185e-09
1.6676e-09
1.54505e-09
1.41028e-09
1.26942e-09
1.12806e-09
9.90858e-10
8.61294e-10
7.41702e-10
6.33371e-10
5.36742e-10
4.51621e-10
3.7738e-10
3.13124e-10
2.57817e-10
2.10383e-10
1.69761e-10
1.34943e-10
1.04996e-10
7.90609e-11
5.63442e-11
3.60971e-11
1.75797e-11
1.17997e-33
4.37664e-14
2.9435e-11
5.74207e-11
8.40536e-11
1.09392e-10
1.33492e-10
1.56411e-10
1.78201e-10
1.98916e-10
2.18606e-10
2.37321e-10
2.55107e-10
2.72009e-10
2.88072e-10
3.03335e-10
3.1784e-10
3.31623e-10
3.44721e-10
3.57168e-10
3.68997e-10
3.80239e-10
3.90922e-10
4.01076e-10
4.10728e-10
4.19901e-10
4.28622e-10
4.36911e-10
4.44792e-10
4.52284e-10
4.59407e-10
4.6618e-10
4.72621e-10
5.42834e-10
6.18445e-10
6.9941e-10
7.855e-10
8.76244e-10
9.70858e-10
1.06817e-09
1.16656e-09
1.26388e-09
1.35745e-09
1.44405e-09
1.52007e-09
1.58165e-09
1.62502e-09
1.64687e-09
1.6448e-09
1.61771e-09
1.56608e-09
1.49202e-09
1.39912e-09
1.292e-09
1.17577e-09
1.05549e-09
9.35693e-10
8.20073e-10
7.11357e-10
6.11317e-10
5.2089e-10
4.40334e-10
3.69408e-10
3.07532e-10
2.5392e-10
2.07684e-10
1.67903e-10
1.33675e-10
1.04141e-10
7.84955e-11
5.59843e-11
3.58865e-11
1.74833e-11
1.29096e-33
3.45576e-14
2.32589e-11
4.53739e-11
6.64221e-11
8.64499e-11
1.05503e-10
1.23625e-10
1.40859e-10
1.57247e-10
1.72828e-10
1.87641e-10
2.01723e-10
2.1511e-10
2.27835e-10
2.39931e-10
2.51429e-10
2.62358e-10
2.72748e-10
2.82623e-10
2.92012e-10
3.00936e-10
3.0942e-10
3.17486e-10
3.25155e-10
3.32446e-10
3.39379e-10
3.4597e-10
3.52239e-10
3.58199e-10
3.63868e-10
3.69259e-10
3.74386e-10
4.30362e-10
4.90819e-10
5.55798e-10
6.25219e-10
6.98831e-10
7.76168e-10
8.56483e-10
9.38692e-10
1.02131e-09
1.10243e-09
1.17967e-09
1.25026e-09
1.31109e-09
1.35894e-09
1.39074e-09
1.40389e-09
1.39663e-09
1.36835e-09
1.31977e-09
1.25294e-09
1.17109e-09
1.07817e-09
9.78489e-10
8.76197e-10
7.74956e-10
6.77706e-10
5.8658e-10
5.02933e-10
4.27438e-10
3.60233e-10
3.01058e-10
2.49385e-10
2.04529e-10
1.65724e-10
1.32183e-10
1.03132e-10
7.78273e-11
5.55584e-11
3.5637e-11
1.73689e-11
1.41092e-33
2.71567e-14
1.82898e-11
3.56809e-11
5.22347e-11
6.7988e-11
8.29767e-11
9.72357e-11
1.10799e-10
1.23699e-10
1.35967e-10
1.47633e-10
1.58726e-10
1.69274e-10
1.79304e-10
1.8884e-10
1.97907e-10
2.06528e-10
2.14725e-10
2.2252e-10
2.29931e-10
2.36978e-10
2.43679e-10
2.50052e-10
2.56112e-10
2.61875e-10
2.67355e-10
2.72568e-10
2.77526e-10
2.82241e-10
2.86727e-10
2.90993e-10
2.95052e-10
3.39417e-10
3.87457e-10
4.39262e-10
4.94837e-10
5.54079e-10
6.16733e-10
6.82348e-10
7.50229e-10
8.19386e-10
8.88492e-10
9.55847e-10
1.01938e-09
1.07671e-09
1.1252e-09
1.16217e-09
1.18514e-09
1.19208e-09
1.18171e-09
1.15377e-09
1.10908e-09
1.04958e-09
9.78095e-10
8.98005e-10
8.12893e-10
7.26166e-10
6.40783e-10
5.59087e-10
4.82749e-10
4.12803e-10
3.49734e-10
2.93596e-10
2.44126e-10
2.00852e-10
1.63174e-10
1.30431e-10
1.01944e-10
7.70385e-11
5.50546e-11
3.53415e-11
1.72334e-11
1.54008e-33
2.1247e-14
1.43179e-11
2.7933e-11
4.08936e-11
5.32288e-11
6.4967e-11
7.61355e-11
8.67609e-11
9.68686e-11
1.06483e-10
1.15628e-10
1.24326e-10
1.32598e-10
1.40465e-10
1.47948e-10
1.55063e-10
1.61831e-10
1.68267e-10
1.74388e-10
1.8021e-10
1.85747e-10
1.91013e-10
1.96022e-10
2.00787e-10
2.05319e-10
2.0963e-10
2.13731e-10
2.17632e-10
2.21343e-10
2.24874e-10
2.28233e-10
2.31428e-10
2.664e-10
3.04355e-10
3.45402e-10
3.89598e-10
4.36926e-10
4.87269e-10
5.40377e-10
5.95826e-10
6.52979e-10
7.10947e-10
7.6855e-10
8.243e-10
8.76409e-10
9.2283e-10
9.61357e-10
9.89779e-10
1.00608e-09
1.00869e-09
9.96708e-10
9.70071e-10
9.29662e-10
8.77234e-10
8.15238e-10
7.46542e-10
6.7412e-10
6.0076e-10
5.28855e-10
4.60272e-10
3.96322e-10
3.37798e-10
2.85043e-10
2.38056e-10
1.96583e-10
1.60198e-10
1.28378e-10
1.00548e-10
7.61085e-11
5.44594e-11
3.49919e-11
1.70728e-11
1.67854e-33
1.65558e-14
1.11623e-11
2.17771e-11
3.18824e-11
4.1501e-11
5.06551e-11
5.93662e-11
6.7655e-11
7.55412e-11
8.3044e-11
9.01817e-11
9.69718e-11
1.03431e-10
1.09575e-10
1.1542e-10
1.2098e-10
1.26268e-10
1.31299e-10
1.36084e-10
1.40637e-10
1.44967e-10
1.49087e-10
1.53006e-10
1.56734e-10
1.60281e-10
1.63656e-10
1.66867e-10
1.69922e-10
1.72829e-10
1.75594e-10
1.78226e-10
1.8073e-10
2.08159e-10
2.37988e-10
2.70327e-10
3.05257e-10
3.42813e-10
3.82961e-10
4.25582e-10
4.70434e-10
5.17127e-10
5.65087e-10
6.13523e-10
6.61397e-10
7.07417e-10
7.50048e-10
7.87551e-10
8.1808e-10
8.39815e-10
8.51136e-10
8.50825e-10
8.38247e-10
8.13494e-10
7.77422e-10
7.31599e-10
6.78131e-10
6.19432e-10
5.57965e-10
4.96012e-10
4.35505e-10
3.77936e-10
3.24335e-10
2.75305e-10
2.3109e-10
1.91649e-10
1.56739e-10
1.25981e-10
9.89098e-11
7.50146e-11
5.37574e-11
3.45786e-11
1.68828e-11
1.82616e-33
1.2852e-14
8.6689e-12
1.69129e-11
2.47616e-11
3.2233e-11
3.93444e-11
4.61124e-11
5.25531e-11
5.8682e-11
6.45138e-11
7.00627e-11
7.53423e-11
8.03654e-11
8.51445e-11
8.96914e-11
9.40174e-11
9.81332e-11
1.02049e-10
1.05774e-10
1.09319e-10
1.12692e-10
1.159e-10
1.18954e-10
1.21859e-10
1.24623e-10
1.27253e-10
1.29756e-10
1.32138e-10
1.34404e-10
1.36561e-10
1.38614e-10
1.40568e-10
1.61982e-10
1.85309e-10
2.10655e-10
2.38106e-10
2.67723e-10
2.99522e-10
3.33462e-10
3.69422e-10
4.07177e-10
4.46375e-10
4.86501e-10
5.2686e-10
5.66547e-10
6.04448e-10
6.39251e-10
6.69488e-10
6.93621e-10
7.10154e-10
7.17787e-10
7.15579e-10
7.03095e-10
6.8051e-10
6.48629e-10
6.08831e-10
5.62913e-10
5.12898e-10
4.60822e-10
4.08549e-10
3.57641e-10
3.0929e-10
2.64305e-10
2.23147e-10
1.85979e-10
1.52738e-10
1.23192e-10
9.69956e-11
7.3731e-11
5.29313e-11
3.40913e-11
1.66585e-11
1.98247e-33
9.9419e-15
6.70857e-12
1.30885e-11
1.91629e-11
2.49456e-11
3.04502e-11
3.56896e-11
4.06762e-11
4.5422e-11
4.99383e-11
5.42362e-11
5.8326e-11
6.22178e-11
6.59211e-11
6.9445e-11
7.27982e-11
7.5989e-11
7.90252e-11
8.19143e-11
8.46635e-11
8.72797e-11
8.97692e-11
9.21383e-11
9.43928e-11
9.65383e-11
9.85802e-11
1.00523e-10
1.02373e-10
1.04133e-10
1.05808e-10
1.07402e-10
1.0892e-10
1.25567e-10
1.43728e-10
1.63497e-10
1.8496e-10
2.08184e-10
2.33212e-10
2.6005e-10
2.88649e-10
3.18896e-10
3.50584e-10
3.83396e-10
4.1688e-10
4.50425e-10
4.8325e-10
5.144e-10
5.42759e-10
5.67094e-10
5.86125e-10
5.98626e-10
6.03555e-10
6.00186e-10
5.88227e-10
5.67897e-10
5.39933e-10
5.05532e-10
4.66221e-10
4.23687e-10
3.7961e-10
3.35512e-10
2.92657e-10
2.51995e-10
2.14163e-10
1.79508e-10
1.48135e-10
1.19962e-10
9.4767e-11
7.22299e-11
5.19618e-11
3.35178e-11
1.6394e-11
2.14661e-33
7.66563e-15
5.17429e-12
1.00953e-11
1.47807e-11
1.92415e-11
2.34881e-11
2.75304e-11
3.13781e-11
3.50404e-11
3.8526e-11
4.18435e-11
4.50007e-11
4.80055e-11
5.08651e-11
5.35865e-11
5.61764e-11
5.86412e-11
6.0987e-11
6.32194e-11
6.53439e-11
6.73659e-11
6.92903e-11
7.11218e-11
7.28649e-11
7.4524e-11
7.6103e-11
7.76059e-11
7.90365e-11
8.03981e-11
8.16941e-11
8.29278e-11
8.41021e-11
9.69917e-11
1.11072e-10
1.26423e-10
1.43124e-10
1.61241e-10
1.80827e-10
2.01913e-10
2.24494e-10
2.48524e-10
2.73893e-10
3.00416e-10
3.27812e-10
3.55684e-10
3.83502e-10
4.10596e-10
4.36148e-10
4.59216e-10
4.78764e-10
4.93731e-10
5.03115e-10
5.0608e-10
5.02065e-10
4.9088e-10
4.72762e-10
4.48371e-10
4.18738e-10
3.85152e-10
3.49017e-10
3.11716e-10
2.74493e-10
2.38367e-10
2.04097e-10
1.72181e-10
1.42877e-10
1.16244e-10
9.21851e-11
7.04818e-11
5.08281e-11
3.28452e-11
1.60832e-11
2.31715e-33
5.89226e-15
3.97838e-12
7.76207e-12
1.13648e-11
1.4795e-11
1.80607e-11
2.11695e-11
2.4129e-11
2.6946e-11
2.96275e-11
3.21798e-11
3.46091e-11
3.69214e-11
3.91222e-11
4.1217e-11
4.32107e-11
4.51083e-11
4.69145e-11
4.86335e-11
5.02698e-11
5.18272e-11
5.33095e-11
5.47205e-11
5.60635e-11
5.73419e-11
5.85588e-11
5.97171e-11
6.08197e-11
6.18693e-11
6.28684e-11
6.38195e-11
6.4725e-11
7.46685e-11
8.5542e-11
9.74141e-11
1.10352e-10
1.24417e-10
1.39664e-10
1.56134e-10
1.73847e-10
1.92794e-10
2.12928e-10
2.3415e-10
2.56293e-10
2.79111e-10
3.02258e-10
3.25277e-10
3.47593e-10
3.68513e-10
3.87242e-10
4.02912e-10
4.14646e-10
4.21623e-10
4.23173e-10
4.18864e-10
4.08575e-10
3.92543e-10
3.71352e-10
3.45882e-10
3.17216e-10
2.8652e-10
2.54932e-10
2.23465e-10
1.9294e-10
1.63962e-10
1.36918e-10
1.11994e-10
8.92117e-11
6.84565e-11
4.95082e-11
3.20593e-11
1.57192e-11
2.49201e-33
4.51567e-15
3.04965e-12
5.95012e-12
8.71198e-12
1.13417e-11
1.38454e-11
1.6229e-11
1.84982e-11
2.06585e-11
2.27149e-11
2.46725e-11
2.65359e-11
2.83097e-11
2.99982e-11
3.16054e-11
3.31352e-11
3.45915e-11
3.59777e-11
3.72972e-11
3.85532e-11
3.97489e-11
4.0887e-11
4.19704e-11
4.30017e-11
4.39835e-11
4.49181e-11
4.58078e-11
4.66548e-11
4.74611e-11
4.82287e-11
4.89595e-11
4.96552e-11
5.72991e-11
6.56657e-11
7.48113e-11
8.47922e-11
9.56633e-11
1.07475e-10
1.20271e-10
1.34081e-10
1.48919e-10
1.64774e-10
1.816e-10
1.99307e-10
2.17748e-10
2.36707e-10
2.55885e-10
2.7489e-10
2.93233e-10
3.10326e-10
3.25498e-10
3.38028e-10
3.47187e-10
3.52306e-10
3.52846e-10
3.48472e-10
3.39115e-10
3.24997e-10
3.06629e-10
2.84758e-10
2.6029e-10
2.34191e-10
2.07396e-10
1.80726e-10
1.54844e-10
1.30229e-10
1.07175e-10
8.58117e-11
6.61242e-11
4.79799e-11
3.11454e-11
1.52948e-11
2.66825e-33
3.45058e-15
2.33082e-12
4.54766e-12
6.65862e-12
8.66864e-12
1.05824e-11
1.24046e-11
1.41394e-11
1.57909e-11
1.73633e-11
1.88601e-11
2.02851e-11
2.16416e-11
2.2933e-11
2.41624e-11
2.53327e-11
2.64467e-11
2.75073e-11
2.85169e-11
2.9478e-11
3.0393e-11
3.1264e-11
3.20933e-11
3.28827e-11
3.36342e-11
3.43497e-11
3.50309e-11
3.56794e-11
3.62968e-11
3.68846e-11
3.74442e-11
3.7977e-11
4.38332e-11
5.02481e-11
5.72673e-11
6.49372e-11
7.33041e-11
8.24128e-11
9.23041e-11
1.03012e-10
1.1456e-10
1.26957e-10
1.40189e-10
1.54213e-10
1.68948e-10
1.84267e-10
1.99981e-10
2.15833e-10
2.31488e-10
2.46529e-10
2.60461e-10
2.72719e-10
2.82704e-10
2.89811e-10
2.93494e-10
2.93317e-10
2.89023e-10
2.80574e-10
2.68175e-10
2.52267e-10
2.33481e-10
2.12572e-10
1.90338e-10
1.67543e-10
1.44855e-10
1.22804e-10
1.01764e-10
8.19566e-11
6.34583e-11
4.62214e-11
3.00889e-11
1.48026e-11
2.84195e-33
2.62896e-15
1.77613e-12
3.46543e-12
5.07408e-12
6.60587e-12
8.06439e-12
9.45312e-12
1.07753e-11
1.20342e-11
1.32328e-11
1.43738e-11
1.54602e-11
1.64944e-11
1.74791e-11
1.84165e-11
1.93089e-11
2.01586e-11
2.09674e-11
2.17375e-11
2.24706e-11
2.31686e-11
2.38331e-11
2.44658e-11
2.50681e-11
2.56416e-11
2.61875e-11
2.67073e-11
2.72022e-11
2.76735e-11
2.81221e-11
2.85493e-11
2.8956e-11
3.34276e-11
3.83291e-11
4.36968e-11
4.95682e-11
5.59818e-11
6.29754e-11
7.05855e-11
7.88448e-11
8.77804e-11
9.74099e-11
1.07738e-10
1.1875e-10
1.30407e-10
1.42637e-10
1.55329e-10
1.68318e-10
1.81386e-10
1.94247e-10
2.06547e-10
2.17868e-10
2.27738e-10
2.35656e-10
2.41124e-10
2.43693e-10
2.43012e-10
2.3888e-10
2.31281e-10
2.204e-10
2.06613e-10
1.9045e-10
1.72539e-10
1.53536e-10
1.34065e-10
1.14665e-10
9.57562e-11
7.76285e-11
6.04374e-11
4.4214e-11
2.88759e-11
1.42355e-11
3.00801e-33
1.99686e-15
1.34928e-12
2.6326e-12
3.85469e-12
5.01841e-12
6.12651e-12
7.18163e-12
8.18626e-12
9.14281e-12
1.00536e-11
1.09207e-11
1.17463e-11
1.25323e-11
1.32807e-11
1.39932e-11
1.46716e-11
1.53175e-11
1.59324e-11
1.65179e-11
1.70753e-11
1.7606e-11
1.81113e-11
1.85924e-11
1.90505e-11
1.94866e-11
1.99018e-11
2.02972e-11
2.06736e-11
2.10321e-11
2.13734e-11
2.16983e-11
2.20077e-11
2.54105e-11
2.91425e-11
3.32323e-11
3.771e-11
4.26065e-11
4.79533e-11
5.37813e-11
6.01202e-11
6.69961e-11
7.44304e-11
8.24362e-11
9.10151e-11
1.00153e-10
1.09814e-10
1.19935e-10
1.30418e-10
1.41125e-10
1.51865e-10
1.62397e-10
1.72421e-10
1.81585e-10
1.89495e-10
1.95733e-10
1.99886e-10
2.01586e-10
2.00551e-10
1.96621e-10
1.89795e-10
1.80234e-10
1.68258e-10
1.54311e-10
1.3891e-10
1.22594e-10
1.05871e-10
8.91708e-11
7.28249e-11
5.7049e-11
4.1943e-11
2.74948e-11
1.3587e-11
3.16012e-33
1.51175e-15
1.02161e-12
1.99331e-12
2.91864e-12
3.79981e-12
4.63888e-12
5.43786e-12
6.19864e-12
6.92303e-12
7.61277e-12
8.26951e-12
8.89482e-12
9.4902e-12
1.00571e-11
1.05968e-11
1.11107e-11
1.16e-11
1.20659e-11
1.25095e-11
1.29319e-11
1.3334e-11
1.37169e-11
1.40815e-11
1.44286e-11
1.47591e-11
1.50739e-11
1.53735e-11
1.56589e-11
1.59306e-11
1.61893e-11
1.64356e-11
1.66701e-11
1.92503e-11
2.20814e-11
2.51858e-11
2.85871e-11
3.23101e-11
3.63801e-11
4.08229e-11
4.56637e-11
5.09265e-11
5.66321e-11
6.27972e-11
6.94313e-11
7.65341e-11
8.40917e-11
9.2072e-11
1.0042e-10
1.0905e-10
1.17843e-10
1.26638e-10
1.35228e-10
1.43362e-10
1.50744e-10
1.57042e-10
1.61909e-10
1.65004e-10
1.66023e-10
1.64737e-10
1.61021e-10
1.5488e-10
1.46454e-10
1.36012e-10
1.23923e-10
1.10613e-10
9.65214e-11
8.20574e-11
6.75634e-11
5.32934e-11
3.94013e-11
2.59377e-11
1.28524e-11
3.29065e-33
1.1403e-15
7.70675e-13
1.50369e-12
2.20176e-12
2.86651e-12
3.49952e-12
4.1023e-12
4.67628e-12
5.22283e-12
5.74325e-12
6.23879e-12
6.71063e-12
7.15991e-12
7.5877e-12
7.99503e-12
8.38287e-12
8.75217e-12
9.1038e-12
9.43861e-12
9.75742e-12
1.0061e-11
1.035e-11
1.06252e-11
1.08873e-11
1.11368e-11
1.13744e-11
1.16007e-11
1.18161e-11
1.20213e-11
1.22166e-11
1.24026e-11
1.25798e-11
1.45285e-11
1.66676e-11
1.90144e-11
2.15872e-11
2.44055e-11
2.74896e-11
3.08602e-11
3.45383e-11
3.85443e-11
4.28975e-11
4.76145e-11
5.27081e-11
5.8185e-11
6.40435e-11
7.02704e-11
7.68369e-11
8.36944e-11
9.07699e-11
9.79607e-11
1.0513e-10
1.12102e-10
1.18666e-10
1.24571e-10
1.29541e-10
1.33286e-10
1.35524e-10
1.36004e-10
1.34539e-10
1.31031e-10
1.25486e-10
1.18025e-10
1.08873e-10
9.83337e-11
8.67569e-11
7.44987e-11
6.18861e-11
4.91872e-11
3.65919e-11
2.42021e-11
1.20291e-11
3.39079e-33
8.56481e-16
5.78902e-13
1.12952e-12
1.65389e-12
2.15324e-12
2.62877e-12
3.08159e-12
3.51278e-12
3.92339e-12
4.31437e-12
4.68667e-12
5.04118e-12
5.37875e-12
5.70019e-12
6.00626e-12
6.2977e-12
6.57521e-12
6.83946e-12
7.09107e-12
7.33067e-12
7.55881e-12
7.77605e-12
7.98291e-12
8.17989e-12
8.36745e-12
8.54606e-12
8.71613e-12
8.87808e-12
9.0323e-12
9.17915e-12
9.31899e-12
9.45215e-12
1.09174e-11
1.25264e-11
1.42923e-11
1.62293e-11
1.83525e-11
2.06778e-11
2.32217e-11
2.60011e-11
2.9033e-11
3.2334e-11
3.59193e-11
3.9802e-11
4.39918e-11
4.84934e-11
5.33039e-11
5.84109e-11
6.37887e-11
6.93949e-11
7.51664e-11
8.10154e-11
8.68253e-11
9.24483e-11
9.77045e-11
1.02385e-10
1.06258e-10
1.09082e-10
1.10621e-10
1.1067e-10
1.09076e-10
1.05758e-10
1.00725e-10
9.40786e-11
8.60053e-11
7.67547e-11
6.66113e-11
5.58623e-11
4.47664e-11
3.35305e-11
2.2293e-11
1.1118e-11
3.45083e-33
6.40039e-16
4.32638e-13
8.44142e-13
1.23603e-12
1.60923e-12
1.96462e-12
2.30306e-12
2.62534e-12
2.93223e-12
3.22447e-12
3.50275e-12
3.76774e-12
4.02008e-12
4.26036e-12
4.48916e-12
4.70703e-12
4.9145e-12
5.11205e-12
5.30017e-12
5.4793e-12
5.64988e-12
5.81231e-12
5.96698e-12
6.11426e-12
6.25452e-12
6.38807e-12
6.51525e-12
6.63636e-12
6.75168e-12
6.86151e-12
6.96608e-12
7.06567e-12
8.16166e-12
9.36544e-12
1.06871e-11
1.21374e-11
1.3728e-11
1.54712e-11
1.73799e-11
1.94674e-11
2.17475e-11
2.42339e-11
2.69397e-11
2.9877e-11
3.30561e-11
3.64841e-11
4.01639e-11
4.40921e-11
4.82568e-11
5.26352e-11
5.71904e-11
6.1868e-11
6.65928e-11
7.12656e-11
7.57612e-11
7.99281e-11
8.35905e-11
8.65545e-11
8.86181e-11
8.9586e-11
8.92879e-11
8.75971e-11
8.4449e-11
7.98522e-11
7.38913e-11
6.67199e-11
5.8542e-11
4.95884e-11
4.00891e-11
3.02482e-11
2.0225e-11
1.01242e-11
3.4606e-33
4.75284e-16
3.2129e-13
6.26886e-13
9.17917e-13
1.19507e-12
1.45901e-12
1.71035e-12
1.94971e-12
2.17763e-12
2.39468e-12
2.60137e-12
2.79819e-12
2.98562e-12
3.16409e-12
3.33405e-12
3.49588e-12
3.65e-12
3.79675e-12
3.9365e-12
4.06957e-12
4.19629e-12
4.31696e-12
4.43187e-12
4.5413e-12
4.6455e-12
4.74473e-12
4.83923e-12
4.92921e-12
5.0149e-12
5.0965e-12
5.17421e-12
5.24821e-12
6.06269e-12
6.95747e-12
7.94014e-12
9.01888e-12
1.02025e-11
1.15004e-11
1.29224e-11
1.44791e-11
1.61812e-11
1.80396e-11
2.00654e-11
2.22688e-11
2.46595e-11
2.72451e-11
3.00308e-11
3.30182e-11
3.62031e-11
3.95748e-11
4.31127e-11
4.67847e-11
5.05439e-11
5.43259e-11
5.80463e-11
6.15992e-11
6.48568e-11
6.76712e-11
6.98802e-11
7.13149e-11
7.18131e-11
7.12334e-11
6.94715e-11
6.64747e-11
6.22507e-11
5.68702e-11
5.04592e-11
4.31848e-11
3.52339e-11
2.67919e-11
1.80227e-11
9.05792e-12
3.4102e-33
3.50075e-16
2.3666e-13
4.61762e-13
6.76137e-13
8.80292e-13
1.07471e-12
1.25986e-12
1.43618e-12
1.60408e-12
1.76397e-12
1.91623e-12
2.06123e-12
2.19931e-12
2.33079e-12
2.456e-12
2.57524e-12
2.68878e-12
2.79691e-12
2.89987e-12
2.99792e-12
3.09129e-12
3.1802e-12
3.26488e-12
3.34551e-12
3.42229e-12
3.49541e-12
3.56504e-12
3.63135e-12
3.6945e-12
3.75463e-12
3.8119e-12
3.86643e-12
4.46672e-12
5.1263e-12
5.85085e-12
6.64647e-12
7.51976e-12
8.47778e-12
9.52807e-12
1.06786e-11
1.19377e-11
1.3314e-11
1.48161e-11
1.64527e-11
1.82319e-11
2.01609e-11
2.22456e-11
2.44894e-11
2.68927e-11
2.94512e-11
3.21547e-11
3.4985e-11
3.79139e-11
4.09011e-11
4.38913e-11
4.6813e-11
4.95763e-11
5.20736e-11
5.41808e-11
5.57618e-11
5.66761e-11
5.67886e-11
5.59824e-11
5.4172e-11
5.13144e-11
4.74175e-11
4.25403e-11
3.67876e-11
3.02972e-11
2.32236e-11
1.57214e-11
7.93468e-12
3.29083e-33
2.5503e-16
1.72414e-13
3.36408e-13
4.92588e-13
6.41323e-13
7.82968e-13
9.17859e-13
1.04632e-12
1.16865e-12
1.28514e-12
1.39608e-12
1.50173e-12
1.60233e-12
1.69813e-12
1.78937e-12
1.87625e-12
1.95898e-12
2.03777e-12
2.1128e-12
2.18425e-12
2.25229e-12
2.31708e-12
2.37879e-12
2.43754e-12
2.4935e-12
2.54679e-12
2.59753e-12
2.64586e-12
2.69188e-12
2.73571e-12
2.77744e-12
2.81719e-12
3.25471e-12
3.73554e-12
4.26382e-12
4.84407e-12
5.48114e-12
6.1803e-12
6.94715e-12
7.78767e-12
8.70817e-12
9.71521e-12
1.08155e-11
1.2016e-11
1.33231e-11
1.47432e-11
1.62817e-11
1.79426e-11
1.97282e-11
2.16379e-11
2.36672e-11
2.58066e-11
2.80399e-11
3.03424e-11
3.26793e-11
3.50035e-11
3.72541e-11
3.93553e-11
4.12165e-11
4.27337e-11
4.37935e-11
4.42792e-11
4.40791e-11
4.30973e-11
4.12645e-11
3.85472e-11
3.49542e-11
3.0537e-11
2.53851e-11
1.96163e-11
1.33652e-11
6.77466e-12
3.09555e-33
1.82886e-16
1.23645e-13
2.41252e-13
3.53255e-13
4.59921e-13
5.61502e-13
6.5824e-13
7.50366e-13
8.38098e-13
9.21647e-13
1.00121e-12
1.07698e-12
1.14913e-12
1.21785e-12
1.28328e-12
1.3456e-12
1.40494e-12
1.46145e-12
1.51526e-12
1.56651e-12
1.61532e-12
1.66179e-12
1.70605e-12
1.7482e-12
1.78834e-12
1.82656e-12
1.86296e-12
1.89763e-12
1.93064e-12
1.96208e-12
1.99202e-12
2.02053e-12
2.33442e-12
2.67941e-12
3.05851e-12
3.47498e-12
3.93235e-12
4.43444e-12
4.98536e-12
5.58948e-12
6.25147e-12
6.97621e-12
7.76879e-12
8.63439e-12
9.5782e-12
1.06052e-11
1.17201e-11
1.29266e-11
1.42276e-11
1.56242e-11
1.7115e-11
1.86955e-11
2.03568e-11
2.20845e-11
2.38571e-11
2.56447e-11
2.74071e-11
2.90929e-11
3.06385e-11
3.19679e-11
3.29951e-11
3.3626e-11
3.37649e-11
3.33209e-11
3.2217e-11
3.03989e-11
2.78431e-11
2.45614e-11
2.06021e-11
1.60464e-11
1.10025e-11
5.60102e-12
2.81972e-33
1.27983e-16
8.65284e-14
1.68831e-13
2.47213e-13
3.2186e-13
3.92949e-13
4.60649e-13
5.25122e-13
5.8652e-13
6.44991e-13
7.00674e-13
7.53702e-13
8.04201e-13
8.52291e-13
8.98088e-13
9.41701e-13
9.83233e-13
1.02279e-12
1.06045e-12
1.09632e-12
1.13048e-12
1.16301e-12
1.19399e-12
1.22349e-12
1.25159e-12
1.27834e-12
1.30382e-12
1.32809e-12
1.35119e-12
1.3732e-12
1.39416e-12
1.41412e-12
1.63384e-12
1.87537e-12
2.14081e-12
2.43245e-12
2.75281e-12
3.10457e-12
3.49065e-12
3.91418e-12
4.37848e-12
4.88709e-12
5.44369e-12
6.05209e-12
6.71617e-12
7.43972e-12
8.22639e-12
9.07943e-12
1.00014e-11
1.09941e-11
1.20575e-11
1.31898e-11
1.43866e-11
1.56397e-11
1.69364e-11
1.82581e-11
1.95792e-11
2.08662e-11
2.20759e-11
2.31556e-11
2.40432e-11
2.46681e-11
2.49546e-11
2.48257e-11
2.42102e-11
2.30489e-11
2.13029e-11
1.89593e-11
1.60361e-11
1.25828e-11
8.67962e-12
4.43664e-12
2.46041e-33
8.58294e-17
5.80298e-14
1.13226e-13
1.65792e-13
2.15854e-13
2.6353e-13
3.08934e-13
3.52173e-13
3.93351e-13
4.32566e-13
4.69911e-13
5.05475e-13
5.39344e-13
5.71598e-13
6.02313e-13
6.31564e-13
6.59421e-13
6.85949e-13
7.11212e-13
7.3527e-13
7.58182e-13
7.80001e-13
8.00779e-13
8.20567e-13
8.39412e-13
8.57358e-13
8.74449e-13
8.90724e-13
9.06224e-13
9.20986e-13
9.35043e-13
9.48431e-13
1.09582e-12
1.25785e-12
1.43594e-12
1.63163e-12
1.84662e-12
2.08272e-12
2.34193e-12
2.62636e-12
2.93828e-12
3.28011e-12
3.6544e-12
4.0638e-12
4.51102e-12
4.99878e-12
5.52973e-12
6.10634e-12
6.73072e-12
7.40442e-12
8.12816e-12
8.90146e-12
9.72219e-12
1.0586e-11
1.14856e-11
1.24101e-11
1.33438e-11
1.42656e-11
1.51481e-11
1.59563e-11
1.66483e-11
1.71746e-11
1.74801e-11
1.75065e-11
1.71956e-11
1.64951e-11
1.53642e-11
1.37795e-11
1.17404e-11
9.2728e-12
6.43085e-12
3.2993e-12
2.01412e-33
5.27146e-17
3.56411e-14
6.95419e-14
1.01828e-13
1.32575e-13
1.61857e-13
1.89744e-13
2.16302e-13
2.41593e-13
2.65679e-13
2.88617e-13
3.10461e-13
3.31263e-13
3.51074e-13
3.6994e-13
3.87907e-13
4.05017e-13
4.21312e-13
4.36829e-13
4.51607e-13
4.6568e-13
4.79082e-13
4.91845e-13
5.04e-13
5.15575e-13
5.26599e-13
5.37097e-13
5.47095e-13
5.56616e-13
5.65683e-13
5.74318e-13
5.82542e-13
6.73084e-13
7.72622e-13
8.82031e-13
1.00227e-12
1.13438e-12
1.27948e-12
1.43881e-12
1.61367e-12
1.80549e-12
2.01577e-12
2.24611e-12
2.49817e-12
2.77368e-12
3.07439e-12
3.40201e-12
3.75819e-12
4.14439e-12
4.56177e-12
5.01106e-12
5.4923e-12
6.00461e-12
6.54583e-12
7.11211e-12
7.69743e-12
8.293e-12
8.88664e-12
9.46212e-12
9.99861e-12
1.04702e-11
1.0846e-11
1.10904e-11
1.11643e-11
1.10273e-11
1.06409e-11
9.97225e-12
8.99867e-12
7.71231e-12
6.12386e-12
4.26573e-12
2.19516e-12
1.47164e-33
2.52917e-17
1.71002e-14
3.33655e-14
4.88559e-14
6.36082e-14
7.76576e-14
9.10374e-14
1.0378e-13
1.15914e-13
1.27471e-13
1.38476e-13
1.48957e-13
1.58938e-13
1.68443e-13
1.77496e-13
1.86116e-13
1.94326e-13
2.02144e-13
2.09589e-13
2.1668e-13
2.23432e-13
2.29863e-13
2.35987e-13
2.41819e-13
2.47373e-13
2.52663e-13
2.577e-13
2.62497e-13
2.67066e-13
2.71416e-13
2.7556e-13
2.79506e-13
3.22952e-13
3.70715e-13
4.23219e-13
4.80921e-13
5.44324e-13
6.13971e-13
6.90453e-13
7.74404e-13
8.6651e-13
9.67501e-13
1.07815e-12
1.19927e-12
1.33171e-12
1.47633e-12
1.63398e-12
1.80549e-12
1.99161e-12
2.19297e-12
2.40999e-12
2.6428e-12
2.89112e-12
3.15407e-12
3.43e-12
3.71625e-12
4.00885e-12
4.30223e-12
4.58886e-12
4.85893e-12
5.1001e-12
5.29736e-12
5.43314e-12
5.48778e-12
5.44042e-12
5.27045e-12
4.9595e-12
4.49382e-12
3.86681e-12
3.08158e-12
2.15304e-12
1.11028e-12
8.08606e-34
7.48043e-42
9.84881e-41
3.23929e-40
6.50844e-40
1.04577e-39
1.48198e-39
1.93834e-39
2.39836e-39
2.84937e-39
3.28184e-39
3.68883e-39
4.06546e-39
4.40858e-39
4.71634e-39
4.988e-39
5.22362e-39
5.42394e-39
5.59016e-39
5.72385e-39
5.82682e-39
5.90105e-39
5.94861e-39
5.97163e-39
5.97222e-39
5.95245e-39
5.91434e-39
5.85984e-39
5.79079e-39
5.70894e-39
5.61593e-39
5.51327e-39
3.65134e-38
8.65395e-38
1.25379e-37
1.797e-37
2.55216e-37
3.59652e-37
5.03429e-37
7.00579e-37
9.69958e-37
1.33686e-36
1.83514e-36
2.51005e-36
3.42189e-36
4.65092e-36
6.30362e-36
8.52089e-36
1.14886e-35
1.54509e-35
2.07273e-35
2.77332e-35
3.70059e-35
4.9234e-35
6.52917e-35
8.62752e-35
1.13537e-34
1.48712e-34
1.93724e-34
2.50749e-34
3.22117e-34
4.10103e-34
5.16566e-34
6.42368e-34
7.8652e-34
9.44999e-34
1.10923e-33
1.26426e-33
1.38683e-33
1.44353e-33
1.38956e-33
1.1689e-33
7.17317e-34
2.80832e-34
