-7.20197e-40
-9.48218e-39
-3.1187e-38
-6.26616e-38
-1.00684e-37
-1.42681e-37
-1.86618e-37
-2.30907e-37
-2.74329e-37
-3.15965e-37
-3.55148e-37
-3.91409e-37
-4.24443e-37
-4.54073e-37
-4.80226e-37
-5.02911e-37
-5.22196e-37
-5.38199e-37
-5.51069e-37
-5.60982e-37
-5.68128e-37
-5.72706e-37
-5.74922e-37
-5.74978e-37
-5.73074e-37
-5.69405e-37
-5.64157e-37
-5.57509e-37
-5.49628e-37
-5.40673e-37
-5.3079e-37
-3.51531e-36
-8.33148e-36
-1.20705e-35
-1.72999e-35
-2.45694e-35
-3.46225e-35
-4.8462e-35
-6.7438e-35
-9.33643e-35
-1.28674e-34
-1.76621e-34
-2.41556e-34
-3.29274e-34
-4.47482e-34
-6.064e-34
-8.19544e-34
-1.10473e-33
-1.48532e-33
-1.99187e-33
-2.66405e-33
-3.55303e-33
-4.72428e-33
-6.26063e-33
-8.26561e-33
-1.08663e-32
-1.42156e-32
-1.84918e-32
-2.38946e-32
-3.06349e-32
-3.89135e-32
-4.88865e-32
-6.06105e-32
-7.39634e-32
-8.85387e-32
-1.03511e-31
-1.17484e-31
-1.28322e-31
-1.33009e-31
-1.27544e-31
-1.06947e-31
-6.54877e-32
-1.23236e-32
2.84836e-17
1.92583e-14
3.75761e-14
5.50214e-14
7.16354e-14
8.74578e-14
1.02526e-13
1.16876e-13
1.30542e-13
1.43557e-13
1.55951e-13
1.67754e-13
1.78995e-13
1.897e-13
1.99894e-13
2.09602e-13
2.18848e-13
2.27652e-13
2.36037e-13
2.44022e-13
2.51627e-13
2.58869e-13
2.65765e-13
2.72333e-13
2.78588e-13
2.84545e-13
2.90217e-13
2.9562e-13
3.00765e-13
3.05664e-13
3.1033e-13
3.14774e-13
3.637e-13
4.17487e-13
4.7661e-13
5.41586e-13
6.12978e-13
6.91398e-13
7.77507e-13
8.72021e-13
9.75705e-13
1.08938e-12
1.21391e-12
1.3502e-12
1.4992e-12
1.66185e-12
1.83911e-12
2.03188e-12
2.24097e-12
2.46705e-12
2.71055e-12
2.97154e-12
3.24961e-12
3.54367e-12
3.85174e-12
4.17067e-12
4.49581e-12
4.82071e-12
5.13669e-12
5.43254e-12
5.69429e-12
5.90505e-12
6.0453e-12
6.09342e-12
6.02687e-12
5.82382e-12
5.46544e-12
4.93841e-12
4.23757e-12
3.36826e-12
2.34812e-12
1.20898e-12
-7.00045e-32
5.95522e-17
4.02639e-14
7.85618e-14
1.15035e-13
1.49771e-13
1.82851e-13
2.14354e-13
2.44356e-13
2.72928e-13
3.00137e-13
3.2605e-13
3.50727e-13
3.74227e-13
3.96607e-13
4.1792e-13
4.38216e-13
4.57545e-13
4.75952e-13
4.93482e-13
5.10176e-13
5.26074e-13
5.41214e-13
5.55632e-13
5.69362e-13
5.82439e-13
5.94891e-13
6.0675e-13
6.18044e-13
6.288e-13
6.39043e-13
6.48797e-13
6.58087e-13
7.60365e-13
8.72803e-13
9.96388e-13
1.1322e-12
1.28141e-12
1.44529e-12
1.62523e-12
1.82269e-12
2.03927e-12
2.27667e-12
2.53667e-12
2.82113e-12
3.13197e-12
3.47114e-12
3.84053e-12
4.24194e-12
4.67693e-12
5.14672e-12
5.65199e-12
6.19262e-12
6.7674e-12
7.37364e-12
8.00669e-12
8.65937e-12
9.32135e-12
9.97842e-12
1.06119e-11
1.11978e-11
1.17069e-11
1.21043e-11
1.23506e-11
1.24031e-11
1.22185e-11
1.17566e-11
1.09843e-11
9.88107e-12
8.44261e-12
6.68466e-12
4.64517e-12
2.38637e-12
-1.27303e-31
9.74298e-17
6.58724e-14
1.28528e-13
1.88199e-13
2.45026e-13
2.99145e-13
3.50684e-13
3.99767e-13
4.46509e-13
4.91023e-13
5.33415e-13
5.73785e-13
6.1223e-13
6.48842e-13
6.83708e-13
7.16911e-13
7.48531e-13
7.78643e-13
8.07319e-13
8.34628e-13
8.60634e-13
8.85401e-13
9.08986e-13
9.31447e-13
9.52837e-13
9.73207e-13
9.92607e-13
1.01108e-12
1.02867e-12
1.04543e-12
1.06139e-12
1.07658e-12
1.24388e-12
1.42778e-12
1.6299e-12
1.852e-12
2.09597e-12
2.3639e-12
2.65801e-12
2.9807e-12
3.33454e-12
3.72224e-12
4.14666e-12
4.61077e-12
5.11759e-12
5.67013e-12
6.27132e-12
6.92381e-12
7.62985e-12
8.39097e-12
9.20773e-12
1.00792e-11
1.10026e-11
1.19725e-11
1.29799e-11
1.40118e-11
1.50497e-11
1.60687e-11
1.7037e-11
1.79147e-11
1.86539e-11
1.91993e-11
1.94902e-11
1.94632e-11
1.90572e-11
1.82192e-11
1.69101e-11
1.51117e-11
1.28308e-11
1.01017e-11
6.98701e-12
3.57798e-12
-1.74011e-31
1.46213e-16
9.88523e-14
1.92877e-13
2.82422e-13
3.677e-13
4.48914e-13
5.26255e-13
5.9991e-13
6.70052e-13
7.3685e-13
8.00462e-13
8.6104e-13
9.18729e-13
9.73667e-13
1.02598e-12
1.07581e-12
1.12325e-12
1.16844e-12
1.21146e-12
1.25244e-12
1.29146e-12
1.32862e-12
1.36401e-12
1.39771e-12
1.4298e-12
1.46037e-12
1.48947e-12
1.51719e-12
1.54359e-12
1.56873e-12
1.59267e-12
1.61547e-12
1.86646e-12
2.14234e-12
2.44552e-12
2.77861e-12
3.14446e-12
3.54614e-12
3.98696e-12
4.47046e-12
5.00041e-12
5.5808e-12
6.21577e-12
6.9096e-12
7.66658e-12
8.49095e-12
9.38664e-12
1.03571e-11
1.14051e-11
1.25319e-11
1.37374e-11
1.50187e-11
1.63699e-11
1.77807e-11
1.92355e-11
2.07119e-11
2.21793e-11
2.35981e-11
2.49182e-11
2.60789e-11
2.70096e-11
2.7632e-11
2.78631e-11
2.76215e-11
2.68341e-11
2.54443e-11
2.34195e-11
2.07571e-11
1.74873e-11
1.36724e-11
9.40337e-12
4.79677e-12
-2.12226e-31
2.10604e-16
1.42382e-13
2.77812e-13
4.06788e-13
5.29617e-13
6.46591e-13
7.57987e-13
8.64072e-13
9.65097e-13
1.0613e-12
1.15292e-12
1.24017e-12
1.32326e-12
1.40238e-12
1.47773e-12
1.54948e-12
1.61781e-12
1.68288e-12
1.74484e-12
1.80385e-12
1.86005e-12
1.91356e-12
1.96452e-12
2.01306e-12
2.05927e-12
2.10328e-12
2.1452e-12
2.18511e-12
2.22312e-12
2.25932e-12
2.29379e-12
2.32662e-12
2.68801e-12
3.0852e-12
3.52163e-12
4.00103e-12
4.52746e-12
5.10529e-12
5.73921e-12
6.43421e-12
7.19558e-12
8.02888e-12
8.93982e-12
9.93423e-12
1.10179e-11
1.21962e-11
1.34742e-11
1.48559e-11
1.63437e-11
1.79383e-11
1.96372e-11
2.14338e-11
2.33167e-11
2.52674e-11
2.72594e-11
2.92561e-11
3.12094e-11
3.30581e-11
3.47281e-11
3.61323e-11
3.71734e-11
3.77481e-11
3.77538e-11
3.70973e-11
3.57044e-11
3.35295e-11
3.05626e-11
2.6833e-11
2.24073e-11
1.73832e-11
1.18805e-11
6.03456e-12
-2.42752e-31
2.96497e-16
2.00444e-13
3.91099e-13
5.72668e-13
7.45582e-13
9.10252e-13
1.06707e-12
1.21641e-12
1.35862e-12
1.49405e-12
1.62302e-12
1.74583e-12
1.86279e-12
1.97416e-12
2.08022e-12
2.18121e-12
2.27739e-12
2.36898e-12
2.4562e-12
2.53925e-12
2.61834e-12
2.69366e-12
2.76539e-12
2.83369e-12
2.89873e-12
2.96067e-12
3.01966e-12
3.07583e-12
3.12933e-12
3.18027e-12
3.22878e-12
3.27498e-12
3.78352e-12
4.34236e-12
4.95629e-12
5.63052e-12
6.3707e-12
7.18285e-12
8.07344e-12
9.04933e-12
1.01177e-11
1.12861e-11
1.2562e-11
1.39531e-11
1.54667e-11
1.71095e-11
1.88872e-11
2.08036e-11
2.28603e-11
2.50551e-11
2.73812e-11
2.98253e-11
3.23662e-11
3.49725e-11
3.76005e-11
4.01923e-11
4.26744e-11
4.49568e-11
4.69336e-11
4.84863e-11
4.94885e-11
4.98144e-11
4.93491e-11
4.80003e-11
4.571e-11
4.24636e-11
3.82932e-11
3.32761e-11
2.75256e-11
2.11782e-11
1.4379e-11
7.27127e-12
-2.65921e-31
4.11575e-16
2.78229e-13
5.42869e-13
7.94896e-13
1.03491e-12
1.26347e-12
1.48114e-12
1.68842e-12
1.8858e-12
2.07377e-12
2.25277e-12
2.42322e-12
2.58554e-12
2.74011e-12
2.8873e-12
3.02746e-12
3.16093e-12
3.28803e-12
3.40906e-12
3.52432e-12
3.63407e-12
3.73858e-12
3.83811e-12
3.93289e-12
4.02314e-12
4.10909e-12
4.19093e-12
4.26887e-12
4.34309e-12
4.41377e-12
4.48108e-12
4.54518e-12
5.25069e-12
6.02583e-12
6.8772e-12
7.81194e-12
8.83773e-12
9.96278e-12
1.11958e-11
1.25461e-11
1.4023e-11
1.56365e-11
1.73964e-11
1.93121e-11
2.13926e-11
2.36454e-11
2.6076e-11
2.86872e-11
3.14773e-11
3.44388e-11
3.75568e-11
4.08064e-11
4.41503e-11
4.75365e-11
5.08957e-11
5.41392e-11
5.71582e-11
5.98249e-11
6.19954e-11
6.35165e-11
6.42354e-11
6.40123e-11
6.27354e-11
6.03343e-11
5.67912e-11
5.21458e-11
4.64923e-11
3.99689e-11
3.27407e-11
2.49802e-11
1.6848e-11
8.48217e-12
-2.82028e-31
5.66057e-16
3.82639e-13
7.46587e-13
1.09319e-12
1.42326e-12
1.73759e-12
2.03691e-12
2.32196e-12
2.59339e-12
2.85187e-12
3.09801e-12
3.33239e-12
3.55558e-12
3.76811e-12
3.97049e-12
4.1632e-12
4.34671e-12
4.52145e-12
4.68785e-12
4.84631e-12
4.99719e-12
5.14087e-12
5.27769e-12
5.40798e-12
5.53205e-12
5.65019e-12
5.7627e-12
5.86983e-12
5.97185e-12
6.069e-12
6.16152e-12
6.24962e-12
7.21923e-12
8.2843e-12
9.45379e-12
1.07374e-11
1.21453e-11
1.36887e-11
1.53791e-11
1.72286e-11
1.92496e-11
2.14546e-11
2.38559e-11
2.64648e-11
2.92913e-11
3.2343e-11
3.56239e-11
3.91329e-11
4.28621e-11
4.6794e-11
5.08994e-11
5.51342e-11
5.9436e-11
6.37214e-11
6.78837e-11
7.17913e-11
7.52895e-11
7.82041e-11
8.03496e-11
8.1541e-11
8.16095e-11
8.04202e-11
7.78896e-11
7.39981e-11
6.87968e-11
6.24037e-11
5.49909e-11
4.67637e-11
3.79359e-11
2.87059e-11
1.92361e-11
9.64307e-12
-2.91524e-31
7.73648e-16
5.22927e-13
1.02031e-12
1.49398e-12
1.94505e-12
2.3746e-12
2.78365e-12
3.17317e-12
3.54408e-12
3.89728e-12
4.2336e-12
4.55385e-12
4.85881e-12
5.14918e-12
5.42569e-12
5.68898e-12
5.93968e-12
6.17841e-12
6.40573e-12
6.62219e-12
6.8283e-12
7.02457e-12
7.21146e-12
7.38943e-12
7.55889e-12
7.72026e-12
7.87392e-12
8.02024e-12
8.15958e-12
8.29226e-12
8.41861e-12
8.53893e-12
9.86293e-12
1.13169e-11
1.29128e-11
1.46637e-11
1.65833e-11
1.8686e-11
2.09871e-11
2.35022e-11
2.62471e-11
2.92371e-11
3.24869e-11
3.60094e-11
3.98144e-11
4.39078e-11
4.82891e-11
5.29494e-11
5.78688e-11
6.30124e-11
6.83277e-11
7.37396e-11
7.91476e-11
8.44226e-11
8.94054e-11
9.39084e-11
9.77204e-11
1.00617e-10
1.02373e-10
1.02785e-10
1.01692e-10
9.89941e-11
9.46713e-11
8.87901e-11
8.14995e-11
7.3015e-11
6.35934e-11
5.35036e-11
4.2996e-11
3.22785e-11
2.14981e-11
1.07337e-11
-2.95058e-31
1.05283e-15
7.1157e-13
1.38837e-12
2.0329e-12
2.64668e-12
3.23116e-12
3.78772e-12
4.3177e-12
4.82235e-12
5.30288e-12
5.76044e-12
6.19612e-12
6.61097e-12
7.00598e-12
7.38211e-12
7.74024e-12
8.08126e-12
8.40596e-12
8.71514e-12
9.00953e-12
9.28985e-12
9.55676e-12
9.81092e-12
1.00529e-11
1.02834e-11
1.05028e-11
1.07117e-11
1.09107e-11
1.11001e-11
1.12805e-11
1.14523e-11
1.16159e-11
1.34157e-11
1.53915e-11
1.75593e-11
1.99363e-11
2.25406e-11
2.5391e-11
2.85072e-11
3.19088e-11
3.56153e-11
3.96451e-11
4.40146e-11
4.87366e-11
5.3819e-11
5.92622e-11
6.50563e-11
7.11777e-11
7.75853e-11
8.42155e-11
9.09782e-11
9.77516e-11
1.04379e-10
1.10667e-10
1.16389e-10
1.21286e-10
1.25087e-10
1.27519e-10
1.28336e-10
1.27342e-10
1.24422e-10
1.19554e-10
1.12825e-10
1.04424e-10
9.46185e-11
8.37317e-11
7.20999e-11
6.00401e-11
4.78198e-11
3.56351e-11
2.35993e-11
1.17392e-11
-1.61283e-31
1.07857e-15
7.28966e-13
1.42232e-12
2.0826e-12
2.71138e-12
3.31014e-12
3.88031e-12
4.42324e-12
4.94022e-12
5.43249e-12
5.90123e-12
6.34755e-12
6.77253e-12
7.17719e-12
7.5625e-12
7.92938e-12
8.27872e-12
8.61135e-12
8.92807e-12
9.22965e-12
9.5168e-12
9.79023e-12
1.00506e-11
1.02985e-11
1.05346e-11
1.07593e-11
1.09734e-11
1.11772e-11
1.13712e-11
1.1556e-11
1.1732e-11
1.18996e-11
1.37432e-11
1.5767e-11
1.79875e-11
2.04221e-11
2.30894e-11
2.60086e-11
2.91996e-11
3.26825e-11
3.6477e-11
4.06019e-11
4.50734e-11
4.99046e-11
5.51028e-11
6.06677e-11
6.65886e-11
7.28402e-11
7.93792e-11
8.61393e-11
9.30263e-11
9.99141e-11
1.06641e-10
1.13007e-10
1.18779e-10
1.23694e-10
1.27474e-10
1.29844e-10
1.30557e-10
1.2942e-10
1.26323e-10
1.21253e-10
1.14306e-10
1.05683e-10
9.56626e-11
8.45744e-11
7.27614e-11
6.05434e-11
4.81879e-11
3.58893e-11
2.37575e-11
1.18146e-11
-2.33626e-32
1.4281e-15
9.65103e-13
1.88304e-12
2.7572e-12
3.58963e-12
4.3823e-12
5.13709e-12
5.8558e-12
6.54015e-12
7.19176e-12
7.8122e-12
8.40295e-12
8.96543e-12
9.50099e-12
1.00109e-11
1.04964e-11
1.09587e-11
1.13989e-11
1.1818e-11
1.2217e-11
1.2597e-11
1.29587e-11
1.33032e-11
1.36312e-11
1.39434e-11
1.42408e-11
1.45239e-11
1.47935e-11
1.50502e-11
1.52947e-11
1.55274e-11
1.57491e-11
1.81871e-11
2.08624e-11
2.37962e-11
2.70111e-11
3.05304e-11
3.43786e-11
3.85803e-11
4.31597e-11
4.81399e-11
5.35418e-11
5.93817e-11
6.56702e-11
7.24086e-11
7.95858e-11
8.71742e-11
9.51243e-11
1.0336e-10
1.11771e-10
1.20212e-10
1.2849e-10
1.3637e-10
1.43576e-10
1.49795e-10
1.54692e-10
1.57939e-10
1.59236e-10
1.58347e-10
1.55133e-10
1.49575e-10
1.41784e-10
1.31998e-10
1.20552e-10
1.07848e-10
9.43063e-11
8.0326e-11
6.62471e-11
5.23278e-11
3.87305e-11
2.55172e-11
1.26507e-11
-2.44946e-32
1.93339e-15
1.3064e-12
2.54896e-12
3.73222e-12
4.85897e-12
5.93187e-12
6.95347e-12
7.9262e-12
8.85237e-12
9.7342e-12
1.05738e-11
1.13732e-11
1.21343e-11
1.28589e-11
1.35488e-11
1.42057e-11
1.48311e-11
1.54265e-11
1.59934e-11
1.65331e-11
1.7047e-11
1.75363e-11
1.80022e-11
1.84457e-11
1.8868e-11
1.92701e-11
1.96529e-11
2.00175e-11
2.03645e-11
2.0695e-11
2.10097e-11
2.13093e-11
2.46044e-11
2.82185e-11
3.21793e-11
3.65161e-11
4.12589e-11
4.64384e-11
5.2085e-11
5.82275e-11
6.48919e-11
7.20994e-11
7.98635e-11
8.81868e-11
9.70567e-11
1.0644e-10
1.16279e-10
1.26479e-10
1.36909e-10
1.47389e-10
1.57686e-10
1.67514e-10
1.76533e-10
1.84362e-10
1.90594e-10
1.94826e-10
1.96693e-10
1.95912e-10
1.92315e-10
1.85884e-10
1.76763e-10
1.65248e-10
1.5176e-10
1.36796e-10
1.20881e-10
1.04511e-10
8.81162e-11
7.20272e-11
5.64653e-11
4.15375e-11
2.72404e-11
1.34648e-11
-2.47317e-32
2.6144e-15
1.76629e-12
3.44623e-12
5.04597e-12
6.56927e-12
8.01971e-12
9.40074e-12
1.07156e-11
1.19675e-11
1.31594e-11
1.42942e-11
1.53745e-11
1.6403e-11
1.73822e-11
1.83144e-11
1.92019e-11
2.00468e-11
2.08512e-11
2.1617e-11
2.2346e-11
2.30401e-11
2.3701e-11
2.43301e-11
2.49291e-11
2.54993e-11
2.60423e-11
2.65592e-11
2.70514e-11
2.75199e-11
2.79661e-11
2.83909e-11
2.87953e-11
3.32421e-11
3.81162e-11
4.34539e-11
4.92925e-11
5.56701e-11
6.26243e-11
7.01913e-11
7.84036e-11
8.7288e-11
9.68619e-11
1.0713e-10
1.18077e-10
1.29664e-10
1.4182e-10
1.54433e-10
1.67341e-10
1.80325e-10
1.93101e-10
2.05317e-10
2.16559e-10
2.26359e-10
2.3422e-10
2.39648e-10
2.422e-10
2.41529e-10
2.37437e-10
2.29907e-10
2.19122e-10
2.05452e-10
1.89422e-10
1.71649e-10
1.52783e-10
1.33441e-10
1.14158e-10
9.53532e-11
7.73153e-11
6.02015e-11
4.40455e-11
2.87676e-11
1.41825e-11
-1.4375e-32
2.76219e-15
1.86608e-12
3.64092e-12
5.33102e-12
6.94035e-12
8.4727e-12
9.93171e-12
1.13208e-11
1.26434e-11
1.39025e-11
1.51013e-11
1.62426e-11
1.73291e-11
1.83635e-11
1.93482e-11
2.02857e-11
2.11782e-11
2.20279e-11
2.28368e-11
2.36069e-11
2.43401e-11
2.50381e-11
2.57026e-11
2.63353e-11
2.69376e-11
2.75111e-11
2.8057e-11
2.85769e-11
2.90718e-11
2.9543e-11
2.99916e-11
3.04188e-11
3.51149e-11
4.02619e-11
4.58973e-11
5.20605e-11
5.87908e-11
6.61275e-11
7.41075e-11
8.2764e-11
9.21233e-11
1.02202e-10
1.13e-10
1.24501e-10
1.36657e-10
1.49388e-10
1.62569e-10
1.76022e-10
1.89507e-10
2.02718e-10
2.15278e-10
2.26743e-10
2.36622e-10
2.44396e-10
2.49558e-10
2.51662e-10
2.50375e-10
2.45523e-10
2.37127e-10
2.25416e-10
2.10808e-10
1.93872e-10
1.75261e-10
1.55649e-10
1.35666e-10
1.15849e-10
9.66093e-11
7.82254e-11
6.08399e-11
4.44716e-11
2.90259e-11
1.43035e-11
-6.18071e-33
3.53026e-15
2.38458e-12
4.65256e-12
6.8122e-12
8.86856e-12
1.08265e-11
1.26906e-11
1.44654e-11
1.6155e-11
1.77635e-11
1.92948e-11
2.07526e-11
2.21403e-11
2.34614e-11
2.4719e-11
2.59162e-11
2.70558e-11
2.81407e-11
2.91735e-11
3.01567e-11
3.10926e-11
3.19836e-11
3.28318e-11
3.36393e-11
3.44081e-11
3.51399e-11
3.58367e-11
3.65e-11
3.71315e-11
3.77328e-11
3.83052e-11
3.88502e-11
4.48399e-11
5.14006e-11
5.85784e-11
6.64206e-11
7.49742e-11
8.42841e-11
9.43912e-11
1.05329e-10
1.17121e-10
1.29773e-10
1.43268e-10
1.57562e-10
1.72566e-10
1.88146e-10
2.04104e-10
2.20173e-10
2.36005e-10
2.51169e-10
2.65157e-10
2.77393e-10
2.87267e-10
2.94173e-10
2.97566e-10
2.97025e-10
2.9231e-10
2.83406e-10
2.70546e-10
2.54195e-10
2.35005e-10
2.13742e-10
1.91211e-10
1.68176e-10
1.453e-10
1.23106e-10
1.01961e-10
8.20778e-11
6.35277e-11
4.62574e-11
3.01049e-11
1.48081e-11
-8.74444e-33
4.76434e-15
3.21742e-12
6.27744e-12
9.19121e-12
1.19655e-11
1.46069e-11
1.71215e-11
1.95154e-11
2.17943e-11
2.39637e-11
2.60287e-11
2.79944e-11
2.98655e-11
3.16465e-11
3.33418e-11
3.49555e-11
3.64915e-11
3.79535e-11
3.93452e-11
4.067e-11
4.1931e-11
4.31313e-11
4.42739e-11
4.53615e-11
4.63969e-11
4.73825e-11
4.83208e-11
4.92139e-11
5.00642e-11
5.08737e-11
5.16443e-11
5.23779e-11
6.04374e-11
6.92571e-11
7.88955e-11
8.9411e-11
1.0086e-10
1.13293e-10
1.26753e-10
1.4127e-10
1.56853e-10
1.73483e-10
1.91106e-10
2.09618e-10
2.28853e-10
2.48572e-10
2.68447e-10
2.88052e-10
3.06858e-10
3.2424e-10
3.3949e-10
3.51856e-10
3.60592e-10
3.65028e-10
3.64646e-10
3.59154e-10
3.48544e-10
3.33108e-10
3.13429e-10
2.90317e-10
2.64726e-10
2.3765e-10
2.10034e-10
1.82697e-10
1.56287e-10
1.31263e-10
1.079e-10
8.63073e-11
6.64519e-11
4.81861e-11
3.12639e-11
1.53481e-11
-9.12932e-33
6.42826e-15
4.33987e-12
8.46733e-12
1.23974e-11
1.61391e-11
1.97013e-11
2.30923e-11
2.63203e-11
2.93928e-11
3.23174e-11
3.5101e-11
3.77504e-11
4.02721e-11
4.26721e-11
4.49563e-11
4.71303e-11
4.91994e-11
5.11687e-11
5.3043e-11
5.48269e-11
5.65248e-11
5.81408e-11
5.9679e-11
6.1143e-11
6.25365e-11
6.38629e-11
6.51255e-11
6.63272e-11
6.74712e-11
6.85601e-11
6.95967e-11
7.05835e-11
8.14183e-11
9.3262e-11
1.06187e-10
1.20264e-10
1.35557e-10
1.5212e-10
1.6999e-10
1.89181e-10
2.09674e-10
2.31402e-10
2.5424e-10
2.77989e-10
3.02355e-10
3.26937e-10
3.51213e-10
3.74532e-10
3.96124e-10
4.15117e-10
4.30581e-10
4.41596e-10
4.47335e-10
4.4716e-10
4.40714e-10
4.27992e-10
4.09364e-10
3.8556e-10
3.57589e-10
3.26634e-10
2.93929e-10
2.60639e-10
2.27774e-10
1.96136e-10
1.66291e-10
1.38585e-10
1.13166e-10
9.00176e-11
6.89946e-11
4.98514e-11
3.22594e-11
1.58103e-11
-8.55277e-33
8.67004e-15
5.85134e-12
1.14161e-11
1.67145e-11
2.17587e-11
2.65604e-11
3.1131e-11
3.54814e-11
3.96218e-11
4.35624e-11
4.73125e-11
5.08814e-11
5.42777e-11
5.75097e-11
6.05853e-11
6.35122e-11
6.62975e-11
6.8948e-11
7.14703e-11
7.38707e-11
7.6155e-11
7.83289e-11
8.03977e-11
8.23666e-11
8.42405e-11
8.60239e-11
8.77212e-11
8.93367e-11
9.08742e-11
9.23377e-11
9.37307e-11
9.50565e-11
1.09606e-10
1.25489e-10
1.42793e-10
1.61599e-10
1.81976e-10
2.03971e-10
2.27605e-10
2.52857e-10
2.79648e-10
3.07828e-10
3.37155e-10
3.67271e-10
3.97686e-10
4.27759e-10
4.56689e-10
4.83525e-10
5.0719e-10
5.26535e-10
5.40419e-10
5.47817e-10
5.47939e-10
5.40345e-10
5.25031e-10
5.02467e-10
4.73561e-10
4.39575e-10
4.01981e-10
3.62307e-10
3.21996e-10
2.82293e-10
2.44182e-10
2.08363e-10
1.75262e-10
1.45069e-10
1.17778e-10
9.32378e-11
7.11849e-11
5.12774e-11
3.31079e-11
1.62032e-11
-7.97123e-33
1.16878e-14
7.88474e-12
1.53831e-11
2.25221e-11
2.9318e-11
3.57867e-11
4.19433e-11
4.78024e-11
5.33781e-11
5.86838e-11
6.37324e-11
6.85362e-11
7.31069e-11
7.74558e-11
8.15937e-11
8.55307e-11
8.92766e-11
9.28407e-11
9.62318e-11
9.94585e-11
1.02529e-10
1.0545e-10
1.0823e-10
1.10875e-10
1.13392e-10
1.15787e-10
1.18066e-10
1.20235e-10
1.22299e-10
1.24263e-10
1.26133e-10
1.27912e-10
1.47421e-10
1.68685e-10
1.91805e-10
2.16867e-10
2.43935e-10
2.73037e-10
3.04151e-10
3.37186e-10
3.71962e-10
4.08187e-10
4.45425e-10
4.83077e-10
5.20355e-10
5.56276e-10
5.89665e-10
6.1919e-10
6.43426e-10
6.60955e-10
6.70502e-10
6.71079e-10
6.62139e-10
6.43678e-10
6.16282e-10
5.81089e-10
5.39673e-10
4.93868e-10
4.45574e-10
3.96578e-10
3.48419e-10
3.02306e-10
2.59097e-10
2.19316e-10
1.83197e-10
1.50741e-10
1.21776e-10
9.60068e-11
7.30562e-11
5.24894e-11
3.38265e-11
1.65351e-11
-7.39721e-33
1.57463e-14
1.06174e-11
2.07141e-11
3.03262e-11
3.94756e-11
4.81833e-11
5.64699e-11
6.43548e-11
7.18571e-11
7.89948e-11
8.57854e-11
9.22454e-11
9.83908e-11
1.04237e-10
1.09798e-10
1.15088e-10
1.20121e-10
1.24908e-10
1.29462e-10
1.33794e-10
1.37915e-10
1.41836e-10
1.45566e-10
1.49115e-10
1.52491e-10
1.55703e-10
1.58759e-10
1.61667e-10
1.64434e-10
1.67067e-10
1.69572e-10
1.71956e-10
1.98073e-10
2.26483e-10
2.57297e-10
2.90597e-10
3.26424e-10
3.64756e-10
4.05489e-10
4.4841e-10
4.93165e-10
5.39227e-10
5.85865e-10
6.32113e-10
6.76761e-10
7.18361e-10
7.5526e-10
7.85691e-10
8.07885e-10
8.20248e-10
8.21543e-10
8.11075e-10
7.88834e-10
7.55547e-10
7.12634e-10
6.6206e-10
6.06116e-10
5.47168e-10
4.87436e-10
4.28825e-10
3.72824e-10
3.20486e-10
2.72448e-10
2.28996e-10
1.90131e-10
1.55651e-10
1.25208e-10
9.83687e-11
7.46437e-11
5.35133e-11
3.44315e-11
1.6814e-11
-6.83988e-33
2.1199e-14
1.42856e-11
2.78699e-11
4.08012e-11
5.31085e-11
6.48201e-11
7.59634e-11
8.65647e-11
9.66495e-11
1.06242e-10
1.15366e-10
1.24044e-10
1.32298e-10
1.40147e-10
1.47613e-10
1.54712e-10
1.61464e-10
1.67886e-10
1.73993e-10
1.79801e-10
1.85326e-10
1.9058e-10
1.95578e-10
2.00331e-10
2.04853e-10
2.09154e-10
2.13245e-10
2.17138e-10
2.2084e-10
2.24363e-10
2.27714e-10
2.30903e-10
2.65794e-10
3.03661e-10
3.44612e-10
3.88703e-10
4.35917e-10
4.86138e-10
5.39112e-10
5.94417e-10
6.51416e-10
7.09217e-10
7.66642e-10
8.22203e-10
8.7411e-10
9.20319e-10
9.58628e-10
9.86831e-10
1.00292e-09
1.00534e-09
9.93208e-10
9.6648e-10
9.26055e-10
8.73701e-10
8.11872e-10
7.43428e-10
6.71325e-10
5.98329e-10
5.26802e-10
4.58587e-10
3.94975e-10
3.36744e-10
2.84235e-10
2.37446e-10
1.96127e-10
1.59862e-10
1.28132e-10
1.00369e-10
7.59822e-11
5.43734e-11
3.49384e-11
1.70473e-11
-6.30569e-33
2.85172e-14
1.92035e-11
3.74633e-11
5.48435e-11
7.13829e-11
8.7119e-11
1.02089e-10
1.16327e-10
1.29868e-10
1.42746e-10
1.54991e-10
1.66634e-10
1.77704e-10
1.8823e-10
1.98237e-10
2.07752e-10
2.16798e-10
2.25399e-10
2.33576e-10
2.41352e-10
2.48744e-10
2.55774e-10
2.62458e-10
2.68815e-10
2.74859e-10
2.80607e-10
2.86074e-10
2.91273e-10
2.96218e-10
3.00922e-10
3.05396e-10
3.09651e-10
3.56157e-10
4.06489e-10
4.60727e-10
5.18864e-10
5.80769e-10
6.46149e-10
7.145e-10
7.85056e-10
8.56736e-10
9.281e-10
9.97323e-10
1.0622e-09
1.12019e-09
1.16856e-09
1.20454e-09
1.22561e-09
1.22978e-09
1.21591e-09
1.18393e-09
1.13491e-09
1.07105e-09
9.95419e-10
9.11592e-10
8.23265e-10
7.3389e-10
6.46409e-10
5.63109e-10
4.85579e-10
4.14768e-10
3.51084e-10
2.94515e-10
2.44745e-10
2.01264e-10
1.63444e-10
1.30606e-10
1.02054e-10
7.71047e-11
5.50925e-11
3.53613e-11
1.72416e-11
-5.79884e-33
3.83278e-14
2.5788e-11
5.03071e-11
7.36424e-11
9.5845e-11
1.16965e-10
1.37052e-10
1.56152e-10
1.74312e-10
1.91577e-10
2.07989e-10
2.23588e-10
2.38416e-10
2.52508e-10
2.65903e-10
2.78633e-10
2.90732e-10
3.02232e-10
3.13162e-10
3.23551e-10
3.33425e-10
3.42812e-10
3.51734e-10
3.60216e-10
3.68279e-10
3.75945e-10
3.83233e-10
3.90163e-10
3.96752e-10
4.03018e-10
4.08976e-10
4.14642e-10
4.76463e-10
5.43147e-10
6.14701e-10
6.90987e-10
7.71668e-10
8.56147e-10
9.4351e-10
1.03245e-09
1.12122e-09
1.20757e-09
1.28879e-09
1.36175e-09
1.42301e-09
1.46911e-09
1.49686e-09
1.50372e-09
1.48819e-09
1.45012e-09
1.39082e-09
1.313e-09
1.22048e-09
1.11774e-09
1.00942e-09
8.99832e-10
7.92651e-10
6.90719e-10
5.96006e-10
5.09673e-10
4.32207e-10
3.63578e-10
3.03384e-10
2.50992e-10
2.05629e-10
1.66471e-10
1.32685e-10
1.03464e-10
7.80417e-11
5.56912e-11
3.57127e-11
1.74029e-11
-5.3218e-33
5.1462e-14
3.45902e-11
6.74757e-11
9.87691e-11
1.28538e-10
1.56848e-10
1.83766e-10
2.09354e-10
2.33674e-10
2.56786e-10
2.78749e-10
2.99616e-10
3.19443e-10
3.38279e-10
3.56175e-10
3.73176e-10
3.89328e-10
4.04674e-10
4.19253e-10
4.33104e-10
4.46265e-10
4.5877e-10
4.70653e-10
4.81944e-10
4.92675e-10
5.02872e-10
5.12565e-10
5.21777e-10
5.30533e-10
5.38857e-10
5.4677e-10
5.54293e-10
6.36219e-10
7.24236e-10
8.18203e-10
9.17739e-10
1.02215e-09
1.13035e-09
1.24076e-09
1.35126e-09
1.45913e-09
1.561e-09
1.653e-09
1.73085e-09
1.79019e-09
1.82696e-09
1.8379e-09
1.82103e-09
1.77605e-09
1.70453e-09
1.60981e-09
1.49667e-09
1.37071e-09
1.23775e-09
1.10322e-09
9.71704e-10
8.46762e-10
7.30831e-10
6.25341e-10
5.30878e-10
4.47383e-10
3.74344e-10
3.10965e-10
2.56293e-10
2.09313e-10
1.69013e-10
1.34424e-10
1.0464e-10
7.88205e-11
5.61879e-11
3.60038e-11
1.75363e-11
-4.87572e-33
6.90169e-14
4.63346e-11
9.03813e-11
1.32289e-10
1.72145e-10
2.10038e-10
2.46055e-10
2.8028e-10
3.12797e-10
3.43686e-10
3.73024e-10
4.00887e-10
4.27347e-10
4.52474e-10
4.76335e-10
4.98991e-10
5.20506e-10
5.40936e-10
5.60336e-10
5.78759e-10
5.96256e-10
6.12873e-10
6.28655e-10
6.43646e-10
6.57886e-10
6.71413e-10
6.84264e-10
6.96474e-10
7.08076e-10
7.191e-10
7.29576e-10
7.39532e-10
8.47711e-10
9.63382e-10
1.08613e-09
1.21514e-09
1.34915e-09
1.48627e-09
1.62394e-09
1.75885e-09
1.88687e-09
2.00319e-09
2.10247e-09
2.17921e-09
2.22824e-09
2.24533e-09
2.22784e-09
2.17522e-09
2.08931e-09
1.97422e-09
1.83591e-09
1.68144e-09
1.51812e-09
1.35279e-09
1.19122e-09
1.03784e-09
8.95699e-10
7.6656e-10
6.51129e-10
5.49308e-10
4.60444e-10
3.83534e-10
3.17391e-10
2.6076e-10
2.12402e-10
1.71136e-10
1.35872e-10
1.05615e-10
7.94655e-11
5.65985e-11
3.62441e-11
1.76464e-11
-4.46078e-33
9.24303e-14
6.19666e-11
1.20867e-10
1.76895e-10
2.30167e-10
2.80799e-10
3.28904e-10
3.74597e-10
4.17988e-10
4.59186e-10
4.98296e-10
5.35419e-10
5.70653e-10
6.04093e-10
6.35828e-10
6.65946e-10
6.94529e-10
7.21655e-10
7.47399e-10
7.71833e-10
7.95025e-10
8.17039e-10
8.37937e-10
8.57776e-10
8.76611e-10
8.94495e-10
9.11476e-10
9.27603e-10
9.42919e-10
9.57466e-10
9.71284e-10
9.84411e-10
1.12666e-09
1.27791e-09
1.43725e-09
1.60319e-09
1.77351e-09
1.94514e-09
2.11406e-09
2.27522e-09
2.42268e-09
2.54975e-09
2.64951e-09
2.7153e-09
2.74163e-09
2.72491e-09
2.66418e-09
2.56154e-09
2.42202e-09
2.25308e-09
2.06361e-09
1.86285e-09
1.65945e-09
1.46069e-09
1.27214e-09
1.09759e-09
9.3924e-10
7.97928e-10
6.7351e-10
5.65147e-10
4.71576e-10
3.91312e-10
3.22798e-10
2.64501e-10
2.14977e-10
1.729e-10
1.37071e-10
1.06422e-10
7.99978e-11
5.69368e-11
3.64419e-11
1.7737e-11
-4.07643e-33
1.23571e-13
8.27096e-11
1.61316e-10
2.36073e-10
3.0713e-10
3.74638e-10
4.38749e-10
4.99614e-10
5.57382e-10
6.12197e-10
6.64202e-10
7.13534e-10
7.60326e-10
8.04705e-10
8.46794e-10
8.8671e-10
9.24566e-10
9.60468e-10
9.9452e-10
1.02682e-09
1.05745e-09
1.08651e-09
1.11408e-09
1.14024e-09
1.16506e-09
1.18861e-09
1.21096e-09
1.23217e-09
1.25231e-09
1.27142e-09
1.28957e-09
1.3068e-09
1.49295e-09
1.68955e-09
1.89491e-09
2.10643e-09
2.32046e-09
2.53214e-09
2.73535e-09
2.92274e-09
3.086e-09
3.21632e-09
3.30519e-09
3.34534e-09
3.33187e-09
3.26315e-09
3.14145e-09
2.97289e-09
2.76677e-09
2.53434e-09
2.28737e-09
2.03684e-09
1.79199e-09
1.55985e-09
1.34519e-09
1.1507e-09
9.77416e-10
8.25113e-10
6.92716e-10
5.78626e-10
4.80984e-10
3.97847e-10
3.27317e-10
2.67615e-10
2.17114e-10
1.74359e-10
1.38061e-10
1.07087e-10
8.04356e-11
5.72148e-11
3.66043e-11
1.78113e-11
-3.72164e-33
1.64843e-13
1.10128e-10
2.14776e-10
3.14273e-10
4.08812e-10
4.98588e-10
5.83803e-10
6.64656e-10
7.41346e-10
8.14067e-10
8.8301e-10
9.48362e-10
1.0103e-09
1.069e-09
1.12463e-09
1.17735e-09
1.2273e-09
1.27464e-09
1.31951e-09
1.36203e-09
1.40233e-09
1.44053e-09
1.47675e-09
1.51108e-09
1.54364e-09
1.57451e-09
1.60379e-09
1.63156e-09
1.6579e-09
1.6829e-09
1.70661e-09
1.72912e-09
1.97133e-09
2.22517e-09
2.48764e-09
2.75446e-09
3.01984e-09
3.27635e-09
3.515e-09
3.72543e-09
3.89652e-09
4.01727e-09
4.07807e-09
4.07209e-09
3.99662e-09
3.8539e-09
3.65126e-09
3.40026e-09
3.1152e-09
2.81113e-09
2.50213e-09
2.20003e-09
1.91376e-09
1.64931e-09
1.41004e-09
1.1972e-09
1.01045e-09
8.48404e-10
7.09032e-10
5.89997e-10
4.88873e-10
4.03299e-10
3.31073e-10
2.70194e-10
2.18879e-10
1.75561e-10
1.38875e-10
1.07632e-10
8.07946e-11
5.74425e-11
3.67372e-11
1.7872e-11
-3.39507e-33
2.19295e-13
1.46194e-10
2.85089e-10
4.17108e-10
5.42496e-10
6.61507e-10
7.74403e-10
8.81449e-10
9.82909e-10
1.07904e-09
1.17011e-09
1.25636e-09
1.33804e-09
1.41537e-09
1.4886e-09
1.55792e-09
1.62356e-09
1.68571e-09
1.74455e-09
1.80027e-09
1.85304e-09
1.90301e-09
1.95035e-09
1.99519e-09
2.03767e-09
2.07793e-09
2.11607e-09
2.15223e-09
2.1865e-09
2.21899e-09
2.2498e-09
2.27902e-09
2.59215e-09
2.91733e-09
3.24961e-09
3.58215e-09
3.90608e-09
4.21043e-09
4.48239e-09
4.7079e-09
4.8728e-09
4.96429e-09
4.97281e-09
4.89383e-09
4.72917e-09
4.48734e-09
4.18268e-09
3.83334e-09
3.45873e-09
3.07708e-09
2.70365e-09
2.34993e-09
2.02353e-09
1.72864e-09
1.46675e-09
1.23738e-09
1.03871e-09
8.68154e-10
7.2277e-10
5.99514e-10
4.95443e-10
4.07822e-10
3.34178e-10
2.7232e-10
2.2033e-10
1.76548e-10
1.39542e-10
1.08079e-10
8.10881e-11
5.76284e-11
3.68456e-11
1.79216e-11
-3.09515e-33
2.90735e-13
1.93355e-10
3.7702e-10
5.51535e-10
7.17205e-10
8.7436e-10
1.02334e-09
1.16449e-09
1.29817e-09
1.42472e-09
1.54449e-09
1.65781e-09
1.76502e-09
1.86643e-09
1.96235e-09
2.05307e-09
2.13888e-09
2.22004e-09
2.29681e-09
2.36943e-09
2.43814e-09
2.50314e-09
2.56465e-09
2.62287e-09
2.67797e-09
2.73014e-09
2.77953e-09
2.8263e-09
2.8706e-09
2.91256e-09
2.95232e-09
2.98999e-09
3.39181e-09
3.80471e-09
4.2208e-09
4.62956e-09
5.0178e-09
5.36976e-09
5.66785e-09
5.89381e-09
6.03061e-09
6.06477e-09
5.98889e-09
5.80356e-09
5.51823e-09
5.15039e-09
4.72307e-09
4.26144e-09
3.78936e-09
3.32682e-09
2.88877e-09
2.48499e-09
2.12078e-09
1.79792e-09
1.51567e-09
1.27168e-09
1.06262e-09
8.84749e-10
7.34244e-10
6.07423e-10
5.0088e-10
4.11552e-10
3.36731e-10
2.74064e-10
2.21518e-10
1.77355e-10
1.40087e-10
1.08443e-10
8.13272e-11
5.77798e-11
3.69339e-11
1.7962e-11
-2.82023e-33
3.83831e-13
2.54588e-10
4.96367e-10
7.26012e-10
9.43905e-10
1.15047e-09
1.34613e-09
1.53136e-09
1.70662e-09
1.87238e-09
2.02908e-09
2.1772e-09
2.31718e-09
2.44943e-09
2.57438e-09
2.69243e-09
2.80395e-09
2.90931e-09
3.00885e-09
3.10291e-09
3.1918e-09
3.2758e-09
3.35521e-09
3.43028e-09
3.50126e-09
3.56839e-09
3.63188e-09
3.69195e-09
3.74879e-09
3.80259e-09
3.85351e-09
3.90172e-09
4.41304e-09
4.93213e-09
5.44681e-09
5.94139e-09
6.39679e-09
6.79112e-09
7.10107e-09
7.30402e-09
7.38106e-09
7.32024e-09
7.11958e-09
6.78871e-09
6.34837e-09
5.82756e-09
5.25904e-09
4.67438e-09
4.10021e-09
3.55632e-09
3.05551e-09
2.60455e-09
2.2056e-09
1.85758e-09
1.55736e-09
1.30065e-09
1.08267e-09
8.98577e-10
7.43756e-10
6.13952e-10
5.05354e-10
4.14612e-10
3.38821e-10
2.75488e-10
2.22487e-10
1.78012e-10
1.4053e-10
1.08739e-10
8.15214e-11
5.79028e-11
3.70055e-11
1.79947e-11
-2.56861e-33
5.0418e-13
3.33438e-10
6.50022e-10
9.50594e-10
1.23562e-09
1.50563e-09
1.76119e-09
2.0029e-09
2.23136e-09
2.44719e-09
2.65102e-09
2.84345e-09
3.02507e-09
3.19646e-09
3.35819e-09
3.51078e-09
3.65475e-09
3.7906e-09
3.91878e-09
4.03975e-09
4.15392e-09
4.26169e-09
4.36343e-09
4.45951e-09
4.55024e-09
4.63595e-09
4.71693e-09
4.79346e-09
4.86579e-09
4.93418e-09
4.99884e-09
5.06001e-09
5.70467e-09
6.35011e-09
6.97808e-09
7.56583e-09
8.08657e-09
8.51084e-09
8.80894e-09
8.95451e-09
8.92882e-09
8.72509e-09
8.35148e-09
7.83144e-09
7.20085e-09
6.50219e-09
5.77766e-09
5.06334e-09
4.38606e-09
3.76298e-09
3.20297e-09
2.70868e-09
2.27853e-09
1.90833e-09
1.59249e-09
1.32488e-09
1.09933e-09
9.10011e-10
7.51588e-10
6.19309e-10
5.09013e-10
4.17109e-10
3.40523e-10
2.76647e-10
2.23274e-10
1.78545e-10
1.40889e-10
1.08979e-10
8.16787e-11
5.80022e-11
3.70635e-11
1.80211e-11
-1.8395e-33
5.82728e-13
3.84742e-10
7.49986e-10
1.09668e-09
1.42533e-09
1.73654e-09
2.03095e-09
2.30926e-09
2.57216e-09
2.82038e-09
3.05463e-09
3.27563e-09
3.48408e-09
3.68065e-09
3.86599e-09
4.04073e-09
4.20548e-09
4.36082e-09
4.50729e-09
4.64541e-09
4.77568e-09
4.89855e-09
5.01448e-09
5.12386e-09
5.22709e-09
5.32455e-09
5.41656e-09
5.50346e-09
5.58554e-09
5.6631e-09
5.7364e-09
5.80569e-09
6.53324e-09
7.2557e-09
7.95063e-09
8.59053e-09
9.14359e-09
9.57569e-09
9.85361e-09
9.94954e-09
9.84627e-09
9.54188e-09
9.05244e-09
8.41117e-09
7.66359e-09
6.85983e-09
6.04655e-09
5.26101e-09
4.52883e-09
3.86467e-09
3.27463e-09
2.75874e-09
2.31328e-09
1.93233e-09
1.60901e-09
1.33621e-09
1.10709e-09
9.15316e-10
7.55211e-10
6.21781e-10
5.10699e-10
4.18258e-10
3.41305e-10
2.77179e-10
2.23635e-10
1.78789e-10
1.41054e-10
1.09088e-10
8.17506e-11
5.80477e-11
3.70899e-11
1.80332e-11
-2.68342e-32
6.50422e-13
4.28908e-10
8.36038e-10
1.22242e-09
1.58861e-09
1.93526e-09
2.26308e-09
2.57285e-09
2.86535e-09
3.14138e-09
3.40176e-09
3.64728e-09
3.87873e-09
4.09688e-09
4.30245e-09
4.49617e-09
4.67871e-09
4.85072e-09
5.01282e-09
5.1656e-09
5.30961e-09
5.44538e-09
5.5734e-09
5.69413e-09
5.80802e-09
5.91547e-09
6.01688e-09
6.1126e-09
6.20298e-09
6.28833e-09
6.36896e-09
6.44515e-09
7.24288e-09
8.03003e-09
8.78053e-09
9.46273e-09
1.00405e-08
1.04759e-08
1.07327e-08
1.07822e-08
1.06091e-08
1.02159e-08
9.62608e-09
8.88128e-09
8.03527e-09
7.14439e-09
6.2586e-09
5.41565e-09
4.63973e-09
3.9432e-09
3.32968e-09
2.79705e-09
2.33978e-09
1.95058e-09
1.62153e-09
1.34479e-09
1.11295e-09
9.19321e-10
7.57944e-10
6.23644e-10
5.11968e-10
4.19122e-10
3.41893e-10
2.77578e-10
2.23906e-10
1.78972e-10
1.41177e-10
1.09171e-10
8.18045e-11
5.80818e-11
3.71098e-11
1.80423e-11
-7.94755e-32
7.72503e-13
5.08564e-10
9.91238e-10
1.4492e-09
1.8831e-09
2.29367e-09
2.68176e-09
3.04827e-09
3.39415e-09
3.72035e-09
4.02785e-09
4.31761e-09
4.59056e-09
4.84763e-09
5.08971e-09
5.31766e-09
5.53229e-09
5.73438e-09
5.92469e-09
6.10392e-09
6.27273e-09
6.43176e-09
6.5816e-09
6.72281e-09
6.85592e-09
6.98142e-09
7.09978e-09
7.21142e-09
7.31677e-09
7.41619e-09
7.51005e-09
7.59869e-09
8.52307e-09
9.42702e-09
1.02779e-08
1.10364e-08
1.16588e-08
1.20999e-08
1.23184e-08
1.22839e-08
1.19839e-08
1.14298e-08
1.06577e-08
9.72519e-09
8.70093e-09
7.6526e-09
6.63612e-09
5.69008e-09
4.83594e-09
4.08174e-09
3.42658e-09
2.86434e-09
2.38624e-09
1.98254e-09
1.64345e-09
1.35979e-09
1.1232e-09
9.26312e-10
7.62711e-10
6.26892e-10
5.1418e-10
4.20627e-10
3.42917e-10
2.78273e-10
2.24378e-10
1.79291e-10
1.41392e-10
1.09314e-10
8.18984e-11
5.81411e-11
3.71444e-11
1.80581e-11
-1.01717e-31
8.59004e-13
5.65029e-10
1.10126e-09
1.60997e-09
2.09186e-09
2.54776e-09
2.97859e-09
3.38535e-09
3.76909e-09
4.13089e-09
4.47183e-09
4.79298e-09
5.0954e-09
5.38011e-09
5.64811e-09
5.90037e-09
6.13779e-09
6.36127e-09
6.57162e-09
6.76964e-09
6.95609e-09
7.13166e-09
7.29703e-09
7.45281e-09
7.59959e-09
7.73794e-09
7.86836e-09
7.99135e-09
8.10735e-09
8.21679e-09
8.32008e-09
8.41758e-09
9.43229e-09
1.04197e-08
1.13426e-08
1.21563e-08
1.28115e-08
1.32578e-08
1.34501e-08
1.33567e-08
1.29672e-08
1.22985e-08
1.13964e-08
1.03294e-08
9.17712e-09
8.01562e-09
6.90522e-09
5.8852e-09
4.97508e-09
4.17974e-09
3.49497e-09
2.91173e-09
2.41892e-09
2.00498e-09
1.65883e-09
1.3703e-09
1.13037e-09
9.31204e-10
7.66044e-10
6.29161e-10
5.15724e-10
4.21677e-10
3.43631e-10
2.78758e-10
2.24707e-10
1.79514e-10
1.41541e-10
1.09414e-10
8.19638e-11
5.81825e-11
3.71685e-11
1.80691e-11
-9.25287e-32
9.0968e-13
5.98147e-10
1.16579e-09
1.70428e-09
2.21434e-09
2.69684e-09
3.15276e-09
3.58317e-09
3.98916e-09
4.37189e-09
4.7325e-09
5.07213e-09
5.39189e-09
5.69288e-09
5.97617e-09
6.24276e-09
6.49364e-09
6.72973e-09
6.95193e-09
7.16107e-09
7.35794e-09
7.5433e-09
7.71786e-09
7.88227e-09
8.03716e-09
8.18312e-09
8.3207e-09
8.45042e-09
8.57275e-09
8.68815e-09
8.79704e-09
8.89981e-09
9.96842e-09
1.10061e-08
1.19727e-08
1.28206e-08
1.34972e-08
1.39489e-08
1.41282e-08
1.40023e-08
1.35617e-08
1.28265e-08
1.18476e-08
1.07003e-08
9.47079e-09
8.24034e-09
7.07229e-09
6.00659e-09
5.06175e-09
4.24082e-09
3.5376e-09
2.94128e-09
2.4393e-09
2.01898e-09
1.66841e-09
1.37685e-09
1.13484e-09
9.34252e-10
7.6812e-10
6.30575e-10
5.16686e-10
4.22331e-10
3.44075e-10
2.7906e-10
2.24911e-10
1.79652e-10
1.41635e-10
1.09476e-10
8.20046e-11
5.82083e-11
3.71835e-11
1.8076e-11
-8.4151e-32
9.26497e-13
6.09196e-10
1.18732e-09
1.73575e-09
2.25523e-09
2.74664e-09
3.21098e-09
3.64932e-09
4.06281e-09
4.4526e-09
4.81985e-09
5.16573e-09
5.49138e-09
5.79792e-09
6.08641e-09
6.35791e-09
6.61339e-09
6.85382e-09
7.0801e-09
7.29307e-09
7.49355e-09
7.68231e-09
7.86006e-09
8.02748e-09
8.1852e-09
8.33383e-09
8.47392e-09
8.606e-09
8.73056e-09
8.84806e-09
8.95893e-09
9.06358e-09
1.01515e-08
1.12077e-08
1.21913e-08
1.30536e-08
1.37407e-08
1.41979e-08
1.43768e-08
1.42436e-08
1.37887e-08
1.30328e-08
1.20283e-08
1.08526e-08
9.59434e-09
8.337e-09
7.14554e-09
6.06066e-09
5.10085e-09
4.26865e-09
3.55718e-09
2.95493e-09
2.44876e-09
2.0255e-09
1.67289e-09
1.37992e-09
1.13694e-09
9.35685e-10
7.69097e-10
6.31241e-10
5.1714e-10
4.2264e-10
3.44285e-10
2.79203e-10
2.25008e-10
1.79718e-10
1.41679e-10
1.09506e-10
8.20241e-11
5.82207e-11
3.71907e-11
1.80792e-11
-7.65167e-32
9.13651e-13
6.00901e-10
1.17117e-09
1.71216e-09
2.22462e-09
2.70942e-09
3.16755e-09
3.60006e-09
4.00809e-09
4.39276e-09
4.75523e-09
5.09665e-09
5.41813e-09
5.72077e-09
6.00563e-09
6.27374e-09
6.52607e-09
6.76355e-09
6.98708e-09
7.19749e-09
7.39558e-09
7.58211e-09
7.75778e-09
7.92326e-09
8.07917e-09
8.22611e-09
8.36462e-09
8.49523e-09
8.61841e-09
8.73462e-09
8.84428e-09
8.9478e-09
1.00246e-08
1.10715e-08
1.20481e-08
1.29069e-08
1.35946e-08
1.40572e-08
1.42462e-08
1.41276e-08
1.36906e-08
1.29545e-08
1.19695e-08
1.08113e-08
9.56732e-09
8.32049e-09
7.1361e-09
6.05559e-09
5.09828e-09
4.26745e-09
3.55668e-09
2.95477e-09
2.44875e-09
2.02555e-09
1.67296e-09
1.37998e-09
1.137e-09
9.35727e-10
7.69129e-10
6.31265e-10
5.17157e-10
4.22652e-10
3.44294e-10
2.79209e-10
2.25013e-10
1.79721e-10
1.41681e-10
1.09507e-10
8.20252e-11
5.82214e-11
3.71912e-11
1.80795e-11
-6.95631e-32
8.76785e-13
5.76932e-10
1.12447e-09
1.64395e-09
2.13606e-09
2.60167e-09
3.04173e-09
3.45725e-09
3.8493e-09
4.21899e-09
4.5674e-09
4.89565e-09
5.20478e-09
5.49587e-09
5.76991e-09
6.0279e-09
6.27075e-09
6.49936e-09
6.71459e-09
6.91723e-09
7.10806e-09
7.28778e-09
7.45707e-09
7.61658e-09
7.7669e-09
7.90859e-09
8.04219e-09
8.16818e-09
8.28704e-09
8.39919e-09
8.50504e-09
8.60497e-09
9.64578e-09
1.06602e-08
1.16103e-08
1.24507e-08
1.31304e-08
1.35973e-08
1.38044e-08
1.37176e-08
1.33243e-08
1.26404e-08
1.17117e-08
1.06088e-08
9.41449e-09
8.20921e-09
7.05727e-09
6.0008e-09
5.06067e-09
4.24181e-09
3.53928e-09
2.94299e-09
2.44078e-09
2.02017e-09
1.66932e-09
1.37752e-09
1.13533e-09
9.346e-10
7.68366e-10
6.30748e-10
5.16807e-10
4.22415e-10
3.44134e-10
2.79101e-10
2.24939e-10
1.79672e-10
1.41648e-10
1.09485e-10
8.20109e-11
5.82124e-11
3.7186e-11
1.80771e-11
-6.32324e-32
8.22023e-13
5.41273e-10
1.055e-09
1.54244e-09
2.00428e-09
2.44131e-09
2.85444e-09
3.24462e-09
3.61286e-09
3.96018e-09
4.28761e-09
4.59617e-09
4.88686e-09
5.16065e-09
5.4185e-09
5.6613e-09
5.88995e-09
6.10525e-09
6.30801e-09
6.49898e-09
6.67887e-09
6.84834e-09
7.00803e-09
7.15854e-09
7.30041e-09
7.43419e-09
7.56036e-09
7.67938e-09
7.79169e-09
7.89769e-09
7.99776e-09
8.09227e-09
9.07817e-09
1.00428e-08
1.09511e-08
1.17613e-08
1.24259e-08
1.28959e-08
1.31263e-08
1.30832e-08
1.27522e-08
1.21446e-08
1.12996e-08
1.02802e-08
9.16271e-09
8.02287e-09
6.92315e-09
5.90622e-09
4.99489e-09
4.19647e-09
3.50821e-09
2.92179e-09
2.42635e-09
2.01036e-09
1.66266e-09
1.373e-09
1.13227e-09
9.3252e-10
7.66955e-10
6.29791e-10
5.16158e-10
4.21975e-10
3.43835e-10
2.78899e-10
2.24803e-10
1.79579e-10
1.41586e-10
1.09444e-10
8.19841e-11
5.81956e-11
3.71762e-11
1.80727e-11
-5.74709e-32
7.55185e-13
4.97715e-10
9.70136e-10
1.41844e-09
1.84328e-09
2.24539e-09
2.6256e-09
2.9848e-09
3.32391e-09
3.64386e-09
3.9456e-09
4.23006e-09
4.49814e-09
4.75075e-09
4.98874e-09
5.21294e-09
5.42415e-09
5.62312e-09
5.81058e-09
5.9872e-09
6.15365e-09
6.31052e-09
6.4584e-09
6.59783e-09
6.72931e-09
6.85334e-09
6.97036e-09
7.08078e-09
7.18502e-09
7.28344e-09
7.37639e-09
7.4642e-09
8.38217e-09
9.28473e-09
1.01406e-08
1.09121e-08
1.15561e-08
1.20275e-08
1.22837e-08
1.22918e-08
1.2035e-08
1.15193e-08
1.07763e-08
9.85988e-09
8.83812e-09
7.78069e-09
6.74748e-09
5.78144e-09
4.90756e-09
4.13596e-09
3.46657e-09
2.89327e-09
2.40687e-09
1.99709e-09
1.65363e-09
1.36686e-09
1.1281e-09
9.2969e-10
7.65034e-10
6.28486e-10
5.15272e-10
4.21374e-10
3.43427e-10
2.78622e-10
2.24616e-10
1.79453e-10
1.41502e-10
1.09388e-10
8.19473e-11
5.81724e-11
3.71628e-11
1.80666e-11
-5.22295e-32
6.8131e-13
4.49541e-10
8.76278e-10
1.2813e-09
1.6652e-09
2.02867e-09
2.37246e-09
2.69736e-09
3.00422e-09
3.29387e-09
3.56715e-09
3.8249e-09
4.06794e-09
4.29706e-09
4.51303e-09
4.71659e-09
4.90846e-09
5.0893e-09
5.25977e-09
5.42047e-09
5.57198e-09
5.71486e-09
5.84961e-09
5.97672e-09
6.09665e-09
6.20983e-09
6.31666e-09
6.41752e-09
6.51277e-09
6.60275e-09
6.68775e-09
6.76809e-09
7.61024e-09
8.44322e-09
9.23989e-09
9.96704e-09
1.05864e-08
1.10572e-08
1.134e-08
1.14025e-08
1.1226e-08
1.0811e-08
1.01805e-08
9.37872e-09
8.46426e-09
7.50004e-09
6.54268e-09
5.63518e-09
4.80471e-09
4.06442e-09
3.41718e-09
2.85934e-09
2.38365e-09
1.98124e-09
1.64283e-09
1.35951e-09
1.1231e-09
9.26293e-10
7.62726e-10
6.26919e-10
5.14208e-10
4.20651e-10
3.42937e-10
2.7829e-10
2.24391e-10
1.79301e-10
1.414e-10
1.0932e-10
8.1903e-11
5.81445e-11
3.71466e-11
1.80592e-11
-2.47128e-32
6.07126e-13
4.01113e-10
7.81919e-10
1.14341e-09
1.48615e-09
1.81074e-09
2.11787e-09
2.40825e-09
2.68263e-09
2.94174e-09
3.18634e-09
3.41716e-09
3.63492e-09
3.84033e-09
4.03406e-09
4.21677e-09
4.38907e-09
4.55157e-09
4.70484e-09
4.84941e-09
4.98579e-09
5.11447e-09
5.2359e-09
5.35051e-09
5.4587e-09
5.56086e-09
5.65733e-09
5.74847e-09
5.83457e-09
5.91595e-09
5.99287e-09
6.06559e-09
6.8302e-09
7.59149e-09
8.32634e-09
9.00611e-09
9.59737e-09
1.00637e-08
1.03692e-08
1.04827e-08
1.03837e-08
1.00678e-08
9.54997e-09
8.86459e-09
8.0608e-09
7.19417e-09
6.31741e-09
5.47298e-09
4.68986e-09
3.98406e-09
3.36143e-09
2.8209e-09
2.35727e-09
1.96318e-09
1.6305e-09
1.35111e-09
1.11738e-09
9.22399e-10
7.60078e-10
6.25118e-10
5.12984e-10
4.1982e-10
3.42373e-10
2.77907e-10
2.24132e-10
1.79126e-10
1.41282e-10
1.09242e-10
8.18519e-11
5.81123e-11
3.71279e-11
1.80507e-11
3.18911e-34
5.36852e-13
3.55157e-10
6.9237e-10
1.01254e-09
1.31618e-09
1.60383e-09
1.87612e-09
2.13367e-09
2.37713e-09
2.60717e-09
2.82443e-09
3.02956e-09
3.2232e-09
3.40596e-09
3.57843e-09
3.74118e-09
3.89475e-09
4.03968e-09
4.17644e-09
4.30553e-09
4.42737e-09
4.5424e-09
4.65101e-09
4.75357e-09
4.85045e-09
4.94196e-09
5.02844e-09
5.11017e-09
5.18743e-09
5.26048e-09
5.32957e-09
5.39491e-09
6.084e-09
6.77463e-09
7.4474e-09
8.07794e-09
8.63741e-09
9.09382e-09
9.4146e-09
9.57042e-09
9.53992e-09
9.31463e-09
8.9026e-09
8.32924e-09
7.63446e-09
6.86623e-09
6.0726e-09
5.2946e-09
4.56226e-09
3.89403e-09
3.29855e-09
2.7773e-09
2.3272e-09
1.94253e-09
1.61636e-09
1.34144e-09
1.11078e-09
9.17905e-10
7.57017e-10
6.23036e-10
5.11568e-10
4.18857e-10
3.41719e-10
2.77463e-10
2.23831e-10
1.78923e-10
1.41146e-10
1.09151e-10
8.17925e-11
5.80749e-11
3.71061e-11
1.80408e-11
3.50613e-34
4.70965e-13
3.11992e-10
6.08255e-10
8.896e-10
1.15648e-09
1.40941e-09
1.64891e-09
1.87554e-09
2.08989e-09
2.29251e-09
2.48398e-09
2.66487e-09
2.83571e-09
2.99705e-09
3.14939e-09
3.29324e-09
3.42906e-09
3.5573e-09
3.6784e-09
3.79276e-09
3.90077e-09
4.0028e-09
4.09919e-09
4.19027e-09
4.27634e-09
4.3577e-09
4.43461e-09
4.50734e-09
4.57613e-09
4.6412e-09
4.70277e-09
4.76104e-09
5.37727e-09
5.99896e-09
6.61005e-09
7.19013e-09
7.71462e-09
8.15579e-09
8.48462e-09
8.67391e-09
8.70217e-09
8.55796e-09
8.2435e-09
7.77623e-09
7.18732e-09
6.51705e-09
5.80817e-09
5.09942e-09
4.42109e-09
3.7935e-09
3.22778e-09
2.72793e-09
2.29298e-09
1.91892e-09
1.60014e-09
1.33033e-09
1.10318e-09
9.12714e-10
7.53477e-10
6.20623e-10
5.09925e-10
4.1774e-10
3.40959e-10
2.76947e-10
2.23481e-10
1.78687e-10
1.40987e-10
1.09045e-10
8.17234e-11
5.80313e-11
3.70808e-11
1.80292e-11
3.85432e-34
4.09844e-13
2.71876e-10
5.30074e-10
7.75319e-10
1.00802e-09
1.22862e-09
1.4376e-09
1.63544e-09
1.82263e-09
1.99968e-09
2.16708e-09
2.32531e-09
2.47484e-09
2.61613e-09
2.74963e-09
2.87575e-09
2.99491e-09
3.10749e-09
3.21386e-09
3.31437e-09
3.40936e-09
3.49914e-09
3.584e-09
3.66423e-09
3.7401e-09
3.81185e-09
3.87972e-09
3.94392e-09
4.00468e-09
4.06219e-09
4.11662e-09
4.16815e-09
4.71484e-09
5.26997e-09
5.82047e-09
6.34949e-09
6.83643e-09
7.25758e-09
7.58749e-09
7.80138e-09
7.87829e-09
7.80483e-09
7.57855e-09
7.20999e-09
6.72228e-09
6.14812e-09
5.52453e-09
4.88714e-09
4.26567e-09
3.68167e-09
3.14839e-09
2.67213e-09
2.25408e-09
1.89196e-09
1.58153e-09
1.31754e-09
1.09441e-09
9.06713e-10
7.49377e-10
6.17826e-10
5.08018e-10
4.16441e-10
3.40075e-10
2.76347e-10
2.23074e-10
1.78412e-10
1.40802e-10
1.08922e-10
8.16427e-11
5.79804e-11
3.70512e-11
1.80157e-11
2.37802e-34
4.00015e-13
2.65417e-10
5.17487e-10
7.56918e-10
9.84114e-10
1.19951e-09
1.40357e-09
1.59676e-09
1.77958e-09
1.9525e-09
2.11601e-09
2.27058e-09
2.41667e-09
2.55472e-09
2.68517e-09
2.80842e-09
2.92488e-09
3.03493e-09
3.13891e-09
3.23718e-09
3.33005e-09
3.41784e-09
3.50083e-09
3.5793e-09
3.65351e-09
3.72369e-09
3.79009e-09
3.85291e-09
3.91236e-09
3.96863e-09
4.0219e-09
4.07234e-09
4.60765e-09
5.15182e-09
5.69224e-09
6.21264e-09
6.69304e-09
7.11037e-09
7.43981e-09
7.65699e-09
7.74111e-09
7.67854e-09
7.46616e-09
7.11344e-09
6.64225e-09
6.08403e-09
5.4748e-09
4.84961e-09
4.23799e-09
3.66162e-09
3.13408e-09
2.66203e-09
2.24701e-09
1.88705e-09
1.57814e-09
1.3152e-09
1.0928e-09
9.05611e-10
7.48623e-10
6.17311e-10
5.07667e-10
4.16202e-10
3.39912e-10
2.76236e-10
2.22999e-10
1.78361e-10
1.40768e-10
1.08899e-10
8.16278e-11
5.79709e-11
3.70458e-11
1.80132e-11
2.21854e-34
3.53746e-13
2.34987e-10
4.58177e-10
6.70212e-10
8.71456e-10
1.0623e-09
1.24316e-09
1.41445e-09
1.57661e-09
1.73005e-09
1.87521e-09
2.01249e-09
2.1423e-09
2.26503e-09
2.38106e-09
2.49074e-09
2.59443e-09
2.69246e-09
2.78513e-09
2.87275e-09
2.9556e-09
3.03396e-09
3.10806e-09
3.17817e-09
3.24449e-09
3.30725e-09
3.36664e-09
3.42286e-09
3.47609e-09
3.52648e-09
3.57422e-09
3.61943e-09
4.10042e-09
4.59198e-09
5.08365e-09
5.56175e-09
6.00929e-09
6.40629e-09
6.73082e-09
6.96073e-09
7.07615e-09
7.06264e-09
6.91423e-09
6.63571e-09
6.24305e-09
5.76169e-09
5.22267e-09
4.65786e-09
4.09558e-09
3.55788e-09
3.05964e-09
2.60927e-09
2.20995e-09
1.86121e-09
1.56022e-09
1.30283e-09
1.08429e-09
8.99773e-10
7.44626e-10
6.14578e-10
5.05801e-10
4.14929e-10
3.39046e-10
2.75647e-10
2.22599e-10
1.7809e-10
1.40585e-10
1.08778e-10
8.15484e-11
5.79208e-11
3.70166e-11
1.79999e-11
4.29639e-34
3.02824e-13
2.01437e-10
3.92784e-10
5.74603e-10
7.47214e-10
9.10961e-10
1.0662e-09
1.21329e-09
1.3526e-09
1.4845e-09
1.60933e-09
1.72746e-09
1.83923e-09
1.94495e-09
2.04497e-09
2.13957e-09
2.22905e-09
2.3137e-09
2.39377e-09
2.46952e-09
2.54119e-09
2.60901e-09
2.67319e-09
2.73393e-09
2.79143e-09
2.84586e-09
2.89741e-09
2.94623e-09
2.99246e-09
3.03627e-09
3.07777e-09
3.1171e-09
3.53673e-09
3.96827e-09
4.40351e-09
4.83155e-09
5.2386e-09
5.60813e-09
5.92155e-09
6.15943e-09
6.30345e-09
6.33892e-09
6.25746e-09
6.05925e-09
5.75411e-09
5.36076e-09
4.90427e-09
4.4122e-09
3.91072e-09
3.42164e-09
2.96093e-09
2.5387e-09
2.16004e-09
1.82621e-09
1.53583e-09
1.28593e-09
1.07263e-09
8.91746e-10
7.39117e-10
6.10805e-10
5.03221e-10
4.13168e-10
3.37845e-10
2.74829e-10
2.22044e-10
1.77715e-10
1.40332e-10
1.08609e-10
8.1438e-11
5.78511e-11
3.69761e-11
1.79814e-11
5.11675e-34
2.57118e-13
1.71267e-10
3.33972e-10
4.88605e-10
6.35446e-10
7.74792e-10
9.06948e-10
1.03222e-09
1.15093e-09
1.26336e-09
1.36984e-09
1.47065e-09
1.56609e-09
1.65642e-09
1.74192e-09
1.82283e-09
1.89942e-09
1.97191e-09
2.04051e-09
2.10546e-09
2.16694e-09
2.22515e-09
2.28026e-09
2.33245e-09
2.38189e-09
2.42871e-09
2.47307e-09
2.5151e-09
2.55493e-09
2.59268e-09
2.62846e-09
2.66238e-09
3.02536e-09
3.40088e-09
3.78269e-09
4.16222e-09
4.52851e-09
4.86811e-09
5.16555e-09
5.40413e-09
5.5674e-09
5.64108e-09
5.61535e-09
5.48695e-09
5.26062e-09
4.94911e-09
4.57168e-09
4.15132e-09
3.7114e-09
3.27272e-09
2.85173e-09
2.45984e-09
2.10379e-09
1.78647e-09
1.50799e-09
1.26653e-09
1.05918e-09
8.82465e-10
7.32729e-10
6.0642e-10
5.00217e-10
4.11113e-10
3.36442e-10
2.73874e-10
2.21394e-10
1.77275e-10
1.40036e-10
1.08411e-10
8.13084e-11
5.77692e-11
3.69285e-11
1.79597e-11
5.62174e-34
2.16547e-13
1.44434e-10
2.81664e-10
4.12109e-10
5.36014e-10
6.53631e-10
7.65221e-10
8.71045e-10
9.71364e-10
1.06644e-09
1.15651e-09
1.24184e-09
1.32266e-09
1.3992e-09
1.47169e-09
1.54033e-09
1.60533e-09
1.66689e-09
1.72519e-09
1.78041e-09
1.83271e-09
1.88225e-09
1.92919e-09
1.97365e-09
2.01579e-09
2.05573e-09
2.09358e-09
2.12946e-09
2.16348e-09
2.19574e-09
2.22633e-09
2.25534e-09
2.5666e-09
2.8905e-09
3.22234e-09
3.55557e-09
3.88161e-09
4.18975e-09
4.46735e-09
4.70036e-09
4.87436e-09
4.97601e-09
4.9949e-09
4.92542e-09
4.76831e-09
4.53121e-09
4.22802e-09
3.87707e-09
3.49842e-09
3.11124e-09
2.73177e-09
2.37222e-09
2.04068e-09
1.74153e-09
1.47627e-09
1.24432e-09
1.04371e-09
8.71743e-10
7.25326e-10
6.01324e-10
4.96718e-10
4.08716e-10
3.34803e-10
2.72756e-10
2.20633e-10
1.76759e-10
1.39688e-10
1.08179e-10
8.11562e-11
5.7673e-11
3.68725e-11
1.79342e-11
6.17527e-34
1.8093e-13
1.20834e-10
2.35653e-10
3.44815e-10
4.48529e-10
5.47012e-10
6.40481e-10
7.29157e-10
8.13256e-10
8.92994e-10
9.6858e-10
1.04022e-09
1.10811e-09
1.17244e-09
1.23339e-09
1.29114e-09
1.34586e-09
1.39771e-09
1.44684e-09
1.4934e-09
1.53752e-09
1.57934e-09
1.61898e-09
1.65655e-09
1.69217e-09
1.72595e-09
1.75797e-09
1.78835e-09
1.81716e-09
1.84449e-09
1.87042e-09
1.89502e-09
2.15964e-09
2.43653e-09
2.72226e-09
3.01194e-09
3.299e-09
3.57507e-09
3.83003e-09
4.05231e-09
4.22958e-09
4.34982e-09
4.4027e-09
4.38124e-09
4.28321e-09
4.1121e-09
3.87708e-09
3.59193e-09
3.27316e-09
2.93772e-09
2.60101e-09
2.27551e-09
1.97026e-09
1.69092e-09
1.44028e-09
1.21894e-09
1.02594e-09
8.59371e-10
7.16751e-10
5.95403e-10
4.92642e-10
4.05918e-10
3.32887e-10
2.71446e-10
2.19741e-10
1.76153e-10
1.39279e-10
1.07906e-10
8.09771e-11
5.75598e-11
3.68065e-11
1.79041e-11
6.78158e-34
1.50001e-13
1.00302e-10
1.95621e-10
2.86259e-10
3.72395e-10
4.5421e-10
5.31888e-10
6.0561e-10
6.75556e-10
7.41905e-10
8.04829e-10
8.64496e-10
9.21068e-10
9.74701e-10
1.02555e-09
1.07375e-09
1.11944e-09
1.16276e-09
1.20383e-09
1.24277e-09
1.27969e-09
1.31469e-09
1.34789e-09
1.37938e-09
1.40924e-09
1.43757e-09
1.46444e-09
1.48994e-09
1.51414e-09
1.5371e-09
1.55889e-09
1.57958e-09
1.80262e-09
2.03724e-09
2.28099e-09
2.53032e-09
2.78031e-09
3.02456e-09
3.25513e-09
3.46271e-09
3.63703e-09
3.76758e-09
3.84464e-09
3.86064e-09
3.8114e-09
3.69721e-09
3.52322e-09
3.29906e-09
3.0376e-09
2.75317e-09
2.45977e-09
2.16961e-09
1.89222e-09
1.63424e-09
1.39961e-09
1.19005e-09
1.00559e-09
8.45124e-10
7.06834e-10
5.8853e-10
4.87896e-10
4.02651e-10
3.30645e-10
2.69911e-10
2.18694e-10
1.75441e-10
1.38799e-10
1.07585e-10
8.07662e-11
5.74263e-11
3.67288e-11
1.78686e-11
7.44519e-34
1.23427e-13
8.26301e-11
1.61162e-10
2.3585e-10
3.06845e-10
3.74297e-10
4.38359e-10
4.99181e-10
5.56912e-10
6.11696e-10
6.63676e-10
7.12987e-10
7.59764e-10
8.04132e-10
8.46214e-10
8.86127e-10
9.23983e-10
9.59889e-10
9.93946e-10
1.02625e-09
1.0569e-09
1.08597e-09
1.11355e-09
1.13972e-09
1.16456e-09
1.18813e-09
1.21049e-09
1.23172e-09
1.25188e-09
1.27101e-09
1.28918e-09
1.30643e-09
1.49285e-09
1.68991e-09
1.89594e-09
2.10843e-09
2.3238e-09
2.53724e-09
2.74268e-09
2.9328e-09
3.09924e-09
3.23309e-09
3.32561e-09
3.36925e-09
3.35873e-09
3.29206e-09
3.17121e-09
3.00218e-09
2.79431e-09
2.55913e-09
2.30879e-09
2.05469e-09
1.8064e-09
1.57118e-09
1.35391e-09
1.15731e-09
9.82353e-10
8.28761e-10
6.95385e-10
5.80562e-10
4.82375e-10
3.9884e-10
3.28022e-10
2.68113e-10
2.17464e-10
1.74605e-10
1.38233e-10
1.07206e-10
8.05174e-11
5.72688e-11
3.6637e-11
1.78267e-11
8.17081e-34
1.0083e-13
6.75766e-11
1.31808e-10
1.92904e-10
2.50992e-10
3.06196e-10
3.58641e-10
4.08451e-10
4.55747e-10
5.00648e-10
5.43267e-10
5.83717e-10
6.22104e-10
6.58531e-10
6.93097e-10
7.25897e-10
7.57021e-10
7.86555e-10
8.14581e-10
8.41177e-10
8.66418e-10
8.90375e-10
9.13113e-10
9.34697e-10
9.55186e-10
9.74639e-10
9.93108e-10
1.01065e-09
1.0273e-09
1.04312e-09
1.05814e-09
1.07241e-09
1.22694e-09
1.39104e-09
1.56363e-09
1.74298e-09
1.92654e-09
2.11084e-09
2.29131e-09
2.46232e-09
2.61724e-09
2.74875e-09
2.84928e-09
2.91176e-09
2.93048e-09
2.90204e-09
2.82602e-09
2.70542e-09
2.54643e-09
2.3577e-09
2.14927e-09
1.93127e-09
1.71287e-09
1.50157e-09
1.3029e-09
1.1204e-09
9.55943e-10
8.10034e-10
6.82205e-10
5.71343e-10
4.75962e-10
3.94397e-10
3.24957e-10
2.66005e-10
2.16021e-10
1.73621e-10
1.37567e-10
1.0676e-10
8.02239e-11
5.70828e-11
3.65285e-11
1.77771e-11
8.96331e-34
8.18033e-14
5.48817e-11
1.07051e-10
1.56681e-10
2.03876e-10
2.4874e-10
2.91374e-10
3.31879e-10
3.70353e-10
4.06891e-10
4.41587e-10
4.7453e-10
5.05806e-10
5.35498e-10
5.63684e-10
5.90442e-10
6.15844e-10
6.39958e-10
6.62851e-10
6.84585e-10
7.0522e-10
7.24812e-10
7.43416e-10
7.61082e-10
7.77859e-10
7.93793e-10
8.08927e-10
8.23302e-10
8.36958e-10
8.49931e-10
8.62257e-10
8.73969e-10
1.00106e-09
1.13658e-09
1.27989e-09
1.42984e-09
1.58469e-09
1.74197e-09
1.89836e-09
2.04962e-09
2.19063e-09
2.31554e-09
2.41801e-09
2.49175e-09
2.53117e-09
2.5321e-09
2.49254e-09
2.41317e-09
2.29749e-09
2.15147e-09
1.98288e-09
1.80028e-09
1.61201e-09
1.42543e-09
1.24638e-09
1.07907e-09
9.26087e-10
7.88692e-10
6.67083e-10
5.60707e-10
4.68525e-10
3.89226e-10
3.21376e-10
2.63537e-10
2.14327e-10
1.72464e-10
1.36782e-10
1.06233e-10
7.98773e-11
5.68629e-11
3.64002e-11
1.77184e-11
9.82763e-34
6.59349e-14
4.42778e-11
8.63704e-11
1.2642e-10
1.64511e-10
2.00729e-10
2.35156e-10
2.67874e-10
2.98961e-10
3.28494e-10
3.56548e-10
3.83195e-10
4.08502e-10
4.32537e-10
4.55363e-10
4.77041e-10
4.97627e-10
5.17178e-10
5.35746e-10
5.53381e-10
5.7013e-10
5.86039e-10
6.01151e-10
6.15507e-10
6.29144e-10
6.42101e-10
6.54411e-10
6.66108e-10
6.77223e-10
6.87786e-10
6.97824e-10
7.07365e-10
8.1109e-10
9.22121e-10
1.04011e-09
1.16434e-09
1.29368e-09
1.42641e-09
1.56018e-09
1.6919e-09
1.8177e-09
1.93303e-09
2.03277e-09
2.11155e-09
2.16423e-09
2.18646e-09
2.1753e-09
2.1298e-09
2.05131e-09
1.94344e-09
1.81176e-09
1.66306e-09
1.50453e-09
1.343e-09
1.18435e-09
1.03314e-09
8.92556e-10
7.64504e-10
6.4981e-10
5.48476e-10
4.59927e-10
3.83218e-10
3.17201e-10
2.60649e-10
2.12339e-10
1.71103e-10
1.35858e-10
1.05612e-10
7.94678e-11
5.66029e-11
3.62484e-11
1.7649e-11
1.07687e-33
5.28187e-14
3.55007e-11
6.92517e-11
1.01368e-10
1.3192e-10
1.60975e-10
1.886e-10
2.1486e-10
2.39819e-10
2.63538e-10
2.86077e-10
3.07491e-10
3.27837e-10
3.47167e-10
3.6553e-10
3.82976e-10
3.9955e-10
4.15296e-10
4.30256e-10
4.44468e-10
4.57972e-10
4.70803e-10
4.82995e-10
4.9458e-10
5.05589e-10
5.16052e-10
5.25996e-10
5.35448e-10
5.44431e-10
5.52971e-10
5.61089e-10
5.68807e-10
6.52848e-10
7.43123e-10
8.39481e-10
9.41521e-10
1.04852e-09
1.15935e-09
1.27238e-09
1.38542e-09
1.49563e-09
1.59957e-09
1.69322e-09
1.77218e-09
1.83197e-09
1.86843e-09
1.87824e-09
1.85942e-09
1.81174e-09
1.73689e-09
1.63843e-09
1.52134e-09
1.39147e-09
1.25483e-09
1.11697e-09
9.82564e-10
8.5519e-10
7.37268e-10
6.30186e-10
5.34475e-10
4.50021e-10
3.76259e-10
3.12342e-10
2.57276e-10
2.1001e-10
1.69505e-10
1.34769e-10
1.04879e-10
7.89839e-11
5.62954e-11
3.60686e-11
1.75667e-11
1.17912e-33
4.20685e-14
2.82976e-11
5.52022e-11
8.08069e-11
1.05168e-10
1.28339e-10
1.50375e-10
1.71328e-10
1.91247e-10
2.10182e-10
2.2818e-10
2.45286e-10
2.61543e-10
2.76994e-10
2.91677e-10
3.0563e-10
3.18891e-10
3.31493e-10
3.43469e-10
3.54852e-10
3.6567e-10
3.75951e-10
3.85724e-10
3.95013e-10
4.03843e-10
4.12238e-10
4.20218e-10
4.27804e-10
4.35017e-10
4.41876e-10
4.48397e-10
4.54598e-10
5.22226e-10
5.95098e-10
6.73191e-10
7.5631e-10
8.44033e-10
9.35644e-10
1.03006e-09
1.12576e-09
1.22074e-09
1.31245e-09
1.39784e-09
1.47342e-09
1.53546e-09
1.58024e-09
1.60446e-09
1.60562e-09
1.58245e-09
1.53518e-09
1.46567e-09
1.37724e-09
1.27427e-09
1.16175e-09
1.04464e-09
9.27457e-10
8.13927e-10
7.06837e-10
6.08036e-10
5.18534e-10
4.38658e-10
3.68225e-10
3.06703e-10
2.53343e-10
2.07285e-10
1.67628e-10
1.33488e-10
1.04015e-10
7.84124e-11
5.59316e-11
3.58558e-11
1.74692e-11
1.28995e-33
3.33267e-14
2.24333e-11
4.37635e-11
6.40651e-11
8.3383e-11
1.01761e-10
1.19242e-10
1.35867e-10
1.51676e-10
1.66707e-10
1.80999e-10
1.94586e-10
2.07502e-10
2.19781e-10
2.31453e-10
2.42549e-10
2.53097e-10
2.63124e-10
2.72656e-10
2.81717e-10
2.90332e-10
2.98522e-10
3.06308e-10
3.13711e-10
3.20751e-10
3.27444e-10
3.33808e-10
3.39861e-10
3.45616e-10
3.5109e-10
3.56296e-10
3.61248e-10
4.15317e-10
4.73744e-10
5.36579e-10
6.03762e-10
6.75073e-10
7.50084e-10
8.28106e-10
9.08127e-10
9.88753e-10
1.06817e-09
1.14412e-09
1.21393e-09
1.27462e-09
1.32304e-09
1.35614e-09
1.37131e-09
1.3667e-09
1.34155e-09
1.2964e-09
1.23311e-09
1.15468e-09
1.06492e-09
9.6804e-10
8.68126e-10
7.68838e-10
6.73145e-10
5.83229e-10
5.00501e-10
4.25693e-10
3.58993e-10
3.00183e-10
2.48773e-10
2.04103e-10
1.6543e-10
1.31982e-10
1.02997e-10
7.77378e-11
5.55014e-11
3.56038e-11
1.73537e-11
1.40971e-33
2.627e-14
1.76943e-11
3.45195e-11
5.05347e-11
6.57757e-11
8.02774e-11
9.40735e-11
1.07197e-10
1.19678e-10
1.31549e-10
1.42838e-10
1.53573e-10
1.63781e-10
1.73487e-10
1.82716e-10
1.91492e-10
1.99836e-10
2.07771e-10
2.15315e-10
2.2249e-10
2.29311e-10
2.35799e-10
2.41968e-10
2.47835e-10
2.53415e-10
2.58721e-10
2.63768e-10
2.68569e-10
2.73135e-10
2.77478e-10
2.8161e-10
2.8554e-10
3.28511e-10
3.7506e-10
4.2528e-10
4.79188e-10
5.36698e-10
5.97578e-10
6.61413e-10
7.27554e-10
7.9507e-10
8.62701e-10
9.28831e-10
9.91478e-10
1.04833e-09
1.09685e-09
1.1344e-09
1.15852e-09
1.16713e-09
1.15891e-09
1.13345e-09
1.09144e-09
1.03467e-09
9.65795e-10
8.88104e-10
8.051e-10
7.20157e-10
6.36235e-10
5.557e-10
4.80262e-10
4.11e-10
3.48441e-10
2.92677e-10
2.43479e-10
2.00399e-10
1.6286e-10
1.30216e-10
1.01799e-10
7.69421e-11
5.49932e-11
3.53056e-11
1.72169e-11
1.53864e-33
2.06119e-14
1.3891e-11
2.71003e-11
3.96746e-11
5.16424e-11
6.30312e-11
7.38675e-11
8.4177e-11
9.39845e-11
1.03314e-10
1.12187e-10
1.20628e-10
1.28655e-10
1.3629e-10
1.43551e-10
1.50457e-10
1.57025e-10
1.63272e-10
1.69213e-10
1.74864e-10
1.80238e-10
1.8535e-10
1.90213e-10
1.94838e-10
1.99237e-10
2.03422e-10
2.07403e-10
2.11191e-10
2.14794e-10
2.18222e-10
2.21483e-10
2.24586e-10
2.58546e-10
2.95414e-10
3.353e-10
3.78266e-10
4.24305e-10
4.73314e-10
5.25063e-10
5.79156e-10
6.34995e-10
6.91736e-10
7.48255e-10
8.03127e-10
8.54629e-10
9.00779e-10
9.39426e-10
9.6839e-10
9.85667e-10
9.89651e-10
9.79375e-10
9.54691e-10
9.16362e-10
8.66023e-10
8.0602e-10
7.39141e-10
6.68305e-10
5.96284e-10
5.25471e-10
4.57754e-10
3.94476e-10
3.3646e-10
2.84084e-10
2.37376e-10
1.96104e-10
1.59865e-10
1.28149e-10
1.00392e-10
7.6005e-11
5.43933e-11
3.49531e-11
1.70551e-11
1.67683e-33
1.61033e-14
1.08578e-11
2.11832e-11
3.1013e-11
4.03694e-11
4.92742e-11
5.77482e-11
6.58115e-11
7.34833e-11
8.07823e-11
8.77263e-11
9.43322e-11
1.00616e-10
1.06594e-10
1.12281e-10
1.1769e-10
1.22836e-10
1.27731e-10
1.32387e-10
1.36817e-10
1.41031e-10
1.4504e-10
1.48854e-10
1.52482e-10
1.55934e-10
1.59218e-10
1.62343e-10
1.65316e-10
1.68145e-10
1.70837e-10
1.73398e-10
1.75836e-10
2.02536e-10
2.31577e-10
2.63073e-10
2.97105e-10
3.33711e-10
3.72868e-10
4.14465e-10
4.5828e-10
5.03945e-10
5.50916e-10
5.98438e-10
6.45518e-10
6.90912e-10
7.33132e-10
7.70491e-10
8.01179e-10
8.23398e-10
8.35528e-10
8.36324e-10
8.251e-10
8.01869e-10
7.67403e-10
7.23178e-10
6.71224e-10
6.13898e-10
5.53626e-10
4.92676e-10
4.32986e-10
3.76063e-10
3.22962e-10
2.74312e-10
2.30379e-10
1.91146e-10
1.56387e-10
1.25737e-10
9.87434e-11
7.49036e-11
5.36864e-11
3.45369e-11
1.68637e-11
1.82413e-33
1.2531e-14
8.4528e-12
1.64913e-11
2.41445e-11
3.14297e-11
3.8364e-11
4.49636e-11
5.12441e-11
5.72207e-11
6.29076e-11
6.83188e-11
7.34673e-11
7.83659e-11
8.30267e-11
8.7461e-11
9.168e-11
9.5694e-11
9.9513e-11
1.03147e-10
1.06604e-10
1.09893e-10
1.13023e-10
1.16001e-10
1.18835e-10
1.21531e-10
1.24097e-10
1.26538e-10
1.28861e-10
1.31072e-10
1.33176e-10
1.35179e-10
1.37084e-10
1.57976e-10
1.80738e-10
2.05475e-10
2.32276e-10
2.612e-10
2.9227e-10
3.25449e-10
3.60627e-10
3.97594e-10
4.36014e-10
4.75399e-10
5.15079e-10
5.54185e-10
5.9164e-10
6.26169e-10
6.5634e-10
6.80641e-10
6.9759e-10
7.05885e-10
7.0456e-10
6.93138e-10
6.71733e-10
6.41086e-10
6.02507e-10
5.57738e-10
5.08759e-10
4.57581e-10
4.06061e-10
3.55764e-10
3.07897e-10
2.63286e-10
2.2241e-10
1.85453e-10
1.52367e-10
1.22933e-10
9.68185e-11
7.36124e-11
5.28552e-11
3.40465e-11
1.66379e-11
1.98008e-33
9.71521e-15
6.55583e-12
1.27905e-11
1.87267e-11
2.43778e-11
2.97572e-11
3.48775e-11
3.97507e-11
4.43887e-11
4.88025e-11
5.30029e-11
5.7e-11
6.08036e-11
6.4423e-11
6.78672e-11
7.11445e-11
7.42631e-11
7.72307e-11
8.00546e-11
8.27418e-11
8.5299e-11
8.77324e-11
9.00481e-11
9.22519e-11
9.43491e-11
9.6345e-11
9.82445e-11
1.00052e-10
1.01773e-10
1.0341e-10
1.04969e-10
1.06453e-10
1.22727e-10
1.40484e-10
1.59818e-10
1.80812e-10
2.03535e-10
2.28031e-10
2.5431e-10
2.82328e-10
3.1198e-10
3.4307e-10
3.75296e-10
4.08224e-10
4.41266e-10
4.73668e-10
5.04501e-10
5.32679e-10
5.56994e-10
5.76185e-10
5.89035e-10
5.94498e-10
5.91827e-10
5.80696e-10
5.61277e-10
5.34258e-10
5.00786e-10
4.62344e-10
4.20591e-10
3.7719e-10
3.33657e-10
2.91259e-10
2.50959e-10
2.13406e-10
1.78962e-10
1.47747e-10
1.1969e-10
9.45794e-11
7.21038e-11
5.18805e-11
3.34699e-11
1.63719e-11
2.14378e-33
7.5061e-15
5.06674e-12
9.88544e-12
1.44735e-11
1.88417e-11
2.30001e-11
2.69585e-11
3.07263e-11
3.43126e-11
3.7726e-11
4.09747e-11
4.40665e-11
4.70091e-11
4.98095e-11
5.24746e-11
5.5011e-11
5.74249e-11
5.97222e-11
6.19085e-11
6.39893e-11
6.59696e-11
6.78543e-11
6.9648e-11
7.13553e-11
7.29802e-11
7.45267e-11
7.59988e-11
7.73999e-11
7.87335e-11
8.0003e-11
8.12113e-11
8.23615e-11
9.49873e-11
1.0878e-10
1.23821e-10
1.40186e-10
1.57943e-10
1.77146e-10
1.97824e-10
2.19979e-10
2.43565e-10
2.68483e-10
2.94554e-10
3.21509e-10
3.48965e-10
3.76412e-10
4.03196e-10
4.28524e-10
4.51473e-10
4.71027e-10
4.86138e-10
4.9581e-10
4.992e-10
4.95733e-10
4.8519e-10
4.67773e-10
4.44104e-10
4.15176e-10
3.82248e-10
3.46702e-10
3.0991e-10
2.7311e-10
2.37326e-10
2.03327e-10
1.7162e-10
1.42474e-10
1.1596e-10
9.19876e-11
7.03483e-11
5.07417e-11
3.27941e-11
1.60596e-11
2.31383e-33
5.78036e-15
3.90291e-12
7.61483e-12
1.11493e-11
1.45144e-11
1.77182e-11
2.07681e-11
2.36715e-11
2.64352e-11
2.90659e-11
3.15699e-11
3.39533e-11
3.62218e-11
3.83811e-11
4.04362e-11
4.23923e-11
4.42541e-11
4.60262e-11
4.77128e-11
4.93182e-11
5.08463e-11
5.23007e-11
5.36851e-11
5.50029e-11
5.62572e-11
5.74512e-11
5.85877e-11
5.96696e-11
6.06995e-11
6.16798e-11
6.26131e-11
6.35015e-11
7.32588e-11
8.39295e-11
9.55813e-11
1.0828e-10
1.22089e-10
1.3706e-10
1.53236e-10
1.70638e-10
1.8926e-10
2.09058e-10
2.29937e-10
2.5174e-10
2.74226e-10
2.97063e-10
3.19807e-10
3.41898e-10
3.62659e-10
3.81311e-10
3.97001e-10
4.08859e-10
4.16069e-10
4.17956e-10
4.14073e-10
4.04281e-10
3.88786e-10
3.68145e-10
3.4321e-10
3.15041e-10
2.8479e-10
2.53584e-10
2.22434e-10
1.92166e-10
1.63391e-10
1.36503e-10
1.11699e-10
8.90051e-11
6.83159e-11
4.94169e-11
3.2005e-11
1.56941e-11
2.48812e-33
4.43741e-15
2.99685e-12
5.8471e-12
8.56115e-12
1.11453e-11
1.36057e-11
1.59481e-11
1.81781e-11
2.0301e-11
2.23219e-11
2.42456e-11
2.60769e-11
2.782e-11
2.94793e-11
3.10588e-11
3.25623e-11
3.39935e-11
3.53558e-11
3.66526e-11
3.7887e-11
3.9062e-11
4.01805e-11
4.12453e-11
4.22589e-11
4.32238e-11
4.41423e-11
4.50167e-11
4.58492e-11
4.66416e-11
4.73961e-11
4.81143e-11
4.87981e-11
5.63111e-11
6.45348e-11
7.35249e-11
8.33371e-11
9.40258e-11
1.05641e-10
1.18226e-10
1.31812e-10
1.46414e-10
1.62022e-10
1.78592e-10
1.9604e-10
2.14224e-10
2.32934e-10
2.51881e-10
2.70684e-10
2.88862e-10
3.05842e-10
3.20966e-10
3.3352e-10
3.42785e-10
3.48091e-10
3.48895e-10
3.44853e-10
3.35876e-10
3.22169e-10
3.0422e-10
2.82754e-10
2.58662e-10
2.32898e-10
2.0639e-10
1.79959e-10
1.5427e-10
1.29807e-10
1.06871e-10
8.55973e-11
6.59773e-11
4.78838e-11
3.10881e-11
1.52682e-11
2.66371e-33
3.39601e-15
2.29398e-12
4.47578e-12
6.55338e-12
8.53164e-12
1.04152e-11
1.22086e-11
1.3916e-11
1.55415e-11
1.7089e-11
1.85622e-11
1.99647e-11
2.12999e-11
2.25709e-11
2.37808e-11
2.49327e-11
2.60292e-11
2.70731e-11
2.80668e-11
2.90128e-11
2.99134e-11
3.07707e-11
3.15869e-11
3.23639e-11
3.31036e-11
3.38079e-11
3.44783e-11
3.51167e-11
3.57244e-11
3.63029e-11
3.68538e-11
3.73782e-11
4.31427e-11
4.94574e-11
5.63673e-11
6.39183e-11
7.21564e-11
8.11258e-11
9.08672e-11
1.01415e-10
1.12792e-10
1.25009e-10
1.38053e-10
1.51884e-10
1.66425e-10
1.8155e-10
1.97078e-10
2.12757e-10
2.28262e-10
2.43184e-10
2.57035e-10
2.69264e-10
2.79274e-10
2.86468e-10
2.90299e-10
2.90329e-10
2.86291e-10
2.78134e-10
2.66049e-10
2.50459e-10
2.3198e-10
2.11355e-10
1.89373e-10
1.66794e-10
1.44286e-10
1.2238e-10
1.01455e-10
8.17363e-11
6.3306e-11
4.61212e-11
3.00288e-11
1.47747e-11
2.83669e-33
2.59099e-15
1.75049e-12
3.4154e-12
5.00083e-12
6.51051e-12
7.94799e-12
9.31667e-12
1.06198e-11
1.18605e-11
1.30418e-11
1.41664e-11
1.52371e-11
1.62565e-11
1.72269e-11
1.81508e-11
1.90304e-11
1.98678e-11
2.06651e-11
2.1424e-11
2.21466e-11
2.28346e-11
2.34895e-11
2.41131e-11
2.47068e-11
2.5272e-11
2.58101e-11
2.63224e-11
2.68102e-11
2.72747e-11
2.77169e-11
2.81379e-11
2.85388e-11
3.29463e-11
3.77777e-11
4.30689e-11
4.8857e-11
5.51799e-11
6.20753e-11
6.95792e-11
7.77245e-11
8.65381e-11
9.60381e-11
1.0623e-10
1.171e-10
1.28611e-10
1.40694e-10
1.53239e-10
1.6609e-10
1.7903e-10
1.91779e-10
2.03992e-10
2.15257e-10
2.25109e-10
2.33051e-10
2.38589e-10
2.41275e-10
2.40754e-10
2.3682e-10
2.29445e-10
2.18803e-10
2.05257e-10
1.89327e-10
1.7163e-10
1.52817e-10
1.33509e-10
1.14244e-10
9.54454e-11
7.74045e-11
6.02811e-11
4.41103e-11
2.88134e-11
1.42063e-11
3.00197e-33
1.97049e-15
1.33147e-12
2.59786e-12
3.80382e-12
4.95218e-12
6.04567e-12
7.08686e-12
8.07825e-12
9.02218e-12
9.92092e-12
1.07766e-11
1.15913e-11
1.2367e-11
1.31055e-11
1.38087e-11
1.44781e-11
1.51155e-11
1.57223e-11
1.63001e-11
1.68502e-11
1.73739e-11
1.78726e-11
1.83473e-11
1.87994e-11
1.92297e-11
1.96395e-11
2.00297e-11
2.04012e-11
2.07549e-11
2.10917e-11
2.14124e-11
2.17178e-11
2.50759e-11
2.87591e-11
3.27955e-11
3.72148e-11
4.20478e-11
4.73256e-11
5.30789e-11
5.93371e-11
6.61264e-11
7.34681e-11
8.13757e-11
8.98513e-11
9.88817e-11
1.08433e-10
1.18443e-10
1.28817e-10
1.39419e-10
1.50063e-10
1.60513e-10
1.70474e-10
1.79599e-10
1.87498e-10
1.93757e-10
1.97967e-10
1.99759e-10
1.98848e-10
1.9507e-10
1.88415e-10
1.79036e-10
1.67243e-10
1.53472e-10
1.38233e-10
1.22061e-10
1.05461e-10
8.88629e-11
7.26001e-11
5.68905e-11
4.18369e-11
2.74304e-11
1.35569e-11
3.15323e-33
1.49348e-15
1.00927e-12
1.96923e-12
2.88339e-12
3.75391e-12
4.58285e-12
5.37218e-12
6.12378e-12
6.83943e-12
7.52084e-12
8.16965e-12
8.78742e-12
9.37562e-12
9.93566e-12
1.04689e-11
1.09766e-11
1.146e-11
1.19203e-11
1.23585e-11
1.27758e-11
1.31731e-11
1.35514e-11
1.39116e-11
1.42545e-11
1.45811e-11
1.4892e-11
1.5188e-11
1.54699e-11
1.57384e-11
1.5994e-11
1.62373e-11
1.64691e-11
1.90182e-11
2.18153e-11
2.48825e-11
2.82432e-11
3.19219e-11
3.59436e-11
4.0334e-11
4.51181e-11
5.03196e-11
5.59595e-11
6.20545e-11
6.86142e-11
7.56389e-11
8.31154e-11
9.10127e-11
9.92768e-11
1.07825e-10
1.1654e-10
1.25264e-10
1.33794e-10
1.41882e-10
1.49235e-10
1.55528e-10
1.60413e-10
1.63553e-10
1.64644e-10
1.63454e-10
1.59855e-10
1.53844e-10
1.45557e-10
1.35254e-10
1.23298e-10
1.10111e-10
9.61282e-11
8.17574e-11
6.73412e-11
5.31348e-11
3.92941e-11
2.58721e-11
1.28215e-11
3.28289e-33
1.12767e-15
7.6214e-13
1.48704e-12
2.17737e-12
2.83476e-12
3.46077e-12
4.05688e-12
4.6245e-12
5.165e-12
5.67966e-12
6.16972e-12
6.63634e-12
7.08065e-12
7.50371e-12
7.90653e-12
8.29009e-12
8.6553e-12
9.00305e-12
9.33416e-12
9.64944e-12
9.94964e-12
1.02355e-11
1.05077e-11
1.07668e-11
1.10136e-11
1.12486e-11
1.14724e-11
1.16854e-11
1.18883e-11
1.20815e-11
1.22654e-11
1.24406e-11
1.43679e-11
1.64834e-11
1.88044e-11
2.1349e-11
2.41364e-11
2.71869e-11
3.05209e-11
3.41592e-11
3.81222e-11
4.2429e-11
4.70963e-11
5.21368e-11
5.75575e-11
6.33571e-11
6.95229e-11
7.60268e-11
8.28216e-11
8.98357e-11
9.69682e-11
1.04084e-10
1.11013e-10
1.17542e-10
1.23428e-10
1.28395e-10
1.32156e-10
1.3443e-10
1.34966e-10
1.33575e-10
1.30156e-10
1.24711e-10
1.17355e-10
1.08309e-10
9.7871e-11
8.63873e-11
7.42117e-11
6.16701e-11
4.90309e-11
3.64851e-11
2.41362e-11
1.19979e-11
3.38216e-33
8.47765e-16
5.73012e-13
1.11803e-12
1.63706e-12
2.13134e-12
2.60202e-12
3.05024e-12
3.47705e-12
3.88348e-12
4.27049e-12
4.639e-12
4.98991e-12
5.32405e-12
5.64221e-12
5.94517e-12
6.23365e-12
6.50835e-12
6.76991e-12
7.01897e-12
7.25613e-12
7.48195e-12
7.69699e-12
7.90175e-12
8.09672e-12
8.28239e-12
8.45918e-12
8.62753e-12
8.78783e-12
8.94048e-12
9.08584e-12
9.22426e-12
9.35608e-12
1.08065e-11
1.23992e-11
1.41472e-11
1.60646e-11
1.81664e-11
2.04684e-11
2.29868e-11
2.57385e-11
2.87404e-11
3.20088e-11
3.5559e-11
3.94041e-11
4.35539e-11
4.80131e-11
5.27792e-11
5.78402e-11
6.3171e-11
6.87301e-11
7.44557e-11
8.02613e-11
8.6032e-11
9.16221e-11
9.68539e-11
1.01521e-10
1.05393e-10
1.0823e-10
1.09798e-10
1.0989e-10
1.08353e-10
1.05103e-10
1.00147e-10
9.35811e-11
8.55882e-11
7.64147e-11
6.63423e-11
5.56564e-11
4.46153e-11
3.34259e-11
2.22279e-11
1.1087e-11
3.44137e-33
6.3404e-16
4.28583e-13
8.36231e-13
1.22445e-12
1.59415e-12
1.94621e-12
2.28148e-12
2.60074e-12
2.90475e-12
3.19426e-12
3.46993e-12
3.73244e-12
3.98241e-12
4.22044e-12
4.4471e-12
4.66293e-12
4.86846e-12
5.06416e-12
5.25052e-12
5.42797e-12
5.59695e-12
5.75786e-12
5.91109e-12
6.05699e-12
6.19593e-12
6.32824e-12
6.45423e-12
6.5742e-12
6.68845e-12
6.79725e-12
6.90085e-12
6.9995e-12
8.08525e-12
9.27779e-12
1.05871e-11
1.20239e-11
1.35997e-11
1.53268e-11
1.72178e-11
1.92861e-11
2.15452e-11
2.40089e-11
2.66901e-11
2.9601e-11
3.27518e-11
3.61496e-11
3.97975e-11
4.36922e-11
4.78224e-11
5.21656e-11
5.66856e-11
6.13289e-11
6.60213e-11
7.06652e-11
7.51367e-11
7.9286e-11
8.29389e-11
8.59031e-11
8.79778e-11
8.89684e-11
8.8704e-11
8.70575e-11
8.3962e-11
7.94237e-11
7.35243e-11
6.64143e-11
5.82955e-11
4.93964e-11
3.99458e-11
3.01477e-11
2.01618e-11
1.00939e-11
3.45042e-33
4.71166e-16
3.18506e-13
6.21456e-13
9.09966e-13
1.18472e-12
1.44637e-12
1.69554e-12
1.93282e-12
2.15877e-12
2.37394e-12
2.57884e-12
2.77396e-12
2.95976e-12
3.13669e-12
3.30517e-12
3.46561e-12
3.61839e-12
3.76387e-12
3.90241e-12
4.03433e-12
4.15996e-12
4.27958e-12
4.3935e-12
4.50198e-12
4.60528e-12
4.70365e-12
4.79733e-12
4.88653e-12
4.97148e-12
5.05238e-12
5.12941e-12
5.20277e-12
6.01021e-12
6.89726e-12
7.87145e-12
8.9409e-12
1.01143e-11
1.1401e-11
1.28109e-11
1.43543e-11
1.60418e-11
1.78845e-11
1.98932e-11
2.20782e-11
2.44489e-11
2.70132e-11
2.97763e-11
3.27397e-11
3.58996e-11
3.92454e-11
4.2757e-11
4.64028e-11
5.01364e-11
5.38945e-11
5.75936e-11
6.11289e-11
6.43738e-11
6.71819e-11
6.93919e-11
7.08359e-11
7.1352e-11
7.07987e-11
6.90711e-11
6.61148e-11
6.19359e-11
5.66026e-11
5.02389e-11
4.30099e-11
3.51013e-11
2.66976e-11
1.79627e-11
9.02895e-12
3.39948e-33
3.4726e-16
2.34758e-13
4.5805e-13
6.70701e-13
8.73214e-13
1.06607e-12
1.24973e-12
1.42463e-12
1.59118e-12
1.74979e-12
1.90083e-12
2.04466e-12
2.18163e-12
2.31206e-12
2.43626e-12
2.55454e-12
2.66717e-12
2.77442e-12
2.87656e-12
2.97382e-12
3.06644e-12
3.15464e-12
3.23864e-12
3.31862e-12
3.39479e-12
3.46732e-12
3.53639e-12
3.60217e-12
3.66481e-12
3.72446e-12
3.78127e-12
3.83536e-12
4.43083e-12
5.08513e-12
5.80386e-12
6.59311e-12
7.45941e-12
8.40978e-12
9.4517e-12
1.05931e-11
1.18422e-11
1.32076e-11
1.46979e-11
1.63217e-11
1.8087e-11
2.00011e-11
2.20698e-11
2.42967e-11
2.66821e-11
2.92219e-11
3.19061e-11
3.47168e-11
3.76263e-11
4.05946e-11
4.35672e-11
4.64733e-11
4.92239e-11
5.17123e-11
5.38154e-11
5.53979e-11
5.632e-11
5.64469e-11
5.56615e-11
5.38777e-11
5.10516e-11
4.71895e-11
4.23488e-11
3.66327e-11
3.01778e-11
2.31375e-11
1.5666e-11
7.90769e-12
3.27981e-33
2.53117e-16
1.71121e-13
3.33885e-13
4.88894e-13
6.36514e-13
7.77096e-13
9.10975e-13
1.03847e-12
1.15988e-12
1.2755e-12
1.38561e-12
1.49046e-12
1.59031e-12
1.6854e-12
1.77595e-12
1.86218e-12
1.94429e-12
2.02249e-12
2.09696e-12
2.16787e-12
2.2354e-12
2.29971e-12
2.36095e-12
2.41927e-12
2.47481e-12
2.52769e-12
2.57806e-12
2.62602e-12
2.6717e-12
2.7152e-12
2.75662e-12
2.79607e-12
3.23032e-12
3.70755e-12
4.23187e-12
4.80778e-12
5.4401e-12
6.13403e-12
6.89517e-12
7.72944e-12
8.64311e-12
9.6427e-12
1.07349e-11
1.19265e-11
1.32241e-11
1.46339e-11
1.61613e-11
1.78103e-11
1.95834e-11
2.14798e-11
2.34952e-11
2.56204e-11
2.78392e-11
3.01274e-11
3.24505e-11
3.47618e-11
3.70012e-11
3.90933e-11
4.09484e-11
4.24632e-11
4.35249e-11
4.40172e-11
4.38287e-11
4.28635e-11
4.10515e-11
3.83588e-11
3.47928e-11
3.0404e-11
2.52808e-11
1.954e-11
1.33155e-11
6.75027e-12
3.08457e-33
1.81599e-16
1.22775e-13
2.39554e-13
3.50769e-13
4.56684e-13
5.5755e-13
6.53607e-13
7.45085e-13
8.322e-13
9.1516e-13
9.94164e-13
1.0694e-12
1.14105e-12
1.20928e-12
1.27425e-12
1.33613e-12
1.39505e-12
1.45116e-12
1.5046e-12
1.55549e-12
1.60395e-12
1.6501e-12
1.69405e-12
1.7359e-12
1.77576e-12
1.81371e-12
1.84986e-12
1.88428e-12
1.91706e-12
1.94828e-12
1.97801e-12
2.00632e-12
2.318e-12
2.66056e-12
3.037e-12
3.45055e-12
3.90471e-12
4.40328e-12
4.95034e-12
5.55024e-12
6.20761e-12
6.9273e-12
7.71437e-12
8.57398e-12
9.51128e-12
1.05313e-11
1.16385e-11
1.28369e-11
1.41292e-11
1.55165e-11
1.69975e-11
1.85679e-11
2.02187e-11
2.19359e-11
2.36982e-11
2.54758e-11
2.7229e-11
2.89069e-11
3.04462e-11
3.17717e-11
3.27977e-11
3.34307e-11
3.35753e-11
3.31409e-11
3.20501e-11
3.02486e-11
2.7712e-11
2.44514e-11
2.05144e-11
1.59813e-11
1.09596e-11
5.5798e-12
2.80919e-33
1.27132e-16
8.59528e-14
1.67708e-13
2.45569e-13
3.19719e-13
3.90335e-13
4.57585e-13
5.21628e-13
5.82619e-13
6.40701e-13
6.96013e-13
7.48688e-13
7.98851e-13
8.46622e-13
8.92114e-13
9.35437e-13
9.76693e-13
1.01598e-12
1.0534e-12
1.08903e-12
1.12296e-12
1.15527e-12
1.18605e-12
1.21535e-12
1.24326e-12
1.26984e-12
1.29515e-12
1.31925e-12
1.34221e-12
1.36407e-12
1.38488e-12
1.40471e-12
1.62298e-12
1.8629e-12
2.12657e-12
2.41628e-12
2.73451e-12
3.08394e-12
3.46746e-12
3.88819e-12
4.34942e-12
4.85468e-12
5.40761e-12
6.01202e-12
6.67175e-12
7.39058e-12
8.17215e-12
9.01968e-12
9.93578e-12
1.09221e-11
1.19788e-11
1.31042e-11
1.42937e-11
1.55394e-11
1.68285e-11
1.81428e-11
1.9457e-11
2.07376e-11
2.19419e-11
2.30176e-11
2.39029e-11
2.45276e-11
2.48163e-11
2.46925e-11
2.40847e-11
2.2934e-11
2.1201e-11
1.88725e-11
1.59658e-11
1.25299e-11
8.64437e-12
4.41907e-12
2.4508e-33
8.5285e-17
5.76617e-14
1.12508e-13
1.64741e-13
2.14485e-13
2.61859e-13
3.06974e-13
3.49939e-13
3.90856e-13
4.29822e-13
4.66931e-13
5.0227e-13
5.35924e-13
5.67973e-13
5.98494e-13
6.27559e-13
6.55239e-13
6.81599e-13
7.06702e-13
7.30608e-13
7.53374e-13
7.75055e-13
7.95701e-13
8.15364e-13
8.34089e-13
8.51922e-13
8.68904e-13
8.85077e-13
9.00478e-13
9.15146e-13
9.29114e-13
9.42417e-13
1.08888e-12
1.24988e-12
1.42683e-12
1.62129e-12
1.83491e-12
2.06953e-12
2.3271e-12
2.60973e-12
2.91968e-12
3.25936e-12
3.6313e-12
4.03812e-12
4.48254e-12
4.96726e-12
5.49491e-12
6.06795e-12
6.68848e-12
7.35806e-12
8.07742e-12
8.84609e-12
9.66197e-12
1.05208e-11
1.14153e-11
1.23346e-11
1.32633e-11
1.41805e-11
1.50588e-11
1.58636e-11
1.65532e-11
1.70784e-11
1.73845e-11
1.74132e-11
1.71066e-11
1.64125e-11
1.52899e-11
1.37153e-11
1.16877e-11
9.23263e-12
6.40383e-12
3.28575e-12
2.00595e-33
5.23926e-17
3.54234e-14
6.91172e-14
1.01206e-13
1.31765e-13
1.60869e-13
1.88585e-13
2.1498e-13
2.40117e-13
2.64056e-13
2.86854e-13
3.08564e-13
3.2924e-13
3.4893e-13
3.67681e-13
3.85538e-13
4.02544e-13
4.18738e-13
4.34161e-13
4.48849e-13
4.62836e-13
4.76156e-13
4.88841e-13
5.00922e-13
5.12427e-13
5.23383e-13
5.33817e-13
5.43754e-13
5.53217e-13
5.62229e-13
5.70811e-13
5.78984e-13
6.68974e-13
7.67904e-13
8.76646e-13
9.9615e-13
1.12745e-12
1.27167e-12
1.43003e-12
1.60383e-12
1.79448e-12
2.00349e-12
2.23242e-12
2.48296e-12
2.7568e-12
3.05569e-12
3.38135e-12
3.73539e-12
4.11929e-12
4.5342e-12
4.98085e-12
5.45928e-12
5.96862e-12
6.50676e-12
7.06987e-12
7.65199e-12
8.24439e-12
8.83499e-12
9.40768e-12
9.94176e-12
1.04115e-11
1.07862e-11
1.10304e-11
1.11052e-11
1.09704e-11
1.05875e-11
9.92364e-12
8.95618e-12
7.67706e-12
6.09673e-12
4.24734e-12
2.18587e-12
1.4655e-33
2.5141e-17
1.69984e-14
3.31667e-14
4.85648e-14
6.32293e-14
7.7195e-14
9.04952e-14
1.03161e-13
1.15224e-13
1.26711e-13
1.37651e-13
1.4807e-13
1.57991e-13
1.6744e-13
1.76438e-13
1.85008e-13
1.93168e-13
2.0094e-13
2.08341e-13
2.15389e-13
2.22102e-13
2.28494e-13
2.34582e-13
2.40379e-13
2.459e-13
2.51158e-13
2.56165e-13
2.60934e-13
2.65475e-13
2.698e-13
2.73919e-13
2.77841e-13
3.21028e-13
3.68508e-13
4.20698e-13
4.78058e-13
5.41083e-13
6.10316e-13
6.86343e-13
7.69796e-13
8.61356e-13
9.61747e-13
1.07174e-12
1.19215e-12
1.32381e-12
1.46757e-12
1.62429e-12
1.7948e-12
1.97983e-12
2.18002e-12
2.39579e-12
2.62727e-12
2.87417e-12
3.13564e-12
3.41005e-12
3.69474e-12
3.98579e-12
4.27767e-12
4.56288e-12
4.83171e-12
5.07187e-12
5.26845e-12
5.40398e-12
5.45888e-12
5.41238e-12
5.24394e-12
4.93522e-12
4.47243e-12
3.84894e-12
3.06772e-12
2.14359e-12
1.10549e-12
8.05166e-34
7.4363e-42
9.7907e-41
3.22018e-40
6.47005e-40
1.0396e-39
1.47324e-39
1.92691e-39
2.38421e-39
2.83256e-39
3.26248e-39
3.66706e-39
4.04148e-39
4.38257e-39
4.68852e-39
4.95857e-39
5.19281e-39
5.39194e-39
5.55718e-39
5.69008e-39
5.79244e-39
5.86624e-39
5.91352e-39
5.9364e-39
5.93698e-39
5.91733e-39
5.87945e-39
5.82527e-39
5.75663e-39
5.67527e-39
5.5828e-39
5.48075e-39
3.6298e-38
8.6029e-38
1.24639e-37
1.7864e-37
2.53711e-37
3.57531e-37
5.0046e-37
6.96449e-37
9.64241e-37
1.32898e-36
1.82433e-36
2.49527e-36
3.40175e-36
4.62356e-36
6.26657e-36
8.47085e-36
1.14212e-35
1.53604e-35
2.0606e-35
2.75713e-35
3.67903e-35
4.89479e-35
6.49136e-35
8.57776e-35
1.12885e-34
1.47864e-34
1.92626e-34
2.4934e-34
3.20324e-34
4.07846e-34
5.13762e-34
6.38935e-34
7.82391e-34
9.40138e-34
1.10365e-33
1.25806e-33
1.38021e-33
1.43682e-33
1.38327e-33
1.16372e-33
7.14187e-34
2.79622e-34
