-5.39002e-40
-7.09655e-39
-2.33407e-38
-4.68965e-38
-7.53529e-38
-1.06784e-37
-1.39667e-37
-1.72813e-37
-2.0531e-37
-2.36471e-37
-2.65796e-37
-2.92934e-37
-3.17657e-37
-3.39832e-37
-3.59406e-37
-3.76383e-37
-3.90816e-37
-4.02793e-37
-4.12425e-37
-4.19844e-37
-4.25192e-37
-4.28619e-37
-4.30277e-37
-4.30319e-37
-4.28894e-37
-4.26148e-37
-4.2222e-37
-4.17245e-37
-4.11347e-37
-4.04645e-37
-3.97248e-37
-2.63089e-36
-6.23535e-36
-9.03369e-36
-1.29474e-35
-1.8388e-35
-2.59118e-35
-3.62694e-35
-5.04712e-35
-6.98747e-35
-9.63004e-35
-1.32185e-34
-1.80783e-34
-2.46432e-34
-3.34899e-34
-4.53835e-34
-6.13353e-34
-8.26785e-34
-1.11163e-33
-1.49073e-33
-1.99379e-33
-2.65911e-33
-3.53567e-33
-4.68548e-33
-6.186e-33
-8.13238e-33
-1.0639e-32
-1.38392e-32
-1.78826e-32
-2.29269e-32
-2.91225e-32
-3.6586e-32
-4.53599e-32
-5.53527e-32
-6.62602e-32
-7.74649e-32
-8.79206e-32
-9.6031e-32
-9.9538e-32
-9.54476e-32
-8.00334e-32
-4.90074e-32
-9.18287e-33
2.84836e-17
1.92583e-14
3.75761e-14
5.50214e-14
7.16354e-14
8.74578e-14
1.02526e-13
1.16876e-13
1.30542e-13
1.43557e-13
1.55951e-13
1.67754e-13
1.78995e-13
1.897e-13
1.99894e-13
2.09602e-13
2.18848e-13
2.27652e-13
2.36037e-13
2.44022e-13
2.51627e-13
2.58869e-13
2.65765e-13
2.72333e-13
2.78588e-13
2.84545e-13
2.90217e-13
2.9562e-13
3.00765e-13
3.05664e-13
3.1033e-13
3.14774e-13
3.637e-13
4.17487e-13
4.7661e-13
5.41586e-13
6.12978e-13
6.91398e-13
7.77507e-13
8.72021e-13
9.75705e-13
1.08938e-12
1.21391e-12
1.3502e-12
1.4992e-12
1.66185e-12
1.83911e-12
2.03188e-12
2.24097e-12
2.46705e-12
2.71055e-12
2.97154e-12
3.24961e-12
3.54367e-12
3.85174e-12
4.17067e-12
4.49581e-12
4.82071e-12
5.13669e-12
5.43254e-12
5.69429e-12
5.90505e-12
6.0453e-12
6.09342e-12
6.02687e-12
5.82382e-12
5.46544e-12
4.93841e-12
4.23757e-12
3.36826e-12
2.34812e-12
1.20898e-12
-5.23767e-32
5.95522e-17
4.02639e-14
7.85618e-14
1.15035e-13
1.49771e-13
1.82851e-13
2.14354e-13
2.44356e-13
2.72928e-13
3.00137e-13
3.2605e-13
3.50727e-13
3.74227e-13
3.96607e-13
4.1792e-13
4.38216e-13
4.57545e-13
4.75952e-13
4.93482e-13
5.10176e-13
5.26074e-13
5.41214e-13
5.55632e-13
5.69362e-13
5.82439e-13
5.94891e-13
6.0675e-13
6.18044e-13
6.288e-13
6.39043e-13
6.48797e-13
6.58087e-13
7.60365e-13
8.72803e-13
9.96388e-13
1.1322e-12
1.28141e-12
1.44529e-12
1.62523e-12
1.82269e-12
2.03927e-12
2.27667e-12
2.53667e-12
2.82113e-12
3.13197e-12
3.47114e-12
3.84053e-12
4.24194e-12
4.67693e-12
5.14672e-12
5.65199e-12
6.19262e-12
6.7674e-12
7.37364e-12
8.00669e-12
8.65937e-12
9.32135e-12
9.97842e-12
1.06119e-11
1.11978e-11
1.17069e-11
1.21043e-11
1.23506e-11
1.24031e-11
1.22185e-11
1.17566e-11
1.09843e-11
9.88107e-12
8.44261e-12
6.68466e-12
4.64517e-12
2.38637e-12
-9.52472e-32
9.74298e-17
6.58724e-14
1.28528e-13
1.88199e-13
2.45026e-13
2.99145e-13
3.50684e-13
3.99767e-13
4.46509e-13
4.91023e-13
5.33415e-13
5.73785e-13
6.1223e-13
6.48842e-13
6.83708e-13
7.16911e-13
7.48531e-13
7.78643e-13
8.07319e-13
8.34628e-13
8.60634e-13
8.85401e-13
9.08986e-13
9.31447e-13
9.52837e-13
9.73207e-13
9.92607e-13
1.01108e-12
1.02867e-12
1.04543e-12
1.06139e-12
1.07658e-12
1.24388e-12
1.42778e-12
1.6299e-12
1.852e-12
2.09597e-12
2.3639e-12
2.65801e-12
2.9807e-12
3.33454e-12
3.72224e-12
4.14666e-12
4.61077e-12
5.11759e-12
5.67013e-12
6.27132e-12
6.92381e-12
7.62985e-12
8.39097e-12
9.20773e-12
1.00792e-11
1.10026e-11
1.19725e-11
1.29799e-11
1.40118e-11
1.50497e-11
1.60687e-11
1.7037e-11
1.79147e-11
1.86539e-11
1.91993e-11
1.94902e-11
1.94632e-11
1.90572e-11
1.82192e-11
1.69101e-11
1.51117e-11
1.28308e-11
1.01017e-11
6.98701e-12
3.57798e-12
-1.30194e-31
1.46213e-16
9.88523e-14
1.92877e-13
2.82422e-13
3.677e-13
4.48914e-13
5.26255e-13
5.9991e-13
6.70052e-13
7.3685e-13
8.00462e-13
8.6104e-13
9.18729e-13
9.73667e-13
1.02598e-12
1.07581e-12
1.12325e-12
1.16844e-12
1.21146e-12
1.25244e-12
1.29146e-12
1.32862e-12
1.36401e-12
1.39771e-12
1.4298e-12
1.46037e-12
1.48947e-12
1.51719e-12
1.54359e-12
1.56873e-12
1.59267e-12
1.61547e-12
1.86646e-12
2.14234e-12
2.44552e-12
2.77861e-12
3.14446e-12
3.54614e-12
3.98696e-12
4.47046e-12
5.00041e-12
5.5808e-12
6.21577e-12
6.9096e-12
7.66658e-12
8.49095e-12
9.38664e-12
1.03571e-11
1.14051e-11
1.25319e-11
1.37374e-11
1.50187e-11
1.63699e-11
1.77807e-11
1.92355e-11
2.07119e-11
2.21793e-11
2.35981e-11
2.49182e-11
2.60789e-11
2.70096e-11
2.7632e-11
2.78631e-11
2.76215e-11
2.68341e-11
2.54443e-11
2.34195e-11
2.07571e-11
1.74873e-11
1.36724e-11
9.40337e-12
4.79677e-12
-1.58787e-31
2.10604e-16
1.42382e-13
2.77812e-13
4.06788e-13
5.29617e-13
6.46591e-13
7.57987e-13
8.64072e-13
9.65097e-13
1.0613e-12
1.15292e-12
1.24017e-12
1.32326e-12
1.40238e-12
1.47773e-12
1.54948e-12
1.61781e-12
1.68288e-12
1.74484e-12
1.80385e-12
1.86005e-12
1.91356e-12
1.96452e-12
2.01306e-12
2.05927e-12
2.10328e-12
2.1452e-12
2.18511e-12
2.22312e-12
2.25932e-12
2.29379e-12
2.32662e-12
2.68801e-12
3.0852e-12
3.52163e-12
4.00103e-12
4.52746e-12
5.10529e-12
5.73921e-12
6.43421e-12
7.19558e-12
8.02888e-12
8.93982e-12
9.93423e-12
1.10179e-11
1.21962e-11
1.34742e-11
1.48559e-11
1.63437e-11
1.79383e-11
1.96372e-11
2.14338e-11
2.33167e-11
2.52674e-11
2.72594e-11
2.92561e-11
3.12094e-11
3.30581e-11
3.47281e-11
3.61323e-11
3.71734e-11
3.77481e-11
3.77538e-11
3.70973e-11
3.57044e-11
3.35295e-11
3.05626e-11
2.6833e-11
2.24073e-11
1.73832e-11
1.18805e-11
6.03456e-12
-1.81628e-31
2.96497e-16
2.00444e-13
3.91099e-13
5.72668e-13
7.45582e-13
9.10252e-13
1.06707e-12
1.21641e-12
1.35862e-12
1.49405e-12
1.62302e-12
1.74583e-12
1.86279e-12
1.97416e-12
2.08022e-12
2.18121e-12
2.27739e-12
2.36898e-12
2.45619e-12
2.53925e-12
2.61834e-12
2.69366e-12
2.76539e-12
2.83369e-12
2.89873e-12
2.96067e-12
3.01966e-12
3.07583e-12
3.12933e-12
3.18027e-12
3.22878e-12
3.27498e-12
3.78352e-12
4.34236e-12
4.95629e-12
5.63052e-12
6.3707e-12
7.18285e-12
8.07344e-12
9.04933e-12
1.01177e-11
1.12861e-11
1.2562e-11
1.39531e-11
1.54667e-11
1.71095e-11
1.88872e-11
2.08036e-11
2.28603e-11
2.50551e-11
2.73812e-11
2.98253e-11
3.23662e-11
3.49725e-11
3.76005e-11
4.01923e-11
4.26744e-11
4.49568e-11
4.69336e-11
4.84863e-11
4.94885e-11
4.98144e-11
4.93491e-11
4.80003e-11
4.571e-11
4.24636e-11
3.82932e-11
3.32761e-11
2.75256e-11
2.11782e-11
1.4379e-11
7.27127e-12
-1.98965e-31
4.11575e-16
2.78229e-13
5.42869e-13
7.94896e-13
1.03491e-12
1.26347e-12
1.48114e-12
1.68842e-12
1.8858e-12
2.07377e-12
2.25277e-12
2.42322e-12
2.58554e-12
2.74011e-12
2.8873e-12
3.02746e-12
3.16093e-12
3.28803e-12
3.40906e-12
3.52432e-12
3.63407e-12
3.73858e-12
3.83811e-12
3.93289e-12
4.02314e-12
4.10909e-12
4.19093e-12
4.26887e-12
4.34309e-12
4.41377e-12
4.48108e-12
4.54518e-12
5.25069e-12
6.02583e-12
6.8772e-12
7.81194e-12
8.83773e-12
9.96278e-12
1.11958e-11
1.25461e-11
1.4023e-11
1.56365e-11
1.73964e-11
1.93121e-11
2.13926e-11
2.36454e-11
2.6076e-11
2.86872e-11
3.14773e-11
3.44388e-11
3.75568e-11
4.08064e-11
4.41503e-11
4.75365e-11
5.08957e-11
5.41392e-11
5.71582e-11
5.98249e-11
6.19954e-11
6.35165e-11
6.42354e-11
6.40123e-11
6.27354e-11
6.03343e-11
5.67912e-11
5.21458e-11
4.64923e-11
3.99689e-11
3.27407e-11
2.49802e-11
1.6848e-11
8.48217e-12
-2.11018e-31
5.66057e-16
3.82639e-13
7.46587e-13
1.09319e-12
1.42326e-12
1.73759e-12
2.03691e-12
2.32196e-12
2.59339e-12
2.85187e-12
3.09801e-12
3.33239e-12
3.55558e-12
3.76811e-12
3.97049e-12
4.1632e-12
4.34671e-12
4.52145e-12
4.68785e-12
4.84631e-12
4.99719e-12
5.14087e-12
5.27769e-12
5.40798e-12
5.53205e-12
5.65019e-12
5.7627e-12
5.86983e-12
5.97185e-12
6.069e-12
6.16152e-12
6.24962e-12
7.21923e-12
8.2843e-12
9.45379e-12
1.07374e-11
1.21453e-11
1.36887e-11
1.53791e-11
1.72286e-11
1.92496e-11
2.14546e-11
2.38559e-11
2.64648e-11
2.92913e-11
3.2343e-11
3.56239e-11
3.91329e-11
4.28621e-11
4.6794e-11
5.08994e-11
5.51342e-11
5.9436e-11
6.37214e-11
6.78837e-11
7.17913e-11
7.52895e-11
7.82041e-11
8.03496e-11
8.1541e-11
8.16095e-11
8.04202e-11
7.78896e-11
7.39981e-11
6.87968e-11
6.24037e-11
5.49909e-11
4.67637e-11
3.79359e-11
2.87059e-11
1.92361e-11
9.64307e-12
-2.18124e-31
7.73648e-16
5.22928e-13
1.02031e-12
1.49398e-12
1.94505e-12
2.3746e-12
2.78365e-12
3.17317e-12
3.54408e-12
3.89728e-12
4.2336e-12
4.55386e-12
4.85881e-12
5.14919e-12
5.42569e-12
5.68898e-12
5.93969e-12
6.17842e-12
6.40574e-12
6.62219e-12
6.82831e-12
7.02458e-12
7.21147e-12
7.38943e-12
7.55889e-12
7.72026e-12
7.87392e-12
8.02025e-12
8.15958e-12
8.29227e-12
8.41861e-12
8.53893e-12
9.86293e-12
1.13169e-11
1.29128e-11
1.46637e-11
1.65833e-11
1.8686e-11
2.09871e-11
2.35022e-11
2.62471e-11
2.92371e-11
3.2487e-11
3.60094e-11
3.98144e-11
4.39078e-11
4.82891e-11
5.29495e-11
5.78688e-11
6.30125e-11
6.83277e-11
7.37396e-11
7.91476e-11
8.44226e-11
8.94054e-11
9.39084e-11
9.77204e-11
1.00617e-10
1.02373e-10
1.02785e-10
1.01692e-10
9.89941e-11
9.46713e-11
8.87901e-11
8.14995e-11
7.3015e-11
6.35934e-11
5.35036e-11
4.2996e-11
3.22785e-11
2.14981e-11
1.07337e-11
-2.2077e-31
1.05283e-15
7.11569e-13
1.38837e-12
2.0329e-12
2.64667e-12
3.23115e-12
3.78771e-12
4.31769e-12
4.82234e-12
5.30287e-12
5.76042e-12
6.19611e-12
6.61096e-12
7.00597e-12
7.38209e-12
7.74023e-12
8.08124e-12
8.40594e-12
8.71512e-12
9.00951e-12
9.28983e-12
9.55674e-12
9.8109e-12
1.00529e-11
1.02833e-11
1.05028e-11
1.07117e-11
1.09107e-11
1.11001e-11
1.12805e-11
1.14523e-11
1.16159e-11
1.34157e-11
1.53914e-11
1.75593e-11
1.99363e-11
2.25405e-11
2.5391e-11
2.85072e-11
3.19088e-11
3.56153e-11
3.9645e-11
4.40145e-11
4.87365e-11
5.38189e-11
5.92621e-11
6.50562e-11
7.11776e-11
7.75851e-11
8.42154e-11
9.09781e-11
9.77515e-11
1.04379e-10
1.10667e-10
1.16389e-10
1.21286e-10
1.25087e-10
1.27519e-10
1.28336e-10
1.27342e-10
1.24422e-10
1.19554e-10
1.12825e-10
1.04424e-10
9.46185e-11
8.37317e-11
7.20999e-11
6.00401e-11
4.78198e-11
3.56351e-11
2.35993e-11
1.17392e-11
-1.20676e-31
1.07857e-15
7.28963e-13
1.42231e-12
2.08259e-12
2.71137e-12
3.31013e-12
3.88029e-12
4.42321e-12
4.94019e-12
5.43246e-12
5.9012e-12
6.34752e-12
6.7725e-12
7.17716e-12
7.56247e-12
7.92934e-12
8.27868e-12
8.6113e-12
8.92803e-12
9.2296e-12
9.51676e-12
9.79018e-12
1.00505e-11
1.02984e-11
1.05345e-11
1.07593e-11
1.09733e-11
1.11771e-11
1.13712e-11
1.1556e-11
1.1732e-11
1.18995e-11
1.37431e-11
1.5767e-11
1.79874e-11
2.0422e-11
2.30893e-11
2.60084e-11
2.91994e-11
3.26823e-11
3.64769e-11
4.06017e-11
4.50732e-11
4.99043e-11
5.51025e-11
6.06675e-11
6.65883e-11
7.284e-11
7.9379e-11
8.6139e-11
9.30261e-11
9.99139e-11
1.0664e-10
1.13007e-10
1.18779e-10
1.23694e-10
1.27473e-10
1.29844e-10
1.30557e-10
1.2942e-10
1.26323e-10
1.21253e-10
1.14306e-10
1.05683e-10
9.56626e-11
8.45744e-11
7.27614e-11
6.05434e-11
4.81879e-11
3.58893e-11
2.37575e-11
1.18146e-11
-1.71086e-32
1.42799e-15
9.65028e-13
1.8829e-12
2.75698e-12
3.58935e-12
4.38196e-12
5.13669e-12
5.85535e-12
6.53964e-12
7.1912e-12
7.81159e-12
8.40229e-12
8.96473e-12
9.50025e-12
1.00101e-11
1.04956e-11
1.09579e-11
1.1398e-11
1.18171e-11
1.22161e-11
1.2596e-11
1.29577e-11
1.33021e-11
1.36301e-11
1.39424e-11
1.42397e-11
1.45228e-11
1.47924e-11
1.50491e-11
1.52935e-11
1.55262e-11
1.57478e-11
1.81857e-11
2.08608e-11
2.37944e-11
2.7009e-11
3.05281e-11
3.43761e-11
3.85774e-11
4.31565e-11
4.81365e-11
5.3538e-11
5.93776e-11
6.56658e-11
7.24039e-11
7.95809e-11
8.7169e-11
9.5119e-11
1.03354e-10
1.11766e-10
1.20207e-10
1.28485e-10
1.36366e-10
1.43573e-10
1.49792e-10
1.5469e-10
1.57938e-10
1.59235e-10
1.58346e-10
1.55133e-10
1.49575e-10
1.41784e-10
1.31998e-10
1.20552e-10
1.07848e-10
9.43063e-11
8.0326e-11
6.62471e-11
5.23278e-11
3.87305e-11
2.55172e-11
1.26507e-11
-1.75538e-32
1.9326e-15
1.30587e-12
2.54792e-12
3.73069e-12
4.85698e-12
5.92945e-12
6.95063e-12
7.92296e-12
8.84876e-12
9.73023e-12
1.05695e-11
1.13686e-11
1.21293e-11
1.28537e-11
1.35433e-11
1.41999e-11
1.4825e-11
1.54202e-11
1.59869e-11
1.65264e-11
1.70401e-11
1.75292e-11
1.79949e-11
1.84382e-11
1.88604e-11
1.92623e-11
1.9645e-11
2.00093e-11
2.03563e-11
2.06866e-11
2.10012e-11
2.13007e-11
2.45945e-11
2.82071e-11
3.21664e-11
3.65015e-11
4.12426e-11
4.64202e-11
5.20648e-11
5.82052e-11
6.48675e-11
7.20728e-11
7.98347e-11
8.81559e-11
9.7024e-11
1.06406e-10
1.16243e-10
1.26443e-10
1.36873e-10
1.47354e-10
1.57653e-10
1.67483e-10
1.76506e-10
1.84339e-10
1.90575e-10
1.94812e-10
1.96683e-10
1.95905e-10
1.92311e-10
1.85882e-10
1.76762e-10
1.65248e-10
1.5176e-10
1.36796e-10
1.20881e-10
1.04511e-10
8.81162e-11
7.20271e-11
5.64653e-11
4.15375e-11
2.72404e-11
1.34648e-11
-1.77247e-32
2.61061e-15
1.76373e-12
3.44124e-12
5.03866e-12
6.55975e-12
8.0081e-12
9.38713e-12
1.07001e-11
1.19502e-11
1.31404e-11
1.42735e-11
1.53523e-11
1.63793e-11
1.73571e-11
1.8288e-11
1.91742e-11
2.00179e-11
2.08211e-11
2.15858e-11
2.23138e-11
2.3007e-11
2.36668e-11
2.42951e-11
2.48932e-11
2.54626e-11
2.60048e-11
2.6521e-11
2.70125e-11
2.74804e-11
2.79259e-11
2.83501e-11
2.8754e-11
3.31945e-11
3.80618e-11
4.33922e-11
4.92229e-11
5.5592e-11
6.25373e-11
7.00948e-11
7.82973e-11
8.71715e-11
9.67353e-11
1.06993e-10
1.17931e-10
1.2951e-10
1.41659e-10
1.54267e-10
1.67173e-10
1.80158e-10
1.92939e-10
2.05165e-10
2.16421e-10
2.26238e-10
2.34119e-10
2.39568e-10
2.4214e-10
2.41487e-10
2.3741e-10
2.29891e-10
2.19113e-10
2.05448e-10
1.8942e-10
1.71648e-10
1.52782e-10
1.33441e-10
1.14158e-10
9.53531e-11
7.73152e-11
6.02015e-11
4.40455e-11
2.87676e-11
1.41825e-11
-1.03027e-32
2.75732e-15
1.86279e-12
3.63451e-12
5.32164e-12
6.92814e-12
8.4578e-12
9.91424e-12
1.13009e-11
1.26212e-11
1.38781e-11
1.50748e-11
1.6214e-11
1.72987e-11
1.83312e-11
1.93143e-11
2.02501e-11
2.11411e-11
2.19893e-11
2.27968e-11
2.35656e-11
2.42975e-11
2.49943e-11
2.56576e-11
2.62892e-11
2.68905e-11
2.7463e-11
2.8008e-11
2.85269e-11
2.9021e-11
2.94914e-11
2.99393e-11
3.03657e-11
3.50538e-11
4.01921e-11
4.58181e-11
5.19711e-11
5.86907e-11
6.60158e-11
7.39837e-11
8.26276e-11
9.1974e-11
1.02039e-10
1.12825e-10
1.24314e-10
1.3646e-10
1.49182e-10
1.62357e-10
1.75807e-10
1.89295e-10
2.02513e-10
2.15084e-10
2.26567e-10
2.36468e-10
2.44267e-10
2.49456e-10
2.51586e-10
2.50322e-10
2.45489e-10
2.37107e-10
2.25405e-10
2.10803e-10
1.93869e-10
1.7526e-10
1.55649e-10
1.35666e-10
1.15848e-10
9.66091e-11
7.82253e-11
6.08399e-11
4.44715e-11
2.90258e-11
1.43035e-11
-4.2459e-33
3.5181e-15
2.3764e-12
4.63659e-12
6.78882e-12
8.83813e-12
1.07894e-11
1.26471e-11
1.44158e-11
1.60996e-11
1.77027e-11
1.92287e-11
2.06815e-11
2.20645e-11
2.33811e-11
2.46344e-11
2.58275e-11
2.69633e-11
2.80445e-11
2.90738e-11
3.00537e-11
3.09865e-11
3.18745e-11
3.27198e-11
3.35246e-11
3.42908e-11
3.50202e-11
3.57146e-11
3.63757e-11
3.70051e-11
3.76043e-11
3.81748e-11
3.8718e-11
4.46878e-11
5.12268e-11
5.83813e-11
6.61985e-11
7.47252e-11
8.40068e-11
9.40841e-11
1.04991e-10
1.16752e-10
1.29372e-10
1.42837e-10
1.57102e-10
1.72082e-10
1.87642e-10
2.03588e-10
2.19654e-10
2.35494e-10
2.50679e-10
2.64699e-10
2.76981e-10
2.8691e-10
2.93878e-10
2.97336e-10
2.96856e-10
2.92194e-10
2.83332e-10
2.70503e-10
2.54172e-10
2.34993e-10
2.13736e-10
1.91209e-10
1.68175e-10
1.45299e-10
1.23105e-10
1.0196e-10
8.20776e-11
6.35276e-11
4.62573e-11
3.01048e-11
1.4808e-11
-5.86781e-33
4.73426e-15
3.19717e-12
6.23793e-12
9.13336e-12
1.18902e-11
1.4515e-11
1.70138e-11
1.93927e-11
2.16574e-11
2.38131e-11
2.58652e-11
2.78186e-11
2.9678e-11
3.14479e-11
3.31327e-11
3.47363e-11
3.62628e-11
3.77158e-11
3.90988e-11
4.04154e-11
4.16685e-11
4.28615e-11
4.3997e-11
4.5078e-11
4.61069e-11
4.70865e-11
4.8019e-11
4.89066e-11
4.97517e-11
5.05562e-11
5.13221e-11
5.20512e-11
6.00616e-11
6.88281e-11
7.84093e-11
8.88634e-11
1.00247e-10
1.12611e-10
1.26e-10
1.40442e-10
1.5595e-10
1.72507e-10
1.90059e-10
2.08507e-10
2.27689e-10
2.47369e-10
2.67224e-10
2.86833e-10
3.05671e-10
3.23114e-10
3.38454e-10
3.50938e-10
3.59811e-10
3.64396e-10
3.64163e-10
3.58807e-10
3.48311e-10
3.32963e-10
3.13346e-10
2.90273e-10
2.64703e-10
2.37639e-10
2.10028e-10
1.82693e-10
1.56285e-10
1.31262e-10
1.079e-10
8.63068e-11
6.64516e-11
4.81859e-11
3.12638e-11
1.5348e-11
-6.12673e-33
6.36162e-15
4.29501e-12
8.37981e-12
1.22692e-11
1.59723e-11
1.94978e-11
2.28538e-11
2.60485e-11
2.90895e-11
3.1984e-11
3.47391e-11
3.73613e-11
3.98571e-11
4.22325e-11
4.44934e-11
4.66452e-11
4.86932e-11
5.06425e-11
5.24977e-11
5.42635e-11
5.59442e-11
5.75438e-11
5.90664e-11
6.05156e-11
6.18951e-11
6.32081e-11
6.44579e-11
6.56476e-11
6.678e-11
6.7858e-11
6.88842e-11
6.9861e-11
8.05877e-11
9.23147e-11
1.05114e-10
1.19057e-10
1.34208e-10
1.50621e-10
1.68337e-10
1.8737e-10
2.07705e-10
2.2928e-10
2.51976e-10
2.756e-10
2.99867e-10
3.24386e-10
3.48643e-10
3.71998e-10
3.93686e-10
4.12836e-10
4.28518e-10
4.39801e-10
4.45841e-10
4.45978e-10
4.39831e-10
4.27372e-10
4.08958e-10
3.85313e-10
3.57449e-10
3.2656e-10
2.93891e-10
2.6062e-10
2.27764e-10
1.9613e-10
1.66288e-10
1.38583e-10
1.13165e-10
9.00167e-11
6.89941e-11
4.98511e-11
3.22592e-11
1.58102e-11
-5.74035e-33
8.53374e-15
5.75965e-12
1.12373e-11
1.64527e-11
2.14179e-11
2.61445e-11
3.06437e-11
3.49262e-11
3.90021e-11
4.28812e-11
4.6573e-11
5.00865e-11
5.343e-11
5.6612e-11
5.964e-11
6.25216e-11
6.52639e-11
6.78736e-11
7.03571e-11
7.27205e-11
7.49697e-11
7.71103e-11
7.91474e-11
8.10862e-11
8.29314e-11
8.46876e-11
8.6359e-11
8.79499e-11
8.9464e-11
9.09053e-11
9.22771e-11
9.35828e-11
1.07912e-10
1.23559e-10
1.4061e-10
1.59146e-10
1.79238e-10
2.00937e-10
2.24265e-10
2.49208e-10
2.75696e-10
3.03588e-10
3.32655e-10
3.62553e-10
3.92811e-10
4.22804e-10
4.5175e-10
4.78714e-10
5.02626e-10
5.22336e-10
5.36691e-10
5.44639e-10
5.45351e-10
5.38344e-10
5.23572e-10
5.01467e-10
4.72921e-10
4.39193e-10
4.01768e-10
3.62194e-10
3.21938e-10
2.82263e-10
2.44166e-10
2.08353e-10
1.75256e-10
1.45065e-10
1.17776e-10
9.32363e-11
7.11839e-11
5.12768e-11
3.31076e-11
1.62031e-11
-5.35046e-33
1.14263e-14
7.70895e-12
1.50402e-11
2.20201e-11
2.86648e-11
3.49895e-11
4.10093e-11
4.67384e-11
5.21904e-11
5.73786e-11
6.23155e-11
6.70132e-11
7.14831e-11
7.57362e-11
7.97831e-11
8.36336e-11
8.72973e-11
9.07834e-11
9.41004e-11
9.72565e-11
1.0026e-10
1.03117e-10
1.05837e-10
1.08424e-10
1.10886e-10
1.1323e-10
1.1546e-10
1.17582e-10
1.19601e-10
1.21523e-10
1.23352e-10
1.25093e-10
1.44185e-10
1.65001e-10
1.87641e-10
2.12196e-10
2.38732e-10
2.67283e-10
2.97836e-10
3.30313e-10
3.6455e-10
4.00275e-10
4.3708e-10
4.74393e-10
5.1146e-10
5.4733e-10
5.80858e-10
6.10731e-10
6.35529e-10
6.53821e-10
6.64293e-10
6.659e-10
6.58019e-10
6.4057e-10
6.14068e-10
5.79608e-10
5.38744e-10
4.93323e-10
4.45273e-10
3.96419e-10
3.48336e-10
3.02262e-10
2.59073e-10
2.19302e-10
1.83188e-10
1.50735e-10
1.21772e-10
9.60044e-11
7.30547e-11
5.24885e-11
3.38259e-11
1.65349e-11
-4.96549e-33
1.52698e-14
1.02973e-11
2.00898e-11
2.94124e-11
3.82863e-11
4.67322e-11
5.47698e-11
6.24181e-11
6.96956e-11
7.66197e-11
8.32073e-11
8.94746e-11
9.54369e-11
1.01109e-10
1.06505e-10
1.11638e-10
1.16522e-10
1.21167e-10
1.25587e-10
1.29791e-10
1.33791e-10
1.37597e-10
1.41218e-10
1.44662e-10
1.4794e-10
1.51058e-10
1.54025e-10
1.56848e-10
1.59535e-10
1.62091e-10
1.64523e-10
1.66838e-10
1.92203e-10
2.19807e-10
2.49764e-10
2.82162e-10
3.1705e-10
3.54418e-10
3.94183e-10
4.36156e-10
4.80017e-10
5.25279e-10
5.7126e-10
6.17048e-10
6.61489e-10
7.03186e-10
7.4053e-10
7.71767e-10
7.95121e-10
8.08946e-10
8.1192e-10
8.03234e-10
7.82747e-10
7.51065e-10
7.09517e-10
6.60019e-10
6.0486e-10
5.4644e-10
4.87036e-10
4.28612e-10
3.72711e-10
3.20424e-10
2.72413e-10
2.28974e-10
1.90118e-10
1.55642e-10
1.25203e-10
9.83651e-11
7.46414e-11
5.35118e-11
3.44307e-11
1.68136e-11
-4.59163e-33
2.03658e-14
1.37264e-11
2.67793e-11
3.92049e-11
5.10313e-11
6.22858e-11
7.29946e-11
8.31831e-11
9.28758e-11
1.02096e-10
1.10867e-10
1.19209e-10
1.27143e-10
1.3469e-10
1.41868e-10
1.48695e-10
1.55188e-10
1.61363e-10
1.67237e-10
1.72824e-10
1.78137e-10
1.83192e-10
1.88e-10
1.92573e-10
1.96923e-10
2.01062e-10
2.04999e-10
2.08744e-10
2.12307e-10
2.15698e-10
2.18923e-10
2.21992e-10
2.55585e-10
2.92068e-10
3.31555e-10
3.74114e-10
4.19747e-10
4.68366e-10
5.19756e-10
5.73543e-10
6.29154e-10
6.85773e-10
7.42306e-10
7.97357e-10
8.49226e-10
8.95939e-10
9.35338e-10
9.65214e-10
9.83503e-10
9.88526e-10
9.79224e-10
9.55362e-10
9.17636e-10
8.67651e-10
8.07759e-10
7.40788e-10
6.69725e-10
5.9741e-10
5.26297e-10
4.58316e-10
3.94829e-10
3.36663e-10
2.84187e-10
2.37417e-10
1.96108e-10
1.59849e-10
1.28124e-10
1.00364e-10
7.59788e-11
5.43713e-11
3.49372e-11
1.70467e-11
-4.2332e-33
2.71075e-14
1.82586e-11
3.56203e-11
5.21463e-11
6.78734e-11
8.28377e-11
9.70738e-11
1.10616e-10
1.23496e-10
1.35745e-10
1.47394e-10
1.58472e-10
1.69005e-10
1.79022e-10
1.88545e-10
1.97601e-10
2.06212e-10
2.144e-10
2.22185e-10
2.29589e-10
2.36628e-10
2.43323e-10
2.49689e-10
2.55744e-10
2.61502e-10
2.66978e-10
2.72186e-10
2.7714e-10
2.81852e-10
2.86335e-10
2.90598e-10
2.94654e-10
3.38999e-10
3.87037e-10
4.38866e-10
4.94502e-10
5.53856e-10
6.16689e-10
6.8257e-10
7.50827e-10
8.20493e-10
8.9026e-10
9.58444e-10
1.02298e-09
1.08146e-09
1.13122e-09
1.16952e-09
1.19376e-09
1.20181e-09
1.19226e-09
1.16475e-09
1.12004e-09
1.06008e-09
9.87717e-10
9.06465e-10
8.2003e-10
7.31952e-10
6.45302e-10
5.62497e-10
4.85246e-10
4.14585e-10
3.5098e-10
2.94452e-10
2.44706e-10
2.01239e-10
1.63428e-10
1.30595e-10
1.02047e-10
7.71002e-11
5.50897e-11
3.53597e-11
1.72408e-11
-3.89306e-33
3.60047e-14
2.42332e-11
4.72745e-11
6.92044e-11
9.00713e-11
1.09922e-10
1.28804e-10
1.4676e-10
1.63834e-10
1.80069e-10
1.95503e-10
2.10175e-10
2.24123e-10
2.37382e-10
2.49985e-10
2.61965e-10
2.73353e-10
2.84178e-10
2.94468e-10
3.0425e-10
3.13549e-10
3.2239e-10
3.30794e-10
3.38784e-10
3.46382e-10
3.53605e-10
3.60474e-10
3.67005e-10
3.73216e-10
3.79122e-10
3.8474e-10
3.90082e-10
4.4841e-10
5.11409e-10
5.79122e-10
6.51464e-10
7.28175e-10
8.08767e-10
8.92456e-10
9.78106e-10
1.06416e-09
1.1486e-09
1.22892e-09
1.3022e-09
1.36514e-09
1.41434e-09
1.44654e-09
1.45899e-09
1.44985e-09
1.41853e-09
1.36587e-09
1.29416e-09
1.20691e-09
1.10843e-09
1.00334e-09
8.96049e-10
7.90404e-10
6.89436e-10
5.95292e-10
5.09278e-10
4.31985e-10
3.63447e-10
3.03305e-10
2.50941e-10
2.05597e-10
1.6645e-10
1.32671e-10
1.03455e-10
7.80358e-11
5.56876e-11
3.57106e-11
1.74019e-11
-3.57289e-33
4.77135e-14
3.20856e-11
6.2591e-11
9.16214e-11
1.1924e-10
1.45508e-10
1.70488e-10
1.94237e-10
2.16812e-10
2.38271e-10
2.58664e-10
2.78045e-10
2.96463e-10
3.13964e-10
3.30594e-10
3.46396e-10
3.61411e-10
3.75679e-10
3.89238e-10
4.02122e-10
4.14366e-10
4.26001e-10
4.3706e-10
4.4757e-10
4.5756e-10
4.67056e-10
4.76082e-10
4.84662e-10
4.92819e-10
5.00575e-10
5.07948e-10
5.14959e-10
5.91377e-10
6.73626e-10
7.61638e-10
8.55139e-10
9.53581e-10
1.05607e-09
1.16127e-09
1.26735e-09
1.3719e-09
1.47191e-09
1.56379e-09
1.64353e-09
1.70689e-09
1.74975e-09
1.76858e-09
1.76094e-09
1.7259e-09
1.66432e-09
1.57891e-09
1.47393e-09
1.35471e-09
1.227e-09
1.0963e-09
9.67451e-10
8.44247e-10
7.29391e-10
6.24531e-10
5.30422e-10
4.47119e-10
3.74187e-10
3.10867e-10
2.56231e-10
2.09272e-10
1.68986e-10
1.34407e-10
1.04628e-10
7.88131e-11
5.61833e-11
3.60011e-11
1.75351e-11
-3.27346e-33
6.3071e-14
4.23697e-11
8.26495e-11
1.20976e-10
1.57432e-10
1.92097e-10
2.25051e-10
2.56372e-10
2.86136e-10
3.14416e-10
3.41283e-10
3.66806e-10
3.9105e-10
4.14078e-10
4.35951e-10
4.56726e-10
4.76458e-10
4.95201e-10
5.13004e-10
5.29914e-10
5.45978e-10
5.61238e-10
5.75735e-10
5.89509e-10
6.02595e-10
6.15029e-10
6.26845e-10
6.38073e-10
6.48744e-10
6.58886e-10
6.68525e-10
6.77688e-10
7.77366e-10
8.84214e-10
9.97956e-10
1.11799e-09
1.24331e-09
1.37237e-09
1.50304e-09
1.63244e-09
1.75697e-09
1.8723e-09
1.97348e-09
2.05526e-09
2.11244e-09
2.14048e-09
2.13608e-09
2.09782e-09
2.0265e-09
1.92527e-09
1.7993e-09
1.65518e-09
1.50005e-09
1.34086e-09
1.18365e-09
1.03322e-09
8.92967e-10
7.64985e-10
6.50229e-10
5.48791e-10
4.60139e-10
3.83348e-10
3.17274e-10
2.60685e-10
2.12352e-10
1.71103e-10
1.3585e-10
1.05601e-10
7.94564e-11
5.65928e-11
3.62408e-11
1.76449e-11
-2.99491e-33
8.31331e-14
5.57815e-11
1.08806e-10
1.59252e-10
2.07224e-10
2.52827e-10
2.96165e-10
3.37341e-10
3.76454e-10
4.13601e-10
4.48877e-10
4.82372e-10
5.14174e-10
5.44367e-10
5.73031e-10
6.00243e-10
6.26078e-10
6.50604e-10
6.7389e-10
6.95998e-10
7.16989e-10
7.3692e-10
7.55847e-10
7.73821e-10
7.90891e-10
8.07103e-10
8.22503e-10
8.37131e-10
8.51028e-10
8.6423e-10
8.76775e-10
8.88694e-10
1.01807e-09
1.1561e-09
1.30215e-09
1.45509e-09
1.61318e-09
1.77392e-09
1.93397e-09
2.08902e-09
2.23385e-09
2.36244e-09
2.46824e-09
2.5447e-09
2.58594e-09
2.58753e-09
2.54727e-09
2.46576e-09
2.34657e-09
2.19595e-09
2.02201e-09
1.83371e-09
1.63979e-09
1.4479e-09
1.2641e-09
1.09271e-09
9.36343e-10
7.9624e-10
6.7253e-10
5.64573e-10
4.71231e-10
3.91098e-10
3.22661e-10
2.64412e-10
2.14919e-10
1.72861e-10
1.37045e-10
1.06405e-10
7.99869e-11
5.693e-11
3.6438e-11
1.77352e-11
-2.73687e-33
1.09214e-13
7.31834e-11
1.42743e-10
2.08906e-10
2.71809e-10
3.31586e-10
3.88374e-10
4.42305e-10
4.93512e-10
5.42122e-10
5.8826e-10
6.32045e-10
6.73595e-10
7.13021e-10
7.5043e-10
7.85925e-10
8.19604e-10
8.5156e-10
8.81882e-10
9.10656e-10
9.37961e-10
9.63874e-10
9.88469e-10
1.01181e-09
1.03397e-09
1.05501e-09
1.07498e-09
1.09394e-09
1.11195e-09
1.12905e-09
1.14529e-09
1.16072e-09
1.32772e-09
1.50492e-09
1.6911e-09
1.88431e-09
2.08171e-09
2.2794e-09
2.47232e-09
2.65421e-09
2.81776e-09
2.95489e-09
3.05732e-09
3.11744e-09
3.12924e-09
3.08937e-09
2.99794e-09
2.8589e-09
2.67966e-09
2.47024e-09
2.24188e-09
2.00566e-09
1.77131e-09
1.54656e-09
1.33689e-09
1.14565e-09
9.74402e-10
8.23335e-10
6.91665e-10
5.77997e-10
4.80598e-10
3.97604e-10
3.27161e-10
2.67512e-10
2.17046e-10
1.74314e-10
1.38031e-10
1.07067e-10
8.04229e-11
5.72068e-11
3.65996e-11
1.78092e-11
-2.49868e-33
1.42922e-13
9.56271e-11
1.86507e-10
2.72933e-10
3.55075e-10
4.33108e-10
5.07207e-10
5.77546e-10
6.44298e-10
7.07629e-10
7.67706e-10
8.24686e-10
8.78724e-10
9.29968e-10
9.7856e-10
1.02464e-09
1.06833e-09
1.10976e-09
1.14905e-09
1.18631e-09
1.22164e-09
1.25516e-09
1.28695e-09
1.3171e-09
1.34571e-09
1.37286e-09
1.39862e-09
1.42306e-09
1.44626e-09
1.46828e-09
1.48918e-09
1.50903e-09
1.72326e-09
1.94915e-09
2.18458e-09
2.42636e-09
2.67003e-09
2.9097e-09
3.13797e-09
3.346e-09
3.52388e-09
3.66123e-09
3.74815e-09
3.7765e-09
3.74123e-09
3.64153e-09
3.48142e-09
3.26961e-09
3.01837e-09
2.74183e-09
2.45411e-09
2.16774e-09
1.89263e-09
1.63584e-09
1.40165e-09
1.19208e-09
1.00736e-09
8.46554e-10
7.07919e-10
5.89317e-10
4.88448e-10
4.03028e-10
3.30897e-10
2.70078e-10
2.18801e-10
1.7551e-10
1.38841e-10
1.0761e-10
8.078e-11
5.74333e-11
3.67319e-11
1.78696e-11
-2.27942e-33
1.86192e-13
1.2437e-10
2.42551e-10
3.54912e-10
4.6167e-10
5.63046e-10
6.59267e-10
7.50558e-10
8.37142e-10
9.19241e-10
9.97071e-10
1.07084e-09
1.14075e-09
1.20701e-09
1.26979e-09
1.32927e-09
1.38564e-09
1.43906e-09
1.48967e-09
1.53764e-09
1.58311e-09
1.6262e-09
1.66704e-09
1.70576e-09
1.74248e-09
1.77729e-09
1.8103e-09
1.84161e-09
1.87131e-09
1.89949e-09
1.92622e-09
1.95158e-09
2.22449e-09
2.51022e-09
2.80529e-09
3.10468e-09
3.40164e-09
3.68753e-09
3.95183e-09
4.18246e-09
4.36646e-09
4.49109e-09
4.54532e-09
4.5216e-09
4.41747e-09
4.2366e-09
3.98884e-09
3.68904e-09
3.35498e-09
3.00474e-09
2.65459e-09
2.31745e-09
2.0025e-09
1.71529e-09
1.45843e-09
1.23226e-09
1.03558e-09
8.6625e-10
7.21601e-10
5.98786e-10
4.94981e-10
4.07523e-10
3.33982e-10
2.7219e-10
2.20243e-10
1.7649e-10
1.39504e-10
1.08053e-10
8.10716e-11
5.76181e-11
3.68396e-11
1.79189e-11
-2.07805e-33
2.41301e-13
1.60885e-10
3.13739e-10
4.59029e-10
5.97025e-10
7.28006e-10
8.52262e-10
9.70084e-10
1.08176e-09
1.18758e-09
1.28783e-09
1.38278e-09
1.4727e-09
1.55784e-09
1.63846e-09
1.71479e-09
1.78707e-09
1.8555e-09
1.9203e-09
1.98166e-09
2.03977e-09
2.09481e-09
2.14694e-09
2.19633e-09
2.24312e-09
2.28746e-09
2.32947e-09
2.3693e-09
2.40705e-09
2.44284e-09
2.47678e-09
2.50897e-09
2.85396e-09
3.21231e-09
3.57852e-09
3.94499e-09
4.3018e-09
4.63661e-09
4.93491e-09
5.18069e-09
5.35768e-09
5.45108e-09
5.44978e-09
5.3486e-09
5.14997e-09
4.86444e-09
4.50965e-09
4.10774e-09
3.68202e-09
3.25376e-09
2.8401e-09
2.45316e-09
2.1003e-09
1.78493e-09
1.50753e-09
1.26662e-09
1.05948e-09
8.82804e-10
7.33026e-10
6.0665e-10
5.00382e-10
4.11226e-10
3.36516e-10
2.7392e-10
2.21422e-10
1.77291e-10
1.40044e-10
1.08415e-10
8.13089e-11
5.77683e-11
3.69272e-11
1.79589e-11
-1.89346e-33
3.10859e-13
2.06849e-10
4.03342e-10
5.90058e-10
7.67331e-10
9.35512e-10
1.09497e-09
1.24607e-09
1.3892e-09
1.52472e-09
1.65301e-09
1.77442e-09
1.8893e-09
1.99799e-09
2.10082e-09
2.19809e-09
2.29012e-09
2.37718e-09
2.45955e-09
2.53748e-09
2.61123e-09
2.68101e-09
2.74706e-09
2.80959e-09
2.86878e-09
2.92482e-09
2.97789e-09
3.02816e-09
3.07578e-09
3.12089e-09
3.16364e-09
3.20415e-09
3.63665e-09
4.08192e-09
4.53163e-09
4.97461e-09
5.39668e-09
5.78069e-09
6.10719e-09
6.35566e-09
6.50653e-09
6.54383e-09
6.45814e-09
6.24924e-09
5.92739e-09
5.51272e-09
5.03243e-09
4.51642e-09
3.99286e-09
3.48475e-09
3.00851e-09
2.57406e-09
2.18603e-09
1.84513e-09
1.54949e-09
1.29569e-09
1.07954e-09
8.96602e-10
7.42496e-10
6.13138e-10
5.04822e-10
4.14261e-10
3.38588e-10
2.75332e-10
2.22383e-10
1.77942e-10
1.40483e-10
1.08708e-10
8.15013e-11
5.78901e-11
3.69982e-11
1.79913e-11
-1.72451e-33
3.97782e-13
2.64125e-10
5.14981e-10
7.53285e-10
9.79441e-10
1.19389e-09
1.39709e-09
1.58952e-09
1.77165e-09
1.94397e-09
2.10696e-09
2.26107e-09
2.40678e-09
2.5445e-09
2.67468e-09
2.79772e-09
2.91401e-09
3.02393e-09
3.12782e-09
3.22603e-09
3.31888e-09
3.40666e-09
3.48968e-09
3.56819e-09
3.64245e-09
3.71271e-09
3.77919e-09
3.84211e-09
3.90166e-09
3.95805e-09
4.01143e-09
4.062e-09
4.59933e-09
5.14713e-09
5.69316e-09
6.22146e-09
6.71224e-09
7.14231e-09
7.48634e-09
7.71894e-09
7.81774e-09
7.76722e-09
7.56236e-09
7.21131e-09
6.73564e-09
6.16775e-09
5.54564e-09
4.90663e-09
4.28213e-09
3.69487e-09
3.15869e-09
2.68007e-09
2.26013e-09
1.89654e-09
1.58495e-09
1.32006e-09
1.09624e-09
9.08014e-10
7.5029e-10
6.18458e-10
5.0845e-10
4.16734e-10
3.40272e-10
2.76479e-10
2.23161e-10
1.78469e-10
1.40838e-10
1.08945e-10
8.16568e-11
5.79884e-11
3.70555e-11
1.80175e-11
-1.23499e-33
4.53032e-13
3.0045e-10
5.85779e-10
8.56785e-10
1.11392e-09
1.35766e-09
1.58855e-09
1.80711e-09
2.01389e-09
2.20945e-09
2.39433e-09
2.56906e-09
2.73417e-09
2.89016e-09
3.03753e-09
3.17674e-09
3.30825e-09
3.43248e-09
3.54984e-09
3.66073e-09
3.76551e-09
3.86453e-09
3.95811e-09
4.04658e-09
4.13022e-09
4.20932e-09
4.28412e-09
4.35489e-09
4.42184e-09
4.4852e-09
4.54517e-09
4.60194e-09
5.20372e-09
5.81375e-09
6.41716e-09
6.99478e-09
7.52318e-09
7.97536e-09
8.32244e-09
8.53635e-09
8.5937e-09
8.48017e-09
8.19458e-09
7.7513e-09
7.1796e-09
6.51954e-09
5.81516e-09
5.10725e-09
4.42804e-09
3.7991e-09
3.23215e-09
2.7313e-09
2.29558e-09
1.92093e-09
1.60166e-09
1.33147e-09
1.10401e-09
9.1331e-10
7.53895e-10
6.20911e-10
5.1012e-10
4.1787e-10
3.41045e-10
2.77004e-10
2.23518e-10
1.7871e-10
1.41001e-10
1.09053e-10
8.17277e-11
5.80333e-11
3.70816e-11
1.80294e-11
-2.00683e-32
4.99438e-13
3.30936e-10
6.45194e-10
9.4364e-10
1.22676e-09
1.49508e-09
1.74918e-09
1.98965e-09
2.2171e-09
2.43213e-09
2.63534e-09
2.82733e-09
3.00868e-09
3.17996e-09
3.3417e-09
3.49444e-09
3.63866e-09
3.77485e-09
3.90347e-09
4.02494e-09
4.13967e-09
4.24806e-09
4.35046e-09
4.44723e-09
4.53869e-09
4.62514e-09
4.70688e-09
4.78417e-09
4.85728e-09
4.92645e-09
4.99189e-09
5.05382e-09
5.70906e-09
6.37047e-09
7.0209e-09
7.63845e-09
8.19661e-09
8.66521e-09
9.01243e-09
9.20812e-09
9.22823e-09
9.05974e-09
8.70503e-09
8.18394e-09
7.53233e-09
6.79659e-09
6.02557e-09
5.26259e-09
4.5402e-09
3.87873e-09
3.28797e-09
2.77007e-09
2.32232e-09
1.93927e-09
1.6142e-09
1.34001e-09
1.10983e-09
9.17268e-10
7.56587e-10
6.22742e-10
5.11365e-10
4.18717e-10
3.41621e-10
2.77395e-10
2.23783e-10
1.78889e-10
1.41121e-10
1.09134e-10
8.17805e-11
5.80667e-11
3.71011e-11
1.80383e-11
-5.95784e-32
5.78304e-13
3.82747e-10
7.4617e-10
1.09125e-09
1.41853e-09
1.72862e-09
2.02218e-09
2.29989e-09
2.56245e-09
2.81056e-09
3.04494e-09
3.26626e-09
3.47522e-09
3.67247e-09
3.85865e-09
4.03436e-09
4.2002e-09
4.35672e-09
4.50446e-09
4.64392e-09
4.77557e-09
4.89988e-09
5.01727e-09
5.12815e-09
5.23288e-09
5.33184e-09
5.42536e-09
5.51376e-09
5.59733e-09
5.67636e-09
5.7511e-09
5.82182e-09
6.56792e-09
7.31663e-09
8.04697e-09
8.73237e-09
9.34109e-09
9.83751e-09
1.01848e-08
1.03494e-08
1.03059e-08
1.00437e-08
9.57114e-09
8.91745e-09
8.12974e-09
7.26522e-09
6.38095e-09
5.52457e-09
4.72906e-09
4.01264e-09
3.38176e-09
2.83517e-09
2.3672e-09
1.97006e-09
1.63525e-09
1.35437e-09
1.11961e-09
9.23926e-10
7.61117e-10
6.25824e-10
5.13462e-10
4.20143e-10
3.4259e-10
2.78053e-10
2.24229e-10
1.79191e-10
1.41325e-10
1.0927e-10
8.18694e-11
5.81229e-11
3.71338e-11
1.80533e-11
-7.6249e-32
6.28546e-13
4.15764e-10
8.10519e-10
1.18532e-09
1.54075e-09
1.87747e-09
2.19618e-09
2.49762e-09
2.78257e-09
3.05178e-09
3.30603e-09
3.54608e-09
3.77265e-09
3.98647e-09
4.18824e-09
4.37862e-09
4.55826e-09
4.72776e-09
4.88771e-09
5.03865e-09
5.18112e-09
5.3156e-09
5.44256e-09
5.56245e-09
5.67568e-09
5.78263e-09
5.88369e-09
5.97918e-09
6.06945e-09
6.15478e-09
6.23548e-09
6.3118e-09
7.11608e-09
7.92081e-09
8.70255e-09
9.4318e-09
1.00735e-08
1.05884e-08
1.09367e-08
1.10823e-08
1.0999e-08
1.06776e-08
1.013e-08
9.39156e-09
8.51647e-09
7.56899e-09
6.61156e-09
5.69468e-09
4.85176e-09
4.09965e-09
3.44272e-09
2.87749e-09
2.39639e-09
1.9901e-09
1.64896e-09
1.36373e-09
1.12599e-09
9.28272e-10
7.64076e-10
6.27838e-10
5.14832e-10
4.21075e-10
3.43224e-10
2.78484e-10
2.24521e-10
1.79389e-10
1.41458e-10
1.09358e-10
8.19276e-11
5.81597e-11
3.71552e-11
1.80631e-11
-6.93567e-32
6.53108e-13
4.31925e-10
8.42016e-10
1.23137e-09
1.60058e-09
1.95034e-09
2.28137e-09
2.59446e-09
2.89038e-09
3.16995e-09
3.43395e-09
3.68318e-09
3.91841e-09
4.14038e-09
4.34981e-09
4.54741e-09
4.73384e-09
4.90974e-09
5.0757e-09
5.23231e-09
5.38011e-09
5.51961e-09
5.65131e-09
5.77565e-09
5.89307e-09
6.00398e-09
6.10876e-09
6.20777e-09
6.30135e-09
6.38981e-09
6.47346e-09
6.55257e-09
7.38579e-09
8.21856e-09
9.02628e-09
9.77804e-09
1.04371e-08
1.09626e-08
1.1313e-08
1.14509e-08
1.13498e-08
1.10005e-08
1.04168e-08
9.63686e-09
8.71827e-09
7.72884e-09
6.73389e-09
5.78557e-09
4.91771e-09
4.14666e-09
3.47578e-09
2.90052e-09
2.41232e-09
2.00106e-09
1.65647e-09
1.36887e-09
1.1295e-09
9.30663e-10
7.65705e-10
6.28947e-10
5.15588e-10
4.21589e-10
3.43574e-10
2.78722e-10
2.24683e-10
1.79498e-10
1.41531e-10
1.09407e-10
8.19599e-11
5.81801e-11
3.71672e-11
1.80685e-11
-6.30723e-32
6.55781e-13
4.33713e-10
8.45505e-10
1.23647e-09
1.60722e-09
1.95844e-09
2.29086e-09
2.60526e-09
2.90243e-09
3.18318e-09
3.44831e-09
3.6986e-09
3.93484e-09
4.15776e-09
4.36811e-09
4.56656e-09
4.75381e-09
4.93048e-09
5.09717e-09
5.25447e-09
5.40293e-09
5.54306e-09
5.67534e-09
5.80024e-09
5.9182e-09
6.02961e-09
6.13487e-09
6.23433e-09
6.32834e-09
6.41721e-09
6.50124e-09
6.58071e-09
7.41787e-09
8.25474e-09
9.06666e-09
9.82259e-09
1.04856e-08
1.10148e-08
1.13681e-08
1.15079e-08
1.14073e-08
1.1057e-08
1.04706e-08
9.68619e-09
8.76176e-09
7.76565e-09
6.7638e-09
5.80898e-09
4.93545e-09
4.15975e-09
3.48524e-09
2.90725e-09
2.41705e-09
2.00435e-09
1.65875e-09
1.37044e-09
1.13058e-09
9.31404e-10
7.66212e-10
6.29294e-10
5.15825e-10
4.21751e-10
3.43684e-10
2.78797e-10
2.24734e-10
1.79533e-10
1.41555e-10
1.09423e-10
8.19703e-11
5.81868e-11
3.71711e-11
1.80703e-11
-5.73456e-32
6.40809e-13
4.23911e-10
8.26403e-10
1.20855e-09
1.57096e-09
1.91429e-09
2.23927e-09
2.54666e-09
2.83722e-09
3.11176e-09
3.37104e-09
3.61583e-09
3.8469e-09
4.06498e-09
4.27077e-09
4.46495e-09
4.64817e-09
4.82107e-09
4.98422e-09
5.1382e-09
5.28353e-09
5.42072e-09
5.55025e-09
5.67255e-09
5.78807e-09
5.89719e-09
6.0003e-09
6.09773e-09
6.18983e-09
6.27691e-09
6.35925e-09
6.43713e-09
7.25794e-09
8.07945e-09
8.87777e-09
9.62281e-09
1.02787e-08
1.08054e-08
1.11619e-08
1.13109e-08
1.12256e-08
1.08957e-08
1.03333e-08
9.57444e-09
8.67482e-09
7.70084e-09
6.71725e-09
5.77649e-09
4.91321e-09
4.14469e-09
3.47509e-09
2.90043e-09
2.41246e-09
2.00127e-09
1.65668e-09
1.36905e-09
1.12964e-09
9.30769e-10
7.65784e-10
6.29005e-10
5.15629e-10
4.21619e-10
3.43595e-10
2.78737e-10
2.24693e-10
1.79506e-10
1.41537e-10
1.09411e-10
8.19626e-11
5.8182e-11
3.71683e-11
1.80691e-11
-5.21301e-32
6.12458e-13
4.05315e-10
7.90163e-10
1.15558e-09
1.50215e-09
1.8305e-09
2.14134e-09
2.43539e-09
2.71339e-09
2.97608e-09
3.22422e-09
3.45854e-09
3.67975e-09
3.88855e-09
4.08563e-09
4.27162e-09
4.44715e-09
4.61282e-09
4.76917e-09
4.91676e-09
5.05608e-09
5.18763e-09
5.31184e-09
5.42916e-09
5.53997e-09
5.64467e-09
5.74361e-09
5.83713e-09
5.92553e-09
6.00913e-09
6.08819e-09
6.16298e-09
6.95193e-09
7.74311e-09
8.51411e-09
9.23654e-09
9.87644e-09
1.03957e-08
1.07551e-08
1.09184e-08
1.08589e-08
1.05653e-08
1.00471e-08
9.33657e-09
8.48523e-09
7.55565e-09
6.6099e-09
5.69934e-09
4.85889e-09
4.10697e-09
3.44913e-09
2.88265e-09
2.40034e-09
1.99302e-09
1.65107e-09
1.36524e-09
1.12705e-09
9.29015e-10
7.64593e-10
6.28197e-10
5.15082e-10
4.21248e-10
3.43343e-10
2.78566e-10
2.24578e-10
1.79428e-10
1.41485e-10
1.09377e-10
8.194e-11
5.81678e-11
3.71601e-11
1.80653e-11
-4.73823e-32
5.74671e-13
3.80511e-10
7.41824e-10
1.08492e-09
1.41035e-09
1.71872e-09
2.01069e-09
2.28693e-09
2.54814e-09
2.79502e-09
3.02827e-09
3.24858e-09
3.45661e-09
3.65302e-09
3.83844e-09
4.01348e-09
4.1787e-09
4.33468e-09
4.48193e-09
4.62095e-09
4.75222e-09
4.87619e-09
4.99328e-09
5.10389e-09
5.2084e-09
5.30716e-09
5.4005e-09
5.48875e-09
5.57219e-09
5.65111e-09
5.72576e-09
5.7964e-09
6.54238e-09
7.29251e-09
8.02623e-09
8.71746e-09
9.33477e-09
9.84269e-09
1.02042e-08
1.03849e-08
1.03583e-08
1.01117e-08
9.65164e-09
9.00542e-09
8.21911e-09
7.35e-09
6.45645e-09
5.58805e-09
4.77988e-09
4.0517e-09
3.41085e-09
2.85632e-09
2.3823e-09
1.9807e-09
1.64267e-09
1.35952e-09
1.12317e-09
9.26373e-10
7.62799e-10
6.26979e-10
5.14254e-10
4.20686e-10
3.42962e-10
2.78308e-10
2.24403e-10
1.7931e-10
1.41406e-10
1.09324e-10
8.19057e-11
5.81462e-11
3.71475e-11
1.80596e-11
-4.30621e-32
5.30848e-13
3.51732e-10
6.85737e-10
1.00293e-09
1.30384e-09
1.58901e-09
1.85907e-09
2.11463e-09
2.35635e-09
2.58487e-09
2.80082e-09
3.00485e-09
3.19757e-09
3.37957e-09
3.55144e-09
3.71373e-09
3.86697e-09
4.01168e-09
4.14833e-09
4.27739e-09
4.39928e-09
4.51443e-09
4.62322e-09
4.72602e-09
4.82317e-09
4.91501e-09
5.00183e-09
5.08394e-09
5.16159e-09
5.23505e-09
5.30456e-09
5.37034e-09
6.06612e-09
6.76813e-09
7.45798e-09
8.11219e-09
8.70229e-09
9.19582e-09
9.55855e-09
9.75798e-09
9.76817e-09
9.57517e-09
9.18181e-09
8.6101e-09
7.89966e-09
7.1017e-09
6.27003e-09
5.45205e-09
4.6828e-09
3.98348e-09
3.36341e-09
2.82356e-09
2.3598e-09
1.9653e-09
1.63216e-09
1.35235e-09
1.11829e-09
9.23054e-10
7.60542e-10
6.25445e-10
5.13212e-10
4.19978e-10
3.42482e-10
2.77982e-10
2.24183e-10
1.79161e-10
1.41306e-10
1.09258e-10
8.18622e-11
5.81188e-11
3.71317e-11
1.80524e-11
-3.91325e-32
4.8376e-13
3.20796e-10
6.25445e-10
9.14796e-10
1.18933e-09
1.44956e-09
1.69606e-09
1.92939e-09
2.15014e-09
2.3589e-09
2.55625e-09
2.74275e-09
2.91898e-09
3.08548e-09
3.24275e-09
3.39132e-09
3.53166e-09
3.66422e-09
3.78945e-09
3.90777e-09
4.01956e-09
4.1252e-09
4.22504e-09
4.31941e-09
4.40863e-09
4.493e-09
4.57279e-09
4.64826e-09
4.71966e-09
4.78723e-09
4.85118e-09
4.91172e-09
5.55324e-09
6.20309e-09
6.84522e-09
7.45892e-09
8.01887e-09
8.49589e-09
8.85874e-09
9.07707e-09
9.12565e-09
8.9892e-09
8.66691e-09
8.17509e-09
7.54653e-09
6.82586e-09
6.06189e-09
5.29946e-09
4.57339e-09
3.90627e-09
3.30954e-09
2.78627e-09
2.33413e-09
1.94769e-09
1.62012e-09
1.34414e-09
1.11269e-09
9.1924e-10
7.57947e-10
6.2368e-10
5.12012e-10
4.19163e-10
3.41928e-10
2.77607e-10
2.23928e-10
1.7899e-10
1.4119e-10
1.09181e-10
8.18121e-11
5.80872e-11
3.71133e-11
1.8044e-11
-1.84772e-32
4.36553e-13
2.89758e-10
5.64951e-10
8.2636e-10
1.07443e-09
1.30963e-09
1.53247e-09
1.74347e-09
1.94316e-09
2.13206e-09
2.3107e-09
2.47959e-09
2.63924e-09
2.79012e-09
2.93272e-09
3.06746e-09
3.1948e-09
3.31513e-09
3.42885e-09
3.53633e-09
3.63792e-09
3.73397e-09
3.82477e-09
3.91064e-09
3.99185e-09
4.06866e-09
4.14134e-09
4.2101e-09
4.27519e-09
4.33679e-09
4.39512e-09
4.45035e-09
5.03681e-09
5.6335e-09
6.22664e-09
6.79828e-09
7.32622e-09
7.78457e-09
8.14517e-09
8.37999e-09
8.4647e-09
8.38297e-09
8.13065e-09
7.71861e-09
7.17291e-09
6.53146e-09
5.83781e-09
5.13382e-09
4.45375e-09
3.82132e-09
3.24996e-09
2.74485e-09
2.30551e-09
1.92801e-09
1.60663e-09
1.33491e-09
1.10639e-09
9.14948e-10
7.55023e-10
6.2169e-10
5.10658e-10
4.18243e-10
3.41303e-10
2.77182e-10
2.23641e-10
1.78796e-10
1.4106e-10
1.09094e-10
8.17554e-11
5.80515e-11
3.70926e-11
1.80346e-11
3.18634e-34
3.91099e-13
2.59836e-10
5.0663e-10
7.41094e-10
9.63632e-10
1.17468e-09
1.37469e-09
1.56412e-09
1.74347e-09
1.91318e-09
2.07373e-09
2.22559e-09
2.36918e-09
2.50495e-09
2.63331e-09
2.75466e-09
2.86938e-09
2.97783e-09
3.08037e-09
3.17732e-09
3.26901e-09
3.35571e-09
3.43772e-09
3.5153e-09
3.5887e-09
3.65815e-09
3.72389e-09
3.78611e-09
3.84502e-09
3.9008e-09
3.95363e-09
4.00367e-09
4.5361e-09
5.08025e-09
5.62445e-09
6.15333e-09
6.64766e-09
7.08476e-09
7.43949e-09
7.68627e-09
7.80198e-09
7.76974e-09
7.58264e-09
7.24675e-09
6.78182e-09
6.21924e-09
5.59706e-09
4.95369e-09
4.32222e-09
3.72707e-09
3.18335e-09
2.69825e-09
2.27316e-09
1.90567e-09
1.59126e-09
1.32438e-09
1.09918e-09
9.10025e-10
7.51666e-10
6.19402e-10
5.091e-10
4.17183e-10
3.40582e-10
2.76693e-10
2.23309e-10
1.78571e-10
1.40909e-10
1.08994e-10
8.16898e-11
5.80101e-11
3.70686e-11
1.80236e-11
3.50288e-34
3.47755e-13
2.31265e-10
4.50941e-10
6.59671e-10
8.5782e-10
1.04578e-09
1.22396e-09
1.39278e-09
1.55265e-09
1.704e-09
1.84723e-09
1.98275e-09
2.11095e-09
2.23222e-09
2.34692e-09
2.45539e-09
2.55799e-09
2.65503e-09
2.74681e-09
2.83362e-09
2.91575e-09
2.99346e-09
3.06698e-09
3.13657e-09
3.20242e-09
3.26477e-09
3.32379e-09
3.37968e-09
3.43262e-09
3.48276e-09
3.53026e-09
3.57527e-09
4.05517e-09
4.54786e-09
5.04361e-09
5.52942e-09
5.98889e-09
6.40235e-09
6.74766e-09
7.00174e-09
7.14299e-09
7.15438e-09
7.02694e-09
6.76256e-09
6.3753e-09
5.89026e-09
5.3399e-09
4.75878e-09
4.17823e-09
3.62284e-09
3.10907e-09
2.64593e-09
2.23661e-09
1.88032e-09
1.57376e-09
1.31234e-09
1.09093e-09
9.04375e-10
7.47805e-10
6.16767e-10
5.07304e-10
4.15959e-10
3.3975e-10
2.76127e-10
2.22926e-10
1.78312e-10
1.40735e-10
1.08878e-10
8.16139e-11
5.79622e-11
3.70407e-11
1.8011e-11
3.85051e-34
3.06835e-13
2.04257e-10
3.98294e-10
5.82688e-10
7.5777e-10
9.2389e-10
1.08141e-09
1.2307e-09
1.37213e-09
1.50606e-09
1.63286e-09
1.75289e-09
1.86648e-09
1.97397e-09
2.07568e-09
2.17192e-09
2.26297e-09
2.34913e-09
2.43066e-09
2.50781e-09
2.58083e-09
2.64994e-09
2.71537e-09
2.7773e-09
2.83595e-09
2.89149e-09
2.94409e-09
2.99391e-09
3.04112e-09
3.08585e-09
3.12825e-09
3.16843e-09
3.59774e-09
4.04051e-09
4.48874e-09
4.93163e-09
5.35534e-09
5.74308e-09
6.0756e-09
6.33235e-09
6.49345e-09
6.5422e-09
6.46814e-09
6.26973e-09
5.95598e-09
5.54612e-09
5.06705e-09
4.5491e-09
4.02139e-09
3.50805e-09
3.02648e-09
2.58729e-09
2.19541e-09
1.85158e-09
1.55383e-09
1.29858e-09
1.08147e-09
8.97884e-10
7.43361e-10
6.13729e-10
5.05231e-10
4.14546e-10
3.38787e-10
2.75473e-10
2.22482e-10
1.78012e-10
1.40533e-10
1.08743e-10
8.15258e-11
5.79066e-11
3.70084e-11
1.79962e-11
2.37555e-34
3.00185e-13
1.99864e-10
3.8973e-10
5.70165e-10
7.41494e-10
9.04059e-10
1.05822e-09
1.20433e-09
1.34275e-09
1.47385e-09
1.59797e-09
1.71547e-09
1.82668e-09
1.93192e-09
2.03151e-09
2.12575e-09
2.21492e-09
2.2993e-09
2.37916e-09
2.45473e-09
2.52626e-09
2.59396e-09
2.65806e-09
2.71875e-09
2.77621e-09
2.83063e-09
2.88218e-09
2.93101e-09
2.97728e-09
3.02113e-09
3.06268e-09
3.10207e-09
3.52306e-09
3.95758e-09
4.39791e-09
4.8336e-09
5.25122e-09
5.63444e-09
5.96448e-09
6.22124e-09
6.38512e-09
6.43954e-09
6.37383e-09
6.18596e-09
5.88414e-09
5.48666e-09
5.0195e-09
4.51227e-09
3.99362e-09
3.48759e-09
3.01168e-09
2.57673e-09
2.18795e-09
1.84636e-09
1.55021e-09
1.29608e-09
1.07974e-09
8.96696e-10
7.42546e-10
6.13172e-10
5.0485e-10
4.14286e-10
3.3861e-10
2.75352e-10
2.224e-10
1.77956e-10
1.40496e-10
1.08718e-10
8.15096e-11
5.78964e-11
3.70025e-11
1.79935e-11
2.21613e-34
2.68596e-13
1.78983e-10
3.49025e-10
5.1064e-10
6.64123e-10
8.09785e-10
9.47947e-10
1.07893e-09
1.20306e-09
1.32066e-09
1.43203e-09
1.5375e-09
1.63736e-09
1.73189e-09
1.82138e-09
1.90609e-09
1.98627e-09
2.06218e-09
2.13404e-09
2.20206e-09
2.26648e-09
2.32747e-09
2.38522e-09
2.43993e-09
2.49174e-09
2.54083e-09
2.58735e-09
2.63142e-09
2.67319e-09
2.71279e-09
2.75033e-09
2.78592e-09
3.16699e-09
3.5618e-09
3.9639e-09
4.36445e-09
4.75198e-09
5.11231e-09
5.42897e-09
5.68393e-09
5.85916e-09
5.93871e-09
5.91122e-09
5.77246e-09
5.52709e-09
5.18899e-09
4.77967e-09
4.32507e-09
3.85153e-09
3.38223e-09
2.93503e-09
2.5218e-09
2.14903e-09
1.81904e-09
1.53116e-09
1.28287e-09
1.07062e-09
8.90423e-10
7.38241e-10
6.10224e-10
5.02834e-10
4.12909e-10
3.37672e-10
2.74714e-10
2.21966e-10
1.77663e-10
1.40298e-10
1.08587e-10
8.14233e-11
5.78419e-11
3.69708e-11
1.79791e-11
4.2915e-34
2.33239e-13
1.55582e-10
3.03404e-10
4.4392e-10
5.77393e-10
7.04096e-10
8.24309e-10
9.38313e-10
1.04639e-09
1.14882e-09
1.24586e-09
1.3378e-09
1.42488e-09
1.50736e-09
1.58546e-09
1.65943e-09
1.72948e-09
1.79581e-09
1.85864e-09
1.91815e-09
1.97451e-09
2.02791e-09
2.07849e-09
2.12642e-09
2.17184e-09
2.21488e-09
2.25568e-09
2.29436e-09
2.33103e-09
2.3658e-09
2.39877e-09
2.43005e-09
2.7656e-09
3.11482e-09
3.47261e-09
3.83187e-09
4.18323e-09
4.51493e-09
4.81306e-09
5.06206e-09
5.24588e-09
5.34958e-09
5.36149e-09
5.27541e-09
5.09241e-09
4.82163e-09
4.47951e-09
4.0875e-09
3.66882e-09
3.24513e-09
2.83424e-09
2.4489e-09
2.09701e-09
1.78229e-09
1.50541e-09
1.26494e-09
1.05819e-09
8.81848e-10
7.32341e-10
6.06175e-10
5.00061e-10
4.11014e-10
3.36378e-10
2.73832e-10
2.21367e-10
1.77257e-10
1.40025e-10
1.08404e-10
8.1304e-11
5.77666e-11
3.6927e-11
1.79591e-11
5.11052e-34
2.00903e-13
1.34149e-10
2.61618e-10
3.82804e-10
4.97939e-10
6.07261e-10
7.11013e-10
8.09438e-10
9.02778e-10
9.91272e-10
1.07515e-09
1.15464e-09
1.22997e-09
1.30134e-09
1.36896e-09
1.43303e-09
1.49373e-09
1.55123e-09
1.60572e-09
1.65735e-09
1.70628e-09
1.75264e-09
1.79659e-09
1.83824e-09
1.87773e-09
1.91516e-09
1.95066e-09
1.98432e-09
2.01625e-09
2.04653e-09
2.07526e-09
2.10252e-09
2.39558e-09
2.70193e-09
3.01764e-09
3.3371e-09
3.65279e-09
3.95514e-09
4.23258e-09
4.47189e-09
4.65904e-09
4.78038e-09
4.82439e-09
4.78356e-09
4.65618e-09
4.44733e-09
4.16882e-09
3.8377e-09
3.47378e-09
3.09674e-09
2.72378e-09
2.36816e-09
2.03884e-09
1.74088e-09
1.4762e-09
1.24449e-09
1.04397e-09
8.71993e-10
7.25541e-10
6.01496e-10
4.9685e-10
4.08815e-10
3.34875e-10
2.72807e-10
2.2067e-10
1.76784e-10
1.39706e-10
1.08192e-10
8.11646e-11
5.76785e-11
3.68758e-11
1.79357e-11
5.61439e-34
1.7165e-13
1.14733e-10
2.23761e-10
3.2743e-10
4.25942e-10
5.19504e-10
6.08323e-10
6.92609e-10
7.72568e-10
8.48403e-10
9.20312e-10
9.88488e-10
1.05312e-09
1.11438e-09
1.17244e-09
1.22748e-09
1.27965e-09
1.32909e-09
1.37596e-09
1.42039e-09
1.46251e-09
1.50244e-09
1.54031e-09
1.57621e-09
1.61026e-09
1.64255e-09
1.67318e-09
1.70224e-09
1.72981e-09
1.75597e-09
1.78079e-09
1.80435e-09
2.05817e-09
2.32466e-09
2.60085e-09
2.88241e-09
3.16343e-09
3.43623e-09
3.69138e-09
3.91784e-09
4.10355e-09
4.23634e-09
4.30524e-09
4.30205e-09
4.22302e-09
4.06991e-09
3.85045e-09
3.57752e-09
3.26737e-09
2.93734e-09
2.60352e-09
2.27921e-09
1.97411e-09
1.6944e-09
1.44318e-09
1.22123e-09
1.0277e-09
8.60677e-10
7.17705e-10
5.96089e-10
4.93131e-10
4.06262e-10
3.33128e-10
2.71614e-10
2.19857e-10
1.76233e-10
1.39334e-10
1.07943e-10
8.10017e-11
5.75755e-11
3.68158e-11
1.79084e-11
6.16657e-34
1.45478e-13
9.73353e-11
1.89839e-10
2.77808e-10
3.61416e-10
4.40842e-10
5.16264e-10
5.87858e-10
6.558e-10
7.2026e-10
7.81407e-10
8.39402e-10
8.94402e-10
9.46558e-10
9.96014e-10
1.04291e-09
1.08738e-09
1.12954e-09
1.16953e-09
1.20745e-09
1.24341e-09
1.27752e-09
1.30987e-09
1.34057e-09
1.36968e-09
1.39731e-09
1.42352e-09
1.4484e-09
1.47201e-09
1.49441e-09
1.51569e-09
1.53588e-09
1.75388e-09
1.98372e-09
2.22324e-09
2.46917e-09
2.71694e-09
2.96054e-09
3.19239e-09
3.40347e-09
3.58361e-09
3.72219e-09
3.80908e-09
3.83598e-09
3.79773e-09
3.69356e-09
3.52773e-09
3.30931e-09
3.05106e-09
2.76763e-09
2.47362e-09
2.18187e-09
1.90247e-09
1.64245e-09
1.40597e-09
1.19484e-09
1.00913e-09
8.47699e-10
7.08682e-10
5.89842e-10
4.88821e-10
4.03299e-10
3.31095e-10
2.70223e-10
2.18909e-10
1.75589e-10
1.38899e-10
1.07653e-10
8.0811e-11
5.74549e-11
3.67456e-11
1.78763e-11
6.77129e-34
1.22315e-13
8.19174e-11
1.59775e-10
2.33825e-10
3.04218e-10
3.71106e-10
4.34638e-10
4.94964e-10
5.52231e-10
6.06584e-10
6.58161e-10
7.07098e-10
7.53527e-10
7.97571e-10
8.39353e-10
8.78988e-10
9.16586e-10
9.52253e-10
9.86089e-10
1.01819e-09
1.04864e-09
1.07754e-09
1.10496e-09
1.13098e-09
1.15567e-09
1.17911e-09
1.20136e-09
1.22248e-09
1.24253e-09
1.26157e-09
1.27965e-09
1.29681e-09
1.48248e-09
1.67902e-09
1.88492e-09
2.09776e-09
2.31412e-09
2.52936e-09
2.73753e-09
2.93138e-09
3.10253e-09
3.2419e-09
3.34047e-09
3.39016e-09
3.38511e-09
3.3227e-09
3.2044e-09
3.03594e-09
2.82675e-09
2.58871e-09
2.33453e-09
2.07617e-09
1.8237e-09
1.5847e-09
1.36422e-09
1.165e-09
9.87994e-10
8.32842e-10
6.98304e-10
5.82631e-10
4.8383e-10
3.99857e-10
3.28729e-10
2.68602e-10
2.17801e-10
1.74836e-10
1.3839e-10
1.07312e-10
8.05874e-11
5.73134e-11
3.66631e-11
1.78386e-11
7.43299e-34
1.02039e-13
6.84018e-11
1.33418e-10
1.95264e-10
2.54066e-10
3.09951e-10
3.63047e-10
4.13479e-10
4.61369e-10
5.06836e-10
5.49997e-10
5.90963e-10
6.29844e-10
6.66743e-10
7.0176e-10
7.34991e-10
7.66525e-10
7.96452e-10
8.24853e-10
8.51808e-10
8.77391e-10
9.01673e-10
9.24723e-10
9.46605e-10
9.67378e-10
9.87102e-10
1.00583e-09
1.02361e-09
1.0405e-09
1.05654e-09
1.07178e-09
1.08625e-09
1.24306e-09
1.40971e-09
1.58514e-09
1.76767e-09
1.95477e-09
2.14295e-09
2.32763e-09
2.50311e-09
2.66262e-09
2.79861e-09
2.9032e-09
2.96896e-09
2.98976e-09
2.96181e-09
2.88447e-09
2.76069e-09
2.59687e-09
2.40214e-09
2.18708e-09
1.96239e-09
1.73774e-09
1.52093e-09
1.31763e-09
1.13139e-09
9.64015e-10
8.1588e-10
6.86392e-10
5.74315e-10
4.78054e-10
3.95861e-10
3.25975e-10
2.66711e-10
2.16507e-10
1.73954e-10
1.37794e-10
1.06913e-10
8.03249e-11
5.71471e-11
3.65662e-11
1.77944e-11
8.15634e-34
8.44782e-14
5.66802e-11
1.10559e-10
1.61817e-10
2.1056e-10
2.56896e-10
3.0093e-10
3.42765e-10
3.82504e-10
4.20245e-10
4.56084e-10
4.90112e-10
5.2242e-10
5.53092e-10
5.8221e-10
6.09853e-10
6.36095e-10
6.61008e-10
6.84659e-10
7.07114e-10
7.28434e-10
7.48678e-10
7.679e-10
7.86154e-10
8.0349e-10
8.19954e-10
8.35593e-10
8.50448e-10
8.64559e-10
8.77966e-10
8.90704e-10
9.02807e-10
1.03416e-09
1.17426e-09
1.32245e-09
1.47755e-09
1.63778e-09
1.80057e-09
1.96249e-09
2.11913e-09
2.26515e-09
2.39441e-09
2.50025e-09
2.57604e-09
2.61582e-09
2.6152e-09
2.57204e-09
2.48712e-09
2.36425e-09
2.20991e-09
2.03249e-09
1.84117e-09
1.64479e-09
1.45105e-09
1.26597e-09
1.09376e-09
9.36928e-10
7.96579e-10
6.72754e-10
5.64745e-10
4.71377e-10
3.91226e-10
3.22771e-10
2.64505e-10
2.14995e-10
1.72922e-10
1.37094e-10
1.06444e-10
8.00164e-11
5.69515e-11
3.64521e-11
1.77422e-11
8.94612e-34
6.94262e-14
4.66203e-11
9.09396e-11
1.33108e-10
1.73214e-10
2.11346e-10
2.47593e-10
2.8204e-10
3.14769e-10
3.45862e-10
3.75398e-10
4.0345e-10
4.30093e-10
4.55396e-10
4.79426e-10
5.02245e-10
5.23916e-10
5.44497e-10
5.64042e-10
5.82605e-10
6.00236e-10
6.16981e-10
6.32888e-10
6.47997e-10
6.62351e-10
6.75988e-10
6.88944e-10
7.01255e-10
7.12953e-10
7.2407e-10
7.34635e-10
7.44676e-10
8.53825e-10
9.70639e-10
1.09473e-09
1.22535e-09
1.36126e-09
1.50063e-09
1.64094e-09
1.77888e-09
1.91032e-09
2.03039e-09
2.1336e-09
2.21424e-09
2.26683e-09
2.28679e-09
2.27111e-09
2.21896e-09
2.132e-09
2.01442e-09
1.87242e-09
1.71344e-09
1.54527e-09
1.37514e-09
1.20914e-09
1.05189e-09
9.06491e-10
7.7471e-10
6.57192e-10
5.53759e-10
4.63675e-10
3.85856e-10
3.19046e-10
2.61932e-10
2.13227e-10
1.71713e-10
1.36274e-10
1.05893e-10
7.96535e-11
5.67213e-11
3.63178e-11
1.76808e-11
9.80721e-34
5.6654e-14
3.80737e-11
7.42705e-11
1.08714e-10
1.41478e-10
1.72637e-10
2.0226e-10
2.30419e-10
2.57182e-10
2.82614e-10
3.06778e-10
3.29737e-10
3.51549e-10
3.7227e-10
3.91955e-10
4.10655e-10
4.2842e-10
4.45296e-10
4.61328e-10
4.76559e-10
4.9103e-10
5.04779e-10
5.17843e-10
5.30255e-10
5.42051e-10
5.5326e-10
5.63913e-10
5.74038e-10
5.83661e-10
5.92809e-10
6.01504e-10
6.09771e-10
6.99763e-10
7.96379e-10
8.99434e-10
1.00847e-09
1.12267e-09
1.24078e-09
1.36099e-09
1.48087e-09
1.59732e-09
1.70656e-09
1.80419e-09
1.88545e-09
1.94551e-09
1.97996e-09
1.98537e-09
1.95984e-09
1.90344e-09
1.81838e-09
1.70886e-09
1.58056e-09
1.43995e-09
1.29353e-09
1.14716e-09
1.00564e-09
8.72511e-10
7.50063e-10
6.3951e-10
5.41192e-10
4.54812e-10
3.79647e-10
3.14721e-10
2.58936e-10
2.11161e-10
1.70298e-10
1.35311e-10
1.05245e-10
7.92266e-11
5.64501e-11
3.61593e-11
1.76083e-11
1.07444e-33
4.59208e-14
3.08831e-11
6.02456e-11
8.81886e-11
1.14773e-10
1.40059e-10
1.64104e-10
1.86966e-10
2.08699e-10
2.29357e-10
2.48991e-10
2.6765e-10
2.85383e-10
3.02234e-10
3.18247e-10
3.33463e-10
3.47923e-10
3.61663e-10
3.7472e-10
3.87129e-10
3.98921e-10
4.10128e-10
4.2078e-10
4.30904e-10
4.40527e-10
4.49674e-10
4.58369e-10
4.66635e-10
4.74494e-10
4.81966e-10
4.8907e-10
4.95825e-10
5.69466e-10
6.48758e-10
7.33649e-10
8.23892e-10
9.18982e-10
1.01808e-09
1.11995e-09
1.22284e-09
1.32448e-09
1.422e-09
1.512e-09
1.5906e-09
1.65371e-09
1.69733e-09
1.71798e-09
1.71318e-09
1.68186e-09
1.62469e-09
1.54413e-09
1.44417e-09
1.32988e-09
1.20679e-09
1.08027e-09
9.55033e-10
8.34862e-10
7.22462e-10
6.19526e-10
5.26875e-10
4.44648e-10
3.72487e-10
3.0971e-10
2.5545e-10
2.08751e-10
1.68641e-10
1.34182e-10
1.04485e-10
7.8724e-11
5.61305e-11
3.59725e-11
1.75228e-11
1.17624e-33
3.69838e-14
2.48894e-11
4.85546e-11
7.10778e-11
9.25088e-11
1.12896e-10
1.32287e-10
1.50727e-10
1.6826e-10
1.84931e-10
2.00779e-10
2.15844e-10
2.30165e-10
2.43777e-10
2.56716e-10
2.69015e-10
2.80705e-10
2.91817e-10
3.0238e-10
3.1242e-10
3.21964e-10
3.31037e-10
3.39663e-10
3.47863e-10
3.55659e-10
3.63071e-10
3.70119e-10
3.76821e-10
3.83194e-10
3.89254e-10
3.95017e-10
4.00498e-10
4.60327e-10
5.24918e-10
5.94305e-10
6.68384e-10
7.46869e-10
8.29233e-10
9.14643e-10
1.0019e-09
1.08937e-09
1.17495e-09
1.25605e-09
1.32962e-09
1.39233e-09
1.4407e-09
1.47147e-09
1.48193e-09
1.47035e-09
1.43628e-09
1.38076e-09
1.30626e-09
1.21645e-09
1.11578e-09
1.00889e-09
9.00207e-10
7.9352e-10
6.91788e-10
5.97084e-10
5.10654e-10
4.33043e-10
3.64257e-10
3.0392e-10
2.51403e-10
2.05941e-10
1.66705e-10
1.32858e-10
1.03591e-10
7.81325e-11
5.57538e-11
3.5752e-11
1.74218e-11
1.28652e-33
2.96071e-14
1.99372e-11
3.88946e-11
5.69389e-11
7.41101e-11
9.04473e-11
1.05989e-10
1.20771e-10
1.34829e-10
1.48198e-10
1.60911e-10
1.72999e-10
1.84492e-10
1.95419e-10
2.05808e-10
2.15686e-10
2.25077e-10
2.34006e-10
2.42496e-10
2.50567e-10
2.58242e-10
2.6554e-10
2.72479e-10
2.79077e-10
2.85352e-10
2.9132e-10
2.96995e-10
3.02392e-10
3.07525e-10
3.12408e-10
3.17052e-10
3.2147e-10
3.69746e-10
4.2199e-10
4.78286e-10
5.38623e-10
6.02862e-10
6.70695e-10
7.41594e-10
8.14756e-10
8.89047e-10
9.6296e-10
1.03458e-09
1.1016e-09
1.16135e-09
1.21097e-09
1.24755e-09
1.26847e-09
1.27165e-09
1.25594e-09
1.2213e-09
1.16897e-09
1.10131e-09
1.02162e-09
9.33721e-10
8.41507e-10
7.48588e-10
6.58003e-10
5.72075e-10
4.92391e-10
4.19862e-10
3.5484e-10
2.97251e-10
2.46718e-10
2.02674e-10
1.64443e-10
1.31307e-10
1.02541e-10
7.74365e-11
5.53098e-11
3.54918e-11
1.73025e-11
1.40563e-33
2.3568e-14
1.58792e-11
3.09788e-11
4.53521e-11
5.90314e-11
7.2048e-11
8.44324e-11
9.62139e-11
1.07421e-10
1.1808e-10
1.28218e-10
1.3786e-10
1.47029e-10
1.55749e-10
1.64041e-10
1.71927e-10
1.79426e-10
1.86558e-10
1.9334e-10
1.9979e-10
2.05924e-10
2.11757e-10
2.17306e-10
2.22583e-10
2.27602e-10
2.32376e-10
2.36918e-10
2.41237e-10
2.45347e-10
2.49256e-10
2.52975e-10
2.56513e-10
2.95216e-10
3.37193e-10
3.82548e-10
4.31328e-10
4.83492e-10
5.38879e-10
5.97175e-10
6.57865e-10
7.2019e-10
7.83102e-10
8.45228e-10
9.04855e-10
9.59943e-10
1.00819e-09
1.04716e-09
1.07445e-09
1.08797e-09
1.08614e-09
1.06825e-09
1.03454e-09
9.86285e-10
9.257e-10
8.55681e-10
7.79476e-10
7.00327e-10
6.21176e-10
5.44454e-10
4.71987e-10
4.04988e-10
3.44122e-10
2.89605e-10
2.41312e-10
1.98884e-10
1.6181e-10
1.29495e-10
1.0131e-10
7.66183e-11
5.47868e-11
3.51849e-11
1.71617e-11
1.53381e-33
1.86616e-14
1.25797e-11
2.45421e-11
3.593e-11
4.67691e-11
5.70843e-11
6.68998e-11
7.62388e-11
8.51238e-11
9.35762e-11
1.01617e-10
1.09265e-10
1.1654e-10
1.2346e-10
1.30042e-10
1.36302e-10
1.42257e-10
1.47921e-10
1.53309e-10
1.58433e-10
1.63308e-10
1.67944e-10
1.72355e-10
1.76551e-10
1.80543e-10
1.8434e-10
1.87953e-10
1.9139e-10
1.9466e-10
1.97771e-10
2.00732e-10
2.03548e-10
2.3439e-10
2.67905e-10
3.04206e-10
3.43369e-10
3.85411e-10
4.30271e-10
4.77779e-10
5.27622e-10
5.79314e-10
6.32148e-10
6.85171e-10
7.37149e-10
7.86566e-10
8.31644e-10
8.70408e-10
9.00805e-10
9.20868e-10
9.28927e-10
9.23835e-10
9.05163e-10
8.7332e-10
8.29571e-10
7.75916e-10
7.14868e-10
6.49168e-10
5.81503e-10
5.14264e-10
4.49395e-10
3.88332e-10
3.32001e-10
2.80884e-10
2.35103e-10
1.94505e-10
1.5875e-10
1.2738e-10
9.98692e-11
7.56577e-11
5.41715e-11
3.48231e-11
1.69955e-11
1.6711e-33
1.47037e-14
9.916e-12
1.93459e-11
2.83233e-11
3.68688e-11
4.50022e-11
5.27424e-11
6.0108e-11
6.71164e-11
7.37847e-11
8.0129e-11
8.6165e-11
9.19073e-11
9.73703e-11
1.02567e-10
1.07512e-10
1.12215e-10
1.1669e-10
1.20947e-10
1.24997e-10
1.2885e-10
1.32515e-10
1.36003e-10
1.39321e-10
1.42478e-10
1.45482e-10
1.4834e-10
1.5106e-10
1.53648e-10
1.56111e-10
1.58454e-10
1.60685e-10
1.85123e-10
2.11724e-10
2.406e-10
2.71837e-10
3.05486e-10
3.41545e-10
3.79939e-10
4.20496e-10
4.62916e-10
5.06746e-10
5.51341e-10
5.95842e-10
6.39156e-10
6.79952e-10
7.16694e-10
7.47702e-10
7.71259e-10
7.8576e-10
7.89891e-10
7.82813e-10
7.64314e-10
7.3489e-10
6.95737e-10
6.4863e-10
5.95727e-10
5.39331e-10
4.81654e-10
4.24641e-10
3.69848e-10
3.18399e-10
2.71004e-10
2.28009e-10
1.89466e-10
1.55209e-10
1.24921e-10
9.81862e-11
7.4532e-11
5.34485e-11
3.43972e-11
1.67996e-11
1.81734e-33
1.15319e-14
7.77996e-12
1.51787e-11
2.22229e-11
2.89287e-11
3.53116e-11
4.13866e-11
4.71683e-11
5.26703e-11
5.79061e-11
6.28882e-11
6.76288e-11
7.21395e-11
7.64314e-11
8.05151e-11
8.44006e-11
8.80976e-11
9.16153e-11
9.49624e-11
9.81471e-11
1.01177e-10
1.04061e-10
1.06805e-10
1.09416e-10
1.119e-10
1.14264e-10
1.16514e-10
1.18655e-10
1.20693e-10
1.22632e-10
1.24478e-10
1.26234e-10
1.45496e-10
1.66495e-10
1.89332e-10
2.14095e-10
2.40852e-10
2.69633e-10
3.00423e-10
3.33139e-10
3.67614e-10
4.03567e-10
4.40581e-10
4.78076e-10
5.15288e-10
5.51253e-10
5.84819e-10
6.14665e-10
6.39371e-10
6.5751e-10
6.67778e-10
6.69146e-10
6.61008e-10
6.43301e-10
6.16554e-10
5.81865e-10
5.40786e-10
4.95157e-10
4.46901e-10
3.9784e-10
3.49549e-10
3.03273e-10
2.59896e-10
2.19957e-10
1.837e-10
1.51129e-10
1.2207e-10
9.62266e-11
7.32161e-11
5.26006e-11
3.38966e-11
1.6569e-11
1.97205e-33
9.0053e-15
6.07747e-12
1.18573e-11
1.73604e-11
2.25995e-11
2.75867e-11
3.23338e-11
3.68522e-11
4.11525e-11
4.52451e-11
4.914e-11
5.28465e-11
5.63738e-11
5.97305e-11
6.29247e-11
6.59644e-11
6.8857e-11
7.16096e-11
7.42291e-11
7.67219e-11
7.90941e-11
8.13517e-11
8.35001e-11
8.55448e-11
8.74907e-11
8.93426e-11
9.11052e-11
9.27828e-11
9.43794e-11
9.58991e-11
9.73456e-11
9.87224e-11
1.1383e-10
1.3032e-10
1.48285e-10
1.67806e-10
1.88953e-10
2.11775e-10
2.3629e-10
2.62473e-10
2.90241e-10
3.19431e-10
3.49787e-10
3.80932e-10
4.12348e-10
4.4336e-10
4.73131e-10
5.00664e-10
5.24834e-10
5.44446e-10
5.58319e-10
5.65396e-10
5.64875e-10
5.56326e-10
5.3978e-10
5.15765e-10
4.85266e-10
4.49629e-10
4.1041e-10
3.6921e-10
3.27525e-10
2.8663e-10
2.47521e-10
2.1089e-10
1.77146e-10
1.46454e-10
1.18782e-10
9.39534e-11
7.16827e-11
5.16091e-11
3.33097e-11
1.62982e-11
2.13432e-33
7.00384e-15
4.72812e-12
9.2248e-12
1.35064e-11
1.75827e-11
2.14634e-11
2.51575e-11
2.86739e-11
3.2021e-11
3.52068e-11
3.82389e-11
4.11248e-11
4.38714e-11
4.64855e-11
4.89734e-11
5.13411e-11
5.35946e-11
5.57393e-11
5.77805e-11
5.97231e-11
6.15721e-11
6.33319e-11
6.50068e-11
6.66009e-11
6.81182e-11
6.95625e-11
7.09371e-11
7.22456e-11
7.34911e-11
7.46766e-11
7.58052e-11
7.68794e-11
8.86735e-11
1.01562e-10
1.15623e-10
1.3093e-10
1.4755e-10
1.65537e-10
1.84927e-10
2.05728e-10
2.2791e-10
2.5139e-10
2.76018e-10
3.01559e-10
3.27677e-10
3.53915e-10
3.79683e-10
4.04255e-10
4.26776e-10
4.46293e-10
4.61803e-10
4.72331e-10
4.77025e-10
4.75259e-10
4.66733e-10
4.51538e-10
4.30174e-10
4.03514e-10
3.72714e-10
3.39083e-10
3.03948e-10
2.68536e-10
2.3388e-10
2.00773e-10
1.69756e-10
1.41134e-10
1.15011e-10
9.13293e-11
6.99031e-11
5.04535e-11
3.26234e-11
1.59809e-11
2.30272e-33
5.42636e-15
3.66413e-12
7.14897e-12
1.04672e-11
1.36266e-11
1.66345e-11
1.9498e-11
2.22239e-11
2.48188e-11
2.72889e-11
2.96401e-11
3.1878e-11
3.40082e-11
3.60358e-11
3.79657e-11
3.98027e-11
4.15511e-11
4.32153e-11
4.47994e-11
4.63071e-11
4.77423e-11
4.91084e-11
5.04087e-11
5.16464e-11
5.28246e-11
5.39461e-11
5.50137e-11
5.603e-11
5.69975e-11
5.79184e-11
5.87952e-11
5.96298e-11
6.87973e-11
7.88256e-11
8.97795e-11
1.01723e-10
1.14716e-10
1.28813e-10
1.44055e-10
1.6047e-10
1.78056e-10
1.96781e-10
2.16567e-10
2.37275e-10
2.58696e-10
2.8053e-10
3.02377e-10
3.23725e-10
3.43949e-10
3.62321e-10
3.78033e-10
3.90248e-10
3.98164e-10
4.01091e-10
3.98546e-10
3.9032e-10
3.76537e-10
3.5766e-10
3.34451e-10
3.07895e-10
2.7909e-10
2.49132e-10
2.19025e-10
1.89603e-10
1.61497e-10
1.35127e-10
1.10716e-10
8.83174e-11
6.78479e-11
4.91123e-11
3.18241e-11
1.56104e-11
2.47512e-33
4.18876e-15
2.82906e-12
5.51974e-12
8.08186e-12
1.05214e-11
1.28441e-11
1.50555e-11
1.71607e-11
1.91649e-11
2.10729e-11
2.28891e-11
2.4618e-11
2.62639e-11
2.78306e-11
2.93219e-11
3.07415e-11
3.20929e-11
3.33792e-11
3.46037e-11
3.57694e-11
3.6879e-11
3.79352e-11
3.89408e-11
3.9898e-11
4.08092e-11
4.16766e-11
4.25025e-11
4.32886e-11
4.40371e-11
4.47496e-11
4.5428e-11
4.60738e-11
5.31704e-11
6.09398e-11
6.94354e-11
7.87108e-11
8.88186e-11
9.98079e-11
1.11722e-10
1.24593e-10
1.3844e-10
1.53257e-10
1.69011e-10
1.85629e-10
2.02985e-10
2.20893e-10
2.3909e-10
2.57228e-10
2.74864e-10
2.91463e-10
3.06405e-10
3.19012e-10
3.28584e-10
3.34463e-10
3.36091e-10
3.33093e-10
3.25329e-10
3.12937e-10
2.96334e-10
2.76181e-10
2.5331e-10
2.28637e-10
2.03069e-10
1.77422e-10
1.52369e-10
1.28409e-10
1.05862e-10
8.48847e-11
6.54887e-11
4.7564e-11
3.08973e-11
1.51798e-11
2.64859e-33
3.22188e-15
2.17644e-12
4.24646e-12
6.21763e-12
8.09456e-12
9.88167e-12
1.15832e-11
1.32032e-11
1.47455e-11
1.62138e-11
1.76117e-11
1.89425e-11
2.02094e-11
2.14154e-11
2.25636e-11
2.36566e-11
2.46971e-11
2.56877e-11
2.66307e-11
2.75284e-11
2.8383e-11
2.91967e-11
2.99712e-11
3.07087e-11
3.14107e-11
3.20791e-11
3.27154e-11
3.33212e-11
3.3898e-11
3.44471e-11
3.49699e-11
3.54677e-11
4.09393e-11
4.69341e-11
5.34951e-11
6.06666e-11
6.8493e-11
7.70172e-11
8.62793e-11
9.63137e-11
1.07145e-10
1.18786e-10
1.31229e-10
1.44439e-10
1.5835e-10
1.72851e-10
1.87775e-10
2.02895e-10
2.17907e-10
2.32433e-10
2.46015e-10
2.58128e-10
2.68201e-10
2.75655e-10
2.79945e-10
2.80624e-10
2.77397e-10
2.70175e-10
2.59097e-10
2.44534e-10
2.27051e-10
2.07349e-10
1.86191e-10
1.64321e-10
1.42403e-10
1.20975e-10
1.00429e-10
8.10047e-11
6.28002e-11
4.57879e-11
2.98289e-11
1.46817e-11
2.81919e-33
2.46939e-15
1.66839e-12
3.25522e-12
4.7663e-12
6.20518e-12
7.57527e-12
8.87979e-12
1.01219e-11
1.13044e-11
1.24304e-11
1.35023e-11
1.45229e-11
1.54945e-11
1.64195e-11
1.73002e-11
1.81387e-11
1.89369e-11
1.96968e-11
2.04203e-11
2.11092e-11
2.1765e-11
2.23893e-11
2.29837e-11
2.35497e-11
2.40885e-11
2.46015e-11
2.509e-11
2.5555e-11
2.59978e-11
2.64194e-11
2.68208e-11
2.72029e-11
3.14052e-11
3.60121e-11
4.10581e-11
4.65791e-11
5.26115e-11
5.91919e-11
6.63556e-11
7.41348e-11
8.25568e-11
9.16407e-11
1.01394e-10
1.11807e-10
1.22847e-10
1.34455e-10
1.46529e-10
1.58927e-10
1.71449e-10
1.83834e-10
1.95758e-10
2.06831e-10
2.16611e-10
2.24619e-10
2.30371e-10
2.33422e-10
2.33409e-10
2.30103e-10
2.23446e-10
2.13574e-10
2.0081e-10
1.85635e-10
1.68638e-10
1.50447e-10
1.31674e-10
1.12854e-10
9.4416e-11
7.66618e-11
5.97626e-11
4.3766e-11
2.86057e-11
1.41093e-11
2.98188e-33
1.8858e-15
1.27427e-12
2.48626e-12
3.64041e-12
4.73945e-12
5.78597e-12
6.78246e-12
7.73128e-12
8.63469e-12
9.49485e-12
1.03138e-11
1.10936e-11
1.1836e-11
1.25429e-11
1.32158e-11
1.38566e-11
1.44666e-11
1.50475e-11
1.56005e-11
1.6127e-11
1.66283e-11
1.71056e-11
1.756e-11
1.79927e-11
1.84047e-11
1.87969e-11
1.91704e-11
1.9526e-11
1.98646e-11
2.0187e-11
2.0494e-11
2.07863e-11
2.4001e-11
2.75272e-11
3.13919e-11
3.56239e-11
4.02528e-11
4.53087e-11
5.08217e-11
5.68203e-11
6.33307e-11
7.03743e-11
7.79655e-11
8.61081e-11
9.47918e-11
1.03987e-10
1.13637e-10
1.23657e-10
1.33919e-10
1.44252e-10
1.54432e-10
1.64182e-10
1.73172e-10
1.81027e-10
1.87348e-10
1.91732e-10
1.93813e-10
1.93297e-10
1.90004e-10
1.839e-10
1.75109e-10
1.63911e-10
1.50713e-10
1.36003e-10
1.20302e-10
1.04105e-10
8.78445e-11
7.18558e-11
5.63652e-11
4.1485e-11
2.72167e-11
1.34566e-11
3.13037e-33
1.43463e-15
9.69519e-13
1.89166e-12
2.76981e-12
3.60605e-12
4.40235e-12
5.1606e-12
5.8826e-12
6.57008e-12
7.22468e-12
7.84796e-12
8.44141e-12
9.00647e-12
9.54449e-12
1.00568e-11
1.05445e-11
1.10089e-11
1.14511e-11
1.18721e-11
1.2273e-11
1.26547e-11
1.30181e-11
1.33641e-11
1.36936e-11
1.40073e-11
1.4306e-11
1.45905e-11
1.48613e-11
1.51192e-11
1.53648e-11
1.55986e-11
1.58212e-11
1.82705e-11
2.09581e-11
2.39055e-11
2.71353e-11
3.0671e-11
3.45372e-11
3.87586e-11
4.33596e-11
4.83636e-11
5.37914e-11
5.96599e-11
6.59795e-11
7.27518e-11
7.99658e-11
8.75941e-11
9.55872e-11
1.03869e-10
1.12329e-10
1.20821e-10
1.29152e-10
1.37086e-10
1.44344e-10
1.50611e-10
1.55552e-10
1.58832e-10
1.6015e-10
1.59267e-10
1.56041e-10
1.50452e-10
1.42614e-10
1.32763e-10
1.21243e-10
1.08456e-10
9.48304e-11
8.0766e-11
6.66061e-11
5.26096e-11
3.89388e-11
2.56547e-11
1.27191e-11
3.25715e-33
1.08687e-15
7.34575e-13
1.43326e-12
2.09862e-12
2.73224e-12
3.33561e-12
3.91016e-12
4.45727e-12
4.97823e-12
5.47429e-12
5.94663e-12
6.39639e-12
6.82464e-12
7.23242e-12
7.62069e-12
7.99039e-12
8.34242e-12
8.67761e-12
8.99677e-12
9.30066e-12
9.59003e-12
9.86557e-12
1.01279e-11
1.03777e-11
1.06156e-11
1.08421e-11
1.10578e-11
1.12632e-11
1.14588e-11
1.1645e-11
1.18223e-11
1.19912e-11
1.3849e-11
1.58884e-11
1.8126e-11
2.05794e-11
2.32672e-11
2.62089e-11
2.94246e-11
3.29344e-11
3.67584e-11
4.09152e-11
4.54215e-11
5.02903e-11
5.55291e-11
6.11377e-11
6.71051e-11
7.34061e-11
7.9997e-11
8.6811e-11
9.37532e-11
1.00697e-10
1.07477e-10
1.13895e-10
1.19714e-10
1.24668e-10
1.28477e-10
1.30863e-10
1.31576e-10
1.30423e-10
1.27291e-10
1.22169e-10
1.15157e-10
1.06455e-10
9.63474e-11
8.51685e-11
7.32642e-11
6.09564e-11
4.85141e-11
3.61315e-11
2.3918e-11
1.18945e-11
3.35356e-33
8.19547e-16
5.53945e-13
1.08083e-12
1.58259e-12
2.06042e-12
2.51544e-12
2.94875e-12
3.36136e-12
3.75427e-12
4.12841e-12
4.48467e-12
4.82391e-12
5.14693e-12
5.45452e-12
5.74741e-12
6.02631e-12
6.29187e-12
6.54474e-12
6.78553e-12
7.01481e-12
7.23313e-12
7.44102e-12
7.63898e-12
7.82748e-12
8.00698e-12
8.1779e-12
8.34066e-12
8.49564e-12
8.64323e-12
8.78376e-12
8.91759e-12
9.04503e-12
1.04474e-11
1.19872e-11
1.36774e-11
1.55315e-11
1.75641e-11
1.97903e-11
2.22262e-11
2.48881e-11
2.77925e-11
3.09555e-11
3.43921e-11
3.81153e-11
4.21352e-11
4.64568e-11
5.10787e-11
5.59901e-11
6.11681e-11
6.6574e-11
7.21497e-11
7.78132e-11
8.34554e-11
8.89371e-11
9.40877e-11
9.87075e-11
1.02574e-10
1.05451e-10
1.07109e-10
1.07341e-10
1.05988e-10
1.02959e-10
9.82501e-11
9.1946e-11
8.42159e-11
7.52946e-11
6.54549e-11
5.49766e-11
4.41157e-11
3.308e-11
2.20124e-11
1.09842e-11
3.41005e-33
6.14574e-16
4.15429e-13
8.10565e-13
1.18686e-12
1.54522e-12
1.88648e-12
2.21146e-12
2.52092e-12
2.81561e-12
3.09623e-12
3.36345e-12
3.6179e-12
3.86021e-12
4.09094e-12
4.31065e-12
4.51986e-12
4.71908e-12
4.90879e-12
5.08943e-12
5.26145e-12
5.42525e-12
5.58122e-12
5.72975e-12
5.87119e-12
6.00587e-12
6.13413e-12
6.25625e-12
6.37255e-12
6.4833e-12
6.58876e-12
6.68919e-12
6.78483e-12
7.83734e-12
8.9934e-12
1.02627e-11
1.16557e-11
1.31835e-11
1.4858e-11
1.66917e-11
1.86975e-11
2.08888e-11
2.32787e-11
2.58802e-11
2.87052e-11
3.17638e-11
3.50636e-11
3.86078e-11
4.23938e-11
4.64115e-11
5.064e-11
5.50451e-11
5.95763e-11
6.4163e-11
6.87117e-11
7.31036e-11
7.71942e-11
8.08148e-11
8.37781e-11
8.58871e-11
8.69492e-11
8.67936e-11
8.52895e-11
8.23645e-11
7.80164e-11
7.23175e-11
6.54087e-11
5.7483e-11
4.87628e-11
3.94728e-11
2.98158e-11
1.99529e-11
9.99364e-12
3.41674e-33
4.57781e-16
3.0946e-13
6.03805e-13
8.84121e-13
1.15107e-12
1.40529e-12
1.64738e-12
1.87792e-12
2.09746e-12
2.30652e-12
2.50561e-12
2.69518e-12
2.87571e-12
3.04762e-12
3.21132e-12
3.3672e-12
3.51565e-12
3.657e-12
3.79161e-12
3.91979e-12
4.04185e-12
4.15808e-12
4.26877e-12
4.37417e-12
4.47454e-12
4.57012e-12
4.66114e-12
4.74782e-12
4.83036e-12
4.90896e-12
4.98381e-12
5.05509e-12
5.83965e-12
6.70157e-12
7.6482e-12
8.68742e-12
9.82772e-12
1.10782e-11
1.24484e-11
1.39485e-11
1.55889e-11
1.73803e-11
1.93334e-11
2.14582e-11
2.37643e-11
2.62592e-11
2.89485e-11
3.18339e-11
3.49123e-11
3.81737e-11
4.15994e-11
4.51594e-11
4.88096e-11
5.24892e-11
5.61181e-11
5.95953e-11
6.27982e-11
6.55846e-11
6.77966e-11
6.92696e-11
6.9843e-11
6.9375e-11
6.77581e-11
6.49336e-11
6.09013e-11
5.57222e-11
4.95134e-11
4.24336e-11
3.46639e-11
2.63863e-11
1.77647e-11
8.93321e-12
3.36402e-33
3.38095e-16
2.28563e-13
4.45963e-13
6.53002e-13
8.50172e-13
1.03794e-12
1.21675e-12
1.38704e-12
1.5492e-12
1.70362e-12
1.85068e-12
1.99071e-12
2.12407e-12
2.25106e-12
2.37198e-12
2.48714e-12
2.5968e-12
2.70123e-12
2.80067e-12
2.89537e-12
2.98555e-12
3.07142e-12
3.1532e-12
3.23108e-12
3.30524e-12
3.37586e-12
3.44311e-12
3.50715e-12
3.56814e-12
3.62622e-12
3.68153e-12
3.7342e-12
4.31398e-12
4.95105e-12
5.65088e-12
6.41938e-12
7.26294e-12
8.18839e-12
9.20304e-12
1.03146e-11
1.15312e-11
1.28611e-11
1.43129e-11
1.58949e-11
1.76151e-11
1.94807e-11
2.14974e-11
2.3669e-11
2.59961e-11
2.84749e-11
3.10962e-11
3.38429e-11
3.66886e-11
3.95951e-11
4.25099e-11
4.53647e-11
4.80733e-11
5.05322e-11
5.26211e-11
5.42079e-11
5.51545e-11
5.53275e-11
5.46094e-11
5.29121e-11
5.01884e-11
4.64398e-11
4.17186e-11
3.61226e-11
2.9784e-11
2.28532e-11
1.5483e-11
7.81855e-12
3.24342e-33
2.4688e-16
1.66905e-13
3.25659e-13
4.76848e-13
6.20832e-13
7.57951e-13
8.88532e-13
1.01289e-12
1.13131e-12
1.24408e-12
1.35148e-12
1.45375e-12
1.55114e-12
1.64388e-12
1.7322e-12
1.81631e-12
1.8964e-12
1.97267e-12
2.0453e-12
2.11447e-12
2.18034e-12
2.24306e-12
2.3028e-12
2.35968e-12
2.41385e-12
2.46544e-12
2.51456e-12
2.56135e-12
2.6059e-12
2.64832e-12
2.68873e-12
2.72721e-12
3.15077e-12
3.61626e-12
4.12771e-12
4.68946e-12
5.30627e-12
5.98319e-12
6.7257e-12
7.53959e-12
8.43097e-12
9.40625e-12
1.0472e-11
1.16348e-11
1.29013e-11
1.42774e-11
1.57685e-11
1.73789e-11
1.91108e-11
2.09639e-11
2.29341e-11
2.50126e-11
2.71841e-11
2.94254e-11
3.17031e-11
3.39724e-11
3.61746e-11
3.8237e-11
4.00718e-11
4.15783e-11
4.26455e-11
4.31589e-11
4.30079e-11
4.20961e-11
4.03522e-11
3.77395e-11
3.42621e-11
2.99665e-11
2.49373e-11
1.92883e-11
1.31516e-11
6.6698e-12
3.04834e-33
1.77397e-16
1.19934e-13
2.34011e-13
3.42652e-13
4.46116e-13
5.44649e-13
6.38484e-13
7.27844e-13
8.12944e-13
8.93985e-13
9.71161e-13
1.04466e-12
1.11465e-12
1.1813e-12
1.24477e-12
1.30521e-12
1.36277e-12
1.41759e-12
1.46979e-12
1.5195e-12
1.56684e-12
1.61192e-12
1.65486e-12
1.69574e-12
1.73467e-12
1.77175e-12
1.80706e-12
1.84069e-12
1.87271e-12
1.90321e-12
1.93225e-12
1.95991e-12
2.26438e-12
2.59903e-12
2.96678e-12
3.37078e-12
3.81446e-12
4.30155e-12
4.83601e-12
5.42212e-12
6.0644e-12
6.76761e-12
7.53671e-12
8.37674e-12
9.29278e-12
1.02897e-11
1.13721e-11
1.25438e-11
1.38076e-11
1.51646e-11
1.66138e-11
1.8151e-11
1.97678e-11
2.14504e-11
2.31786e-11
2.49235e-11
2.66465e-11
2.82982e-11
2.9817e-11
3.11294e-11
3.21512e-11
3.27909e-11
3.29539e-11
3.25501e-11
3.15023e-11
2.97546e-11
2.72809e-11
2.40897e-11
2.02257e-11
1.57667e-11
1.08182e-11
5.50984e-12
2.77446e-33
1.24349e-16
8.40715e-14
1.64038e-13
2.40194e-13
3.12721e-13
3.81792e-13
4.4757e-13
5.10212e-13
5.69868e-13
6.26679e-13
6.80781e-13
7.32303e-13
7.81368e-13
8.28093e-13
8.7259e-13
9.14965e-13
9.55319e-13
9.93749e-13
1.03035e-12
1.0652e-12
1.09839e-12
1.12999e-12
1.16009e-12
1.18876e-12
1.21606e-12
1.24205e-12
1.26681e-12
1.29038e-12
1.31284e-12
1.33422e-12
1.35458e-12
1.37397e-12
1.58747e-12
1.82214e-12
2.08006e-12
2.36344e-12
2.67472e-12
3.01652e-12
3.39169e-12
3.80325e-12
4.25446e-12
4.74874e-12
5.2897e-12
5.88105e-12
6.52656e-12
7.22997e-12
7.99484e-12
8.82437e-12
9.72116e-12
1.06869e-11
1.17217e-11
1.28242e-11
1.39899e-11
1.52111e-11
1.64757e-11
1.77658e-11
1.9057e-11
2.03166e-11
2.15032e-11
2.25655e-11
2.3443e-11
2.40669e-11
2.43628e-11
2.42551e-11
2.36728e-11
2.25566e-11
2.08662e-11
1.8587e-11
1.57344e-11
1.23556e-11
8.52826e-12
4.36118e-12
2.41912e-33
8.35044e-17
5.64579e-14
1.10159e-13
1.61302e-13
2.10007e-13
2.56392e-13
3.00566e-13
3.42634e-13
3.82697e-13
4.20849e-13
4.57183e-13
4.91784e-13
5.24736e-13
5.56116e-13
5.86e-13
6.14459e-13
6.41561e-13
6.67371e-13
6.9195e-13
7.15357e-13
7.37648e-13
7.58876e-13
7.79092e-13
7.98344e-13
8.16679e-13
8.34139e-13
8.50767e-13
8.66602e-13
8.81683e-13
8.96044e-13
9.09721e-13
9.22746e-13
1.06615e-12
1.22379e-12
1.39706e-12
1.58746e-12
1.79664e-12
2.02637e-12
2.27857e-12
2.55533e-12
2.85884e-12
3.19148e-12
3.55571e-12
3.95413e-12
4.38939e-12
4.86414e-12
5.38099e-12
5.94234e-12
6.5503e-12
7.2064e-12
7.9114e-12
8.66489e-12
9.46488e-12
1.03072e-11
1.1185e-11
1.20875e-11
1.3e-11
1.39018e-11
1.47664e-11
1.556e-11
1.62417e-11
1.67633e-11
1.70709e-11
1.7107e-11
1.68145e-11
1.61411e-11
1.50457e-11
1.35041e-11
1.15143e-11
9.1004e-12
6.31487e-12
3.24109e-12
1.97903e-33
5.13386e-17
3.47109e-14
6.77268e-14
9.91699e-14
1.29115e-13
1.57633e-13
1.84792e-13
2.10656e-13
2.35287e-13
2.58745e-13
2.81084e-13
3.02358e-13
3.22617e-13
3.41911e-13
3.60285e-13
3.77783e-13
3.94447e-13
4.10316e-13
4.25428e-13
4.39821e-13
4.53526e-13
4.66579e-13
4.79009e-13
4.90847e-13
5.0212e-13
5.12856e-13
5.2308e-13
5.32817e-13
5.4209e-13
5.50921e-13
5.59331e-13
5.6734e-13
6.5552e-13
7.52461e-13
8.59018e-13
9.76121e-13
1.10479e-12
1.24611e-12
1.40129e-12
1.57161e-12
1.75844e-12
1.96326e-12
2.18763e-12
2.43316e-12
2.70155e-12
2.9945e-12
3.31371e-12
3.66077e-12
4.03712e-12
4.44393e-12
4.88191e-12
5.35114e-12
5.8508e-12
6.37883e-12
6.93155e-12
7.50315e-12
8.08515e-12
8.66577e-12
9.22928e-12
9.75545e-12
1.02191e-11
1.05901e-11
1.08336e-11
1.09113e-11
1.07835e-11
1.0412e-11
9.76395e-12
8.81653e-12
7.56113e-12
6.00746e-12
4.18679e-12
2.15531e-12
1.44526e-33
2.46476e-17
1.66648e-14
3.25159e-14
4.76119e-14
6.19886e-14
7.56802e-14
8.87194e-14
1.01137e-13
1.12963e-13
1.24225e-13
1.3495e-13
1.45164e-13
1.54891e-13
1.64155e-13
1.72976e-13
1.81377e-13
1.89378e-13
1.96997e-13
2.04253e-13
2.11163e-13
2.17744e-13
2.24011e-13
2.29979e-13
2.35662e-13
2.41075e-13
2.4623e-13
2.51139e-13
2.55814e-13
2.60266e-13
2.64506e-13
2.68544e-13
2.7239e-13
3.1473e-13
3.61278e-13
4.12445e-13
4.6868e-13
5.30471e-13
5.98348e-13
6.72886e-13
7.54706e-13
8.44475e-13
9.42906e-13
1.05075e-12
1.16881e-12
1.29791e-12
1.43888e-12
1.59257e-12
1.75978e-12
1.94126e-12
2.13762e-12
2.34928e-12
2.57638e-12
2.81867e-12
3.0753e-12
3.34469e-12
3.62428e-12
3.91024e-12
4.19716e-12
4.47775e-12
4.74247e-12
4.97931e-12
5.17365e-12
5.30832e-12
5.36406e-12
5.32036e-12
5.15691e-12
4.85544e-12
4.40213e-12
3.79015e-12
3.02215e-12
2.11251e-12
1.08974e-12
7.93841e-34
7.29175e-42
9.6004e-41
3.15758e-40
6.34428e-40
1.0194e-39
1.4446e-39
1.88945e-39
2.33787e-39
2.7775e-39
3.19907e-39
3.59579e-39
3.96293e-39
4.29739e-39
4.59739e-39
4.86219e-39
5.09188e-39
5.28714e-39
5.44917e-39
5.57949e-39
5.67986e-39
5.75222e-39
5.79859e-39
5.82102e-39
5.8216e-39
5.80233e-39
5.76518e-39
5.71206e-39
5.64475e-39
5.56497e-39
5.4743e-39
5.37423e-39
3.55926e-38
8.43571e-38
1.22217e-37
1.75168e-37
2.48781e-37
3.50585e-37
4.90739e-37
6.82922e-37
9.45518e-37
1.30318e-36
1.78893e-36
2.44686e-36
3.33579e-36
4.53396e-36
6.14521e-36
8.30694e-36
1.12004e-35
1.50638e-35
2.02088e-35
2.70408e-35
3.60841e-35
4.80108e-35
6.36749e-35
8.41472e-35
1.1075e-34
1.45082e-34
1.89028e-34
2.44719e-34
3.14445e-34
4.00446e-34
5.04563e-34
6.2767e-34
7.68841e-34
9.24183e-34
1.08534e-33
1.2377e-33
1.35845e-33
1.41476e-33
1.36256e-33
1.14668e-33
7.03887e-34
2.75638e-34
