-4.89237e-40
-6.44134e-39
-2.11857e-38
-4.25666e-38
-6.83957e-38
-9.69248e-38
-1.26772e-37
-1.56858e-37
-1.86354e-37
-2.14638e-37
-2.41256e-37
-2.65888e-37
-2.88328e-37
-3.08456e-37
-3.26222e-37
-3.41632e-37
-3.54733e-37
-3.65604e-37
-3.74347e-37
-3.8108e-37
-3.85935e-37
-3.89045e-37
-3.9055e-37
-3.90588e-37
-3.89295e-37
-3.86802e-37
-3.83238e-37
-3.78721e-37
-3.73368e-37
-3.67284e-37
-3.60571e-37
-2.38798e-36
-5.65965e-36
-8.19962e-36
-1.1752e-35
-1.66902e-35
-2.35194e-35
-3.29207e-35
-4.58113e-35
-6.34233e-35
-8.74091e-35
-1.19981e-34
-1.64091e-34
-2.23679e-34
-3.03978e-34
-4.11933e-34
-5.56723e-34
-7.50449e-34
-1.00899e-33
-1.35309e-33
-1.80971e-33
-2.4136e-33
-3.20922e-33
-4.25287e-33
-5.61484e-33
-7.3815e-33
-9.65664e-33
-1.25614e-32
-1.62314e-32
-2.081e-32
-2.64334e-32
-3.32077e-32
-4.11713e-32
-5.02413e-32
-6.01414e-32
-7.03112e-32
-7.98012e-32
-8.71623e-32
-9.03452e-32
-8.66324e-32
-7.26417e-32
-4.44811e-32
-8.32026e-33
2.84836e-17
1.92583e-14
3.75761e-14
5.50214e-14
7.16354e-14
8.74578e-14
1.02526e-13
1.16876e-13
1.30542e-13
1.43557e-13
1.55951e-13
1.67754e-13
1.78995e-13
1.897e-13
1.99894e-13
2.09602e-13
2.18848e-13
2.27652e-13
2.36037e-13
2.44022e-13
2.51627e-13
2.58869e-13
2.65765e-13
2.72333e-13
2.78588e-13
2.84545e-13
2.90217e-13
2.9562e-13
3.00765e-13
3.05664e-13
3.1033e-13
3.14774e-13
3.637e-13
4.17487e-13
4.7661e-13
5.41586e-13
6.12978e-13
6.91398e-13
7.77507e-13
8.72021e-13
9.75705e-13
1.08938e-12
1.21391e-12
1.3502e-12
1.4992e-12
1.66185e-12
1.83911e-12
2.03188e-12
2.24097e-12
2.46705e-12
2.71055e-12
2.97154e-12
3.24961e-12
3.54367e-12
3.85174e-12
4.17067e-12
4.49581e-12
4.82071e-12
5.13669e-12
5.43254e-12
5.69429e-12
5.90505e-12
6.0453e-12
6.09342e-12
6.02687e-12
5.82382e-12
5.46544e-12
4.93841e-12
4.23757e-12
3.36826e-12
2.34812e-12
1.20898e-12
-4.75352e-32
5.95522e-17
4.02639e-14
7.85618e-14
1.15035e-13
1.49771e-13
1.82851e-13
2.14354e-13
2.44356e-13
2.72928e-13
3.00137e-13
3.2605e-13
3.50727e-13
3.74227e-13
3.96607e-13
4.1792e-13
4.38216e-13
4.57545e-13
4.75952e-13
4.93482e-13
5.10176e-13
5.26074e-13
5.41214e-13
5.55632e-13
5.69362e-13
5.82439e-13
5.94891e-13
6.0675e-13
6.18044e-13
6.288e-13
6.39043e-13
6.48797e-13
6.58087e-13
7.60365e-13
8.72803e-13
9.96388e-13
1.1322e-12
1.28141e-12
1.44529e-12
1.62523e-12
1.82269e-12
2.03927e-12
2.27667e-12
2.53667e-12
2.82113e-12
3.13197e-12
3.47114e-12
3.84053e-12
4.24194e-12
4.67693e-12
5.14672e-12
5.65199e-12
6.19262e-12
6.7674e-12
7.37364e-12
8.00669e-12
8.65937e-12
9.32135e-12
9.97842e-12
1.06119e-11
1.11978e-11
1.17069e-11
1.21043e-11
1.23506e-11
1.24031e-11
1.22185e-11
1.17566e-11
1.09843e-11
9.88107e-12
8.44261e-12
6.68466e-12
4.64517e-12
2.38637e-12
-8.64431e-32
9.74298e-17
6.58724e-14
1.28528e-13
1.88199e-13
2.45026e-13
2.99145e-13
3.50684e-13
3.99767e-13
4.46509e-13
4.91023e-13
5.33415e-13
5.73785e-13
6.1223e-13
6.48842e-13
6.83708e-13
7.16911e-13
7.48531e-13
7.78643e-13
8.07319e-13
8.34628e-13
8.60634e-13
8.85401e-13
9.08986e-13
9.31447e-13
9.52837e-13
9.73207e-13
9.92607e-13
1.01108e-12
1.02867e-12
1.04543e-12
1.06139e-12
1.07658e-12
1.24388e-12
1.42778e-12
1.6299e-12
1.852e-12
2.09597e-12
2.3639e-12
2.65801e-12
2.9807e-12
3.33454e-12
3.72224e-12
4.14666e-12
4.61077e-12
5.11759e-12
5.67013e-12
6.27132e-12
6.92381e-12
7.62985e-12
8.39097e-12
9.20773e-12
1.00792e-11
1.10026e-11
1.19725e-11
1.29799e-11
1.40118e-11
1.50497e-11
1.60687e-11
1.7037e-11
1.79147e-11
1.86539e-11
1.91993e-11
1.94902e-11
1.94632e-11
1.90572e-11
1.82192e-11
1.69101e-11
1.51117e-11
1.28308e-11
1.01017e-11
6.98701e-12
3.57798e-12
-1.1816e-31
1.46213e-16
9.88523e-14
1.92877e-13
2.82422e-13
3.677e-13
4.48914e-13
5.26255e-13
5.9991e-13
6.70052e-13
7.3685e-13
8.00462e-13
8.6104e-13
9.18729e-13
9.73667e-13
1.02598e-12
1.07581e-12
1.12325e-12
1.16844e-12
1.21146e-12
1.25244e-12
1.29146e-12
1.32862e-12
1.36401e-12
1.39771e-12
1.4298e-12
1.46037e-12
1.48947e-12
1.51719e-12
1.54359e-12
1.56873e-12
1.59267e-12
1.61547e-12
1.86646e-12
2.14234e-12
2.44552e-12
2.77861e-12
3.14446e-12
3.54614e-12
3.98696e-12
4.47046e-12
5.00041e-12
5.5808e-12
6.21577e-12
6.9096e-12
7.66658e-12
8.49095e-12
9.38664e-12
1.03571e-11
1.14051e-11
1.25319e-11
1.37374e-11
1.50187e-11
1.63699e-11
1.77807e-11
1.92355e-11
2.07119e-11
2.21793e-11
2.35981e-11
2.49182e-11
2.60789e-11
2.70096e-11
2.7632e-11
2.78631e-11
2.76215e-11
2.68341e-11
2.54443e-11
2.34195e-11
2.07571e-11
1.74873e-11
1.36724e-11
9.40337e-12
4.79677e-12
-1.44111e-31
2.10604e-16
1.42382e-13
2.77812e-13
4.06788e-13
5.29617e-13
6.46591e-13
7.57987e-13
8.64072e-13
9.65097e-13
1.0613e-12
1.15292e-12
1.24017e-12
1.32326e-12
1.40238e-12
1.47773e-12
1.54948e-12
1.61781e-12
1.68288e-12
1.74484e-12
1.80385e-12
1.86005e-12
1.91356e-12
1.96452e-12
2.01306e-12
2.05927e-12
2.10328e-12
2.1452e-12
2.18511e-12
2.22312e-12
2.25932e-12
2.29379e-12
2.32662e-12
2.68801e-12
3.0852e-12
3.52163e-12
4.00103e-12
4.52746e-12
5.10529e-12
5.73921e-12
6.43421e-12
7.19558e-12
8.02888e-12
8.93982e-12
9.93423e-12
1.10179e-11
1.21962e-11
1.34742e-11
1.48559e-11
1.63437e-11
1.79383e-11
1.96372e-11
2.14338e-11
2.33167e-11
2.52674e-11
2.72594e-11
2.92561e-11
3.12094e-11
3.30581e-11
3.47281e-11
3.61323e-11
3.71734e-11
3.77481e-11
3.77538e-11
3.70973e-11
3.57044e-11
3.35295e-11
3.05626e-11
2.6833e-11
2.24073e-11
1.73832e-11
1.18805e-11
6.03456e-12
-1.64841e-31
2.96497e-16
2.00444e-13
3.91099e-13
5.72668e-13
7.45582e-13
9.10252e-13
1.06707e-12
1.21641e-12
1.35862e-12
1.49405e-12
1.62302e-12
1.74583e-12
1.86279e-12
1.97416e-12
2.08022e-12
2.18121e-12
2.27739e-12
2.36898e-12
2.45619e-12
2.53925e-12
2.61834e-12
2.69366e-12
2.76539e-12
2.83369e-12
2.89873e-12
2.96067e-12
3.01966e-12
3.07583e-12
3.12933e-12
3.18027e-12
3.22878e-12
3.27498e-12
3.78352e-12
4.34236e-12
4.95629e-12
5.63052e-12
6.3707e-12
7.18285e-12
8.07344e-12
9.04933e-12
1.01177e-11
1.12861e-11
1.2562e-11
1.39531e-11
1.54667e-11
1.71095e-11
1.88872e-11
2.08036e-11
2.28603e-11
2.50551e-11
2.73812e-11
2.98253e-11
3.23662e-11
3.49725e-11
3.76005e-11
4.01923e-11
4.26744e-11
4.49568e-11
4.69336e-11
4.84863e-11
4.94885e-11
4.98144e-11
4.93491e-11
4.80003e-11
4.571e-11
4.24636e-11
3.82932e-11
3.32761e-11
2.75256e-11
2.11782e-11
1.4379e-11
7.27127e-12
-1.80575e-31
4.11575e-16
2.78229e-13
5.42869e-13
7.94897e-13
1.03491e-12
1.26347e-12
1.48114e-12
1.68842e-12
1.88581e-12
2.07377e-12
2.25277e-12
2.42322e-12
2.58554e-12
2.74011e-12
2.8873e-12
3.02746e-12
3.16093e-12
3.28803e-12
3.40906e-12
3.52432e-12
3.63407e-12
3.73858e-12
3.83811e-12
3.93289e-12
4.02314e-12
4.10909e-12
4.19093e-12
4.26887e-12
4.34309e-12
4.41377e-12
4.48108e-12
4.54518e-12
5.25069e-12
6.02583e-12
6.8772e-12
7.81194e-12
8.83773e-12
9.96278e-12
1.11958e-11
1.25461e-11
1.4023e-11
1.56365e-11
1.73964e-11
1.93121e-11
2.13926e-11
2.36454e-11
2.6076e-11
2.86872e-11
3.14773e-11
3.44388e-11
3.75568e-11
4.08064e-11
4.41503e-11
4.75365e-11
5.08957e-11
5.41392e-11
5.71582e-11
5.98249e-11
6.19954e-11
6.35165e-11
6.42354e-11
6.40123e-11
6.27354e-11
6.03343e-11
5.67912e-11
5.21458e-11
4.64923e-11
3.99689e-11
3.27407e-11
2.49802e-11
1.6848e-11
8.48217e-12
-1.91515e-31
5.66057e-16
3.82638e-13
7.46586e-13
1.09319e-12
1.42326e-12
1.73758e-12
2.03691e-12
2.32196e-12
2.59339e-12
2.85187e-12
3.09801e-12
3.33239e-12
3.55558e-12
3.76811e-12
3.97048e-12
4.1632e-12
4.34671e-12
4.52145e-12
4.68785e-12
4.8463e-12
4.99719e-12
5.14087e-12
5.27769e-12
5.40798e-12
5.53205e-12
5.65019e-12
5.76269e-12
5.86983e-12
5.97185e-12
6.069e-12
6.16152e-12
6.24962e-12
7.21923e-12
8.28429e-12
9.45378e-12
1.07373e-11
1.21453e-11
1.36887e-11
1.53791e-11
1.72286e-11
1.92496e-11
2.14546e-11
2.38559e-11
2.64648e-11
2.92913e-11
3.2343e-11
3.56239e-11
3.91329e-11
4.2862e-11
4.6794e-11
5.08994e-11
5.51342e-11
5.9436e-11
6.37214e-11
6.78836e-11
7.17913e-11
7.52895e-11
7.82041e-11
8.03496e-11
8.1541e-11
8.16095e-11
8.04202e-11
7.78896e-11
7.39981e-11
6.87968e-11
6.24037e-11
5.49909e-11
4.67637e-11
3.79359e-11
2.87059e-11
1.92361e-11
9.64307e-12
-1.97965e-31
7.73649e-16
5.22928e-13
1.02031e-12
1.49398e-12
1.94506e-12
2.37461e-12
2.78366e-12
3.17317e-12
3.54409e-12
3.89728e-12
4.23361e-12
4.55386e-12
4.85882e-12
5.1492e-12
5.4257e-12
5.68899e-12
5.9397e-12
6.17843e-12
6.40575e-12
6.6222e-12
6.82832e-12
7.02459e-12
7.21148e-12
7.38944e-12
7.5589e-12
7.72027e-12
7.87393e-12
8.02026e-12
8.15959e-12
8.29228e-12
8.41863e-12
8.53894e-12
9.86295e-12
1.13169e-11
1.29129e-11
1.46637e-11
1.65833e-11
1.86861e-11
2.09872e-11
2.35023e-11
2.62471e-11
2.92372e-11
3.2487e-11
3.60094e-11
3.98145e-11
4.39079e-11
4.82892e-11
5.29495e-11
5.78688e-11
6.30125e-11
6.83277e-11
7.37397e-11
7.91477e-11
8.44226e-11
8.94054e-11
9.39084e-11
9.77205e-11
1.00617e-10
1.02373e-10
1.02785e-10
1.01692e-10
9.89941e-11
9.46713e-11
8.87901e-11
8.14995e-11
7.3015e-11
6.35934e-11
5.35036e-11
4.2996e-11
3.22785e-11
2.14981e-11
1.07337e-11
-2.00367e-31
1.05282e-15
7.11565e-13
1.38836e-12
2.03289e-12
2.64666e-12
3.23113e-12
3.78769e-12
4.31766e-12
4.82231e-12
5.30284e-12
5.76039e-12
6.19607e-12
6.61092e-12
7.00593e-12
7.38205e-12
7.74018e-12
8.08119e-12
8.40589e-12
8.71507e-12
9.00946e-12
9.28978e-12
9.55669e-12
9.81084e-12
1.00528e-11
1.02833e-11
1.05027e-11
1.07117e-11
1.09106e-11
1.11001e-11
1.12805e-11
1.14522e-11
1.16158e-11
1.34156e-11
1.53914e-11
1.75592e-11
1.99362e-11
2.25404e-11
2.53908e-11
2.8507e-11
3.19086e-11
3.56151e-11
3.96448e-11
4.40142e-11
4.87363e-11
5.38187e-11
5.92618e-11
6.50559e-11
7.11773e-11
7.75848e-11
8.42151e-11
9.09778e-11
9.77513e-11
1.04379e-10
1.10667e-10
1.16388e-10
1.21286e-10
1.25087e-10
1.27519e-10
1.28336e-10
1.27342e-10
1.24422e-10
1.19554e-10
1.12825e-10
1.04424e-10
9.46185e-11
8.37317e-11
7.20999e-11
6.00401e-11
4.78198e-11
3.56351e-11
2.35993e-11
1.17392e-11
-1.09524e-31
1.07856e-15
7.28954e-13
1.42229e-12
2.08257e-12
2.71134e-12
3.31009e-12
3.88024e-12
4.42316e-12
4.94014e-12
5.4324e-12
5.90113e-12
6.34745e-12
6.77242e-12
7.17708e-12
7.56238e-12
7.92925e-12
8.27858e-12
8.61121e-12
8.92792e-12
9.22949e-12
9.51665e-12
9.79007e-12
1.00504e-11
1.02983e-11
1.05344e-11
1.07592e-11
1.09732e-11
1.1177e-11
1.13711e-11
1.15559e-11
1.17318e-11
1.18994e-11
1.3743e-11
1.57668e-11
1.79872e-11
2.04218e-11
2.3089e-11
2.60082e-11
2.91991e-11
3.2682e-11
3.64765e-11
4.06013e-11
4.50728e-11
4.99038e-11
5.5102e-11
6.06669e-11
6.65877e-11
7.28393e-11
7.93783e-11
8.61384e-11
9.30254e-11
9.99133e-11
1.0664e-10
1.13006e-10
1.18778e-10
1.23693e-10
1.27473e-10
1.29843e-10
1.30557e-10
1.2942e-10
1.26323e-10
1.21253e-10
1.14306e-10
1.05683e-10
9.56626e-11
8.45744e-11
7.27614e-11
6.05434e-11
4.81879e-11
3.58893e-11
2.37575e-11
1.18146e-11
-1.53909e-32
1.42781e-15
9.64907e-13
1.88266e-12
2.75664e-12
3.5889e-12
4.38141e-12
5.13605e-12
5.85462e-12
6.53882e-12
7.1903e-12
7.81061e-12
8.40125e-12
8.96361e-12
9.49906e-12
1.00089e-11
1.04943e-11
1.09565e-11
1.13966e-11
1.18156e-11
1.22145e-11
1.25944e-11
1.29561e-11
1.33005e-11
1.36284e-11
1.39406e-11
1.42379e-11
1.4521e-11
1.47905e-11
1.50472e-11
1.52916e-11
1.55243e-11
1.57459e-11
1.81834e-11
2.08582e-11
2.37915e-11
2.70057e-11
3.05244e-11
3.43719e-11
3.85728e-11
4.31514e-11
4.81309e-11
5.35318e-11
5.9371e-11
6.56586e-11
7.23963e-11
7.95728e-11
8.71605e-11
9.51102e-11
1.03346e-10
1.11757e-10
1.20198e-10
1.28477e-10
1.36359e-10
1.43566e-10
1.49786e-10
1.54686e-10
1.57934e-10
1.59233e-10
1.58345e-10
1.55132e-10
1.49574e-10
1.41784e-10
1.31997e-10
1.20552e-10
1.07848e-10
9.43062e-11
8.03259e-11
6.62471e-11
5.23278e-11
3.87305e-11
2.55172e-11
1.26507e-11
-1.56475e-32
1.93167e-15
1.30525e-12
2.5467e-12
3.72891e-12
4.85466e-12
5.92661e-12
6.94731e-12
7.91917e-12
8.84452e-12
9.72557e-12
1.05644e-11
1.13631e-11
1.21235e-11
1.28475e-11
1.35368e-11
1.41931e-11
1.4818e-11
1.54129e-11
1.59793e-11
1.65185e-11
1.7032e-11
1.75208e-11
1.79863e-11
1.84294e-11
1.88514e-11
1.92531e-11
1.96356e-11
1.99998e-11
2.03466e-11
2.06768e-11
2.09912e-11
2.12905e-11
2.45828e-11
2.81938e-11
3.21513e-11
3.64844e-11
4.12234e-11
4.63988e-11
5.20409e-11
5.81788e-11
6.48385e-11
7.20412e-11
7.98004e-11
8.81191e-11
9.69847e-11
1.06365e-10
1.162e-10
1.26399e-10
1.36829e-10
1.4731e-10
1.57611e-10
1.67444e-10
1.7647e-10
1.84308e-10
1.9055e-10
1.94791e-10
1.96668e-10
1.95895e-10
1.92305e-10
1.85879e-10
1.7676e-10
1.65247e-10
1.51759e-10
1.36796e-10
1.20881e-10
1.04511e-10
8.81162e-11
7.20271e-11
5.64652e-11
4.15375e-11
2.72404e-11
1.34648e-11
-1.58003e-32
2.60711e-15
1.76138e-12
3.43664e-12
5.03193e-12
6.55099e-12
7.9974e-12
9.37459e-12
1.06858e-11
1.19343e-11
1.31229e-11
1.42545e-11
1.53318e-11
1.63575e-11
1.7334e-11
1.82636e-11
1.91486e-11
1.99912e-11
2.07934e-11
2.15571e-11
2.22842e-11
2.29763e-11
2.36354e-11
2.42628e-11
2.48601e-11
2.54288e-11
2.59703e-11
2.64858e-11
2.69766e-11
2.74439e-11
2.78888e-11
2.83125e-11
2.87158e-11
3.31505e-11
3.80116e-11
4.33352e-11
4.91585e-11
5.55198e-11
6.24566e-11
7.00052e-11
7.81984e-11
8.70631e-11
9.66171e-11
1.06865e-10
1.17793e-10
1.29364e-10
1.41506e-10
1.54108e-10
1.67011e-10
1.79996e-10
1.9278e-10
2.05012e-10
2.16279e-10
2.26111e-10
2.34009e-10
2.39478e-10
2.42071e-10
2.41437e-10
2.37376e-10
2.2987e-10
2.19101e-10
2.05441e-10
1.89416e-10
1.71646e-10
1.52782e-10
1.3344e-10
1.14158e-10
9.5353e-11
7.73151e-11
6.02014e-11
4.40455e-11
2.87675e-11
1.41825e-11
-9.18422e-33
2.75299e-15
1.85987e-12
3.62882e-12
5.31331e-12
6.9173e-12
8.44456e-12
9.89873e-12
1.12832e-11
1.26014e-11
1.38564e-11
1.50512e-11
1.61887e-11
1.72716e-11
1.83026e-11
1.92841e-11
2.02185e-11
2.11081e-11
2.1955e-11
2.27613e-11
2.35288e-11
2.42596e-11
2.49553e-11
2.56177e-11
2.62483e-11
2.68486e-11
2.74202e-11
2.79644e-11
2.84825e-11
2.89758e-11
2.94455e-11
2.98927e-11
3.03185e-11
3.49995e-11
4.01299e-11
4.57476e-11
5.18915e-11
5.86013e-11
6.5916e-11
7.3873e-11
8.25054e-11
9.18399e-11
1.01893e-10
1.12667e-10
1.24144e-10
1.36279e-10
1.48993e-10
1.62161e-10
1.75607e-10
1.89094e-10
2.02316e-10
2.14896e-10
2.26393e-10
2.36313e-10
2.44133e-10
2.49347e-10
2.51502e-10
2.50261e-10
2.45447e-10
2.37081e-10
2.2539e-10
2.10795e-10
1.93865e-10
1.75258e-10
1.55648e-10
1.35665e-10
1.15848e-10
9.6609e-11
7.82252e-11
6.08398e-11
4.44715e-11
2.90258e-11
1.43035e-11
-3.71451e-33
3.50849e-15
2.36992e-12
4.62394e-12
6.7703e-12
8.81403e-12
1.07599e-11
1.26126e-11
1.43765e-11
1.60558e-11
1.76544e-11
1.91764e-11
2.06252e-11
2.20045e-11
2.33175e-11
2.45674e-11
2.57573e-11
2.689e-11
2.79683e-11
2.89948e-11
2.9972e-11
3.09023e-11
3.17879e-11
3.2631e-11
3.34337e-11
3.41978e-11
3.49252e-11
3.56178e-11
3.62771e-11
3.69048e-11
3.75024e-11
3.80714e-11
3.86131e-11
4.45671e-11
5.10889e-11
5.82248e-11
6.60219e-11
7.45271e-11
8.37858e-11
9.3839e-11
1.04721e-10
1.16455e-10
1.2905e-10
1.42489e-10
1.5673e-10
1.71687e-10
1.87229e-10
2.03162e-10
2.19221e-10
2.35062e-10
2.50258e-10
2.643e-10
2.76614e-10
2.86585e-10
2.93602e-10
2.97113e-10
2.96685e-10
2.92071e-10
2.8325e-10
2.70452e-10
2.54143e-10
2.34978e-10
2.13729e-10
1.91205e-10
1.68173e-10
1.45298e-10
1.23105e-10
1.0196e-10
8.20773e-11
6.35274e-11
4.62572e-11
3.01048e-11
1.4808e-11
-5.07775e-33
4.71292e-15
3.18279e-12
6.20988e-12
9.0923e-12
1.18368e-11
1.44497e-11
1.69374e-11
1.93056e-11
2.15601e-11
2.37062e-11
2.57491e-11
2.76938e-11
2.95449e-11
3.13069e-11
3.29841e-11
3.45806e-11
3.61003e-11
3.75468e-11
3.89238e-11
4.02345e-11
4.14821e-11
4.26697e-11
4.38003e-11
4.48764e-11
4.59009e-11
4.68761e-11
4.78044e-11
4.86882e-11
4.95296e-11
5.03305e-11
5.1093e-11
5.18189e-11
5.97943e-11
6.85229e-11
7.8063e-11
8.8473e-11
9.98094e-11
1.12124e-10
1.2546e-10
1.39848e-10
1.553e-10
1.71802e-10
1.893e-10
2.07698e-10
2.26836e-10
2.46481e-10
2.66313e-10
2.85914e-10
3.04764e-10
3.22239e-10
3.37635e-10
3.50194e-10
3.59163e-10
3.63854e-10
3.63732e-10
3.58485e-10
3.48084e-10
3.32815e-10
3.13255e-10
2.90222e-10
2.64677e-10
2.37626e-10
2.10022e-10
1.8269e-10
1.56283e-10
1.31261e-10
1.07899e-10
8.63064e-11
6.64513e-11
4.81857e-11
3.12637e-11
1.5348e-11
-5.30206e-33
6.31867e-15
4.26608e-12
8.32338e-12
1.21866e-11
1.58648e-11
1.93665e-11
2.27001e-11
2.58733e-11
2.88939e-11
3.1769e-11
3.45056e-11
3.71103e-11
3.95894e-11
4.1949e-11
4.41948e-11
4.63323e-11
4.83667e-11
5.0303e-11
5.21459e-11
5.38999e-11
5.55695e-11
5.71585e-11
5.8671e-11
6.01107e-11
6.1481e-11
6.27853e-11
6.40269e-11
6.52088e-11
6.63337e-11
6.74047e-11
6.84241e-11
6.93945e-11
8.00511e-11
9.17022e-11
1.0442e-10
1.18275e-10
1.33333e-10
1.49647e-10
1.6726e-10
1.86188e-10
2.06416e-10
2.27885e-10
2.50481e-10
2.74014e-10
2.98204e-10
3.22666e-10
3.46893e-10
3.70251e-10
3.91979e-10
4.11212e-10
4.27019e-10
4.38464e-10
4.44695e-10
4.45039e-10
4.39101e-10
4.26836e-10
4.0859e-10
3.85076e-10
3.57308e-10
3.26482e-10
2.9385e-10
2.60599e-10
2.27754e-10
1.96124e-10
1.66284e-10
1.38581e-10
1.13164e-10
9.00159e-11
6.89936e-11
4.98508e-11
3.2259e-11
1.58102e-11
-4.96791e-33
8.453e-15
5.70529e-12
1.11312e-11
1.62975e-11
2.12159e-11
2.5898e-11
3.03548e-11
3.4597e-11
3.86346e-11
4.24773e-11
4.61345e-11
4.9615e-11
5.29273e-11
5.60795e-11
5.90793e-11
6.1934e-11
6.46507e-11
6.72361e-11
6.96965e-11
7.2038e-11
7.42663e-11
7.6387e-11
7.84053e-11
8.03262e-11
8.21544e-11
8.38943e-11
8.55503e-11
8.71265e-11
8.86268e-11
9.00547e-11
9.14139e-11
9.27077e-11
1.06906e-10
1.22411e-10
1.3931e-10
1.57684e-10
1.77604e-10
1.99122e-10
2.22264e-10
2.47016e-10
2.73313e-10
3.01021e-10
3.29916e-10
3.59664e-10
3.89801e-10
4.19717e-10
4.4864e-10
4.75643e-10
4.99665e-10
5.1956e-10
5.34169e-10
5.4243e-10
5.43496e-10
5.36858e-10
5.22441e-10
5.00655e-10
4.72375e-10
4.38849e-10
4.01566e-10
3.62083e-10
3.2188e-10
2.82233e-10
2.4415e-10
2.08345e-10
1.75251e-10
1.45062e-10
1.17774e-10
9.3235e-11
7.11831e-11
5.12763e-11
3.31073e-11
1.62029e-11
-4.63066e-33
1.12823e-14
7.61207e-12
1.48512e-11
2.17435e-11
2.83047e-11
3.45501e-11
4.04944e-11
4.61517e-11
5.15356e-11
5.6659e-11
6.15342e-11
6.61733e-11
7.05876e-11
7.47878e-11
7.87843e-11
8.25871e-11
8.62054e-11
8.96483e-11
9.29242e-11
9.60414e-11
9.90076e-11
1.0183e-10
1.04516e-10
1.07072e-10
1.09504e-10
1.11818e-10
1.14021e-10
1.16117e-10
1.18112e-10
1.2001e-10
1.21817e-10
1.23537e-10
1.42397e-10
1.62963e-10
1.85336e-10
2.09607e-10
2.35843e-10
2.64082e-10
2.94313e-10
3.26467e-10
3.60387e-10
3.9581e-10
4.32343e-10
4.69429e-10
5.06333e-10
5.42122e-10
5.75667e-10
6.05672e-10
6.30724e-10
6.49389e-10
6.60341e-10
6.62509e-10
6.55232e-10
6.38385e-10
6.12444e-10
5.78468e-10
5.37992e-10
4.92858e-10
4.45003e-10
3.96272e-10
3.48259e-10
3.02222e-10
2.59051e-10
2.1929e-10
1.8318e-10
1.5073e-10
1.21769e-10
9.60025e-11
7.30535e-11
5.24877e-11
3.38255e-11
1.65347e-11
-4.29761e-33
1.50234e-14
1.01317e-11
1.97666e-11
2.89393e-11
3.76707e-11
4.5981e-11
5.38897e-11
6.14155e-11
6.85765e-11
7.53899e-11
8.18723e-11
8.80397e-11
9.3907e-11
9.94889e-11
1.04799e-10
1.09851e-10
1.14657e-10
1.19229e-10
1.23579e-10
1.27717e-10
1.31654e-10
1.354e-10
1.38963e-10
1.42354e-10
1.4558e-10
1.48649e-10
1.5157e-10
1.54349e-10
1.56994e-10
1.5951e-10
1.61905e-10
1.64183e-10
1.89155e-10
2.16338e-10
2.45846e-10
2.77768e-10
3.12157e-10
3.4901e-10
3.88252e-10
4.29705e-10
4.73066e-10
5.17867e-10
5.6345e-10
6.0893e-10
6.53184e-10
6.94843e-10
7.32321e-10
7.63885e-10
7.87759e-10
8.02283e-10
8.06099e-10
7.98347e-10
7.7882e-10
7.48058e-10
7.07332e-10
6.58519e-10
6.03888e-10
5.45848e-10
4.86696e-10
4.28426e-10
3.72613e-10
3.20372e-10
2.72385e-10
2.28958e-10
1.90108e-10
1.55635e-10
1.25198e-10
9.83624e-11
7.46397e-11
5.35107e-11
3.44301e-11
1.68133e-11
-3.97413e-33
1.99578e-14
1.34524e-11
2.62448e-11
3.84226e-11
5.00133e-11
6.10436e-11
7.15394e-11
8.15254e-11
9.10257e-11
1.00063e-10
1.0866e-10
1.16837e-10
1.24615e-10
1.32013e-10
1.3905e-10
1.45742e-10
1.52108e-10
1.58163e-10
1.63921e-10
1.69399e-10
1.74609e-10
1.79565e-10
1.84279e-10
1.88764e-10
1.9303e-10
1.97088e-10
2.00949e-10
2.04622e-10
2.08116e-10
2.11441e-10
2.14604e-10
2.17614e-10
2.50566e-10
2.86362e-10
3.25119e-10
3.66911e-10
4.11748e-10
4.59551e-10
5.10124e-10
5.63116e-10
6.1798e-10
6.73938e-10
7.29935e-10
7.8462e-10
8.36338e-10
8.83159e-10
9.22952e-10
9.5352e-10
9.72786e-10
9.79025e-10
9.71107e-10
9.48705e-10
9.12414e-10
8.63746e-10
8.04984e-10
7.3892e-10
6.68537e-10
5.96695e-10
5.25888e-10
4.58092e-10
3.94709e-10
3.36598e-10
2.84151e-10
2.37395e-10
1.96095e-10
1.59841e-10
1.28119e-10
1.00361e-10
7.59766e-11
5.43699e-11
3.49364e-11
1.70464e-11
-3.66397e-33
2.64495e-14
1.78172e-11
3.47593e-11
5.0886e-11
6.62336e-11
8.0837e-11
9.47303e-11
1.07946e-10
1.20517e-10
1.32473e-10
1.43843e-10
1.54655e-10
1.64937e-10
1.74715e-10
1.84012e-10
1.92853e-10
2.01259e-10
2.09253e-10
2.16855e-10
2.24083e-10
2.30957e-10
2.37494e-10
2.43711e-10
2.49624e-10
2.55247e-10
2.60595e-10
2.65682e-10
2.7052e-10
2.75123e-10
2.79501e-10
2.83665e-10
2.87627e-10
3.30952e-10
3.77903e-10
4.28584e-10
4.83023e-10
5.41144e-10
6.02733e-10
6.6739e-10
7.34482e-10
8.03093e-10
8.71974e-10
9.39508e-10
1.0037e-09
1.0622e-09
1.11241e-09
1.15159e-09
1.17716e-09
1.18691e-09
1.17935e-09
1.15398e-09
1.11143e-09
1.05348e-09
9.82899e-10
9.03115e-10
8.17817e-10
7.30564e-10
6.44475e-10
5.62026e-10
4.84986e-10
4.14444e-10
3.50902e-10
2.94407e-10
2.44679e-10
2.01222e-10
1.63417e-10
1.30588e-10
1.02042e-10
7.70972e-11
5.50878e-11
3.53586e-11
1.72404e-11
-3.36962e-33
3.49653e-14
2.35368e-11
4.59163e-11
6.72167e-11
8.74851e-11
1.06767e-10
1.25109e-10
1.42552e-10
1.59139e-10
1.74911e-10
1.89906e-10
2.04162e-10
2.17715e-10
2.30599e-10
2.42847e-10
2.54489e-10
2.65557e-10
2.76078e-10
2.8608e-10
2.95589e-10
3.04628e-10
3.13222e-10
3.21393e-10
3.29162e-10
3.36549e-10
3.43572e-10
3.50251e-10
3.56603e-10
3.62643e-10
3.68387e-10
3.7385e-10
3.79046e-10
4.3579e-10
4.9711e-10
5.63063e-10
6.33586e-10
7.08448e-10
7.87202e-10
8.69123e-10
9.53143e-10
1.03779e-09
1.12114e-09
1.2008e-09
1.27392e-09
1.33731e-09
1.38761e-09
1.42156e-09
1.43634e-09
1.43e-09
1.40175e-09
1.35222e-09
1.28352e-09
1.19896e-09
1.10276e-09
9.99471e-10
8.93535e-10
7.88845e-10
6.88513e-10
5.94765e-10
5.08985e-10
4.31823e-10
3.63356e-10
3.03251e-10
2.50908e-10
2.05576e-10
1.66437e-10
1.32662e-10
1.03449e-10
7.80321e-11
5.56853e-11
3.57093e-11
1.74013e-11
-3.09253e-33
4.60995e-14
3.10059e-11
6.04852e-11
8.85399e-11
1.15231e-10
1.40619e-10
1.64761e-10
1.87716e-10
2.09539e-10
2.30282e-10
2.49998e-10
2.68736e-10
2.86544e-10
3.03466e-10
3.19548e-10
3.34831e-10
3.49353e-10
3.63154e-10
3.76269e-10
3.88733e-10
4.00579e-10
4.11837e-10
4.22537e-10
4.32708e-10
4.42375e-10
4.51565e-10
4.60301e-10
4.68606e-10
4.76502e-10
4.84009e-10
4.91147e-10
4.97935e-10
5.71942e-10
6.51654e-10
7.37029e-10
8.27832e-10
9.23573e-10
1.02343e-09
1.12617e-09
1.23008e-09
1.33288e-09
1.43171e-09
1.52313e-09
1.60325e-09
1.66791e-09
1.71303e-09
1.73499e-09
1.7312e-09
1.70047e-09
1.64338e-09
1.56232e-09
1.46132e-09
1.34552e-09
1.22057e-09
1.09201e-09
9.64698e-10
8.42555e-10
7.2839e-10
6.23958e-10
5.30099e-10
4.46938e-10
3.74082e-10
3.10805e-10
2.56192e-10
2.09247e-10
1.6897e-10
1.34396e-10
1.04621e-10
7.88086e-11
5.61805e-11
3.59995e-11
1.75344e-11
-2.83338e-33
6.06e-14
4.07196e-11
7.94314e-11
1.16267e-10
1.51306e-10
1.84627e-10
2.16305e-10
2.46415e-10
2.75031e-10
3.02222e-10
3.28058e-10
3.52602e-10
3.75919e-10
3.98069e-10
4.1911e-10
4.39097e-10
4.58083e-10
4.76118e-10
4.9325e-10
5.09526e-10
5.24988e-10
5.39677e-10
5.53634e-10
5.66895e-10
5.79496e-10
5.91469e-10
6.02848e-10
6.13662e-10
6.23941e-10
6.3371e-10
6.42996e-10
6.51824e-10
7.47898e-10
8.50982e-10
9.60851e-10
1.07698e-09
1.19845e-09
1.32387e-09
1.45125e-09
1.57791e-09
1.70047e-09
1.81479e-09
1.91615e-09
1.9994e-09
2.05942e-09
2.09159e-09
2.09241e-09
2.06013e-09
1.99513e-09
1.90014e-09
1.77994e-09
1.64083e-09
1.48983e-09
1.33385e-09
1.17903e-09
1.03029e-09
8.91181e-10
7.63928e-10
6.4962e-10
5.48443e-10
4.59939e-10
3.83231e-10
3.17202e-10
2.6064e-10
2.12323e-10
1.71084e-10
1.35838e-10
1.05593e-10
7.94511e-11
5.65895e-11
3.62389e-11
1.76441e-11
-2.59229e-33
7.93965e-14
5.32912e-11
1.0395e-10
1.52147e-10
1.97983e-10
2.4156e-10
2.82975e-10
3.22329e-10
3.59714e-10
3.95225e-10
4.28951e-10
4.60978e-10
4.91391e-10
5.20268e-10
5.47686e-10
5.7372e-10
5.98438e-10
6.21908e-10
6.44194e-10
6.65355e-10
6.85449e-10
7.04532e-10
7.22655e-10
7.39868e-10
7.56216e-10
7.71746e-10
7.86498e-10
8.00513e-10
8.13828e-10
8.2648e-10
8.38502e-10
8.49927e-10
9.74005e-10
1.10655e-09
1.24702e-09
1.39442e-09
1.54719e-09
1.70304e-09
1.85889e-09
2.01074e-09
2.15368e-09
2.28196e-09
2.38928e-09
2.46921e-09
2.5158e-09
2.52437e-09
2.4923e-09
2.41961e-09
2.30925e-09
2.16688e-09
2.00021e-09
1.81795e-09
1.62881e-09
1.44051e-09
1.2593e-09
1.08968e-09
9.345e-10
7.95146e-10
6.71892e-10
5.64202e-10
4.71014e-10
3.90968e-10
3.2258e-10
2.6436e-10
2.14885e-10
1.72839e-10
1.37031e-10
1.06396e-10
7.99807e-11
5.69261e-11
3.64357e-11
1.77342e-11
-2.36895e-33
1.03627e-13
6.94686e-11
1.35499e-10
1.9831e-10
2.5803e-10
3.14788e-10
3.68714e-10
4.19935e-10
4.68574e-10
5.14754e-10
5.58591e-10
6.00201e-10
6.39693e-10
6.77172e-10
7.1274e-10
7.46494e-10
7.78526e-10
8.08925e-10
8.37775e-10
8.65156e-10
8.91144e-10
9.15811e-10
9.39227e-10
9.61455e-10
9.82559e-10
1.0026e-09
1.02162e-09
1.03969e-09
1.05685e-09
1.07314e-09
1.08862e-09
1.10333e-09
1.26265e-09
1.43198e-09
1.61028e-09
1.79582e-09
1.98604e-09
2.17742e-09
2.36529e-09
2.54384e-09
2.70619e-09
2.84461e-09
2.95108e-09
3.01794e-09
3.03894e-09
3.01016e-09
2.93092e-09
2.80426e-09
2.63676e-09
2.43778e-09
2.21818e-09
1.98892e-09
1.75987e-09
1.53897e-09
1.33201e-09
1.14259e-09
9.72537e-10
8.2222e-10
6.91007e-10
5.77608e-10
4.80365e-10
3.97461e-10
3.27071e-10
2.67454e-10
2.17008e-10
1.74289e-10
1.38015e-10
1.07056e-10
8.04159e-11
5.72024e-11
3.65971e-11
1.7808e-11
-2.16278e-33
1.3466e-13
9.01472e-11
1.75823e-10
2.57306e-10
3.34758e-10
4.08345e-10
4.78233e-10
5.44585e-10
6.07565e-10
6.67329e-10
7.24033e-10
7.77826e-10
8.28852e-10
8.77251e-10
9.23155e-10
9.66692e-10
1.00799e-09
1.04715e-09
1.0843e-09
1.11953e-09
1.15296e-09
1.18467e-09
1.21475e-09
1.2433e-09
1.27038e-09
1.29608e-09
1.32048e-09
1.34363e-09
1.36561e-09
1.38648e-09
1.40629e-09
1.4251e-09
1.62837e-09
1.84317e-09
2.06767e-09
2.29907e-09
2.53336e-09
2.76522e-09
2.98786e-09
3.19309e-09
3.37155e-09
3.51324e-09
3.6084e-09
3.6486e-09
3.62811e-09
3.54507e-09
3.40222e-09
3.20702e-09
2.9707e-09
2.70678e-09
2.42916e-09
2.15049e-09
1.88104e-09
1.62824e-09
1.3968e-09
1.18904e-09
1.00551e-09
8.45432e-10
7.07246e-10
5.88912e-10
4.88201e-10
4.02874e-10
3.30799e-10
2.70014e-10
2.18759e-10
1.75482e-10
1.38823e-10
1.07598e-10
8.07721e-11
5.74284e-11
3.6729e-11
1.78683e-11
-1.97299e-33
1.74108e-13
1.16377e-10
2.26968e-10
3.32124e-10
4.32049e-10
5.26952e-10
6.17046e-10
7.02542e-10
7.83649e-10
8.60573e-10
9.33516e-10
1.00267e-09
1.06823e-09
1.13037e-09
1.18928e-09
1.24511e-09
1.29803e-09
1.34818e-09
1.39573e-09
1.4408e-09
1.48353e-09
1.52403e-09
1.56244e-09
1.59886e-09
1.6334e-09
1.66616e-09
1.69724e-09
1.72672e-09
1.75469e-09
1.78122e-09
1.80641e-09
1.83031e-09
2.08781e-09
2.35818e-09
2.63839e-09
2.92406e-09
3.20918e-09
3.48593e-09
3.74472e-09
3.97431e-09
4.1624e-09
4.29657e-09
4.36562e-09
4.36122e-09
4.27956e-09
4.12253e-09
3.89812e-09
3.61962e-09
3.3037e-09
2.96807e-09
2.62909e-09
2.30016e-09
1.99103e-09
1.70785e-09
1.45369e-09
1.22929e-09
1.03375e-09
8.65132e-10
7.2092e-10
5.98368e-10
4.94721e-10
4.07358e-10
3.33875e-10
2.7212e-10
2.20197e-10
1.76459e-10
1.39483e-10
1.0804e-10
8.10629e-11
5.76126e-11
3.68365e-11
1.79175e-11
-1.79869e-33
2.23826e-13
1.4936e-10
2.91276e-10
4.26184e-10
5.5434e-10
6.76007e-10
7.91455e-10
9.00953e-10
1.00477e-09
1.10318e-09
1.19643e-09
1.28478e-09
1.36848e-09
1.44777e-09
1.52286e-09
1.59399e-09
1.66137e-09
1.72518e-09
1.78563e-09
1.84289e-09
1.89713e-09
1.94853e-09
1.99723e-09
2.04338e-09
2.08711e-09
2.12857e-09
2.16787e-09
2.20513e-09
2.24046e-09
2.27397e-09
2.30575e-09
2.33589e-09
2.65957e-09
2.99699e-09
3.34343e-09
3.69226e-09
4.03468e-09
4.35962e-09
4.65379e-09
4.90228e-09
5.08948e-09
5.20065e-09
5.22392e-09
5.15246e-09
4.98634e-09
4.73345e-09
4.40893e-09
4.03315e-09
3.62858e-09
3.21654e-09
2.81477e-09
2.43626e-09
2.08921e-09
1.77777e-09
1.50297e-09
1.26375e-09
1.0577e-09
8.81698e-10
7.32341e-10
6.06222e-10
5.00111e-10
4.11051e-10
3.36402e-10
2.73845e-10
2.21372e-10
1.77257e-10
1.40022e-10
1.084e-10
8.12993e-11
5.77624e-11
3.69238e-11
1.79574e-11
-1.63891e-33
2.85891e-13
1.90436e-10
3.71352e-10
5.43293e-10
7.06571e-10
8.61515e-10
1.00846e-09
1.14776e-09
1.27975e-09
1.40478e-09
1.52318e-09
1.63527e-09
1.74139e-09
1.84183e-09
1.9369e-09
2.02688e-09
2.11203e-09
2.19263e-09
2.26892e-09
2.34113e-09
2.40949e-09
2.47421e-09
2.53549e-09
2.59352e-09
2.64847e-09
2.70053e-09
2.74985e-09
2.79658e-09
2.84086e-09
2.88282e-09
2.92261e-09
2.96032e-09
3.36378e-09
3.78105e-09
4.20501e-09
4.62598e-09
5.03143e-09
5.406e-09
5.73188e-09
5.98982e-09
6.16073e-09
6.22809e-09
6.1807e-09
6.01533e-09
5.73852e-09
5.36668e-09
4.924e-09
4.43877e-09
3.93885e-09
3.44804e-09
2.98398e-09
2.5579e-09
2.17551e-09
1.83835e-09
1.54516e-09
1.29295e-09
1.07782e-09
8.95515e-10
7.41809e-10
6.12701e-10
5.0454e-10
4.14077e-10
3.38466e-10
2.75252e-10
2.22329e-10
1.77906e-10
1.40459e-10
1.08692e-10
8.1491e-11
5.78836e-11
3.69945e-11
1.79896e-11
-1.49267e-33
3.62562e-13
2.41048e-10
4.70011e-10
6.87556e-10
8.94064e-10
1.08994e-09
1.27561e-09
1.45151e-09
1.61807e-09
1.77574e-09
1.92493e-09
2.06608e-09
2.19959e-09
2.32586e-09
2.44528e-09
2.55821e-09
2.66501e-09
2.766e-09
2.86151e-09
2.95185e-09
3.0373e-09
3.11814e-09
3.19462e-09
3.26699e-09
3.33547e-09
3.4003e-09
3.46167e-09
3.51978e-09
3.5748e-09
3.62692e-09
3.67629e-09
3.72307e-09
4.22149e-09
4.73252e-09
5.24579e-09
5.74752e-09
6.22031e-09
6.64343e-09
6.99359e-09
7.24669e-09
7.38037e-09
7.3774e-09
7.22931e-09
6.93933e-09
6.52361e-09
6.00974e-09
5.43253e-09
4.82829e-09
4.22916e-09
3.65963e-09
3.1355e-09
2.66493e-09
2.25031e-09
1.89021e-09
1.58089e-09
1.31746e-09
1.09457e-09
9.06949e-10
7.49604e-10
6.18013e-10
5.08159e-10
4.16542e-10
3.40144e-10
2.76393e-10
2.23104e-10
1.7843e-10
1.40813e-10
1.08928e-10
8.16457e-11
5.79815e-11
3.70515e-11
1.80157e-11
-1.06896e-33
4.10864e-13
2.72871e-10
5.32038e-10
7.78245e-10
1.01191e-09
1.23349e-09
1.44346e-09
1.64232e-09
1.83055e-09
2.00865e-09
2.17712e-09
2.33643e-09
2.48706e-09
2.62946e-09
2.76406e-09
2.89129e-09
3.01156e-09
3.12524e-09
3.2327e-09
3.33429e-09
3.43034e-09
3.52117e-09
3.60706e-09
3.6883e-09
3.76515e-09
3.83787e-09
3.90667e-09
3.9718e-09
4.03344e-09
4.09181e-09
4.14708e-09
4.19943e-09
4.75594e-09
5.32372e-09
5.89019e-09
6.43884e-09
6.94914e-09
7.39693e-09
7.7556e-09
7.99828e-09
8.10109e-09
8.04711e-09
7.83048e-09
7.45935e-09
6.95653e-09
6.35672e-09
5.70094e-09
5.02955e-09
4.37625e-09
3.76501e-09
3.20987e-09
2.71681e-09
2.28619e-09
1.91486e-09
1.59775e-09
1.32894e-09
1.10239e-09
9.12258e-10
7.53211e-10
6.20463e-10
5.09824e-10
4.17674e-10
3.40914e-10
2.76916e-10
2.23458e-10
1.7867e-10
1.40974e-10
1.09036e-10
8.17163e-11
5.80261e-11
3.70774e-11
1.80275e-11
-1.82097e-32
4.51149e-13
2.99393e-10
5.83733e-10
8.53823e-10
1.11012e-09
1.35311e-09
1.58332e-09
1.80129e-09
2.00756e-09
2.20267e-09
2.38717e-09
2.56159e-09
2.72645e-09
2.88225e-09
3.02948e-09
3.16859e-09
3.30004e-09
3.42425e-09
3.54162e-09
3.65255e-09
3.75739e-09
3.8565e-09
3.95019e-09
4.03878e-09
4.12256e-09
4.2018e-09
4.27677e-09
4.34769e-09
4.41482e-09
4.47835e-09
4.5385e-09
4.59545e-09
5.19989e-09
5.81428e-09
6.42416e-09
7.01075e-09
7.55084e-09
8.01741e-09
8.38113e-09
8.61294e-09
8.68783e-09
8.58937e-09
8.31417e-09
7.87475e-09
7.29959e-09
6.62936e-09
5.91003e-09
5.18503e-09
4.48904e-09
3.84529e-09
3.26621e-09
2.75594e-09
2.31316e-09
1.93333e-09
1.61035e-09
1.33752e-09
1.10821e-09
9.16211e-10
7.55893e-10
6.22284e-10
5.11062e-10
4.18514e-10
3.41485e-10
2.77303e-10
2.23721e-10
1.78848e-10
1.41094e-10
1.09116e-10
8.17686e-11
5.80592e-11
3.70967e-11
1.80363e-11
-5.41127e-32
5.18633e-13
3.4382e-10
6.70326e-10
9.80423e-10
1.27462e-09
1.55348e-09
1.8176e-09
2.06758e-09
2.30406e-09
2.52767e-09
2.73903e-09
2.93876e-09
3.12745e-09
3.3057e-09
3.47406e-09
3.63307e-09
3.78325e-09
3.9251e-09
4.05908e-09
4.18564e-09
4.30521e-09
4.41818e-09
4.52494e-09
4.62584e-09
4.72122e-09
4.81139e-09
4.89666e-09
4.97731e-09
5.05361e-09
5.12579e-09
5.1941e-09
5.25877e-09
5.94345e-09
6.63587e-09
7.31843e-09
7.96847e-09
8.55833e-09
9.05621e-09
9.42818e-09
9.6415e-09
9.66929e-09
9.49599e-09
9.12233e-09
8.5682e-09
7.87166e-09
7.0834e-09
6.25773e-09
5.44321e-09
4.67605e-09
3.97823e-09
3.35942e-09
2.82064e-09
2.35773e-09
1.96388e-09
1.6312e-09
1.35172e-09
1.11786e-09
9.22769e-10
7.60348e-10
6.25311e-10
5.13118e-10
4.19912e-10
3.42435e-10
2.77949e-10
2.24159e-10
1.79144e-10
1.41293e-10
1.09249e-10
8.18557e-11
5.81143e-11
3.71288e-11
1.8051e-11
-6.92529e-32
5.60439e-13
3.7135e-10
7.23985e-10
1.05887e-09
1.37656e-09
1.67765e-09
1.96278e-09
2.23261e-09
2.48782e-09
2.72909e-09
2.95711e-09
3.17253e-09
3.37601e-09
3.56818e-09
3.74965e-09
3.921e-09
4.08281e-09
4.2356e-09
4.37989e-09
4.51616e-09
4.64486e-09
4.76645e-09
4.88132e-09
4.98986e-09
5.09244e-09
5.18941e-09
5.28108e-09
5.36777e-09
5.44976e-09
5.52732e-09
5.60071e-09
5.67017e-09
6.40476e-09
7.14577e-09
7.87369e-09
8.56345e-09
9.18464e-09
9.70249e-09
1.00802e-08
1.02827e-08
1.02819e-08
1.00626e-08
9.62814e-09
9.00285e-09
8.23076e-09
7.36879e-09
6.47653e-09
5.60581e-09
4.79392e-09
4.06207e-09
3.41823e-09
2.86148e-09
2.38589e-09
1.98319e-09
1.6444e-09
1.36071e-09
1.12399e-09
9.26933e-10
7.6318e-10
6.27237e-10
5.14428e-10
4.20803e-10
3.4304e-10
2.7836e-10
2.24438e-10
1.79333e-10
1.4142e-10
1.09333e-10
8.19113e-11
5.81494e-11
3.71493e-11
1.80603e-11
-6.29916e-32
5.79749e-13
3.84079e-10
7.48796e-10
1.09515e-09
1.42371e-09
1.73508e-09
2.02993e-09
2.30895e-09
2.57283e-09
2.82229e-09
3.05802e-09
3.28072e-09
3.49106e-09
3.68969e-09
3.87725e-09
4.05434e-09
4.22155e-09
4.37943e-09
4.52851e-09
4.66929e-09
4.80226e-09
4.92785e-09
5.0465e-09
5.1586e-09
5.26455e-09
5.36468e-09
5.45935e-09
5.54886e-09
5.63351e-09
5.71359e-09
5.78935e-09
5.86104e-09
6.61903e-09
7.38297e-09
8.13244e-09
8.84132e-09
9.47794e-09
1.00061e-08
1.03877e-08
1.05865e-08
1.05737e-08
1.03343e-08
9.8724e-09
9.21442e-09
8.40703e-09
7.51009e-09
6.58579e-09
5.68766e-09
4.85365e-09
4.1048e-09
3.44835e-09
2.88248e-09
2.40041e-09
1.99317e-09
1.65123e-09
1.36538e-09
1.12717e-09
9.29101e-10
7.64656e-10
6.28241e-10
5.15112e-10
4.21268e-10
3.43357e-10
2.78575e-10
2.24584e-10
1.79432e-10
1.41487e-10
1.09378e-10
8.19405e-11
5.8168e-11
3.71601e-11
1.80653e-11
-5.72823e-32
5.80322e-13
3.84478e-10
7.49575e-10
1.09629e-09
1.4252e-09
1.7369e-09
2.03208e-09
2.3114e-09
2.57558e-09
2.82532e-09
3.06133e-09
3.28429e-09
3.49488e-09
3.69375e-09
3.88154e-09
4.05886e-09
4.22628e-09
4.38437e-09
4.53365e-09
4.67462e-09
4.80777e-09
4.93354e-09
5.05235e-09
5.16462e-09
5.27071e-09
5.371e-09
5.4658e-09
5.55545e-09
5.64023e-09
5.72043e-09
5.79631e-09
5.86812e-09
6.62738e-09
7.39278e-09
8.14391e-09
8.85466e-09
9.49333e-09
1.00237e-08
1.04076e-08
1.06085e-08
1.05975e-08
1.03593e-08
9.89787e-09
9.23933e-09
8.43035e-09
7.53094e-09
6.60355e-09
5.70212e-09
4.86496e-09
4.11334e-09
3.45462e-09
2.88699e-09
2.4036e-09
1.9954e-09
1.65278e-09
1.36645e-09
1.1279e-09
9.29604e-10
7.65e-10
6.28477e-10
5.15273e-10
4.21378e-10
3.43432e-10
2.78626e-10
2.24619e-10
1.79456e-10
1.41503e-10
1.09389e-10
8.19478e-11
5.81726e-11
3.71628e-11
1.80666e-11
-5.20799e-32
5.66094e-13
3.75133e-10
7.31364e-10
1.06967e-09
1.39061e-09
1.69479e-09
1.98285e-09
2.25546e-09
2.51331e-09
2.75709e-09
2.98748e-09
3.20515e-09
3.41077e-09
3.60496e-09
3.78835e-09
3.96153e-09
4.12506e-09
4.27949e-09
4.42532e-09
4.56306e-09
4.69316e-09
4.81607e-09
4.93219e-09
5.04192e-09
5.14563e-09
5.24366e-09
5.33635e-09
5.424e-09
5.5069e-09
5.58533e-09
5.65954e-09
5.72977e-09
6.47274e-09
7.22251e-09
7.95942e-09
8.65819e-09
9.2881e-09
9.81396e-09
1.01984e-08
1.04057e-08
1.04072e-08
1.01869e-08
9.74775e-09
9.11406e-09
8.33029e-09
7.45432e-09
6.5471e-09
5.66181e-09
4.83682e-09
4.09398e-09
3.44141e-09
2.87801e-09
2.39751e-09
1.99128e-09
1.64999e-09
1.36455e-09
1.12662e-09
9.28736e-10
7.64413e-10
6.28079e-10
5.15004e-10
4.21196e-10
3.43309e-10
2.78543e-10
2.24563e-10
1.79418e-10
1.41478e-10
1.09372e-10
8.19369e-11
5.81658e-11
3.71589e-11
1.80648e-11
-4.7342e-32
5.40838e-13
3.58525e-10
6.98995e-10
1.02235e-09
1.32913e-09
1.61991e-09
1.89531e-09
2.15597e-09
2.40254e-09
2.6357e-09
2.85607e-09
3.06432e-09
3.26106e-09
3.44689e-09
3.62242e-09
3.7882e-09
3.94477e-09
4.09265e-09
4.23232e-09
4.36426e-09
4.4889e-09
4.60666e-09
4.71794e-09
4.82312e-09
4.92253e-09
5.01652e-09
5.1054e-09
5.18946e-09
5.26898e-09
5.34421e-09
5.41541e-09
5.4828e-09
6.19626e-09
6.91754e-09
7.62819e-09
8.30442e-09
8.91721e-09
9.43315e-09
9.81658e-09
1.00331e-08
1.00544e-08
9.86416e-09
9.4634e-09
8.87342e-09
8.13492e-09
7.30203e-09
6.43269e-09
5.57849e-09
4.77755e-09
4.05251e-09
3.4127e-09
2.85828e-09
2.384e-09
1.98206e-09
1.64371e-09
1.36028e-09
1.12372e-09
9.26764e-10
7.63073e-10
6.2717e-10
5.14387e-10
4.20777e-10
3.43025e-10
2.78351e-10
2.24433e-10
1.7933e-10
1.41419e-10
1.09333e-10
8.19115e-11
5.81498e-11
3.71497e-11
1.80606e-11
-4.30291e-32
5.07924e-13
3.36869e-10
6.56786e-10
9.60644e-10
1.24895e-09
1.52225e-09
1.78113e-09
2.0262e-09
2.25806e-09
2.47734e-09
2.68465e-09
2.88058e-09
3.06572e-09
3.24064e-09
3.40589e-09
3.56199e-09
3.70946e-09
3.84877e-09
3.98038e-09
4.10472e-09
4.22221e-09
4.33325e-09
4.43819e-09
4.5374e-09
4.63119e-09
4.71988e-09
4.80376e-09
4.88311e-09
4.95818e-09
5.02922e-09
5.09647e-09
5.16012e-09
5.83481e-09
6.51851e-09
7.19435e-09
7.84046e-09
8.43001e-09
8.93194e-09
9.31281e-09
9.53994e-09
9.58586e-09
9.43371e-09
9.08223e-09
8.54896e-09
7.86975e-09
7.09381e-09
6.27508e-09
5.46284e-09
4.69471e-09
3.99418e-09
3.37211e-09
2.83025e-09
2.36475e-09
1.96889e-09
1.63471e-09
1.35415e-09
1.11954e-09
9.23926e-10
7.61144e-10
6.25859e-10
5.13496e-10
4.20173e-10
3.42615e-10
2.78073e-10
2.24244e-10
1.79203e-10
1.41334e-10
1.09276e-10
8.18745e-11
5.81265e-11
3.71361e-11
1.80544e-11
-3.91049e-32
4.70191e-13
3.12033e-10
6.08378e-10
8.89872e-10
1.15699e-09
1.41024e-09
1.65018e-09
1.87735e-09
2.09233e-09
2.29568e-09
2.48798e-09
2.66977e-09
2.84159e-09
3.00398e-09
3.15742e-09
3.30241e-09
3.43941e-09
3.56887e-09
3.69121e-09
3.80682e-09
3.9161e-09
4.01939e-09
4.11704e-09
4.20938e-09
4.29669e-09
4.37928e-09
4.45741e-09
4.53134e-09
4.6013e-09
4.66751e-09
4.7302e-09
4.78956e-09
5.41951e-09
6.05977e-09
6.69523e-09
7.30619e-09
7.86834e-09
8.35331e-09
8.73023e-09
8.96845e-09
9.04155e-09
8.93209e-09
8.63644e-09
8.16791e-09
7.55687e-09
6.84685e-09
6.08713e-09
5.32418e-09
4.59489e-09
3.92358e-09
3.3228e-09
2.79609e-09
2.34123e-09
1.95276e-09
1.62368e-09
1.34662e-09
1.11441e-09
9.20433e-10
7.58768e-10
6.24243e-10
5.12398e-10
4.19427e-10
3.42108e-10
2.77729e-10
2.24012e-10
1.79046e-10
1.41228e-10
1.09206e-10
8.18286e-11
5.80976e-11
3.71194e-11
1.80468e-11
-3.55356e-32
4.29914e-13
2.85513e-10
5.56688e-10
8.143e-10
1.05879e-09
1.29063e-09
1.51033e-09
1.71838e-09
1.91532e-09
2.10167e-09
2.27792e-09
2.4446e-09
2.60219e-09
2.75117e-09
2.89199e-09
3.02509e-09
3.1509e-09
3.26983e-09
3.38224e-09
3.48852e-09
3.58899e-09
3.684e-09
3.77384e-09
3.85882e-09
3.93921e-09
4.01526e-09
4.08723e-09
4.15534e-09
4.21982e-09
4.28086e-09
4.33867e-09
4.39342e-09
4.97537e-09
5.56894e-09
6.16086e-09
6.73376e-09
7.26598e-09
7.73202e-09
8.10378e-09
8.35285e-09
8.45395e-09
8.3892e-09
8.15249e-09
7.75276e-09
7.21461e-09
6.57551e-09
5.87966e-09
5.17041e-09
4.4837e-09
3.84464e-09
3.26747e-09
2.75766e-09
2.31471e-09
1.93453e-09
1.6112e-09
1.3381e-09
1.1086e-09
9.16469e-10
7.56069e-10
6.22407e-10
5.11149e-10
4.18578e-10
3.41532e-10
2.77338e-10
2.23747e-10
1.78867e-10
1.41108e-10
1.09126e-10
8.17764e-11
5.80647e-11
3.71003e-11
1.80381e-11
-1.67647e-32
3.89526e-13
2.58902e-10
5.04819e-10
7.38462e-10
9.6024e-10
1.17059e-09
1.36996e-09
1.55882e-09
1.73764e-09
1.90688e-09
2.06702e-09
2.21851e-09
2.36178e-09
2.49727e-09
2.62538e-09
2.74653e-09
2.86107e-09
2.96938e-09
3.0718e-09
3.16866e-09
3.26026e-09
3.34691e-09
3.42888e-09
3.50644e-09
3.57982e-09
3.64928e-09
3.71502e-09
3.77727e-09
3.8362e-09
3.89202e-09
3.94488e-09
3.99497e-09
4.5283e-09
5.07436e-09
5.62174e-09
6.15533e-09
6.65612e-09
7.1015e-09
7.46615e-09
7.72402e-09
7.85114e-09
7.82939e-09
7.65047e-09
7.31914e-09
6.85438e-09
6.28758e-09
5.65767e-09
5.00455e-09
4.36289e-09
3.75832e-09
3.20665e-09
2.71523e-09
2.28532e-09
1.91428e-09
1.5973e-09
1.32858e-09
1.10209e-09
9.12032e-10
7.53045e-10
6.20348e-10
5.09748e-10
4.17625e-10
3.40884e-10
2.76898e-10
2.23449e-10
1.78666e-10
1.40973e-10
1.09036e-10
8.17176e-11
5.80277e-11
3.70787e-11
1.80283e-11
3.18525e-34
3.50435e-13
2.33117e-10
4.54558e-10
6.64972e-10
8.64733e-10
1.05424e-09
1.23389e-09
1.40413e-09
1.56536e-09
1.718e-09
1.86248e-09
1.9992e-09
2.12855e-09
2.25092e-09
2.36667e-09
2.47616e-09
2.57972e-09
2.67768e-09
2.77035e-09
2.85802e-09
2.94097e-09
3.01945e-09
3.09373e-09
3.16402e-09
3.23057e-09
3.29356e-09
3.35321e-09
3.4097e-09
3.46321e-09
3.5139e-09
3.56192e-09
3.60743e-09
4.09292e-09
4.59194e-09
5.09481e-09
5.58857e-09
6.05672e-09
6.47942e-09
6.83414e-09
7.09722e-09
7.24621e-09
7.2631e-09
7.1379e-09
6.8717e-09
6.47829e-09
5.9832e-09
5.42002e-09
4.82483e-09
4.23054e-09
3.66286e-09
3.13886e-09
2.66763e-09
2.25218e-09
1.89135e-09
1.5815e-09
1.31773e-09
1.09467e-09
9.06955e-10
7.4958e-10
6.17985e-10
5.08138e-10
4.16529e-10
3.40139e-10
2.76392e-10
2.23106e-10
1.78434e-10
1.40817e-10
1.08933e-10
8.16498e-11
5.79849e-11
3.70539e-11
1.8017e-11
3.50161e-34
3.12954e-13
2.08366e-10
4.0631e-10
5.94421e-10
7.73038e-10
9.42519e-10
1.10323e-09
1.25556e-09
1.39987e-09
1.53655e-09
1.66595e-09
1.78845e-09
1.90438e-09
2.0141e-09
2.11793e-09
2.21617e-09
2.30914e-09
2.39711e-09
2.48036e-09
2.55914e-09
2.63371e-09
2.70429e-09
2.77111e-09
2.83437e-09
2.89428e-09
2.95101e-09
3.00475e-09
3.05565e-09
3.10388e-09
3.14959e-09
3.1929e-09
3.23397e-09
3.67279e-09
4.12564e-09
4.58443e-09
5.03818e-09
5.47276e-09
5.87097e-09
6.213e-09
6.47761e-09
6.64404e-09
6.69474e-09
6.61848e-09
6.41331e-09
6.08831e-09
5.66349e-09
5.16707e-09
4.63108e-09
4.08617e-09
3.55765e-09
3.06349e-09
2.61433e-09
2.21485e-09
1.86539e-09
1.56355e-09
1.30537e-09
1.08617e-09
9.01138e-10
7.45602e-10
6.15269e-10
5.06286e-10
4.15267e-10
3.3928e-10
2.75809e-10
2.2271e-10
1.78166e-10
1.40637e-10
1.08813e-10
8.15713e-11
5.79354e-11
3.70251e-11
1.80039e-11
3.84902e-34
2.77369e-13
1.84839e-10
3.60445e-10
5.27349e-10
6.85858e-10
8.36291e-10
9.7898e-10
1.11426e-09
1.24246e-09
1.36391e-09
1.47895e-09
1.58788e-09
1.69102e-09
1.78866e-09
1.8811e-09
1.96859e-09
2.05142e-09
2.12983e-09
2.20406e-09
2.27433e-09
2.34087e-09
2.40388e-09
2.46354e-09
2.52006e-09
2.57359e-09
2.6243e-09
2.67235e-09
2.71789e-09
2.76104e-09
2.80195e-09
2.84073e-09
2.87751e-09
3.27124e-09
3.67921e-09
4.09474e-09
4.50867e-09
4.90909e-09
5.28128e-09
5.60801e-09
5.87048e-09
6.04975e-09
6.12905e-09
6.09641e-09
5.94737e-09
5.68695e-09
5.33001e-09
4.89959e-09
4.42341e-09
3.92948e-09
3.44218e-09
2.97996e-09
2.55478e-09
2.17286e-09
1.83603e-09
1.54315e-09
1.29127e-09
1.07646e-09
8.9447e-10
7.41033e-10
6.12144e-10
5.04152e-10
4.13812e-10
3.38288e-10
2.75134e-10
2.22252e-10
1.77857e-10
1.40429e-10
1.08674e-10
8.14805e-11
5.78781e-11
3.69918e-11
1.79887e-11
2.37459e-34
2.71566e-13
1.81e-10
3.5296e-10
5.16402e-10
6.71628e-10
8.18951e-10
9.58696e-10
1.09119e-09
1.21676e-09
1.33573e-09
1.44841e-09
1.55513e-09
1.65617e-09
1.75184e-09
1.84241e-09
1.92815e-09
2.00931e-09
2.08615e-09
2.1589e-09
2.22778e-09
2.293e-09
2.35477e-09
2.41326e-09
2.46866e-09
2.52115e-09
2.57087e-09
2.61799e-09
2.66264e-09
2.70496e-09
2.74508e-09
2.78312e-09
2.81919e-09
3.20549e-09
3.60603e-09
4.01437e-09
4.42163e-09
4.81625e-09
5.18391e-09
5.50782e-09
5.76958e-09
5.95056e-09
6.03416e-09
6.00832e-09
5.86822e-09
5.61827e-09
5.27249e-09
4.85308e-09
4.38701e-09
3.90179e-09
3.42163e-09
2.96502e-09
2.54408e-09
2.16528e-09
1.83071e-09
1.53945e-09
1.2887e-09
1.07469e-09
8.93251e-10
7.40197e-10
6.11571e-10
5.0376e-10
4.13544e-10
3.38106e-10
2.7501e-10
2.22168e-10
1.778e-10
1.4039e-10
1.08648e-10
8.14637e-11
5.78675e-11
3.69857e-11
1.79859e-11
2.2152e-34
2.4392e-13
1.62697e-10
3.17279e-10
4.64219e-10
6.03793e-10
7.36285e-10
8.61988e-10
9.81197e-10
1.09421e-09
1.2013e-09
1.30278e-09
1.3989e-09
1.48994e-09
1.57617e-09
1.65783e-09
1.73516e-09
1.80839e-09
1.87773e-09
1.94341e-09
2.00561e-09
2.06453e-09
2.12034e-09
2.17321e-09
2.22331e-09
2.27078e-09
2.31577e-09
2.35841e-09
2.39882e-09
2.43715e-09
2.47348e-09
2.50794e-09
2.54062e-09
2.89121e-09
3.25594e-09
3.62942e-09
4.00415e-09
4.37019e-09
4.71514e-09
5.02425e-09
5.28106e-09
5.46857e-09
5.57104e-09
5.57622e-09
5.47776e-09
5.27724e-09
4.98489e-09
4.6188e-09
4.20231e-09
3.76039e-09
3.31605e-09
2.88776e-09
2.48846e-09
2.12575e-09
1.80288e-09
1.52e-09
1.2752e-09
1.06536e-09
8.86822e-10
7.35781e-10
6.08545e-10
5.01689e-10
4.1213e-10
3.37142e-10
2.74353e-10
2.21722e-10
1.77498e-10
1.40187e-10
1.08513e-10
8.1375e-11
5.78115e-11
3.69531e-11
1.7971e-11
4.28961e-34
2.12806e-13
1.42075e-10
2.77073e-10
4.05415e-10
5.27344e-10
6.43113e-10
7.52978e-10
8.57197e-10
9.56026e-10
1.04972e-09
1.13852e-09
1.22267e-09
1.30241e-09
1.37795e-09
1.44952e-09
1.51733e-09
1.58156e-09
1.64241e-09
1.70006e-09
1.75469e-09
1.80645e-09
1.8555e-09
1.90198e-09
1.94604e-09
1.9878e-09
2.0274e-09
2.06494e-09
2.10053e-09
2.13429e-09
2.16631e-09
2.19669e-09
2.22551e-09
2.53522e-09
2.85873e-09
3.19177e-09
3.52828e-09
3.86014e-09
4.17703e-09
4.46651e-09
4.7144e-09
4.90567e-09
5.02582e-09
5.06273e-09
5.00877e-09
4.86271e-09
4.63076e-09
4.32639e-09
3.96863e-09
3.57914e-09
3.17907e-09
2.78648e-09
2.41488e-09
2.07303e-09
1.76553e-09
1.49377e-09
1.2569e-09
1.05266e-09
8.78049e-10
7.29739e-10
6.04395e-10
4.98846e-10
4.10185e-10
3.35814e-10
2.73448e-10
2.21107e-10
1.77081e-10
1.39906e-10
1.08325e-10
8.12523e-11
5.7734e-11
3.69081e-11
1.79505e-11
5.10813e-34
1.84175e-13
1.23073e-10
2.40025e-10
3.51225e-10
4.56887e-10
5.57234e-10
6.52488e-10
7.42873e-10
8.28611e-10
9.09919e-10
9.87011e-10
1.06009e-09
1.12937e-09
1.19502e-09
1.25725e-09
1.31622e-09
1.37211e-09
1.42508e-09
1.47529e-09
1.52287e-09
1.56798e-09
1.61074e-09
1.65128e-09
1.68972e-09
1.72617e-09
1.76074e-09
1.79352e-09
1.82462e-09
1.85412e-09
1.88211e-09
1.90867e-09
1.93388e-09
2.20529e-09
2.48992e-09
2.78447e-09
3.08415e-09
3.38242e-09
3.67086e-09
3.93913e-09
4.17519e-09
4.36599e-09
4.49842e-09
4.56087e-09
4.54497e-09
4.44731e-09
4.27074e-09
4.0246e-09
3.72371e-09
3.38631e-09
3.0313e-09
2.67583e-09
2.33361e-09
2.01426e-09
1.72357e-09
1.4641e-09
1.23609e-09
1.03816e-09
8.67989e-10
7.2279e-10
5.9961e-10
4.9556e-10
4.07933e-10
3.34274e-10
2.72398e-10
2.20392e-10
1.76596e-10
1.3958e-10
1.08107e-10
8.11094e-11
5.76437e-11
3.68555e-11
1.79265e-11
5.61157e-34
1.58111e-13
1.05754e-10
2.06255e-10
3.01825e-10
3.92653e-10
4.7893e-10
5.6085e-10
6.38605e-10
7.12385e-10
7.82377e-10
8.48762e-10
9.11717e-10
9.71413e-10
1.02801e-09
1.08168e-09
1.13256e-09
1.1808e-09
1.22653e-09
1.2699e-09
1.31102e-09
1.35001e-09
1.38698e-09
1.42205e-09
1.45531e-09
1.48687e-09
1.5168e-09
1.5452e-09
1.57214e-09
1.59772e-09
1.62199e-09
1.64502e-09
1.66689e-09
1.90278e-09
2.15114e-09
2.40947e-09
2.67406e-09
2.93976e-09
3.1998e-09
3.44573e-09
3.66753e-09
3.85402e-09
3.99363e-09
4.07551e-09
4.09103e-09
4.03529e-09
3.90841e-09
3.71612e-09
3.46937e-09
3.1829e-09
2.8731e-09
2.55576e-09
2.24435e-09
1.94905e-09
1.67658e-09
1.43063e-09
1.21247e-09
1.0216e-09
8.56461e-10
7.14798e-10
5.94091e-10
4.9176e-10
4.05325e-10
3.32487e-10
2.71177e-10
2.1956e-10
1.76032e-10
1.39199e-10
1.07853e-10
8.09426e-11
5.75382e-11
3.67941e-11
1.78985e-11
6.16324e-34
1.34643e-13
9.01388e-11
1.75807e-10
2.57283e-10
3.34729e-10
4.0831e-10
4.78194e-10
5.44543e-10
6.0752e-10
6.67282e-10
7.23985e-10
7.77778e-10
8.28804e-10
8.77204e-10
9.23109e-10
9.66649e-10
1.00794e-09
1.04711e-09
1.08426e-09
1.1195e-09
1.15293e-09
1.18464e-09
1.21473e-09
1.24328e-09
1.27037e-09
1.29608e-09
1.32047e-09
1.34363e-09
1.36562e-09
1.38649e-09
1.4063e-09
1.42512e-09
1.62844e-09
1.84333e-09
2.06796e-09
2.29952e-09
2.53403e-09
2.76618e-09
2.98916e-09
3.19478e-09
3.37366e-09
3.51576e-09
3.61124e-09
3.65162e-09
3.63108e-09
3.54766e-09
3.40412e-09
3.2079e-09
2.97037e-09
2.70519e-09
2.42646e-09
2.14697e-09
1.87707e-09
1.62421e-09
1.39302e-09
1.18572e-09
1.00276e-09
8.43267e-10
7.05614e-10
5.87727e-10
4.87367e-10
4.02301e-10
3.30412e-10
2.69757e-10
2.18591e-10
1.75374e-10
1.38754e-10
1.07556e-10
8.07476e-11
5.74149e-11
3.67223e-11
1.78657e-11
6.76736e-34
1.13743e-13
7.62145e-11
1.48654e-10
2.17557e-10
2.83064e-10
3.45315e-10
4.04452e-10
4.60614e-10
5.13937e-10
5.64555e-10
6.12598e-10
6.5819e-10
7.01454e-10
7.42505e-10
7.81455e-10
8.18412e-10
8.53476e-10
8.86747e-10
9.18315e-10
9.48271e-10
9.76697e-10
1.00367e-09
1.02928e-09
1.05358e-09
1.07664e-09
1.09854e-09
1.11933e-09
1.13907e-09
1.15781e-09
1.17561e-09
1.19251e-09
1.20857e-09
1.38237e-09
1.56673e-09
1.76037e-09
1.96122e-09
2.16628e-09
2.37145e-09
2.57138e-09
2.75948e-09
2.92803e-09
3.0685e-09
3.17222e-09
3.23116e-09
3.23908e-09
3.19262e-09
3.09212e-09
2.94205e-09
2.75061e-09
2.5287e-09
2.28842e-09
2.04152e-09
1.79815e-09
1.56615e-09
1.35091e-09
1.15556e-09
9.81348e-10
8.28196e-10
6.95073e-10
5.80393e-10
4.82287e-10
3.98795e-10
3.28001e-10
2.68104e-10
2.17462e-10
1.74605e-10
1.38235e-10
1.07208e-10
8.05193e-11
5.72704e-11
3.66381e-11
1.78272e-11
7.42835e-34
9.53314e-14
6.39326e-11
1.24703e-10
1.82513e-10
2.37483e-10
2.89732e-10
3.39379e-10
3.8654e-10
4.31331e-10
4.73863e-10
5.14244e-10
5.52578e-10
5.88967e-10
6.23508e-10
6.56292e-10
6.87409e-10
7.16943e-10
7.44977e-10
7.71586e-10
7.96844e-10
8.20821e-10
8.43583e-10
8.65193e-10
8.85711e-10
9.05193e-10
9.23693e-10
9.41262e-10
9.57948e-10
9.73797e-10
9.88851e-10
1.00315e-09
1.01674e-09
1.16407e-09
1.3209e-09
1.48638e-09
1.65904e-09
1.83666e-09
2.01616e-09
2.19341e-09
2.36323e-09
2.51937e-09
2.65479e-09
2.76197e-09
2.83363e-09
2.86352e-09
2.8474e-09
2.78388e-09
2.67493e-09
2.52595e-09
2.34517e-09
2.14251e-09
1.92836e-09
1.71227e-09
1.5022e-09
1.30405e-09
1.12167e-09
9.57114e-10
8.11024e-10
6.82996e-10
5.71953e-10
4.76418e-10
3.94733e-10
3.25199e-10
2.66179e-10
2.16144e-10
1.73707e-10
1.37627e-10
1.06801e-10
8.02517e-11
5.71009e-11
3.65393e-11
1.77821e-11
8.15083e-34
7.92857e-14
5.32155e-11
1.03803e-10
1.51931e-10
1.97701e-10
2.41215e-10
2.82571e-10
3.21867e-10
3.59198e-10
3.94657e-10
4.28333e-10
4.60313e-10
4.9068e-10
5.19513e-10
5.4689e-10
5.72884e-10
5.97565e-10
6.20998e-10
6.43249e-10
6.64377e-10
6.8444e-10
7.03492e-10
7.21587e-10
7.38771e-10
7.55094e-10
7.70598e-10
7.85326e-10
7.99318e-10
8.12611e-10
8.25242e-10
8.37244e-10
8.4865e-10
9.72515e-10
1.10482e-09
1.24501e-09
1.39211e-09
1.54451e-09
1.69996e-09
1.85535e-09
2.00668e-09
2.14902e-09
2.27665e-09
2.38325e-09
2.46241e-09
2.50821e-09
2.516e-09
2.48321e-09
2.40991e-09
2.29911e-09
2.15655e-09
1.98996e-09
1.8081e-09
1.61965e-09
1.4323e-09
1.25221e-09
1.0838e-09
9.29797e-10
7.91523e-10
6.69196e-10
5.62257e-10
4.69647e-10
3.90028e-10
3.21945e-10
2.63937e-10
2.14606e-10
1.72657e-10
1.36915e-10
1.06324e-10
7.99377e-11
5.69018e-11
3.64232e-11
1.7729e-11
8.9396e-34
6.54483e-14
4.39624e-11
8.5756e-11
1.25523e-10
1.63347e-10
1.99313e-10
2.33503e-10
2.65998e-10
2.96876e-10
3.26213e-10
3.54084e-10
3.80559e-10
4.05707e-10
4.29592e-10
4.52278e-10
4.73825e-10
4.9429e-10
5.13728e-10
5.3219e-10
5.49726e-10
5.66383e-10
5.82206e-10
5.97238e-10
6.11518e-10
6.25086e-10
6.37977e-10
6.50227e-10
6.61867e-10
6.72929e-10
6.83442e-10
6.93434e-10
7.02932e-10
8.06233e-10
9.16921e-10
1.03469e-09
1.15889e-09
1.28844e-09
1.42171e-09
1.55643e-09
1.68957e-09
1.81734e-09
1.93519e-09
2.03795e-09
2.12014e-09
2.17639e-09
2.20205e-09
2.19384e-09
2.15048e-09
2.07308e-09
1.96516e-09
1.83237e-09
1.68173e-09
1.52074e-09
1.35656e-09
1.19532e-09
1.04176e-09
8.99169e-10
7.69473e-10
6.53479e-10
5.51148e-10
4.61849e-10
3.84586e-10
3.18167e-10
2.61327e-10
2.12811e-10
1.7143e-10
1.36082e-10
1.05764e-10
7.9569e-11
5.66678e-11
3.62866e-11
1.76666e-11
9.79948e-34
5.36369e-14
3.60551e-11
7.03335e-11
1.02953e-10
1.33983e-10
1.63494e-10
1.91554e-10
2.18228e-10
2.43582e-10
2.67677e-10
2.90573e-10
3.1233e-10
3.33001e-10
3.52641e-10
3.713e-10
3.89028e-10
4.05871e-10
4.21872e-10
4.37076e-10
4.51521e-10
4.65246e-10
4.78288e-10
4.90681e-10
5.02457e-10
5.13649e-10
5.24286e-10
5.34396e-10
5.44005e-10
5.53139e-10
5.61822e-10
5.70077e-10
5.77925e-10
6.63401e-10
7.5526e-10
8.53364e-10
9.57326e-10
1.06643e-09
1.17956e-09
1.29509e-09
1.41078e-09
1.52379e-09
1.63059e-09
1.72704e-09
1.8086e-09
1.87059e-09
1.90863e-09
1.91918e-09
1.90006e-09
1.85096e-09
1.77361e-09
1.67171e-09
1.55055e-09
1.41631e-09
1.27532e-09
1.13341e-09
9.95437e-10
8.65045e-10
7.44671e-10
6.35656e-10
5.38461e-10
4.52891e-10
3.78305e-10
3.13789e-10
2.58291e-10
2.10717e-10
1.69994e-10
1.35105e-10
1.05107e-10
7.91356e-11
5.63925e-11
3.61257e-11
1.7593e-11
1.07353e-33
4.36539e-14
2.93646e-11
5.72837e-11
8.38539e-11
1.09133e-10
1.33179e-10
1.56046e-10
1.77789e-10
1.9846e-10
2.1811e-10
2.36788e-10
2.54539e-10
2.71411e-10
2.87445e-10
3.02682e-10
3.17163e-10
3.30925e-10
3.44003e-10
3.56433e-10
3.68245e-10
3.79472e-10
3.90143e-10
4.00286e-10
4.09926e-10
4.19091e-10
4.27803e-10
4.36085e-10
4.43959e-10
4.51445e-10
4.58563e-10
4.65331e-10
4.71768e-10
5.41959e-10
6.17597e-10
6.9866e-10
7.84945e-10
8.76012e-10
9.71118e-10
1.06913e-09
1.16847e-09
1.26703e-09
1.36213e-09
1.45058e-09
1.5287e-09
1.59254e-09
1.6382e-09
1.66217e-09
1.66183e-09
1.63588e-09
1.58465e-09
1.51022e-09
1.41622e-09
1.30743e-09
1.18918e-09
1.06674e-09
9.44848e-10
8.27316e-10
7.1695e-10
6.15549e-10
5.24034e-10
4.42636e-10
3.71072e-10
3.08723e-10
2.54765e-10
2.08277e-10
1.68317e-10
1.33961e-10
1.04336e-10
7.86261e-11
5.60684e-11
3.59363e-11
1.75062e-11
1.17515e-33
3.52957e-14
2.37573e-11
4.63462e-11
6.78458e-11
8.83033e-11
1.07765e-10
1.26277e-10
1.43882e-10
1.60622e-10
1.76539e-10
1.91672e-10
2.06059e-10
2.19735e-10
2.32736e-10
2.45094e-10
2.56842e-10
2.68009e-10
2.78625e-10
2.88716e-10
2.98309e-10
3.07428e-10
3.16098e-10
3.24341e-10
3.32178e-10
3.39629e-10
3.46714e-10
3.5345e-10
3.59857e-10
3.65949e-10
3.71742e-10
3.77252e-10
3.82493e-10
4.39713e-10
5.01529e-10
5.67988e-10
6.39017e-10
7.14368e-10
7.93575e-10
8.75884e-10
9.60196e-10
1.045e-09
1.12834e-09
1.20778e-09
1.28044e-09
1.3431e-09
1.39241e-09
1.42514e-09
1.43854e-09
1.43074e-09
1.40108e-09
1.35031e-09
1.28063e-09
1.19545e-09
1.09898e-09
9.95767e-10
8.90162e-10
7.85969e-10
6.86203e-10
5.9301e-10
5.07716e-10
4.30946e-10
3.62773e-10
3.02877e-10
2.50676e-10
2.05437e-10
1.66358e-10
1.32621e-10
1.03431e-10
7.80272e-11
5.56869e-11
3.57129e-11
1.74039e-11
1.28523e-33
2.83603e-14
1.91002e-11
3.72619e-11
5.45491e-11
7.10003e-11
8.6653e-11
1.01544e-10
1.15708e-10
1.29179e-10
1.4199e-10
1.54172e-10
1.65757e-10
1.76772e-10
1.87245e-10
1.97203e-10
2.06672e-10
2.15674e-10
2.24234e-10
2.32373e-10
2.40112e-10
2.47471e-10
2.54468e-10
2.61123e-10
2.6745e-10
2.73468e-10
2.79191e-10
2.84634e-10
2.89811e-10
2.94735e-10
2.99418e-10
3.03873e-10
3.08111e-10
3.54434e-10
4.04591e-10
4.58672e-10
5.16684e-10
5.78514e-10
6.43888e-10
7.12331e-10
7.83106e-10
8.55166e-10
9.27103e-10
9.9712e-10
1.06303e-09
1.12228e-09
1.17212e-09
1.2097e-09
1.2324e-09
1.2381e-09
1.22552e-09
1.19445e-09
1.14588e-09
1.08198e-09
1.00586e-09
9.21164e-10
8.31725e-10
7.41119e-10
6.524e-10
5.67937e-10
4.89375e-10
4.1769e-10
3.53291e-10
2.96156e-10
2.4595e-10
2.02139e-10
1.64074e-10
1.31055e-10
1.0237e-10
7.73235e-11
5.52379e-11
3.54497e-11
1.72833e-11
1.4041e-33
2.26542e-14
1.52652e-11
2.9781e-11
4.35988e-11
5.67497e-11
6.92638e-11
8.11705e-11
9.24978e-11
1.03273e-10
1.13522e-10
1.23271e-10
1.32542e-10
1.4136e-10
1.49745e-10
1.57721e-10
1.65305e-10
1.72518e-10
1.79377e-10
1.85901e-10
1.92105e-10
1.98006e-10
2.03618e-10
2.08956e-10
2.14033e-10
2.18862e-10
2.23456e-10
2.27825e-10
2.31982e-10
2.35936e-10
2.39698e-10
2.43276e-10
2.46681e-10
2.83935e-10
3.24356e-10
3.68054e-10
4.15082e-10
4.65414e-10
5.18913e-10
5.75295e-10
6.34089e-10
6.94592e-10
7.55826e-10
8.165e-10
8.74992e-10
9.29358e-10
9.77385e-10
1.0167e-09
1.04496e-09
1.06003e-09
1.06032e-09
1.04498e-09
1.01411e-09
9.68816e-10
9.11146e-10
8.43855e-10
7.70088e-10
6.93034e-10
6.15619e-10
5.40293e-10
4.68918e-10
4.02754e-10
3.42514e-10
2.88459e-10
2.40504e-10
1.98318e-10
1.61417e-10
1.29225e-10
1.01127e-10
7.64971e-11
5.47096e-11
3.51396e-11
1.71409e-11
1.53199e-33
1.79966e-14
1.21324e-11
2.36697e-11
3.46529e-11
4.5107e-11
5.5056e-11
6.45233e-11
7.35312e-11
8.21014e-11
9.02546e-11
9.80108e-11
1.05389e-10
1.12407e-10
1.19083e-10
1.25433e-10
1.31473e-10
1.37218e-10
1.42683e-10
1.47882e-10
1.52826e-10
1.5753e-10
1.62004e-10
1.66261e-10
1.7031e-10
1.74162e-10
1.77827e-10
1.81314e-10
1.84631e-10
1.87788e-10
1.90791e-10
1.93648e-10
1.96367e-10
2.26142e-10
2.58508e-10
2.93579e-10
3.31436e-10
3.72102e-10
4.15529e-10
4.61566e-10
5.09929e-10
5.60166e-10
6.11619e-10
6.63389e-10
7.14309e-10
7.62933e-10
8.07555e-10
8.46267e-10
8.77064e-10
8.97999e-10
9.07389e-10
9.04034e-10
8.87412e-10
8.57814e-10
8.16373e-10
7.64965e-10
7.06e-10
6.4215e-10
5.76064e-10
5.10128e-10
4.46303e-10
3.86054e-10
3.30344e-10
2.79694e-10
2.34256e-10
1.93908e-10
1.58334e-10
1.27093e-10
9.9674e-11
7.55279e-11
5.40885e-11
3.47745e-11
1.69732e-11
1.66895e-33
1.42229e-14
9.59238e-12
1.87145e-11
2.73991e-11
3.5666e-11
4.35342e-11
5.10223e-11
5.81481e-11
6.49285e-11
7.138e-11
7.75182e-11
8.33581e-11
8.89142e-11
9.42001e-11
9.92288e-11
1.04013e-10
1.08564e-10
1.12895e-10
1.17014e-10
1.20933e-10
1.24662e-10
1.2821e-10
1.31585e-10
1.34797e-10
1.37852e-10
1.4076e-10
1.43526e-10
1.46159e-10
1.48664e-10
1.51048e-10
1.53316e-10
1.55475e-10
1.79134e-10
2.04894e-10
2.32865e-10
2.63136e-10
2.95762e-10
3.30747e-10
3.68027e-10
4.07445e-10
4.48728e-10
4.91448e-10
5.35001e-10
5.78572e-10
6.21119e-10
6.61367e-10
6.97834e-10
7.28888e-10
7.52843e-10
7.68107e-10
7.73347e-10
7.67676e-10
7.50808e-10
7.23144e-10
6.85779e-10
6.40397e-10
5.89081e-10
5.34084e-10
4.77597e-10
4.21561e-10
3.67548e-10
3.16707e-10
2.69776e-10
2.27128e-10
1.8884e-10
1.5477e-10
1.24616e-10
9.79784e-11
7.43933e-11
5.33596e-11
3.4345e-11
1.67756e-11
1.81481e-33
1.11863e-14
7.54719e-12
1.47246e-11
2.15581e-11
2.80634e-11
3.42555e-11
4.01491e-11
4.57581e-11
5.1096e-11
5.61756e-11
6.10092e-11
6.56086e-11
6.9985e-11
7.41492e-11
7.81115e-11
8.18817e-11
8.5469e-11
8.88823e-11
9.21301e-11
9.52205e-11
9.81611e-11
1.00959e-10
1.03622e-10
1.06156e-10
1.08567e-10
1.10861e-10
1.13045e-10
1.15123e-10
1.171e-10
1.18983e-10
1.20774e-10
1.22479e-10
1.41176e-10
1.61562e-10
1.8374e-10
2.07796e-10
2.33798e-10
2.61782e-10
2.91737e-10
3.23592e-10
3.57191e-10
3.92273e-10
4.28445e-10
4.65158e-10
5.01681e-10
5.37094e-10
5.70285e-10
5.99974e-10
6.24777e-10
6.43285e-10
6.54201e-10
6.56478e-10
6.49468e-10
6.33046e-10
6.07669e-10
5.74359e-10
5.34599e-10
4.90176e-10
4.42978e-10
3.94812e-10
3.47255e-10
3.01563e-10
2.5864e-10
2.19047e-10
1.83049e-10
1.50668e-10
1.21749e-10
9.60061e-11
7.30684e-11
5.25057e-11
3.38407e-11
1.65433e-11
1.96906e-33
8.7582e-15
5.91094e-12
1.15324e-11
1.68848e-11
2.19804e-11
2.68311e-11
3.14483e-11
3.58431e-11
4.00258e-11
4.40066e-11
4.77951e-11
5.14005e-11
5.48315e-11
5.80967e-11
6.12039e-11
6.41608e-11
6.69746e-11
6.96524e-11
7.22006e-11
7.46257e-11
7.69335e-11
7.91298e-11
8.122e-11
8.32092e-11
8.51024e-11
8.69042e-11
8.8619e-11
9.02512e-11
9.18047e-11
9.32833e-11
9.46907e-11
9.60303e-11
1.10731e-10
1.26779e-10
1.44266e-10
1.63272e-10
1.83869e-10
2.06105e-10
2.30002e-10
2.5554e-10
2.82644e-10
3.11163e-10
3.40856e-10
3.71364e-10
4.02194e-10
4.327e-10
4.62074e-10
4.89353e-10
5.13442e-10
5.33171e-10
5.47371e-10
5.54988e-10
5.55201e-10
5.47546e-10
5.32007e-10
5.09053e-10
4.79613e-10
4.44983e-10
4.06678e-10
3.66277e-10
3.25265e-10
2.84921e-10
2.4625e-10
2.09958e-10
1.76473e-10
1.45974e-10
1.18445e-10
9.37206e-11
7.1526e-11
5.1508e-11
3.325e-11
1.62707e-11
2.1308e-33
6.82802e-15
4.60957e-12
8.99351e-12
1.31677e-11
1.71419e-11
2.09254e-11
2.4527e-11
2.79554e-11
3.12187e-11
3.43248e-11
3.72811e-11
4.00949e-11
4.27729e-11
4.53216e-11
4.77474e-11
5.00561e-11
5.22534e-11
5.43447e-11
5.6335e-11
5.82293e-11
6.00322e-11
6.17482e-11
6.33815e-11
6.4936e-11
6.64157e-11
6.7824e-11
6.91646e-11
7.04406e-11
7.16552e-11
7.28113e-11
7.39119e-11
7.49596e-11
8.64621e-11
9.90338e-11
1.12751e-10
1.27686e-10
1.43907e-10
1.61467e-10
1.80404e-10
2.00728e-10
2.22413e-10
2.45384e-10
2.69499e-10
2.94537e-10
3.20175e-10
3.45976e-10
3.71372e-10
3.9566e-10
4.18011e-10
4.37493e-10
4.53122e-10
4.63932e-10
4.69067e-10
4.67888e-10
4.60066e-10
4.45654e-10
4.25108e-10
3.9926e-10
3.69226e-10
3.36288e-10
3.01756e-10
2.66851e-10
2.32608e-10
1.99828e-10
1.69065e-10
1.40637e-10
1.1466e-10
9.10848e-11
6.97376e-11
5.03463e-11
3.25599e-11
1.59516e-11
2.29859e-33
5.30179e-15
3.5801e-12
6.98504e-12
1.02272e-11
1.33141e-11
1.62531e-11
1.9051e-11
2.17145e-11
2.425e-11
2.66635e-11
2.89609e-11
3.11477e-11
3.32292e-11
3.52105e-11
3.70963e-11
3.88913e-11
4.05998e-11
4.22261e-11
4.3774e-11
4.52474e-11
4.66498e-11
4.79848e-11
4.92555e-11
5.04651e-11
5.16165e-11
5.27125e-11
5.37558e-11
5.4749e-11
5.56945e-11
5.65945e-11
5.74513e-11
5.8267e-11
6.72268e-11
7.70288e-11
8.77367e-11
9.94135e-11
1.12119e-10
1.25907e-10
1.4082e-10
1.56885e-10
1.74105e-10
1.92449e-10
2.11846e-10
2.32164e-10
2.53203e-10
2.74676e-10
2.96198e-10
3.17273e-10
3.37295e-10
3.55554e-10
3.71259e-10
3.83586e-10
3.91737e-10
3.95021e-10
3.9294e-10
3.85265e-10
3.72089e-10
3.53841e-10
3.31252e-10
3.05279e-10
2.76997e-10
2.47495e-10
2.17769e-10
1.88657e-10
1.60797e-10
1.34618e-10
1.10352e-10
8.80623e-11
6.76742e-11
4.89992e-11
3.17568e-11
1.55793e-11
2.47029e-33
4.10085e-15
2.76974e-12
5.40401e-12
7.91242e-12
1.03008e-11
1.25749e-11
1.47399e-11
1.6801e-11
1.87633e-11
2.06313e-11
2.24095e-11
2.41023e-11
2.57137e-11
2.72476e-11
2.87078e-11
3.00977e-11
3.14209e-11
3.26804e-11
3.38793e-11
3.50206e-11
3.61071e-11
3.71414e-11
3.81259e-11
3.90632e-11
3.99554e-11
4.08048e-11
4.16134e-11
4.23832e-11
4.31161e-11
4.38138e-11
4.44781e-11
4.51105e-11
5.20597e-11
5.96685e-11
6.7989e-11
7.70744e-11
8.69764e-11
9.7744e-11
1.0942e-10
1.22038e-10
1.35616e-10
1.50152e-10
1.65616e-10
1.81936e-10
1.98996e-10
2.16616e-10
2.34542e-10
2.52438e-10
2.69875e-10
2.8633e-10
3.01198e-10
3.13813e-10
3.23485e-10
3.29557e-10
3.31471e-10
3.28838e-10
3.21502e-10
3.09578e-10
2.93458e-10
2.73777e-10
2.51348e-10
2.27072e-10
2.01847e-10
1.76487e-10
1.51667e-10
1.27891e-10
1.05488e-10
8.46207e-11
6.53076e-11
4.74454e-11
3.08265e-11
1.51469e-11
2.64298e-33
3.16006e-15
2.13471e-12
4.16505e-12
6.09843e-12
7.93938e-12
9.69225e-12
1.13612e-11
1.29501e-11
1.44629e-11
1.59031e-11
1.72742e-11
1.85795e-11
1.98222e-11
2.10052e-11
2.21314e-11
2.32035e-11
2.42241e-11
2.51958e-11
2.61208e-11
2.70014e-11
2.78397e-11
2.86378e-11
2.93976e-11
3.01209e-11
3.08096e-11
3.14652e-11
3.20894e-11
3.26837e-11
3.32495e-11
3.37881e-11
3.4301e-11
3.47893e-11
4.01569e-11
4.6038e-11
5.24751e-11
5.95117e-11
6.71917e-11
7.55576e-11
8.46492e-11
9.45009e-11
1.05138e-10
1.16573e-10
1.28801e-10
1.4179e-10
1.55475e-10
1.69751e-10
1.84459e-10
1.99375e-10
2.14208e-10
2.28588e-10
2.42067e-10
2.54132e-10
2.64222e-10
2.71761e-10
2.76208e-10
2.77113e-10
2.74173e-10
2.67282e-10
2.56564e-10
2.4237e-10
2.25246e-10
2.0588e-10
1.85022e-10
1.63411e-10
1.41709e-10
1.20457e-10
1.0005e-10
8.07341e-11
6.26129e-11
4.56645e-11
2.97548e-11
1.46472e-11
2.81271e-33
2.42606e-15
1.63913e-12
3.19813e-12
4.68272e-12
6.09637e-12
7.44244e-12
8.7241e-12
9.94441e-12
1.11063e-11
1.22125e-11
1.32656e-11
1.42683e-11
1.5223e-11
1.61318e-11
1.69971e-11
1.78208e-11
1.86051e-11
1.93518e-11
2.00626e-11
2.07394e-11
2.13838e-11
2.19972e-11
2.25813e-11
2.31373e-11
2.36667e-11
2.41708e-11
2.46507e-11
2.51076e-11
2.55427e-11
2.59569e-11
2.63513e-11
2.67268e-11
3.08559e-11
3.53828e-11
4.03414e-11
4.5767e-11
5.16958e-11
5.81639e-11
6.5206e-11
7.28546e-11
8.11367e-11
9.00718e-11
9.9668e-11
1.09917e-10
1.20789e-10
1.32225e-10
1.4413e-10
1.56364e-10
1.68734e-10
1.80986e-10
1.92803e-10
2.03804e-10
2.13554e-10
2.2158e-10
2.27404e-10
2.30581e-10
2.30746e-10
2.27663e-10
2.21262e-10
2.11666e-10
1.99184e-10
1.84283e-10
1.67539e-10
1.49576e-10
1.30998e-10
1.12341e-10
9.4036e-11
7.63874e-11
5.95709e-11
4.36386e-11
2.85288e-11
1.40734e-11
2.97444e-33
1.85551e-15
1.25381e-12
2.44635e-12
3.58198e-12
4.66338e-12
5.69311e-12
6.67361e-12
7.60721e-12
8.49613e-12
9.3425e-12
1.01483e-11
1.09156e-11
1.16461e-11
1.23416e-11
1.30038e-11
1.36343e-11
1.42346e-11
1.48061e-11
1.53503e-11
1.58684e-11
1.63617e-11
1.68313e-11
1.72785e-11
1.77043e-11
1.81097e-11
1.84956e-11
1.88631e-11
1.92131e-11
1.95463e-11
1.98635e-11
2.01656e-11
2.04532e-11
2.36166e-11
2.70866e-11
3.08899e-11
3.50549e-11
3.96108e-11
4.45873e-11
5.00142e-11
5.59199e-11
6.23303e-11
6.92671e-11
7.67447e-11
8.47678e-11
9.33269e-11
1.02394e-10
1.11915e-10
1.21806e-10
1.31946e-10
1.42165e-10
1.52246e-10
1.61918e-10
1.70857e-10
1.78693e-10
1.85033e-10
1.89477e-10
1.91658e-10
1.91281e-10
1.88161e-10
1.82254e-10
1.73675e-10
1.62692e-10
1.49701e-10
1.35185e-10
1.19655e-10
1.03606e-10
8.7469e-11
7.1581e-11
5.61711e-11
4.13549e-11
2.71376e-11
1.34196e-11
3.12191e-33
1.41352e-15
9.55259e-13
1.86384e-12
2.72908e-12
3.55302e-12
4.33761e-12
5.08471e-12
5.7961e-12
6.47347e-12
7.11845e-12
7.73257e-12
8.31731e-12
8.87407e-12
9.40418e-12
9.90892e-12
1.03895e-11
1.08471e-11
1.12828e-11
1.16976e-11
1.20926e-11
1.24687e-11
1.28268e-11
1.31678e-11
1.34924e-11
1.38015e-11
1.40959e-11
1.43761e-11
1.4643e-11
1.48971e-11
1.51391e-11
1.53695e-11
1.55889e-11
1.80022e-11
2.06506e-11
2.3555e-11
2.67378e-11
3.02223e-11
3.40326e-11
3.81933e-11
4.27286e-11
4.76617e-11
5.30133e-11
5.88003e-11
6.50335e-11
7.17149e-11
7.88344e-11
8.63656e-11
9.42608e-11
1.02446e-10
1.10814e-10
1.19221e-10
1.27479e-10
1.35356e-10
1.42578e-10
1.48834e-10
1.53792e-10
1.57121e-10
1.58518e-10
1.57744e-10
1.54652e-10
1.49215e-10
1.41538e-10
1.31851e-10
1.20489e-10
1.07849e-10
9.4353e-11
8.04009e-11
6.63351e-11
5.24158e-11
3.88076e-11
2.55743e-11
1.26812e-11
3.24764e-33
1.0722e-15
7.2466e-13
1.41391e-12
2.0703e-12
2.69537e-12
3.29059e-12
3.85739e-12
4.39712e-12
4.91105e-12
5.40042e-12
5.86639e-12
6.31009e-12
6.73257e-12
7.13484e-12
7.51788e-12
7.8826e-12
8.22988e-12
8.56056e-12
8.87542e-12
9.17522e-12
9.46069e-12
9.73251e-12
9.99134e-12
1.02378e-11
1.04725e-11
1.06959e-11
1.09087e-11
1.11113e-11
1.13043e-11
1.1488e-11
1.16629e-11
1.18295e-11
1.36623e-11
1.56744e-11
1.7882e-11
2.03026e-11
2.29545e-11
2.58571e-11
2.90302e-11
3.24938e-11
3.62677e-11
4.03705e-11
4.48188e-11
4.96256e-11
5.47988e-11
6.03385e-11
6.62343e-11
7.24619e-11
7.8979e-11
8.57203e-11
9.25934e-11
9.94735e-11
1.062e-10
1.12577e-10
1.1837e-10
1.23317e-10
1.27142e-10
1.29567e-10
1.30344e-10
1.29275e-10
1.26246e-10
1.21241e-10
1.14352e-10
1.05775e-10
9.57882e-11
8.47207e-11
7.29155e-11
6.06936e-11
4.83235e-11
3.60011e-11
2.38374e-11
1.18564e-11
3.34299e-33
8.09373e-16
5.4707e-13
1.06741e-12
1.56295e-12
2.03485e-12
2.48423e-12
2.91216e-12
3.31965e-12
3.70768e-12
4.07718e-12
4.42902e-12
4.76406e-12
5.08308e-12
5.38685e-12
5.67611e-12
5.95155e-12
6.21382e-12
6.46355e-12
6.70136e-12
6.9278e-12
7.14341e-12
7.34873e-12
7.54424e-12
7.7304e-12
7.90768e-12
8.07648e-12
8.23723e-12
8.39029e-12
8.53605e-12
8.67485e-12
8.80702e-12
8.93288e-12
1.03179e-11
1.18387e-11
1.3508e-11
1.53393e-11
1.73469e-11
1.95458e-11
2.19519e-11
2.45814e-11
2.74507e-11
3.05756e-11
3.39711e-11
3.76504e-11
4.16233e-11
4.58952e-11
5.04649e-11
5.53222e-11
6.04448e-11
6.57952e-11
7.13163e-11
7.69281e-11
8.25234e-11
8.79652e-11
9.30856e-11
9.76876e-11
1.01551e-10
1.04442e-10
1.06131e-10
1.06412e-10
1.05125e-10
1.02176e-10
9.75566e-11
9.13474e-11
8.37127e-11
7.48833e-11
6.51287e-11
5.47265e-11
4.39317e-11
3.29525e-11
2.19329e-11
1.09463e-11
3.3985e-33
6.07541e-16
4.10675e-13
8.0129e-13
1.17329e-12
1.52754e-12
1.8649e-12
2.18615e-12
2.49208e-12
2.7834e-12
3.06081e-12
3.32497e-12
3.57652e-12
3.81605e-12
4.04414e-12
4.26134e-12
4.46816e-12
4.66511e-12
4.85264e-12
5.03122e-12
5.20127e-12
5.3632e-12
5.5174e-12
5.66423e-12
5.80405e-12
5.93719e-12
6.06398e-12
6.18472e-12
6.29969e-12
6.40917e-12
6.51343e-12
6.61271e-12
6.70726e-12
7.74775e-12
8.89063e-12
1.01455e-11
1.15226e-11
1.30331e-11
1.46887e-11
1.65016e-11
1.84849e-11
2.06515e-11
2.30148e-11
2.55874e-11
2.83813e-11
3.14067e-11
3.46709e-11
3.81775e-11
4.19242e-11
4.59011e-11
5.00879e-11
5.44513e-11
5.89417e-11
6.34898e-11
6.80036e-11
7.23663e-11
7.64351e-11
8.00434e-11
8.30057e-11
8.51264e-11
8.62139e-11
8.6097e-11
8.46442e-11
8.17806e-11
7.75014e-11
7.18753e-11
6.50397e-11
5.71846e-11
4.85298e-11
3.92987e-11
2.96936e-11
1.9876e-11
9.95669e-12
3.40433e-33
4.52936e-16
3.06185e-13
5.97415e-13
8.74764e-13
1.13889e-12
1.39042e-12
1.62995e-12
1.85805e-12
2.07527e-12
2.28212e-12
2.47909e-12
2.66666e-12
2.84528e-12
3.01537e-12
3.17734e-12
3.33158e-12
3.47845e-12
3.61831e-12
3.75149e-12
3.87832e-12
3.99909e-12
4.11409e-12
4.22361e-12
4.3279e-12
4.42721e-12
4.52178e-12
4.61184e-12
4.6976e-12
4.77926e-12
4.85704e-12
4.9311e-12
5.00162e-12
5.77789e-12
6.63072e-12
7.56737e-12
8.59564e-12
9.72395e-12
1.09613e-11
1.23171e-11
1.38016e-11
1.54249e-11
1.71977e-11
1.91306e-11
2.12337e-11
2.35163e-11
2.59861e-11
2.86486e-11
3.15058e-11
3.45545e-11
3.77853e-11
4.11798e-11
4.47085e-11
4.83283e-11
5.19792e-11
5.55824e-11
5.90383e-11
6.22256e-11
6.50036e-11
6.7216e-11
6.86991e-11
6.92928e-11
6.88553e-11
6.72784e-11
6.45016e-11
6.05224e-11
5.53995e-11
4.92472e-11
4.22219e-11
3.45031e-11
2.62718e-11
1.76918e-11
8.89795e-12
3.35096e-33
3.34771e-16
2.26316e-13
4.41579e-13
6.46583e-13
8.41815e-13
1.02774e-12
1.20479e-12
1.3734e-12
1.53397e-12
1.68688e-12
1.83249e-12
1.97115e-12
2.10319e-12
2.22893e-12
2.34867e-12
2.4627e-12
2.57128e-12
2.67468e-12
2.77315e-12
2.86692e-12
2.95621e-12
3.04124e-12
3.12222e-12
3.19933e-12
3.27276e-12
3.34269e-12
3.40928e-12
3.47269e-12
3.53308e-12
3.59059e-12
3.64536e-12
3.69751e-12
4.2716e-12
4.90243e-12
5.5954e-12
6.35638e-12
7.19168e-12
8.10809e-12
9.11285e-12
1.02136e-11
1.14184e-11
1.27355e-11
1.41733e-11
1.57401e-11
1.74439e-11
1.92919e-11
2.12897e-11
2.34412e-11
2.57471e-11
2.82038e-11
3.08021e-11
3.35256e-11
3.63481e-11
3.9232e-11
4.21257e-11
4.49616e-11
4.76548e-11
5.01027e-11
5.21862e-11
5.37742e-11
5.47295e-11
5.49189e-11
5.4225e-11
5.2559e-11
4.98724e-11
4.61651e-11
4.14875e-11
3.59354e-11
2.96394e-11
2.27486e-11
1.54157e-11
7.78575e-12
3.23002e-33
2.44615e-16
1.65374e-13
3.22671e-13
4.72473e-13
6.15135e-13
7.50997e-13
8.8038e-13
1.00359e-12
1.12093e-12
1.23267e-12
1.33908e-12
1.44041e-12
1.53691e-12
1.6288e-12
1.71631e-12
1.79965e-12
1.879e-12
1.95458e-12
2.02654e-12
2.09508e-12
2.16034e-12
2.22249e-12
2.28167e-12
2.33804e-12
2.39171e-12
2.44282e-12
2.4915e-12
2.53785e-12
2.582e-12
2.62403e-12
2.66407e-12
2.70219e-12
3.12188e-12
3.58311e-12
4.08987e-12
4.64649e-12
5.25765e-12
5.9284e-12
6.66414e-12
7.47062e-12
8.35392e-12
9.32036e-12
1.03765e-11
1.15289e-11
1.2784e-11
1.41478e-11
1.56259e-11
1.72222e-11
1.89391e-11
2.07764e-11
2.27301e-11
2.47916e-11
2.69459e-11
2.91701e-11
3.14313e-11
3.36851e-11
3.58738e-11
3.79251e-11
3.97524e-11
4.12556e-11
4.23247e-11
4.28456e-11
4.2708e-11
4.18156e-11
4.00964e-11
3.75127e-11
3.40676e-11
2.9806e-11
2.48112e-11
1.91958e-11
1.30913e-11
6.6402e-12
3.03502e-33
1.75868e-16
1.18901e-13
2.31995e-13
3.397e-13
4.42273e-13
5.39957e-13
6.32983e-13
7.21574e-13
8.05941e-13
8.86284e-13
9.62795e-13
1.03566e-12
1.10504e-12
1.17112e-12
1.23405e-12
1.29397e-12
1.35104e-12
1.40538e-12
1.45713e-12
1.50641e-12
1.55335e-12
1.59804e-12
1.6406e-12
1.68113e-12
1.71973e-12
1.75649e-12
1.7915e-12
1.82483e-12
1.85658e-12
1.88681e-12
1.91561e-12
1.94303e-12
2.24488e-12
2.57665e-12
2.94124e-12
3.34176e-12
3.78164e-12
4.26454e-12
4.79443e-12
5.37552e-12
6.01231e-12
6.70953e-12
7.47208e-12
8.305e-12
9.2133e-12
1.02019e-11
1.12752e-11
1.24372e-11
1.36906e-11
1.50366e-11
1.64742e-11
1.79993e-11
1.96036e-11
2.12737e-11
2.29894e-11
2.47223e-11
2.64343e-11
2.80764e-11
2.95876e-11
3.08951e-11
3.19153e-11
3.25572e-11
3.27268e-11
3.23342e-11
3.13018e-11
2.95737e-11
2.71229e-11
2.39571e-11
2.01198e-11
1.56879e-11
1.07663e-11
5.48414e-12
2.7617e-33
1.23336e-16
8.33866e-14
1.62701e-13
2.38237e-13
3.10173e-13
3.78681e-13
4.43923e-13
5.06055e-13
5.65225e-13
6.21573e-13
6.75235e-13
7.26337e-13
7.75003e-13
8.21347e-13
8.65482e-13
9.07511e-13
9.47537e-13
9.85653e-13
1.02195e-12
1.05652e-12
1.08944e-12
1.12079e-12
1.15064e-12
1.17907e-12
1.20615e-12
1.23193e-12
1.25649e-12
1.27987e-12
1.30214e-12
1.32335e-12
1.34355e-12
1.36278e-12
1.57454e-12
1.8073e-12
2.06312e-12
2.3442e-12
2.65295e-12
2.99197e-12
3.36409e-12
3.77232e-12
4.21988e-12
4.71017e-12
5.24676e-12
5.83335e-12
6.47369e-12
7.17148e-12
7.93027e-12
8.75324e-12
9.64299e-12
1.06012e-11
1.16281e-11
1.27222e-11
1.38792e-11
1.50915e-11
1.63471e-11
1.76284e-11
1.89112e-11
2.01631e-11
2.13432e-11
2.24005e-11
2.32751e-11
2.38987e-11
2.41971e-11
2.40953e-11
2.35222e-11
2.24184e-11
2.07435e-11
1.84823e-11
1.56496e-11
1.22916e-11
8.48563e-12
4.33991e-12
2.40748e-33
8.28555e-17
5.60192e-14
1.09303e-13
1.60048e-13
2.08376e-13
2.544e-13
2.9823e-13
3.39972e-13
3.79723e-13
4.17579e-13
4.53631e-13
4.87963e-13
5.20659e-13
5.51795e-13
5.81447e-13
6.09685e-13
6.36576e-13
6.62185e-13
6.86574e-13
7.09799e-13
7.31917e-13
7.5298e-13
7.73039e-13
7.92142e-13
8.10334e-13
8.27658e-13
8.44157e-13
8.59869e-13
8.74833e-13
8.89083e-13
9.02653e-13
9.15577e-13
1.05787e-12
1.21429e-12
1.38621e-12
1.57513e-12
1.78269e-12
2.01063e-12
2.26089e-12
2.5355e-12
2.83667e-12
3.16674e-12
3.52817e-12
3.92352e-12
4.35543e-12
4.82655e-12
5.33946e-12
5.89656e-12
6.49993e-12
7.15111e-12
7.85088e-12
8.59883e-12
9.39302e-12
1.02294e-11
1.1101e-11
1.19974e-11
1.29039e-11
1.38001e-11
1.46597e-11
1.54492e-11
1.61279e-11
1.66481e-11
1.69562e-11
1.69951e-11
1.67076e-11
1.60418e-11
1.49563e-11
1.34267e-11
1.14507e-11
9.0519e-12
6.28223e-12
3.2247e-12
1.96915e-33
5.09542e-17
3.4451e-14
6.72198e-14
9.84275e-14
1.28148e-13
1.56453e-13
1.83408e-13
2.09079e-13
2.33526e-13
2.56808e-13
2.78979e-13
3.00094e-13
3.20202e-13
3.39352e-13
3.57588e-13
3.74955e-13
3.91494e-13
4.07244e-13
4.22244e-13
4.36528e-13
4.50131e-13
4.63086e-13
4.75423e-13
4.87172e-13
4.98361e-13
5.09017e-13
5.19165e-13
5.28829e-13
5.38032e-13
5.46797e-13
5.55144e-13
5.63093e-13
6.50613e-13
7.46829e-13
8.52589e-13
9.68817e-13
1.09652e-12
1.23679e-12
1.39081e-12
1.55986e-12
1.7453e-12
1.94859e-12
2.17129e-12
2.415e-12
2.6814e-12
2.97219e-12
3.28904e-12
3.63355e-12
4.00715e-12
4.411e-12
4.84582e-12
5.31169e-12
5.80781e-12
6.33215e-12
6.88107e-12
7.44884e-12
8.02704e-12
8.604e-12
9.16415e-12
9.68742e-12
1.01488e-11
1.05185e-11
1.07617e-11
1.08404e-11
1.07151e-11
1.03477e-11
9.70549e-12
8.76538e-12
7.51865e-12
5.97473e-12
4.16458e-12
2.14409e-12
1.43784e-33
2.44676e-17
1.65431e-14
3.22784e-14
4.72642e-14
6.15359e-14
7.51276e-14
8.80715e-14
1.00399e-13
1.12138e-13
1.23318e-13
1.33965e-13
1.44104e-13
1.5376e-13
1.62956e-13
1.71713e-13
1.80053e-13
1.87995e-13
1.95559e-13
2.02762e-13
2.09621e-13
2.16154e-13
2.22375e-13
2.28299e-13
2.33942e-13
2.39315e-13
2.44432e-13
2.49305e-13
2.53946e-13
2.58366e-13
2.62575e-13
2.66583e-13
2.70401e-13
3.12432e-13
3.5864e-13
4.09434e-13
4.65259e-13
5.26599e-13
5.93981e-13
6.67976e-13
7.492e-13
8.38316e-13
9.36031e-13
1.0431e-12
1.1603e-12
1.28846e-12
1.42841e-12
1.581e-12
1.74701e-12
1.92718e-12
2.12214e-12
2.3323e-12
2.55781e-12
2.79841e-12
3.05327e-12
3.32084e-12
3.59856e-12
3.88266e-12
4.16777e-12
4.44665e-12
4.70987e-12
4.9455e-12
5.13901e-12
5.27335e-12
5.32938e-12
5.28671e-12
5.12506e-12
4.82623e-12
4.37638e-12
3.76862e-12
3.00545e-12
2.10112e-12
1.08396e-12
7.89687e-34
7.23901e-42
9.53095e-41
3.13474e-40
6.29839e-40
1.01202e-39
1.43415e-39
1.87579e-39
2.32096e-39
2.75741e-39
3.17592e-39
3.56978e-39
3.93426e-39
4.2663e-39
4.56413e-39
4.82702e-39
5.05504e-39
5.2489e-39
5.40976e-39
5.53913e-39
5.63878e-39
5.71061e-39
5.75664e-39
5.77892e-39
5.77949e-39
5.76036e-39
5.72348e-39
5.67074e-39
5.60392e-39
5.52471e-39
5.4347e-39
5.33536e-39
3.53352e-38
8.3747e-38
1.21333e-37
1.73902e-37
2.46982e-37
3.4805e-37
4.87191e-37
6.77986e-37
9.38685e-37
1.29377e-36
1.77601e-36
2.42919e-36
3.31172e-36
4.50126e-36
6.10092e-36
8.24712e-36
1.11199e-35
1.49556e-35
2.00638e-35
2.68472e-35
3.58263e-35
4.76688e-35
6.32227e-35
8.3552e-35
1.0997e-34
1.44067e-34
1.87714e-34
2.43032e-34
3.12298e-34
3.97742e-34
5.01201e-34
6.23553e-34
7.63887e-34
9.18347e-34
1.07864e-33
1.23024e-33
1.35048e-33
1.40668e-33
1.35498e-33
1.14043e-33
7.0011e-34
2.74177e-34
