-4.43996e-40
-5.84569e-39
-1.92266e-38
-3.86304e-38
-6.2071e-38
-8.79619e-38
-1.15049e-37
-1.42353e-37
-1.69121e-37
-1.9479e-37
-2.18946e-37
-2.41301e-37
-2.61666e-37
-2.79932e-37
-2.96056e-37
-3.10041e-37
-3.2193e-37
-3.31795e-37
-3.3973e-37
-3.45841e-37
-3.50246e-37
-3.53069e-37
-3.54435e-37
-3.54469e-37
-3.53296e-37
-3.51034e-37
-3.47799e-37
-3.437e-37
-3.38842e-37
-3.33321e-37
-3.27228e-37
-2.16716e-36
-5.13629e-36
-7.44138e-36
-1.06652e-35
-1.51468e-35
-2.13445e-35
-2.98765e-35
-4.1575e-35
-5.75583e-35
-7.93262e-35
-1.08886e-34
-1.48917e-34
-2.02995e-34
-2.75868e-34
-3.7384e-34
-5.05241e-34
-6.81052e-34
-9.15685e-34
-1.22797e-33
-1.64236e-33
-2.1904e-33
-2.91245e-33
-3.85958e-33
-5.0956e-33
-6.69889e-33
-8.76361e-33
-1.13997e-32
-1.47304e-32
-1.88854e-32
-2.39888e-32
-3.01365e-32
-3.73635e-32
-4.55945e-32
-5.45788e-32
-6.38078e-32
-7.24199e-32
-7.90999e-32
-8.19881e-32
-7.86185e-32
-6.59219e-32
-4.03663e-32
-7.53608e-33
2.84836e-17
1.92583e-14
3.75761e-14
5.50214e-14
7.16354e-14
8.74578e-14
1.02526e-13
1.16876e-13
1.30542e-13
1.43557e-13
1.55951e-13
1.67754e-13
1.78995e-13
1.897e-13
1.99894e-13
2.09602e-13
2.18848e-13
2.27652e-13
2.36037e-13
2.44022e-13
2.51627e-13
2.58869e-13
2.65765e-13
2.72333e-13
2.78588e-13
2.84545e-13
2.90217e-13
2.9562e-13
3.00765e-13
3.05664e-13
3.1033e-13
3.14774e-13
3.637e-13
4.17487e-13
4.7661e-13
5.41586e-13
6.12978e-13
6.91398e-13
7.77507e-13
8.72021e-13
9.75705e-13
1.08938e-12
1.21391e-12
1.3502e-12
1.4992e-12
1.66185e-12
1.83911e-12
2.03188e-12
2.24097e-12
2.46705e-12
2.71055e-12
2.97154e-12
3.24961e-12
3.54367e-12
3.85174e-12
4.17067e-12
4.49581e-12
4.82071e-12
5.13669e-12
5.43254e-12
5.69429e-12
5.90505e-12
6.0453e-12
6.09342e-12
6.02687e-12
5.82382e-12
5.46544e-12
4.93841e-12
4.23757e-12
3.36826e-12
2.34812e-12
1.20898e-12
-4.31339e-32
5.95522e-17
4.02639e-14
7.85618e-14
1.15035e-13
1.49771e-13
1.82851e-13
2.14354e-13
2.44356e-13
2.72928e-13
3.00137e-13
3.2605e-13
3.50727e-13
3.74227e-13
3.96607e-13
4.1792e-13
4.38216e-13
4.57545e-13
4.75952e-13
4.93482e-13
5.10176e-13
5.26074e-13
5.41214e-13
5.55632e-13
5.69362e-13
5.82439e-13
5.94891e-13
6.0675e-13
6.18044e-13
6.288e-13
6.39043e-13
6.48797e-13
6.58087e-13
7.60365e-13
8.72803e-13
9.96388e-13
1.1322e-12
1.28141e-12
1.44529e-12
1.62523e-12
1.82269e-12
2.03927e-12
2.27667e-12
2.53667e-12
2.82113e-12
3.13197e-12
3.47114e-12
3.84053e-12
4.24194e-12
4.67693e-12
5.14672e-12
5.65199e-12
6.19262e-12
6.7674e-12
7.37364e-12
8.00669e-12
8.65937e-12
9.32135e-12
9.97842e-12
1.06119e-11
1.11978e-11
1.17069e-11
1.21043e-11
1.23506e-11
1.24031e-11
1.22185e-11
1.17566e-11
1.09843e-11
9.88107e-12
8.44261e-12
6.68466e-12
4.64517e-12
2.38637e-12
-7.84393e-32
9.74298e-17
6.58724e-14
1.28528e-13
1.88199e-13
2.45026e-13
2.99145e-13
3.50684e-13
3.99767e-13
4.46509e-13
4.91023e-13
5.33415e-13
5.73785e-13
6.1223e-13
6.48842e-13
6.83708e-13
7.16911e-13
7.48531e-13
7.78643e-13
8.07319e-13
8.34628e-13
8.60634e-13
8.85401e-13
9.08986e-13
9.31447e-13
9.52837e-13
9.73207e-13
9.92607e-13
1.01108e-12
1.02867e-12
1.04543e-12
1.06139e-12
1.07658e-12
1.24388e-12
1.42778e-12
1.6299e-12
1.852e-12
2.09597e-12
2.3639e-12
2.65801e-12
2.9807e-12
3.33454e-12
3.72224e-12
4.14666e-12
4.61077e-12
5.11759e-12
5.67013e-12
6.27132e-12
6.92381e-12
7.62985e-12
8.39097e-12
9.20773e-12
1.00792e-11
1.10026e-11
1.19725e-11
1.29799e-11
1.40118e-11
1.50497e-11
1.60687e-11
1.7037e-11
1.79147e-11
1.86539e-11
1.91993e-11
1.94902e-11
1.94632e-11
1.90572e-11
1.82192e-11
1.69101e-11
1.51117e-11
1.28308e-11
1.01017e-11
6.98701e-12
3.57798e-12
-1.0722e-31
1.46213e-16
9.88523e-14
1.92877e-13
2.82422e-13
3.677e-13
4.48914e-13
5.26255e-13
5.9991e-13
6.70052e-13
7.3685e-13
8.00462e-13
8.6104e-13
9.18729e-13
9.73667e-13
1.02598e-12
1.07581e-12
1.12325e-12
1.16844e-12
1.21146e-12
1.25244e-12
1.29146e-12
1.32862e-12
1.36401e-12
1.39771e-12
1.4298e-12
1.46037e-12
1.48947e-12
1.51719e-12
1.54359e-12
1.56873e-12
1.59267e-12
1.61547e-12
1.86646e-12
2.14234e-12
2.44552e-12
2.77861e-12
3.14446e-12
3.54614e-12
3.98696e-12
4.47046e-12
5.00041e-12
5.5808e-12
6.21577e-12
6.9096e-12
7.66658e-12
8.49095e-12
9.38664e-12
1.03571e-11
1.14051e-11
1.25319e-11
1.37374e-11
1.50187e-11
1.63699e-11
1.77807e-11
1.92355e-11
2.07119e-11
2.21793e-11
2.35981e-11
2.49182e-11
2.60789e-11
2.70096e-11
2.7632e-11
2.78631e-11
2.76215e-11
2.68341e-11
2.54443e-11
2.34195e-11
2.07571e-11
1.74873e-11
1.36724e-11
9.40337e-12
4.79677e-12
-1.30768e-31
2.10604e-16
1.42382e-13
2.77812e-13
4.06788e-13
5.29617e-13
6.46591e-13
7.57987e-13
8.64072e-13
9.65097e-13
1.0613e-12
1.15292e-12
1.24017e-12
1.32326e-12
1.40238e-12
1.47773e-12
1.54948e-12
1.61781e-12
1.68288e-12
1.74484e-12
1.80385e-12
1.86005e-12
1.91356e-12
1.96452e-12
2.01306e-12
2.05927e-12
2.10328e-12
2.1452e-12
2.18511e-12
2.22312e-12
2.25932e-12
2.29379e-12
2.32662e-12
2.68801e-12
3.0852e-12
3.52163e-12
4.00103e-12
4.52746e-12
5.10529e-12
5.73921e-12
6.43421e-12
7.19558e-12
8.02888e-12
8.93982e-12
9.93423e-12
1.10179e-11
1.21962e-11
1.34742e-11
1.48559e-11
1.63437e-11
1.79383e-11
1.96372e-11
2.14338e-11
2.33167e-11
2.52674e-11
2.72594e-11
2.92561e-11
3.12094e-11
3.30581e-11
3.47281e-11
3.61323e-11
3.71734e-11
3.77481e-11
3.77538e-11
3.70973e-11
3.57044e-11
3.35295e-11
3.05626e-11
2.6833e-11
2.24073e-11
1.73832e-11
1.18805e-11
6.03456e-12
-1.49579e-31
2.96497e-16
2.00444e-13
3.91099e-13
5.72668e-13
7.45582e-13
9.10252e-13
1.06707e-12
1.21641e-12
1.35862e-12
1.49405e-12
1.62302e-12
1.74583e-12
1.86279e-12
1.97416e-12
2.08022e-12
2.18121e-12
2.27739e-12
2.36898e-12
2.45619e-12
2.53925e-12
2.61834e-12
2.69366e-12
2.76539e-12
2.83369e-12
2.89873e-12
2.96067e-12
3.01966e-12
3.07583e-12
3.12932e-12
3.18027e-12
3.22878e-12
3.27498e-12
3.78352e-12
4.34236e-12
4.95629e-12
5.63052e-12
6.3707e-12
7.18285e-12
8.07344e-12
9.04933e-12
1.01177e-11
1.12861e-11
1.2562e-11
1.39531e-11
1.54667e-11
1.71095e-11
1.88872e-11
2.08036e-11
2.28603e-11
2.50551e-11
2.73812e-11
2.98253e-11
3.23662e-11
3.49725e-11
3.76005e-11
4.01923e-11
4.26744e-11
4.49568e-11
4.69336e-11
4.84863e-11
4.94885e-11
4.98144e-11
4.93491e-11
4.80003e-11
4.571e-11
4.24636e-11
3.82932e-11
3.32761e-11
2.75256e-11
2.11782e-11
1.4379e-11
7.27127e-12
-1.63858e-31
4.11576e-16
2.78229e-13
5.42869e-13
7.94897e-13
1.03491e-12
1.26348e-12
1.48114e-12
1.68842e-12
1.88581e-12
2.07377e-12
2.25277e-12
2.42322e-12
2.58554e-12
2.74011e-12
2.8873e-12
3.02746e-12
3.16093e-12
3.28803e-12
3.40906e-12
3.52432e-12
3.63407e-12
3.73859e-12
3.83811e-12
3.93289e-12
4.02314e-12
4.10909e-12
4.19093e-12
4.26887e-12
4.34309e-12
4.41377e-12
4.48108e-12
4.54518e-12
5.25069e-12
6.02583e-12
6.8772e-12
7.81194e-12
8.83773e-12
9.96279e-12
1.11958e-11
1.25461e-11
1.4023e-11
1.56365e-11
1.73964e-11
1.93121e-11
2.13926e-11
2.36454e-11
2.6076e-11
2.86872e-11
3.14773e-11
3.44388e-11
3.75568e-11
4.08064e-11
4.41503e-11
4.75365e-11
5.08957e-11
5.41392e-11
5.71582e-11
5.98249e-11
6.19954e-11
6.35165e-11
6.42354e-11
6.40123e-11
6.27354e-11
6.03343e-11
5.67912e-11
5.21458e-11
4.64923e-11
3.99689e-11
3.27407e-11
2.49802e-11
1.6848e-11
8.48217e-12
-1.73785e-31
5.66056e-16
3.82638e-13
7.46585e-13
1.09318e-12
1.42326e-12
1.73758e-12
2.03691e-12
2.32195e-12
2.59339e-12
2.85187e-12
3.098e-12
3.33238e-12
3.55557e-12
3.7681e-12
3.97048e-12
4.16319e-12
4.3467e-12
4.52145e-12
4.68785e-12
4.8463e-12
4.99718e-12
5.14086e-12
5.27768e-12
5.40797e-12
5.53204e-12
5.65018e-12
5.76269e-12
5.86982e-12
5.97184e-12
6.06899e-12
6.16151e-12
6.24961e-12
7.21922e-12
8.28428e-12
9.45377e-12
1.07373e-11
1.21453e-11
1.36887e-11
1.53791e-11
1.72286e-11
1.92496e-11
2.14546e-11
2.38558e-11
2.64647e-11
2.92913e-11
3.2343e-11
3.56239e-11
3.91329e-11
4.2862e-11
4.67939e-11
5.08994e-11
5.51341e-11
5.9436e-11
6.37214e-11
6.78836e-11
7.17912e-11
7.52894e-11
7.82041e-11
8.03496e-11
8.1541e-11
8.16095e-11
8.04202e-11
7.78896e-11
7.39981e-11
6.87968e-11
6.24037e-11
5.49909e-11
4.67637e-11
3.79359e-11
2.87059e-11
1.92361e-11
9.64307e-12
-1.79639e-31
7.73653e-16
5.22931e-13
1.02032e-12
1.49399e-12
1.94506e-12
2.37462e-12
2.78367e-12
3.17319e-12
3.5441e-12
3.8973e-12
4.23363e-12
4.55388e-12
4.85884e-12
5.14922e-12
5.42572e-12
5.68901e-12
5.93972e-12
6.17845e-12
6.40577e-12
6.62223e-12
6.82835e-12
7.02462e-12
7.21151e-12
7.38947e-12
7.55894e-12
7.72031e-12
7.87397e-12
8.02029e-12
8.15963e-12
8.29231e-12
8.41866e-12
8.53898e-12
9.86299e-12
1.1317e-11
1.29129e-11
1.46638e-11
1.65834e-11
1.86861e-11
2.09873e-11
2.35024e-11
2.62472e-11
2.92373e-11
3.24871e-11
3.60096e-11
3.98146e-11
4.3908e-11
4.82893e-11
5.29497e-11
5.7869e-11
6.30127e-11
6.83279e-11
7.37398e-11
7.91478e-11
8.44228e-11
8.94055e-11
9.39085e-11
9.77205e-11
1.00617e-10
1.02373e-10
1.02785e-10
1.01692e-10
9.89941e-11
9.46713e-11
8.87901e-11
8.14995e-11
7.3015e-11
6.35934e-11
5.35036e-11
4.2996e-11
3.22785e-11
2.14981e-11
1.07337e-11
-1.81819e-31
1.0528e-15
7.11553e-13
1.38834e-12
2.03285e-12
2.64661e-12
3.23108e-12
3.78763e-12
4.31759e-12
4.82223e-12
5.30275e-12
5.7603e-12
6.19597e-12
6.61081e-12
7.00581e-12
7.38193e-12
7.74006e-12
8.08106e-12
8.40575e-12
8.71492e-12
9.00931e-12
9.28962e-12
9.55653e-12
9.81068e-12
1.00527e-11
1.02831e-11
1.05025e-11
1.07115e-11
1.09104e-11
1.10999e-11
1.12803e-11
1.14521e-11
1.16156e-11
1.34154e-11
1.53911e-11
1.75589e-11
1.99358e-11
2.254e-11
2.53904e-11
2.85065e-11
3.19081e-11
3.56145e-11
3.96442e-11
4.40136e-11
4.87355e-11
5.38179e-11
5.9261e-11
6.5055e-11
7.11764e-11
7.75839e-11
8.42142e-11
9.0977e-11
9.77504e-11
1.04378e-10
1.10666e-10
1.16388e-10
1.21285e-10
1.25086e-10
1.27518e-10
1.28335e-10
1.27342e-10
1.24422e-10
1.19554e-10
1.12825e-10
1.04424e-10
9.46185e-11
8.37317e-11
7.20999e-11
6.00401e-11
4.78198e-11
3.56351e-11
2.35993e-11
1.17392e-11
-9.93851e-32
1.07852e-15
7.28932e-13
1.42225e-12
2.0825e-12
2.71125e-12
3.30999e-12
3.88013e-12
4.42303e-12
4.93999e-12
5.43223e-12
5.90095e-12
6.34725e-12
6.77222e-12
7.17686e-12
7.56215e-12
7.92901e-12
8.27833e-12
8.61094e-12
8.92765e-12
9.22921e-12
9.51636e-12
9.78977e-12
1.00501e-11
1.0298e-11
1.05341e-11
1.07588e-11
1.09729e-11
1.11767e-11
1.13707e-11
1.15555e-11
1.17315e-11
1.1899e-11
1.37426e-11
1.57663e-11
1.79867e-11
2.04212e-11
2.30883e-11
2.60074e-11
2.91982e-11
3.2681e-11
3.64754e-11
4.06001e-11
4.50715e-11
4.99025e-11
5.51005e-11
6.06654e-11
6.65861e-11
7.28377e-11
7.93766e-11
8.61367e-11
9.30238e-11
9.99117e-11
1.06638e-10
1.13005e-10
1.18777e-10
1.23692e-10
1.27473e-10
1.29843e-10
1.30556e-10
1.2942e-10
1.26323e-10
1.21253e-10
1.14306e-10
1.05683e-10
9.56626e-11
8.45744e-11
7.27614e-11
6.05434e-11
4.81879e-11
3.58893e-11
2.37575e-11
1.18146e-11
-1.38294e-32
1.42743e-15
9.6465e-13
1.88216e-12
2.75591e-12
3.58794e-12
4.38024e-12
5.13468e-12
5.85306e-12
6.53709e-12
7.18839e-12
7.80854e-12
8.39902e-12
8.96123e-12
9.49654e-12
1.00062e-11
1.04915e-11
1.09536e-11
1.13936e-11
1.18125e-11
1.22113e-11
1.25911e-11
1.29527e-11
1.3297e-11
1.36248e-11
1.39369e-11
1.42342e-11
1.45172e-11
1.47866e-11
1.50432e-11
1.52875e-11
1.55202e-11
1.57417e-11
1.81786e-11
2.08527e-11
2.37852e-11
2.69987e-11
3.05165e-11
3.43631e-11
3.8563e-11
4.31405e-11
4.81189e-11
5.35187e-11
5.93567e-11
6.56432e-11
7.23797e-11
7.95553e-11
8.71422e-11
9.50913e-11
1.03326e-10
1.11738e-10
1.20179e-10
1.28459e-10
1.36342e-10
1.43552e-10
1.49774e-10
1.54676e-10
1.57927e-10
1.59227e-10
1.58341e-10
1.5513e-10
1.49573e-10
1.41784e-10
1.31997e-10
1.20551e-10
1.07847e-10
9.43062e-11
8.03259e-11
6.62471e-11
5.23278e-11
3.87305e-11
2.55172e-11
1.26507e-11
-1.39145e-32
1.92999e-15
1.30412e-12
2.54449e-12
3.72568e-12
4.85046e-12
5.92148e-12
6.94129e-12
7.91232e-12
8.83687e-12
9.71716e-12
1.05553e-11
1.13533e-11
1.21131e-11
1.28364e-11
1.35252e-11
1.41809e-11
1.48052e-11
1.53996e-11
1.59655e-11
1.65043e-11
1.70173e-11
1.75057e-11
1.79708e-11
1.84135e-11
1.88351e-11
1.92365e-11
1.96187e-11
1.99826e-11
2.03291e-11
2.0659e-11
2.09731e-11
2.12722e-11
2.45617e-11
2.81697e-11
3.21239e-11
3.64534e-11
4.11886e-11
4.63599e-11
5.19977e-11
5.8131e-11
6.47859e-11
7.19836e-11
7.9738e-11
8.80518e-11
9.69128e-11
1.06289e-10
1.16121e-10
1.26317e-10
1.36746e-10
1.47227e-10
1.5753e-10
1.67368e-10
1.76401e-10
1.84247e-10
1.90498e-10
1.94751e-10
1.96638e-10
1.95873e-10
1.9229e-10
1.8587e-10
1.76756e-10
1.65245e-10
1.51758e-10
1.36795e-10
1.2088e-10
1.04511e-10
8.81161e-11
7.20271e-11
5.64652e-11
4.15375e-11
2.72404e-11
1.34648e-11
-1.40507e-32
2.60154e-15
1.75762e-12
3.42931e-12
5.02121e-12
6.53703e-12
7.98036e-12
9.35462e-12
1.06631e-11
1.19088e-11
1.30949e-11
1.42241e-11
1.52992e-11
1.63227e-11
1.72971e-11
1.82248e-11
1.91079e-11
1.99487e-11
2.07492e-11
2.15113e-11
2.22368e-11
2.29276e-11
2.35852e-11
2.42113e-11
2.48074e-11
2.53749e-11
2.59152e-11
2.64296e-11
2.69194e-11
2.73858e-11
2.78298e-11
2.82525e-11
2.8655e-11
3.30805e-11
3.79315e-11
4.32442e-11
4.90558e-11
5.54044e-11
6.23278e-11
6.98621e-11
7.80402e-11
8.68892e-11
9.64273e-11
1.06659e-10
1.17572e-10
1.29128e-10
1.41257e-10
1.53849e-10
1.66745e-10
1.79727e-10
1.92514e-10
2.04756e-10
2.16039e-10
2.25893e-10
2.33819e-10
2.3932e-10
2.41945e-10
2.41344e-10
2.37311e-10
2.29828e-10
2.19076e-10
2.05428e-10
1.89409e-10
1.71643e-10
1.5278e-10
1.3344e-10
1.14157e-10
9.53527e-11
7.73149e-11
6.02013e-11
4.40454e-11
2.87675e-11
1.41824e-11
-8.16743e-33
2.74623e-15
1.85531e-12
3.61992e-12
5.30028e-12
6.90034e-12
8.42387e-12
9.87447e-12
1.12556e-11
1.25706e-11
1.38225e-11
1.50144e-11
1.61491e-11
1.72294e-11
1.82578e-11
1.9237e-11
2.01691e-11
2.10565e-11
2.19013e-11
2.27056e-11
2.34714e-11
2.42004e-11
2.48944e-11
2.55552e-11
2.61842e-11
2.67831e-11
2.73534e-11
2.78962e-11
2.84131e-11
2.89052e-11
2.93738e-11
2.98199e-11
3.02446e-11
3.49144e-11
4.00327e-11
4.56371e-11
5.17668e-11
5.84612e-11
6.57596e-11
7.36992e-11
8.23133e-11
9.16289e-11
1.01663e-10
1.12418e-10
1.23876e-10
1.35994e-10
1.48691e-10
1.61847e-10
1.75285e-10
1.8877e-10
2.01996e-10
2.14587e-10
2.26104e-10
2.3605e-10
2.43905e-10
2.49156e-10
2.51351e-10
2.50149e-10
2.4537e-10
2.37031e-10
2.2536e-10
2.10779e-10
1.93857e-10
1.75254e-10
1.55646e-10
1.35664e-10
1.15848e-10
9.66086e-11
7.82249e-11
6.08397e-11
4.44714e-11
2.90258e-11
1.43035e-11
-3.23142e-33
3.49435e-15
2.36038e-12
4.60534e-12
6.74307e-12
8.77859e-12
1.07167e-11
1.25619e-11
1.43187e-11
1.59912e-11
1.75835e-11
1.90994e-11
2.05424e-11
2.19162e-11
2.32239e-11
2.44689e-11
2.5654e-11
2.67822e-11
2.78562e-11
2.88787e-11
2.9852e-11
3.07786e-11
3.16607e-11
3.25004e-11
3.32999e-11
3.40609e-11
3.47855e-11
3.54753e-11
3.6132e-11
3.67573e-11
3.73525e-11
3.79193e-11
3.84589e-11
4.43895e-11
5.08859e-11
5.79942e-11
6.57617e-11
7.42351e-11
8.34598e-11
9.34771e-11
1.04322e-10
1.16017e-10
1.28572e-10
1.41972e-10
1.56175e-10
1.71098e-10
1.86609e-10
2.02519e-10
2.18564e-10
2.34403e-10
2.49611e-10
2.6368e-10
2.76037e-10
2.86067e-10
2.93155e-10
2.96744e-10
2.96397e-10
2.91859e-10
2.83104e-10
2.70359e-10
2.54088e-10
2.34948e-10
2.13714e-10
1.91197e-10
1.68169e-10
1.45296e-10
1.23103e-10
1.01959e-10
8.20769e-11
6.35271e-11
4.6257e-11
3.01047e-11
1.4808e-11
-4.3595e-33
4.68323e-15
3.16278e-12
6.17085e-12
9.03516e-12
1.17624e-11
1.4359e-11
1.6831e-11
1.91844e-11
2.14247e-11
2.35574e-11
2.55876e-11
2.75201e-11
2.93596e-11
3.11106e-11
3.27774e-11
3.4364e-11
3.58742e-11
3.73117e-11
3.86801e-11
3.99827e-11
4.12226e-11
4.24028e-11
4.35263e-11
4.45959e-11
4.5614e-11
4.65832e-11
4.75058e-11
4.83841e-11
4.92203e-11
5.00163e-11
5.07741e-11
5.14956e-11
5.94221e-11
6.80976e-11
7.75804e-11
8.79287e-11
9.9199e-11
1.11443e-10
1.24705e-10
1.39017e-10
1.5439e-10
1.70812e-10
1.88233e-10
2.06556e-10
2.25628e-10
2.45218e-10
2.65011e-10
2.84594e-10
3.03451e-10
3.20963e-10
3.36426e-10
3.49085e-10
3.5818e-10
3.63019e-10
3.63056e-10
3.57965e-10
3.47709e-10
3.32561e-10
3.13096e-10
2.90129e-10
2.64627e-10
2.376e-10
2.10009e-10
1.82684e-10
1.56279e-10
1.31259e-10
1.07898e-10
8.63056e-11
6.64508e-11
4.81854e-11
3.12635e-11
1.53479e-11
-4.55236e-33
6.26166e-15
4.22768e-12
8.24847e-12
1.2077e-11
1.57221e-11
1.91923e-11
2.24959e-11
2.56407e-11
2.86341e-11
3.14835e-11
3.41956e-11
3.6777e-11
3.92339e-11
4.15724e-11
4.37982e-11
4.59166e-11
4.79329e-11
4.98519e-11
5.16785e-11
5.3417e-11
5.50717e-11
5.66466e-11
5.81457e-11
5.95727e-11
6.09309e-11
6.22237e-11
6.34543e-11
6.46257e-11
6.57408e-11
6.68023e-11
6.78127e-11
6.87746e-11
7.93378e-11
9.08877e-11
1.03497e-10
1.17235e-10
1.32167e-10
1.4835e-10
1.65824e-10
1.84608e-10
2.0469e-10
2.26015e-10
2.48472e-10
2.71875e-10
2.95954e-10
3.20329e-10
3.44503e-10
3.6785e-10
3.89616e-10
4.08943e-10
4.249e-10
4.36548e-10
4.43028e-10
4.43649e-10
4.37996e-10
4.26006e-10
4.08002e-10
3.84687e-10
3.57068e-10
3.26344e-10
2.93776e-10
2.60561e-10
2.27735e-10
1.96115e-10
1.66279e-10
1.38578e-10
1.13161e-10
9.00146e-11
6.89927e-11
4.98503e-11
3.22587e-11
1.581e-11
-4.26569e-33
8.35001e-15
5.63595e-12
1.0996e-11
1.60994e-11
2.09581e-11
2.55834e-11
2.99862e-11
3.4177e-11
3.81657e-11
4.1962e-11
4.55749e-11
4.90134e-11
5.22858e-11
5.54e-11
5.83636e-11
6.1184e-11
6.38681e-11
6.64225e-11
6.88534e-11
7.11668e-11
7.33685e-11
7.54638e-11
7.7458e-11
7.9356e-11
8.11623e-11
8.28816e-11
8.45179e-11
8.60753e-11
8.75577e-11
8.89687e-11
9.03118e-11
9.15902e-11
1.05621e-10
1.20945e-10
1.37649e-10
1.55814e-10
1.75513e-10
1.96797e-10
2.19696e-10
2.442e-10
2.70247e-10
2.97711e-10
3.26374e-10
3.55916e-10
3.85884e-10
4.1568e-10
4.44549e-10
4.71576e-10
4.95713e-10
5.15817e-10
5.3073e-10
5.39377e-10
5.40889e-10
5.34728e-10
5.20785e-10
4.99437e-10
4.7153e-10
4.38301e-10
4.01233e-10
3.61894e-10
3.21779e-10
2.82181e-10
2.44124e-10
2.0833e-10
1.75243e-10
1.45057e-10
1.17771e-10
9.3233e-11
7.11819e-11
5.12755e-11
3.31069e-11
1.62027e-11
-3.97629e-33
1.11047e-14
7.49259e-12
1.46181e-11
2.14023e-11
2.78606e-11
3.40082e-11
3.98594e-11
4.54282e-11
5.07279e-11
5.57713e-11
6.05705e-11
6.51373e-11
6.94829e-11
7.36178e-11
7.75522e-11
8.1296e-11
8.48582e-11
8.82478e-11
9.14731e-11
9.45421e-11
9.74625e-11
1.00241e-10
1.02886e-10
1.05402e-10
1.07797e-10
1.10076e-10
1.12245e-10
1.14309e-10
1.16273e-10
1.18142e-10
1.19922e-10
1.21615e-10
1.40189e-10
1.60446e-10
1.82487e-10
2.06404e-10
2.32267e-10
2.60115e-10
2.89943e-10
3.21688e-10
3.55204e-10
3.90239e-10
4.26416e-10
4.63198e-10
4.9987e-10
5.35523e-10
5.69051e-10
5.99177e-10
6.24501e-10
6.43591e-10
6.55108e-10
6.57953e-10
6.51422e-10
6.3534e-10
6.10129e-10
5.76801e-10
5.36861e-10
4.92136e-10
4.44571e-10
3.96028e-10
3.48129e-10
3.02154e-10
2.59016e-10
2.1927e-10
1.83169e-10
1.50723e-10
1.21765e-10
9.59997e-11
7.30516e-11
5.24866e-11
3.38249e-11
1.65344e-11
-3.69044e-33
1.47282e-14
9.93322e-12
1.93795e-11
2.83727e-11
3.69333e-11
4.50811e-11
5.28353e-11
6.02142e-11
6.72356e-11
7.39163e-11
8.02726e-11
8.63201e-11
9.20736e-11
9.75473e-11
1.02755e-10
1.07709e-10
1.12422e-10
1.16906e-10
1.21172e-10
1.25231e-10
1.29092e-10
1.32766e-10
1.36261e-10
1.39587e-10
1.42751e-10
1.45762e-10
1.48626e-10
1.51353e-10
1.53947e-10
1.56415e-10
1.58764e-10
1.61e-10
1.855e-10
2.12175e-10
2.4114e-10
2.72487e-10
3.06271e-10
3.42498e-10
3.81099e-10
4.21913e-10
4.64652e-10
5.08873e-10
5.53943e-10
5.99012e-10
6.42991e-10
6.84547e-10
7.22127e-10
7.5402e-10
7.7846e-10
7.93774e-10
7.98571e-10
7.9193e-10
7.73574e-10
7.4396e-10
7.04286e-10
6.56372e-10
6.02459e-10
5.44951e-10
4.86165e-10
4.28129e-10
3.72453e-10
3.20288e-10
2.7234e-10
2.28933e-10
1.90093e-10
1.55626e-10
1.25192e-10
9.83586e-11
7.46372e-11
5.35092e-11
3.44292e-11
1.6813e-11
-3.41276e-33
1.94813e-14
1.31323e-11
2.56203e-11
3.75084e-11
4.88237e-11
5.95921e-11
6.98388e-11
7.95881e-11
8.88635e-11
9.76873e-11
1.06081e-10
1.14065e-10
1.2166e-10
1.28884e-10
1.35755e-10
1.42291e-10
1.48507e-10
1.5442e-10
1.60045e-10
1.65394e-10
1.70483e-10
1.75324e-10
1.79928e-10
1.84309e-10
1.88476e-10
1.9244e-10
1.96212e-10
1.998e-10
2.03214e-10
2.06462e-10
2.09552e-10
2.12493e-10
2.44691e-10
2.7968e-10
3.17578e-10
3.58464e-10
4.02357e-10
4.4919e-10
4.98786e-10
5.50818e-10
6.04772e-10
6.59908e-10
7.1522e-10
7.69407e-10
8.2087e-10
8.67729e-10
9.07892e-10
9.39183e-10
9.59517e-10
9.67126e-10
9.60806e-10
9.40125e-10
9.05562e-10
8.58518e-10
8.01184e-10
7.36297e-10
6.66821e-10
5.95632e-10
5.25265e-10
4.57744e-10
3.94521e-10
3.36497e-10
2.84096e-10
2.37363e-10
1.96076e-10
1.59829e-10
1.28111e-10
1.00356e-10
7.59733e-11
5.43679e-11
3.49353e-11
1.70458e-11
-3.14649e-33
2.56975e-14
1.73125e-11
3.37748e-11
4.94451e-11
6.43586e-11
7.85494e-11
9.20505e-11
1.04894e-10
1.17111e-10
1.2873e-10
1.39781e-10
1.5029e-10
1.60284e-10
1.69788e-10
1.78826e-10
1.87421e-10
1.95593e-10
2.03365e-10
2.10756e-10
2.17784e-10
2.24468e-10
2.30824e-10
2.3687e-10
2.42619e-10
2.48088e-10
2.53289e-10
2.58236e-10
2.62942e-10
2.67419e-10
2.71677e-10
2.75728e-10
2.79582e-10
3.21734e-10
3.67434e-10
4.16791e-10
4.69843e-10
5.26533e-10
5.8667e-10
6.49886e-10
7.15595e-10
7.82935e-10
8.50722e-10
9.17417e-10
9.81102e-10
1.03951e-09
1.09009e-09
1.13017e-09
1.15714e-09
1.16875e-09
1.16343e-09
1.14051e-09
1.10048e-09
1.04495e-09
9.7654e-10
8.98593e-10
8.14754e-10
7.28592e-10
6.43267e-10
5.61322e-10
4.84592e-10
4.14228e-10
3.50784e-10
2.94341e-10
2.4464e-10
2.01198e-10
1.63402e-10
1.30578e-10
1.02036e-10
7.70932e-11
5.50853e-11
3.53572e-11
1.72397e-11
-2.89376e-33
3.38004e-14
2.27559e-11
4.43932e-11
6.49876e-11
8.45848e-11
1.03229e-10
1.20964e-10
1.37832e-10
1.53872e-10
1.69125e-10
1.83628e-10
1.97416e-10
2.10525e-10
2.22988e-10
2.34836e-10
2.461e-10
2.56808e-10
2.66988e-10
2.76665e-10
2.85866e-10
2.94614e-10
3.02931e-10
3.10839e-10
3.18358e-10
3.25508e-10
3.32307e-10
3.38772e-10
3.44921e-10
3.50768e-10
3.56329e-10
3.61619e-10
3.6665e-10
4.21606e-10
4.81029e-10
5.44988e-10
6.1344e-10
6.86188e-10
7.6283e-10
8.42698e-10
9.24801e-10
1.00776e-09
1.08976e-09
1.16851e-09
1.2413e-09
1.30502e-09
1.35637e-09
1.39211e-09
1.40939e-09
1.4061e-09
1.38128e-09
1.33535e-09
1.27014e-09
1.18878e-09
1.09535e-09
9.94308e-10
8.90099e-10
7.86663e-10
6.87187e-10
5.93994e-10
5.08551e-10
4.31582e-10
3.63222e-10
3.03174e-10
2.50862e-10
2.05547e-10
1.66418e-10
1.3265e-10
1.03441e-10
7.80271e-11
5.56822e-11
3.57075e-11
1.74005e-11
-2.65583e-33
4.43222e-14
2.98162e-11
5.8165e-11
8.51443e-11
1.10813e-10
1.3523e-10
1.58451e-10
1.8053e-10
2.01521e-10
2.21476e-10
2.40444e-10
2.58473e-10
2.75607e-10
2.91892e-10
3.07368e-10
3.22076e-10
3.36055e-10
3.49339e-10
3.61965e-10
3.73964e-10
3.85369e-10
3.96209e-10
4.06513e-10
4.16307e-10
4.25618e-10
4.34469e-10
4.42884e-10
4.50884e-10
4.5849e-10
4.65723e-10
4.726e-10
4.7914e-10
5.50472e-10
6.2736e-10
7.09791e-10
7.9757e-10
8.90265e-10
9.87133e-10
1.08705e-09
1.18841e-09
1.2891e-09
1.38641e-09
1.47708e-09
1.55737e-09
1.62322e-09
1.67058e-09
1.6958e-09
1.69613e-09
1.67013e-09
1.61806e-09
1.54198e-09
1.44561e-09
1.33386e-09
1.21226e-09
1.08633e-09
9.60975e-10
8.40215e-10
7.26977e-10
6.23134e-10
5.29631e-10
4.46675e-10
3.73933e-10
3.10717e-10
2.56138e-10
2.09214e-10
1.68948e-10
1.34382e-10
1.04612e-10
7.88027e-11
5.61768e-11
3.59974e-11
1.75334e-11
-2.4333e-33
5.79235e-14
3.8931e-11
7.59431e-11
1.11163e-10
1.44667e-10
1.76529e-10
2.06822e-10
2.35619e-10
2.62989e-10
2.88999e-10
3.13714e-10
3.37196e-10
3.59507e-10
3.80702e-10
4.00839e-10
4.19969e-10
4.38142e-10
4.55408e-10
4.71811e-10
4.87395e-10
5.02201e-10
5.1627e-10
5.29637e-10
5.4234e-10
5.54411e-10
5.65882e-10
5.76785e-10
5.87147e-10
5.96997e-10
6.0636e-10
6.1526e-10
6.23722e-10
7.15856e-10
8.14811e-10
9.20414e-10
1.03221e-09
1.1494e-09
1.27071e-09
1.39432e-09
1.51777e-09
1.63788e-09
1.75078e-09
1.85195e-09
1.93643e-09
1.99918e-09
2.03553e-09
2.04183e-09
2.01598e-09
1.95793e-09
1.86992e-09
1.7563e-09
1.62303e-09
1.47693e-09
1.32485e-09
1.17298e-09
1.02638e-09
8.88738e-10
7.62456e-10
6.48758e-10
5.47948e-10
4.59657e-10
3.83067e-10
3.17104e-10
2.60579e-10
2.12284e-10
1.71059e-10
1.35821e-10
1.05582e-10
7.94442e-11
5.65851e-11
3.62364e-11
1.76429e-11
-2.22627e-33
7.54125e-14
5.06338e-11
9.8768e-11
1.44565e-10
1.88121e-10
2.29534e-10
2.68896e-10
3.06302e-10
3.41842e-10
3.75604e-10
4.07672e-10
4.3813e-10
4.67055e-10
4.94524e-10
5.20609e-10
5.4538e-10
5.68902e-10
5.9124e-10
6.12453e-10
6.32598e-10
6.51731e-10
6.69902e-10
6.87162e-10
7.03557e-10
7.19131e-10
7.33926e-10
7.47982e-10
7.61337e-10
7.74027e-10
7.86086e-10
7.97545e-10
8.08437e-10
9.26797e-10
1.0534e-09
1.1878e-09
1.32913e-09
1.476e-09
1.62636e-09
1.7774e-09
1.92543e-09
2.06586e-09
2.1933e-09
2.3017e-09
2.3848e-09
2.43666e-09
2.45239e-09
2.42895e-09
2.36577e-09
2.26513e-09
2.13203e-09
1.97368e-09
1.79848e-09
1.615e-09
1.43105e-09
1.25303e-09
1.08567e-09
9.32008e-10
7.93643e-10
6.71007e-10
5.63687e-10
4.70714e-10
3.9079e-10
3.22472e-10
2.64292e-10
2.14841e-10
1.7281e-10
1.37012e-10
1.06383e-10
7.99728e-11
5.69212e-11
3.64329e-11
1.77329e-11
-2.03447e-33
9.77613e-14
6.55643e-11
1.27886e-10
1.87172e-10
2.43545e-10
2.97129e-10
3.48044e-10
3.96412e-10
4.42348e-10
4.85968e-10
5.27383e-10
5.66699e-10
6.0402e-10
6.39446e-10
6.73071e-10
7.04987e-10
7.3528e-10
7.64033e-10
7.91326e-10
8.17234e-10
8.41828e-10
8.65175e-10
8.87342e-10
9.08388e-10
9.28372e-10
9.47349e-10
9.65372e-10
9.82488e-10
9.98746e-10
1.01419e-09
1.02886e-09
1.0428e-09
1.19394e-09
1.35486e-09
1.52466e-09
1.70185e-09
1.88417e-09
2.06845e-09
2.25044e-09
2.42482e-09
2.58516e-09
2.72417e-09
2.8341e-09
2.90738e-09
2.93756e-09
2.9202e-09
2.85385e-09
2.7406e-09
2.58609e-09
2.39889e-09
2.18936e-09
1.96826e-09
1.74552e-09
1.52931e-09
1.32568e-09
1.13857e-09
9.70042e-10
8.20709e-10
6.90108e-10
5.77078e-10
4.80051e-10
3.97271e-10
3.26953e-10
2.6738e-10
2.1696e-10
1.74257e-10
1.37994e-10
1.07042e-10
8.04069e-11
5.71968e-11
3.65939e-11
1.78065e-11
-1.85741e-33
1.26117e-13
8.44738e-11
1.64762e-10
2.41125e-10
3.13719e-10
3.82699e-10
4.48222e-10
5.1044e-10
5.69506e-10
6.25569e-10
6.78771e-10
7.29252e-10
7.77147e-10
8.22586e-10
8.65693e-10
9.06586e-10
9.4538e-10
9.82183e-10
1.0171e-09
1.05022e-09
1.08165e-09
1.11148e-09
1.13978e-09
1.16663e-09
1.19212e-09
1.21632e-09
1.23928e-09
1.26108e-09
1.28178e-09
1.30144e-09
1.3201e-09
1.33783e-09
1.52956e-09
1.73262e-09
1.94545e-09
2.16561e-09
2.38958e-09
2.61259e-09
2.8285e-09
3.02978e-09
3.2077e-09
3.35275e-09
3.45539e-09
3.50706e-09
3.50143e-09
3.43563e-09
3.31114e-09
3.13401e-09
2.9143e-09
2.66472e-09
2.39879e-09
2.1292e-09
1.86652e-09
1.6186e-09
1.39054e-09
1.18508e-09
1.00305e-09
8.43933e-10
7.06344e-10
5.88371e-10
4.87874e-10
4.02673e-10
3.30672e-10
2.69932e-10
2.18706e-10
1.75447e-10
1.38799e-10
1.07582e-10
8.07622e-11
5.74222e-11
3.67254e-11
1.78667e-11
-1.69442e-33
1.61802e-13
1.08225e-10
2.11076e-10
3.0888e-10
4.01831e-10
4.90126e-10
5.73962e-10
6.53537e-10
7.29044e-10
8.00674e-10
8.68615e-10
9.33045e-10
9.94141e-10
1.05207e-09
1.10699e-09
1.15907e-09
1.20844e-09
1.25525e-09
1.29963e-09
1.34172e-09
1.38163e-09
1.41947e-09
1.45536e-09
1.48941e-09
1.5217e-09
1.55234e-09
1.58141e-09
1.60899e-09
1.63517e-09
1.66001e-09
1.68359e-09
1.70597e-09
1.94744e-09
2.20168e-09
2.46614e-09
2.73702e-09
3.00904e-09
3.27525e-09
3.52697e-09
3.75388e-09
3.94447e-09
4.08679e-09
4.16964e-09
4.18411e-09
4.12515e-09
3.99294e-09
3.79352e-09
3.53835e-09
3.24282e-09
2.92392e-09
2.59799e-09
2.2788e-09
1.97669e-09
1.69842e-09
1.44761e-09
1.22544e-09
1.03136e-09
8.6366e-10
7.20022e-10
5.97819e-10
4.94383e-10
4.07146e-10
3.3374e-10
2.72032e-10
2.20139e-10
1.76421e-10
1.39458e-10
1.08023e-10
8.1052e-11
5.76058e-11
3.68325e-11
1.79157e-11
-1.54472e-33
2.06303e-13
1.37783e-10
2.68708e-10
3.93183e-10
5.11447e-10
6.23746e-10
7.30329e-10
8.31446e-10
9.27346e-10
1.01827e-09
1.10447e-09
1.18616e-09
1.26357e-09
1.33693e-09
1.40644e-09
1.4723e-09
1.5347e-09
1.59383e-09
1.64986e-09
1.70295e-09
1.75326e-09
1.80095e-09
1.84615e-09
1.88899e-09
1.92961e-09
1.96813e-09
2.00465e-09
2.03929e-09
2.07214e-09
2.1033e-09
2.13287e-09
2.16092e-09
2.46263e-09
2.77827e-09
3.10384e-09
3.43365e-09
3.76e-09
4.07306e-09
4.36086e-09
4.60966e-09
4.80475e-09
4.93168e-09
4.97811e-09
4.93585e-09
4.80277e-09
4.58406e-09
4.29217e-09
3.94534e-09
3.56476e-09
3.17151e-09
2.78376e-09
2.41534e-09
2.07535e-09
1.76872e-09
1.49716e-09
1.26007e-09
1.05539e-09
8.80263e-10
7.31451e-10
6.05668e-10
4.99764e-10
4.1083e-10
3.36259e-10
2.73751e-10
2.2131e-10
1.77216e-10
1.39994e-10
1.08382e-10
8.12876e-11
5.7755e-11
3.69195e-11
1.79554e-11
-1.4075e-33
2.61243e-13
1.74196e-10
3.39699e-10
4.97013e-10
6.46431e-10
7.88258e-10
9.22805e-10
1.05039e-09
1.17132e-09
1.28592e-09
1.39448e-09
1.49731e-09
1.59469e-09
1.6869e-09
1.77422e-09
1.8569e-09
1.93518e-09
2.00931e-09
2.0795e-09
2.14596e-09
2.20891e-09
2.26853e-09
2.32501e-09
2.37851e-09
2.4292e-09
2.47724e-09
2.52276e-09
2.56591e-09
2.60681e-09
2.64559e-09
2.68236e-09
2.71723e-09
3.09106e-09
3.47939e-09
3.87626e-09
4.27337e-09
4.65982e-09
5.02204e-09
5.34397e-09
5.6078e-09
5.79529e-09
5.88981e-09
5.87879e-09
5.75641e-09
5.52566e-09
5.19904e-09
4.79735e-09
4.34661e-09
3.87387e-09
3.40335e-09
2.95383e-09
2.53786e-09
2.16236e-09
1.82981e-09
1.53968e-09
1.28946e-09
1.07561e-09
8.94123e-10
7.40932e-10
6.12145e-10
5.04185e-10
4.13847e-10
3.38316e-10
2.75152e-10
2.22262e-10
1.77861e-10
1.4043e-10
1.08673e-10
8.14783e-11
5.78757e-11
3.69899e-11
1.79875e-11
-1.28191e-33
3.28332e-13
2.18561e-10
4.26186e-10
6.23492e-10
8.10833e-10
9.88583e-10
1.15713e-09
1.31687e-09
1.46819e-09
1.6115e-09
1.74717e-09
1.87559e-09
1.99712e-09
2.11212e-09
2.22094e-09
2.3239e-09
2.42131e-09
2.51349e-09
2.6007e-09
2.68324e-09
2.76135e-09
2.83528e-09
2.90526e-09
2.97151e-09
3.03424e-09
3.09364e-09
3.1499e-09
3.2032e-09
3.25369e-09
3.30153e-09
3.34687e-09
3.38984e-09
3.84889e-09
4.32215e-09
4.80094e-09
5.27354e-09
5.72491e-09
6.13673e-09
6.488e-09
6.75624e-09
6.91967e-09
6.96007e-09
6.86618e-09
6.63687e-09
6.2829e-09
5.82665e-09
5.29901e-09
4.73433e-09
4.16483e-09
3.61643e-09
3.10686e-09
2.64612e-09
2.23805e-09
1.88226e-09
1.57577e-09
1.31417e-09
1.09247e-09
9.05605e-10
7.48742e-10
6.17457e-10
5.07797e-10
4.16304e-10
3.39987e-10
2.76288e-10
2.23034e-10
1.78383e-10
1.40781e-10
1.08907e-10
8.16322e-11
5.7973e-11
3.70465e-11
1.80134e-11
-9.1802e-34
3.70225e-13
2.46216e-10
4.80094e-10
7.02319e-10
9.13281e-10
1.1134e-09
1.3031e-09
1.48284e-09
1.65306e-09
1.81419e-09
1.96669e-09
2.11099e-09
2.24749e-09
2.37661e-09
2.49873e-09
2.61423e-09
2.72347e-09
2.82679e-09
2.92451e-09
3.01695e-09
3.1044e-09
3.18714e-09
3.26542e-09
3.33951e-09
3.40963e-09
3.47601e-09
3.53886e-09
3.59837e-09
3.65473e-09
3.70811e-09
3.75869e-09
3.80662e-09
4.31755e-09
4.84201e-09
5.36954e-09
5.88615e-09
6.3741e-09
6.8121e-09
7.17609e-09
7.44087e-09
7.58283e-09
7.58335e-09
7.43273e-09
7.1335e-09
6.70195e-09
6.16686e-09
5.56519e-09
4.93574e-09
4.31301e-09
3.72303e-09
3.18226e-09
2.69877e-09
2.27445e-09
1.90725e-09
1.59283e-09
1.32578e-09
1.10035e-09
9.10941e-10
7.52357e-10
6.19907e-10
5.09459e-10
4.17432e-10
3.40753e-10
2.76808e-10
2.23386e-10
1.78622e-10
1.40942e-10
1.09014e-10
8.17023e-11
5.80174e-11
3.70724e-11
1.80252e-11
-1.65199e-32
4.04944e-13
2.69121e-10
5.24741e-10
7.67601e-10
9.98122e-10
1.21676e-09
1.42397e-09
1.62026e-09
1.8061e-09
1.98199e-09
2.14841e-09
2.30583e-09
2.4547e-09
2.59548e-09
2.72859e-09
2.85445e-09
2.97345e-09
3.08596e-09
3.19236e-09
3.29296e-09
3.38811e-09
3.47811e-09
3.56324e-09
3.64378e-09
3.71999e-09
3.79212e-09
3.86038e-09
3.92501e-09
3.9862e-09
4.04415e-09
4.09903e-09
4.15103e-09
4.70453e-09
5.27087e-09
5.83804e-09
6.39015e-09
6.90722e-09
7.36545e-09
7.73827e-09
7.99832e-09
8.12056e-09
8.08625e-09
7.88719e-09
7.52922e-09
7.03334e-09
6.43372e-09
5.77221e-09
5.0911e-09
4.42642e-09
3.80407e-09
3.23925e-09
2.73837e-09
2.30174e-09
1.92592e-09
1.60555e-09
1.33441e-09
1.10619e-09
9.14899e-10
7.55037e-10
6.21722e-10
5.1069e-10
4.18267e-10
3.4132e-10
2.77193e-10
2.23647e-10
1.78798e-10
1.4106e-10
1.09094e-10
8.17542e-11
5.80501e-11
3.70914e-11
1.80339e-11
-4.91433e-32
4.62408e-13
3.07029e-10
5.98633e-10
8.75645e-10
1.13854e-09
1.38781e-09
1.62402e-09
1.84769e-09
2.0594e-09
2.2597e-09
2.44914e-09
2.62828e-09
2.79762e-09
2.9577e-09
3.109e-09
3.25199e-09
3.38714e-09
3.51487e-09
3.63561e-09
3.74973e-09
3.85762e-09
3.95962e-09
4.05608e-09
4.1473e-09
4.23358e-09
4.3152e-09
4.39243e-09
4.46552e-09
4.5347e-09
4.60019e-09
4.66221e-09
4.72093e-09
5.34484e-09
5.9804e-09
6.61308e-09
7.22381e-09
7.78887e-09
8.28033e-09
8.66748e-09
8.91934e-09
9.00857e-09
8.9162e-09
8.6366e-09
8.18108e-09
7.57856e-09
6.87212e-09
6.11176e-09
5.34547e-09
4.61182e-09
3.93636e-09
3.33217e-09
2.8029e-09
2.34617e-09
1.95633e-09
1.62627e-09
1.34849e-09
1.11574e-09
9.2137e-10
7.59423e-10
6.24696e-10
5.12708e-10
4.19637e-10
3.4225e-10
2.77824e-10
2.24075e-10
1.79088e-10
1.41255e-10
1.09223e-10
8.18394e-11
5.8104e-11
3.71228e-11
1.80483e-11
-6.28922e-32
4.97169e-13
3.29963e-10
6.43339e-10
9.41014e-10
1.22349e-09
1.49131e-09
1.74505e-09
1.9853e-09
2.21266e-09
2.42774e-09
2.63112e-09
2.8234e-09
3.00514e-09
3.1769e-09
3.3392e-09
3.49258e-09
3.6375e-09
3.77445e-09
3.90387e-09
4.02618e-09
4.14178e-09
4.25106e-09
4.35438e-09
4.45207e-09
4.54445e-09
4.63183e-09
4.7145e-09
4.79271e-09
4.86674e-09
4.9368e-09
5.00313e-09
5.06594e-09
5.73255e-09
6.41013e-09
7.08262e-09
7.72905e-09
8.32344e-09
8.83535e-09
9.23154e-09
9.47884e-09
9.54846e-09
9.42126e-09
9.0931e-09
8.57858e-09
7.91138e-09
7.13999e-09
6.31939e-09
5.50112e-09
4.72532e-09
4.01738e-09
3.3891e-09
2.84245e-09
2.37342e-09
1.975e-09
1.639e-09
1.35714e-09
1.12162e-09
9.2536e-10
7.6213e-10
6.26534e-10
5.13956e-10
4.20485e-10
3.42826e-10
2.78215e-10
2.2434e-10
1.79267e-10
1.41376e-10
1.09304e-10
8.18923e-11
5.81375e-11
3.71423e-11
1.80572e-11
-5.72046e-32
5.12406e-13
3.40025e-10
6.62954e-10
9.69696e-10
1.26077e-09
1.53673e-09
1.79817e-09
2.0457e-09
2.27994e-09
2.5015e-09
2.71101e-09
2.90907e-09
3.09626e-09
3.27316e-09
3.44032e-09
3.59826e-09
3.7475e-09
3.88851e-09
4.02175e-09
4.14767e-09
4.26668e-09
4.37917e-09
4.48552e-09
4.58606e-09
4.68114e-09
4.77107e-09
4.85614e-09
4.93663e-09
5.01279e-09
5.08488e-09
5.15312e-09
5.21774e-09
5.9033e-09
6.59961e-09
7.28997e-09
7.95257e-09
8.56046e-09
9.08212e-09
9.48316e-09
9.72942e-09
9.7914e-09
9.64977e-09
9.30094e-09
8.76082e-09
8.06513e-09
7.26473e-09
6.41687e-09
5.57476e-09
4.77939e-09
4.0562e-09
3.41651e-09
2.86155e-09
2.38662e-09
1.98405e-09
1.64519e-09
1.36136e-09
1.12449e-09
9.27307e-10
7.63453e-10
6.27433e-10
5.14567e-10
4.20901e-10
3.43109e-10
2.78408e-10
2.24471e-10
1.79356e-10
1.41436e-10
1.09344e-10
8.19184e-11
5.81541e-11
3.7152e-11
1.80616e-11
-5.20184e-32
5.11682e-13
3.39562e-10
6.62051e-10
9.68378e-10
1.25906e-09
1.53465e-09
1.79575e-09
2.04296e-09
2.27689e-09
2.49818e-09
2.70743e-09
2.90524e-09
3.09221e-09
3.2689e-09
3.43586e-09
3.59362e-09
3.74269e-09
3.88355e-09
4.01665e-09
4.14244e-09
4.26132e-09
4.3737e-09
4.47994e-09
4.58039e-09
4.67538e-09
4.76522e-09
4.85021e-09
4.93062e-09
5.00672e-09
5.07875e-09
5.14693e-09
5.21149e-09
5.89656e-09
6.59252e-09
7.28275e-09
7.94551e-09
8.5539e-09
9.07647e-09
9.47886e-09
9.72688e-09
9.79093e-09
9.65153e-09
9.30483e-09
8.76651e-09
8.07203e-09
7.27214e-09
6.42409e-09
5.58125e-09
4.78484e-09
4.06052e-09
3.41978e-09
2.86395e-09
2.38833e-09
1.98525e-09
1.64601e-09
1.36193e-09
1.12487e-09
9.27572e-10
7.63634e-10
6.27557e-10
5.14652e-10
4.20959e-10
3.43149e-10
2.78435e-10
2.2449e-10
1.79368e-10
1.41445e-10
1.0935e-10
8.19225e-11
5.81567e-11
3.71536e-11
1.80624e-11
-4.72927e-32
4.98558e-13
3.30919e-10
6.45205e-10
9.43749e-10
1.22705e-09
1.49567e-09
1.75017e-09
1.99114e-09
2.2192e-09
2.43494e-09
2.63896e-09
2.83185e-09
3.01417e-09
3.18649e-09
3.34933e-09
3.50322e-09
3.64864e-09
3.78606e-09
3.91592e-09
4.03866e-09
4.15468e-09
4.26435e-09
4.36804e-09
4.46609e-09
4.55882e-09
4.64653e-09
4.72951e-09
4.80802e-09
4.88233e-09
4.95267e-09
5.01926e-09
5.08231e-09
5.7517e-09
6.43241e-09
7.1084e-09
7.75871e-09
8.35732e-09
8.87371e-09
9.27446e-09
9.52614e-09
9.59955e-09
9.47508e-09
9.1481e-09
8.63279e-09
7.96265e-09
7.18637e-09
6.35943e-09
5.53411e-09
4.75136e-09
4.03715e-09
3.40366e-09
2.8529e-09
2.38078e-09
1.9801e-09
1.64251e-09
1.35954e-09
1.12325e-09
9.2647e-10
7.62886e-10
6.27049e-10
5.14308e-10
4.20725e-10
3.42991e-10
2.78328e-10
2.24417e-10
1.7932e-10
1.41412e-10
1.09328e-10
8.19085e-11
5.81479e-11
3.71485e-11
1.80601e-11
-4.29891e-32
4.7633e-13
3.16268e-10
6.16647e-10
9.01993e-10
1.17279e-09
1.42957e-09
1.67288e-09
1.90328e-09
2.12135e-09
2.32767e-09
2.52281e-09
2.70732e-09
2.88176e-09
3.04664e-09
3.20248e-09
3.34976e-09
3.48897e-09
3.62053e-09
3.74488e-09
3.86243e-09
3.97355e-09
4.07861e-09
4.17795e-09
4.2719e-09
4.36076e-09
4.44483e-09
4.52437e-09
4.59964e-09
4.67089e-09
4.73833e-09
4.8022e-09
4.86268e-09
5.50517e-09
6.15956e-09
6.81082e-09
7.43924e-09
8.02026e-09
8.525e-09
8.92161e-09
9.17799e-09
9.26576e-09
9.16525e-09
8.87064e-09
8.39379e-09
7.76503e-09
7.02948e-09
6.23958e-09
5.44557e-09
4.68766e-09
3.9922e-09
3.37234e-09
2.83127e-09
2.36591e-09
1.96993e-09
1.63556e-09
1.3548e-09
1.12003e-09
9.24277e-10
7.61395e-10
6.26036e-10
5.1362e-10
4.20258e-10
3.42674e-10
2.78113e-10
2.24272e-10
1.79222e-10
1.41346e-10
1.09285e-10
8.188e-11
5.813e-11
3.71381e-11
1.80553e-11
-3.90717e-32
4.47865e-13
2.97497e-10
5.80059e-10
8.48496e-10
1.10327e-09
1.34488e-09
1.57384e-09
1.79068e-09
1.99596e-09
2.1902e-09
2.37395e-09
2.54772e-09
2.71203e-09
2.86737e-09
3.01422e-09
3.15303e-09
3.28426e-09
3.4083e-09
3.52557e-09
3.63644e-09
3.74127e-09
3.8404e-09
3.93415e-09
4.02283e-09
4.10672e-09
4.1861e-09
4.26122e-09
4.33232e-09
4.39962e-09
4.46335e-09
4.5237e-09
4.58086e-09
5.18869e-09
5.80907e-09
6.42826e-09
7.02813e-09
7.586e-09
8.07503e-09
8.46544e-09
8.72689e-09
8.83208e-09
8.76136e-09
8.50752e-09
8.07958e-09
7.50383e-09
6.82093e-09
6.07928e-09
5.3264e-09
4.60142e-09
3.93102e-09
3.32953e-09
2.80158e-09
2.34547e-09
1.9559e-09
1.62597e-09
1.34826e-09
1.11556e-09
9.21238e-10
7.59328e-10
6.2463e-10
5.12664e-10
4.1961e-10
3.42233e-10
2.77814e-10
2.2407e-10
1.79085e-10
1.41255e-10
1.09224e-10
8.18402e-11
5.81049e-11
3.71236e-11
1.80487e-11
-3.55075e-32
4.15531e-13
2.76168e-10
5.38484e-10
7.87706e-10
1.02427e-09
1.24863e-09
1.46129e-09
1.66272e-09
1.85345e-09
2.03396e-09
2.20475e-09
2.36631e-09
2.5191e-09
2.66359e-09
2.80021e-09
2.92938e-09
3.05152e-09
3.16701e-09
3.27621e-09
3.37948e-09
3.47715e-09
3.56952e-09
3.65691e-09
3.73958e-09
3.81781e-09
3.89185e-09
3.96193e-09
4.02827e-09
4.09108e-09
4.15057e-09
4.20692e-09
4.26029e-09
4.82855e-09
5.41004e-09
5.99245e-09
6.55946e-09
7.09048e-09
7.56101e-09
7.9436e-09
8.20996e-09
8.33407e-09
8.29639e-09
8.08824e-09
7.71552e-09
7.19999e-09
6.57725e-09
5.89109e-09
5.18583e-09
4.49922e-09
3.85822e-09
3.27841e-09
2.76604e-09
2.32092e-09
1.93903e-09
1.61441e-09
1.34036e-09
1.11018e-09
9.17567e-10
7.56828e-10
6.2293e-10
5.11508e-10
4.18824e-10
3.417e-10
2.77452e-10
2.23825e-10
1.7892e-10
1.41144e-10
1.0915e-10
8.17919e-11
5.80745e-11
3.71059e-11
1.80407e-11
-3.22658e-32
3.812e-13
2.53517e-10
4.94329e-10
7.23143e-10
9.40361e-10
1.14641e-09
1.34174e-09
1.52681e-09
1.70207e-09
1.86799e-09
2.02501e-09
2.17359e-09
2.31414e-09
2.44708e-09
2.57283e-09
2.69176e-09
2.80423e-09
2.91062e-09
3.01124e-09
3.10642e-09
3.19646e-09
3.28165e-09
3.36226e-09
3.43855e-09
3.51075e-09
3.5791e-09
3.6438e-09
3.70508e-09
3.76311e-09
3.81808e-09
3.87016e-09
3.9195e-09
4.44556e-09
4.98552e-09
5.52858e-09
6.06027e-09
6.56228e-09
7.01253e-09
7.38611e-09
7.65688e-09
7.80027e-09
7.7969e-09
7.63666e-09
7.32219e-09
6.87057e-09
6.31201e-09
5.68539e-09
5.03152e-09
4.38658e-09
3.77768e-09
3.22167e-09
2.72648e-09
2.29354e-09
1.92018e-09
1.60148e-09
1.33151e-09
1.10413e-09
9.13447e-10
7.54021e-10
6.21019e-10
5.10208e-10
4.1794e-10
3.41099e-10
2.77045e-10
2.23549e-10
1.78733e-10
1.41018e-10
1.09067e-10
8.17374e-11
5.80402e-11
3.7086e-11
1.80316e-11
-1.5208e-32
3.46752e-13
2.30774e-10
4.49997e-10
6.58317e-10
8.56109e-10
1.04376e-09
1.22169e-09
1.39031e-09
1.55004e-09
1.70129e-09
1.84447e-09
1.97998e-09
2.10822e-09
2.22955e-09
2.34435e-09
2.45296e-09
2.55571e-09
2.65292e-09
2.7449e-09
2.83193e-09
2.91429e-09
2.99223e-09
3.066e-09
3.13584e-09
3.20195e-09
3.26456e-09
3.32385e-09
3.38e-09
3.4332e-09
3.4836e-09
3.53137e-09
3.57664e-09
4.05998e-09
4.55776e-09
5.06063e-09
5.55602e-09
6.02779e-09
6.45637e-09
6.81933e-09
7.09281e-09
7.25379e-09
7.28322e-09
7.16974e-09
6.91297e-09
6.52542e-09
6.03199e-09
5.4665e-09
4.86603e-09
4.26489e-09
3.6901e-09
3.15964e-09
2.68304e-09
2.26336e-09
1.89934e-09
1.58715e-09
1.32169e-09
1.09742e-09
9.08859e-10
7.50892e-10
6.18887e-10
5.08757e-10
4.16953e-10
3.40428e-10
2.76589e-10
2.2324e-10
1.78525e-10
1.40878e-10
1.08973e-10
8.16764e-11
5.80017e-11
3.70637e-11
1.80214e-11
3.18406e-34
3.1324e-13
2.08627e-10
4.06824e-10
5.95185e-10
7.74051e-10
9.43782e-10
1.10475e-09
1.25733e-09
1.4019e-09
1.53884e-09
1.66851e-09
1.79127e-09
1.90748e-09
2.01746e-09
2.12156e-09
2.22007e-09
2.3133e-09
2.40154e-09
2.48505e-09
2.56409e-09
2.63892e-09
2.70975e-09
2.77682e-09
2.84032e-09
2.90046e-09
2.95743e-09
3.01139e-09
3.06251e-09
3.11096e-09
3.15687e-09
3.20039e-09
3.24164e-09
3.68282e-09
4.13874e-09
4.60145e-09
5.0601e-09
5.5007e-09
5.90604e-09
6.25619e-09
6.52954e-09
6.70476e-09
6.76342e-09
6.69327e-09
6.4913e-09
6.1659e-09
5.73687e-09
5.23298e-09
4.68737e-09
4.13206e-09
3.59358e-09
3.09071e-09
2.63445e-09
2.22942e-09
1.87579e-09
1.5709e-09
1.31051e-09
1.08976e-09
9.03619e-10
7.47313e-10
6.16445e-10
5.07093e-10
4.15819e-10
3.39657e-10
2.76066e-10
2.22885e-10
1.78285e-10
1.40717e-10
1.08866e-10
8.16062e-11
5.79574e-11
3.70379e-11
1.80097e-11
3.50023e-34
2.80937e-13
1.87258e-10
3.65165e-10
5.34261e-10
6.94858e-10
8.47282e-10
9.91868e-10
1.12895e-09
1.25888e-09
1.38197e-09
1.49858e-09
1.609e-09
1.71356e-09
1.81256e-09
1.90628e-09
1.99501e-09
2.07901e-09
2.15853e-09
2.23382e-09
2.30511e-09
2.37261e-09
2.43654e-09
2.49708e-09
2.55442e-09
2.60875e-09
2.66022e-09
2.70899e-09
2.75521e-09
2.79902e-09
2.84055e-09
2.87993e-09
2.91726e-09
3.31719e-09
3.73193e-09
4.15481e-09
4.57663e-09
4.98537e-09
5.3661e-09
5.70129e-09
5.97162e-09
6.15753e-09
6.24145e-09
6.2106e-09
6.05985e-09
5.79388e-09
5.42774e-09
4.98528e-09
4.49546e-09
3.98769e-09
3.48758e-09
3.01433e-09
2.58019e-09
2.19129e-09
1.84921e-09
1.55248e-09
1.29781e-09
1.08102e-09
8.97628e-10
7.43213e-10
6.13644e-10
5.05181e-10
4.14517e-10
3.3877e-10
2.75463e-10
2.22476e-10
1.78008e-10
1.40531e-10
1.08742e-10
8.15251e-11
5.79063e-11
3.70082e-11
1.79961e-11
3.84741e-34
2.50095e-13
1.66834e-10
3.25347e-10
4.76027e-10
6.19156e-10
7.55026e-10
8.83939e-10
1.0062e-09
1.1221e-09
1.23194e-09
1.33602e-09
1.43461e-09
1.528e-09
1.61646e-09
1.70022e-09
1.77956e-09
1.85468e-09
1.92583e-09
1.99322e-09
2.05704e-09
2.1175e-09
2.17477e-09
2.22903e-09
2.28043e-09
2.32915e-09
2.37532e-09
2.41908e-09
2.46057e-09
2.4999e-09
2.5372e-09
2.57257e-09
2.60611e-09
2.96605e-09
3.34064e-09
3.72438e-09
4.10958e-09
4.48606e-09
4.84104e-09
5.15928e-09
5.42373e-09
5.61666e-09
5.72157e-09
5.72554e-09
5.62177e-09
5.41174e-09
5.10619e-09
4.72419e-09
4.29049e-09
3.83156e-09
3.37162e-09
2.92996e-09
2.51976e-09
2.14853e-09
1.81923e-09
1.5316e-09
1.28335e-09
1.07105e-09
8.90775e-10
7.38514e-10
6.10428e-10
5.02983e-10
4.13017e-10
3.37748e-10
2.74767e-10
2.22004e-10
1.77689e-10
1.40316e-10
1.08599e-10
8.14314e-11
5.78471e-11
3.69738e-11
1.79805e-11
2.37356e-34
2.45048e-13
1.6349e-10
3.18827e-10
4.66491e-10
6.06759e-10
7.39918e-10
8.66262e-10
9.86088e-10
1.09969e-09
1.20736e-09
1.30939e-09
1.40604e-09
1.4976e-09
1.58432e-09
1.66646e-09
1.74424e-09
1.81791e-09
1.88769e-09
1.95377e-09
2.01637e-09
2.07567e-09
2.13184e-09
2.18507e-09
2.2355e-09
2.28329e-09
2.32859e-09
2.37152e-09
2.41223e-09
2.45082e-09
2.48742e-09
2.52213e-09
2.55505e-09
2.90838e-09
3.27632e-09
3.65355e-09
4.03261e-09
4.40363e-09
4.75417e-09
5.06937e-09
5.33254e-09
5.52629e-09
5.63432e-09
5.64369e-09
5.54739e-09
5.34642e-09
5.0508e-09
4.67887e-09
4.25463e-09
3.80403e-09
3.35104e-09
2.91489e-09
2.50891e-09
2.14082e-09
1.8138e-09
1.52781e-09
1.28072e-09
1.06923e-09
8.89524e-10
7.37655e-10
6.09839e-10
5.02581e-10
4.12742e-10
3.37561e-10
2.7464e-10
2.21917e-10
1.7763e-10
1.40276e-10
1.08572e-10
8.14141e-11
5.78362e-11
3.69675e-11
1.79776e-11
2.21419e-34
2.20937e-13
1.47504e-10
2.8766e-10
4.20906e-10
5.47494e-10
6.67686e-10
7.8175e-10
8.89951e-10
9.92557e-10
1.08983e-09
1.18202e-09
1.26939e-09
1.35217e-09
1.43061e-09
1.50491e-09
1.5753e-09
1.64199e-09
1.70517e-09
1.76502e-09
1.82173e-09
1.87547e-09
1.92639e-09
1.97465e-09
2.02039e-09
2.06375e-09
2.10485e-09
2.14382e-09
2.18078e-09
2.21583e-09
2.24907e-09
2.2806e-09
2.31052e-09
2.63204e-09
2.96785e-09
3.31349e-09
3.66264e-09
4.00681e-09
4.33518e-09
4.63472e-09
4.89053e-09
5.0868e-09
5.20827e-09
5.24219e-09
5.1806e-09
5.02232e-09
4.77422e-09
4.45095e-09
4.07301e-09
3.66368e-09
3.24542e-09
2.83713e-09
2.45265e-09
2.10068e-09
1.78546e-09
1.50797e-09
1.26691e-09
1.05967e-09
8.82931e-10
7.33122e-10
6.0673e-10
5.00452e-10
4.11287e-10
3.36568e-10
2.73964e-10
2.21458e-10
1.77319e-10
1.40067e-10
1.08433e-10
8.13227e-11
5.77785e-11
3.6934e-11
1.79623e-11
4.28757e-34
1.93653e-13
1.29395e-10
2.52354e-10
3.69262e-10
4.80348e-10
5.85842e-10
6.8598e-10
7.80997e-10
8.71125e-10
9.56593e-10
1.03763e-09
1.11444e-09
1.18725e-09
1.25626e-09
1.32165e-09
1.38363e-09
1.44236e-09
1.49803e-09
1.55078e-09
1.60078e-09
1.64818e-09
1.6931e-09
1.73569e-09
1.77608e-09
1.81437e-09
1.85068e-09
1.88512e-09
1.91778e-09
1.94877e-09
1.97817e-09
2.00607e-09
2.03254e-09
2.31753e-09
2.61625e-09
2.92518e-09
3.23919e-09
3.55132e-09
3.85257e-09
4.13193e-09
4.37658e-09
4.57261e-09
4.70615e-09
4.76493e-09
4.74026e-09
4.62889e-09
4.43436e-09
4.16723e-09
3.84393e-09
3.48435e-09
3.10883e-09
2.73548e-09
2.37843e-09
2.04729e-09
1.74752e-09
1.48125e-09
1.24824e-09
1.0467e-09
8.73953e-10
7.26933e-10
6.02476e-10
4.97535e-10
4.09291e-10
3.35205e-10
2.73034e-10
2.20826e-10
1.76891e-10
1.39778e-10
1.0824e-10
8.11966e-11
5.76988e-11
3.68876e-11
1.79411e-11
5.10554e-34
1.68391e-13
1.1261e-10
2.19625e-10
3.21387e-10
4.18096e-10
5.09955e-10
5.97171e-10
6.79948e-10
7.58488e-10
8.32991e-10
9.0365e-10
9.70654e-10
1.03418e-09
1.09442e-09
1.15152e-09
1.20565e-09
1.25697e-09
1.30563e-09
1.35176e-09
1.39549e-09
1.43696e-09
1.47628e-09
1.51358e-09
1.54894e-09
1.58249e-09
1.61432e-09
1.64451e-09
1.67315e-09
1.70034e-09
1.72613e-09
1.75062e-09
1.77386e-09
2.02446e-09
2.28809e-09
2.562e-09
2.84212e-09
3.12286e-09
3.39683e-09
3.65487e-09
3.88613e-09
4.07857e-09
4.21976e-09
4.29821e-09
4.30492e-09
4.23509e-09
4.08953e-09
3.87517e-09
3.60457e-09
3.2942e-09
2.96198e-09
2.62481e-09
2.29671e-09
1.98795e-09
1.705e-09
1.45111e-09
1.22705e-09
1.0319e-09
8.6368e-10
7.19829e-10
5.9758e-10
4.9417e-10
4.06984e-10
3.33626e-10
2.71957e-10
2.20092e-10
1.76394e-10
1.39443e-10
1.08016e-10
8.10499e-11
5.76061e-11
3.68337e-11
1.79165e-11
5.60852e-34
1.45252e-13
9.72163e-11
1.89609e-10
2.77477e-10
3.60995e-10
4.40341e-10
5.15693e-10
5.87229e-10
6.55123e-10
7.19546e-10
7.80665e-10
8.38641e-10
8.9363e-10
9.45782e-10
9.95242e-10
1.04215e-09
1.08663e-09
1.12882e-09
1.16883e-09
1.20677e-09
1.24277e-09
1.27691e-09
1.3093e-09
1.34003e-09
1.36919e-09
1.39685e-09
1.42311e-09
1.44802e-09
1.47168e-09
1.49413e-09
1.51544e-09
1.53568e-09
1.75427e-09
1.98504e-09
2.2259e-09
2.47372e-09
2.72404e-09
2.97095e-09
3.20694e-09
3.42297e-09
3.60878e-09
3.75345e-09
3.84645e-09
3.87885e-09
3.84485e-09
3.74306e-09
3.57735e-09
3.35673e-09
3.09427e-09
2.80529e-09
2.5051e-09
2.20724e-09
1.92228e-09
1.65752e-09
1.41719e-09
1.20306e-09
1.01506e-09
8.51932e-10
7.11675e-10
5.91943e-10
4.90287e-10
4.04316e-10
3.31798e-10
2.70707e-10
2.19241e-10
1.75815e-10
1.39053e-10
1.07756e-10
8.08789e-11
5.7498e-11
3.67708e-11
1.78878e-11
6.15966e-34
1.24285e-13
8.3252e-11
1.62379e-10
2.37639e-10
3.09185e-10
3.7717e-10
4.41749e-10
5.03072e-10
5.6129e-10
6.16548e-10
6.68988e-10
7.18748e-10
7.6596e-10
8.10751e-10
8.53245e-10
8.93558e-10
9.31802e-10
9.68084e-10
1.00251e-09
1.03517e-09
1.06615e-09
1.09556e-09
1.12346e-09
1.14994e-09
1.17507e-09
1.19893e-09
1.22158e-09
1.24307e-09
1.26349e-09
1.28287e-09
1.30127e-09
1.31875e-09
1.50786e-09
1.70818e-09
1.91821e-09
2.13557e-09
2.35681e-09
2.57725e-09
2.79087e-09
2.99027e-09
3.16683e-09
3.31117e-09
3.41384e-09
3.4663e-09
3.46221e-09
3.39859e-09
3.27677e-09
3.10261e-09
2.88599e-09
2.6395e-09
2.37659e-09
2.10992e-09
1.85002e-09
1.60475e-09
1.37917e-09
1.17597e-09
9.95928e-10
8.38516e-10
7.02324e-10
5.85456e-10
4.85805e-10
4.01229e-10
3.29679e-10
2.69256e-10
2.1825e-10
1.75142e-10
1.38598e-10
1.07452e-10
8.06794e-11
5.73718e-11
3.66973e-11
1.78543e-11
6.76313e-34
1.05494e-13
7.07219e-11
1.37944e-10
2.01888e-10
2.62686e-10
3.2047e-10
3.7537e-10
4.27516e-10
4.77035e-10
5.2405e-10
5.68682e-10
6.11045e-10
6.51253e-10
6.89412e-10
7.25625e-10
7.59992e-10
7.92606e-10
8.23558e-10
8.52932e-10
8.80811e-10
9.07272e-10
9.32389e-10
9.56231e-10
9.78865e-10
1.00035e-09
1.02076e-09
1.04013e-09
1.05853e-09
1.076e-09
1.09259e-09
1.10835e-09
1.12333e-09
1.28557e-09
1.45802e-09
1.63961e-09
1.82859e-09
2.02236e-09
2.2173e-09
2.40865e-09
2.59047e-09
2.75567e-09
2.89634e-09
3.00417e-09
3.0713e-09
3.09122e-09
3.05991e-09
2.9767e-09
2.84483e-09
2.67123e-09
2.46576e-09
2.23983e-09
2.00486e-09
1.77102e-09
1.5464e-09
1.33672e-09
1.14547e-09
9.74242e-10
8.23223e-10
6.91612e-10
5.77996e-10
4.80632e-10
3.97657e-10
3.2722e-10
2.6757e-10
2.17097e-10
1.74358e-10
1.38068e-10
1.07097e-10
8.04462e-11
5.72242e-11
3.66112e-11
1.7815e-11
7.42335e-34
8.88345e-14
5.96007e-11
1.16256e-10
1.70154e-10
2.21408e-10
2.7013e-10
3.16431e-10
3.6042e-10
4.02204e-10
4.41887e-10
4.79568e-10
5.15346e-10
5.49314e-10
5.81562e-10
6.12176e-10
6.41238e-10
6.68826e-10
6.95017e-10
7.19882e-10
7.43488e-10
7.65901e-10
7.87182e-10
8.07388e-10
8.26577e-10
8.448e-10
8.62107e-10
8.78545e-10
8.94159e-10
9.08992e-10
9.23084e-10
9.36472e-10
9.49194e-10
1.08724e-09
1.23445e-09
1.39011e-09
1.55298e-09
1.72113e-09
1.89184e-09
2.06144e-09
2.22522e-09
2.37749e-09
2.51169e-09
2.62071e-09
2.69749e-09
2.73574e-09
2.73082e-09
2.68067e-09
2.58634e-09
2.45222e-09
2.28559e-09
2.09568e-09
1.89243e-09
1.68529e-09
1.48231e-09
1.28959e-09
1.1113e-09
9.49748e-10
8.05835e-10
6.79365e-10
5.69426e-10
4.74667e-10
3.93524e-10
3.24368e-10
2.65609e-10
2.15755e-10
1.73442e-10
1.37448e-10
1.06682e-10
8.01733e-11
5.70513e-11
3.65104e-11
1.77689e-11
8.14494e-34
7.42245e-14
4.98364e-11
9.72125e-11
1.42288e-10
1.85159e-10
2.25919e-10
2.64662e-10
3.01479e-10
3.3646e-10
3.6969e-10
4.01254e-10
4.31232e-10
4.59702e-10
4.86738e-10
5.12413e-10
5.36794e-10
5.59947e-10
5.81933e-10
6.02812e-10
6.22641e-10
6.41473e-10
6.59359e-10
6.76347e-10
6.92484e-10
7.07813e-10
7.22376e-10
7.36211e-10
7.49357e-10
7.61847e-10
7.73717e-10
7.84997e-10
7.95717e-10
9.12219e-10
1.03684e-09
1.16913e-09
1.30826e-09
1.45284e-09
1.60087e-09
1.74958e-09
1.89534e-09
2.03366e-09
2.1592e-09
2.26604e-09
2.34801e-09
2.39926e-09
2.415e-09
2.3922e-09
2.33031e-09
2.23156e-09
2.10089e-09
1.94537e-09
1.77329e-09
1.59309e-09
1.41243e-09
1.2376e-09
1.0732e-09
9.22201e-10
7.8613e-10
6.65398e-10
5.596e-10
4.67798e-10
3.88747e-10
3.21061e-10
2.63329e-10
2.1419e-10
1.72374e-10
1.36724e-10
1.06196e-10
7.98535e-11
5.68485e-11
3.63922e-11
1.77149e-11
8.93262e-34
6.15471e-14
4.13544e-11
8.06696e-11
1.18079e-10
1.53664e-10
1.87503e-10
2.19674e-10
2.50252e-10
2.79312e-10
3.06926e-10
3.33161e-10
3.58086e-10
3.81764e-10
4.04256e-10
4.25621e-10
4.45917e-10
4.65195e-10
4.83507e-10
5.00903e-10
5.17428e-10
5.33127e-10
5.48042e-10
5.62212e-10
5.75676e-10
5.88469e-10
6.00626e-10
6.12178e-10
6.23157e-10
6.33591e-10
6.43509e-10
6.52937e-10
6.61898e-10
7.59424e-10
8.64047e-10
9.75533e-10
1.09334e-09
1.21652e-09
1.34364e-09
1.47265e-09
1.60083e-09
1.72469e-09
1.84001e-09
1.94196e-09
2.02529e-09
2.08479e-09
2.11577e-09
2.11475e-09
2.08e-09
2.01209e-09
1.91391e-09
1.7905e-09
1.64842e-09
1.49489e-09
1.33691e-09
1.18067e-09
1.03101e-09
8.91382e-10
7.63897e-10
6.49523e-10
5.48362e-10
4.599e-10
3.83231e-10
3.17229e-10
2.6068e-10
2.12367e-10
1.71127e-10
1.35876e-10
1.05626e-10
7.94785e-11
5.66105e-11
3.62532e-11
1.76513e-11
9.79122e-34
5.06603e-14
3.40627e-11
6.64476e-11
9.7266e-11
1.26585e-10
1.54469e-10
1.80985e-10
2.06193e-10
2.30155e-10
2.52929e-10
2.74573e-10
2.95141e-10
3.14685e-10
3.33256e-10
3.50902e-10
3.67668e-10
3.83599e-10
3.98736e-10
4.13119e-10
4.26786e-10
4.39773e-10
4.52115e-10
4.63844e-10
4.74991e-10
4.85585e-10
4.95655e-10
5.05226e-10
5.14325e-10
5.22974e-10
5.31196e-10
5.39014e-10
5.46447e-10
6.27443e-10
7.14572e-10
8.07742e-10
9.06633e-10
1.01063e-09
1.11874e-09
1.22949e-09
1.34088e-09
1.45028e-09
1.55442e-09
1.64945e-09
1.73103e-09
1.79466e-09
1.83601e-09
1.85146e-09
1.83861e-09
1.79674e-09
1.72711e-09
1.63296e-09
1.51913e-09
1.39146e-09
1.25612e-09
1.11887e-09
9.84621e-10
8.57121e-10
7.38939e-10
6.31554e-10
5.35553e-10
4.50844e-10
3.76874e-10
3.12794e-10
2.57603e-10
2.10244e-10
1.6967e-10
1.34885e-10
1.04959e-10
7.90383e-11
5.63308e-11
3.60898e-11
1.75766e-11
1.07255e-33
4.14048e-14
2.78574e-11
5.43439e-11
7.95515e-11
1.03535e-10
1.2635e-10
1.48048e-10
1.6868e-10
1.88296e-10
2.06945e-10
2.24672e-10
2.41522e-10
2.57538e-10
2.72759e-10
2.87227e-10
3.00976e-10
3.14045e-10
3.26465e-10
3.3827e-10
3.4949e-10
3.60154e-10
3.70291e-10
3.79927e-10
3.89087e-10
3.97795e-10
4.06074e-10
4.13945e-10
4.21428e-10
4.28543e-10
4.35309e-10
4.41743e-10
4.47862e-10
5.14614e-10
5.86606e-10
6.63839e-10
7.46154e-10
8.33176e-10
9.24245e-10
1.01835e-09
1.11404e-09
1.2094e-09
1.30194e-09
1.38866e-09
1.4661e-09
1.53048e-09
1.57797e-09
1.60508e-09
1.60908e-09
1.58843e-09
1.54315e-09
1.47492e-09
1.387e-09
1.28388e-09
1.17064e-09
1.05248e-09
9.34078e-10
8.19322e-10
7.11102e-10
6.11323e-10
5.21013e-10
4.40495e-10
3.69566e-10
3.0767e-10
2.54034e-10
2.07773e-10
1.6797e-10
1.33725e-10
1.04178e-10
7.85217e-11
5.60021e-11
3.58976e-11
1.74886e-11
1.17399e-33
3.36117e-14
2.26276e-11
4.41427e-11
6.46207e-11
8.41068e-11
1.02645e-10
1.20279e-10
1.37051e-10
1.52999e-10
1.68164e-10
1.82583e-10
1.96292e-10
2.09325e-10
2.21714e-10
2.33493e-10
2.4469e-10
2.55335e-10
2.65454e-10
2.75074e-10
2.8422e-10
2.92915e-10
3.01182e-10
3.09042e-10
3.16516e-10
3.23622e-10
3.30379e-10
3.36805e-10
3.42915e-10
3.48727e-10
3.54254e-10
3.5951e-10
3.6451e-10
4.19118e-10
4.78151e-10
5.41672e-10
6.09631e-10
6.81823e-10
7.57834e-10
8.36991e-10
9.18292e-10
1.00035e-09
1.08135e-09
1.159e-09
1.2306e-09
1.29308e-09
1.34318e-09
1.37774e-09
1.39398e-09
1.3899e-09
1.36463e-09
1.31867e-09
1.2539e-09
1.17346e-09
1.08135e-09
9.81945e-10
8.79557e-10
7.77983e-10
6.80286e-10
5.88688e-10
5.04596e-10
4.28717e-10
3.61195e-10
3.01768e-10
2.49902e-10
2.04901e-10
1.65988e-10
1.32369e-10
1.03261e-10
7.7915e-11
5.56156e-11
3.56713e-11
1.73849e-11
1.28385e-33
2.71103e-14
1.82608e-11
3.56246e-11
5.21525e-11
6.78816e-11
8.28478e-11
9.70859e-11
1.1063e-10
1.23511e-10
1.35763e-10
1.47414e-10
1.58493e-10
1.69028e-10
1.79046e-10
1.88572e-10
1.97629e-10
2.06242e-10
2.14431e-10
2.22218e-10
2.29623e-10
2.36664e-10
2.4336e-10
2.49728e-10
2.55784e-10
2.61543e-10
2.67021e-10
2.7223e-10
2.77186e-10
2.81899e-10
2.86382e-10
2.90647e-10
2.94705e-10
3.39063e-10
3.87118e-10
4.38969e-10
4.94635e-10
5.54027e-10
6.16909e-10
6.82853e-10
7.51189e-10
8.20953e-10
8.90839e-10
9.59164e-10
1.02386e-09
1.08252e-09
1.13247e-09
1.17095e-09
1.19535e-09
1.20353e-09
1.19406e-09
1.16657e-09
1.12183e-09
1.06179e-09
9.89328e-10
9.07964e-10
8.21418e-10
7.33233e-10
6.46474e-10
5.63554e-10
4.86177e-10
4.15383e-10
3.51645e-10
2.94991e-10
2.45132e-10
2.01569e-10
1.6368e-10
1.30785e-10
1.02188e-10
7.7203e-11
5.51613e-11
3.54049e-11
1.72628e-11
1.40247e-33
2.17337e-14
1.46465e-11
2.85741e-11
4.18323e-11
5.44508e-11
6.64586e-11
7.78839e-11
8.87536e-11
9.90939e-11
1.0893e-10
1.18285e-10
1.27184e-10
1.35647e-10
1.43696e-10
1.51351e-10
1.58631e-10
1.65555e-10
1.7214e-10
1.78403e-10
1.8436e-10
1.90026e-10
1.95414e-10
2.0054e-10
2.05415e-10
2.10052e-10
2.14463e-10
2.1866e-10
2.22652e-10
2.26449e-10
2.30062e-10
2.335e-10
2.3677e-10
2.7256e-10
3.1141e-10
3.53431e-10
3.98685e-10
4.4716e-10
4.98739e-10
5.53171e-10
6.10026e-10
6.68658e-10
7.28158e-10
7.87316e-10
8.44603e-10
8.98172e-10
9.45902e-10
9.85498e-10
1.01465e-09
1.03125e-09
1.03363e-09
1.02085e-09
9.92853e-10
9.50584e-10
8.95912e-10
8.31443e-10
7.60212e-10
6.85346e-10
6.09751e-10
5.35892e-10
4.65667e-10
4.00385e-10
3.40808e-10
2.87243e-10
2.39644e-10
1.97716e-10
1.60999e-10
1.28938e-10
1.00933e-10
7.6368e-11
5.46273e-11
3.50914e-11
1.71189e-11
1.53006e-33
1.73238e-14
1.16798e-11
2.27868e-11
3.33605e-11
4.3425e-11
5.30034e-11
6.21183e-11
7.07911e-11
7.90428e-11
8.68932e-11
9.43614e-11
1.01466e-10
1.08224e-10
1.14653e-10
1.20768e-10
1.26585e-10
1.32118e-10
1.37382e-10
1.42388e-10
1.47151e-10
1.51682e-10
1.55992e-10
1.60092e-10
1.63993e-10
1.67704e-10
1.71234e-10
1.74594e-10
1.7779e-10
1.8083e-10
1.83724e-10
1.86477e-10
1.89097e-10
2.17791e-10
2.48991e-10
2.82815e-10
3.19343e-10
3.5861e-10
4.00577e-10
4.45114e-10
4.91962e-10
5.40706e-10
5.90734e-10
6.41203e-10
6.91012e-10
7.38788e-10
7.829e-10
8.21507e-10
8.52656e-10
8.74428e-10
8.85131e-10
8.83512e-10
8.68962e-10
8.41651e-10
8.02578e-10
7.53489e-10
6.96686e-10
6.34763e-10
5.70328e-10
5.05759e-10
4.43032e-10
3.83641e-10
3.28589e-10
2.78431e-10
2.33357e-10
1.93275e-10
1.57892e-10
1.26788e-10
9.94664e-11
7.53898e-11
5.40003e-11
3.47227e-11
1.69495e-11
1.66667e-33
1.37344e-14
9.26359e-12
1.80731e-11
2.64601e-11
3.44438e-11
4.20427e-11
4.92746e-11
5.61567e-11
6.27054e-11
6.89366e-11
7.48653e-11
8.05061e-11
8.58729e-11
9.09788e-11
9.58365e-11
1.00458e-10
1.04855e-10
1.09038e-10
1.13018e-10
1.16804e-10
1.20407e-10
1.23834e-10
1.27095e-10
1.30198e-10
1.33151e-10
1.3596e-10
1.38634e-10
1.41177e-10
1.43598e-10
1.45902e-10
1.48094e-10
1.5018e-10
1.73047e-10
1.9795e-10
2.25001e-10
2.54288e-10
2.85869e-10
3.19756e-10
3.55897e-10
3.9415e-10
4.34263e-10
4.75841e-10
5.18315e-10
5.60916e-10
6.02654e-10
6.42313e-10
6.78465e-10
7.09528e-10
7.33853e-10
7.49861e-10
7.56206e-10
7.51954e-10
7.36742e-10
7.1088e-10
6.75357e-10
6.3176e-10
5.82094e-10
5.28558e-10
4.73316e-10
4.18307e-10
3.65116e-10
3.14916e-10
2.68475e-10
2.26193e-10
1.88177e-10
1.54304e-10
1.24293e-10
9.77576e-11
7.4246e-11
5.32652e-11
3.42895e-11
1.67502e-11
1.81211e-33
1.08339e-14
7.30981e-12
1.42615e-11
2.08802e-11
2.7181e-11
3.31786e-11
3.88871e-11
4.432e-11
4.94904e-11
5.44108e-11
5.90929e-11
6.35483e-11
6.77878e-11
7.18218e-11
7.56603e-11
7.93126e-11
8.2788e-11
8.60948e-11
8.92414e-11
9.22356e-11
9.50847e-11
9.77958e-11
1.00376e-10
1.02831e-10
1.05167e-10
1.0739e-10
1.09506e-10
1.1152e-10
1.13436e-10
1.1526e-10
1.16996e-10
1.18648e-10
1.36768e-10
1.5653e-10
1.78033e-10
2.01366e-10
2.26597e-10
2.53764e-10
2.82865e-10
3.13835e-10
3.46533e-10
3.80718e-10
4.16019e-10
4.51919e-10
4.87723e-10
5.22552e-10
5.55337e-10
5.84842e-10
6.09716e-10
6.28578e-10
6.40135e-10
6.43323e-10
6.37456e-10
6.22348e-10
5.9838e-10
5.66494e-10
5.28104e-10
4.84937e-10
4.38845e-10
3.91618e-10
3.44831e-10
2.99755e-10
2.57311e-10
2.18083e-10
1.82358e-10
1.5018e-10
1.21408e-10
9.5772e-11
7.29116e-11
5.24049e-11
3.37814e-11
1.6516e-11
1.96588e-33
8.50538e-15
5.74055e-12
1.12e-11
1.63981e-11
2.13469e-11
2.60579e-11
3.05422e-11
3.48105e-11
3.88729e-11
4.27393e-11
4.64189e-11
4.99208e-11
5.32533e-11
5.64248e-11
5.94429e-11
6.23151e-11
6.50483e-11
6.76495e-11
7.01248e-11
7.24805e-11
7.47224e-11
7.6856e-11
7.88865e-11
8.0819e-11
8.26582e-11
8.44086e-11
8.60746e-11
8.76603e-11
8.91696e-11
9.06061e-11
9.19735e-11
9.3275e-11
1.07559e-10
1.23155e-10
1.40152e-10
1.58631e-10
1.78662e-10
2.00297e-10
2.23559e-10
2.48434e-10
2.74855e-10
3.02682e-10
3.31688e-10
3.61536e-10
3.91756e-10
4.21731e-10
4.50685e-10
4.77687e-10
5.01676e-10
5.21506e-10
5.36026e-10
5.44181e-10
5.45136e-10
5.38393e-10
5.23886e-10
5.02026e-10
4.73684e-10
4.40101e-10
4.02751e-10
3.63186e-10
3.22881e-10
2.83116e-10
2.44905e-10
2.08972e-10
1.7576e-10
1.45465e-10
1.18087e-10
9.34737e-11
7.13597e-11
5.14007e-11
3.31866e-11
1.62415e-11
2.12706e-33
6.64757e-15
4.48789e-12
8.75612e-12
1.28202e-11
1.66895e-11
2.03732e-11
2.38798e-11
2.72178e-11
3.03952e-11
3.34194e-11
3.6298e-11
3.90377e-11
4.16452e-11
4.4127e-11
4.64891e-11
4.87371e-11
5.08767e-11
5.29131e-11
5.48512e-11
5.66959e-11
5.84516e-11
6.01227e-11
6.17132e-11
6.3227e-11
6.4668e-11
6.60395e-11
6.7345e-11
6.85877e-11
6.97706e-11
7.08966e-11
7.19684e-11
7.29887e-11
8.41919e-11
9.64379e-11
1.09802e-10
1.24355e-10
1.40165e-10
1.57286e-10
1.75756e-10
1.95589e-10
2.16763e-10
2.39208e-10
2.62793e-10
2.87308e-10
3.12447e-10
3.37792e-10
3.62796e-10
3.86783e-10
4.08948e-10
4.28383e-10
4.44122e-10
4.55209e-10
4.60789e-10
4.60206e-10
4.53105e-10
4.39499e-10
4.19801e-10
3.94795e-10
3.65559e-10
3.33345e-10
2.99445e-10
2.65072e-10
2.31263e-10
1.98829e-10
1.68335e-10
1.40111e-10
1.14287e-10
9.08256e-11
6.95622e-11
5.02326e-11
3.24926e-11
1.59205e-11
2.2942e-33
5.17359e-15
3.49361e-12
6.8163e-12
9.98016e-12
1.29926e-11
1.58606e-11
1.85909e-11
2.11902e-11
2.36645e-11
2.60199e-11
2.82619e-11
3.0396e-11
3.24274e-11
3.43609e-11
3.62014e-11
3.79532e-11
3.96206e-11
4.12078e-11
4.27185e-11
4.41565e-11
4.55253e-11
4.68282e-11
4.80685e-11
4.9249e-11
5.03728e-11
5.14426e-11
5.24609e-11
5.34303e-11
5.43532e-11
5.52317e-11
5.6068e-11
5.68642e-11
6.56101e-11
7.5179e-11
8.56336e-11
9.70358e-11
1.09445e-10
1.22914e-10
1.37487e-10
1.53192e-10
1.70033e-10
1.87984e-10
2.06977e-10
2.26891e-10
2.47533e-10
2.68631e-10
2.89812e-10
3.106e-10
3.30407e-10
3.48541e-10
3.64231e-10
3.76664e-10
3.85051e-10
3.88696e-10
3.8709e-10
3.79981e-10
3.67431e-10
3.49836e-10
3.27892e-10
3.02526e-10
2.74793e-10
2.45768e-10
2.16443e-10
1.87657e-10
1.60057e-10
1.34079e-10
1.09966e-10
8.77922e-11
6.74901e-11
4.88793e-11
3.16855e-11
1.55464e-11
2.46517e-33
4.01015e-15
2.70853e-12
5.28458e-12
7.73757e-12
1.00732e-11
1.2297e-11
1.44142e-11
1.64299e-11
1.83488e-11
2.01756e-11
2.19146e-11
2.357e-11
2.51459e-11
2.66461e-11
2.80741e-11
2.94334e-11
3.07274e-11
3.19592e-11
3.31318e-11
3.4248e-11
3.53106e-11
3.63221e-11
3.7285e-11
3.82017e-11
3.90744e-11
3.99051e-11
4.0696e-11
4.14489e-11
4.21657e-11
4.28481e-11
4.34978e-11
4.41164e-11
5.09136e-11
5.83564e-11
6.64962e-11
7.53853e-11
8.50748e-11
9.56132e-11
1.07043e-10
1.19399e-10
1.327e-10
1.46945e-10
1.62106e-10
1.7812e-10
1.94872e-10
2.12191e-10
2.29835e-10
2.47477e-10
2.64703e-10
2.81004e-10
2.95791e-10
3.08409e-10
3.18178e-10
3.24445e-10
3.26649e-10
3.24392e-10
3.17498e-10
3.06058e-10
2.90439e-10
2.71251e-10
2.49284e-10
2.25423e-10
2.00558e-10
1.755e-10
1.50926e-10
1.27345e-10
1.05093e-10
8.43413e-11
6.51158e-11
4.73198e-11
3.07514e-11
1.51121e-11
2.63703e-33
3.09613e-15
2.09156e-12
4.08085e-12
5.97514e-12
7.77889e-12
9.49633e-12
1.11315e-11
1.26884e-11
1.41706e-11
1.55818e-11
1.69252e-11
1.82042e-11
1.94217e-11
2.05809e-11
2.16844e-11
2.27349e-11
2.3735e-11
2.4687e-11
2.55934e-11
2.64563e-11
2.72777e-11
2.80597e-11
2.88043e-11
2.95131e-11
3.01879e-11
3.08303e-11
3.1442e-11
3.20243e-11
3.25787e-11
3.31066e-11
3.36091e-11
3.40876e-11
3.93476e-11
4.51111e-11
5.142e-11
5.8317e-11
6.58455e-11
7.40475e-11
8.29625e-11
9.26249e-11
1.03061e-10
1.14283e-10
1.26287e-10
1.39046e-10
1.52497e-10
1.6654e-10
1.8102e-10
1.95724e-10
2.10369e-10
2.24594e-10
2.37964e-10
2.49976e-10
2.60078e-10
2.67702e-10
2.72309e-10
2.73445e-10
2.70799e-10
2.64252e-10
2.53908e-10
2.40097e-10
2.23349e-10
2.04334e-10
1.8379e-10
1.62451e-10
1.40976e-10
1.19909e-10
9.96493e-11
8.04478e-11
6.24147e-11
4.55338e-11
2.96763e-11
1.46107e-11
2.80584e-33
2.38115e-15
1.60881e-12
3.13897e-12
4.59609e-12
5.9836e-12
7.30478e-12
8.56274e-12
9.76049e-12
1.09009e-11
1.19866e-11
1.30203e-11
1.40045e-11
1.49415e-11
1.58336e-11
1.66829e-11
1.74914e-11
1.82612e-11
1.89941e-11
1.96919e-11
2.03562e-11
2.09887e-11
2.15908e-11
2.21641e-11
2.27099e-11
2.32296e-11
2.37244e-11
2.41954e-11
2.4644e-11
2.5071e-11
2.54776e-11
2.58648e-11
2.62334e-11
3.02866e-11
3.47305e-11
3.95985e-11
4.49253e-11
5.07467e-11
5.70981e-11
6.40143e-11
7.15272e-11
7.96641e-11
8.84447e-11
9.78779e-11
1.07957e-10
1.18653e-10
1.29911e-10
1.41639e-10
1.53702e-10
1.65913e-10
1.78025e-10
1.89729e-10
2.00653e-10
2.10368e-10
2.18411e-10
2.24307e-10
2.27613e-10
2.27961e-10
2.25108e-10
2.18973e-10
2.09664e-10
1.97476e-10
1.8286e-10
1.66383e-10
1.48657e-10
1.30285e-10
1.118e-10
9.36346e-11
7.60973e-11
5.93681e-11
4.35038e-11
2.84474e-11
1.40354e-11
2.96656e-33
1.82407e-15
1.23258e-12
2.40491e-12
3.52131e-12
4.5844e-12
5.59669e-12
6.56059e-12
7.47838e-12
8.35225e-12
9.1843e-12
9.97652e-12
1.07308e-11
1.1449e-11
1.21327e-11
1.27837e-11
1.34036e-11
1.39937e-11
1.45556e-11
1.50905e-11
1.55999e-11
1.60848e-11
1.65465e-11
1.69862e-11
1.74048e-11
1.78033e-11
1.81828e-11
1.85441e-11
1.88881e-11
1.92157e-11
1.95276e-11
1.98245e-11
2.01073e-11
2.32175e-11
2.66291e-11
3.03687e-11
3.4464e-11
3.8944e-11
4.3838e-11
4.91755e-11
5.49846e-11
6.12912e-11
6.81168e-11
7.54764e-11
8.33751e-11
9.18045e-11
1.00738e-10
1.10124e-10
1.19882e-10
1.29892e-10
1.39993e-10
1.4997e-10
1.59559e-10
1.68443e-10
1.76258e-10
1.82616e-10
1.87119e-10
1.89404e-10
1.89171e-10
1.86229e-10
1.80527e-10
1.72168e-10
1.6141e-10
1.48637e-10
1.34322e-10
1.18973e-10
1.0308e-10
8.70726e-11
7.12908e-11
5.59659e-11
4.12173e-11
2.7054e-11
1.33803e-11
3.11297e-33
1.39157e-15
9.40428e-13
1.8349e-12
2.68671e-12
3.49786e-12
4.27027e-12
5.00578e-12
5.70613e-12
6.37299e-12
7.00796e-12
7.61256e-12
8.18823e-12
8.73635e-12
9.25825e-12
9.75516e-12
1.02283e-11
1.06788e-11
1.11077e-11
1.15161e-11
1.1905e-11
1.22753e-11
1.26278e-11
1.29635e-11
1.32831e-11
1.35875e-11
1.38773e-11
1.41532e-11
1.44159e-11
1.46661e-11
1.49043e-11
1.51312e-11
1.53472e-11
1.77232e-11
2.03308e-11
2.31905e-11
2.63243e-11
2.97555e-11
3.35077e-11
3.76052e-11
4.20722e-11
4.69314e-11
5.22036e-11
5.79058e-11
6.4049e-11
7.06357e-11
7.76566e-11
8.50865e-11
9.28795e-11
1.00964e-10
1.09235e-10
1.17553e-10
1.25734e-10
1.33551e-10
1.40734e-10
1.46977e-10
1.51952e-10
1.55331e-10
1.5681e-10
1.56148e-10
1.53194e-10
1.47915e-10
1.40407e-10
1.30892e-10
1.19695e-10
1.07208e-10
9.38496e-11
8.00157e-11
6.6049e-11
5.22111e-11
3.86689e-11
2.54894e-11
1.26412e-11
3.23758e-33
1.05691e-15
7.14333e-13
1.39376e-12
2.0408e-12
2.65696e-12
3.2437e-12
3.80243e-12
4.33446e-12
4.84107e-12
5.32347e-12
5.78281e-12
6.22019e-12
6.63665e-12
7.0332e-12
7.41079e-12
7.77032e-12
8.11266e-12
8.43863e-12
8.74901e-12
9.04455e-12
9.32596e-12
9.59392e-12
9.84907e-12
1.0092e-11
1.03234e-11
1.05436e-11
1.07534e-11
1.09531e-11
1.11433e-11
1.13244e-11
1.14969e-11
1.16611e-11
1.34679e-11
1.54515e-11
1.76278e-11
2.00142e-11
2.26288e-11
2.54906e-11
2.86193e-11
3.20347e-11
3.57564e-11
3.98029e-11
4.41907e-11
4.8933e-11
5.40378e-11
5.95055e-11
6.53265e-11
7.14775e-11
7.79173e-11
8.45826e-11
9.13832e-11
9.8197e-11
1.04867e-10
1.11199e-10
1.16965e-10
1.21905e-10
1.25745e-10
1.28211e-10
1.29052e-10
1.28071e-10
1.2515e-10
1.20266e-10
1.13506e-10
1.0506e-10
9.51994e-11
8.42487e-11
7.25479e-11
6.04162e-11
4.81223e-11
3.58633e-11
2.37523e-11
1.1816e-11
3.33182e-33
7.98761e-16
5.39899e-13
1.05342e-12
1.54246e-12
2.00818e-12
2.45167e-12
2.87399e-12
3.27614e-12
3.65909e-12
4.02375e-12
4.37098e-12
4.70163e-12
5.01647e-12
5.31627e-12
5.60174e-12
5.87357e-12
6.13241e-12
6.37887e-12
6.61356e-12
6.83704e-12
7.04984e-12
7.25247e-12
7.44542e-12
7.62915e-12
7.8041e-12
7.9707e-12
8.12934e-12
8.28041e-12
8.42426e-12
8.56124e-12
8.69168e-12
8.8159e-12
1.01828e-11
1.16838e-11
1.33314e-11
1.51388e-11
1.71203e-11
1.92907e-11
2.16658e-11
2.42615e-11
2.70941e-11
3.01793e-11
3.3532e-11
3.71653e-11
4.10891e-11
4.53091e-11
4.98244e-11
5.46251e-11
5.96898e-11
6.49819e-11
7.0446e-11
7.60035e-11
8.15494e-11
8.69492e-11
9.20377e-11
9.66206e-11
1.0048e-10
1.03385e-10
1.05107e-10
1.05439e-10
1.0422e-10
1.01354e-10
9.68276e-11
9.07176e-11
8.31831e-11
7.44502e-11
6.47849e-11
5.44627e-11
4.37375e-11
3.28178e-11
2.1849e-11
1.09063e-11
3.38629e-33
6.00196e-16
4.05712e-13
7.91605e-13
1.1591e-12
1.50908e-12
1.84236e-12
2.15973e-12
2.46196e-12
2.74976e-12
3.02382e-12
3.28479e-12
3.5333e-12
3.76994e-12
3.99527e-12
4.20985e-12
4.41417e-12
4.60874e-12
4.79401e-12
4.97043e-12
5.13843e-12
5.29841e-12
5.45074e-12
5.5958e-12
5.73394e-12
5.86547e-12
5.99073e-12
6.11001e-12
6.22359e-12
6.33176e-12
6.43476e-12
6.53284e-12
6.62625e-12
7.6542e-12
8.78331e-12
1.00231e-11
1.13837e-11
1.2876e-11
1.45118e-11
1.63031e-11
1.82627e-11
2.04037e-11
2.27391e-11
2.52816e-11
2.80431e-11
3.10336e-11
3.42607e-11
3.7728e-11
4.14336e-11
4.53677e-11
4.95109e-11
5.38306e-11
5.82782e-11
6.27858e-11
6.7263e-11
7.15948e-11
7.56405e-11
7.92356e-11
8.21964e-11
8.43291e-11
8.54426e-11
8.5366e-11
8.39664e-11
8.11671e-11
7.69599e-11
7.14101e-11
6.46513e-11
5.68703e-11
4.82843e-11
3.91152e-11
2.95646e-11
1.97947e-11
9.91768e-12
3.39122e-33
4.4787e-16
3.02761e-13
5.90734e-13
8.64982e-13
1.12615e-12
1.37487e-12
1.61172e-12
1.83728e-12
2.05206e-12
2.2566e-12
2.45137e-12
2.63685e-12
2.81347e-12
2.98166e-12
3.14182e-12
3.29433e-12
3.43956e-12
3.57786e-12
3.70956e-12
3.83496e-12
3.95438e-12
4.06811e-12
4.1764e-12
4.27952e-12
4.37772e-12
4.47124e-12
4.56029e-12
4.64509e-12
4.72585e-12
4.80275e-12
4.87599e-12
4.94573e-12
5.71333e-12
6.55666e-12
7.48286e-12
8.49969e-12
9.61546e-12
1.08391e-11
1.21799e-11
1.36479e-11
1.52534e-11
1.70068e-11
1.89186e-11
2.09989e-11
2.3257e-11
2.57005e-11
2.8335e-11
3.11625e-11
3.41803e-11
3.7379e-11
4.07407e-11
4.42368e-11
4.78246e-11
5.14454e-11
5.50216e-11
5.84549e-11
6.16257e-11
6.43947e-11
6.66072e-11
6.81006e-11
6.87154e-11
6.83097e-11
6.67744e-11
6.40474e-11
6.01239e-11
5.50599e-11
4.89668e-11
4.19988e-11
3.43335e-11
2.6151e-11
1.76148e-11
8.86074e-12
3.33718e-33
3.31293e-16
2.23965e-13
4.36992e-13
6.39867e-13
8.33071e-13
1.01706e-12
1.19228e-12
1.35914e-12
1.51804e-12
1.66936e-12
1.81345e-12
1.95067e-12
2.08135e-12
2.20578e-12
2.32428e-12
2.43712e-12
2.54458e-12
2.64691e-12
2.74435e-12
2.83715e-12
2.92551e-12
3.00966e-12
3.0898e-12
3.16611e-12
3.23878e-12
3.30798e-12
3.37388e-12
3.43664e-12
3.4964e-12
3.55331e-12
3.60751e-12
3.65912e-12
4.22726e-12
4.85154e-12
5.53734e-12
6.29044e-12
7.11711e-12
8.02407e-12
9.01847e-12
1.01079e-11
1.13003e-11
1.26039e-11
1.40271e-11
1.55781e-11
1.72648e-11
1.90943e-11
2.10724e-11
2.32028e-11
2.54865e-11
2.79199e-11
3.04943e-11
3.31933e-11
3.59914e-11
3.88517e-11
4.17232e-11
4.45393e-11
4.72162e-11
4.96524e-11
5.17301e-11
5.33192e-11
5.42833e-11
5.44898e-11
5.38212e-11
5.21879e-11
4.95402e-11
4.58761e-11
4.12441e-11
3.57382e-11
2.94869e-11
2.26385e-11
1.53447e-11
7.75115e-12
3.21589e-33
2.42242e-16
1.6377e-13
3.19542e-13
4.67891e-13
6.0917e-13
7.43714e-13
8.71842e-13
9.9386e-13
1.11006e-12
1.22071e-12
1.32609e-12
1.42644e-12
1.522e-12
1.61301e-12
1.69967e-12
1.7822e-12
1.86078e-12
1.93562e-12
2.00689e-12
2.07476e-12
2.13939e-12
2.20094e-12
2.25955e-12
2.31537e-12
2.36852e-12
2.41914e-12
2.46735e-12
2.51325e-12
2.55697e-12
2.5986e-12
2.63824e-12
2.676e-12
3.09162e-12
3.54838e-12
4.05024e-12
4.60148e-12
5.20674e-12
5.87102e-12
6.59967e-12
7.39839e-12
8.27321e-12
9.2304e-12
1.02765e-11
1.14179e-11
1.26611e-11
1.40122e-11
1.54764e-11
1.7058e-11
1.87592e-11
2.05799e-11
2.25164e-11
2.45601e-11
2.66963e-11
2.89025e-11
3.11463e-11
3.33839e-11
3.55583e-11
3.75981e-11
3.94174e-11
4.09171e-11
4.1988e-11
4.25166e-11
4.2393e-11
4.15207e-11
3.98273e-11
3.72742e-11
3.38629e-11
2.9637e-11
2.46783e-11
1.90984e-11
1.30278e-11
6.609e-12
3.02097e-33
1.74266e-16
1.17818e-13
2.29882e-13
3.36607e-13
4.38245e-13
5.35039e-13
6.27218e-13
7.15003e-13
7.98601e-13
8.78212e-13
9.54027e-13
1.02623e-12
1.09498e-12
1.16046e-12
1.22281e-12
1.28219e-12
1.33873e-12
1.39258e-12
1.44386e-12
1.4927e-12
1.5392e-12
1.58349e-12
1.62566e-12
1.66583e-12
1.70407e-12
1.7405e-12
1.77519e-12
1.80822e-12
1.83968e-12
1.86964e-12
1.89817e-12
1.92534e-12
2.22444e-12
2.5532e-12
2.91447e-12
3.31136e-12
3.74724e-12
4.22576e-12
4.75085e-12
5.32668e-12
5.95772e-12
6.64865e-12
7.40435e-12
8.2298e-12
9.13e-12
1.01098e-11
1.11737e-11
1.23255e-11
1.3568e-11
1.49024e-11
1.63278e-11
1.78402e-11
1.94315e-11
2.10884e-11
2.2791e-11
2.45113e-11
2.62118e-11
2.78437e-11
2.93469e-11
3.06492e-11
3.16677e-11
3.23119e-11
3.24883e-11
3.21072e-11
3.10911e-11
2.93835e-11
2.69567e-11
2.38175e-11
2.00083e-11
1.56049e-11
1.07116e-11
5.45704e-12
2.74825e-33
1.22273e-16
8.26683e-14
1.613e-13
2.36185e-13
3.07501e-13
3.75419e-13
4.40099e-13
5.01696e-13
5.60356e-13
6.16219e-13
6.69418e-13
7.20081e-13
7.68327e-13
8.14273e-13
8.58027e-13
8.99695e-13
9.39376e-13
9.77164e-13
1.01315e-12
1.04742e-12
1.08006e-12
1.11114e-12
1.14073e-12
1.16892e-12
1.19576e-12
1.22132e-12
1.24567e-12
1.26885e-12
1.29093e-12
1.31195e-12
1.33198e-12
1.35105e-12
1.56098e-12
1.79174e-12
2.04536e-12
2.32402e-12
2.63011e-12
2.96623e-12
3.33516e-12
3.73989e-12
4.18362e-12
4.66972e-12
5.20174e-12
5.78334e-12
6.41824e-12
7.11014e-12
7.86255e-12
8.67864e-12
9.56101e-12
1.05113e-11
1.15299e-11
1.26152e-11
1.3763e-11
1.4966e-11
1.62122e-11
1.74842e-11
1.87582e-11
2.00021e-11
2.11752e-11
2.22273e-11
2.30988e-11
2.37219e-11
2.40231e-11
2.39273e-11
2.33638e-11
2.22731e-11
2.06145e-11
1.83722e-11
1.55603e-11
1.22242e-11
8.44072e-12
4.31751e-12
2.39522e-33
8.21747e-17
5.55589e-14
1.08405e-13
1.58733e-13
2.06663e-13
2.5231e-13
2.9578e-13
3.37178e-13
3.76603e-13
4.14148e-13
4.49904e-13
4.83954e-13
5.16381e-13
5.47262e-13
5.7667e-13
6.04676e-13
6.31346e-13
6.56745e-13
6.80933e-13
7.03967e-13
7.25904e-13
7.46794e-13
7.66688e-13
7.85634e-13
8.03677e-13
8.20859e-13
8.37222e-13
8.52805e-13
8.67646e-13
8.81779e-13
8.95238e-13
9.08056e-13
1.04918e-12
1.20431e-12
1.37482e-12
1.5622e-12
1.76805e-12
1.99413e-12
2.24233e-12
2.5147e-12
2.81341e-12
3.14078e-12
3.49926e-12
3.8914e-12
4.31981e-12
4.78712e-12
5.29589e-12
5.84852e-12
6.44707e-12
7.0931e-12
7.78737e-12
8.52951e-12
9.31761e-12
1.01476e-11
1.10128e-11
1.19028e-11
1.2803e-11
1.36933e-11
1.45476e-11
1.53328e-11
1.60084e-11
1.65272e-11
1.68358e-11
1.68775e-11
1.65953e-11
1.59373e-11
1.48623e-11
1.33453e-11
1.13838e-11
9.00084e-12
6.24786e-12
3.20743e-12
1.95874e-33
5.05508e-17
3.41783e-14
6.66876e-14
9.76482e-14
1.27134e-13
1.55214e-13
1.81956e-13
2.07424e-13
2.31677e-13
2.54775e-13
2.76771e-13
2.97718e-13
3.17667e-13
3.36665e-13
3.54757e-13
3.71987e-13
3.88395e-13
4.0402e-13
4.18901e-13
4.33072e-13
4.46568e-13
4.5942e-13
4.7166e-13
4.83316e-13
4.94416e-13
5.04988e-13
5.15055e-13
5.24643e-13
5.33773e-13
5.42468e-13
5.50749e-13
5.58635e-13
6.45463e-13
7.40918e-13
8.45842e-13
9.6115e-13
1.08784e-12
1.227e-12
1.37981e-12
1.54752e-12
1.7315e-12
1.93319e-12
2.15414e-12
2.39594e-12
2.66025e-12
2.94876e-12
3.26314e-12
3.60498e-12
3.97569e-12
4.37644e-12
4.80794e-12
5.27028e-12
5.76268e-12
6.28315e-12
6.82809e-12
7.39181e-12
7.96602e-12
8.53914e-12
9.09575e-12
9.61597e-12
1.0075e-11
1.04432e-11
1.06861e-11
1.07659e-11
1.06433e-11
1.02802e-11
9.64399e-12
8.71157e-12
7.47394e-12
5.94028e-12
4.1412e-12
2.13229e-12
1.43002e-33
2.42786e-17
1.64153e-14
3.20291e-14
4.68991e-14
6.10606e-14
7.45473e-14
8.73913e-14
9.96231e-14
1.11272e-13
1.22365e-13
1.3293e-13
1.42991e-13
1.52573e-13
1.61697e-13
1.70387e-13
1.78662e-13
1.86543e-13
1.94048e-13
2.01196e-13
2.08002e-13
2.14484e-13
2.20658e-13
2.26536e-13
2.32135e-13
2.37467e-13
2.42544e-13
2.4738e-13
2.51985e-13
2.56371e-13
2.60547e-13
2.64525e-13
2.68313e-13
3.10019e-13
3.55871e-13
4.06273e-13
4.61667e-13
5.22534e-13
5.89397e-13
6.62821e-13
7.4342e-13
8.3185e-13
9.28814e-13
1.03506e-12
1.15136e-12
1.27854e-12
1.41743e-12
1.56884e-12
1.73359e-12
1.91241e-12
2.10589e-12
2.31448e-12
2.53832e-12
2.77714e-12
3.03014e-12
3.29579e-12
3.57155e-12
3.85369e-12
4.13689e-12
4.414e-12
4.67563e-12
4.90997e-12
5.10261e-12
5.23661e-12
5.29294e-12
5.25132e-12
5.09157e-12
4.79551e-12
4.3493e-12
3.74595e-12
2.98787e-12
2.08912e-12
1.07788e-12
7.85312e-34
7.18362e-42
9.45803e-41
3.11076e-40
6.25021e-40
1.00428e-39
1.42318e-39
1.86144e-39
2.3032e-39
2.73631e-39
3.15163e-39
3.54247e-39
3.90416e-39
4.23366e-39
4.52922e-39
4.7901e-39
5.01637e-39
5.20875e-39
5.36837e-39
5.49676e-39
5.59564e-39
5.66693e-39
5.71261e-39
5.73471e-39
5.73528e-39
5.71629e-39
5.6797e-39
5.62736e-39
5.56106e-39
5.48245e-39
5.39313e-39
5.29455e-39
3.50649e-38
8.31064e-38
1.20405e-37
1.72572e-37
2.45093e-37
3.45388e-37
4.83466e-37
6.72803e-37
9.31511e-37
1.28388e-36
1.76244e-36
2.41064e-36
3.28644e-36
4.46693e-36
6.05442e-36
8.18432e-36
1.10353e-35
1.4842e-35
1.99116e-35
2.66439e-35
3.55556e-35
4.73096e-35
6.27479e-35
8.2927e-35
1.09151e-34
1.43e-34
1.86333e-34
2.41259e-34
3.10042e-34
3.94902e-34
4.97669e-34
6.19226e-34
7.58679e-34
9.12212e-34
1.07159e-33
1.2224e-33
1.3421e-33
1.39818e-33
1.34699e-33
1.13385e-33
6.96133e-34
2.72638e-34
