-4.02867e-40
-5.30419e-39
-1.74456e-38
-3.5052e-38
-5.63212e-38
-7.98138e-38
-1.04392e-37
-1.29166e-37
-1.53455e-37
-1.76746e-37
-1.98665e-37
-2.18949e-37
-2.37427e-37
-2.54002e-37
-2.68631e-37
-2.81321e-37
-2.92109e-37
-3.0106e-37
-3.0826e-37
-3.13805e-37
-3.17802e-37
-3.20364e-37
-3.21603e-37
-3.21634e-37
-3.20569e-37
-3.18517e-37
-3.15581e-37
-3.11862e-37
-3.07454e-37
-3.02444e-37
-2.96916e-37
-1.96641e-36
-4.6605e-36
-6.75207e-36
-9.67729e-36
-1.37438e-35
-1.93673e-35
-2.71089e-35
-3.77238e-35
-5.22266e-35
-7.1978e-35
-9.87992e-35
-1.35123e-34
-1.84191e-34
-2.50314e-34
-3.3921e-34
-4.58439e-34
-6.17964e-34
-8.30862e-34
-1.11422e-33
-1.49022e-33
-1.98749e-33
-2.64265e-33
-3.50205e-33
-4.62357e-33
-6.07832e-33
-7.95177e-33
-1.03437e-32
-1.33657e-32
-1.71358e-32
-2.17664e-32
-2.73445e-32
-3.39019e-32
-4.13702e-32
-4.95219e-32
-5.78957e-32
-6.57096e-32
-7.17704e-32
-7.43907e-32
-7.13332e-32
-5.9813e-32
-3.66256e-32
-6.82318e-33
2.84836e-17
1.92583e-14
3.75761e-14
5.50214e-14
7.16354e-14
8.74578e-14
1.02526e-13
1.16876e-13
1.30542e-13
1.43557e-13
1.55951e-13
1.67754e-13
1.78995e-13
1.897e-13
1.99894e-13
2.09602e-13
2.18848e-13
2.27652e-13
2.36037e-13
2.44022e-13
2.51627e-13
2.58869e-13
2.65765e-13
2.72333e-13
2.78588e-13
2.84545e-13
2.90217e-13
2.9562e-13
3.00765e-13
3.05664e-13
3.1033e-13
3.14774e-13
3.637e-13
4.17487e-13
4.7661e-13
5.41586e-13
6.12978e-13
6.91398e-13
7.77507e-13
8.72021e-13
9.75705e-13
1.08938e-12
1.21391e-12
1.3502e-12
1.4992e-12
1.66185e-12
1.83911e-12
2.03188e-12
2.24097e-12
2.46705e-12
2.71055e-12
2.97154e-12
3.24961e-12
3.54367e-12
3.85174e-12
4.17067e-12
4.49581e-12
4.82071e-12
5.13669e-12
5.43254e-12
5.69429e-12
5.90505e-12
6.0453e-12
6.09342e-12
6.02687e-12
5.82382e-12
5.46544e-12
4.93841e-12
4.23757e-12
3.36826e-12
2.34812e-12
1.20898e-12
-3.91327e-32
5.95522e-17
4.02639e-14
7.85618e-14
1.15035e-13
1.49771e-13
1.82851e-13
2.14354e-13
2.44356e-13
2.72928e-13
3.00137e-13
3.2605e-13
3.50727e-13
3.74227e-13
3.96607e-13
4.1792e-13
4.38216e-13
4.57545e-13
4.75952e-13
4.93482e-13
5.10176e-13
5.26074e-13
5.41214e-13
5.55632e-13
5.69362e-13
5.82439e-13
5.94891e-13
6.0675e-13
6.18044e-13
6.288e-13
6.39043e-13
6.48797e-13
6.58087e-13
7.60365e-13
8.72803e-13
9.96388e-13
1.1322e-12
1.28141e-12
1.44529e-12
1.62523e-12
1.82269e-12
2.03927e-12
2.27667e-12
2.53667e-12
2.82113e-12
3.13197e-12
3.47114e-12
3.84053e-12
4.24194e-12
4.67693e-12
5.14672e-12
5.65199e-12
6.19262e-12
6.7674e-12
7.37364e-12
8.00669e-12
8.65937e-12
9.32135e-12
9.97842e-12
1.06119e-11
1.11978e-11
1.17069e-11
1.21043e-11
1.23506e-11
1.24031e-11
1.22185e-11
1.17566e-11
1.09843e-11
9.88107e-12
8.44261e-12
6.68466e-12
4.64517e-12
2.38637e-12
-7.11632e-32
9.74298e-17
6.58724e-14
1.28528e-13
1.88199e-13
2.45026e-13
2.99145e-13
3.50684e-13
3.99767e-13
4.46509e-13
4.91023e-13
5.33415e-13
5.73785e-13
6.1223e-13
6.48842e-13
6.83708e-13
7.16911e-13
7.48531e-13
7.78643e-13
8.07319e-13
8.34628e-13
8.60634e-13
8.85401e-13
9.08986e-13
9.31447e-13
9.52837e-13
9.73207e-13
9.92607e-13
1.01108e-12
1.02867e-12
1.04543e-12
1.06139e-12
1.07658e-12
1.24388e-12
1.42778e-12
1.6299e-12
1.852e-12
2.09597e-12
2.3639e-12
2.65801e-12
2.9807e-12
3.33454e-12
3.72224e-12
4.14666e-12
4.61077e-12
5.11759e-12
5.67013e-12
6.27132e-12
6.92381e-12
7.62985e-12
8.39097e-12
9.20773e-12
1.00792e-11
1.10026e-11
1.19725e-11
1.29799e-11
1.40118e-11
1.50497e-11
1.60687e-11
1.7037e-11
1.79147e-11
1.86539e-11
1.91993e-11
1.94902e-11
1.94632e-11
1.90572e-11
1.82192e-11
1.69101e-11
1.51117e-11
1.28308e-11
1.01017e-11
6.98701e-12
3.57798e-12
-9.72744e-32
1.46213e-16
9.88523e-14
1.92877e-13
2.82422e-13
3.677e-13
4.48914e-13
5.26255e-13
5.9991e-13
6.70052e-13
7.3685e-13
8.00462e-13
8.6104e-13
9.18729e-13
9.73667e-13
1.02598e-12
1.07581e-12
1.12325e-12
1.16844e-12
1.21146e-12
1.25244e-12
1.29146e-12
1.32862e-12
1.36401e-12
1.39771e-12
1.4298e-12
1.46037e-12
1.48947e-12
1.51719e-12
1.54359e-12
1.56873e-12
1.59267e-12
1.61547e-12
1.86646e-12
2.14234e-12
2.44552e-12
2.77861e-12
3.14446e-12
3.54614e-12
3.98696e-12
4.47046e-12
5.00041e-12
5.5808e-12
6.21577e-12
6.9096e-12
7.66658e-12
8.49095e-12
9.38664e-12
1.03571e-11
1.14051e-11
1.25319e-11
1.37374e-11
1.50187e-11
1.63699e-11
1.77807e-11
1.92355e-11
2.07119e-11
2.21793e-11
2.35981e-11
2.49182e-11
2.60789e-11
2.70096e-11
2.7632e-11
2.78631e-11
2.76215e-11
2.68341e-11
2.54443e-11
2.34195e-11
2.07571e-11
1.74873e-11
1.36724e-11
9.40337e-12
4.79677e-12
-1.18638e-31
2.10604e-16
1.42382e-13
2.77812e-13
4.06788e-13
5.29617e-13
6.46591e-13
7.57987e-13
8.64072e-13
9.65098e-13
1.0613e-12
1.15292e-12
1.24017e-12
1.32326e-12
1.40238e-12
1.47773e-12
1.54948e-12
1.61781e-12
1.68288e-12
1.74484e-12
1.80385e-12
1.86005e-12
1.91356e-12
1.96452e-12
2.01306e-12
2.05927e-12
2.10328e-12
2.1452e-12
2.18511e-12
2.22312e-12
2.25932e-12
2.29379e-12
2.32662e-12
2.68801e-12
3.0852e-12
3.52163e-12
4.00103e-12
4.52746e-12
5.10529e-12
5.73921e-12
6.43421e-12
7.19558e-12
8.02888e-12
8.93982e-12
9.93423e-12
1.10179e-11
1.21962e-11
1.34742e-11
1.48559e-11
1.63437e-11
1.79383e-11
1.96372e-11
2.14338e-11
2.33167e-11
2.52674e-11
2.72594e-11
2.92561e-11
3.12094e-11
3.30581e-11
3.47281e-11
3.61323e-11
3.71734e-11
3.77481e-11
3.77538e-11
3.70973e-11
3.57044e-11
3.35295e-11
3.05626e-11
2.6833e-11
2.24073e-11
1.73832e-11
1.18805e-11
6.03456e-12
-1.35705e-31
2.96497e-16
2.00444e-13
3.91098e-13
5.72668e-13
7.45582e-13
9.10252e-13
1.06707e-12
1.21641e-12
1.35862e-12
1.49405e-12
1.62302e-12
1.74583e-12
1.86279e-12
1.97416e-12
2.08022e-12
2.18121e-12
2.27739e-12
2.36898e-12
2.45619e-12
2.53925e-12
2.61834e-12
2.69366e-12
2.76538e-12
2.83369e-12
2.89873e-12
2.96067e-12
3.01966e-12
3.07583e-12
3.12932e-12
3.18027e-12
3.22878e-12
3.27498e-12
3.78352e-12
4.34235e-12
4.95628e-12
5.63052e-12
6.37069e-12
7.18285e-12
8.07344e-12
9.04933e-12
1.01177e-11
1.12861e-11
1.2562e-11
1.39531e-11
1.54667e-11
1.71095e-11
1.88872e-11
2.08036e-11
2.28603e-11
2.50551e-11
2.73812e-11
2.98253e-11
3.23662e-11
3.49725e-11
3.76005e-11
4.01923e-11
4.26744e-11
4.49568e-11
4.69336e-11
4.84863e-11
4.94885e-11
4.98144e-11
4.93491e-11
4.80003e-11
4.571e-11
4.24636e-11
3.82932e-11
3.32761e-11
2.75256e-11
2.11782e-11
1.4379e-11
7.27127e-12
-1.4866e-31
4.11576e-16
2.7823e-13
5.4287e-13
7.94897e-13
1.03491e-12
1.26348e-12
1.48114e-12
1.68842e-12
1.88581e-12
2.07378e-12
2.25277e-12
2.42323e-12
2.58554e-12
2.74011e-12
2.8873e-12
3.02746e-12
3.16093e-12
3.28803e-12
3.40907e-12
3.52432e-12
3.63407e-12
3.73859e-12
3.83812e-12
3.93289e-12
4.02315e-12
4.10909e-12
4.19094e-12
4.26888e-12
4.3431e-12
4.41378e-12
4.48109e-12
4.54518e-12
5.25069e-12
6.02583e-12
6.87721e-12
7.81195e-12
8.83774e-12
9.96279e-12
1.11958e-11
1.25461e-11
1.4023e-11
1.56365e-11
1.73964e-11
1.93121e-11
2.13926e-11
2.36454e-11
2.60761e-11
2.86872e-11
3.14773e-11
3.44389e-11
3.75568e-11
4.08064e-11
4.41503e-11
4.75365e-11
5.08957e-11
5.41392e-11
5.71582e-11
5.98249e-11
6.19954e-11
6.35165e-11
6.42354e-11
6.40123e-11
6.27354e-11
6.03343e-11
5.67912e-11
5.21458e-11
4.64923e-11
3.99689e-11
3.27407e-11
2.49802e-11
1.6848e-11
8.48217e-12
-1.57667e-31
5.66055e-16
3.82637e-13
7.46583e-13
1.09318e-12
1.42325e-12
1.73758e-12
2.03691e-12
2.32195e-12
2.59338e-12
2.85186e-12
3.09799e-12
3.33237e-12
3.55556e-12
3.76809e-12
3.97047e-12
4.16318e-12
4.34669e-12
4.52143e-12
4.68783e-12
4.84629e-12
4.99717e-12
5.14085e-12
5.27767e-12
5.40796e-12
5.53202e-12
5.65017e-12
5.76267e-12
5.86981e-12
5.97183e-12
6.06898e-12
6.16149e-12
6.24959e-12
7.2192e-12
8.28426e-12
9.45375e-12
1.07373e-11
1.21453e-11
1.36887e-11
1.5379e-11
1.72285e-11
1.92495e-11
2.14545e-11
2.38558e-11
2.64647e-11
2.92912e-11
3.23429e-11
3.56238e-11
3.91328e-11
4.28619e-11
4.67938e-11
5.08993e-11
5.51341e-11
5.94359e-11
6.37213e-11
6.78836e-11
7.17912e-11
7.52894e-11
7.82041e-11
8.03496e-11
8.1541e-11
8.16095e-11
8.04202e-11
7.78896e-11
7.39981e-11
6.87968e-11
6.24037e-11
5.49909e-11
4.67637e-11
3.79359e-11
2.87059e-11
1.92361e-11
9.64307e-12
-1.62978e-31
7.73661e-16
5.22936e-13
1.02033e-12
1.494e-12
1.94508e-12
2.37464e-12
2.7837e-12
3.17322e-12
3.54414e-12
3.89734e-12
4.23367e-12
4.55393e-12
4.85889e-12
5.14927e-12
5.42578e-12
5.68907e-12
5.93978e-12
6.17851e-12
6.40584e-12
6.6223e-12
6.82842e-12
7.02469e-12
7.21158e-12
7.38955e-12
7.55901e-12
7.72038e-12
7.87405e-12
8.02037e-12
8.15971e-12
8.2924e-12
8.41875e-12
8.53907e-12
9.86309e-12
1.13171e-11
1.29131e-11
1.4664e-11
1.65835e-11
1.86863e-11
2.09875e-11
2.35026e-11
2.62475e-11
2.92376e-11
3.24874e-11
3.60099e-11
3.9815e-11
4.39084e-11
4.82897e-11
5.29501e-11
5.78694e-11
6.30131e-11
6.83283e-11
7.37402e-11
7.91482e-11
8.44231e-11
8.94058e-11
9.39087e-11
9.77207e-11
1.00617e-10
1.02373e-10
1.02785e-10
1.01692e-10
9.89941e-11
9.46713e-11
8.87901e-11
8.14995e-11
7.3015e-11
6.35934e-11
5.35036e-11
4.2996e-11
3.22785e-11
2.14981e-11
1.07337e-11
-1.64956e-31
1.05276e-15
7.11523e-13
1.38828e-12
2.03277e-12
2.6465e-12
3.23094e-12
3.78747e-12
4.31741e-12
4.82203e-12
5.30252e-12
5.76005e-12
6.19571e-12
6.61053e-12
7.00552e-12
7.38162e-12
7.73973e-12
8.08072e-12
8.4054e-12
8.71456e-12
9.00893e-12
9.28923e-12
9.55613e-12
9.81027e-12
1.00523e-11
1.02827e-11
1.05021e-11
1.0711e-11
1.091e-11
1.10994e-11
1.12798e-11
1.14516e-11
1.16151e-11
1.34148e-11
1.53905e-11
1.75582e-11
1.9935e-11
2.25391e-11
2.53894e-11
2.85054e-11
3.19068e-11
3.56131e-11
3.96427e-11
4.40119e-11
4.87337e-11
5.38159e-11
5.92589e-11
6.50528e-11
7.11741e-11
7.75816e-11
8.42119e-11
9.09747e-11
9.77482e-11
1.04376e-10
1.10665e-10
1.16386e-10
1.21284e-10
1.25085e-10
1.27518e-10
1.28335e-10
1.27342e-10
1.24422e-10
1.19554e-10
1.12825e-10
1.04424e-10
9.46185e-11
8.37316e-11
7.20999e-11
6.00401e-11
4.78198e-11
3.56351e-11
2.35993e-11
1.17392e-11
-9.01681e-32
1.07845e-15
7.2888e-13
1.42215e-12
2.08235e-12
2.71106e-12
3.30975e-12
3.87985e-12
4.42271e-12
4.93963e-12
5.43185e-12
5.90053e-12
6.3468e-12
6.77173e-12
7.17635e-12
7.56161e-12
7.92845e-12
8.27774e-12
8.61033e-12
8.92702e-12
9.22856e-12
9.51568e-12
9.78908e-12
1.00494e-11
1.02973e-11
1.05333e-11
1.07581e-11
1.09721e-11
1.11759e-11
1.13699e-11
1.15547e-11
1.17306e-11
1.18982e-11
1.37416e-11
1.57652e-11
1.79854e-11
2.04198e-11
2.30867e-11
2.60056e-11
2.91962e-11
3.26788e-11
3.6473e-11
4.05974e-11
4.50686e-11
4.98993e-11
5.50971e-11
6.06618e-11
6.65823e-11
7.28337e-11
7.93726e-11
8.61326e-11
9.30197e-11
9.99078e-11
1.06635e-10
1.13002e-10
1.18774e-10
1.2369e-10
1.27471e-10
1.29842e-10
1.30555e-10
1.29419e-10
1.26322e-10
1.21252e-10
1.14306e-10
1.05683e-10
9.56625e-11
8.45744e-11
7.27614e-11
6.05434e-11
4.81879e-11
3.58893e-11
2.37575e-11
1.18146e-11
-1.24098e-32
1.42669e-15
9.64154e-13
1.88119e-12
2.75449e-12
3.5861e-12
4.37799e-12
5.13204e-12
5.85005e-12
6.53372e-12
7.1847e-12
7.80453e-12
8.3947e-12
8.95663e-12
9.49167e-12
1.00011e-11
1.04861e-11
1.0948e-11
1.13877e-11
1.18064e-11
1.2205e-11
1.25846e-11
1.2946e-11
1.32902e-11
1.36178e-11
1.39298e-11
1.42269e-11
1.45097e-11
1.47791e-11
1.50355e-11
1.52797e-11
1.55123e-11
1.57337e-11
1.81693e-11
2.08421e-11
2.37732e-11
2.6985e-11
3.05012e-11
3.43459e-11
3.85438e-11
4.31193e-11
4.80955e-11
5.34931e-11
5.93288e-11
6.56131e-11
7.23474e-11
7.95209e-11
8.7106e-11
9.50537e-11
1.03288e-10
1.11699e-10
1.20141e-10
1.28422e-10
1.36308e-10
1.43521e-10
1.49747e-10
1.54654e-10
1.5791e-10
1.59215e-10
1.58333e-10
1.55124e-10
1.4957e-10
1.41782e-10
1.31996e-10
1.20551e-10
1.07847e-10
9.43061e-11
8.03259e-11
6.6247e-11
5.23278e-11
3.87305e-11
2.55172e-11
1.26507e-11
-1.2339e-32
1.92717e-15
1.30221e-12
2.54077e-12
3.72023e-12
4.84337e-12
5.91283e-12
6.93116e-12
7.90076e-12
8.82397e-12
9.70298e-12
1.05399e-11
1.13367e-11
1.20954e-11
1.28177e-11
1.35054e-11
1.41602e-11
1.47836e-11
1.53771e-11
1.59422e-11
1.64803e-11
1.69925e-11
1.74803e-11
1.79446e-11
1.83868e-11
1.88077e-11
1.92085e-11
1.95902e-11
1.99536e-11
2.02995e-11
2.0629e-11
2.09427e-11
2.12413e-11
2.45261e-11
2.81289e-11
3.20776e-11
3.64011e-11
4.11298e-11
4.62941e-11
5.19245e-11
5.805e-11
6.46967e-11
7.1886e-11
7.96318e-11
8.79371e-11
9.679e-11
1.06158e-10
1.15984e-10
1.26176e-10
1.36601e-10
1.47083e-10
1.57389e-10
1.67233e-10
1.76276e-10
1.84136e-10
1.90403e-10
1.94673e-10
1.96578e-10
1.9583e-10
1.92262e-10
1.85852e-10
1.76746e-10
1.65239e-10
1.51755e-10
1.36794e-10
1.2088e-10
1.04511e-10
8.81159e-11
7.20269e-11
5.64651e-11
4.15375e-11
2.72404e-11
1.34648e-11
-1.24603e-32
2.59314e-15
1.75195e-12
3.41825e-12
5.00501e-12
6.51595e-12
7.95464e-12
9.32447e-12
1.06287e-11
1.18705e-11
1.30527e-11
1.41783e-11
1.52499e-11
1.62701e-11
1.72414e-11
1.81661e-11
1.90465e-11
1.98846e-11
2.06825e-11
2.14422e-11
2.21654e-11
2.28539e-11
2.35094e-11
2.41335e-11
2.47277e-11
2.52934e-11
2.5832e-11
2.63448e-11
2.68331e-11
2.72979e-11
2.77405e-11
2.81619e-11
2.85632e-11
3.29747e-11
3.78105e-11
4.31067e-11
4.89005e-11
5.52299e-11
6.21326e-11
6.96451e-11
7.78002e-11
8.66252e-11
9.61386e-11
1.06346e-10
1.17234e-10
1.28767e-10
1.40875e-10
1.53449e-10
1.66333e-10
1.79309e-10
1.92098e-10
2.04351e-10
2.15654e-10
2.2554e-10
2.33506e-10
2.39054e-10
2.4173e-10
2.4118e-10
2.37194e-10
2.2975e-10
2.19028e-10
2.05401e-10
1.89395e-10
1.71636e-10
1.52777e-10
1.33438e-10
1.14156e-10
9.53521e-11
7.73146e-11
6.02011e-11
4.40453e-11
2.87674e-11
1.41824e-11
-7.24308e-33
2.73619e-15
1.84855e-12
3.60672e-12
5.28095e-12
6.87517e-12
8.39315e-12
9.83847e-12
1.12146e-11
1.25247e-11
1.37721e-11
1.49597e-11
1.60903e-11
1.71666e-11
1.81914e-11
1.91669e-11
2.00957e-11
2.09799e-11
2.18217e-11
2.26231e-11
2.33861e-11
2.41124e-11
2.4804e-11
2.54623e-11
2.60891e-11
2.66859e-11
2.72541e-11
2.7795e-11
2.831e-11
2.88004e-11
2.92672e-11
2.97117e-11
3.0135e-11
3.47881e-11
3.98882e-11
4.54729e-11
5.15813e-11
5.82529e-11
6.55267e-11
7.34403e-11
8.2027e-11
9.1314e-11
1.01319e-10
1.12044e-10
1.23473e-10
1.35563e-10
1.48236e-10
1.61371e-10
1.74795e-10
1.88272e-10
2.01501e-10
2.14106e-10
2.25648e-10
2.35632e-10
2.43535e-10
2.48842e-10
2.51098e-10
2.49956e-10
2.45232e-10
2.36939e-10
2.25304e-10
2.10747e-10
1.9384e-10
1.75245e-10
1.55642e-10
1.35662e-10
1.15846e-10
9.66079e-11
7.82245e-11
6.08394e-11
4.44712e-11
2.90257e-11
1.43034e-11
-2.79225e-33
3.4745e-15
2.347e-12
4.57924e-12
6.70486e-12
8.72884e-12
1.0656e-11
1.24908e-11
1.42376e-11
1.59007e-11
1.7484e-11
1.89913e-11
2.04262e-11
2.17922e-11
2.30926e-11
2.43305e-11
2.5509e-11
2.66309e-11
2.76989e-11
2.87155e-11
2.96834e-11
3.06048e-11
3.1482e-11
3.2317e-11
3.3112e-11
3.38688e-11
3.45893e-11
3.52753e-11
3.59284e-11
3.65501e-11
3.71421e-11
3.77056e-11
3.82422e-11
4.41399e-11
5.06006e-11
5.76702e-11
6.53957e-11
7.38242e-11
8.30008e-11
9.29671e-11
1.03758e-10
1.15398e-10
1.27896e-10
1.4124e-10
1.55387e-10
1.70258e-10
1.85724e-10
2.01597e-10
2.17617e-10
2.33447e-10
2.48665e-10
2.62766e-10
2.75178e-10
2.85284e-10
2.92468e-10
2.96167e-10
2.95936e-10
2.91511e-10
2.82858e-10
2.70197e-10
2.53989e-10
2.34892e-10
2.13684e-10
1.91183e-10
1.68162e-10
1.45292e-10
1.23101e-10
1.01958e-10
8.20761e-11
6.35267e-11
4.62567e-11
3.01045e-11
1.48079e-11
-3.70655e-33
4.64361e-15
3.13607e-12
6.11874e-12
8.95887e-12
1.16631e-11
1.42378e-11
1.6689e-11
1.90225e-11
2.1244e-11
2.33587e-11
2.53718e-11
2.72881e-11
2.91122e-11
3.08485e-11
3.25013e-11
3.40746e-11
3.55722e-11
3.69977e-11
3.83546e-11
3.96463e-11
4.08759e-11
4.20463e-11
4.31605e-11
4.42211e-11
4.52307e-11
4.61918e-11
4.71068e-11
4.79778e-11
4.88071e-11
4.95965e-11
5.0348e-11
5.10635e-11
5.89246e-11
6.75291e-11
7.6935e-11
8.72004e-11
9.83818e-11
1.10531e-10
1.23693e-10
1.379e-10
1.53166e-10
1.69479e-10
1.86792e-10
2.05012e-10
2.23989e-10
2.43498e-10
2.63231e-10
2.82779e-10
3.01634e-10
3.19182e-10
3.34724e-10
3.47504e-10
3.56761e-10
3.61794e-10
3.62043e-10
3.5717e-10
3.47119e-10
3.32151e-10
3.1283e-10
2.89969e-10
2.64537e-10
2.37553e-10
2.09986e-10
1.82672e-10
1.56273e-10
1.31255e-10
1.07896e-10
8.63043e-11
6.645e-11
4.81849e-11
3.12632e-11
1.53478e-11
-3.87081e-33
6.18869e-15
4.17851e-12
8.15254e-12
1.19365e-11
1.55393e-11
1.89692e-11
2.22345e-11
2.53427e-11
2.83015e-11
3.11178e-11
3.37985e-11
3.63501e-11
3.87786e-11
4.10902e-11
4.32902e-11
4.53842e-11
4.73773e-11
4.92743e-11
5.10798e-11
5.27983e-11
5.4434e-11
5.59909e-11
5.74728e-11
5.88834e-11
6.02261e-11
6.15041e-11
6.27207e-11
6.38787e-11
6.49811e-11
6.60304e-11
6.70293e-11
6.79803e-11
7.84237e-11
8.98436e-11
1.02312e-10
1.15899e-10
1.3067e-10
1.46682e-10
1.63976e-10
1.82574e-10
2.02465e-10
2.23599e-10
2.4587e-10
2.69099e-10
2.93023e-10
3.17273e-10
3.41362e-10
3.64675e-10
3.8647e-10
4.05896e-10
4.22026e-10
4.3392e-10
4.40706e-10
4.4168e-10
4.36401e-10
4.24778e-10
4.0711e-10
3.84078e-10
3.56679e-10
3.26113e-10
2.93648e-10
2.60494e-10
2.27701e-10
1.96097e-10
1.6627e-10
1.38573e-10
1.13158e-10
9.00126e-11
6.89914e-11
4.98495e-11
3.22583e-11
1.58098e-11
-3.62731e-33
8.2228e-15
5.55028e-12
1.08288e-11
1.58548e-11
2.06397e-11
2.51948e-11
2.95308e-11
3.3658e-11
3.75863e-11
4.13251e-11
4.48834e-11
4.827e-11
5.14929e-11
5.45601e-11
5.74791e-11
6.02571e-11
6.29008e-11
6.54168e-11
6.78112e-11
7.00899e-11
7.22586e-11
7.43226e-11
7.62869e-11
7.81565e-11
7.99359e-11
8.16294e-11
8.32414e-11
8.47756e-11
8.62359e-11
8.7626e-11
8.89491e-11
9.02085e-11
1.04032e-10
1.19131e-10
1.35593e-10
1.53498e-10
1.7292e-10
1.93913e-10
2.16508e-10
2.40698e-10
2.66429e-10
2.9358e-10
3.21945e-10
3.51215e-10
3.80952e-10
4.10576e-10
4.39349e-10
4.66376e-10
4.9062e-10
5.10952e-10
5.26211e-10
5.35313e-10
5.37367e-10
5.318e-10
5.18461e-10
4.97686e-10
4.70283e-10
4.37466e-10
4.0071e-10
3.61588e-10
3.2161e-10
2.82093e-10
2.44078e-10
2.08307e-10
1.7523e-10
1.45049e-10
1.17766e-10
9.32301e-11
7.118e-11
5.12743e-11
3.31062e-11
1.62024e-11
-3.3814e-33
1.0892e-14
7.34938e-12
1.43388e-11
2.09933e-11
2.73283e-11
3.33586e-11
3.90983e-11
4.4561e-11
4.97598e-11
5.47072e-11
5.94152e-11
6.38953e-11
6.81584e-11
7.2215e-11
7.6075e-11
7.97479e-11
8.32429e-11
8.65685e-11
8.9733e-11
9.27442e-11
9.56096e-11
9.83363e-11
1.00931e-10
1.034e-10
1.0575e-10
1.07986e-10
1.10114e-10
1.1214e-10
1.14067e-10
1.15902e-10
1.17648e-10
1.1931e-10
1.37539e-10
1.57424e-10
1.79065e-10
2.02555e-10
2.27966e-10
2.55339e-10
2.84676e-10
3.15921e-10
3.48937e-10
3.8349e-10
4.19217e-10
4.55605e-10
4.91964e-10
5.27413e-10
5.60875e-10
5.91097e-10
6.16697e-10
6.36251e-10
6.48408e-10
6.52041e-10
6.46402e-10
6.31255e-10
6.06957e-10
5.74462e-10
5.35229e-10
4.91063e-10
4.43909e-10
3.95644e-10
3.47918e-10
3.02043e-10
2.58958e-10
2.19239e-10
1.83152e-10
1.50713e-10
1.21758e-10
9.59955e-11
7.3049e-11
5.2485e-11
3.38239e-11
1.6534e-11
-3.13846e-33
1.43837e-14
9.70148e-12
1.89274e-11
2.77109e-11
3.6072e-11
4.40301e-11
5.16038e-11
5.88112e-11
6.56695e-11
7.21951e-11
7.84041e-11
8.43115e-11
8.99319e-11
9.52792e-11
1.00366e-10
1.05206e-10
1.09811e-10
1.14192e-10
1.1836e-10
1.22325e-10
1.26098e-10
1.29687e-10
1.33103e-10
1.36352e-10
1.39444e-10
1.42386e-10
1.45186e-10
1.4785e-10
1.50385e-10
1.52798e-10
1.55093e-10
1.57278e-10
1.81225e-10
2.07305e-10
2.35632e-10
2.66301e-10
2.99372e-10
3.34856e-10
3.72696e-10
4.12743e-10
4.54732e-10
4.98243e-10
5.42675e-10
5.87216e-10
6.30817e-10
6.72188e-10
7.09816e-10
7.42021e-10
7.67052e-10
7.8323e-10
7.89131e-10
7.83774e-10
7.66798e-10
7.38568e-10
7.00192e-10
6.53417e-10
6.00438e-10
5.43645e-10
4.85369e-10
4.2767e-10
3.72202e-10
3.20155e-10
2.72269e-10
2.28894e-10
1.9007e-10
1.55612e-10
1.25184e-10
9.83531e-11
7.46337e-11
5.35071e-11
3.4428e-11
1.68124e-11
-2.90242e-33
1.89373e-14
1.27667e-11
2.49072e-11
3.64646e-11
4.74653e-11
5.79345e-11
6.78968e-11
7.73758e-11
8.63942e-11
9.49738e-11
1.03136e-10
1.109e-10
1.18285e-10
1.2531e-10
1.31992e-10
1.38348e-10
1.44394e-10
1.50145e-10
1.55615e-10
1.60819e-10
1.65769e-10
1.70477e-10
1.74957e-10
1.79218e-10
1.83272e-10
1.87128e-10
1.90798e-10
1.94289e-10
1.9761e-10
2.0077e-10
2.03777e-10
2.06639e-10
2.37973e-10
2.72035e-10
3.08945e-10
3.48787e-10
3.91587e-10
4.37295e-10
4.8575e-10
5.36654e-10
5.89526e-10
6.43671e-10
6.98135e-10
7.51677e-10
8.02759e-10
8.49562e-10
8.90045e-10
9.22061e-10
9.43525e-10
9.52633e-10
9.48103e-10
9.29392e-10
8.96849e-10
8.51744e-10
7.96155e-10
7.32741e-10
6.64433e-10
5.94113e-10
5.24349e-10
4.57218e-10
3.94232e-10
3.36342e-10
2.84012e-10
2.37316e-10
1.96048e-10
1.59812e-10
1.281e-10
1.00349e-10
7.59689e-11
5.43651e-11
3.49337e-11
1.70451e-11
-2.67604e-33
2.4856e-14
1.67475e-11
3.26728e-11
4.78321e-11
6.22596e-11
7.59883e-11
8.90502e-11
1.01476e-10
1.13296e-10
1.24539e-10
1.35232e-10
1.45402e-10
1.55073e-10
1.64271e-10
1.73018e-10
1.81336e-10
1.89246e-10
1.96769e-10
2.03923e-10
2.10726e-10
2.17197e-10
2.23351e-10
2.29204e-10
2.34771e-10
2.40065e-10
2.45102e-10
2.49892e-10
2.54449e-10
2.58784e-10
2.62908e-10
2.66832e-10
2.70564e-10
3.11397e-10
3.55688e-10
4.03549e-10
4.55032e-10
5.10095e-10
5.68573e-10
6.30134e-10
6.94239e-10
7.60084e-10
8.26561e-10
8.9221e-10
9.55207e-10
1.01337e-09
1.06423e-09
1.10516e-09
1.13357e-09
1.14717e-09
1.14429e-09
1.12412e-09
1.08695e-09
1.03423e-09
9.68399e-10
8.9268e-10
8.10656e-10
7.25886e-10
6.41567e-10
5.60304e-10
4.84009e-10
4.13906e-10
3.50608e-10
2.94244e-10
2.44585e-10
2.01165e-10
1.63381e-10
1.30565e-10
1.02027e-10
7.70877e-11
5.50819e-11
3.53552e-11
1.72388e-11
-2.46115e-33
3.25199e-14
2.18972e-11
4.27182e-11
6.25361e-11
8.13949e-11
9.93376e-11
1.16406e-10
1.3264e-10
1.48079e-10
1.6276e-10
1.76721e-10
1.89995e-10
2.02615e-10
2.14614e-10
2.26021e-10
2.36867e-10
2.47178e-10
2.56982e-10
2.66303e-10
2.75164e-10
2.8359e-10
2.91602e-10
2.99219e-10
3.06463e-10
3.13351e-10
3.19902e-10
3.26131e-10
3.32056e-10
3.3769e-10
3.4305e-10
3.48147e-10
3.52996e-10
4.05976e-10
4.63296e-10
5.25039e-10
5.91183e-10
6.61564e-10
7.35825e-10
8.13362e-10
8.93264e-10
9.7425e-10
1.05462e-09
1.13221e-09
1.20444e-09
1.26831e-09
1.32062e-09
1.35815e-09
1.37801e-09
1.37799e-09
1.35693e-09
1.31499e-09
1.25375e-09
1.17612e-09
1.08595e-09
9.87624e-10
8.8555e-10
7.83702e-10
6.85346e-10
5.92897e-10
5.07921e-10
4.31231e-10
3.63027e-10
3.03065e-10
2.50798e-10
2.05508e-10
1.66393e-10
1.32634e-10
1.03431e-10
7.80205e-11
5.56781e-11
3.57052e-11
1.73994e-11
-2.25883e-33
4.24004e-14
2.85292e-11
5.56546e-11
8.14705e-11
1.06034e-10
1.29399e-10
1.51622e-10
1.72753e-10
1.92845e-10
2.11946e-10
2.30103e-10
2.47363e-10
2.63768e-10
2.79361e-10
2.94181e-10
3.08266e-10
3.21654e-10
3.34378e-10
3.46472e-10
3.57967e-10
3.68894e-10
3.7928e-10
3.89153e-10
3.98539e-10
4.07461e-10
4.15944e-10
4.2401e-10
4.31678e-10
4.3897e-10
4.45903e-10
4.52497e-10
4.58767e-10
5.27184e-10
6.0099e-10
6.80196e-10
7.64648e-10
8.53973e-10
9.4751e-10
1.04424e-09
1.14269e-09
1.2409e-09
1.33635e-09
1.42595e-09
1.50612e-09
1.57296e-09
1.62248e-09
1.65101e-09
1.65565e-09
1.63471e-09
1.58813e-09
1.5176e-09
1.42649e-09
1.31943e-09
1.2018e-09
1.07903e-09
9.56088e-10
8.37073e-10
7.25037e-10
6.21981e-10
5.28967e-10
4.463e-10
3.73721e-10
3.10595e-10
2.56066e-10
2.09169e-10
1.6892e-10
1.34363e-10
1.046e-10
7.87949e-11
5.61719e-11
3.59946e-11
1.75322e-11
-2.06959e-33
5.50739e-14
3.70255e-11
7.22267e-11
1.05725e-10
1.37592e-10
1.67899e-10
1.96717e-10
2.24114e-10
2.50155e-10
2.74904e-10
2.98423e-10
3.20772e-10
3.42008e-10
3.62185e-10
3.81355e-10
3.99569e-10
4.16875e-10
4.33317e-10
4.4894e-10
4.63784e-10
4.77889e-10
4.91293e-10
5.0403e-10
5.16134e-10
5.27638e-10
5.38572e-10
5.48964e-10
5.58842e-10
5.68232e-10
5.77159e-10
5.85645e-10
5.93714e-10
6.81614e-10
7.76121e-10
8.77108e-10
9.84202e-10
1.09669e-09
1.21346e-09
1.33284e-09
1.4526e-09
1.5698e-09
1.68082e-09
1.78139e-09
1.86677e-09
1.93202e-09
1.97251e-09
1.98441e-09
1.9653e-09
1.91471e-09
1.83436e-09
1.72809e-09
1.60146e-09
1.46104e-09
1.31357e-09
1.16526e-09
1.02127e-09
8.85489e-10
7.60459e-10
6.4757e-10
5.47259e-10
4.59262e-10
3.8284e-10
3.16971e-10
2.60498e-10
2.12233e-10
1.71026e-10
1.358e-10
1.05568e-10
7.94353e-11
5.65796e-11
3.62332e-11
1.76415e-11
-1.89352e-33
7.12339e-14
4.78444e-11
9.33281e-11
1.36605e-10
1.77768e-10
2.16907e-10
2.54113e-10
2.89473e-10
3.23073e-10
3.54996e-10
3.85321e-10
4.14127e-10
4.41487e-10
4.67474e-10
4.92154e-10
5.15594e-10
5.37856e-10
5.59e-10
5.79082e-10
5.98156e-10
6.16273e-10
6.33483e-10
6.49831e-10
6.65362e-10
6.80117e-10
6.94136e-10
7.07456e-10
7.20113e-10
7.32141e-10
7.43573e-10
7.54437e-10
7.64764e-10
8.77058e-10
9.97334e-10
1.12523e-09
1.26003e-09
1.40049e-09
1.54481e-09
1.69044e-09
1.83403e-09
1.97134e-09
2.09732e-09
2.20627e-09
2.29212e-09
2.349e-09
2.37188e-09
2.35731e-09
2.30416e-09
2.21398e-09
2.09109e-09
1.94207e-09
1.77492e-09
1.59804e-09
1.41924e-09
1.24507e-09
1.08047e-09
9.28722e-10
7.91627e-10
6.69802e-10
5.62981e-10
4.70303e-10
3.9055e-10
3.22328e-10
2.64204e-10
2.14785e-10
1.72774e-10
1.36988e-10
1.06368e-10
7.99627e-11
5.69149e-11
3.64292e-11
1.77312e-11
-1.7304e-33
9.16994e-14
6.15253e-11
1.2001e-10
1.75649e-10
2.28559e-10
2.78855e-10
3.26653e-10
3.72065e-10
4.15201e-10
4.56168e-10
4.9507e-10
5.32007e-10
5.67076e-10
6.00369e-10
6.31976e-10
6.61982e-10
6.90467e-10
7.17509e-10
7.43181e-10
7.67555e-10
7.90697e-10
8.12671e-10
8.33536e-10
8.53349e-10
8.72166e-10
8.90037e-10
9.07012e-10
9.23135e-10
9.38452e-10
9.53004e-10
9.6683e-10
9.79967e-10
1.12254e-09
1.27459e-09
1.43539e-09
1.60367e-09
1.77745e-09
1.9539e-09
2.12925e-09
2.29862e-09
2.4561e-09
2.59487e-09
2.70753e-09
2.78669e-09
2.82575e-09
2.81988e-09
2.76685e-09
2.66781e-09
2.52736e-09
2.35318e-09
2.155e-09
1.94328e-09
1.72791e-09
1.51726e-09
1.31766e-09
1.13338e-09
9.66778e-10
8.18705e-10
6.88903e-10
5.76363e-10
4.79628e-10
3.97019e-10
3.26799e-10
2.67283e-10
2.16898e-10
1.74216e-10
1.37967e-10
1.07025e-10
8.03957e-11
5.71898e-11
3.65898e-11
1.78047e-11
-1.5798e-33
1.17417e-13
7.8689e-11
1.53482e-10
2.24624e-10
2.92262e-10
3.56541e-10
4.17608e-10
4.75604e-10
5.30673e-10
5.82951e-10
6.32572e-10
6.79665e-10
7.24356e-10
7.66763e-10
8.07004e-10
8.45186e-10
8.81417e-10
9.15796e-10
9.48418e-10
9.79376e-10
1.00875e-09
1.03664e-09
1.0631e-09
1.08822e-09
1.11207e-09
1.1347e-09
1.1562e-09
1.17661e-09
1.19599e-09
1.21439e-09
1.23187e-09
1.24847e-09
1.42825e-09
1.61907e-09
1.81964e-09
2.02787e-09
2.24071e-09
2.45393e-09
2.66204e-09
2.85822e-09
3.03439e-09
3.18164e-09
3.29075e-09
3.35315e-09
3.36206e-09
3.3137e-09
3.20827e-09
3.05039e-09
2.84879e-09
2.61516e-09
2.36252e-09
2.10343e-09
1.84871e-09
1.60659e-09
1.38264e-09
1.18e-09
9.99853e-10
8.41966e-10
7.05151e-10
5.87654e-10
4.87442e-10
4.0241e-10
3.30509e-10
2.69828e-10
2.18639e-10
1.75402e-10
1.3877e-10
1.07563e-10
8.07499e-11
5.74144e-11
3.6721e-11
1.78647e-11
-1.44117e-33
1.49454e-13
1.00033e-10
1.95103e-10
2.85518e-10
3.71457e-10
4.53104e-10
5.30643e-10
6.04255e-10
6.74121e-10
7.40416e-10
8.03312e-10
8.62975e-10
9.19564e-10
9.73236e-10
1.02414e-09
1.07241e-09
1.11819e-09
1.16161e-09
1.20279e-09
1.24185e-09
1.27889e-09
1.31403e-09
1.34737e-09
1.379e-09
1.40901e-09
1.43749e-09
1.46451e-09
1.49016e-09
1.51451e-09
1.53762e-09
1.55956e-09
1.58039e-09
1.80542e-09
2.04302e-09
2.29105e-09
2.54628e-09
2.80415e-09
3.05853e-09
3.30169e-09
3.52426e-09
3.7156e-09
3.86437e-09
3.95959e-09
3.99193e-09
3.95533e-09
3.84834e-09
3.67504e-09
3.44492e-09
3.17178e-09
2.8717e-09
2.56072e-09
2.25289e-09
1.95908e-09
1.6867e-09
1.43996e-09
1.22054e-09
1.02827e-09
8.61748e-10
7.1885e-10
5.97104e-10
4.93945e-10
4.06875e-10
3.33569e-10
2.71921e-10
2.20067e-10
1.76373e-10
1.39426e-10
1.08003e-10
8.10386e-11
5.75974e-11
3.68277e-11
1.79135e-11
-1.31385e-33
1.8898e-13
1.26318e-10
2.46356e-10
3.60494e-10
4.68954e-10
5.71963e-10
6.69753e-10
7.62551e-10
8.50586e-10
9.34081e-10
1.01325e-09
1.08832e-09
1.15947e-09
1.22692e-09
1.29086e-09
1.35145e-09
1.40889e-09
1.46333e-09
1.51493e-09
1.56385e-09
1.61023e-09
1.65419e-09
1.69588e-09
1.73541e-09
1.77289e-09
1.80845e-09
1.84217e-09
1.87416e-09
1.90452e-09
1.93332e-09
1.96065e-09
1.98659e-09
2.26602e-09
2.55937e-09
2.86331e-09
3.17301e-09
3.48186e-09
3.78123e-09
4.06048e-09
4.30714e-09
4.50751e-09
4.64772e-09
4.71526e-09
4.70088e-09
4.60052e-09
4.41676e-09
4.15925e-09
3.84375e-09
3.48984e-09
3.11794e-09
2.74643e-09
2.38988e-09
2.05829e-09
1.75748e-09
1.48987e-09
1.2554e-09
1.05244e-09
8.7842e-10
7.30307e-10
6.04959e-10
4.99321e-10
4.10551e-10
3.3608e-10
2.73634e-10
2.21233e-10
1.77165e-10
1.39961e-10
1.0836e-10
8.12731e-11
5.77459e-11
3.69143e-11
1.7953e-11
-1.19714e-33
2.37237e-13
1.58347e-10
3.08805e-10
4.51838e-10
5.87718e-10
7.16726e-10
8.39147e-10
9.55267e-10
1.06537e-09
1.16975e-09
1.26866e-09
1.36239e-09
1.45119e-09
1.53531e-09
1.615e-09
1.69049e-09
1.76199e-09
1.82972e-09
1.89389e-09
1.95468e-09
2.01227e-09
2.06684e-09
2.11855e-09
2.16756e-09
2.21401e-09
2.25805e-09
2.29979e-09
2.33937e-09
2.37691e-09
2.41251e-09
2.44627e-09
2.4783e-09
2.82237e-09
3.18131e-09
3.5502e-09
3.92204e-09
4.2875e-09
4.63473e-09
4.94946e-09
5.21549e-09
5.41569e-09
5.53372e-09
5.55616e-09
5.47508e-09
5.2902e-09
5.01016e-09
4.65205e-09
4.2391e-09
3.79696e-09
3.34981e-09
2.91732e-09
2.51338e-09
2.14615e-09
1.81921e-09
1.53281e-09
1.28506e-09
1.07281e-09
8.92357e-10
7.3982e-10
6.11444e-10
5.0374e-10
4.13561e-10
3.3813e-10
2.7503e-10
2.22181e-10
1.77807e-10
1.40394e-10
1.08649e-10
8.14629e-11
5.7866e-11
3.69843e-11
1.7985e-11
-1.09031e-33
2.95495e-13
1.96937e-10
3.84038e-10
5.6187e-10
7.30759e-10
8.91049e-10
1.04309e-09
1.18724e-09
1.32385e-09
1.45328e-09
1.57587e-09
1.69196e-09
1.80188e-09
1.90595e-09
2.00447e-09
2.09773e-09
2.18601e-09
2.26959e-09
2.34871e-09
2.42363e-09
2.49456e-09
2.56173e-09
2.62534e-09
2.68558e-09
2.74266e-09
2.79673e-09
2.84796e-09
2.89651e-09
2.94252e-09
2.98614e-09
3.0275e-09
3.06671e-09
3.48659e-09
3.92172e-09
4.36498e-09
4.80655e-09
5.23359e-09
5.63019e-09
5.97768e-09
6.25551e-09
6.44294e-09
6.52143e-09
6.47774e-09
6.30697e-09
6.01491e-09
5.61856e-09
5.14426e-09
4.62355e-09
4.08792e-09
3.56421e-09
3.07195e-09
2.62303e-09
2.2229e-09
1.87239e-09
1.56938e-09
1.31006e-09
1.08984e-09
9.03921e-10
7.47665e-10
6.16765e-10
5.0735e-10
4.16012e-10
3.39795e-10
2.7616e-10
2.22948e-10
1.78327e-10
1.40743e-10
1.08882e-10
8.16159e-11
5.79627e-11
3.70406e-11
1.80107e-11
-7.80808e-34
3.31554e-13
2.20786e-10
4.30531e-10
6.29862e-10
8.19138e-10
9.9874e-10
1.16906e-09
1.3305e-09
1.48345e-09
1.62832e-09
1.76549e-09
1.89534e-09
2.01825e-09
2.13457e-09
2.24465e-09
2.34882e-09
2.4474e-09
2.54069e-09
2.62898e-09
2.71253e-09
2.79162e-09
2.86649e-09
2.93737e-09
3.00448e-09
3.06803e-09
3.12822e-09
3.18523e-09
3.23924e-09
3.29041e-09
3.33891e-09
3.38488e-09
3.42845e-09
3.89422e-09
4.37511e-09
4.86252e-09
5.34478e-09
5.80682e-09
6.23015e-09
6.59336e-09
6.87335e-09
7.04738e-09
7.09601e-09
7.00667e-09
6.77703e-09
6.41723e-09
5.9498e-09
5.40678e-09
4.82438e-09
4.23692e-09
3.67204e-09
3.14849e-09
2.67657e-09
2.25994e-09
1.89781e-09
1.58672e-09
1.32183e-09
1.0978e-09
9.09301e-10
7.51299e-10
6.19221e-10
5.09011e-10
4.17137e-10
3.40558e-10
2.76678e-10
2.23299e-10
1.78564e-10
1.40903e-10
1.08989e-10
8.16856e-11
5.80068e-11
3.70663e-11
1.80225e-11
-1.49835e-32
3.61268e-13
2.40427e-10
4.68819e-10
6.85852e-10
8.91914e-10
1.08742e-09
1.27278e-09
1.44845e-09
1.61484e-09
1.77241e-09
1.92157e-09
2.06274e-09
2.19632e-09
2.32271e-09
2.4423e-09
2.55543e-09
2.66246e-09
2.76372e-09
2.85952e-09
2.95017e-09
3.03595e-09
3.11713e-09
3.19397e-09
3.2667e-09
3.33556e-09
3.40076e-09
3.46251e-09
3.52099e-09
3.57639e-09
3.62888e-09
3.67862e-09
3.72576e-09
4.22903e-09
4.74717e-09
5.27037e-09
5.78541e-09
6.27532e-09
6.71948e-09
7.09425e-09
7.37445e-09
7.53578e-09
7.5582e-09
7.42988e-09
7.15081e-09
6.73488e-09
6.20931e-09
5.61076e-09
4.97915e-09
4.35084e-09
3.75389e-09
3.20623e-09
2.71676e-09
2.28764e-09
1.91675e-09
1.59959e-09
1.33055e-09
1.10369e-09
9.13278e-10
7.53982e-10
6.21033e-10
5.10236e-10
4.17967e-10
3.4112e-10
2.77059e-10
2.23557e-10
1.78738e-10
1.4102e-10
1.09067e-10
8.17368e-11
5.80392e-11
3.70851e-11
1.80311e-11
-4.46251e-32
4.09966e-13
2.72614e-10
5.31565e-10
7.77609e-10
1.01118e-09
1.23273e-09
1.44275e-09
1.64173e-09
1.83016e-09
2.00853e-09
2.17733e-09
2.33704e-09
2.48812e-09
2.63101e-09
2.76616e-09
2.89397e-09
3.01485e-09
3.12916e-09
3.23729e-09
3.33955e-09
3.43629e-09
3.52781e-09
3.61441e-09
3.69635e-09
3.7739e-09
3.84731e-09
3.91681e-09
3.98262e-09
4.04493e-09
4.10396e-09
4.15988e-09
4.21286e-09
4.7775e-09
5.3566e-09
5.93834e-09
6.50691e-09
7.04226e-09
7.52027e-09
7.91363e-09
8.19375e-09
8.33381e-09
8.31281e-09
8.12017e-09
7.75974e-09
7.25164e-09
6.63076e-09
5.94142e-09
5.22952e-09
4.53477e-09
3.8858e-09
3.29915e-09
2.78136e-09
2.33212e-09
1.94716e-09
1.62028e-09
1.34457e-09
1.11317e-09
9.19684e-10
7.58311e-10
6.23959e-10
5.12218e-10
4.1931e-10
3.4203e-10
2.77677e-10
2.23976e-10
1.79021e-10
1.41211e-10
1.09194e-10
8.18201e-11
5.80919e-11
3.71158e-11
1.80451e-11
-5.71091e-32
4.38846e-13
2.91704e-10
5.6878e-10
8.3203e-10
1.08191e-09
1.31892e-09
1.54357e-09
1.75637e-09
1.95787e-09
2.14858e-09
2.32904e-09
2.49975e-09
2.6612e-09
2.81389e-09
2.95827e-09
3.09479e-09
3.22388e-09
3.34595e-09
3.46138e-09
3.57054e-09
3.67378e-09
3.77144e-09
3.86383e-09
3.95123e-09
4.03395e-09
4.11223e-09
4.18633e-09
4.25648e-09
4.32291e-09
4.38581e-09
4.4454e-09
4.50185e-09
5.10293e-09
5.71825e-09
6.33479e-09
6.93522e-09
7.49766e-09
7.9959e-09
8.40046e-09
8.68072e-09
8.80834e-09
8.76172e-09
8.53102e-09
8.12233e-09
7.55948e-09
6.8819e-09
6.1385e-09
5.37875e-09
4.64439e-09
3.9644e-09
3.35451e-09
2.81984e-09
2.35861e-09
1.96527e-09
1.6326e-09
1.35293e-09
1.11883e-09
9.23511e-10
7.609e-10
6.25713e-10
5.13406e-10
4.20116e-10
3.42578e-10
2.78048e-10
2.24227e-10
1.79191e-10
1.41325e-10
1.0927e-10
8.18702e-11
5.81236e-11
3.71343e-11
1.80535e-11
-5.19432e-32
4.50933e-13
2.99699e-10
5.84365e-10
8.54822e-10
1.11154e-09
1.35502e-09
1.58579e-09
1.8044e-09
2.01137e-09
2.20726e-09
2.3926e-09
2.56792e-09
2.73373e-09
2.89053e-09
3.03879e-09
3.17897e-09
3.31151e-09
3.43683e-09
3.55533e-09
3.66739e-09
3.77337e-09
3.87361e-09
3.96844e-09
4.05815e-09
4.14303e-09
4.22337e-09
4.2994e-09
4.37139e-09
4.43954e-09
4.50409e-09
4.56522e-09
4.62313e-09
5.23961e-09
5.87028e-09
6.50163e-09
7.11572e-09
7.68991e-09
8.19712e-09
8.60695e-09
8.88791e-09
9.01097e-09
8.95424e-09
8.70809e-09
8.27949e-09
7.69373e-09
6.99216e-09
6.2256e-09
5.44514e-09
4.69344e-09
3.99974e-09
3.37949e-09
2.83724e-09
2.37061e-09
1.97348e-09
1.63819e-09
1.35671e-09
1.12139e-09
9.25244e-10
7.62073e-10
6.26507e-10
5.13945e-10
4.20481e-10
3.42826e-10
2.78217e-10
2.24342e-10
1.79269e-10
1.41378e-10
1.09305e-10
8.18933e-11
5.81382e-11
3.71428e-11
1.80574e-11
-4.72327e-32
4.49487e-13
2.98752e-10
5.82519e-10
8.52125e-10
1.10804e-09
1.35076e-09
1.58081e-09
1.79873e-09
2.00507e-09
2.20036e-09
2.38514e-09
2.55993e-09
2.72524e-09
2.88156e-09
3.02938e-09
3.16915e-09
3.3013e-09
3.42626e-09
3.54441e-09
3.65615e-09
3.76183e-09
3.86179e-09
3.95634e-09
4.0458e-09
4.13045e-09
4.21056e-09
4.28639e-09
4.35818e-09
4.42615e-09
4.49052e-09
4.55149e-09
4.60925e-09
5.22415e-09
5.85333e-09
6.48338e-09
7.09644e-09
7.66999e-09
8.17705e-09
8.58733e-09
8.8694e-09
8.99425e-09
8.93989e-09
8.69653e-09
8.27088e-09
7.68794e-09
6.98879e-09
6.22405e-09
5.44478e-09
4.69372e-09
4.00027e-09
3.38002e-09
2.83768e-09
2.37093e-09
1.9737e-09
1.63833e-09
1.3568e-09
1.12145e-09
9.25275e-10
7.62092e-10
6.26519e-10
5.13952e-10
4.20487e-10
3.4283e-10
2.78219e-10
2.24344e-10
1.79271e-10
1.41379e-10
1.09306e-10
8.1894e-11
5.81388e-11
3.71432e-11
1.80576e-11
-4.29405e-32
4.37669e-13
2.90949e-10
5.6731e-10
8.29885e-10
1.07913e-09
1.31554e-09
1.53963e-09
1.75191e-09
1.95291e-09
2.14317e-09
2.3232e-09
2.49351e-09
2.65459e-09
2.80694e-09
2.951e-09
3.08723e-09
3.21604e-09
3.33785e-09
3.45305e-09
3.56199e-09
3.66503e-09
3.7625e-09
3.85471e-09
3.94196e-09
4.02453e-09
4.10267e-09
4.17664e-09
4.24667e-09
4.31299e-09
4.37579e-09
4.43528e-09
4.49164e-09
5.0919e-09
5.70664e-09
6.32294e-09
6.9236e-09
7.48687e-09
7.98664e-09
8.39348e-09
8.67678e-09
8.80804e-09
8.76543e-09
8.53869e-09
8.13344e-09
7.57304e-09
6.89664e-09
6.15305e-09
5.39198e-09
4.65558e-09
3.97329e-09
3.36121e-09
2.82467e-09
2.36198e-09
1.96756e-09
1.63412e-09
1.35393e-09
1.11949e-09
9.23938e-10
7.61181e-10
6.25899e-10
5.13532e-10
4.20201e-10
3.42636e-10
2.78088e-10
2.24255e-10
1.79211e-10
1.41339e-10
1.0928e-10
8.18767e-11
5.81279e-11
3.71369e-11
1.80548e-11
-3.90318e-32
4.18324e-13
2.78171e-10
5.424e-10
7.93459e-10
1.03179e-09
1.25786e-09
1.47216e-09
1.67519e-09
1.86746e-09
2.04947e-09
2.22171e-09
2.38467e-09
2.53882e-09
2.68463e-09
2.82253e-09
2.95294e-09
3.07628e-09
3.19292e-09
3.30324e-09
3.40759e-09
3.5063e-09
3.59968e-09
3.68803e-09
3.77164e-09
3.85077e-09
3.92567e-09
3.99658e-09
4.06372e-09
4.12731e-09
4.18753e-09
4.24458e-09
4.29864e-09
4.87473e-09
5.46552e-09
6.05895e-09
6.63883e-09
7.18466e-09
7.67173e-09
8.07208e-09
8.3564e-09
8.49717e-09
8.47283e-09
8.27251e-09
7.90018e-09
7.3766e-09
6.73779e-09
6.02956e-09
5.29932e-09
4.58807e-09
3.92518e-09
3.32745e-09
2.80122e-09
2.3458e-09
1.95645e-09
1.62652e-09
1.34873e-09
1.11594e-09
9.21522e-10
7.59536e-10
6.24781e-10
5.12771e-10
4.19685e-10
3.42285e-10
2.77851e-10
2.24095e-10
1.79102e-10
1.41266e-10
1.09231e-10
8.18452e-11
5.81081e-11
3.71254e-11
1.80495e-11
-3.5474e-32
3.9388e-13
2.62019e-10
5.10913e-10
7.47414e-10
9.71941e-10
1.18494e-09
1.38687e-09
1.57821e-09
1.75942e-09
1.93099e-09
2.09338e-09
2.24705e-09
2.39243e-09
2.52996e-09
2.66006e-09
2.78311e-09
2.89951e-09
3.00961e-09
3.11376e-09
3.21228e-09
3.3055e-09
3.3937e-09
3.47717e-09
3.55617e-09
3.63094e-09
3.70173e-09
3.76876e-09
3.83224e-09
3.89236e-09
3.94931e-09
4.00327e-09
4.05441e-09
4.5998e-09
5.16015e-09
5.72439e-09
6.27767e-09
6.80103e-09
7.27153e-09
7.66305e-09
7.94797e-09
8.10003e-09
8.09809e-09
7.93059e-09
7.59948e-09
7.12233e-09
6.53125e-09
5.8682e-09
5.17764e-09
4.49898e-09
3.86142e-09
3.28255e-09
2.76994e-09
2.32417e-09
1.94157e-09
1.61632e-09
1.34175e-09
1.11118e-09
9.18279e-10
7.57328e-10
6.23278e-10
5.11749e-10
4.1899e-10
3.41814e-10
2.77531e-10
2.23878e-10
1.78956e-10
1.41168e-10
1.09166e-10
8.18025e-11
5.80812e-11
3.71098e-11
1.80424e-11
-3.22372e-32
3.66311e-13
2.43796e-10
4.7539e-10
6.95467e-10
9.04422e-10
1.10267e-09
1.29064e-09
1.46878e-09
1.63752e-09
1.79731e-09
1.94858e-09
2.09175e-09
2.22723e-09
2.35542e-09
2.4767e-09
2.59145e-09
2.7e-09
2.80271e-09
2.89989e-09
2.99184e-09
3.07885e-09
3.16119e-09
3.23914e-09
3.31292e-09
3.38277e-09
3.44891e-09
3.51155e-09
3.57088e-09
3.62709e-09
3.68034e-09
3.7308e-09
3.77863e-09
4.28926e-09
4.8151e-09
5.3462e-09
5.86916e-09
6.36677e-09
6.8181e-09
7.19908e-09
7.48405e-09
7.64816e-09
7.67084e-09
7.53981e-09
7.25483e-09
6.82992e-09
6.29284e-09
5.68119e-09
5.03603e-09
4.39488e-09
3.78664e-09
3.22971e-09
2.73304e-09
2.2986e-09
1.92395e-09
1.60423e-09
1.33348e-09
1.10553e-09
9.14423e-10
7.54701e-10
6.2149e-10
5.10533e-10
4.18163e-10
3.41252e-10
2.77149e-10
2.2362e-10
1.78782e-10
1.41051e-10
1.09088e-10
8.17516e-11
5.80491e-11
3.70912e-11
1.8034e-11
-2.92933e-32
3.37159e-13
2.24523e-10
4.37819e-10
6.40525e-10
8.33007e-10
1.01565e-09
1.18886e-09
1.35303e-09
1.50858e-09
1.65591e-09
1.7954e-09
1.92746e-09
2.05246e-09
2.17076e-09
2.28271e-09
2.38866e-09
2.48892e-09
2.58379e-09
2.67358e-09
2.75857e-09
2.839e-09
2.91515e-09
2.98724e-09
3.05549e-09
3.12013e-09
3.18135e-09
3.23933e-09
3.29427e-09
3.34632e-09
3.39565e-09
3.4424e-09
3.48672e-09
3.96048e-09
4.44964e-09
4.94546e-09
5.43606e-09
5.90608e-09
6.33666e-09
6.70597e-09
6.99036e-09
7.16657e-09
7.21464e-09
7.12162e-09
6.88503e-09
6.51522e-09
6.03537e-09
5.47848e-09
4.88193e-09
4.28117e-09
3.70467e-09
3.17161e-09
2.69236e-09
2.27036e-09
1.90446e-09
1.59083e-09
1.3243e-09
1.09925e-09
9.1014e-10
7.51781e-10
6.19501e-10
5.09179e-10
4.17242e-10
3.40626e-10
2.76725e-10
2.23332e-10
1.78587e-10
1.4092e-10
1.09001e-10
8.16948e-11
5.80133e-11
3.70704e-11
1.80245e-11
-1.37929e-32
3.07878e-13
2.05155e-10
4.00061e-10
5.85307e-10
7.61231e-10
9.28191e-10
1.08655e-09
1.23668e-09
1.37896e-09
1.51374e-09
1.6414e-09
1.76228e-09
1.87672e-09
1.98507e-09
2.08762e-09
2.1847e-09
2.2766e-09
2.36358e-09
2.44593e-09
2.52389e-09
2.59769e-09
2.66758e-09
2.73376e-09
2.79644e-09
2.85581e-09
2.91205e-09
2.96534e-09
3.01584e-09
3.06369e-09
3.10905e-09
3.15206e-09
3.19283e-09
3.62927e-09
4.0812e-09
4.54107e-09
4.99849e-09
5.43993e-09
5.84862e-09
6.20495e-09
6.48737e-09
6.67424e-09
6.74639e-09
6.69032e-09
6.5015e-09
6.18676e-09
5.76474e-09
5.26381e-09
4.71752e-09
4.15898e-09
3.61601e-09
3.10843e-09
2.64792e-09
2.23938e-09
1.88301e-09
1.57605e-09
1.31415e-09
1.09231e-09
9.05393e-10
7.48541e-10
6.17292e-10
5.07675e-10
4.16218e-10
3.3993e-10
2.76252e-10
2.23012e-10
1.78371e-10
1.40775e-10
1.08904e-10
8.16315e-11
5.79734e-11
3.70472e-11
1.80139e-11
3.18277e-34
2.79249e-13
1.86202e-10
3.63111e-10
5.31268e-10
6.90984e-10
8.42585e-10
9.86406e-10
1.12278e-09
1.25205e-09
1.37454e-09
1.49059e-09
1.6005e-09
1.70459e-09
1.80316e-09
1.89649e-09
1.98486e-09
2.06853e-09
2.14776e-09
2.22279e-09
2.29383e-09
2.36111e-09
2.42484e-09
2.4852e-09
2.54238e-09
2.59656e-09
2.6479e-09
2.69655e-09
2.74267e-09
2.78638e-09
2.82783e-09
2.86713e-09
2.90439e-09
3.30388e-09
3.71878e-09
4.14266e-09
4.56655e-09
4.97866e-09
5.36425e-09
5.70586e-09
5.98408e-09
6.17896e-09
6.27228e-09
6.25028e-09
6.10674e-09
5.84528e-09
5.48029e-09
5.03555e-09
4.54066e-09
4.02608e-09
3.51863e-09
3.03845e-09
2.59834e-09
2.20464e-09
1.85885e-09
1.55934e-09
1.30265e-09
1.08441e-09
8.99982e-10
7.44842e-10
6.14767e-10
5.05953e-10
4.15046e-10
3.39132e-10
2.7571e-10
2.22644e-10
1.78122e-10
1.40608e-10
1.08793e-10
8.15587e-11
5.79275e-11
3.70206e-11
1.80018e-11
3.49873e-34
2.51507e-13
1.67819e-10
3.27273e-10
4.78852e-10
6.22842e-10
7.59539e-10
8.89244e-10
1.01226e-09
1.1289e-09
1.23945e-09
1.3442e-09
1.44345e-09
1.53747e-09
1.62653e-09
1.71088e-09
1.79077e-09
1.86644e-09
1.9381e-09
2.00599e-09
2.07029e-09
2.1312e-09
2.18891e-09
2.24359e-09
2.29541e-09
2.34451e-09
2.39105e-09
2.43517e-09
2.477e-09
2.51666e-09
2.55427e-09
2.58994e-09
2.62378e-09
2.98698e-09
3.36537e-09
3.75351e-09
4.14378e-09
4.52604e-09
4.88747e-09
5.21273e-09
5.48446e-09
5.68454e-09
5.7958e-09
5.80455e-09
5.70319e-09
5.49256e-09
5.18311e-09
4.79419e-09
4.35135e-09
3.88216e-09
3.41205e-09
2.96115e-09
2.54316e-09
2.16571e-09
1.83163e-09
1.54044e-09
1.28958e-09
1.07541e-09
8.93809e-10
7.40615e-10
6.11877e-10
5.0398e-10
4.137e-10
3.38216e-10
2.75087e-10
2.22221e-10
1.77836e-10
1.40415e-10
1.08665e-10
8.14748e-11
5.78746e-11
3.69898e-11
1.79878e-11
3.84566e-34
2.24875e-13
1.50156e-10
2.92835e-10
4.28481e-10
5.57353e-10
6.79719e-10
7.95851e-10
9.06019e-10
1.0105e-09
1.10955e-09
1.20343e-09
1.29241e-09
1.37672e-09
1.45661e-09
1.53229e-09
1.604e-09
1.67194e-09
1.7363e-09
1.79729e-09
1.85507e-09
1.90983e-09
1.96172e-09
2.0109e-09
2.05751e-09
2.10171e-09
2.1436e-09
2.18333e-09
2.221e-09
2.25673e-09
2.29062e-09
2.32277e-09
2.35327e-09
2.68117e-09
3.02384e-09
3.37681e-09
3.73366e-09
4.08581e-09
4.42224e-09
4.72963e-09
4.99266e-09
5.19501e-09
5.32077e-09
5.35654e-09
5.29373e-09
5.13083e-09
4.87472e-09
4.54057e-09
4.14986e-09
3.72708e-09
3.29588e-09
2.87604e-09
2.48188e-09
2.12217e-09
1.80101e-09
1.51907e-09
1.27476e-09
1.06517e-09
8.86763e-10
7.35778e-10
6.08564e-10
5.01714e-10
4.12154e-10
3.37161e-10
2.74369e-10
2.21734e-10
1.77506e-10
1.40193e-10
1.08517e-10
8.1378e-11
5.78135e-11
3.69543e-11
1.79716e-11
2.37243e-34
2.20502e-13
1.47254e-10
2.87177e-10
4.20205e-10
5.46594e-10
6.66605e-10
7.80505e-10
8.88562e-10
9.91039e-10
1.0882e-09
1.1803e-09
1.26758e-09
1.3503e-09
1.42867e-09
1.50293e-09
1.57329e-09
1.63995e-09
1.70312e-09
1.76296e-09
1.81967e-09
1.87341e-09
1.92435e-09
1.97262e-09
2.01838e-09
2.06176e-09
2.10289e-09
2.14189e-09
2.17887e-09
2.21395e-09
2.24723e-09
2.27879e-09
2.30874e-09
2.6308e-09
2.96755e-09
3.31465e-09
3.66591e-09
4.01296e-09
4.34511e-09
4.64934e-09
4.91069e-09
5.11313e-09
5.24099e-09
5.28093e-09
5.22424e-09
5.06904e-09
4.82168e-09
4.49662e-09
4.11468e-09
3.6998e-09
3.2753e-09
2.86087e-09
2.4709e-09
2.11434e-09
1.79548e-09
1.5152e-09
1.27207e-09
1.06331e-09
8.85478e-10
7.34895e-10
6.07958e-10
5.013e-10
4.1187e-10
3.36968e-10
2.74237e-10
2.21644e-10
1.77446e-10
1.40153e-10
1.0849e-10
8.13602e-11
5.78022e-11
3.69478e-11
1.79686e-11
2.21309e-34
1.99553e-13
1.33345e-10
2.60057e-10
3.80536e-10
4.95015e-10
6.03734e-10
7.06934e-10
8.04857e-10
8.97745e-10
9.85832e-10
1.06935e-09
1.14852e-09
1.22357e-09
1.29469e-09
1.3621e-09
1.42598e-09
1.48653e-09
1.5439e-09
1.59829e-09
1.64983e-09
1.69869e-09
1.745e-09
1.78891e-09
1.83054e-09
1.87001e-09
1.90745e-09
1.94296e-09
1.97663e-09
2.00858e-09
2.0389e-09
2.06766e-09
2.09496e-09
2.38881e-09
2.69689e-09
3.01555e-09
3.3395e-09
3.66155e-09
3.9724e-09
4.26059e-09
4.5128e-09
4.71452e-09
4.85119e-09
4.90994e-09
4.8816e-09
4.76272e-09
4.55706e-09
4.27591e-09
3.93679e-09
3.56092e-09
3.16988e-09
2.78272e-09
2.41406e-09
2.0736e-09
1.76662e-09
1.49494e-09
1.25794e-09
1.05352e-09
8.78715e-10
7.3024e-10
6.04763e-10
4.99111e-10
4.10374e-10
3.35947e-10
2.73542e-10
2.21171e-10
1.77126e-10
1.39937e-10
1.08346e-10
8.1266e-11
5.77427e-11
3.69132e-11
1.79528e-11
4.28535e-34
1.75718e-13
1.17505e-10
2.29172e-10
3.35357e-10
4.36269e-10
5.3212e-10
6.23124e-10
7.09496e-10
7.91446e-10
8.69182e-10
9.42907e-10
1.01282e-09
1.0791e-09
1.14194e-09
1.20152e-09
1.258e-09
1.31154e-09
1.3623e-09
1.41042e-09
1.45605e-09
1.49931e-09
1.54033e-09
1.57923e-09
1.61613e-09
1.65112e-09
1.68432e-09
1.71581e-09
1.74569e-09
1.77405e-09
1.80095e-09
1.82649e-09
1.85073e-09
2.11209e-09
2.38698e-09
2.67249e-09
2.96434e-09
3.25663e-09
3.54157e-09
3.8095e-09
4.04896e-09
4.24723e-09
4.39119e-09
4.46871e-09
4.47036e-09
4.39125e-09
4.23249e-09
4.00184e-09
3.71306e-09
3.38403e-09
3.034e-09
2.68088e-09
2.33927e-09
2.01957e-09
1.72809e-09
1.46773e-09
1.23888e-09
1.04025e-09
8.69523e-10
7.23897e-10
6.00399e-10
4.96116e-10
4.08323e-10
3.34545e-10
2.72586e-10
2.20521e-10
1.76685e-10
1.3964e-10
1.08148e-10
8.11362e-11
5.76608e-11
3.68655e-11
1.79311e-11
5.10273e-34
1.53516e-13
1.02735e-10
2.00372e-10
2.93226e-10
3.8148e-10
4.65324e-10
5.44946e-10
6.20532e-10
6.92266e-10
7.60331e-10
8.24901e-10
8.86148e-10
9.44237e-10
9.99327e-10
1.05157e-09
1.10111e-09
1.14809e-09
1.19265e-09
1.2349e-09
1.27497e-09
1.31298e-09
1.34903e-09
1.38323e-09
1.41567e-09
1.44645e-09
1.47566e-09
1.50337e-09
1.52968e-09
1.55464e-09
1.57834e-09
1.60084e-09
1.6222e-09
1.85284e-09
2.0962e-09
2.35001e-09
2.61089e-09
2.87404e-09
3.13309e-09
3.37998e-09
3.60501e-09
3.79718e-09
3.94487e-09
4.03686e-09
4.06379e-09
4.01977e-09
3.90374e-09
3.7204e-09
3.48e-09
3.1971e-09
2.88841e-09
2.57037e-09
2.25719e-09
1.95969e-09
1.68502e-09
1.43711e-09
1.21731e-09
1.02516e-09
8.59027e-10
7.1663e-10
5.95386e-10
4.92669e-10
4.05958e-10
3.32927e-10
2.7148e-10
2.19769e-10
1.76174e-10
1.39296e-10
1.07918e-10
8.09855e-11
5.75655e-11
3.68101e-11
1.79058e-11
5.60523e-34
1.33052e-13
8.91076e-11
1.73799e-10
2.54349e-10
3.3092e-10
4.03678e-10
4.72787e-10
5.38408e-10
6.00701e-10
6.59824e-10
7.15927e-10
7.69159e-10
8.19661e-10
8.6757e-10
9.13018e-10
9.5613e-10
9.97027e-10
1.03582e-09
1.07263e-09
1.10754e-09
1.14067e-09
1.1721e-09
1.20192e-09
1.23022e-09
1.25708e-09
1.28257e-09
1.30677e-09
1.32974e-09
1.35155e-09
1.37226e-09
1.39192e-09
1.41059e-09
1.6125e-09
1.82622e-09
2.05005e-09
2.28133e-09
2.51629e-09
2.74977e-09
2.97516e-09
3.1844e-09
3.36811e-09
3.51616e-09
3.61839e-09
3.66579e-09
3.65186e-09
3.57392e-09
3.43405e-09
3.23935e-09
3.00118e-09
2.73357e-09
2.45123e-09
2.16761e-09
1.89362e-09
1.63707e-09
1.40275e-09
1.19294e-09
1.00802e-09
8.47051e-10
7.08307e-10
5.89627e-10
4.88697e-10
4.03228e-10
3.31054e-10
2.702e-10
2.18896e-10
1.75582e-10
1.38896e-10
1.07651e-10
8.08102e-11
5.74546e-11
3.67455e-11
1.78763e-11
6.15579e-34
1.14393e-13
7.66685e-11
1.49541e-10
2.18858e-10
2.84761e-10
3.47393e-10
4.06896e-10
4.63409e-10
5.1707e-10
5.68013e-10
6.16369e-10
6.62263e-10
7.05817e-10
7.47147e-10
7.86366e-10
8.23581e-10
8.58895e-10
8.92404e-10
9.24203e-10
9.5438e-10
9.83019e-10
1.0102e-09
1.036e-09
1.06049e-09
1.08374e-09
1.10581e-09
1.12676e-09
1.14666e-09
1.16556e-09
1.1835e-09
1.20055e-09
1.21674e-09
1.39207e-09
1.57823e-09
1.77398e-09
1.97732e-09
2.1853e-09
2.39386e-09
2.59766e-09
2.7901e-09
2.96334e-09
3.10868e-09
3.21711e-09
3.2802e-09
3.29124e-09
3.24636e-09
3.14558e-09
2.99322e-09
2.79767e-09
2.57027e-09
2.32374e-09
2.07048e-09
1.82114e-09
1.58391e-09
1.36432e-09
1.16548e-09
9.88587e-10
8.33405e-10
6.98782e-10
5.83012e-10
4.84122e-10
4.00074e-10
3.28888e-10
2.68716e-10
2.17883e-10
1.74893e-10
1.3843e-10
1.0734e-10
8.06059e-11
5.73254e-11
3.66703e-11
1.7842e-11
6.75857e-34
9.75629e-14
6.54369e-11
1.27638e-10
1.8681e-10
2.43076e-10
2.96558e-10
3.47379e-10
3.95657e-10
4.41511e-10
4.85053e-10
5.26396e-10
5.65645e-10
6.02904e-10
6.38271e-10
6.71842e-10
7.03708e-10
7.33954e-10
7.62665e-10
7.89918e-10
8.15788e-10
8.40347e-10
8.63663e-10
8.858e-10
9.06819e-10
9.26778e-10
9.45732e-10
9.63732e-10
9.80828e-10
9.97067e-10
1.01249e-09
1.02715e-09
1.04107e-09
1.19207e-09
1.35289e-09
1.52266e-09
1.69991e-09
1.8824e-09
2.06698e-09
2.24945e-09
2.42447e-09
2.58563e-09
2.72558e-09
2.83649e-09
2.91071e-09
2.94159e-09
2.92457e-09
2.85806e-09
2.74411e-09
2.58838e-09
2.39964e-09
2.18849e-09
1.96595e-09
1.74213e-09
1.52531e-09
1.32154e-09
1.13466e-09
9.66617e-10
8.17883e-10
6.87894e-10
5.75419e-10
4.78853e-10
3.96432e-10
3.2638e-10
2.66995e-10
2.16705e-10
1.74091e-10
1.37888e-10
1.06977e-10
8.03675e-11
5.71744e-11
3.65823e-11
1.78018e-11
7.41798e-34
8.25473e-14
5.54056e-11
1.08075e-10
1.58184e-10
2.05838e-10
2.51143e-10
2.94202e-10
3.35116e-10
3.73985e-10
4.10904e-10
4.45967e-10
4.79264e-10
5.10882e-10
5.40904e-10
5.6941e-10
5.96475e-10
6.22173e-10
6.46573e-10
6.69741e-10
6.9174e-10
7.12631e-10
7.32469e-10
7.5131e-10
7.69204e-10
7.862e-10
8.02344e-10
8.1768e-10
8.32249e-10
8.46091e-10
8.59244e-10
8.71741e-10
8.83618e-10
1.0126e-09
1.15037e-09
1.29636e-09
1.44953e-09
1.60823e-09
1.77006e-09
1.93179e-09
2.08919e-09
2.23709e-09
2.36943e-09
2.47955e-09
2.56064e-09
2.60644e-09
2.61204e-09
2.57475e-09
2.49477e-09
2.37549e-09
2.22319e-09
2.04635e-09
1.85442e-09
1.65664e-09
1.46112e-09
1.27417e-09
1.10021e-09
9.41861e-10
8.00273e-10
6.7547e-10
5.66714e-10
4.72788e-10
3.92226e-10
3.23475e-10
2.64997e-10
2.15336e-10
1.73158e-10
1.37256e-10
1.06553e-10
8.00889e-11
5.69979e-11
3.64794e-11
1.77548e-11
8.13859e-34
6.9295e-14
4.65431e-11
9.07898e-11
1.3289e-10
1.72934e-10
2.11009e-10
2.47204e-10
2.81603e-10
3.1429e-10
3.45346e-10
3.74848e-10
4.02872e-10
4.2949e-10
4.54772e-10
4.78783e-10
5.01588e-10
5.23247e-10
5.43818e-10
5.63356e-10
5.81914e-10
5.99541e-10
6.16285e-10
6.32192e-10
6.47302e-10
6.61659e-10
6.75299e-10
6.88259e-10
7.00575e-10
7.12278e-10
7.23401e-10
7.33972e-10
7.4402e-10
8.53291e-10
9.70339e-10
1.09482e-09
1.22603e-09
1.3628e-09
1.50335e-09
1.64524e-09
1.78519e-09
1.91913e-09
2.04215e-09
2.14869e-09
2.23289e-09
2.289e-09
2.31214e-09
2.29892e-09
2.2482e-09
2.16143e-09
2.04277e-09
1.89856e-09
1.73657e-09
1.56496e-09
1.39132e-09
1.22203e-09
1.06189e-09
9.14082e-10
7.80361e-10
6.61331e-10
5.56752e-10
4.65815e-10
3.87373e-10
3.20113e-10
2.62677e-10
2.13744e-10
1.7207e-10
1.36518e-10
1.06058e-10
7.9763e-11
5.67913e-11
3.63588e-11
1.76997e-11
8.92512e-34
5.77235e-14
3.87969e-11
7.56815e-11
1.1078e-10
1.44168e-10
1.75921e-10
2.0611e-10
2.34808e-10
2.62084e-10
2.88005e-10
3.12635e-10
3.36037e-10
3.58271e-10
3.79394e-10
3.99462e-10
4.18526e-10
4.36638e-10
4.53845e-10
4.70192e-10
4.85723e-10
5.00479e-10
5.14499e-10
5.27822e-10
5.40481e-10
5.52511e-10
5.63944e-10
5.7481e-10
5.85137e-10
5.94953e-10
6.04285e-10
6.13155e-10
6.21588e-10
7.13412e-10
8.12037e-10
9.17289e-10
1.02872e-09
1.14553e-09
1.26644e-09
1.38965e-09
1.51269e-09
1.6324e-09
1.74489e-09
1.84565e-09
1.92971e-09
1.99203e-09
2.02793e-09
2.03375e-09
2.00741e-09
1.9489e-09
1.8605e-09
1.74665e-09
1.61338e-09
1.46757e-09
1.3161e-09
1.1651e-09
1.01956e-09
8.83076e-10
7.57941e-10
6.45293e-10
5.45382e-10
4.57814e-10
3.81779e-10
3.16223e-10
2.59986e-10
2.11891e-10
1.70802e-10
1.35656e-10
1.05479e-10
7.93814e-11
5.6549e-11
3.62174e-11
1.7635e-11
9.78235e-34
4.77251e-14
3.20972e-11
6.26139e-11
9.16556e-11
1.19285e-10
1.45565e-10
1.70556e-10
1.94317e-10
2.16905e-10
2.38376e-10
2.58783e-10
2.78177e-10
2.96608e-10
3.14123e-10
3.30766e-10
3.46582e-10
3.61611e-10
3.75893e-10
3.89465e-10
4.02363e-10
4.1462e-10
4.26269e-10
4.37341e-10
4.47864e-10
4.57867e-10
4.67375e-10
4.76413e-10
4.85006e-10
4.93174e-10
5.00941e-10
5.08326e-10
5.15348e-10
5.91899e-10
6.74329e-10
7.62584e-10
8.56408e-10
9.55276e-10
1.05831e-09
1.16422e-09
1.27118e-09
1.37681e-09
1.47808e-09
1.57141e-09
1.65272e-09
1.71768e-09
1.76205e-09
1.78216e-09
1.77538e-09
1.74065e-09
1.67877e-09
1.59248e-09
1.48614e-09
1.36528e-09
1.23582e-09
1.10346e-09
9.73128e-10
8.48685e-10
7.32829e-10
6.27177e-10
5.32446e-10
4.48656e-10
3.75343e-10
3.11729e-10
2.56866e-10
2.09736e-10
1.69323e-10
1.34649e-10
1.04801e-10
7.89341e-11
5.62648e-11
3.60513e-11
1.7559e-11
1.0715e-33
3.91739e-14
2.63619e-11
5.14269e-11
7.52823e-11
9.79807e-11
1.19573e-10
1.4011e-10
1.5964e-10
1.78209e-10
1.95864e-10
2.12647e-10
2.28601e-10
2.43767e-10
2.58182e-10
2.71883e-10
2.84907e-10
2.97285e-10
3.09051e-10
3.20235e-10
3.30866e-10
3.40971e-10
3.50577e-10
3.5971e-10
3.68391e-10
3.76645e-10
3.84492e-10
3.91954e-10
3.99048e-10
4.05795e-10
4.1221e-10
4.18311e-10
4.24113e-10
4.87438e-10
5.55789e-10
6.29193e-10
7.07529e-10
7.90481e-10
8.77473e-10
9.67601e-10
1.05956e-09
1.15159e-09
1.24142e-09
1.32624e-09
1.4028e-09
1.46748e-09
1.51659e-09
1.54665e-09
1.55484e-09
1.53941e-09
1.50006e-09
1.4381e-09
1.3564e-09
1.25911e-09
1.15109e-09
1.03738e-09
9.22655e-10
8.10826e-10
7.04878e-10
6.0682e-10
5.1779e-10
4.38209e-10
3.67958e-10
3.06546e-10
2.53252e-10
2.07233e-10
1.676e-10
1.33473e-10
1.04008e-10
7.84098e-11
5.59312e-11
3.58562e-11
1.74696e-11
1.17275e-33
3.19321e-14
2.15005e-11
4.19443e-11
6.14029e-11
7.99197e-11
9.75368e-11
1.14295e-10
1.30234e-10
1.45393e-10
1.59807e-10
1.73513e-10
1.86545e-10
1.98935e-10
2.10714e-10
2.21914e-10
2.32561e-10
2.42683e-10
2.52307e-10
2.61457e-10
2.70156e-10
2.78427e-10
2.86291e-10
2.93768e-10
3.00878e-10
3.07639e-10
3.14069e-10
3.20183e-10
3.25998e-10
3.31529e-10
3.36789e-10
3.41792e-10
3.46551e-10
3.98544e-10
4.54787e-10
5.15358e-10
5.80229e-10
6.49233e-10
7.22012e-10
7.97964e-10
8.76184e-10
9.55405e-10
1.03395e-09
1.10969e-09
1.18009e-09
1.24222e-09
1.29297e-09
1.32921e-09
1.34817e-09
1.34774e-09
1.32685e-09
1.28573e-09
1.22596e-09
1.15039e-09
1.06278e-09
9.67352e-10
8.68332e-10
7.69513e-10
6.74e-10
5.84089e-10
5.01273e-10
4.26341e-10
3.59511e-10
3.00584e-10
2.49075e-10
2.04327e-10
1.65593e-10
1.321e-10
1.0308e-10
7.7795e-11
5.55394e-11
3.56268e-11
1.73645e-11
1.28238e-33
2.5857e-14
1.74189e-11
3.39825e-11
4.9749e-11
6.47538e-11
7.90313e-11
9.26147e-11
1.05536e-10
1.17827e-10
1.29517e-10
1.40634e-10
1.51206e-10
1.6126e-10
1.70821e-10
1.79912e-10
1.88557e-10
1.96778e-10
2.04595e-10
2.12029e-10
2.19098e-10
2.25821e-10
2.32214e-10
2.38294e-10
2.44077e-10
2.49576e-10
2.54807e-10
2.59783e-10
2.64515e-10
2.69017e-10
2.73299e-10
2.77373e-10
2.81248e-10
3.23631e-10
3.69571e-10
4.19173e-10
4.72471e-10
5.29397e-10
5.89751e-10
6.53152e-10
7.18994e-10
7.86395e-10
8.5415e-10
9.20692e-10
9.8408e-10
1.04203e-09
1.09197e-09
1.13125e-09
1.15727e-09
1.16785e-09
1.16147e-09
1.13758e-09
1.09673e-09
1.04063e-09
9.7196e-10
8.94053e-10
8.10528e-10
7.24882e-10
6.40188e-10
5.58897e-10
4.82775e-10
4.12928e-10
3.49891e-10
2.93749e-10
2.4426e-10
2.00962e-10
1.6326e-10
1.30498e-10
1.01994e-10
7.70744e-11
5.50794e-11
3.5357e-11
1.72408e-11
1.40073e-33
2.08062e-14
1.4023e-11
2.73579e-11
4.00519e-11
5.21338e-11
6.36313e-11
7.45714e-11
8.49798e-11
9.48816e-11
1.04301e-10
1.1326e-10
1.21782e-10
1.29888e-10
1.37597e-10
1.4493e-10
1.51903e-10
1.58536e-10
1.64845e-10
1.70845e-10
1.76552e-10
1.8198e-10
1.87143e-10
1.92054e-10
1.96725e-10
2.01169e-10
2.05396e-10
2.09418e-10
2.13243e-10
2.16883e-10
2.20346e-10
2.23641e-10
2.26775e-10
2.61087e-10
2.98348e-10
3.38672e-10
3.8213e-10
4.2872e-10
4.78347e-10
5.30791e-10
5.85663e-10
6.42372e-10
7.00077e-10
7.57651e-10
8.13658e-10
8.6635e-10
9.137e-10
9.53497e-10
9.83479e-10
1.00155e-09
1.006e-09
9.95779e-10
9.70698e-10
9.31518e-10
8.79932e-10
8.18385e-10
7.49796e-10
6.77219e-10
6.03536e-10
5.31223e-10
4.62215e-10
3.97866e-10
3.38992e-10
2.85947e-10
2.38729e-10
1.97075e-10
1.60553e-10
1.28632e-10
1.00725e-10
7.62302e-11
5.45394e-11
3.504e-11
1.70953e-11
1.528e-33
1.66427e-14
1.12217e-11
2.1893e-11
3.20521e-11
4.17221e-11
5.09253e-11
5.96833e-11
6.80169e-11
7.59459e-11
8.34896e-11
9.06664e-11
9.74938e-11
1.03989e-10
1.10167e-10
1.16044e-10
1.21635e-10
1.26954e-10
1.32013e-10
1.36826e-10
1.41404e-10
1.45759e-10
1.49903e-10
1.53844e-10
1.57595e-10
1.61162e-10
1.64557e-10
1.67787e-10
1.7086e-10
1.73784e-10
1.76566e-10
1.79213e-10
1.81733e-10
2.0933e-10
2.39348e-10
2.71904e-10
3.07083e-10
3.44925e-10
3.85404e-10
4.28408e-10
4.73706e-10
5.20915e-10
5.69471e-10
6.18588e-10
6.6723e-10
7.14099e-10
7.5764e-10
7.96084e-10
8.27533e-10
8.50102e-10
8.62093e-10
8.62208e-10
8.49749e-10
8.24769e-10
7.88127e-10
7.41435e-10
6.86877e-10
6.26966e-10
5.64262e-10
5.01131e-10
4.39562e-10
3.8108e-10
3.26723e-10
2.77088e-10
2.32401e-10
1.926e-10
1.57421e-10
1.26463e-10
9.92451e-11
7.52425e-11
5.39062e-11
3.46675e-11
1.69241e-11
1.66424e-33
1.32379e-14
8.9293e-12
1.7421e-11
2.55055e-11
3.32013e-11
4.05263e-11
4.74977e-11
5.4132e-11
6.04451e-11
6.64522e-11
7.21679e-11
7.76062e-11
8.27804e-11
8.77032e-11
9.23869e-11
9.6843e-11
1.01083e-10
1.05116e-10
1.08954e-10
1.12605e-10
1.16079e-10
1.19385e-10
1.2253e-10
1.25522e-10
1.2837e-10
1.31079e-10
1.33658e-10
1.36111e-10
1.38446e-10
1.40668e-10
1.42782e-10
1.44795e-10
1.66854e-10
1.90886e-10
2.16998e-10
2.45281e-10
2.75796e-10
3.08562e-10
3.43536e-10
3.80594e-10
4.19504e-10
4.59903e-10
5.01258e-10
5.42847e-10
5.83733e-10
6.22756e-10
6.58549e-10
6.89581e-10
7.14244e-10
7.30975e-10
7.38416e-10
7.35592e-10
7.22065e-10
6.98047e-10
6.64423e-10
6.22677e-10
5.7473e-10
5.22722e-10
4.68788e-10
4.14861e-10
3.62537e-10
3.13015e-10
2.67092e-10
2.252e-10
1.87471e-10
1.53808e-10
1.23949e-10
9.75223e-11
7.40889e-11
5.31645e-11
3.42304e-11
1.6723e-11
1.80923e-33
1.04742e-14
7.06753e-12
1.37889e-11
2.01882e-11
2.62803e-11
3.20793e-11
3.75989e-11
4.28522e-11
4.78516e-11
5.26094e-11
5.71369e-11
6.14452e-11
6.55449e-11
6.9446e-11
7.3158e-11
7.66902e-11
8.00512e-11
8.32493e-11
8.62926e-11
8.91884e-11
9.1944e-11
9.45662e-11
9.70615e-11
9.94362e-11
1.01696e-10
1.03846e-10
1.05893e-10
1.07841e-10
1.09695e-10
1.11459e-10
1.13138e-10
1.14736e-10
1.32268e-10
1.51391e-10
1.72205e-10
1.94798e-10
2.19239e-10
2.4557e-10
2.73793e-10
3.03854e-10
3.35625e-10
3.68883e-10
4.03283e-10
4.38337e-10
4.73388e-10
5.07598e-10
5.39943e-10
5.69231e-10
5.94151e-10
6.13348e-10
6.25536e-10
6.29639e-10
6.24931e-10
6.11165e-10
5.88645e-10
5.58234e-10
5.21267e-10
4.79412e-10
4.34479e-10
3.88237e-10
3.42263e-10
2.97836e-10
2.55899e-10
2.17059e-10
1.81624e-10
1.4966e-10
1.21045e-10
9.55229e-11
7.27445e-11
5.22975e-11
3.37181e-11
1.6487e-11
1.96249e-33
8.24643e-15
5.56601e-12
1.08595e-11
1.58996e-11
2.0698e-11
2.52659e-11
2.96141e-11
3.37528e-11
3.7692e-11
4.14411e-11
4.50092e-11
4.84049e-11
5.16366e-11
5.47121e-11
5.7639e-11
6.04243e-11
6.3075e-11
6.55976e-11
6.79983e-11
7.02829e-11
7.24572e-11
7.45265e-11
7.64959e-11
7.83702e-11
8.01541e-11
8.18519e-11
8.34679e-11
8.50059e-11
8.64699e-11
8.78633e-11
8.91896e-11
9.04521e-11
1.04308e-10
1.19441e-10
1.35936e-10
1.53874e-10
1.73324e-10
1.94341e-10
2.1695e-10
2.41143e-10
2.66859e-10
2.93971e-10
3.22267e-10
3.51429e-10
3.81012e-10
4.10429e-10
4.38936e-10
4.65637e-10
4.89504e-10
5.09418e-10
5.24247e-10
5.32939e-10
5.34644e-10
5.2883e-10
5.15383e-10
4.94654e-10
4.67451e-10
4.34958e-10
3.98607e-10
3.5992e-10
3.20358e-10
2.81203e-10
2.43479e-10
2.07925e-10
1.75002e-10
1.44924e-10
1.17707e-10
9.3211e-11
7.11828e-11
5.12866e-11
3.31192e-11
1.62105e-11
2.12308e-33
6.46213e-15
4.36284e-12
8.51216e-12
1.2463e-11
1.62246e-11
1.98057e-11
2.32148e-11
2.64599e-11
2.95488e-11
3.2489e-11
3.52876e-11
3.79512e-11
4.04863e-11
4.28993e-11
4.51958e-11
4.73815e-11
4.94618e-11
5.14418e-11
5.33263e-11
5.51199e-11
5.6827e-11
5.84519e-11
5.99985e-11
6.14705e-11
6.28717e-11
6.42053e-11
6.54748e-11
6.66832e-11
6.78335e-11
6.89285e-11
6.99708e-11
7.0963e-11
8.18583e-11
9.37694e-11
1.0677e-10
1.2093e-10
1.36317e-10
1.52986e-10
1.70975e-10
1.90301e-10
2.10946e-10
2.32847e-10
2.55883e-10
2.79856e-10
3.04476e-10
3.29343e-10
3.53935e-10
3.77601e-10
3.99562e-10
4.18934e-10
4.34773e-10
4.46134e-10
4.5216e-10
4.52184e-10
4.45822e-10
4.33047e-10
4.14226e-10
3.90096e-10
3.61694e-10
3.30238e-10
2.97002e-10
2.63189e-10
2.29839e-10
1.9777e-10
1.6756e-10
1.39552e-10
1.13891e-10
9.05501e-11
6.93756e-11
5.01117e-11
3.24209e-11
1.58875e-11
2.28954e-33
5.04145e-15
3.40447e-12
6.64239e-12
9.72553e-12
1.26611e-11
1.5456e-11
1.81167e-11
2.06497e-11
2.3061e-11
2.53564e-11
2.75413e-11
2.96211e-11
3.16008e-11
3.34852e-11
3.52789e-11
3.69862e-11
3.86113e-11
4.01582e-11
4.16306e-11
4.30321e-11
4.43662e-11
4.56361e-11
4.68449e-11
4.79955e-11
4.90909e-11
5.01335e-11
5.11261e-11
5.2071e-11
5.29705e-11
5.38268e-11
5.4642e-11
5.5418e-11
6.39434e-11
7.3272e-11
8.34652e-11
9.45841e-11
1.06687e-10
1.19828e-10
1.3405e-10
1.49381e-10
1.6583e-10
1.83374e-10
2.0195e-10
2.21443e-10
2.41673e-10
2.62378e-10
2.83202e-10
3.03687e-10
3.23263e-10
3.41261e-10
3.56925e-10
3.6946e-10
3.7808e-10
3.82092e-10
3.80972e-10
3.74444e-10
3.62543e-10
3.45626e-10
3.24354e-10
2.99623e-10
2.72466e-10
2.43942e-10
2.15039e-10
1.86598e-10
1.59272e-10
1.33507e-10
1.09557e-10
8.75052e-11
6.72945e-11
4.87519e-11
3.16097e-11
1.55113e-11
2.45973e-33
3.91641e-15
2.64527e-12
5.16116e-12
7.55686e-12
9.83797e-12
1.20099e-11
1.40777e-11
1.60463e-11
1.79204e-11
1.97046e-11
2.14031e-11
2.302e-11
2.45591e-11
2.60243e-11
2.74191e-11
2.87468e-11
3.00107e-11
3.12138e-11
3.23592e-11
3.34494e-11
3.44873e-11
3.54753e-11
3.64159e-11
3.73113e-11
3.81637e-11
3.89752e-11
3.97477e-11
4.04832e-11
4.11834e-11
4.185e-11
4.24846e-11
4.30888e-11
4.97288e-11
5.7e-11
6.49531e-11
7.36391e-11
8.31088e-11
9.341e-11
1.04586e-10
1.16669e-10
1.29682e-10
1.43626e-10
1.58474e-10
1.74168e-10
1.906e-10
2.07606e-10
2.24954e-10
2.4233e-10
2.59333e-10
2.7547e-10
2.90166e-10
3.0278e-10
3.12643e-10
3.19106e-10
3.21607e-10
3.19735e-10
3.13297e-10
3.0236e-10
2.87263e-10
2.68589e-10
2.47105e-10
2.23681e-10
1.99195e-10
1.74455e-10
1.5014e-10
1.26765e-10
1.04674e-10
8.40448e-11
6.49122e-11
4.71863e-11
3.06717e-11
1.50751e-11
2.6307e-33
3.0299e-15
2.04684e-12
3.99361e-12
5.84742e-12
7.61262e-12
9.29336e-12
1.08936e-11
1.24172e-11
1.38678e-11
1.52488e-11
1.65636e-11
1.78153e-11
1.90069e-11
2.01413e-11
2.12212e-11
2.22494e-11
2.32281e-11
2.41599e-11
2.5047e-11
2.58915e-11
2.66955e-11
2.74608e-11
2.81895e-11
2.88833e-11
2.95437e-11
3.01725e-11
3.07711e-11
3.13411e-11
3.18837e-11
3.24004e-11
3.28923e-11
3.33606e-11
3.85091e-11
4.41507e-11
5.03266e-11
5.7079e-11
6.44504e-11
7.24824e-11
8.12143e-11
9.06803e-11
1.00907e-10
1.11908e-10
1.23681e-10
1.36199e-10
1.49407e-10
1.63205e-10
1.77449e-10
1.91931e-10
2.06377e-10
2.20439e-10
2.33692e-10
2.45644e-10
2.55755e-10
2.63462e-10
2.68231e-10
2.69604e-10
2.67262e-10
2.6107e-10
2.51114e-10
2.37704e-10
2.21349e-10
2.02701e-10
1.82488e-10
1.61435e-10
1.402e-10
1.19329e-10
9.92244e-11
8.01442e-11
6.22044e-11
4.5395e-11
2.9593e-11
1.45719e-11
2.79854e-33
2.33453e-15
1.57732e-12
3.07754e-12
4.50615e-12
5.86652e-12
7.16184e-12
8.3952e-12
9.56952e-12
1.06876e-11
1.17521e-11
1.27657e-11
1.37306e-11
1.46493e-11
1.55239e-11
1.63566e-11
1.71494e-11
1.79042e-11
1.86228e-11
1.93069e-11
1.99583e-11
2.05784e-11
2.11688e-11
2.17309e-11
2.22661e-11
2.27757e-11
2.32608e-11
2.37227e-11
2.41625e-11
2.45812e-11
2.49799e-11
2.53595e-11
2.5721e-11
2.96955e-11
3.40532e-11
3.8827e-11
4.40512e-11
4.97609e-11
5.59912e-11
6.27765e-11
7.01484e-11
7.81342e-11
8.67542e-11
9.60177e-11
1.05919e-10
1.16433e-10
1.27505e-10
1.39048e-10
1.50932e-10
1.62976e-10
1.74941e-10
1.86525e-10
1.97365e-10
2.07043e-10
2.151e-10
2.21068e-10
2.24505e-10
2.25041e-10
2.22426e-10
2.16567e-10
2.07557e-10
1.95676e-10
1.8136e-10
1.65162e-10
1.47687e-10
1.2953e-10
1.11227e-10
9.32093e-11
7.57898e-11
5.9153e-11
4.33608e-11
2.8361e-11
1.39951e-11
2.9582e-33
1.79135e-15
1.21048e-12
2.3618e-12
3.45819e-12
4.50223e-12
5.49638e-12
6.443e-12
7.34435e-12
8.20258e-12
9.01972e-12
9.79775e-12
1.05385e-11
1.12438e-11
1.19154e-11
1.25547e-11
1.31635e-11
1.3743e-11
1.42949e-11
1.48203e-11
1.53205e-11
1.57968e-11
1.62503e-11
1.6682e-11
1.70931e-11
1.74846e-11
1.78573e-11
1.82121e-11
1.855e-11
1.88717e-11
1.91781e-11
1.94697e-11
1.97475e-11
2.28022e-11
2.61531e-11
2.98263e-11
3.38492e-11
3.82502e-11
4.30584e-11
4.83028e-11
5.40113e-11
6.02097e-11
6.69195e-11
7.41561e-11
8.1925e-11
9.02191e-11
9.90129e-11
1.08258e-10
1.17876e-10
1.27751e-10
1.37727e-10
1.47595e-10
1.57097e-10
1.65921e-10
1.73712e-10
1.80086e-10
1.8465e-10
1.8704e-10
1.86956e-10
1.84199e-10
1.78711e-10
1.70582e-10
1.60058e-10
1.47514e-10
1.33411e-10
1.18252e-10
1.02523e-10
8.66529e-11
7.09833e-11
5.57485e-11
4.10715e-11
2.69653e-11
1.33387e-11
3.10347e-33
1.36869e-15
9.24972e-13
1.80475e-12
2.64255e-12
3.44038e-12
4.2001e-12
4.92352e-12
5.61236e-12
6.26827e-12
6.89282e-12
7.48748e-12
8.0537e-12
8.59283e-12
9.10616e-12
9.59492e-12
1.00603e-11
1.05034e-11
1.09253e-11
1.1327e-11
1.17095e-11
1.20737e-11
1.24205e-11
1.27507e-11
1.3065e-11
1.33644e-11
1.36494e-11
1.39209e-11
1.41793e-11
1.44254e-11
1.46597e-11
1.48828e-11
1.50953e-11
1.74325e-11
1.99974e-11
2.28105e-11
2.58934e-11
2.92689e-11
3.29606e-11
3.69923e-11
4.13879e-11
4.61701e-11
5.13595e-11
5.69732e-11
6.30224e-11
6.95102e-11
7.64281e-11
8.37521e-11
9.14381e-11
9.94165e-11
1.07587e-10
1.15811e-10
1.23911e-10
1.31664e-10
1.38805e-10
1.45033e-10
1.50025e-10
1.53453e-10
1.55017e-10
1.54471e-10
1.51662e-10
1.46547e-10
1.39216e-10
1.2988e-10
1.18857e-10
1.06532e-10
9.33173e-11
7.9608e-11
6.5746e-11
5.19942e-11
3.85219e-11
2.53994e-11
1.25987e-11
3.22691e-33
1.04096e-15
7.03553e-13
1.37273e-12
2.01e-12
2.61686e-12
3.19476e-12
3.74505e-12
4.26906e-12
4.76803e-12
5.24316e-12
5.69557e-12
6.12635e-12
6.53654e-12
6.92711e-12
7.29901e-12
7.65312e-12
7.9903e-12
8.31136e-12
8.61706e-12
8.90815e-12
9.18532e-12
9.44925e-12
9.70055e-12
9.93985e-12
1.01677e-11
1.03847e-11
1.05913e-11
1.0788e-11
1.09753e-11
1.11537e-11
1.13236e-11
1.14853e-11
1.3265e-11
1.52187e-11
1.73625e-11
1.97132e-11
2.22887e-11
2.5108e-11
2.81904e-11
3.15554e-11
3.52226e-11
3.92103e-11
4.35349e-11
4.82098e-11
5.32429e-11
5.86354e-11
6.43782e-11
7.04489e-11
7.68078e-11
8.33934e-11
9.01177e-11
9.68618e-11
1.03472e-10
1.09757e-10
1.15494e-10
1.20425e-10
1.24281e-10
1.26787e-10
1.27695e-10
1.26806e-10
1.23996e-10
1.19239e-10
1.12614e-10
1.04306e-10
9.45776e-11
8.375e-11
7.21591e-11
6.01227e-11
4.79094e-11
3.57174e-11
2.36622e-11
1.17733e-11
3.31999e-33
7.87668e-16
5.32403e-13
1.0388e-12
1.52105e-12
1.9803e-12
2.41763e-12
2.83409e-12
3.23066e-12
3.6083e-12
3.9679e-12
4.31031e-12
4.63637e-12
4.94684e-12
5.24248e-12
5.524e-12
5.79205e-12
6.0473e-12
6.29035e-12
6.52179e-12
6.74217e-12
6.95202e-12
7.15184e-12
7.34211e-12
7.5233e-12
7.69583e-12
7.86012e-12
8.01656e-12
8.16554e-12
8.3074e-12
8.44248e-12
8.57112e-12
8.69361e-12
1.00416e-11
1.15218e-11
1.31467e-11
1.49292e-11
1.68834e-11
1.90241e-11
2.13667e-11
2.39271e-11
2.67212e-11
2.97649e-11
3.30728e-11
3.6658e-11
4.05306e-11
4.46962e-11
4.91543e-11
5.38958e-11
5.88998e-11
6.41309e-11
6.9535e-11
7.50354e-11
8.05293e-11
8.58848e-11
9.09393e-11
9.55016e-11
9.93565e-11
1.02275e-10
1.0403e-10
1.04415e-10
1.03267e-10
1.00488e-10
9.60595e-11
9.00535e-11
8.26241e-11
7.39927e-11
6.44216e-11
5.41837e-11
4.35321e-11
3.26754e-11
2.17601e-11
1.08639e-11
3.37336e-33
5.92508e-16
4.00516e-13
7.81468e-13
1.14426e-12
1.48975e-12
1.81877e-12
2.13208e-12
2.43044e-12
2.71455e-12
2.9851e-12
3.24273e-12
3.48806e-12
3.72167e-12
3.94413e-12
4.15595e-12
4.35767e-12
4.54974e-12
4.73264e-12
4.90681e-12
5.07266e-12
5.23059e-12
5.38098e-12
5.52418e-12
5.66055e-12
5.79041e-12
5.91406e-12
6.03182e-12
6.14395e-12
6.25073e-12
6.35241e-12
6.44925e-12
6.54146e-12
7.55628e-12
8.67099e-12
9.89494e-12
1.12382e-11
1.27116e-11
1.43266e-11
1.60953e-11
1.80302e-11
2.01443e-11
2.24505e-11
2.49615e-11
2.76889e-11
3.0643e-11
3.38312e-11
3.72574e-11
4.09197e-11
4.48091e-11
4.89065e-11
5.31803e-11
5.7583e-11
6.20479e-11
6.64865e-11
7.07857e-11
7.48069e-11
7.83877e-11
8.13466e-11
8.34913e-11
8.46318e-11
8.45969e-11
8.3253e-11
8.05208e-11
7.6389e-11
7.09192e-11
6.42412e-11
5.65382e-11
4.80248e-11
3.8921e-11
2.94282e-11
1.97087e-11
9.87638e-12
3.37734e-33
4.42561e-16
2.99173e-13
5.83734e-13
8.54732e-13
1.11281e-12
1.35858e-12
1.59263e-12
1.81551e-12
2.02775e-12
2.22986e-12
2.42233e-12
2.60561e-12
2.78014e-12
2.94633e-12
3.1046e-12
3.2553e-12
3.39882e-12
3.53548e-12
3.66561e-12
3.78954e-12
3.90754e-12
4.01992e-12
4.12693e-12
4.22883e-12
4.32587e-12
4.41828e-12
4.50628e-12
4.59008e-12
4.66988e-12
4.74587e-12
4.81824e-12
4.88716e-12
5.64568e-12
6.47904e-12
7.39431e-12
8.39915e-12
9.50178e-12
1.0711e-11
1.20361e-11
1.3487e-11
1.50737e-11
1.68068e-11
1.86965e-11
2.07529e-11
2.29852e-11
2.54012e-11
2.80063e-11
3.08028e-11
3.3788e-11
3.6953e-11
4.02804e-11
4.3742e-11
4.72962e-11
5.08854e-11
5.44331e-11
5.78425e-11
6.09957e-11
6.37551e-11
6.59674e-11
6.74712e-11
6.81078e-11
6.77353e-11
6.62435e-11
6.35686e-11
5.97036e-11
5.47014e-11
4.86707e-11
4.17631e-11
3.41543e-11
2.60233e-11
1.75335e-11
8.82137e-12
3.32259e-33
3.27645e-16
2.21499e-13
4.3218e-13
6.32822e-13
8.23899e-13
1.00586e-12
1.17915e-12
1.34418e-12
1.50133e-12
1.65098e-12
1.79349e-12
1.9292e-12
2.05843e-12
2.1815e-12
2.29869e-12
2.41029e-12
2.51657e-12
2.61777e-12
2.71414e-12
2.80592e-12
2.89331e-12
2.97654e-12
3.05579e-12
3.13126e-12
3.20313e-12
3.27157e-12
3.33675e-12
3.39881e-12
3.45792e-12
3.51421e-12
3.56781e-12
3.61886e-12
4.18075e-12
4.79818e-12
5.47644e-12
6.22128e-12
7.0389e-12
7.93593e-12
8.91947e-12
9.99704e-12
1.11765e-11
1.2466e-11
1.38738e-11
1.54081e-11
1.70768e-11
1.88869e-11
2.08443e-11
2.29527e-11
2.5213e-11
2.76221e-11
3.01712e-11
3.28445e-11
3.56171e-11
3.84524e-11
4.13005e-11
4.40957e-11
4.67553e-11
4.91791e-11
5.12506e-11
5.28406e-11
5.38139e-11
5.40382e-11
5.33959e-11
5.17968e-11
4.91898e-11
4.55713e-11
4.09873e-11
3.55299e-11
2.93259e-11
2.2522e-11
1.52697e-11
7.71456e-12
3.20095e-33
2.39752e-16
1.62086e-13
3.16257e-13
4.63081e-13
6.02908e-13
7.36068e-13
8.6288e-13
9.83644e-13
1.09865e-12
1.20817e-12
1.31246e-12
1.41178e-12
1.50636e-12
1.59643e-12
1.6822e-12
1.76388e-12
1.84166e-12
1.91573e-12
1.98627e-12
2.05344e-12
2.11741e-12
2.17832e-12
2.23633e-12
2.29157e-12
2.34418e-12
2.39428e-12
2.44199e-12
2.48742e-12
2.53069e-12
2.57189e-12
2.61113e-12
2.6485e-12
3.05985e-12
3.51193e-12
4.00864e-12
4.55423e-12
5.15329e-12
5.81078e-12
6.53199e-12
7.32257e-12
8.18848e-12
9.13596e-12
1.01714e-11
1.13014e-11
1.25321e-11
1.38697e-11
1.53195e-11
1.68855e-11
1.85703e-11
2.03736e-11
2.2292e-11
2.4317e-11
2.64342e-11
2.86214e-11
3.08469e-11
3.30674e-11
3.52266e-11
3.72542e-11
3.9065e-11
4.05609e-11
4.16336e-11
4.21703e-11
4.20612e-11
4.121e-11
3.95437e-11
3.70226e-11
3.36469e-11
2.94586e-11
2.4538e-11
1.89954e-11
1.29607e-11
6.57602e-12
3.00611e-33
1.72583e-16
1.1668e-13
2.27662e-13
3.33356e-13
4.34014e-13
5.29873e-13
6.21162e-13
7.08099e-13
7.9089e-13
8.69733e-13
9.44816e-13
1.01632e-12
1.08441e-12
1.14925e-12
1.211e-12
1.26981e-12
1.32581e-12
1.37914e-12
1.42992e-12
1.47829e-12
1.52434e-12
1.5682e-12
1.60997e-12
1.64975e-12
1.68762e-12
1.7237e-12
1.75805e-12
1.79076e-12
1.82192e-12
1.85159e-12
1.87984e-12
1.90675e-12
2.20297e-12
2.52856e-12
2.88635e-12
3.27941e-12
3.7111e-12
4.18502e-12
4.70506e-12
5.27537e-12
5.90037e-12
6.5847e-12
7.33319e-12
8.1508e-12
9.04247e-12
1.0013e-11
1.1067e-11
1.2208e-11
1.34391e-11
1.47614e-11
1.6174e-11
1.7673e-11
1.92506e-11
2.08936e-11
2.25824e-11
2.42895e-11
2.59777e-11
2.7599e-11
2.90937e-11
3.03904e-11
3.1407e-11
3.20536e-11
3.22371e-11
3.18681e-11
3.0869e-11
2.91829e-11
2.67814e-11
2.36701e-11
1.98905e-11
1.55173e-11
1.06538e-11
5.42841e-12
2.73403e-33
1.21156e-16
8.19132e-14
1.59826e-13
2.34027e-13
3.04693e-13
3.7199e-13
4.3608e-13
4.97114e-13
5.55238e-13
6.10591e-13
6.63304e-13
7.13504e-13
7.6131e-13
8.06836e-13
8.50191e-13
8.91478e-13
9.30796e-13
9.68239e-13
1.0039e-12
1.03785e-12
1.07019e-12
1.10099e-12
1.13032e-12
1.15824e-12
1.18484e-12
1.21017e-12
1.23429e-12
1.25726e-12
1.27914e-12
1.29997e-12
1.31981e-12
1.33871e-12
1.54673e-12
1.77538e-12
2.02668e-12
2.3028e-12
2.60611e-12
2.93917e-12
3.30474e-12
3.7058e-12
4.14549e-12
4.62719e-12
5.1544e-12
5.73076e-12
6.35995e-12
7.04565e-12
7.79135e-12
8.60021e-12
9.47482e-12
1.04168e-11
1.14266e-11
1.25026e-11
1.36409e-11
1.4834e-11
1.60703e-11
1.73326e-11
1.85972e-11
1.98326e-11
2.09984e-11
2.2045e-11
2.29133e-11
2.35358e-11
2.38397e-11
2.37502e-11
2.31968e-11
2.21199e-11
2.04784e-11
1.8256e-11
1.5466e-11
1.21531e-11
8.3933e-12
4.29385e-12
2.38227e-33
8.14586e-17
5.50748e-14
1.0746e-13
1.5735e-13
2.04863e-13
2.50111e-13
2.93203e-13
3.3424e-13
3.73322e-13
4.1054e-13
4.45984e-13
4.79737e-13
5.11882e-13
5.42493e-13
5.71645e-13
5.99407e-13
6.25846e-13
6.51023e-13
6.75e-13
6.97834e-13
7.19579e-13
7.40288e-13
7.60009e-13
7.78789e-13
7.96675e-13
8.13707e-13
8.29928e-13
8.45376e-13
8.60087e-13
8.74097e-13
8.87439e-13
9.00145e-13
1.04004e-12
1.19382e-12
1.36285e-12
1.54859e-12
1.75265e-12
1.97677e-12
2.22282e-12
2.49282e-12
2.78894e-12
3.11348e-12
3.46886e-12
3.85762e-12
4.28234e-12
4.74564e-12
5.25006e-12
5.79799e-12
6.39148e-12
7.03208e-12
7.72056e-12
8.45659e-12
9.23828e-12
1.00617e-11
1.09201e-11
1.18033e-11
1.26969e-11
1.3581e-11
1.44297e-11
1.52102e-11
1.58826e-11
1.63998e-11
1.6709e-11
1.67535e-11
1.64769e-11
1.58272e-11
1.47631e-11
1.32595e-11
1.13132e-11
8.94694e-12
6.21157e-12
3.1892e-12
1.94775e-33
5.01263e-17
3.38913e-14
6.61276e-14
9.68283e-14
1.26066e-13
1.53911e-13
1.80428e-13
2.05682e-13
2.29732e-13
2.52635e-13
2.74447e-13
2.95219e-13
3.15e-13
3.33838e-13
3.51779e-13
3.68863e-13
3.85134e-13
4.00628e-13
4.15384e-13
4.29436e-13
4.42819e-13
4.55563e-13
4.677e-13
4.79258e-13
4.90265e-13
5.00748e-13
5.10731e-13
5.20238e-13
5.29292e-13
5.37914e-13
5.46125e-13
5.53945e-13
6.40045e-13
7.34699e-13
8.38742e-13
9.53084e-13
1.07871e-12
1.21671e-12
1.36823e-12
1.53454e-12
1.71698e-12
1.91699e-12
2.13609e-12
2.37588e-12
2.63799e-12
2.92411e-12
3.2359e-12
3.57491e-12
3.94259e-12
4.34007e-12
4.76807e-12
5.2267e-12
5.71519e-12
6.23158e-12
6.77231e-12
7.33179e-12
7.90178e-12
8.47086e-12
9.02374e-12
9.54073e-12
9.99727e-12
1.03639e-11
1.06065e-11
1.06874e-11
1.05675e-11
1.0209e-11
9.57915e-12
8.6548e-12
7.42677e-12
5.90392e-12
4.11652e-12
2.11982e-12
1.42176e-33
2.40798e-17
1.62809e-14
3.17668e-14
4.65149e-14
6.05604e-14
7.39367e-14
8.66754e-14
9.8807e-14
1.1036e-13
1.21363e-13
1.31841e-13
1.4182e-13
1.51323e-13
1.60373e-13
1.68991e-13
1.77199e-13
1.85015e-13
1.92459e-13
1.99548e-13
2.06298e-13
2.12728e-13
2.1885e-13
2.24681e-13
2.30234e-13
2.35522e-13
2.40558e-13
2.45354e-13
2.49921e-13
2.54271e-13
2.58413e-13
2.62358e-13
2.66115e-13
3.0748e-13
3.52956e-13
4.02946e-13
4.57887e-13
5.18256e-13
5.84571e-13
6.57396e-13
7.37336e-13
8.25045e-13
9.21217e-13
1.02659e-12
1.14195e-12
1.2681e-12
1.40586e-12
1.55605e-12
1.71947e-12
1.89685e-12
2.08879e-12
2.29572e-12
2.51779e-12
2.75475e-12
3.0058e-12
3.26941e-12
3.54312e-12
3.82319e-12
4.10439e-12
4.37961e-12
4.63957e-12
4.87256e-12
5.06426e-12
5.1979e-12
5.25454e-12
5.21403e-12
5.05627e-12
4.76313e-12
4.32073e-12
3.72204e-12
2.96931e-12
2.07646e-12
1.07146e-12
7.80694e-34
7.12533e-42
9.38129e-41
3.08552e-40
6.19949e-40
9.9613e-40
1.41163e-39
1.84633e-39
2.28451e-39
2.71411e-39
3.12605e-39
3.51372e-39
3.87248e-39
4.19931e-39
4.49247e-39
4.75123e-39
4.97567e-39
5.16648e-39
5.32481e-39
5.45216e-39
5.55024e-39
5.62095e-39
5.66626e-39
5.68818e-39
5.68874e-39
5.66991e-39
5.63362e-39
5.58171e-39
5.51594e-39
5.43797e-39
5.34937e-39
5.25159e-39
3.47804e-38
8.24321e-38
1.19428e-37
1.71172e-37
2.43105e-37
3.42587e-37
4.79546e-37
6.67348e-37
9.23959e-37
1.27348e-36
1.74816e-36
2.39112e-36
3.25984e-36
4.43079e-36
6.00547e-36
8.1182e-36
1.09462e-35
1.47224e-35
1.97514e-35
2.64299e-35
3.52706e-35
4.69314e-35
6.2248e-35
8.22689e-35
1.08289e-34
1.41877e-34
1.8488e-34
2.39393e-34
3.07666e-34
3.91909e-34
4.93948e-34
6.14667e-34
7.53192e-34
9.05745e-34
1.06417e-33
1.21414e-33
1.33325e-33
1.38921e-33
1.33856e-33
1.12691e-33
6.91936e-34
2.71014e-34
