-3.65478e-40
-4.81192e-39
-1.58265e-38
-3.17989e-38
-5.10942e-38
-7.24064e-38
-9.47032e-38
-1.17179e-37
-1.39213e-37
-1.60343e-37
-1.80227e-37
-1.98629e-37
-2.15392e-37
-2.30428e-37
-2.437e-37
-2.55212e-37
-2.64999e-37
-2.7312e-37
-2.79651e-37
-2.84681e-37
-2.88308e-37
-2.90631e-37
-2.91756e-37
-2.91784e-37
-2.90818e-37
-2.88956e-37
-2.86293e-37
-2.82919e-37
-2.7892e-37
-2.74375e-37
-2.6936e-37
-1.78391e-36
-4.22797e-36
-6.12542e-36
-8.77916e-36
-1.24682e-35
-1.75699e-35
-2.4593e-35
-3.42227e-35
-4.73795e-35
-6.52979e-35
-8.96299e-35
-1.22582e-34
-1.67096e-34
-2.27083e-34
-3.07728e-34
-4.15892e-34
-5.60611e-34
-7.53751e-34
-1.01081e-33
-1.35191e-33
-1.80303e-33
-2.39739e-33
-3.17702e-33
-4.19444e-33
-5.51418e-33
-7.21374e-33
-9.38361e-33
-1.21252e-32
-1.55453e-32
-1.9746e-32
-2.48063e-32
-3.07549e-32
-3.75299e-32
-4.49248e-32
-5.2521e-32
-5.96093e-32
-6.51072e-32
-6.74841e-32
-6.47102e-32
-5.42595e-32
-3.32249e-32
-6.17509e-33
2.84836e-17
1.92583e-14
3.75761e-14
5.50214e-14
7.16354e-14
8.74578e-14
1.02526e-13
1.16876e-13
1.30542e-13
1.43557e-13
1.55951e-13
1.67754e-13
1.78995e-13
1.897e-13
1.99894e-13
2.09602e-13
2.18848e-13
2.27652e-13
2.36037e-13
2.44022e-13
2.51627e-13
2.58869e-13
2.65765e-13
2.72333e-13
2.78588e-13
2.84545e-13
2.90217e-13
2.9562e-13
3.00765e-13
3.05664e-13
3.1033e-13
3.14774e-13
3.637e-13
4.17487e-13
4.7661e-13
5.41586e-13
6.12978e-13
6.91398e-13
7.77507e-13
8.72021e-13
9.75705e-13
1.08938e-12
1.21391e-12
1.3502e-12
1.4992e-12
1.66185e-12
1.83911e-12
2.03188e-12
2.24097e-12
2.46705e-12
2.71055e-12
2.97154e-12
3.24961e-12
3.54367e-12
3.85174e-12
4.17067e-12
4.49581e-12
4.82071e-12
5.13669e-12
5.43254e-12
5.69429e-12
5.90505e-12
6.0453e-12
6.09342e-12
6.02687e-12
5.82382e-12
5.46544e-12
4.93841e-12
4.23757e-12
3.36826e-12
2.34812e-12
1.20898e-12
-3.54952e-32
5.95522e-17
4.02639e-14
7.85618e-14
1.15035e-13
1.49771e-13
1.82851e-13
2.14354e-13
2.44356e-13
2.72928e-13
3.00137e-13
3.2605e-13
3.50727e-13
3.74227e-13
3.96607e-13
4.1792e-13
4.38216e-13
4.57545e-13
4.75952e-13
4.93482e-13
5.10176e-13
5.26074e-13
5.41214e-13
5.55632e-13
5.69362e-13
5.82439e-13
5.94891e-13
6.0675e-13
6.18044e-13
6.288e-13
6.39043e-13
6.48797e-13
6.58087e-13
7.60365e-13
8.72803e-13
9.96388e-13
1.1322e-12
1.28141e-12
1.44529e-12
1.62523e-12
1.82269e-12
2.03927e-12
2.27667e-12
2.53667e-12
2.82113e-12
3.13197e-12
3.47114e-12
3.84053e-12
4.24194e-12
4.67693e-12
5.14672e-12
5.65199e-12
6.19262e-12
6.7674e-12
7.37364e-12
8.00669e-12
8.65937e-12
9.32135e-12
9.97842e-12
1.06119e-11
1.11978e-11
1.17069e-11
1.21043e-11
1.23506e-11
1.24031e-11
1.22185e-11
1.17566e-11
1.09843e-11
9.88107e-12
8.44261e-12
6.68466e-12
4.64517e-12
2.38637e-12
-6.45485e-32
9.74298e-17
6.58724e-14
1.28528e-13
1.88199e-13
2.45026e-13
2.99145e-13
3.50684e-13
3.99767e-13
4.46509e-13
4.91023e-13
5.33415e-13
5.73785e-13
6.1223e-13
6.48842e-13
6.83708e-13
7.16911e-13
7.48531e-13
7.78643e-13
8.07319e-13
8.34628e-13
8.60634e-13
8.85401e-13
9.08986e-13
9.31447e-13
9.52837e-13
9.73207e-13
9.92607e-13
1.01108e-12
1.02867e-12
1.04543e-12
1.06139e-12
1.07658e-12
1.24388e-12
1.42778e-12
1.6299e-12
1.852e-12
2.09597e-12
2.3639e-12
2.65801e-12
2.9807e-12
3.33454e-12
3.72224e-12
4.14666e-12
4.61077e-12
5.11759e-12
5.67013e-12
6.27132e-12
6.92381e-12
7.62985e-12
8.39097e-12
9.20773e-12
1.00792e-11
1.10026e-11
1.19725e-11
1.29799e-11
1.40118e-11
1.50497e-11
1.60687e-11
1.7037e-11
1.79147e-11
1.86539e-11
1.91993e-11
1.94902e-11
1.94632e-11
1.90572e-11
1.82192e-11
1.69101e-11
1.51117e-11
1.28308e-11
1.01017e-11
6.98701e-12
3.57798e-12
-8.82329e-32
1.46213e-16
9.88523e-14
1.92877e-13
2.82422e-13
3.677e-13
4.48914e-13
5.26255e-13
5.9991e-13
6.70052e-13
7.3685e-13
8.00462e-13
8.6104e-13
9.18729e-13
9.73667e-13
1.02598e-12
1.07581e-12
1.12325e-12
1.16844e-12
1.21146e-12
1.25244e-12
1.29146e-12
1.32862e-12
1.36401e-12
1.39771e-12
1.4298e-12
1.46037e-12
1.48947e-12
1.51719e-12
1.54359e-12
1.56873e-12
1.59267e-12
1.61547e-12
1.86646e-12
2.14234e-12
2.44552e-12
2.77861e-12
3.14446e-12
3.54614e-12
3.98696e-12
4.47046e-12
5.00041e-12
5.5808e-12
6.21577e-12
6.9096e-12
7.66658e-12
8.49095e-12
9.38664e-12
1.03571e-11
1.14051e-11
1.25319e-11
1.37374e-11
1.50187e-11
1.63699e-11
1.77807e-11
1.92355e-11
2.07119e-11
2.21793e-11
2.35981e-11
2.49182e-11
2.60789e-11
2.70096e-11
2.7632e-11
2.78631e-11
2.76215e-11
2.68341e-11
2.54443e-11
2.34195e-11
2.07571e-11
1.74873e-11
1.36724e-11
9.40337e-12
4.79677e-12
-1.07612e-31
2.10604e-16
1.42382e-13
2.77812e-13
4.06788e-13
5.29617e-13
6.46591e-13
7.57987e-13
8.64072e-13
9.65098e-13
1.0613e-12
1.15292e-12
1.24017e-12
1.32326e-12
1.40238e-12
1.47773e-12
1.54948e-12
1.61781e-12
1.68288e-12
1.74484e-12
1.80385e-12
1.86005e-12
1.91356e-12
1.96452e-12
2.01306e-12
2.05927e-12
2.10328e-12
2.1452e-12
2.18511e-12
2.22312e-12
2.25932e-12
2.29379e-12
2.32662e-12
2.68801e-12
3.0852e-12
3.52163e-12
4.00103e-12
4.52746e-12
5.10529e-12
5.73921e-12
6.43421e-12
7.19558e-12
8.02888e-12
8.93982e-12
9.93423e-12
1.10179e-11
1.21962e-11
1.34742e-11
1.48559e-11
1.63437e-11
1.79383e-11
1.96372e-11
2.14338e-11
2.33167e-11
2.52674e-11
2.72594e-11
2.92561e-11
3.12094e-11
3.30581e-11
3.47281e-11
3.61323e-11
3.71734e-11
3.77481e-11
3.77538e-11
3.70973e-11
3.57044e-11
3.35295e-11
3.05626e-11
2.6833e-11
2.24073e-11
1.73832e-11
1.18805e-11
6.03456e-12
-1.23093e-31
2.96496e-16
2.00444e-13
3.91098e-13
5.72667e-13
7.45582e-13
9.10252e-13
1.06707e-12
1.21641e-12
1.35862e-12
1.49405e-12
1.62302e-12
1.74583e-12
1.86278e-12
1.97416e-12
2.08022e-12
2.18121e-12
2.27739e-12
2.36898e-12
2.45619e-12
2.53925e-12
2.61834e-12
2.69366e-12
2.76538e-12
2.83369e-12
2.89873e-12
2.96067e-12
3.01966e-12
3.07583e-12
3.12932e-12
3.18026e-12
3.22878e-12
3.27498e-12
3.78352e-12
4.34235e-12
4.95628e-12
5.63052e-12
6.37069e-12
7.18285e-12
8.07344e-12
9.04933e-12
1.01177e-11
1.1286e-11
1.2562e-11
1.39531e-11
1.54667e-11
1.71095e-11
1.88872e-11
2.08036e-11
2.28603e-11
2.50551e-11
2.73812e-11
2.98253e-11
3.23662e-11
3.49725e-11
3.76004e-11
4.01923e-11
4.26744e-11
4.49568e-11
4.69336e-11
4.84863e-11
4.94885e-11
4.98144e-11
4.93491e-11
4.80003e-11
4.571e-11
4.24636e-11
3.82932e-11
3.32761e-11
2.75256e-11
2.11782e-11
1.4379e-11
7.27127e-12
-1.34844e-31
4.11576e-16
2.7823e-13
5.4287e-13
7.94898e-13
1.03491e-12
1.26348e-12
1.48114e-12
1.68842e-12
1.88581e-12
2.07378e-12
2.25278e-12
2.42323e-12
2.58554e-12
2.74011e-12
2.8873e-12
3.02747e-12
3.16094e-12
3.28804e-12
3.40907e-12
3.52432e-12
3.63408e-12
3.73859e-12
3.83812e-12
3.9329e-12
4.02315e-12
4.1091e-12
4.19094e-12
4.26888e-12
4.3431e-12
4.41378e-12
4.48109e-12
4.54519e-12
5.2507e-12
6.02584e-12
6.87721e-12
7.81196e-12
8.83775e-12
9.96281e-12
1.11959e-11
1.25461e-11
1.40231e-11
1.56366e-11
1.73964e-11
1.93122e-11
2.13926e-11
2.36454e-11
2.60761e-11
2.86873e-11
3.14773e-11
3.44389e-11
3.75569e-11
4.08064e-11
4.41503e-11
4.75366e-11
5.08957e-11
5.41392e-11
5.71582e-11
5.98249e-11
6.19954e-11
6.35165e-11
6.42354e-11
6.40123e-11
6.27354e-11
6.03343e-11
5.67912e-11
5.21458e-11
4.64923e-11
3.99689e-11
3.27407e-11
2.49802e-11
1.6848e-11
8.48217e-12
-1.43014e-31
5.66052e-16
3.82635e-13
7.4658e-13
1.09318e-12
1.42325e-12
1.73757e-12
2.0369e-12
2.32194e-12
2.59337e-12
2.85184e-12
3.09798e-12
3.33236e-12
3.55554e-12
3.76807e-12
3.97045e-12
4.16316e-12
4.34667e-12
4.52141e-12
4.68781e-12
4.84626e-12
4.99715e-12
5.14083e-12
5.27764e-12
5.40793e-12
5.532e-12
5.65014e-12
5.76264e-12
5.86978e-12
5.9718e-12
6.06895e-12
6.16146e-12
6.24956e-12
7.21916e-12
8.28422e-12
9.4537e-12
1.07373e-11
1.21452e-11
1.36886e-11
1.5379e-11
1.72284e-11
1.92494e-11
2.14544e-11
2.38557e-11
2.64646e-11
2.92911e-11
3.23427e-11
3.56236e-11
3.91327e-11
4.28618e-11
4.67937e-11
5.08991e-11
5.51339e-11
5.94357e-11
6.37212e-11
6.78835e-11
7.17911e-11
7.52893e-11
7.8204e-11
8.03495e-11
8.15409e-11
8.16094e-11
8.04202e-11
7.78895e-11
7.39981e-11
6.87968e-11
6.24037e-11
5.49909e-11
4.67637e-11
3.79359e-11
2.87059e-11
1.92361e-11
9.64307e-12
-1.47832e-31
7.73677e-16
5.22947e-13
1.02035e-12
1.49403e-12
1.94513e-12
2.37469e-12
2.78375e-12
3.17329e-12
3.54421e-12
3.89742e-12
4.23376e-12
4.55403e-12
4.85899e-12
5.14938e-12
5.42589e-12
5.68919e-12
5.93991e-12
6.17865e-12
6.40597e-12
6.62244e-12
6.82856e-12
7.02484e-12
7.21174e-12
7.38971e-12
7.55917e-12
7.72055e-12
7.87422e-12
8.02054e-12
8.15988e-12
8.29257e-12
8.41893e-12
8.53925e-12
9.8633e-12
1.13173e-11
1.29133e-11
1.46643e-11
1.65839e-11
1.86867e-11
2.09879e-11
2.35031e-11
2.6248e-11
2.92381e-11
3.24881e-11
3.60106e-11
3.98157e-11
4.39092e-11
4.82905e-11
5.2951e-11
5.78703e-11
6.3014e-11
6.83292e-11
7.37411e-11
7.9149e-11
8.44238e-11
8.94065e-11
9.39093e-11
9.77211e-11
1.00617e-10
1.02373e-10
1.02786e-10
1.01692e-10
9.89942e-11
9.46713e-11
8.87901e-11
8.14995e-11
7.3015e-11
6.35934e-11
5.35036e-11
4.2996e-11
3.22785e-11
2.14981e-11
1.07337e-11
-1.49627e-31
1.05266e-15
7.11455e-13
1.38815e-12
2.03257e-12
2.64625e-12
3.23063e-12
3.78711e-12
4.317e-12
4.82157e-12
5.30202e-12
5.75951e-12
6.19512e-12
6.6099e-12
7.00485e-12
7.38092e-12
7.739e-12
8.07995e-12
8.4046e-12
8.71373e-12
9.00808e-12
9.28835e-12
9.55523e-12
9.80934e-12
1.00513e-11
1.02817e-11
1.05011e-11
1.071e-11
1.09089e-11
1.10984e-11
1.12787e-11
1.14505e-11
1.1614e-11
1.34135e-11
1.5389e-11
1.75565e-11
1.99331e-11
2.2537e-11
2.53871e-11
2.85028e-11
3.19039e-11
3.56099e-11
3.96392e-11
4.40081e-11
4.87296e-11
5.38115e-11
5.92542e-11
6.50478e-11
7.11689e-11
7.75762e-11
8.42065e-11
9.09693e-11
9.7743e-11
1.04371e-10
1.1066e-10
1.16382e-10
1.21281e-10
1.25083e-10
1.27516e-10
1.28334e-10
1.27341e-10
1.24421e-10
1.19554e-10
1.12825e-10
1.04423e-10
9.46185e-11
8.37316e-11
7.20998e-11
6.00401e-11
4.78198e-11
3.56351e-11
2.35993e-11
1.17392e-11
-8.17891e-32
1.07828e-15
7.28771e-13
1.42193e-12
2.08204e-12
2.71065e-12
3.30925e-12
3.87927e-12
4.42205e-12
4.93889e-12
5.43103e-12
5.89964e-12
6.34585e-12
6.77072e-12
7.17527e-12
7.56048e-12
7.92726e-12
8.2765e-12
8.60904e-12
8.92568e-12
9.22718e-12
9.51426e-12
9.78761e-12
1.00479e-11
1.02957e-11
1.05317e-11
1.07565e-11
1.09704e-11
1.11742e-11
1.13682e-11
1.1553e-11
1.17289e-11
1.18964e-11
1.37395e-11
1.57629e-11
1.79828e-11
2.04168e-11
2.30833e-11
2.60018e-11
2.9192e-11
3.26741e-11
3.64678e-11
4.05918e-11
4.50624e-11
4.98926e-11
5.50899e-11
6.06541e-11
6.65742e-11
7.28252e-11
7.93638e-11
8.61237e-11
9.3011e-11
9.98993e-11
1.06627e-10
1.12994e-10
1.18768e-10
1.23685e-10
1.27466e-10
1.29838e-10
1.30553e-10
1.29418e-10
1.26321e-10
1.21252e-10
1.14306e-10
1.05683e-10
9.56625e-11
8.45744e-11
7.27614e-11
6.05434e-11
4.81879e-11
3.58893e-11
2.37575e-11
1.18146e-11
-1.11193e-32
1.42538e-15
9.63268e-13
1.87947e-12
2.75196e-12
3.58281e-12
4.37397e-12
5.12733e-12
5.84468e-12
6.52773e-12
7.17811e-12
7.79737e-12
8.387e-12
8.94842e-12
9.48297e-12
9.99193e-12
1.04765e-11
1.0938e-11
1.13773e-11
1.17956e-11
1.21939e-11
1.25731e-11
1.29342e-11
1.3278e-11
1.36054e-11
1.39171e-11
1.42139e-11
1.44965e-11
1.47656e-11
1.50218e-11
1.52658e-11
1.54981e-11
1.57193e-11
1.81528e-11
2.08231e-11
2.37516e-11
2.69606e-11
3.04737e-11
3.43152e-11
3.85096e-11
4.30814e-11
4.80537e-11
5.34472e-11
5.92788e-11
6.55588e-11
7.22891e-11
7.94587e-11
8.70404e-11
9.49853e-11
1.03217e-10
1.11628e-10
1.20071e-10
1.28354e-10
1.36244e-10
1.43462e-10
1.49696e-10
1.54611e-10
1.57876e-10
1.59189e-10
1.58315e-10
1.55113e-10
1.49564e-10
1.41778e-10
1.31995e-10
1.2055e-10
1.07847e-10
9.43059e-11
8.03257e-11
6.6247e-11
5.23277e-11
3.87304e-11
2.55171e-11
1.26507e-11
-1.09068e-32
1.92269e-15
1.29919e-12
2.53488e-12
3.7116e-12
4.83213e-12
5.89912e-12
6.91508e-12
7.88245e-12
8.80352e-12
9.68049e-12
1.05155e-11
1.13105e-11
1.20674e-11
1.2788e-11
1.34742e-11
1.41274e-11
1.47494e-11
1.53416e-11
1.59054e-11
1.64421e-11
1.69532e-11
1.74398e-11
1.79031e-11
1.83443e-11
1.87643e-11
1.91642e-11
1.95449e-11
1.99075e-11
2.02527e-11
2.05814e-11
2.08943e-11
2.11923e-11
2.44696e-11
2.80643e-11
3.20041e-11
3.63181e-11
4.10363e-11
4.61896e-11
5.18081e-11
5.7921e-11
6.45545e-11
7.17301e-11
7.9462e-11
8.77534e-11
9.65928e-11
1.05949e-10
1.15763e-10
1.25946e-10
1.36366e-10
1.46846e-10
1.57155e-10
1.67008e-10
1.76066e-10
1.83945e-10
1.90237e-10
1.94535e-10
1.96469e-10
1.9575e-10
1.92206e-10
1.85817e-10
1.76725e-10
1.65228e-10
1.5175e-10
1.36791e-10
1.20879e-10
1.0451e-10
8.81155e-11
7.20267e-11
5.6465e-11
4.15374e-11
2.72403e-11
1.34648e-11
-1.10144e-32
2.58105e-15
1.7438e-12
3.40235e-12
4.98173e-12
6.48564e-12
7.91763e-12
9.2811e-12
1.05793e-11
1.18153e-11
1.29921e-11
1.41124e-11
1.51791e-11
1.61946e-11
1.71614e-11
1.80818e-11
1.89581e-11
1.97923e-11
2.05865e-11
2.13427e-11
2.20626e-11
2.27479e-11
2.34004e-11
2.40217e-11
2.46131e-11
2.51762e-11
2.57124e-11
2.62228e-11
2.67088e-11
2.71715e-11
2.76121e-11
2.80316e-11
2.8431e-11
3.28224e-11
3.76363e-11
4.29087e-11
4.86767e-11
5.49783e-11
6.18512e-11
6.93319e-11
7.74535e-11
8.62434e-11
9.57205e-11
1.05891e-10
1.16743e-10
1.2824e-10
1.40316e-10
1.52863e-10
1.65725e-10
1.78689e-10
1.91476e-10
2.0374e-10
2.1507e-10
2.24996e-10
2.33018e-10
2.38633e-10
2.41383e-10
2.40909e-10
2.36995e-10
2.29613e-10
2.18941e-10
2.0535e-10
1.89368e-10
1.71622e-10
1.5277e-10
1.33435e-10
1.14155e-10
9.53511e-11
7.7314e-11
6.02007e-11
4.4045e-11
2.87673e-11
1.41824e-11
-6.40276e-33
2.72197e-15
1.83896e-12
3.58801e-12
5.25356e-12
6.83952e-12
8.34963e-12
9.78747e-12
1.11565e-11
1.24598e-11
1.37008e-11
1.48822e-11
1.60069e-11
1.70778e-11
1.80972e-11
1.90678e-11
1.99917e-11
2.08714e-11
2.17088e-11
2.25061e-11
2.32652e-11
2.39878e-11
2.46758e-11
2.53308e-11
2.59544e-11
2.65481e-11
2.71133e-11
2.76515e-11
2.81639e-11
2.86517e-11
2.91162e-11
2.95585e-11
2.99795e-11
3.4609e-11
3.96833e-11
4.52401e-11
5.13182e-11
5.79571e-11
6.5196e-11
7.30722e-11
8.16195e-11
9.08654e-11
1.00828e-10
1.1151e-10
1.22896e-10
1.34945e-10
1.47581e-10
1.60684e-10
1.74083e-10
1.87546e-10
2.00774e-10
2.13393e-10
2.24966e-10
2.34999e-10
2.42967e-10
2.48353e-10
2.50695e-10
2.49642e-10
2.45001e-10
2.36781e-10
2.25203e-10
2.10688e-10
1.93808e-10
1.75229e-10
1.55634e-10
1.35659e-10
1.15844e-10
9.66068e-11
7.82238e-11
6.0839e-11
4.4471e-11
2.90255e-11
1.43034e-11
-2.393e-33
3.44779e-15
2.32899e-12
4.5441e-12
6.65341e-12
8.66187e-12
1.05742e-11
1.2395e-11
1.41284e-11
1.57788e-11
1.735e-11
1.88457e-11
2.02697e-11
2.16252e-11
2.29157e-11
2.41442e-11
2.53137e-11
2.6427e-11
2.74869e-11
2.84959e-11
2.94564e-11
3.03708e-11
3.12413e-11
3.207e-11
3.28589e-11
3.361e-11
3.43251e-11
3.50059e-11
3.5654e-11
3.6271e-11
3.68585e-11
3.74179e-11
3.79504e-11
4.38037e-11
5.02161e-11
5.72333e-11
6.49022e-11
7.32697e-11
8.2381e-11
9.2278e-11
1.02996e-10
1.1456e-10
1.2698e-10
1.40244e-10
1.54314e-10
1.69112e-10
1.84511e-10
2.00328e-10
2.16309e-10
2.32119e-10
2.47342e-10
2.61477e-10
2.73953e-10
2.84156e-10
2.91465e-10
2.9531e-10
2.95238e-10
2.90971e-10
2.82466e-10
2.6993e-10
2.53821e-10
2.34794e-10
2.13631e-10
1.91156e-10
1.68149e-10
1.45286e-10
1.23098e-10
1.01956e-10
8.20749e-11
6.35259e-11
4.62563e-11
3.01043e-11
1.48078e-11
-3.11296e-33
4.59262e-15
3.1017e-12
6.05168e-12
8.8607e-12
1.15353e-11
1.40818e-11
1.65062e-11
1.88142e-11
2.10114e-11
2.3103e-11
2.50941e-11
2.69895e-11
2.87937e-11
3.05111e-11
3.21459e-11
3.37021e-11
3.51834e-11
3.65934e-11
3.79357e-11
3.92133e-11
4.04296e-11
4.15873e-11
4.26894e-11
4.37386e-11
4.47373e-11
4.5688e-11
4.65931e-11
4.74548e-11
4.8275e-11
4.90559e-11
4.97994e-11
5.05071e-11
5.82839e-11
6.67967e-11
7.61032e-11
8.62614e-11
9.73277e-11
1.09354e-10
1.22386e-10
1.36457e-10
1.51581e-10
1.6775e-10
1.8492e-10
2.03001e-10
2.21849e-10
2.41245e-10
2.60888e-10
2.80379e-10
2.99216e-10
3.16795e-10
3.32422e-10
3.45344e-10
3.54797e-10
3.60072e-10
3.60595e-10
3.5601e-10
3.46238e-10
3.3152e-10
3.12408e-10
2.89706e-10
2.64385e-10
2.37471e-10
2.09944e-10
1.82651e-10
1.56263e-10
1.31249e-10
1.07892e-10
8.63022e-11
6.64487e-11
4.81841e-11
3.12628e-11
1.53476e-11
-3.25122e-33
6.09825e-15
4.11757e-12
8.03364e-12
1.17625e-11
1.53127e-11
1.86927e-11
2.19104e-11
2.49734e-11
2.78892e-11
3.06646e-11
3.33063e-11
3.58209e-11
3.82142e-11
4.04922e-11
4.26605e-11
4.47242e-11
4.66884e-11
4.8558e-11
5.03375e-11
5.20312e-11
5.36433e-11
5.51778e-11
5.66384e-11
5.80287e-11
5.9352e-11
6.06117e-11
6.18108e-11
6.29522e-11
6.40388e-11
6.50731e-11
6.60578e-11
6.69951e-11
7.72895e-11
8.85479e-11
1.00842e-10
1.1424e-10
1.2881e-10
1.44607e-10
1.61676e-10
1.80039e-10
1.99689e-10
2.2058e-10
2.42611e-10
2.65613e-10
2.89331e-10
3.1341e-10
3.37374e-10
3.60623e-10
3.82428e-10
4.0195e-10
4.18269e-10
4.30445e-10
4.37597e-10
4.39002e-10
4.3419e-10
4.23039e-10
4.05814e-10
3.83169e-10
3.56081e-10
3.25746e-10
2.93438e-10
2.60382e-10
2.27644e-10
1.96068e-10
1.66255e-10
1.38564e-10
1.13153e-10
9.00095e-11
6.89895e-11
4.98483e-11
3.22576e-11
1.58095e-11
-3.04695e-33
8.0701e-15
5.44743e-12
1.06282e-11
1.5561e-11
2.02573e-11
2.47281e-11
2.89839e-11
3.30349e-11
3.68906e-11
4.05604e-11
4.40531e-11
4.73772e-11
5.05408e-11
5.35516e-11
5.64169e-11
5.91439e-11
6.1739e-11
6.42089e-11
6.65594e-11
6.87964e-11
7.09254e-11
7.29517e-11
7.48802e-11
7.67156e-11
7.84625e-11
8.01253e-11
8.17078e-11
8.32142e-11
8.46479e-11
8.60127e-11
8.73117e-11
8.85483e-11
1.02122e-10
1.1695e-10
1.3312e-10
1.50712e-10
1.69799e-10
1.90439e-10
2.12663e-10
2.3647e-10
2.61811e-10
2.88575e-10
3.16567e-10
3.45491e-10
3.74928e-10
4.04317e-10
4.32942e-10
4.5993e-10
4.84265e-10
5.04829e-10
5.20468e-10
5.30089e-10
5.32776e-10
5.2792e-10
5.15324e-10
4.95268e-10
4.68519e-10
4.36251e-10
3.99924e-10
3.61112e-10
3.2134e-10
2.81948e-10
2.44004e-10
2.08269e-10
1.7521e-10
1.45038e-10
1.17759e-10
9.32256e-11
7.11772e-11
5.12726e-11
3.31052e-11
1.6202e-11
-2.84059e-33
1.06434e-14
7.18207e-12
1.40124e-11
2.05155e-11
2.67064e-11
3.25996e-11
3.82089e-11
4.35476e-11
4.86284e-11
5.34637e-11
5.80651e-11
6.24438e-11
6.66106e-11
7.05755e-11
7.43484e-11
7.79385e-11
8.13547e-11
8.46055e-11
8.76989e-11
9.06425e-11
9.34436e-11
9.61091e-11
9.86457e-11
1.0106e-10
1.03357e-10
1.05543e-10
1.07624e-10
1.09604e-10
1.11489e-10
1.13282e-10
1.14989e-10
1.16614e-10
1.3444e-10
1.53888e-10
1.7506e-10
1.98047e-10
2.22924e-10
2.49737e-10
2.78491e-10
3.09139e-10
3.41556e-10
3.75524e-10
4.107e-10
4.46595e-10
4.8255e-10
5.17715e-10
5.51047e-10
5.81324e-10
6.07189e-10
6.27228e-10
6.40086e-10
6.44609e-10
6.4e-10
6.25957e-10
6.02763e-10
5.71298e-10
5.32966e-10
4.89534e-10
4.42935e-10
3.95061e-10
3.47589e-10
3.01867e-10
2.58866e-10
2.19191e-10
1.83125e-10
1.50698e-10
1.21749e-10
9.59896e-11
7.30453e-11
5.24827e-11
3.38226e-11
1.65334e-11
-2.63666e-33
1.39905e-14
9.43698e-12
1.84114e-11
2.69556e-11
3.5089e-11
4.28304e-11
5.01981e-11
5.72096e-11
6.38816e-11
7.02302e-11
7.62709e-11
8.20184e-11
8.74867e-11
9.26894e-11
9.76394e-11
1.02349e-10
1.06829e-10
1.11092e-10
1.15148e-10
1.19007e-10
1.22678e-10
1.26172e-10
1.29496e-10
1.32658e-10
1.35668e-10
1.38531e-10
1.41256e-10
1.43849e-10
1.46317e-10
1.48665e-10
1.50899e-10
1.53026e-10
1.7634e-10
2.01737e-10
2.29332e-10
2.59222e-10
2.91469e-10
3.26093e-10
3.63048e-10
4.02201e-10
4.43306e-10
4.85973e-10
5.29634e-10
5.7352e-10
6.16627e-10
6.57714e-10
6.95318e-10
7.27796e-10
7.53421e-10
7.70515e-10
7.77622e-10
7.73702e-10
7.58305e-10
7.31694e-10
6.94869e-10
6.49487e-10
5.97682e-10
5.41815e-10
4.8422e-10
4.26989e-10
3.71819e-10
3.19949e-10
2.7216e-10
2.28836e-10
1.90038e-10
1.55593e-10
1.25172e-10
9.83455e-11
7.46289e-11
5.35041e-11
3.44263e-11
1.68116e-11
-2.43847e-33
1.83292e-14
1.23579e-11
2.41097e-11
3.52973e-11
4.59461e-11
5.60806e-11
6.57248e-11
7.49013e-11
8.36321e-11
9.19385e-11
9.98406e-11
1.07358e-10
1.14509e-10
1.21311e-10
1.27782e-10
1.33937e-10
1.39791e-10
1.45361e-10
1.50659e-10
1.55698e-10
1.60493e-10
1.65053e-10
1.69392e-10
1.7352e-10
1.77446e-10
1.81182e-10
1.84737e-10
1.88119e-10
1.91337e-10
1.94399e-10
1.97312e-10
2.00084e-10
2.30449e-10
2.63469e-10
2.99266e-10
3.37929e-10
3.79494e-10
4.23922e-10
4.71075e-10
5.20681e-10
5.72299e-10
6.25279e-10
6.78725e-10
7.3146e-10
7.82019e-10
8.28651e-10
8.69376e-10
9.02088e-10
9.24713e-10
9.35414e-10
9.32836e-10
9.16322e-10
8.86078e-10
8.43223e-10
7.89703e-10
7.28078e-10
6.61224e-10
5.92015e-10
5.23047e-10
4.56452e-10
3.93801e-10
3.36108e-10
2.83886e-10
2.37248e-10
1.96009e-10
1.59788e-10
1.28085e-10
1.00339e-10
7.59629e-11
5.43614e-11
3.49316e-11
1.70442e-11
-2.24836e-33
2.39321e-14
1.6127e-11
3.14623e-11
4.60604e-11
5.9954e-11
7.3175e-11
8.57544e-11
9.77219e-11
1.09106e-10
1.19935e-10
1.30235e-10
1.40031e-10
1.49348e-10
1.58208e-10
1.66635e-10
1.74649e-10
1.82271e-10
1.89519e-10
1.96413e-10
2.02969e-10
2.09205e-10
2.15135e-10
2.20776e-10
2.26142e-10
2.31245e-10
2.361e-10
2.40718e-10
2.45111e-10
2.4929e-10
2.53266e-10
2.57048e-10
2.60647e-10
3.00025e-10
3.42757e-10
3.88963e-10
4.38703e-10
4.91954e-10
5.48575e-10
6.08274e-10
6.70557e-10
7.34686e-10
7.99629e-10
8.64018e-10
9.26126e-10
9.83872e-10
1.03488e-09
1.07658e-09
1.10643e-09
1.12209e-09
1.12181e-09
1.10463e-09
1.07065e-09
1.02111e-09
9.58262e-10
8.85173e-10
8.05339e-10
7.2229e-10
6.39248e-10
5.58879e-10
4.83174e-10
4.13435e-10
3.5035e-10
2.94103e-10
2.44506e-10
2.01119e-10
1.63353e-10
1.30547e-10
1.02016e-10
7.70804e-11
5.50774e-11
3.53526e-11
1.72377e-11
-2.06787e-33
3.11369e-14
2.09694e-11
4.09084e-11
5.98873e-11
7.79481e-11
9.51323e-11
1.1148e-10
1.27029e-10
1.41818e-10
1.55881e-10
1.69255e-10
1.81972e-10
1.94064e-10
2.0556e-10
2.16492e-10
2.26885e-10
2.36767e-10
2.46163e-10
2.55096e-10
2.63591e-10
2.71668e-10
2.79348e-10
2.86651e-10
2.93596e-10
3.00201e-10
3.06482e-10
3.12456e-10
3.18137e-10
3.23541e-10
3.28681e-10
3.3357e-10
3.38221e-10
3.89054e-10
4.44085e-10
5.0341e-10
5.67028e-10
6.34807e-10
7.06437e-10
7.81379e-10
8.58803e-10
9.37533e-10
1.01599e-09
1.09215e-09
1.16356e-09
1.22738e-09
1.2805e-09
1.31975e-09
1.34222e-09
1.34561e-09
1.32856e-09
1.29098e-09
1.23416e-09
1.16073e-09
1.07433e-09
9.79204e-10
8.79697e-10
7.79805e-10
6.82862e-10
5.91382e-10
5.07034e-10
4.30728e-10
3.62748e-10
3.02909e-10
2.50709e-10
2.05455e-10
1.66361e-10
1.32613e-10
1.03418e-10
7.80119e-11
5.56727e-11
3.57021e-11
1.73981e-11
-1.89792e-33
4.03565e-14
2.71596e-11
5.29832e-11
7.75609e-11
1.00947e-10
1.23194e-10
1.44353e-10
1.64476e-10
1.83609e-10
2.018e-10
2.19095e-10
2.35535e-10
2.51162e-10
2.66017e-10
2.80137e-10
2.93559e-10
3.06316e-10
3.18443e-10
3.29969e-10
3.40926e-10
3.51342e-10
3.61243e-10
3.70656e-10
3.79605e-10
3.88114e-10
3.96203e-10
4.03895e-10
4.11209e-10
4.18163e-10
4.24777e-10
4.31067e-10
4.37049e-10
5.02344e-10
5.7284e-10
6.48573e-10
7.29428e-10
8.15092e-10
9.04984e-10
9.98189e-10
1.09338e-09
1.18875e-09
1.28197e-09
1.37015e-09
1.4499e-09
1.51748e-09
1.56899e-09
1.60078e-09
1.60981e-09
1.59418e-09
1.55348e-09
1.489e-09
1.40373e-09
1.30199e-09
1.18893e-09
1.06989e-09
9.49843e-10
8.32971e-10
7.22447e-10
6.20407e-10
5.28044e-10
4.45773e-10
3.73424e-10
3.10427e-10
2.55967e-10
2.09109e-10
1.68882e-10
1.34339e-10
1.04584e-10
7.8785e-11
5.61657e-11
3.5991e-11
1.75305e-11
-1.73895e-33
5.20874e-14
3.50271e-11
6.83291e-11
1.00021e-10
1.30171e-10
1.58848e-10
1.86118e-10
2.12044e-10
2.36689e-10
2.60115e-10
2.82379e-10
3.03537e-10
3.23643e-10
3.42749e-10
3.60903e-10
3.78154e-10
3.94547e-10
4.10123e-10
4.24925e-10
4.3899e-10
4.52357e-10
4.6506e-10
4.77132e-10
4.88606e-10
4.99512e-10
5.09878e-10
5.19732e-10
5.29099e-10
5.38005e-10
5.46471e-10
5.54521e-10
5.62175e-10
6.45599e-10
7.35387e-10
8.31463e-10
9.33523e-10
1.04096e-09
1.15279e-09
1.26753e-09
1.38314e-09
1.49696e-09
1.60563e-09
1.70514e-09
1.791e-09
1.85846e-09
1.90289e-09
1.92036e-09
1.90819e-09
1.86544e-09
1.7933e-09
1.69508e-09
1.57587e-09
1.44189e-09
1.29974e-09
1.15562e-09
1.01479e-09
8.81277e-10
7.57817e-10
6.45967e-10
5.46315e-10
4.58717e-10
3.82528e-10
3.1679e-10
2.60391e-10
2.12167e-10
1.70984e-10
1.35773e-10
1.05551e-10
7.94239e-11
5.65725e-11
3.62291e-11
1.76396e-11
-1.59102e-33
6.69168e-14
4.49601e-11
8.7703e-11
1.28374e-10
1.67061e-10
2.03849e-10
2.38823e-10
2.72066e-10
3.03657e-10
3.33675e-10
3.62195e-10
3.89289e-10
4.15027e-10
4.39476e-10
4.627e-10
4.84759e-10
5.05713e-10
5.25618e-10
5.44525e-10
5.62485e-10
5.79547e-10
5.95757e-10
6.11157e-10
6.25789e-10
6.39691e-10
6.52902e-10
6.65456e-10
6.77387e-10
6.88725e-10
6.99503e-10
7.09747e-10
7.19484e-10
8.25444e-10
9.39089e-10
1.06015e-09
1.18802e-09
1.32164e-09
1.45942e-09
1.5991e-09
1.73765e-09
1.8712e-09
1.9951e-09
2.10398e-09
2.19204e-09
2.25354e-09
2.28334e-09
2.27769e-09
2.23489e-09
2.15577e-09
2.04388e-09
1.90511e-09
1.74698e-09
1.57761e-09
1.40479e-09
1.23517e-09
1.0739e-09
9.24487e-10
7.88982e-10
6.68196e-10
5.6203e-10
4.69748e-10
3.90226e-10
3.22137e-10
2.64088e-10
2.14712e-10
1.72727e-10
1.36958e-10
1.06348e-10
7.99501e-11
5.6907e-11
3.64247e-11
1.77292e-11
-1.45397e-33
8.55244e-14
5.74069e-11
1.11978e-10
1.63898e-10
2.13275e-10
2.60218e-10
3.04835e-10
3.47229e-10
3.87505e-10
4.25762e-10
4.62096e-10
4.96601e-10
5.29366e-10
5.60478e-10
5.90019e-10
6.18068e-10
6.44701e-10
6.69989e-10
6.94001e-10
7.16802e-10
7.38454e-10
7.59016e-10
7.78545e-10
7.97092e-10
8.14709e-10
8.31443e-10
8.4734e-10
8.62443e-10
8.76791e-10
8.90425e-10
9.03381e-10
9.15692e-10
1.04941e-09
1.19227e-09
1.34369e-09
1.5026e-09
1.6673e-09
1.83532e-09
2.00329e-09
2.16685e-09
2.3206e-09
2.45823e-09
2.57277e-09
2.65705e-09
2.70449e-09
2.70986e-09
2.6703e-09
2.58598e-09
2.46046e-09
2.30041e-09
2.11479e-09
1.91363e-09
1.70671e-09
1.50253e-09
1.30772e-09
1.12685e-09
9.62597e-10
8.16097e-10
6.87315e-10
5.75414e-10
4.79066e-10
3.96686e-10
3.26599e-10
2.67159e-10
2.16819e-10
1.74166e-10
1.37934e-10
1.07003e-10
8.03817e-11
5.71811e-11
3.65848e-11
1.78024e-11
-1.32744e-33
1.08679e-13
7.28725e-11
1.4214e-10
2.08032e-10
2.70684e-10
3.30232e-10
3.86813e-10
4.40559e-10
4.916e-10
5.40064e-10
5.86074e-10
6.2975e-10
6.71206e-10
7.10554e-10
7.47898e-10
7.83341e-10
8.16979e-10
8.48906e-10
8.79208e-10
9.07969e-10
9.3527e-10
9.61186e-10
9.85788e-10
1.00915e-09
1.03132e-09
1.05238e-09
1.07238e-09
1.09137e-09
1.1094e-09
1.12654e-09
1.14281e-09
1.15827e-09
1.32585e-09
1.50411e-09
1.692e-09
1.88778e-09
2.08881e-09
2.29142e-09
2.49076e-09
2.6807e-09
2.8539e-09
3.00205e-09
3.1164e-09
3.18849e-09
3.21123e-09
3.18008e-09
3.09401e-09
2.95621e-09
2.77396e-09
2.55777e-09
2.31993e-09
2.07277e-09
1.82723e-09
1.59192e-09
1.37285e-09
1.17362e-09
9.95786e-10
8.39428e-10
7.03597e-10
5.86714e-10
4.86878e-10
4.02069e-10
3.30299e-10
2.69697e-10
2.18555e-10
1.75348e-10
1.38734e-10
1.0754e-10
8.07347e-11
5.74049e-11
3.67155e-11
1.78622e-11
-1.21096e-33
1.37228e-13
9.19107e-11
1.79266e-10
2.62352e-10
3.41335e-10
4.16385e-10
4.87672e-10
5.55363e-10
6.19623e-10
6.80614e-10
7.38492e-10
7.93408e-10
8.4551e-10
8.94939e-10
9.41829e-10
9.86311e-10
1.02851e-09
1.06854e-09
1.10651e-09
1.14254e-09
1.17672e-09
1.20916e-09
1.23994e-09
1.26914e-09
1.29686e-09
1.32317e-09
1.34814e-09
1.37185e-09
1.39436e-09
1.41573e-09
1.43602e-09
1.4553e-09
1.66373e-09
1.8844e-09
2.11558e-09
2.35455e-09
2.5974e-09
2.83885e-09
3.07206e-09
3.28865e-09
3.47892e-09
3.63225e-09
3.73804e-09
3.78681e-09
3.77165e-09
3.68969e-09
3.54308e-09
3.33926e-09
3.09026e-09
2.81092e-09
2.51677e-09
2.22195e-09
1.9378e-09
1.67236e-09
1.43049e-09
1.21441e-09
1.02437e-09
8.59303e-10
7.1734e-10
5.96181e-10
4.93381e-10
4.06528e-10
3.33352e-10
2.71784e-10
2.19978e-10
1.76315e-10
1.39388e-10
1.07977e-10
8.10222e-11
5.75871e-11
3.68218e-11
1.79108e-11
-1.10398e-33
1.72074e-13
1.1511e-10
2.24504e-10
3.28533e-10
4.27403e-10
5.21322e-10
6.10502e-10
6.95151e-10
7.75478e-10
8.51683e-10
9.23966e-10
9.92518e-10
1.05752e-09
1.11916e-09
1.17761e-09
1.23303e-09
1.28557e-09
1.33539e-09
1.38262e-09
1.42742e-09
1.46989e-09
1.51018e-09
1.54839e-09
1.58463e-09
1.61901e-09
1.65163e-09
1.68258e-09
1.71194e-09
1.73981e-09
1.76626e-09
1.79137e-09
1.81521e-09
2.07238e-09
2.34325e-09
2.62514e-09
2.914e-09
3.20421e-09
3.48834e-09
3.75702e-09
3.9991e-09
4.20203e-09
4.35272e-09
4.43878e-09
4.45025e-09
4.38146e-09
4.23258e-09
4.01045e-09
3.72816e-09
3.40329e-09
3.05518e-09
2.70216e-09
2.35934e-09
2.03763e-09
1.74373e-09
1.48085e-09
1.24957e-09
1.04873e-09
8.76084e-10
7.28851e-10
6.04055e-10
4.9876e-10
4.10199e-10
3.35856e-10
2.7349e-10
2.21139e-10
1.77103e-10
1.3992e-10
1.08333e-10
8.12556e-11
5.77349e-11
3.69079e-11
1.79501e-11
-1.0059e-33
2.14147e-13
1.43073e-10
2.79028e-10
4.08292e-10
5.31114e-10
6.47752e-10
7.58463e-10
8.63509e-10
9.63147e-10
1.05763e-09
1.1472e-09
1.23211e-09
1.31259e-09
1.38886e-09
1.46114e-09
1.52963e-09
1.59454e-09
1.65604e-09
1.71434e-09
1.76958e-09
1.82195e-09
1.87158e-09
1.91863e-09
1.96324e-09
2.00554e-09
2.04565e-09
2.08368e-09
2.11976e-09
2.15399e-09
2.18645e-09
2.21726e-09
2.2465e-09
2.5611e-09
2.89067e-09
3.23117e-09
3.57682e-09
3.91971e-09
4.24968e-09
4.55421e-09
4.81879e-09
5.02764e-09
5.16505e-09
5.21725e-09
5.1747e-09
5.03432e-09
4.80107e-09
4.48821e-09
4.11574e-09
3.70733e-09
3.28658e-09
2.87374e-09
2.48386e-09
2.12644e-09
1.80621e-09
1.52433e-09
1.27959e-09
1.06931e-09
8.90138e-10
7.38421e-10
6.10563e-10
5.03183e-10
4.13206e-10
3.37901e-10
2.7488e-10
2.22083e-10
1.77742e-10
1.4035e-10
1.0862e-10
8.14443e-11
5.78543e-11
3.69775e-11
1.79819e-11
-9.1614e-34
2.64365e-13
1.76391e-10
3.43988e-10
5.03307e-10
6.54648e-10
7.98322e-10
9.34647e-10
1.06394e-09
1.18652e-09
1.30271e-09
1.4128e-09
1.51711e-09
1.61591e-09
1.7095e-09
1.79814e-09
1.88209e-09
1.9616e-09
2.03691e-09
2.10824e-09
2.1758e-09
2.2398e-09
2.30044e-09
2.35789e-09
2.41233e-09
2.46392e-09
2.51281e-09
2.55916e-09
2.60311e-09
2.64477e-09
2.68428e-09
2.72175e-09
2.75729e-09
3.13876e-09
3.53605e-09
3.94339e-09
4.35267e-09
4.75313e-09
5.13114e-09
5.47034e-09
5.75231e-09
5.9577e-09
6.0683e-09
6.0696e-09
5.95375e-09
5.72209e-09
5.38638e-09
4.96804e-09
4.49507e-09
3.99734e-09
3.50197e-09
3.02995e-09
2.59503e-09
2.20441e-09
1.86028e-09
1.5615e-09
1.30497e-09
1.08656e-09
9.01825e-10
7.46325e-10
6.15907e-10
5.06798e-10
4.15655e-10
3.39561e-10
2.76006e-10
2.22846e-10
1.78258e-10
1.40698e-10
1.08852e-10
8.15963e-11
5.79504e-11
3.70335e-11
1.80075e-11
-6.56077e-34
2.9518e-13
1.96808e-10
3.83792e-10
5.61523e-10
7.30331e-10
8.90558e-10
1.04256e-09
1.18669e-09
1.3233e-09
1.45274e-09
1.57537e-09
1.69152e-09
1.80151e-09
1.90565e-09
2.00427e-09
2.09763e-09
2.18604e-09
2.26974e-09
2.34899e-09
2.42404e-09
2.49511e-09
2.56242e-09
2.62618e-09
2.68658e-09
2.7438e-09
2.79802e-09
2.8494e-09
2.89809e-09
2.94426e-09
2.98802e-09
3.02952e-09
3.06887e-09
3.49058e-09
3.92834e-09
4.37524e-09
4.82168e-09
5.25503e-09
5.65948e-09
6.01632e-09
6.30475e-09
6.50343e-09
6.59291e-09
6.55868e-09
6.39448e-09
6.10491e-09
5.70632e-09
5.22527e-09
4.69436e-09
4.14673e-09
3.6109e-09
3.10766e-09
2.64956e-09
2.2422e-09
1.88622e-09
1.57918e-09
1.31694e-09
1.09465e-09
9.07272e-10
7.49992e-10
6.18376e-10
5.08463e-10
4.16779e-10
3.40321e-10
2.76521e-10
2.23194e-10
1.78494e-10
1.40856e-10
1.08958e-10
8.16655e-11
5.79942e-11
3.70589e-11
1.80191e-11
-1.35866e-32
3.2044e-13
2.13536e-10
4.16404e-10
6.09219e-10
7.92333e-10
9.66118e-10
1.13095e-09
1.28723e-09
1.43533e-09
1.57563e-09
1.70851e-09
1.83434e-09
1.95348e-09
2.06626e-09
2.17303e-09
2.27409e-09
2.36976e-09
2.46032e-09
2.54605e-09
2.62721e-09
2.70405e-09
2.77681e-09
2.84571e-09
2.91097e-09
2.97279e-09
3.03135e-09
3.08683e-09
3.1394e-09
3.18923e-09
3.23646e-09
3.28124e-09
3.32369e-09
3.77814e-09
4.24874e-09
4.72763e-09
5.20392e-09
5.66346e-09
6.08864e-09
6.45881e-09
6.75124e-09
6.94301e-09
7.01376e-09
6.94913e-09
6.74434e-09
6.40681e-09
5.95679e-09
5.42504e-09
4.84788e-09
4.2609e-09
3.69353e-09
3.16623e-09
2.69044e-09
2.27039e-09
1.9055e-09
1.59227e-09
1.3258e-09
1.10062e-09
9.11285e-10
7.5269e-10
6.20191e-10
5.09686e-10
4.17604e-10
3.40879e-10
2.76899e-10
2.2345e-10
1.78666e-10
1.40972e-10
1.09035e-10
8.17162e-11
5.80262e-11
3.70776e-11
1.80276e-11
-4.05172e-32
3.61512e-13
2.40732e-10
4.69426e-10
6.86763e-10
8.93138e-10
1.08896e-09
1.27467e-09
1.45069e-09
1.61745e-09
1.7754e-09
1.92496e-09
2.06653e-09
2.20054e-09
2.32736e-09
2.44738e-09
2.56095e-09
2.66842e-09
2.77012e-09
2.86637e-09
2.95746e-09
3.04368e-09
3.12529e-09
3.20256e-09
3.27571e-09
3.34499e-09
3.4106e-09
3.47274e-09
3.53162e-09
3.5874e-09
3.64026e-09
3.69036e-09
3.73785e-09
4.24545e-09
4.76935e-09
5.30008e-09
5.82474e-09
6.32662e-09
6.7852e-09
7.17665e-09
7.47514e-09
7.65519e-09
7.69498e-09
7.58044e-09
7.30923e-09
6.89348e-09
6.35977e-09
5.74577e-09
5.09378e-09
4.44332e-09
3.82527e-09
3.25942e-09
2.75536e-09
2.31512e-09
1.93606e-09
1.61302e-09
1.33983e-09
1.11007e-09
9.17653e-10
7.56976e-10
6.23079e-10
5.11635e-10
4.18921e-10
3.41771e-10
2.77502e-10
2.23859e-10
1.78943e-10
1.41158e-10
1.09159e-10
8.17974e-11
5.80776e-11
3.71075e-11
1.80413e-11
-5.18511e-32
3.85483e-13
2.56605e-10
5.00371e-10
7.32021e-10
9.51971e-10
1.16066e-09
1.35855e-09
1.54609e-09
1.72375e-09
1.892e-09
2.05128e-09
2.20205e-09
2.34473e-09
2.47975e-09
2.6075e-09
2.72837e-09
2.84273e-09
2.95094e-09
3.05333e-09
3.15021e-09
3.24191e-09
3.32869e-09
3.41083e-09
3.4886e-09
3.56223e-09
3.63195e-09
3.69799e-09
3.76054e-09
3.8198e-09
3.87594e-09
3.92915e-09
3.97958e-09
4.51821e-09
5.07323e-09
5.63424e-09
6.18714e-09
6.71376e-09
7.19186e-09
7.59576e-09
7.89781e-09
8.07103e-09
8.09274e-09
7.94903e-09
7.63901e-09
7.17751e-09
6.59487e-09
5.93278e-09
5.23705e-09
4.5495e-09
3.90186e-09
3.31354e-09
2.79302e-09
2.34103e-09
1.95374e-09
1.62502e-09
1.34794e-09
1.11554e-09
9.21336e-10
7.59458e-10
6.24753e-10
5.12765e-10
4.19686e-10
3.42289e-10
2.77853e-10
2.24097e-10
1.79103e-10
1.41267e-10
1.09231e-10
8.18448e-11
5.81076e-11
3.7125e-11
1.80493e-11
-4.71597e-32
3.95127e-13
2.62994e-10
5.12826e-10
7.50237e-10
9.75653e-10
1.18952e-09
1.39231e-09
1.58449e-09
1.76655e-09
1.93894e-09
2.10215e-09
2.25662e-09
2.4028e-09
2.54111e-09
2.67198e-09
2.7958e-09
2.91294e-09
3.02377e-09
3.12864e-09
3.22786e-09
3.32177e-09
3.41063e-09
3.49475e-09
3.57438e-09
3.64977e-09
3.72116e-09
3.78876e-09
3.8528e-09
3.91346e-09
3.97094e-09
4.0254e-09
4.07702e-09
4.62822e-09
5.19586e-09
5.76919e-09
6.33364e-09
6.87044e-09
7.35668e-09
7.76592e-09
8.06979e-09
8.24066e-09
8.25548e-09
8.10036e-09
7.77493e-09
7.29509e-09
6.69264e-09
6.01091e-09
5.29717e-09
4.59423e-09
3.93421e-09
3.33642e-09
2.80894e-09
2.35198e-09
1.96119e-09
1.63006e-09
1.35133e-09
1.11782e-09
9.22866e-10
7.60486e-10
6.25444e-10
5.13232e-10
4.20002e-10
3.42503e-10
2.77999e-10
2.24195e-10
1.7917e-10
1.41311e-10
1.09261e-10
8.18646e-11
5.81202e-11
3.71324e-11
1.80527e-11
-4.28818e-32
3.93354e-13
2.61825e-10
5.10548e-10
7.46906e-10
9.71324e-10
1.18425e-09
1.38614e-09
1.57748e-09
1.75874e-09
1.93038e-09
2.09288e-09
2.24668e-09
2.39223e-09
2.52995e-09
2.66026e-09
2.78355e-09
2.90019e-09
3.01056e-09
3.11498e-09
3.21379e-09
3.3073e-09
3.3958e-09
3.47957e-09
3.55887e-09
3.63395e-09
3.70505e-09
3.77238e-09
3.83615e-09
3.89657e-09
3.95382e-09
4.00806e-09
4.05948e-09
4.60852e-09
5.17404e-09
5.74539e-09
6.30808e-09
6.84347e-09
7.32878e-09
7.7377e-09
8.04199e-09
8.21408e-09
8.23095e-09
8.07859e-09
7.75644e-09
7.28013e-09
6.68112e-09
6.00244e-09
5.2912e-09
4.59014e-09
3.93144e-09
3.33453e-09
2.80762e-09
2.35103e-09
1.96051e-09
1.62956e-09
1.35096e-09
1.11755e-09
9.22669e-10
7.60344e-10
6.25345e-10
5.13162e-10
4.19954e-10
3.4247e-10
2.77977e-10
2.2418e-10
1.7916e-10
1.41305e-10
1.09257e-10
8.1862e-11
5.81186e-11
3.71315e-11
1.80523e-11
-3.89838e-32
3.82921e-13
2.54922e-10
4.9709e-10
7.27224e-10
9.4574e-10
1.15307e-09
1.34967e-09
1.53601e-09
1.71253e-09
1.8797e-09
2.03797e-09
2.18779e-09
2.32957e-09
2.46374e-09
2.5907e-09
2.71082e-09
2.82448e-09
2.93203e-09
3.03379e-09
3.1301e-09
3.22124e-09
3.3075e-09
3.38916e-09
3.46647e-09
3.53967e-09
3.60899e-09
3.67464e-09
3.73683e-09
3.79574e-09
3.85157e-09
3.90448e-09
3.95462e-09
4.49031e-09
5.0425e-09
5.60095e-09
6.1517e-09
6.67679e-09
7.15417e-09
7.55835e-09
7.86185e-09
8.03773e-09
8.06326e-09
7.92428e-09
7.61951e-09
7.16327e-09
6.58537e-09
5.92708e-09
5.23404e-09
4.54813e-09
3.90131e-09
3.31328e-09
2.7928e-09
2.34076e-09
1.95342e-09
1.62468e-09
1.34761e-09
1.11526e-09
9.21099e-10
7.59272e-10
6.24613e-10
5.12664e-10
4.19615e-10
3.4224e-10
2.77821e-10
2.24075e-10
1.79089e-10
1.41257e-10
1.09226e-10
8.18414e-11
5.81057e-11
3.7124e-11
1.80489e-11
-3.54341e-32
3.66261e-13
2.43894e-10
4.75591e-10
6.95783e-10
9.04868e-10
1.10327e-09
1.29141e-09
1.46974e-09
1.63869e-09
1.79872e-09
1.95023e-09
2.09367e-09
2.22943e-09
2.35792e-09
2.47951e-09
2.59457e-09
2.70345e-09
2.80649e-09
2.904e-09
2.99629e-09
3.08364e-09
3.16632e-09
3.2446e-09
3.31871e-09
3.3889e-09
3.45536e-09
3.51832e-09
3.57797e-09
3.63448e-09
3.68803e-09
3.73879e-09
3.7869e-09
4.30114e-09
4.83188e-09
5.3695e-09
5.90092e-09
6.40918e-09
6.87346e-09
7.26953e-09
7.57117e-09
7.75245e-09
7.79117e-09
7.67301e-09
7.39558e-09
6.97126e-09
6.42719e-09
5.80185e-09
5.13852e-09
4.47755e-09
3.85045e-09
3.2773e-09
2.76765e-09
2.32333e-09
1.9414e-09
1.61643e-09
1.34195e-09
1.11139e-09
9.18459e-10
7.57472e-10
6.23387e-10
5.1183e-10
4.19048e-10
3.41855e-10
2.77559e-10
2.23898e-10
1.7897e-10
1.41177e-10
1.09172e-10
8.18066e-11
5.80838e-11
3.71113e-11
1.80431e-11
-3.22033e-32
3.45416e-13
2.30093e-10
4.48686e-10
6.56434e-10
8.53717e-10
1.04093e-09
1.21849e-09
1.3868e-09
1.54628e-09
1.69735e-09
1.84041e-09
1.97586e-09
2.10408e-09
2.22545e-09
2.34032e-09
2.44904e-09
2.55194e-09
2.64932e-09
2.7415e-09
2.82875e-09
2.91134e-09
2.98954e-09
3.06358e-09
3.13369e-09
3.20009e-09
3.26299e-09
3.32257e-09
3.37902e-09
3.43252e-09
3.48322e-09
3.53128e-09
3.57684e-09
4.06415e-09
4.56791e-09
5.07931e-09
5.58631e-09
6.07324e-09
6.52076e-09
6.90626e-09
7.20509e-09
7.3926e-09
7.44733e-09
7.35475e-09
7.11121e-09
6.72665e-09
6.22498e-09
5.64117e-09
5.01546e-09
4.38628e-09
3.78446e-09
3.23047e-09
2.73485e-09
2.30055e-09
1.92568e-09
1.60563e-09
1.33456e-09
1.10633e-09
9.15006e-10
7.55118e-10
6.21785e-10
5.10739e-10
4.18306e-10
3.41351e-10
2.77218e-10
2.23666e-10
1.78813e-10
1.41072e-10
1.09103e-10
8.1761e-11
5.80551e-11
3.70947e-11
1.80355e-11
-2.92641e-32
3.22031e-13
2.14607e-10
4.18495e-10
6.12279e-10
7.96316e-10
9.7098e-10
1.13665e-09
1.29372e-09
1.44257e-09
1.58359e-09
1.71716e-09
1.84364e-09
1.96339e-09
2.07677e-09
2.18409e-09
2.28568e-09
2.38186e-09
2.47289e-09
2.55908e-09
2.64067e-09
2.71792e-09
2.79108e-09
2.86035e-09
2.92596e-09
2.98811e-09
3.04699e-09
3.10278e-09
3.15564e-09
3.20574e-09
3.25324e-09
3.29826e-09
3.34095e-09
3.79797e-09
4.27133e-09
4.75315e-09
5.23254e-09
5.69526e-09
6.12363e-09
6.49687e-09
6.79207e-09
6.98607e-09
7.05823e-09
6.9939e-09
6.78803e-09
6.44791e-09
5.99384e-09
5.45687e-09
4.87381e-09
4.28085e-09
3.70798e-09
3.17605e-09
2.69664e-09
2.27398e-09
1.90732e-09
1.59299e-09
1.32589e-09
1.1004e-09
9.10961e-10
7.5236e-10
6.19905e-10
5.0946e-10
4.17436e-10
3.4076e-10
2.76816e-10
2.23394e-10
1.7863e-10
1.40949e-10
1.0902e-10
8.17074e-11
5.80212e-11
3.7075e-11
1.80266e-11
-2.65911e-32
2.97377e-13
1.98278e-10
3.8666e-10
5.6572e-10
7.3579e-10
8.97217e-10
1.05036e-09
1.19557e-09
1.3332e-09
1.46362e-09
1.58718e-09
1.7042e-09
1.81502e-09
1.91995e-09
2.01931e-09
2.11339e-09
2.20246e-09
2.2868e-09
2.36666e-09
2.44228e-09
2.51389e-09
2.58172e-09
2.64596e-09
2.70682e-09
2.76448e-09
2.81912e-09
2.87089e-09
2.91997e-09
2.96648e-09
3.01058e-09
3.0524e-09
3.09206e-09
3.51704e-09
3.95825e-09
4.40872e-09
4.85878e-09
5.2957e-09
5.70355e-09
6.06344e-09
6.35435e-09
6.55468e-09
6.64471e-09
6.60968e-09
6.44315e-09
6.14969e-09
5.74581e-09
5.25845e-09
4.72079e-09
4.16655e-09
3.62481e-09
3.11668e-09
2.65486e-09
2.24486e-09
1.88716e-09
1.57911e-09
1.31637e-09
1.09388e-09
9.06506e-10
7.49321e-10
6.17834e-10
5.0805e-10
4.16477e-10
3.40107e-10
2.76373e-10
2.23094e-10
1.78427e-10
1.40813e-10
1.0893e-10
8.16481e-11
5.79839e-11
3.70533e-11
1.80167e-11
-1.25064e-32
2.7258e-13
1.81847e-10
3.54625e-10
5.18867e-10
6.7488e-10
8.22984e-10
9.63506e-10
1.09678e-09
1.22312e-09
1.34287e-09
1.45633e-09
1.56382e-09
1.66563e-09
1.76207e-09
1.8534e-09
1.93989e-09
2.0218e-09
2.09938e-09
2.17286e-09
2.24245e-09
2.30837e-09
2.37082e-09
2.42999e-09
2.48605e-09
2.53917e-09
2.58952e-09
2.63724e-09
2.68249e-09
2.72538e-09
2.76605e-09
2.80463e-09
2.84121e-09
3.23377e-09
3.64234e-09
4.06088e-09
4.48093e-09
4.89124e-09
5.27763e-09
5.62312e-09
5.90858e-09
6.11406e-09
6.22083e-09
6.21416e-09
6.08636e-09
5.83938e-09
5.48607e-09
5.04922e-09
4.55827e-09
4.04432e-09
3.53528e-09
3.05243e-09
2.60943e-09
2.21308e-09
1.8651e-09
1.56388e-09
1.30589e-09
1.0867e-09
9.01592e-10
7.45964e-10
6.15545e-10
5.06489e-10
4.15415e-10
3.39385e-10
2.75883e-10
2.22762e-10
1.78202e-10
1.40662e-10
1.08829e-10
8.15823e-11
5.79424e-11
3.70292e-11
1.80057e-11
3.18136e-34
2.48216e-13
1.6569e-10
3.23125e-10
4.72794e-10
6.1498e-10
7.49978e-10
8.78086e-10
9.99604e-10
1.11483e-09
1.22406e-09
1.32759e-09
1.42568e-09
1.51862e-09
1.60667e-09
1.69009e-09
1.7691e-09
1.84395e-09
1.91485e-09
1.98203e-09
2.04566e-09
2.10596e-09
2.16309e-09
2.21723e-09
2.26855e-09
2.31718e-09
2.36329e-09
2.407e-09
2.44844e-09
2.48775e-09
2.52502e-09
2.56038e-09
2.59393e-09
2.95427e-09
3.33029e-09
3.71683e-09
4.10654e-09
4.48963e-09
4.85359e-09
5.18332e-09
5.46158e-09
5.67009e-09
5.79126e-09
5.81058e-09
5.71938e-09
5.51729e-09
5.21371e-09
4.82742e-09
4.38405e-09
3.91186e-09
3.43729e-09
2.9815e-09
2.55891e-09
2.17752e-09
1.84029e-09
1.54668e-09
1.29403e-09
1.07855e-09
8.96002e-10
7.4214e-10
6.12932e-10
5.04707e-10
4.142e-10
3.38558e-10
2.75321e-10
2.2238e-10
1.77944e-10
1.40488e-10
1.08714e-10
8.15068e-11
5.78948e-11
3.70016e-11
1.79931e-11
3.49709e-34
2.24486e-13
1.49941e-10
2.92418e-10
4.27879e-10
5.56582e-10
6.78797e-10
7.94794e-10
9.04846e-10
1.00922e-09
1.10819e-09
1.20201e-09
1.29093e-09
1.3752e-09
1.45505e-09
1.53072e-09
1.60241e-09
1.67035e-09
1.73472e-09
1.79572e-09
1.85352e-09
1.9083e-09
1.96022e-09
2.00944e-09
2.05609e-09
2.10032e-09
2.14226e-09
2.18203e-09
2.21975e-09
2.25553e-09
2.28946e-09
2.32166e-09
2.35221e-09
2.68082e-09
3.02465e-09
3.37934e-09
3.73864e-09
4.0941e-09
4.43481e-09
4.7475e-09
5.01679e-09
5.22611e-09
5.3591e-09
5.40168e-09
5.34445e-09
5.18508e-09
4.92981e-09
4.59358e-09
4.1982e-09
3.76892e-09
3.33042e-09
2.9034e-09
2.50284e-09
2.1378e-09
1.81243e-09
1.52728e-09
1.2806e-09
1.06929e-09
8.89638e-10
7.37777e-10
6.09947e-10
5.02668e-10
4.12809e-10
3.37611e-10
2.74676e-10
2.21943e-10
1.77648e-10
1.40289e-10
1.08581e-10
8.142e-11
5.784e-11
3.69697e-11
1.79786e-11
3.84375e-34
2.01581e-13
1.34727e-10
2.62754e-10
3.84487e-10
5.00162e-10
6.10022e-10
7.14311e-10
8.13274e-10
9.07153e-10
9.96188e-10
1.08061e-09
1.16065e-09
1.23652e-09
1.30843e-09
1.37659e-09
1.44119e-09
1.50242e-09
1.56045e-09
1.61545e-09
1.66759e-09
1.71702e-09
1.76388e-09
1.8083e-09
1.85043e-09
1.89037e-09
1.92826e-09
1.96419e-09
1.99828e-09
2.03062e-09
2.0613e-09
2.09042e-09
2.11806e-09
2.41567e-09
2.72792e-09
3.0512e-09
3.38026e-09
3.70789e-09
4.02474e-09
4.31923e-09
4.57783e-09
4.78566e-09
4.9277e-09
4.99048e-09
4.96419e-09
4.84482e-09
4.63582e-09
4.34855e-09
4.00105e-09
3.61545e-09
3.21435e-09
2.81772e-09
2.44078e-09
2.09351e-09
1.78117e-09
1.50541e-09
1.26539e-09
1.05877e-09
8.82389e-10
7.32796e-10
6.06533e-10
5.00332e-10
4.11213e-10
3.36522e-10
2.73935e-10
2.2144e-10
1.77308e-10
1.4006e-10
1.08428e-10
8.13199e-11
5.77768e-11
3.6933e-11
1.79619e-11
2.3712e-34
1.97808e-13
1.32219e-10
2.57866e-10
3.77336e-10
4.90863e-10
5.98686e-10
7.01044e-10
7.98179e-10
8.90327e-10
9.77723e-10
1.0606e-09
1.13917e-09
1.21365e-09
1.28425e-09
1.35117e-09
1.4146e-09
1.47472e-09
1.5317e-09
1.58572e-09
1.63692e-09
1.68546e-09
1.73148e-09
1.77511e-09
1.81649e-09
1.85573e-09
1.89294e-09
1.92824e-09
1.96173e-09
1.9935e-09
2.02364e-09
2.05225e-09
2.0794e-09
2.37187e-09
2.67887e-09
2.99691e-09
3.3209e-09
3.64383e-09
3.9566e-09
4.24792e-09
4.50454e-09
4.7119e-09
4.85519e-09
4.92107e-09
4.89966e-09
4.78674e-09
4.58531e-09
4.30615e-09
3.96669e-09
3.5885e-09
3.19383e-09
2.80247e-09
2.42968e-09
2.08555e-09
1.77553e-09
1.50145e-09
1.26263e-09
1.05686e-09
8.81069e-10
7.31887e-10
6.05909e-10
4.99905e-10
4.10921e-10
3.36323e-10
2.73799e-10
2.21347e-10
1.77245e-10
1.40018e-10
1.084e-10
8.13016e-11
5.77652e-11
3.69263e-11
1.79588e-11
2.2119e-34
1.7968e-13
1.20167e-10
2.34365e-10
3.42958e-10
4.4616e-10
5.44189e-10
6.37264e-10
7.25604e-10
8.09425e-10
8.88939e-10
9.64352e-10
1.03587e-09
1.10367e-09
1.16796e-09
1.22891e-09
1.2867e-09
1.34148e-09
1.39342e-09
1.44266e-09
1.48935e-09
1.53362e-09
1.5756e-09
1.61541e-09
1.65317e-09
1.68899e-09
1.72296e-09
1.7552e-09
1.78578e-09
1.81481e-09
1.84235e-09
1.86849e-09
1.89331e-09
2.16091e-09
2.44247e-09
2.73505e-09
3.03429e-09
3.33417e-09
3.62673e-09
3.90205e-09
4.14834e-09
4.35241e-09
4.50064e-09
4.58033e-09
4.58152e-09
4.49892e-09
4.33358e-09
4.09353e-09
3.79324e-09
3.45158e-09
3.08891e-09
2.72408e-09
2.3723e-09
2.04424e-09
1.74616e-09
1.48077e-09
1.24818e-09
1.04682e-09
8.74127e-10
7.27105e-10
6.02623e-10
4.97652e-10
4.0938e-10
3.35271e-10
2.73082e-10
2.2086e-10
1.76915e-10
1.39795e-10
1.08252e-10
8.12044e-11
5.77039e-11
3.68906e-11
1.79425e-11
4.28294e-34
1.58944e-13
1.0637e-10
2.07462e-10
3.03601e-10
3.94979e-10
4.81791e-10
5.64231e-10
6.42493e-10
7.16768e-10
7.87243e-10
8.54101e-10
9.17518e-10
9.77665e-10
1.03471e-09
1.0888e-09
1.1401e-09
1.18875e-09
1.23488e-09
1.27863e-09
1.32013e-09
1.35948e-09
1.39681e-09
1.43222e-09
1.46582e-09
1.49769e-09
1.52794e-09
1.55664e-09
1.58387e-09
1.60973e-09
1.63427e-09
1.65756e-09
1.67968e-09
1.91852e-09
2.17052e-09
2.43336e-09
2.70349e-09
2.97593e-09
3.24406e-09
3.49944e-09
3.73195e-09
3.93007e-09
4.08159e-09
4.17473e-09
4.19966e-09
4.15018e-09
4.02528e-09
3.83009e-09
3.57569e-09
3.27774e-09
2.9541e-09
2.62225e-09
2.29705e-09
1.98959e-09
1.70703e-09
1.45306e-09
1.22872e-09
1.03325e-09
8.64711e-10
7.20599e-10
5.98143e-10
4.94576e-10
4.07272e-10
3.33829e-10
2.72099e-10
2.20191e-10
1.76461e-10
1.39489e-10
1.08048e-10
8.10707e-11
5.76194e-11
3.68415e-11
1.79201e-11
5.09969e-34
1.39513e-13
9.34288e-11
1.82226e-10
2.66681e-10
3.46964e-10
4.23248e-10
4.95703e-10
5.64501e-10
6.29809e-10
6.91791e-10
7.50607e-10
8.0641e-10
8.59351e-10
9.09573e-10
9.57212e-10
1.0024e-09
1.04527e-09
1.08593e-09
1.12451e-09
1.1611e-09
1.19582e-09
1.22876e-09
1.26001e-09
1.28967e-09
1.31782e-09
1.34453e-09
1.36989e-09
1.39396e-09
1.41681e-09
1.43851e-09
1.45911e-09
1.47867e-09
1.69021e-09
1.91403e-09
2.14834e-09
2.39032e-09
2.63594e-09
2.87972e-09
3.11464e-09
3.33214e-09
3.52226e-09
3.67424e-09
3.77733e-09
3.82205e-09
3.80163e-09
3.71348e-09
3.56019e-09
3.34972e-09
3.09462e-09
2.81016e-09
2.51212e-09
2.21472e-09
1.92922e-09
1.66343e-09
1.42196e-09
1.20676e-09
1.01785e-09
8.53984e-10
7.13162e-10
5.93008e-10
4.91041e-10
4.04845e-10
3.32168e-10
2.70964e-10
2.19417e-10
1.75937e-10
1.39136e-10
1.07811e-10
8.09157e-11
5.75214e-11
3.67845e-11
1.78941e-11
5.60166e-34
1.21492e-13
8.14157e-11
1.588e-10
2.32407e-10
3.02387e-10
3.68891e-10
4.3207e-10
4.92072e-10
5.49044e-10
6.03127e-10
6.54461e-10
7.03179e-10
7.4941e-10
7.93279e-10
8.34905e-10
8.74401e-10
9.11877e-10
9.47437e-10
9.81179e-10
1.0132e-09
1.04358e-09
1.07242e-09
1.09979e-09
1.12577e-09
1.15043e-09
1.17384e-09
1.19607e-09
1.21717e-09
1.23721e-09
1.25624e-09
1.27432e-09
1.29149e-09
1.47736e-09
1.6746e-09
1.88184e-09
2.09688e-09
2.31652e-09
2.53634e-09
2.75057e-09
2.95206e-09
3.13237e-09
3.28213e-09
3.39171e-09
3.45219e-09
3.45656e-09
3.40103e-09
3.28611e-09
3.117e-09
2.90328e-09
2.65758e-09
2.3938e-09
2.12517e-09
1.86282e-09
1.61503e-09
1.38715e-09
1.182e-09
1.0004e-09
8.41771e-10
7.04663e-10
5.87119e-10
4.86977e-10
4.02049e-10
3.30249e-10
2.69651e-10
2.18522e-10
1.75329e-10
1.38725e-10
1.07537e-10
8.07357e-11
5.74076e-11
3.67182e-11
1.78639e-11
6.1516e-34
1.04957e-13
7.03823e-11
1.37283e-10
2.00924e-10
2.61438e-10
3.18955e-10
3.73606e-10
4.2552e-10
4.74824e-10
5.2164e-10
5.66086e-10
6.08279e-10
6.4833e-10
6.86344e-10
7.22424e-10
7.56669e-10
7.89171e-10
8.2002e-10
8.493e-10
8.77093e-10
9.03475e-10
9.2852e-10
9.52296e-10
9.7487e-10
9.96303e-10
1.01666e-09
1.03598e-09
1.05434e-09
1.07177e-09
1.08833e-09
1.10406e-09
1.11901e-09
1.28103e-09
1.45344e-09
1.63525e-09
1.82479e-09
2.01957e-09
2.21609e-09
2.40968e-09
2.59449e-09
2.76344e-09
2.90855e-09
3.02133e-09
3.09357e-09
3.11832e-09
3.09101e-09
3.01047e-09
2.87955e-09
2.7051e-09
2.49718e-09
2.26761e-09
2.02838e-09
1.79019e-09
1.56153e-09
1.34834e-09
1.15419e-09
9.80665e-10
8.27885e-10
6.94956e-10
5.8037e-10
4.82304e-10
3.98826e-10
3.28033e-10
2.68133e-10
2.17485e-10
1.74623e-10
1.38248e-10
1.07218e-10
8.05264e-11
5.72752e-11
3.66411e-11
1.78286e-11
6.75364e-34
8.99469e-14
6.03574e-11
1.17732e-10
1.72317e-10
2.24225e-10
2.73571e-10
3.20468e-10
3.65025e-10
4.07351e-10
4.4755e-10
4.85725e-10
5.21974e-10
5.56392e-10
5.89068e-10
6.20091e-10
6.49543e-10
6.77505e-10
7.04052e-10
7.29256e-10
7.53186e-10
7.75907e-10
7.97483e-10
8.17971e-10
8.37427e-10
8.55906e-10
8.73457e-10
8.90128e-10
9.05964e-10
9.21008e-10
9.35302e-10
9.48883e-10
9.61788e-10
1.10187e-09
1.25135e-09
1.40953e-09
1.5752e-09
1.74646e-09
1.92059e-09
2.0939e-09
2.26166e-09
2.41807e-09
2.55642e-09
2.66937e-09
2.74955e-09
2.7903e-09
2.78662e-09
2.73612e-09
2.63972e-09
2.50184e-09
2.33008e-09
2.13414e-09
1.92455e-09
1.71126e-09
1.50271e-09
1.30524e-09
1.12304e-09
9.58406e-10
8.12127e-10
6.83884e-10
5.72638e-10
4.76933e-10
3.95111e-10
3.25473e-10
2.66374e-10
2.16282e-10
1.73804e-10
1.37694e-10
1.06847e-10
8.02825e-11
5.71207e-11
3.65511e-11
1.77875e-11
7.41217e-34
7.64693e-14
5.13472e-11
1.0016e-10
1.46603e-10
1.90774e-10
2.32772e-10
2.72692e-10
3.10628e-10
3.46673e-10
3.80915e-10
4.13441e-10
4.44333e-10
4.73673e-10
5.01535e-10
5.27995e-10
5.53123e-10
5.76985e-10
5.99645e-10
6.21165e-10
6.41603e-10
6.61014e-10
6.79451e-10
6.96962e-10
7.13597e-10
7.29399e-10
7.44411e-10
7.58674e-10
7.72226e-10
7.85103e-10
7.97339e-10
8.08969e-10
8.20021e-10
9.40148e-10
1.06867e-09
1.20515e-09
1.34873e-09
1.498e-09
1.6509e-09
1.80456e-09
1.95525e-09
2.0983e-09
2.22815e-09
2.33861e-09
2.42318e-09
2.4757e-09
2.49106e-09
2.46606e-09
2.40009e-09
2.29555e-09
2.15775e-09
1.9943e-09
1.8141e-09
1.62613e-09
1.43847e-09
1.25764e-09
1.0883e-09
9.33384e-10
7.94289e-10
6.71277e-10
5.63792e-10
4.70762e-10
3.90828e-10
3.22512e-10
2.64336e-10
2.14885e-10
1.72851e-10
1.37048e-10
1.06414e-10
7.99979e-11
5.69404e-11
3.64459e-11
1.77395e-11
8.13174e-34
6.44981e-14
4.33364e-11
8.45359e-11
1.23739e-10
1.61029e-10
1.96489e-10
2.30201e-10
2.62244e-10
2.92696e-10
3.21632e-10
3.49124e-10
3.75242e-10
4.00053e-10
4.23622e-10
4.4601e-10
4.67276e-10
4.87476e-10
5.06665e-10
5.24892e-10
5.42208e-10
5.58657e-10
5.74285e-10
5.89132e-10
6.03239e-10
6.16643e-10
6.2938e-10
6.41484e-10
6.52987e-10
6.6392e-10
6.74311e-10
6.84188e-10
6.93577e-10
7.95751e-10
9.05351e-10
1.02212e-09
1.14549e-09
1.27444e-09
1.40746e-09
1.54239e-09
1.67631e-09
1.80553e-09
1.92557e-09
2.03128e-09
2.11709e-09
2.17746e-09
2.20741e-09
2.20331e-09
2.16344e-09
2.08855e-09
1.98196e-09
1.8493e-09
1.69773e-09
1.53508e-09
1.36882e-09
1.2054e-09
1.04978e-09
9.05374e-10
7.74165e-10
6.5696e-10
5.5369e-10
4.63682e-10
3.85894e-10
3.19092e-10
2.61975e-10
2.13263e-10
1.71742e-10
1.36296e-10
1.05909e-10
7.96656e-11
5.67296e-11
3.63229e-11
1.76833e-11
8.91704e-34
5.39786e-14
3.62907e-11
7.07936e-11
1.03627e-10
1.34862e-10
1.64569e-10
1.92817e-10
2.19671e-10
2.45196e-10
2.69457e-10
2.92512e-10
3.1442e-10
3.35237e-10
3.55016e-10
3.73809e-10
3.91665e-10
4.08631e-10
4.24751e-10
4.40067e-10
4.54621e-10
4.6845e-10
4.81591e-10
4.94079e-10
5.05947e-10
5.17227e-10
5.27947e-10
5.38137e-10
5.47823e-10
5.5703e-10
5.65783e-10
5.74105e-10
5.82017e-10
6.68218e-10
7.60912e-10
8.59985e-10
9.65076e-10
1.0755e-09
1.19016e-09
1.30747e-09
1.42521e-09
1.54053e-09
1.64987e-09
1.74906e-09
1.83342e-09
1.8981e-09
1.93849e-09
1.95079e-09
1.93259e-09
1.88336e-09
1.80478e-09
1.70063e-09
1.57643e-09
1.43864e-09
1.29396e-09
1.1485e-09
1.00732e-09
8.74185e-10
7.51557e-10
6.40755e-10
5.42182e-10
4.55573e-10
3.80218e-10
3.15141e-10
2.5924e-10
2.11379e-10
1.70452e-10
1.35419e-10
1.0532e-10
7.92769e-11
5.64828e-11
3.61789e-11
1.76174e-11
9.7728e-34
4.48323e-14
3.01592e-11
5.8834e-11
8.61237e-11
1.12088e-10
1.36785e-10
1.60273e-10
1.82606e-10
2.03839e-10
2.24023e-10
2.43209e-10
2.61444e-10
2.78775e-10
2.95247e-10
3.10901e-10
3.25778e-10
3.39916e-10
3.53353e-10
3.66123e-10
3.7826e-10
3.89796e-10
4.0076e-10
4.11182e-10
4.21088e-10
4.30505e-10
4.39457e-10
4.47968e-10
4.5606e-10
4.63753e-10
4.71068e-10
4.78024e-10
4.84639e-10
5.56784e-10
6.34546e-10
7.17909e-10
8.06674e-10
9.00398e-10
9.98327e-10
1.09931e-09
1.20172e-09
1.3034e-09
1.40159e-09
1.49296e-09
1.57369e-09
1.63965e-09
1.68672e-09
1.71118e-09
1.71027e-09
1.68256e-09
1.62843e-09
1.55009e-09
1.45144e-09
1.33761e-09
1.21428e-09
1.08706e-09
9.60873e-10
8.39673e-10
7.26291e-10
6.22488e-10
5.29115e-10
4.46309e-10
3.737e-10
3.10585e-10
2.56074e-10
2.09191e-10
1.6895e-10
1.34396e-10
1.04631e-10
7.88221e-11
5.61938e-11
3.60099e-11
1.75401e-11
1.07037e-33
3.69619e-14
2.48785e-11
4.85336e-11
7.10478e-11
9.24707e-11
1.12851e-10
1.32236e-10
1.50671e-10
1.68202e-10
1.8487e-10
2.00716e-10
2.15781e-10
2.30103e-10
2.43716e-10
2.56658e-10
2.68959e-10
2.80653e-10
2.91768e-10
3.02335e-10
3.1238e-10
3.21929e-10
3.31008e-10
3.39639e-10
3.47844e-10
3.55647e-10
3.63065e-10
3.70119e-10
3.76827e-10
3.83206e-10
3.89272e-10
3.95041e-10
4.00528e-10
4.60439e-10
5.25158e-10
5.94733e-10
6.69081e-10
7.47941e-10
8.30815e-10
9.16904e-10
1.00504e-09
1.09363e-09
1.18058e-09
1.26331e-09
1.33876e-09
1.40352e-09
1.45401e-09
1.4868e-09
1.49902e-09
1.48871e-09
1.45527e-09
1.39963e-09
1.32429e-09
1.23301e-09
1.1304e-09
1.02136e-09
9.10501e-10
8.01768e-10
6.9823e-10
6.02005e-10
5.1434e-10
4.3576e-10
3.66233e-10
3.05339e-10
2.52413e-10
2.06653e-10
1.67202e-10
1.33202e-10
1.03826e-10
7.82897e-11
5.58549e-11
3.58117e-11
1.74493e-11
1.17141e-33
3.02571e-14
2.03762e-11
3.97512e-11
5.8193e-11
7.57428e-11
9.24404e-11
1.08325e-10
1.23434e-10
1.37803e-10
1.51468e-10
1.64463e-10
1.76819e-10
1.88567e-10
1.99738e-10
2.10358e-10
2.20456e-10
2.30057e-10
2.39185e-10
2.47865e-10
2.56117e-10
2.63964e-10
2.71426e-10
2.78521e-10
2.85268e-10
2.91684e-10
2.97786e-10
3.03589e-10
3.09108e-10
3.14357e-10
3.1935e-10
3.241e-10
3.28618e-10
3.77993e-10
4.3144e-10
4.89048e-10
5.50814e-10
6.16603e-10
6.86109e-10
7.58803e-10
8.33871e-10
9.10164e-10
9.86141e-10
1.05984e-09
1.12888e-09
1.19051e-09
1.24172e-09
1.27949e-09
1.30104e-09
1.30416e-09
1.28762e-09
1.25137e-09
1.19669e-09
1.12612e-09
1.04317e-09
9.51898e-10
8.56413e-10
7.60498e-10
6.67298e-10
5.79179e-10
4.97721e-10
4.23799e-10
3.57708e-10
2.99316e-10
2.48189e-10
2.03712e-10
1.6517e-10
1.3181e-10
1.02885e-10
7.76663e-11
5.54576e-11
3.5579e-11
1.73427e-11
1.2808e-33
2.46002e-14
1.65746e-11
3.23355e-11
4.73382e-11
6.16166e-11
7.52033e-11
8.813e-11
1.00427e-10
1.12125e-10
1.23251e-10
1.33833e-10
1.43896e-10
1.53467e-10
1.62569e-10
1.71224e-10
1.79455e-10
1.87283e-10
1.94726e-10
2.01805e-10
2.08537e-10
2.1494e-10
2.21029e-10
2.2682e-10
2.32328e-10
2.37567e-10
2.4255e-10
2.47289e-10
2.51798e-10
2.56087e-10
2.60167e-10
2.64049e-10
2.67742e-10
3.08137e-10
3.51947e-10
3.99282e-10
4.50188e-10
5.0462e-10
5.62408e-10
6.2322e-10
6.86511e-10
7.51481e-10
8.17021e-10
8.81681e-10
9.43647e-10
1.00076e-09
1.05059e-09
1.09054e-09
1.11808e-09
1.13099e-09
1.12767e-09
1.10739e-09
1.07049e-09
1.01843e-09
9.53662e-10
8.79351e-10
7.98987e-10
7.16012e-10
6.33497e-10
5.53933e-10
4.79145e-10
4.10305e-10
3.48016e-10
2.92421e-10
2.43327e-10
2.00311e-10
1.6281e-10
1.30189e-10
1.01785e-10
7.69365e-11
5.49916e-11
3.53057e-11
1.72173e-11
1.39887e-33
1.98714e-14
1.33945e-11
2.61318e-11
3.82572e-11
4.97981e-11
6.0781e-11
7.12318e-11
8.11751e-11
9.06348e-11
9.96337e-11
1.08194e-10
1.16336e-10
1.24081e-10
1.31448e-10
1.38455e-10
1.45119e-10
1.51458e-10
1.57487e-10
1.63222e-10
1.68677e-10
1.73865e-10
1.78801e-10
1.83495e-10
1.87961e-10
1.92209e-10
1.96251e-10
2.00096e-10
2.03754e-10
2.07234e-10
2.10545e-10
2.13695e-10
2.16693e-10
2.49511e-10
2.85165e-10
3.23772e-10
3.65408e-10
4.10085e-10
4.57728e-10
5.08143e-10
5.60986e-10
6.15717e-10
6.71563e-10
7.27481e-10
7.82127e-10
8.33854e-10
8.80736e-10
9.20646e-10
9.51382e-10
9.70861e-10
9.77346e-10
9.69692e-10
9.47559e-10
9.11535e-10
8.63125e-10
8.0461e-10
7.38777e-10
6.68601e-10
5.96933e-10
5.26254e-10
4.58535e-10
3.95179e-10
3.37053e-10
2.84563e-10
2.3775e-10
1.96388e-10
1.60076e-10
1.28304e-10
1.00503e-10
7.60827e-11
5.44453e-11
3.49849e-11
1.70701e-11
1.5258e-33
1.5953e-14
1.07576e-11
2.09876e-11
3.07268e-11
3.99972e-11
4.88203e-11
5.72168e-11
6.52065e-11
7.28087e-11
8.00417e-11
8.69231e-11
9.34697e-11
9.96977e-11
1.05622e-10
1.11259e-10
1.1662e-10
1.21721e-10
1.26573e-10
1.31189e-10
1.3558e-10
1.39758e-10
1.43733e-10
1.47514e-10
1.51111e-10
1.54534e-10
1.5779e-10
1.60889e-10
1.63837e-10
1.66643e-10
1.69312e-10
1.71852e-10
1.74269e-10
2.00754e-10
2.29572e-10
2.6084e-10
2.94646e-10
3.31037e-10
3.69998e-10
4.11435e-10
4.55143e-10
5.00774e-10
5.47809e-10
5.95518e-10
6.42933e-10
6.88831e-10
7.31735e-10
7.6995e-10
8.01642e-10
8.24961e-10
8.3821e-10
8.40052e-10
8.29703e-10
8.07097e-10
7.72953e-10
7.28739e-10
6.76518e-10
6.18712e-10
5.57828e-10
4.96214e-10
4.3587e-10
3.7835e-10
3.24733e-10
2.75654e-10
2.31379e-10
1.91879e-10
1.56917e-10
1.26115e-10
9.90083e-11
7.5085e-11
5.38054e-11
3.46084e-11
1.6897e-11
1.66163e-33
1.27327e-14
8.58919e-12
1.67575e-11
2.45341e-11
3.19371e-11
3.89834e-11
4.56897e-11
5.20718e-11
5.81451e-11
6.39242e-11
6.94232e-11
7.46553e-11
7.96335e-11
8.437e-11
8.88766e-11
9.31642e-11
9.72437e-11
1.01125e-10
1.04818e-10
1.08332e-10
1.11675e-10
1.14856e-10
1.17883e-10
1.20763e-10
1.23504e-10
1.26111e-10
1.28593e-10
1.30955e-10
1.33202e-10
1.35341e-10
1.37376e-10
1.39313e-10
1.60551e-10
1.83693e-10
2.08848e-10
2.36106e-10
2.65532e-10
2.97151e-10
3.30929e-10
3.66759e-10
4.04432e-10
4.43612e-10
4.83806e-10
5.24337e-10
5.64321e-10
6.0266e-10
6.38045e-10
6.69002e-10
6.93964e-10
7.11392e-10
7.1992e-10
7.18531e-10
7.06716e-10
6.84589e-10
6.52925e-10
6.131e-10
5.66947e-10
5.16542e-10
4.63984e-10
4.11197e-10
3.59792e-10
3.10989e-10
2.65617e-10
2.2414e-10
1.86717e-10
1.53278e-10
1.23581e-10
9.72709e-11
7.3921e-11
5.30569e-11
3.41671e-11
1.6694e-11
1.80616e-33
1.01068e-14
6.82002e-12
1.3306e-11
1.94813e-11
2.53602e-11
3.09563e-11
3.62829e-11
4.13525e-11
4.61773e-11
5.07689e-11
5.51384e-11
5.92965e-11
6.32533e-11
6.70185e-11
7.06013e-11
7.40106e-11
7.72547e-11
8.03418e-11
8.32794e-11
8.60747e-11
8.87348e-11
9.12661e-11
9.3675e-11
9.59674e-11
9.8149e-11
1.00225e-10
1.02201e-10
1.04082e-10
1.05871e-10
1.07575e-10
1.09196e-10
1.10739e-10
1.27668e-10
1.46138e-10
1.66247e-10
1.88082e-10
2.11713e-10
2.37185e-10
2.64507e-10
2.93633e-10
3.24449e-10
3.56749e-10
3.90214e-10
4.24387e-10
4.58647e-10
4.922e-10
5.24068e-10
5.53105e-10
5.7804e-10
5.97549e-10
6.10356e-10
6.15374e-10
6.11841e-10
5.99447e-10
5.78419e-10
5.49535e-10
5.14051e-10
4.73568e-10
4.29852e-10
3.8465e-10
3.39534e-10
2.95795e-10
2.54396e-10
2.15967e-10
1.80841e-10
1.49106e-10
1.20658e-10
9.52568e-11
7.25661e-11
5.21828e-11
3.36505e-11
1.64559e-11
1.95887e-33
7.98089e-15
5.38703e-12
1.05103e-11
1.53884e-11
2.00326e-11
2.44537e-11
2.86622e-11
3.26681e-11
3.64808e-11
4.01097e-11
4.35634e-11
4.68504e-11
4.99786e-11
5.29556e-11
5.57888e-11
5.84851e-11
6.10511e-11
6.34931e-11
6.58172e-11
6.8029e-11
7.01339e-11
7.21373e-11
7.40439e-11
7.58585e-11
7.75857e-11
7.92295e-11
8.07941e-11
8.22832e-11
8.37007e-11
8.50499e-11
8.63341e-11
8.75566e-11
1.00974e-10
1.1563e-10
1.3161e-10
1.48991e-10
1.67845e-10
1.88226e-10
2.10163e-10
2.33652e-10
2.58641e-10
2.85013e-10
3.12572e-10
3.41021e-10
3.69938e-10
3.98767e-10
4.26798e-10
4.5317e-10
4.7689e-10
4.9687e-10
5.11995e-10
5.2122e-10
5.23682e-10
5.18817e-10
5.06459e-10
4.86899e-10
4.6088e-10
4.29526e-10
3.94222e-10
3.56457e-10
3.1768e-10
2.7917e-10
2.41962e-10
2.0681e-10
1.74195e-10
1.44348e-10
1.17302e-10
9.29306e-11
7.09939e-11
5.11647e-11
3.30472e-11
1.61773e-11
2.11883e-33
6.27132e-15
4.23416e-12
8.26111e-12
1.20955e-11
1.57462e-11
1.92217e-11
2.25303e-11
2.56799e-11
2.86779e-11
3.15316e-11
3.42478e-11
3.6833e-11
3.92937e-11
4.16357e-11
4.38648e-11
4.59864e-11
4.80057e-11
4.99276e-11
5.17569e-11
5.34979e-11
5.51551e-11
5.67324e-11
5.82337e-11
5.96627e-11
6.10229e-11
6.23176e-11
6.355e-11
6.47231e-11
6.58398e-11
6.69028e-11
6.79147e-11
6.8878e-11
7.94564e-11
9.10224e-11
1.03648e-10
1.17404e-10
1.32355e-10
1.48556e-10
1.66049e-10
1.84851e-10
2.0495e-10
2.26288e-10
2.48754e-10
2.72163e-10
2.9624e-10
3.20607e-10
3.44764e-10
3.68086e-10
3.89823e-10
4.09116e-10
4.25043e-10
4.36671e-10
4.43146e-10
4.43787e-10
4.38182e-10
4.26265e-10
4.08354e-10
3.85138e-10
3.57608e-10
3.26949e-10
2.94412e-10
2.6119e-10
2.28325e-10
1.96643e-10
1.66734e-10
1.38957e-10
1.13469e-10
9.02564e-11
6.91766e-11
4.99827e-11
3.23445e-11
1.58522e-11
2.28456e-33
4.90505e-15
3.31245e-12
6.46285e-12
9.46268e-12
1.23189e-11
1.50383e-11
1.76272e-11
2.00918e-11
2.24381e-11
2.46715e-11
2.67975e-11
2.88212e-11
3.07476e-11
3.25812e-11
3.43266e-11
3.59879e-11
3.75693e-11
3.90745e-11
4.05074e-11
4.18712e-11
4.31695e-11
4.44052e-11
4.55816e-11
4.67014e-11
4.77673e-11
4.8782e-11
4.9748e-11
5.06676e-11
5.1543e-11
5.23763e-11
5.31697e-11
5.3925e-11
6.22226e-11
7.13028e-11
8.1226e-11
9.20522e-11
1.03839e-10
1.1664e-10
1.30498e-10
1.45443e-10
1.61486e-10
1.78607e-10
1.9675e-10
2.15806e-10
2.35605e-10
2.55899e-10
2.76348e-10
2.96512e-10
3.15842e-10
3.33688e-10
3.49316e-10
3.61944e-10
3.70797e-10
3.7518e-10
3.74556e-10
3.68629e-10
3.57398e-10
3.41187e-10
3.20617e-10
2.96553e-10
2.70001e-10
2.42005e-10
2.13548e-10
1.85473e-10
1.58437e-10
1.32898e-10
1.09121e-10
8.71995e-11
6.7086e-11
4.86161e-11
3.15289e-11
1.54739e-11
2.45392e-33
3.81936e-15
2.57977e-12
5.03338e-12
7.36978e-12
9.59443e-12
1.17126e-11
1.37292e-11
1.56492e-11
1.7477e-11
1.9217e-11
2.08735e-11
2.24505e-11
2.39516e-11
2.53806e-11
2.6741e-11
2.80359e-11
2.92687e-11
3.04421e-11
3.15592e-11
3.26226e-11
3.3635e-11
3.45987e-11
3.55161e-11
3.63894e-11
3.72209e-11
3.80124e-11
3.87659e-11
3.94833e-11
4.01663e-11
4.08165e-11
4.14356e-11
4.20249e-11
4.85021e-11
5.55956e-11
6.33551e-11
7.18308e-11
8.10726e-11
9.11279e-11
1.02039e-10
1.13841e-10
1.26556e-10
1.40185e-10
1.54708e-10
1.70069e-10
1.86166e-10
2.02845e-10
2.19883e-10
2.36979e-10
2.53745e-10
2.69706e-10
2.84301e-10
2.96905e-10
3.06858e-10
3.13519e-10
3.16321e-10
3.14845e-10
3.08878e-10
2.98464e-10
2.83912e-10
2.65776e-10
2.448e-10
2.21836e-10
1.97749e-10
1.73345e-10
1.49305e-10
1.26149e-10
1.04228e-10
8.3729e-11
6.46952e-11
4.70442e-11
3.05867e-11
1.50357e-11
2.62397e-33
2.96115e-15
2.00044e-12
3.90306e-12
5.71485e-12
7.44003e-12
9.08269e-12
1.06467e-11
1.21358e-11
1.35535e-11
1.49032e-11
1.61882e-11
1.74116e-11
1.85762e-11
1.9685e-11
2.07405e-11
2.17454e-11
2.27021e-11
2.36128e-11
2.44798e-11
2.53053e-11
2.60911e-11
2.68392e-11
2.75514e-11
2.82295e-11
2.88751e-11
2.94897e-11
3.00748e-11
3.06319e-11
3.11624e-11
3.16674e-11
3.21482e-11
3.2606e-11
3.76386e-11
4.31538e-11
4.91916e-11
5.57937e-11
6.30019e-11
7.08573e-11
7.93988e-11
8.86606e-11
9.86692e-11
1.0944e-10
1.20972e-10
1.3324e-10
1.46193e-10
1.59737e-10
1.73732e-10
1.8798e-10
2.02217e-10
2.16106e-10
2.29233e-10
2.41119e-10
2.51234e-10
2.59023e-10
2.63955e-10
2.65571e-10
2.63542e-10
2.57719e-10
2.48168e-10
2.35177e-10
2.19234e-10
2.00973e-10
1.81108e-10
1.60357e-10
1.39377e-10
1.18712e-10
9.87726e-11
7.98211e-11
6.19806e-11
4.52473e-11
2.95043e-11
1.45306e-11
2.79076e-33
2.28602e-15
1.54457e-12
3.01363e-12
4.41258e-12
5.7447e-12
7.01314e-12
8.2209e-12
9.37085e-12
1.04657e-11
1.15082e-11
1.25007e-11
1.34456e-11
1.43453e-11
1.52018e-11
1.60172e-11
1.67936e-11
1.75327e-11
1.82365e-11
1.89064e-11
1.95443e-11
2.01516e-11
2.07298e-11
2.12803e-11
2.18044e-11
2.23034e-11
2.27785e-11
2.32309e-11
2.36616e-11
2.40717e-11
2.44621e-11
2.48339e-11
2.51879e-11
2.90804e-11
3.33484e-11
3.80243e-11
4.31417e-11
4.87351e-11
5.48394e-11
6.14882e-11
6.87132e-11
7.65417e-11
8.49941e-11
9.40807e-11
1.03797e-10
1.14119e-10
1.24997e-10
1.36347e-10
1.48043e-10
1.59911e-10
1.7172e-10
1.83177e-10
1.93928e-10
2.03562e-10
2.11631e-10
2.17671e-10
2.21242e-10
2.21972e-10
2.19602e-10
2.1403e-10
2.05334e-10
1.93774e-10
1.79772e-10
1.63869e-10
1.46657e-10
1.2873e-10
1.10618e-10
9.27574e-11
7.54629e-11
5.89242e-11
4.32086e-11
2.82691e-11
1.39521e-11
2.9493e-33
1.75725e-15
1.18745e-12
2.31686e-12
3.39238e-12
4.41656e-12
5.3918e-12
6.32041e-12
7.20462e-12
8.04652e-12
8.84814e-12
9.61138e-12
1.03381e-11
1.103e-11
1.16887e-11
1.2316e-11
1.29131e-11
1.34817e-11
1.40231e-11
1.45385e-11
1.50292e-11
1.54965e-11
1.59414e-11
1.63649e-11
1.67683e-11
1.71523e-11
1.75179e-11
1.7866e-11
1.81975e-11
1.85131e-11
1.88137e-11
1.90998e-11
1.93723e-11
2.23692e-11
2.56569e-11
2.92608e-11
3.32081e-11
3.75268e-11
4.22454e-11
4.73926e-11
5.29962e-11
5.90816e-11
6.56706e-11
7.27786e-11
8.0412e-11
8.85645e-11
9.72125e-11
1.0631e-10
1.15781e-10
1.25514e-10
1.35358e-10
1.45111e-10
1.54519e-10
1.6328e-10
1.71044e-10
1.77432e-10
1.82057e-10
1.84556e-10
1.84624e-10
1.82061e-10
1.76795e-10
1.68907e-10
1.58629e-10
1.46325e-10
1.32446e-10
1.17487e-10
1.01931e-10
8.62072e-11
7.06566e-11
5.55174e-11
4.09163e-11
2.6871e-11
1.32945e-11
3.09337e-33
1.34479e-15
9.08827e-13
1.77324e-12
2.59643e-12
3.38033e-12
4.12679e-12
4.83759e-12
5.51442e-12
6.15889e-12
6.77254e-12
7.35684e-12
7.91318e-12
8.44291e-12
8.94729e-12
9.42754e-12
9.8848e-12
1.03202e-11
1.07347e-11
1.11295e-11
1.15053e-11
1.18631e-11
1.22039e-11
1.25283e-11
1.28372e-11
1.31314e-11
1.34115e-11
1.36781e-11
1.39321e-11
1.41739e-11
1.44041e-11
1.46234e-11
1.48321e-11
1.71287e-11
1.96492e-11
2.24136e-11
2.54433e-11
2.87607e-11
3.2389e-11
3.63519e-11
4.06729e-11
4.53746e-11
5.04774e-11
5.59986e-11
6.19495e-11
6.83337e-11
7.51436e-11
8.23566e-11
8.99304e-11
9.77977e-11
1.05861e-10
1.13987e-10
1.22001e-10
1.29685e-10
1.36782e-10
1.42993e-10
1.48e-10
1.51479e-10
1.5313e-10
1.52705e-10
1.50045e-10
1.45103e-10
1.37957e-10
1.2881e-10
1.1797e-10
1.05815e-10
9.27529e-11
7.91755e-11
6.54244e-11
5.17639e-11
3.83658e-11
2.53037e-11
1.25536e-11
3.21557e-33
1.02426e-15
6.92274e-13
1.35072e-12
1.97778e-12
2.57491e-12
3.14354e-12
3.68502e-12
4.20063e-12
4.69161e-12
5.15912e-12
5.60428e-12
6.02817e-12
6.43178e-12
6.8161e-12
7.18204e-12
7.53049e-12
7.86227e-12
8.17819e-12
8.479e-12
8.76543e-12
9.03817e-12
9.29787e-12
9.54516e-12
9.78063e-12
1.00048e-11
1.02183e-11
1.04216e-11
1.06152e-11
1.07996e-11
1.09751e-11
1.11422e-11
1.13014e-11
1.30526e-11
1.49752e-11
1.70848e-11
1.93982e-11
2.19329e-11
2.47076e-11
2.77415e-11
3.10538e-11
3.46639e-11
3.859e-11
4.28485e-11
4.74526e-11
5.24108e-11
5.77244e-11
6.33851e-11
6.93715e-11
7.56454e-11
8.21471e-11
8.87912e-11
9.54616e-11
1.02008e-10
1.08244e-10
1.13948e-10
1.1887e-10
1.2274e-10
1.25288e-10
1.26266e-10
1.25471e-10
1.22778e-10
1.18154e-10
1.11672e-10
1.03507e-10
9.39191e-11
8.32214e-11
7.17468e-11
5.98112e-11
4.76833e-11
3.55624e-11
2.35664e-11
1.17278e-11
3.30741e-33
7.76045e-16
5.24549e-13
1.02347e-12
1.49861e-12
1.95108e-12
2.38197e-12
2.79228e-12
3.18301e-12
3.55507e-12
3.90937e-12
4.24674e-12
4.56798e-12
4.87388e-12
5.16517e-12
5.44253e-12
5.70664e-12
5.95813e-12
6.1976e-12
6.42562e-12
6.64275e-12
6.84951e-12
7.04639e-12
7.23386e-12
7.41238e-12
7.58237e-12
7.74425e-12
7.89839e-12
8.04517e-12
8.18494e-12
8.31803e-12
8.44478e-12
8.56547e-12
9.89361e-12
1.13521e-11
1.29531e-11
1.47095e-11
1.66352e-11
1.87447e-11
2.10532e-11
2.35765e-11
2.63305e-11
2.93306e-11
3.25915e-11
3.61263e-11
3.9945e-11
4.40536e-11
4.84518e-11
5.3131e-11
5.80712e-11
6.32381e-11
6.8579e-11
7.40192e-11
7.94582e-11
8.47667e-11
8.97851e-11
9.43251e-11
9.81745e-11
1.01107e-10
1.02896e-10
1.03336e-10
1.02262e-10
9.95733e-11
9.52477e-11
8.93511e-11
8.20324e-11
7.3508e-11
6.40364e-11
5.38878e-11
4.33141e-11
3.25241e-11
2.16658e-11
1.08189e-11
3.35962e-33
5.84442e-16
3.95065e-13
7.70832e-13
1.12869e-12
1.46948e-12
1.79401e-12
2.10306e-12
2.39736e-12
2.67761e-12
2.94448e-12
3.1986e-12
3.44059e-12
3.67103e-12
3.89046e-12
4.0994e-12
4.29837e-12
4.48784e-12
4.66825e-12
4.84005e-12
5.00365e-12
5.15943e-12
5.30777e-12
5.44903e-12
5.58355e-12
5.71164e-12
5.83362e-12
5.94977e-12
6.06038e-12
6.16571e-12
6.26601e-12
6.36153e-12
6.45248e-12
7.45353e-12
8.55312e-12
9.76049e-12
1.10856e-11
1.25391e-11
1.41323e-11
1.58772e-11
1.77862e-11
1.98721e-11
2.21477e-11
2.46255e-11
2.73172e-11
3.0233e-11
3.33804e-11
3.67633e-11
4.03802e-11
4.42225e-11
4.82718e-11
5.24973e-11
5.68525e-11
6.12725e-11
6.56703e-11
6.99348e-11
7.39298e-11
7.74953e-11
8.04517e-11
8.26085e-11
8.37769e-11
8.37856e-11
8.24997e-11
7.98379e-11
7.57854e-11
7.03999e-11
6.38071e-11
5.61864e-11
4.77496e-11
3.87151e-11
2.92834e-11
1.96175e-11
9.83254e-12
3.3626e-33
4.36985e-16
2.95404e-13
5.7638e-13
8.43964e-13
1.09879e-12
1.34147e-12
1.57256e-12
1.79264e-12
2.00221e-12
2.20177e-12
2.39182e-12
2.57279e-12
2.74512e-12
2.90922e-12
3.06549e-12
3.2143e-12
3.35601e-12
3.49095e-12
3.61945e-12
3.74181e-12
3.85833e-12
3.9693e-12
4.07496e-12
4.17558e-12
4.2714e-12
4.36265e-12
4.44954e-12
4.53228e-12
4.61108e-12
4.68612e-12
4.75758e-12
4.82562e-12
5.57462e-12
6.39751e-12
7.30129e-12
8.29353e-12
9.38235e-12
1.05765e-11
1.18851e-11
1.33179e-11
1.48849e-11
1.65966e-11
1.84631e-11
2.04944e-11
2.26997e-11
2.50866e-11
2.76609e-11
3.04247e-11
3.33756e-11
3.65052e-11
3.97964e-11
4.32217e-11
4.67406e-11
5.02962e-11
5.38137e-11
5.71979e-11
6.03323e-11
6.30813e-11
6.52931e-11
6.68076e-11
6.74669e-11
6.71289e-11
6.56826e-11
6.30626e-11
5.92591e-11
5.4322e-11
4.83572e-11
4.15134e-11
3.39643e-11
2.58878e-11
1.74471e-11
8.77959e-12
3.30711e-33
3.23809e-16
2.18906e-13
4.27121e-13
6.25413e-13
8.14253e-13
9.94089e-13
1.16535e-12
1.32844e-12
1.48375e-12
1.63165e-12
1.77249e-12
1.90662e-12
2.03434e-12
2.15596e-12
2.27179e-12
2.38208e-12
2.48711e-12
2.58713e-12
2.68238e-12
2.77308e-12
2.85945e-12
2.9417e-12
3.02003e-12
3.09461e-12
3.16564e-12
3.23328e-12
3.2977e-12
3.35904e-12
3.41746e-12
3.47308e-12
3.52606e-12
3.57651e-12
4.13183e-12
4.74205e-12
5.4124e-12
6.14855e-12
6.95664e-12
7.84324e-12
8.81536e-12
9.88044e-12
1.10463e-11
1.23209e-11
1.37126e-11
1.52294e-11
1.68791e-11
1.86689e-11
2.06044e-11
2.26896e-11
2.49253e-11
2.73087e-11
2.98312e-11
3.24775e-11
3.5223e-11
3.8032e-11
4.08554e-11
4.36285e-11
4.62698e-11
4.86804e-11
5.07451e-11
5.23359e-11
5.33186e-11
5.35614e-11
5.29467e-11
5.13835e-11
4.88193e-11
4.52487e-11
4.07154e-11
3.53093e-11
2.91552e-11
2.23985e-11
1.51901e-11
7.67575e-12
3.18509e-33
2.3713e-16
1.60314e-13
3.12799e-13
4.58018e-13
5.96316e-13
7.28021e-13
8.53446e-13
9.7289e-13
1.08664e-12
1.19496e-12
1.29811e-12
1.39635e-12
1.48989e-12
1.57898e-12
1.66381e-12
1.7446e-12
1.82153e-12
1.89479e-12
1.96456e-12
2.03099e-12
2.09426e-12
2.15451e-12
2.21189e-12
2.26653e-12
2.31856e-12
2.36811e-12
2.4153e-12
2.46024e-12
2.50303e-12
2.54378e-12
2.58259e-12
2.61955e-12
3.02642e-12
3.47356e-12
3.96485e-12
4.5045e-12
5.09704e-12
5.74737e-12
6.46074e-12
7.24275e-12
8.09929e-12
9.03655e-12
1.00609e-11
1.11787e-11
1.23963e-11
1.37198e-11
1.51543e-11
1.6704e-11
1.83714e-11
2.01564e-11
2.20556e-11
2.40609e-11
2.6158e-11
2.83253e-11
3.05314e-11
3.27338e-11
3.48771e-11
3.68916e-11
3.86934e-11
4.01852e-11
4.12596e-11
4.18046e-11
4.17108e-11
4.08817e-11
3.92438e-11
3.67564e-11
3.34182e-11
2.92697e-11
2.43894e-11
1.88863e-11
1.28895e-11
6.54104e-12
2.99036e-33
1.70811e-16
1.15482e-13
2.25324e-13
3.29932e-13
4.29556e-13
5.24431e-13
6.14782e-13
7.00826e-13
7.82767e-13
8.608e-13
9.35112e-13
1.00588e-12
1.07327e-12
1.13745e-12
1.19857e-12
1.25677e-12
1.31219e-12
1.36497e-12
1.41524e-12
1.4631e-12
1.50869e-12
1.5521e-12
1.59344e-12
1.6328e-12
1.67029e-12
1.706e-12
1.74e-12
1.77238e-12
1.80321e-12
1.83258e-12
1.86054e-12
1.88717e-12
2.18036e-12
2.5026e-12
2.85672e-12
3.24576e-12
3.67303e-12
4.1421e-12
4.65683e-12
5.22132e-12
5.83995e-12
6.51732e-12
7.25822e-12
8.06756e-12
8.95026e-12
9.9111e-12
1.09545e-11
1.20843e-11
1.33033e-11
1.46128e-11
1.60119e-11
1.74968e-11
1.90599e-11
2.06882e-11
2.23626e-11
2.40556e-11
2.57308e-11
2.73408e-11
2.88265e-11
3.01173e-11
3.11318e-11
3.17808e-11
3.19717e-11
3.16154e-11
3.06342e-11
2.89708e-11
2.65959e-11
2.35142e-11
1.97658e-11
1.54244e-11
1.05925e-11
5.39806e-12
2.71896e-33
1.19979e-16
8.11172e-14
1.58273e-13
2.31753e-13
3.01732e-13
3.68375e-13
4.31842e-13
4.92283e-13
5.49843e-13
6.04658e-13
6.56859e-13
7.06571e-13
7.53912e-13
7.98996e-13
8.4193e-13
8.82816e-13
9.21752e-13
9.58832e-13
9.94143e-13
1.02777e-12
1.05979e-12
1.09029e-12
1.11933e-12
1.14699e-12
1.17333e-12
1.19841e-12
1.2223e-12
1.24505e-12
1.26671e-12
1.28734e-12
1.30699e-12
1.3257e-12
1.5317e-12
1.75814e-12
2.007e-12
2.28044e-12
2.58081e-12
2.91064e-12
3.27268e-12
3.66985e-12
4.10531e-12
4.58236e-12
5.1045e-12
5.67532e-12
6.2985e-12
6.97767e-12
7.71629e-12
8.51753e-12
9.38394e-12
1.03172e-11
1.13177e-11
1.2384e-11
1.35121e-11
1.46949e-11
1.59206e-11
1.71726e-11
1.84273e-11
1.96537e-11
2.08119e-11
2.18526e-11
2.27173e-11
2.33393e-11
2.36461e-11
2.35632e-11
2.30204e-11
2.1958e-11
2.03345e-11
1.81331e-11
1.53662e-11
1.20778e-11
8.34306e-12
4.26878e-12
2.36854e-33
8.07034e-17
5.45642e-14
1.06464e-13
1.55891e-13
2.02963e-13
2.47792e-13
2.90484e-13
3.31142e-13
3.69861e-13
4.06734e-13
4.41849e-13
4.7529e-13
5.07136e-13
5.37464e-13
5.66346e-13
5.93851e-13
6.20044e-13
6.44988e-13
6.68743e-13
6.91365e-13
7.12909e-13
7.33425e-13
7.52963e-13
7.7157e-13
7.8929e-13
8.06165e-13
8.22235e-13
8.37539e-13
8.52114e-13
8.65994e-13
8.79213e-13
8.91801e-13
1.0304e-12
1.18276e-12
1.35022e-12
1.53424e-12
1.73642e-12
1.95846e-12
2.20224e-12
2.46974e-12
2.76313e-12
3.08468e-12
3.43679e-12
3.82198e-12
4.24282e-12
4.70189e-12
5.20172e-12
5.74469e-12
6.33283e-12
6.9677e-12
7.65008e-12
8.37965e-12
9.15458e-12
9.97096e-12
1.08222e-11
1.16983e-11
1.25849e-11
1.34624e-11
1.43052e-11
1.50809e-11
1.57498e-11
1.62653e-11
1.65749e-11
1.66226e-11
1.63518e-11
1.57108e-11
1.46582e-11
1.31686e-11
1.12385e-11
8.88988e-12
6.17313e-12
3.16989e-12
1.93611e-33
4.96784e-17
3.35885e-14
6.55368e-14
9.59631e-14
1.2494e-13
1.52536e-13
1.78816e-13
2.03844e-13
2.27679e-13
2.50378e-13
2.71995e-13
2.92581e-13
3.12186e-13
3.30856e-13
3.48636e-13
3.65568e-13
3.81693e-13
3.97049e-13
4.11673e-13
4.256e-13
4.38862e-13
4.51493e-13
4.63521e-13
4.74976e-13
4.85885e-13
4.96274e-13
5.06168e-13
5.1559e-13
5.24563e-13
5.33109e-13
5.41247e-13
5.48997e-13
6.34327e-13
7.28136e-13
8.3125e-13
9.44572e-13
1.06908e-12
1.20585e-12
1.35602e-12
1.52085e-12
1.70167e-12
1.8999e-12
2.11705e-12
2.35471e-12
2.61451e-12
2.89811e-12
3.20714e-12
3.54319e-12
3.90766e-12
4.30169e-12
4.726e-12
5.18071e-12
5.66507e-12
6.17715e-12
6.71345e-12
7.26843e-12
7.83397e-12
8.39877e-12
8.94771e-12
9.46127e-12
9.91516e-12
1.02801e-11
1.05223e-11
1.06044e-11
1.04874e-11
1.01337e-11
9.51057e-12
8.59475e-12
7.37686e-12
5.86543e-12
4.09039e-12
2.10662e-12
1.41301e-33
2.38698e-17
1.61389e-14
3.14898e-14
4.61094e-14
6.00325e-14
7.32921e-14
8.59198e-14
9.79457e-14
1.09398e-13
1.20305e-13
1.30692e-13
1.40584e-13
1.50004e-13
1.58975e-13
1.67518e-13
1.75654e-13
1.83402e-13
1.90781e-13
1.97808e-13
2.045e-13
2.10873e-13
2.16942e-13
2.22722e-13
2.28227e-13
2.33469e-13
2.38461e-13
2.43215e-13
2.47743e-13
2.52054e-13
2.56161e-13
2.60071e-13
2.63795e-13
3.048e-13
3.4988e-13
3.99434e-13
4.53897e-13
5.1374e-13
5.79479e-13
6.5167e-13
7.30915e-13
8.17862e-13
9.132e-13
1.01766e-12
1.13202e-12
1.25708e-12
1.39365e-12
1.54255e-12
1.70457e-12
1.88043e-12
2.07074e-12
2.27592e-12
2.49613e-12
2.73111e-12
2.98009e-12
3.24157e-12
3.5131e-12
3.79099e-12
4.07007e-12
4.3433e-12
4.60149e-12
4.83303e-12
5.02376e-12
5.15699e-12
5.21396e-12
5.17461e-12
5.01895e-12
4.72887e-12
4.29052e-12
3.69675e-12
2.94968e-12
2.06305e-12
1.06466e-12
7.75804e-34
7.0638e-42
9.30027e-41
3.05887e-40
6.14595e-40
9.87528e-40
1.39944e-39
1.83039e-39
2.26479e-39
2.69067e-39
3.09906e-39
3.48338e-39
3.83904e-39
4.16305e-39
4.45367e-39
4.7102e-39
4.93271e-39
5.12187e-39
5.27884e-39
5.40508e-39
5.50231e-39
5.57241e-39
5.61733e-39
5.63907e-39
5.63962e-39
5.62095e-39
5.58497e-39
5.53351e-39
5.46831e-39
5.39102e-39
5.30318e-39
5.20625e-39
3.44801e-38
8.17204e-38
1.18397e-37
1.69694e-37
2.41007e-37
3.3963e-37
4.75407e-37
6.6159e-37
9.15989e-37
1.26249e-36
1.73309e-36
2.37051e-36
3.23175e-36
4.39264e-36
5.95379e-36
8.04841e-36
1.08522e-35
1.45961e-35
1.95822e-35
2.62039e-35
3.49698e-35
4.65322e-35
6.17202e-35
8.15741e-35
1.07379e-34
1.40692e-34
1.83345e-34
2.37421e-34
3.05157e-34
3.88749e-34
4.90017e-34
6.09849e-34
7.47392e-34
8.9891e-34
1.05631e-33
1.2054e-33
1.3239e-33
1.37971e-33
1.32965e-33
1.11956e-33
6.87493e-34
2.69295e-34
