-2.47672e-38
-3.26088e-37
-1.07251e-36
-2.1549e-36
-3.46248e-36
-4.90674e-36
-6.41772e-36
-7.9408e-36
-9.43404e-36
-1.08659e-35
-1.22134e-35
-1.34604e-35
-1.45964e-35
-1.56154e-35
-1.65148e-35
-1.72949e-35
-1.79581e-35
-1.85084e-35
-1.8951e-35
-1.92919e-35
-1.95377e-35
-1.96951e-35
-1.97713e-35
-1.97732e-35
-1.97078e-35
-1.95816e-35
-1.94011e-35
-1.91725e-35
-1.89015e-35
-1.85935e-35
-1.82536e-35
-1.2089e-34
-2.86516e-34
-4.151e-34
-5.94935e-34
-8.44931e-34
-1.19065e-33
-1.66659e-33
-2.31916e-33
-3.21076e-33
-4.42503e-33
-6.07394e-33
-8.30703e-33
-1.13236e-32
-1.53888e-32
-2.08539e-32
-2.81839e-32
-3.79913e-32
-5.108e-32
-6.85003e-32
-9.16167e-32
-1.22189e-31
-1.62469e-31
-2.15305e-31
-2.84258e-31
-3.737e-31
-4.88886e-31
-6.35951e-31
-8.21767e-31
-1.05358e-30
-1.33831e-30
-1.68133e-30
-2.08457e-30
-2.54386e-30
-3.04521e-30
-3.56025e-30
-4.0409e-30
-4.41376e-30
-4.57507e-30
-4.38716e-30
-3.67873e-30
-2.25265e-30
-4.29144e-31
2.84836e-17
1.92583e-14
3.75761e-14
5.50214e-14
7.16354e-14
8.74578e-14
1.02526e-13
1.16876e-13
1.30542e-13
1.43557e-13
1.55951e-13
1.67754e-13
1.78995e-13
1.897e-13
1.99894e-13
2.09602e-13
2.18848e-13
2.27652e-13
2.36037e-13
2.44022e-13
2.51627e-13
2.58869e-13
2.65765e-13
2.72333e-13
2.78588e-13
2.84545e-13
2.90217e-13
2.9562e-13
3.00765e-13
3.05664e-13
3.1033e-13
3.14774e-13
3.637e-13
4.17487e-13
4.7661e-13
5.41586e-13
6.12978e-13
6.91398e-13
7.77507e-13
8.72021e-13
9.75705e-13
1.08938e-12
1.21391e-12
1.3502e-12
1.4992e-12
1.66185e-12
1.83911e-12
2.03188e-12
2.24097e-12
2.46705e-12
2.71055e-12
2.97154e-12
3.24961e-12
3.54367e-12
3.85174e-12
4.17067e-12
4.49581e-12
4.82071e-12
5.13669e-12
5.43254e-12
5.69429e-12
5.90505e-12
6.0453e-12
6.09342e-12
6.02687e-12
5.82382e-12
5.46544e-12
4.93841e-12
4.23757e-12
3.36826e-12
2.34812e-12
1.20898e-12
-2.40946e-30
5.95522e-17
4.02639e-14
7.85618e-14
1.15035e-13
1.49771e-13
1.82851e-13
2.14354e-13
2.44356e-13
2.72928e-13
3.00137e-13
3.2605e-13
3.50727e-13
3.74227e-13
3.96607e-13
4.1792e-13
4.38216e-13
4.57545e-13
4.75952e-13
4.93482e-13
5.10176e-13
5.26074e-13
5.41214e-13
5.55632e-13
5.69362e-13
5.82439e-13
5.94891e-13
6.0675e-13
6.18044e-13
6.288e-13
6.39043e-13
6.48797e-13
6.58087e-13
7.60365e-13
8.72803e-13
9.96388e-13
1.1322e-12
1.28141e-12
1.44529e-12
1.62523e-12
1.82269e-12
2.03927e-12
2.27667e-12
2.53667e-12
2.82113e-12
3.13197e-12
3.47114e-12
3.84053e-12
4.24194e-12
4.67693e-12
5.14672e-12
5.65199e-12
6.19262e-12
6.7674e-12
7.37364e-12
8.00669e-12
8.65937e-12
9.32135e-12
9.97842e-12
1.06119e-11
1.11978e-11
1.17069e-11
1.21043e-11
1.23506e-11
1.24031e-11
1.22185e-11
1.17566e-11
1.09843e-11
9.88107e-12
8.44261e-12
6.68466e-12
4.64517e-12
2.38637e-12
-4.38155e-30
9.74298e-17
6.58724e-14
1.28528e-13
1.88199e-13
2.45026e-13
2.99145e-13
3.50684e-13
3.99767e-13
4.46509e-13
4.91023e-13
5.33415e-13
5.73785e-13
6.1223e-13
6.48842e-13
6.83708e-13
7.16911e-13
7.48531e-13
7.78643e-13
8.07319e-13
8.34628e-13
8.60634e-13
8.85401e-13
9.08986e-13
9.31447e-13
9.52837e-13
9.73207e-13
9.92607e-13
1.01108e-12
1.02867e-12
1.04543e-12
1.06139e-12
1.07658e-12
1.24388e-12
1.42778e-12
1.6299e-12
1.852e-12
2.09597e-12
2.3639e-12
2.65801e-12
2.9807e-12
3.33454e-12
3.72224e-12
4.14666e-12
4.61077e-12
5.11759e-12
5.67013e-12
6.27132e-12
6.92381e-12
7.62985e-12
8.39097e-12
9.20773e-12
1.00792e-11
1.10026e-11
1.19725e-11
1.29799e-11
1.40118e-11
1.50497e-11
1.60687e-11
1.7037e-11
1.79147e-11
1.86539e-11
1.91993e-11
1.94902e-11
1.94632e-11
1.90572e-11
1.82192e-11
1.69101e-11
1.51117e-11
1.28308e-11
1.01017e-11
6.98701e-12
3.57798e-12
-5.98907e-30
1.46213e-16
9.88523e-14
1.92877e-13
2.82422e-13
3.677e-13
4.48914e-13
5.26255e-13
5.9991e-13
6.70052e-13
7.3685e-13
8.00462e-13
8.6104e-13
9.18729e-13
9.73667e-13
1.02598e-12
1.07581e-12
1.12325e-12
1.16844e-12
1.21146e-12
1.25244e-12
1.29146e-12
1.32862e-12
1.36401e-12
1.39771e-12
1.4298e-12
1.46037e-12
1.48947e-12
1.51719e-12
1.54359e-12
1.56873e-12
1.59267e-12
1.61547e-12
1.86646e-12
2.14234e-12
2.44552e-12
2.77861e-12
3.14446e-12
3.54614e-12
3.98696e-12
4.47046e-12
5.00041e-12
5.5808e-12
6.21577e-12
6.9096e-12
7.66658e-12
8.49095e-12
9.38664e-12
1.03571e-11
1.14051e-11
1.25319e-11
1.37374e-11
1.50187e-11
1.63699e-11
1.77807e-11
1.92355e-11
2.07119e-11
2.21793e-11
2.35981e-11
2.49182e-11
2.60789e-11
2.70096e-11
2.7632e-11
2.78631e-11
2.76215e-11
2.68341e-11
2.54443e-11
2.34195e-11
2.07571e-11
1.74873e-11
1.36724e-11
9.40337e-12
4.79677e-12
-7.30421e-30
2.10604e-16
1.42382e-13
2.77812e-13
4.06788e-13
5.29617e-13
6.46591e-13
7.57987e-13
8.64072e-13
9.65097e-13
1.0613e-12
1.15292e-12
1.24017e-12
1.32326e-12
1.40238e-12
1.47773e-12
1.54948e-12
1.61781e-12
1.68288e-12
1.74484e-12
1.80385e-12
1.86005e-12
1.91356e-12
1.96452e-12
2.01306e-12
2.05927e-12
2.10328e-12
2.1452e-12
2.18511e-12
2.22312e-12
2.25932e-12
2.29379e-12
2.32662e-12
2.68801e-12
3.0852e-12
3.52163e-12
4.00103e-12
4.52746e-12
5.10529e-12
5.73921e-12
6.43421e-12
7.19558e-12
8.02888e-12
8.93982e-12
9.93423e-12
1.10179e-11
1.21962e-11
1.34742e-11
1.48559e-11
1.63437e-11
1.79383e-11
1.96372e-11
2.14338e-11
2.33167e-11
2.52674e-11
2.72594e-11
2.92561e-11
3.12094e-11
3.30581e-11
3.47281e-11
3.61323e-11
3.71734e-11
3.77481e-11
3.77538e-11
3.70973e-11
3.57044e-11
3.35295e-11
3.05626e-11
2.6833e-11
2.24073e-11
1.73832e-11
1.18805e-11
6.03456e-12
-8.35467e-30
2.96497e-16
2.00444e-13
3.91099e-13
5.72668e-13
7.45582e-13
9.10252e-13
1.06707e-12
1.21641e-12
1.35862e-12
1.49405e-12
1.62302e-12
1.74583e-12
1.86279e-12
1.97416e-12
2.08022e-12
2.18121e-12
2.27739e-12
2.36898e-12
2.4562e-12
2.53925e-12
2.61834e-12
2.69366e-12
2.76539e-12
2.83369e-12
2.89873e-12
2.96067e-12
3.01966e-12
3.07583e-12
3.12933e-12
3.18027e-12
3.22878e-12
3.27498e-12
3.78352e-12
4.34236e-12
4.95629e-12
5.63052e-12
6.3707e-12
7.18285e-12
8.07344e-12
9.04933e-12
1.01177e-11
1.12861e-11
1.2562e-11
1.39531e-11
1.54667e-11
1.71095e-11
1.88872e-11
2.08036e-11
2.28603e-11
2.50551e-11
2.73812e-11
2.98253e-11
3.23662e-11
3.49725e-11
3.76005e-11
4.01923e-11
4.26744e-11
4.49568e-11
4.69336e-11
4.84863e-11
4.94885e-11
4.98144e-11
4.93491e-11
4.80003e-11
4.571e-11
4.24636e-11
3.82932e-11
3.32761e-11
2.75256e-11
2.11782e-11
1.4379e-11
7.27127e-12
-9.15189e-30
4.11575e-16
2.78229e-13
5.42869e-13
7.94896e-13
1.03491e-12
1.26347e-12
1.48114e-12
1.68842e-12
1.8858e-12
2.07377e-12
2.25277e-12
2.42322e-12
2.58554e-12
2.74011e-12
2.8873e-12
3.02746e-12
3.16093e-12
3.28803e-12
3.40906e-12
3.52432e-12
3.63407e-12
3.73858e-12
3.83811e-12
3.93289e-12
4.02314e-12
4.10909e-12
4.19093e-12
4.26887e-12
4.34309e-12
4.41377e-12
4.48108e-12
4.54518e-12
5.25069e-12
6.02583e-12
6.8772e-12
7.81194e-12
8.83773e-12
9.96278e-12
1.11958e-11
1.25461e-11
1.4023e-11
1.56365e-11
1.73964e-11
1.93121e-11
2.13926e-11
2.36454e-11
2.6076e-11
2.86872e-11
3.14773e-11
3.44388e-11
3.75568e-11
4.08064e-11
4.41503e-11
4.75365e-11
5.08957e-11
5.41392e-11
5.71582e-11
5.98249e-11
6.19954e-11
6.35165e-11
6.42354e-11
6.40123e-11
6.27354e-11
6.03343e-11
5.67912e-11
5.21458e-11
4.64923e-11
3.99689e-11
3.27407e-11
2.49802e-11
1.6848e-11
8.48217e-12
-9.70603e-30
5.66057e-16
3.82639e-13
7.46587e-13
1.09319e-12
1.42326e-12
1.73759e-12
2.03691e-12
2.32196e-12
2.59339e-12
2.85187e-12
3.09801e-12
3.33239e-12
3.55558e-12
3.76811e-12
3.97049e-12
4.1632e-12
4.34671e-12
4.52145e-12
4.68785e-12
4.84631e-12
4.99719e-12
5.14087e-12
5.27769e-12
5.40798e-12
5.53205e-12
5.65019e-12
5.7627e-12
5.86983e-12
5.97185e-12
6.069e-12
6.16152e-12
6.24962e-12
7.21923e-12
8.2843e-12
9.45379e-12
1.07374e-11
1.21453e-11
1.36887e-11
1.53791e-11
1.72286e-11
1.92496e-11
2.14546e-11
2.38559e-11
2.64648e-11
2.92913e-11
3.2343e-11
3.56239e-11
3.91329e-11
4.28621e-11
4.6794e-11
5.08994e-11
5.51342e-11
5.9436e-11
6.37214e-11
6.78837e-11
7.17913e-11
7.52895e-11
7.82041e-11
8.03496e-11
8.1541e-11
8.16095e-11
8.04202e-11
7.78896e-11
7.39981e-11
6.87968e-11
6.24037e-11
5.49909e-11
4.67637e-11
3.79359e-11
2.87059e-11
1.92361e-11
9.64307e-12
-1.00327e-29
7.73648e-16
5.22927e-13
1.02031e-12
1.49398e-12
1.94505e-12
2.3746e-12
2.78365e-12
3.17317e-12
3.54408e-12
3.89728e-12
4.2336e-12
4.55385e-12
4.85881e-12
5.14918e-12
5.42569e-12
5.68898e-12
5.93968e-12
6.17841e-12
6.40573e-12
6.62219e-12
6.8283e-12
7.02457e-12
7.21146e-12
7.38943e-12
7.55889e-12
7.72026e-12
7.87392e-12
8.02024e-12
8.15958e-12
8.29226e-12
8.41861e-12
8.53893e-12
9.86293e-12
1.13169e-11
1.29128e-11
1.46637e-11
1.65833e-11
1.8686e-11
2.09871e-11
2.35022e-11
2.62471e-11
2.92371e-11
3.24869e-11
3.60094e-11
3.98144e-11
4.39078e-11
4.82891e-11
5.29494e-11
5.78688e-11
6.30124e-11
6.83277e-11
7.37396e-11
7.91476e-11
8.44226e-11
8.94054e-11
9.39084e-11
9.77204e-11
1.00617e-10
1.02373e-10
1.02785e-10
1.01692e-10
9.89941e-11
9.46713e-11
8.87901e-11
8.14995e-11
7.3015e-11
6.35934e-11
5.35036e-11
4.2996e-11
3.22785e-11
2.14981e-11
1.07337e-11
-1.01541e-29
1.05283e-15
7.1157e-13
1.38837e-12
2.0329e-12
2.64668e-12
3.23116e-12
3.78772e-12
4.3177e-12
4.82235e-12
5.30288e-12
5.76044e-12
6.19612e-12
6.61097e-12
7.00598e-12
7.38211e-12
7.74024e-12
8.08126e-12
8.40596e-12
8.71514e-12
9.00953e-12
9.28985e-12
9.55676e-12
9.81092e-12
1.00529e-11
1.02834e-11
1.05028e-11
1.07117e-11
1.09107e-11
1.11001e-11
1.12805e-11
1.14523e-11
1.16159e-11
1.34157e-11
1.53915e-11
1.75593e-11
1.99363e-11
2.25406e-11
2.5391e-11
2.85072e-11
3.19088e-11
3.56153e-11
3.96451e-11
4.40146e-11
4.87366e-11
5.3819e-11
5.92622e-11
6.50563e-11
7.11777e-11
7.75853e-11
8.42155e-11
9.09782e-11
9.77516e-11
1.04379e-10
1.10667e-10
1.16389e-10
1.21286e-10
1.25087e-10
1.27519e-10
1.28336e-10
1.27342e-10
1.24422e-10
1.19554e-10
1.12825e-10
1.04424e-10
9.46185e-11
8.37317e-11
7.20999e-11
6.00401e-11
4.78198e-11
3.56351e-11
2.35993e-11
1.17392e-11
-5.5503e-30
1.07857e-15
7.28966e-13
1.42232e-12
2.0826e-12
2.71138e-12
3.31014e-12
3.88031e-12
4.42324e-12
4.94022e-12
5.43249e-12
5.90123e-12
6.34755e-12
6.77253e-12
7.17719e-12
7.5625e-12
7.92938e-12
8.27872e-12
8.61135e-12
8.92807e-12
9.22965e-12
9.5168e-12
9.79023e-12
1.00506e-11
1.02985e-11
1.05346e-11
1.07593e-11
1.09734e-11
1.11772e-11
1.13712e-11
1.1556e-11
1.1732e-11
1.18996e-11
1.37432e-11
1.5767e-11
1.79875e-11
2.04221e-11
2.30894e-11
2.60086e-11
2.91996e-11
3.26825e-11
3.6477e-11
4.06019e-11
4.50734e-11
4.99046e-11
5.51028e-11
6.06677e-11
6.65886e-11
7.28402e-11
7.93792e-11
8.61393e-11
9.30263e-11
9.99141e-11
1.06641e-10
1.13007e-10
1.18779e-10
1.23694e-10
1.27474e-10
1.29844e-10
1.30557e-10
1.2942e-10
1.26323e-10
1.21253e-10
1.14306e-10
1.05683e-10
9.56626e-11
8.45744e-11
7.27614e-11
6.05434e-11
4.81879e-11
3.58893e-11
2.37575e-11
1.18146e-11
-8.5336e-31
1.4281e-15
9.65104e-13
1.88305e-12
2.7572e-12
3.58963e-12
4.3823e-12
5.1371e-12
5.85581e-12
6.54016e-12
7.19177e-12
7.81221e-12
8.40296e-12
8.96544e-12
9.501e-12
1.00109e-11
1.04965e-11
1.09587e-11
1.13989e-11
1.1818e-11
1.2217e-11
1.2597e-11
1.29587e-11
1.33032e-11
1.36312e-11
1.39435e-11
1.42408e-11
1.4524e-11
1.47936e-11
1.50503e-11
1.52947e-11
1.55274e-11
1.57491e-11
1.81871e-11
2.08624e-11
2.37962e-11
2.70111e-11
3.05305e-11
3.43787e-11
3.85803e-11
4.31597e-11
4.814e-11
5.35418e-11
5.93818e-11
6.56703e-11
7.24087e-11
7.95859e-11
8.71743e-11
9.51244e-11
1.0336e-10
1.11772e-10
1.20212e-10
1.2849e-10
1.36371e-10
1.43576e-10
1.49795e-10
1.54693e-10
1.57939e-10
1.59236e-10
1.58347e-10
1.55133e-10
1.49575e-10
1.41784e-10
1.31998e-10
1.20552e-10
1.07848e-10
9.43063e-11
8.0326e-11
6.62471e-11
5.23278e-11
3.87305e-11
2.55172e-11
1.26507e-11
-9.45639e-31
1.93344e-15
1.30644e-12
2.54902e-12
3.73231e-12
4.85909e-12
5.93202e-12
6.95365e-12
7.9264e-12
8.85259e-12
9.73444e-12
1.05741e-11
1.13735e-11
1.21346e-11
1.28592e-11
1.35492e-11
1.4206e-11
1.48314e-11
1.54269e-11
1.59938e-11
1.65336e-11
1.70475e-11
1.75368e-11
1.80026e-11
1.84462e-11
1.88685e-11
1.92706e-11
1.96534e-11
2.0018e-11
2.03651e-11
2.06955e-11
2.10102e-11
2.13098e-11
2.46051e-11
2.82192e-11
3.21801e-11
3.6517e-11
4.12599e-11
4.64396e-11
5.20862e-11
5.82289e-11
6.48934e-11
7.2101e-11
7.98652e-11
8.81886e-11
9.70587e-11
1.06443e-10
1.16281e-10
1.26481e-10
1.36911e-10
1.47391e-10
1.57688e-10
1.67516e-10
1.76535e-10
1.84363e-10
1.90595e-10
1.94826e-10
1.96694e-10
1.95912e-10
1.92315e-10
1.85884e-10
1.76763e-10
1.65248e-10
1.5176e-10
1.36796e-10
1.20881e-10
1.04511e-10
8.81162e-11
7.20272e-11
5.64653e-11
4.15375e-11
2.72404e-11
1.34648e-11
-9.54654e-31
2.61487e-15
1.7666e-12
3.44684e-12
5.04686e-12
6.57043e-12
8.02112e-12
9.40239e-12
1.07175e-11
1.19696e-11
1.31617e-11
1.42967e-11
1.53772e-11
1.64059e-11
1.73853e-11
1.83176e-11
1.92053e-11
2.00503e-11
2.08548e-11
2.16208e-11
2.235e-11
2.30442e-11
2.37051e-11
2.43344e-11
2.49334e-11
2.55038e-11
2.60468e-11
2.65638e-11
2.70561e-11
2.75248e-11
2.7971e-11
2.83958e-11
2.88004e-11
3.32479e-11
3.81228e-11
4.34614e-11
4.9301e-11
5.56795e-11
6.26348e-11
7.02029e-11
7.84163e-11
8.73018e-11
9.68769e-11
1.07146e-10
1.18094e-10
1.29682e-10
1.41839e-10
1.54452e-10
1.6736e-10
1.80343e-10
1.93118e-10
2.05333e-10
2.16573e-10
2.26371e-10
2.34229e-10
2.39655e-10
2.42205e-10
2.41532e-10
2.37439e-10
2.29908e-10
2.19122e-10
2.05453e-10
1.89422e-10
1.71649e-10
1.52783e-10
1.33441e-10
1.14158e-10
9.53532e-11
7.73153e-11
6.02015e-11
4.40455e-11
2.87676e-11
1.41825e-11
-5.54825e-31
2.76284e-15
1.86651e-12
3.64177e-12
5.33227e-12
6.94197e-12
8.47468e-12
9.93402e-12
1.13235e-11
1.26463e-11
1.39058e-11
1.51048e-11
1.62463e-11
1.73331e-11
1.83677e-11
1.93527e-11
2.02904e-11
2.11831e-11
2.2033e-11
2.28421e-11
2.36124e-11
2.43457e-11
2.50439e-11
2.57086e-11
2.63414e-11
2.69438e-11
2.75174e-11
2.80635e-11
2.85835e-11
2.90785e-11
2.95498e-11
2.99985e-11
3.04258e-11
3.5123e-11
4.02711e-11
4.59078e-11
5.20722e-11
5.8804e-11
6.61421e-11
7.41237e-11
8.27817e-11
9.21426e-11
1.02222e-10
1.13023e-10
1.24525e-10
1.36682e-10
1.49414e-10
1.62595e-10
1.76048e-10
1.89532e-10
2.02742e-10
2.15299e-10
2.26762e-10
2.36638e-10
2.44408e-10
2.49567e-10
2.51668e-10
2.50379e-10
2.45525e-10
2.37128e-10
2.25416e-10
2.10808e-10
1.93872e-10
1.75261e-10
1.55649e-10
1.35666e-10
1.15849e-10
9.66093e-11
7.82254e-11
6.084e-11
4.44716e-11
2.90259e-11
1.43035e-11
-2.62956e-31
3.53235e-15
2.38599e-12
4.6553e-12
6.81622e-12
8.8738e-12
1.08329e-11
1.26981e-11
1.44739e-11
1.61645e-11
1.7774e-11
1.93062e-11
2.07648e-11
2.21533e-11
2.34752e-11
2.47335e-11
2.59314e-11
2.70717e-11
2.81572e-11
2.91906e-11
3.01743e-11
3.11108e-11
3.20023e-11
3.28511e-11
3.3659e-11
3.44282e-11
3.51605e-11
3.58576e-11
3.65213e-11
3.71532e-11
3.77548e-11
3.83275e-11
3.88728e-11
4.4866e-11
5.14303e-11
5.86121e-11
6.64586e-11
7.50166e-11
8.43312e-11
9.44432e-11
1.05386e-10
1.17183e-10
1.2984e-10
1.4334e-10
1.57637e-10
1.72644e-10
1.88226e-10
2.04185e-10
2.20253e-10
2.36082e-10
2.51241e-10
2.65221e-10
2.77449e-10
2.87313e-10
2.94208e-10
2.97592e-10
2.97043e-10
2.92321e-10
2.83412e-10
2.70549e-10
2.54197e-10
2.35006e-10
2.13743e-10
1.91212e-10
1.68177e-10
1.453e-10
1.23106e-10
1.01961e-10
8.20778e-11
6.35277e-11
4.62574e-11
3.01049e-11
1.48081e-11
-3.90511e-31
4.77107e-15
3.22195e-12
6.28628e-12
9.20415e-12
1.19824e-11
1.46274e-11
1.71456e-11
1.95429e-11
2.1825e-11
2.39973e-11
2.60652e-11
2.80337e-11
2.99073e-11
3.16908e-11
3.33885e-11
3.50044e-11
3.65425e-11
3.80066e-11
3.94003e-11
4.07268e-11
4.19895e-11
4.31915e-11
4.43357e-11
4.54248e-11
4.64616e-11
4.74486e-11
4.83881e-11
4.92825e-11
5.01339e-11
5.09445e-11
5.17161e-11
5.24507e-11
6.05211e-11
6.93525e-11
7.90035e-11
8.95324e-11
1.00995e-10
1.13443e-10
1.26919e-10
1.41451e-10
1.57049e-10
1.73694e-10
1.9133e-10
2.09852e-10
2.29096e-10
2.48819e-10
2.68693e-10
2.88292e-10
3.07086e-10
3.24449e-10
3.39674e-10
3.52011e-10
3.60716e-10
3.65122e-10
3.64713e-10
3.59199e-10
3.48571e-10
3.33123e-10
3.13437e-10
2.90321e-10
2.64728e-10
2.37651e-10
2.10035e-10
1.82697e-10
1.56287e-10
1.31263e-10
1.079e-10
8.63074e-11
6.64519e-11
4.81861e-11
3.12639e-11
1.53481e-11
-4.07614e-31
6.4472e-15
4.3526e-12
8.49217e-12
1.24337e-11
1.61864e-11
1.9759e-11
2.316e-11
2.63974e-11
2.94789e-11
3.2412e-11
3.52037e-11
3.78608e-11
4.03898e-11
4.27967e-11
4.50875e-11
4.72678e-11
4.93429e-11
5.13178e-11
5.31975e-11
5.49865e-11
5.66893e-11
5.83099e-11
5.98525e-11
6.13207e-11
6.27181e-11
6.40483e-11
6.53144e-11
6.65196e-11
6.76668e-11
6.87588e-11
6.97983e-11
7.07878e-11
8.16529e-11
9.35293e-11
1.06489e-10
1.20603e-10
1.35935e-10
1.52538e-10
1.70449e-10
1.89682e-10
2.10214e-10
2.31979e-10
2.5485e-10
2.78624e-10
3.03007e-10
3.27593e-10
3.51859e-10
3.75153e-10
3.96703e-10
4.15637e-10
4.3103e-10
4.41967e-10
4.47625e-10
4.47373e-10
4.40861e-10
4.28085e-10
4.0942e-10
3.85591e-10
3.57605e-10
3.26642e-10
2.93933e-10
2.60641e-10
2.27776e-10
1.96137e-10
1.66292e-10
1.38586e-10
1.13166e-10
9.00178e-11
6.89947e-11
4.98515e-11
3.22594e-11
1.58103e-11
-3.81798e-31
8.71799e-15
5.88356e-12
1.1479e-11
1.68065e-11
2.18784e-11
2.67065e-11
3.13022e-11
3.56764e-11
3.98395e-11
4.38015e-11
4.75721e-11
5.11604e-11
5.45751e-11
5.78247e-11
6.0917e-11
6.38597e-11
6.666e-11
6.93248e-11
7.18606e-11
7.42739e-11
7.65704e-11
7.87559e-11
8.08358e-11
8.28152e-11
8.4699e-11
8.64919e-11
8.81982e-11
8.98223e-11
9.1368e-11
9.28392e-11
9.42395e-11
9.55723e-11
1.10197e-10
1.26162e-10
1.43553e-10
1.62451e-10
1.82923e-10
2.05017e-10
2.2875e-10
2.54099e-10
2.80983e-10
3.09247e-10
3.38644e-10
3.6881e-10
3.99249e-10
4.29314e-10
4.582e-10
4.84953e-10
5.08496e-10
5.27686e-10
5.41391e-10
5.48598e-10
5.48533e-10
5.40769e-10
5.25315e-10
5.02643e-10
4.73663e-10
4.39631e-10
4.0201e-10
3.62322e-10
3.22004e-10
2.82297e-10
2.44185e-10
2.08364e-10
1.75263e-10
1.4507e-10
1.17779e-10
9.32381e-11
7.11851e-11
5.12775e-11
3.3108e-11
1.62033e-11
-3.5578e-31
1.17992e-14
7.95954e-12
1.5529e-11
2.27356e-11
2.95959e-11
3.61257e-11
4.23405e-11
4.82549e-11
5.38831e-11
5.92386e-11
6.43346e-11
6.91833e-11
7.37968e-11
7.81863e-11
8.23626e-11
8.63362e-11
9.01168e-11
9.37139e-11
9.71364e-11
1.00393e-10
1.03491e-10
1.06439e-10
1.09244e-10
1.11914e-10
1.14454e-10
1.16871e-10
1.1917e-10
1.21359e-10
1.23442e-10
1.25424e-10
1.27311e-10
1.29106e-10
1.4879e-10
1.7024e-10
1.93557e-10
2.18827e-10
2.4611e-10
2.75431e-10
3.06762e-10
3.40007e-10
3.74977e-10
4.1137e-10
4.48737e-10
4.86468e-10
5.23761e-10
5.59621e-10
5.92865e-10
6.22161e-10
6.4609e-10
6.6325e-10
6.7239e-10
6.72556e-10
6.6323e-10
6.44435e-10
6.16774e-10
5.81388e-10
5.39843e-10
4.93959e-10
4.45622e-10
3.96603e-10
3.48433e-10
3.02314e-10
2.59102e-10
2.19319e-10
1.83199e-10
1.50742e-10
1.21777e-10
9.60074e-11
7.30566e-11
5.24897e-11
3.38266e-11
1.65352e-11
-3.30114e-31
1.59875e-14
1.07791e-11
2.10296e-11
3.0788e-11
4.00764e-11
4.89164e-11
5.73285e-11
6.53328e-11
7.29484e-11
8.01937e-11
8.70864e-11
9.36434e-11
9.9881e-11
1.05814e-10
1.11459e-10
1.16827e-10
1.21935e-10
1.26793e-10
1.31414e-10
1.3581e-10
1.39992e-10
1.4397e-10
1.47755e-10
1.51356e-10
1.54781e-10
1.5804e-10
1.61141e-10
1.64091e-10
1.66898e-10
1.69569e-10
1.7211e-10
1.74529e-10
2.01018e-10
2.29824e-10
2.61056e-10
2.94791e-10
3.31064e-10
3.69845e-10
4.11016e-10
4.5435e-10
4.99473e-10
5.45834e-10
5.92677e-10
6.39011e-10
6.83599e-10
7.24974e-10
7.61479e-10
7.91349e-10
8.12846e-10
8.24416e-10
8.24882e-10
8.13614e-10
7.90656e-10
7.56777e-10
7.13413e-10
6.62523e-10
6.06376e-10
5.47308e-10
4.8751e-10
4.28864e-10
3.72846e-10
3.20499e-10
2.72457e-10
2.29001e-10
1.90135e-10
1.55653e-10
1.2521e-10
9.83697e-11
7.46443e-11
5.35136e-11
3.44317e-11
1.68141e-11
-3.05207e-31
2.16917e-14
1.46156e-11
2.85136e-11
4.17432e-11
5.43341e-11
6.63152e-11
7.77145e-11
8.85589e-11
9.88744e-11
1.08686e-10
1.18018e-10
1.26893e-10
1.35334e-10
1.43361e-10
1.50995e-10
1.58254e-10
1.65158e-10
1.71723e-10
1.77967e-10
1.83904e-10
1.89551e-10
1.94922e-10
2.0003e-10
2.04889e-10
2.0951e-10
2.13906e-10
2.18087e-10
2.22064e-10
2.25847e-10
2.29447e-10
2.32871e-10
2.36129e-10
2.71768e-10
3.10427e-10
3.52207e-10
3.97153e-10
4.45234e-10
4.96311e-10
5.50105e-10
6.06156e-10
6.63786e-10
7.22057e-10
7.79737e-10
8.35291e-10
8.8689e-10
9.32468e-10
9.69825e-10
9.96794e-10
1.01144e-09
1.01232e-09
9.98639e-10
9.70492e-10
9.28854e-10
8.75541e-10
8.13011e-10
7.44094e-10
6.71696e-10
5.98529e-10
5.2691e-10
4.58647e-10
3.9501e-10
3.36765e-10
2.84248e-10
2.37455e-10
1.96133e-10
1.59865e-10
1.28135e-10
1.00371e-10
7.59832e-11
5.4374e-11
3.49388e-11
1.70474e-11
-2.81344e-31
2.94773e-14
1.98456e-11
3.87155e-11
5.6676e-11
7.37668e-11
9.00267e-11
1.05494e-10
1.20204e-10
1.34193e-10
1.47495e-10
1.60144e-10
1.72169e-10
1.83602e-10
1.94471e-10
2.04804e-10
2.14627e-10
2.23966e-10
2.32844e-10
2.41285e-10
2.49309e-10
2.56939e-10
2.64192e-10
2.71089e-10
2.77647e-10
2.83883e-10
2.89813e-10
2.95452e-10
3.00814e-10
3.05914e-10
3.10765e-10
3.15378e-10
3.19766e-10
3.67701e-10
4.19534e-10
4.75331e-10
5.35057e-10
5.98548e-10
6.65463e-10
7.35239e-10
8.07036e-10
8.79688e-10
9.51666e-10
1.02105e-09
1.08556e-09
1.14261e-09
1.18945e-09
1.22337e-09
1.24195e-09
1.24339e-09
1.22674e-09
1.19211e-09
1.14078e-09
1.07504e-09
9.97981e-10
9.13148e-10
8.24164e-10
7.3439e-10
6.46683e-10
5.63259e-10
4.85664e-10
4.14819e-10
3.51116e-10
2.94535e-10
2.44758e-10
2.01273e-10
1.6345e-10
1.30609e-10
1.02056e-10
7.71063e-11
5.50935e-11
3.53619e-11
1.72418e-11
-2.5871e-31
4.01281e-14
2.69898e-11
5.26509e-11
7.70717e-11
1.00306e-10
1.22405e-10
1.43421e-10
1.63403e-10
1.82399e-10
2.00456e-10
2.17618e-10
2.33929e-10
2.49431e-10
2.64162e-10
2.78162e-10
2.91465e-10
3.04107e-10
3.16121e-10
3.27539e-10
3.38389e-10
3.48701e-10
3.58501e-10
3.67817e-10
3.7667e-10
3.85086e-10
3.93087e-10
4.00692e-10
4.07922e-10
4.14796e-10
4.21332e-10
4.27546e-10
4.33456e-10
4.97889e-10
5.67296e-10
6.41645e-10
7.20743e-10
8.04173e-10
8.91244e-10
9.80915e-10
1.07174e-09
1.1618e-09
1.24871e-09
1.3296e-09
1.40123e-09
1.46014e-09
1.50294e-09
1.52659e-09
1.52884e-09
1.50851e-09
1.46581e-09
1.40234e-09
1.32104e-09
1.22581e-09
1.12109e-09
1.01143e-09
9.00985e-10
7.93295e-10
6.91076e-10
5.96207e-10
5.0979e-10
4.32278e-10
3.63622e-10
3.03413e-10
2.5101e-10
2.05642e-10
1.6648e-10
1.32691e-10
1.03468e-10
7.8044e-11
5.56927e-11
3.57136e-11
1.74033e-11
-2.37412e-31
5.4735e-14
3.67702e-11
7.17266e-11
1.04988e-10
1.36626e-10
1.6671e-10
1.95309e-10
2.22491e-10
2.48322e-10
2.72866e-10
2.96183e-10
3.18333e-10
3.39374e-10
3.5936e-10
3.78343e-10
3.96373e-10
4.13499e-10
4.29766e-10
4.45218e-10
4.59895e-10
4.73837e-10
4.87082e-10
4.99665e-10
5.1162e-10
5.22979e-10
5.33771e-10
5.44027e-10
5.53773e-10
5.63035e-10
5.71839e-10
5.80206e-10
5.8816e-10
6.74689e-10
7.67458e-10
8.66237e-10
9.70523e-10
1.07947e-09
1.19177e-09
1.30564e-09
1.41869e-09
1.5279e-09
1.62967e-09
1.71993e-09
1.79432e-09
1.84853e-09
1.87878e-09
1.8822e-09
1.85737e-09
1.80457e-09
1.72589e-09
1.62506e-09
1.50703e-09
1.37742e-09
1.2419e-09
1.10568e-09
9.73118e-10
8.47559e-10
7.31281e-10
6.25601e-10
5.31033e-10
4.47478e-10
3.74405e-10
3.11005e-10
2.56319e-10
2.0933e-10
1.69025e-10
1.34432e-10
1.04645e-10
7.88238e-11
5.61899e-11
3.6005e-11
1.75369e-11
-2.17502e-31
7.48204e-14
5.01894e-11
9.78975e-11
1.43283e-10
1.86441e-10
2.27465e-10
2.66448e-10
3.03483e-10
3.38659e-10
3.72065e-10
4.03783e-10
4.33898e-10
4.62487e-10
4.89626e-10
5.15389e-10
5.39843e-10
5.63057e-10
5.85094e-10
6.06013e-10
6.25872e-10
6.44726e-10
6.62626e-10
6.79623e-10
6.95761e-10
7.11087e-10
7.25642e-10
7.39466e-10
7.52596e-10
7.65068e-10
7.76917e-10
7.88174e-10
7.9887e-10
9.14908e-10
1.03859e-09
1.16931e-09
1.30601e-09
1.4471e-09
1.59034e-09
1.73271e-09
1.87044e-09
1.99899e-09
2.11319e-09
2.20753e-09
2.27656e-09
2.31545e-09
2.32063e-09
2.29031e-09
2.22489e-09
2.12708e-09
2.00167e-09
1.85497e-09
1.69409e-09
1.52616e-09
1.3577e-09
1.19412e-09
1.03951e-09
8.96657e-10
7.67112e-10
6.51454e-10
5.49506e-10
4.60568e-10
3.83614e-10
3.17444e-10
2.60795e-10
2.12425e-10
1.71151e-10
1.35882e-10
1.05622e-10
7.94699e-11
5.66012e-11
3.62457e-11
1.76471e-11
-1.98984e-31
1.02517e-13
6.86446e-11
1.33886e-10
1.95935e-10
2.54918e-10
3.10961e-10
3.6419e-10
4.1473e-10
4.62704e-10
5.08234e-10
5.51435e-10
5.92423e-10
6.31306e-10
6.68191e-10
7.03178e-10
7.36365e-10
7.67845e-10
7.97705e-10
8.26031e-10
8.52902e-10
8.78394e-10
9.02581e-10
9.2553e-10
9.47306e-10
9.67972e-10
9.87585e-10
1.0062e-09
1.02387e-09
1.04065e-09
1.05658e-09
1.0717e-09
1.08607e-09
1.24136e-09
1.40569e-09
1.57776e-09
1.75561e-09
1.93641e-09
2.11641e-09
2.29081e-09
2.45388e-09
2.59905e-09
2.7193e-09
2.8077e-09
2.85809e-09
2.86591e-09
2.82894e-09
2.74774e-09
2.62584e-09
2.46941e-09
2.28653e-09
2.08624e-09
1.87757e-09
1.66867e-09
1.46628e-09
1.27545e-09
1.09952e-09
9.40362e-10
7.98589e-10
6.73908e-10
5.65395e-10
4.71734e-10
3.91415e-10
3.22865e-10
2.64546e-10
2.15007e-10
1.72919e-10
1.37084e-10
1.06431e-10
8.00034e-11
5.69403e-11
3.64439e-11
1.77379e-11
-1.81834e-31
1.40821e-13
9.40853e-11
1.8349e-10
2.68494e-10
3.49264e-10
4.25966e-10
4.98772e-10
5.67853e-10
6.33379e-10
6.95515e-10
7.54426e-10
8.10269e-10
8.63199e-10
9.13363e-10
9.60903e-10
1.00596e-09
1.04865e-09
1.08911e-09
1.12746e-09
1.16381e-09
1.19826e-09
1.23092e-09
1.26188e-09
1.29123e-09
1.31907e-09
1.34546e-09
1.3705e-09
1.39425e-09
1.41677e-09
1.43815e-09
1.45843e-09
1.47768e-09
1.6849e-09
1.90222e-09
2.12719e-09
2.35629e-09
2.58478e-09
2.8066e-09
3.01446e-09
3.19997e-09
3.35415e-09
3.4681e-09
3.53393e-09
3.5458e-09
3.50088e-09
3.39996e-09
3.24766e-09
3.05196e-09
2.82327e-09
2.57315e-09
2.31306e-09
2.05328e-09
1.80219e-09
1.56603e-09
1.34887e-09
1.15287e-09
9.78703e-10
8.25888e-10
6.93193e-10
5.78928e-10
4.81178e-10
3.97974e-10
3.27402e-10
2.67671e-10
2.17151e-10
1.74384e-10
1.38078e-10
1.07098e-10
8.04427e-11
5.72192e-11
3.66068e-11
1.78124e-11
-1.66005e-31
1.93956e-13
1.29238e-10
2.52018e-10
3.68713e-10
4.79535e-10
5.84709e-10
6.84466e-10
7.79039e-10
8.68663e-10
9.53569e-10
1.03398e-09
1.11013e-09
1.18223e-09
1.25048e-09
1.31509e-09
1.37626e-09
1.43415e-09
1.48896e-09
1.54085e-09
1.58997e-09
1.63648e-09
1.68052e-09
1.72223e-09
1.76174e-09
1.79916e-09
1.83462e-09
1.86821e-09
1.90005e-09
1.93022e-09
1.95883e-09
1.98595e-09
2.01166e-09
2.28707e-09
2.57271e-09
2.86419e-09
3.15551e-09
3.43901e-09
3.70536e-09
3.9438e-09
4.14278e-09
4.2908e-09
4.37766e-09
4.39579e-09
4.34155e-09
4.21603e-09
4.02529e-09
3.77972e-09
3.4928e-09
3.17942e-09
2.8542e-09
2.53014e-09
2.21775e-09
1.92471e-09
1.65596e-09
1.41405e-09
1.1996e-09
1.0119e-09
8.49297e-10
7.09593e-10
5.90357e-10
4.89107e-10
4.03454e-10
3.31176e-10
2.70262e-10
2.18925e-10
1.75592e-10
1.38896e-10
1.07646e-10
8.08034e-11
5.7448e-11
3.67403e-11
1.78735e-11
-1.51436e-31
2.67887e-13
1.77917e-10
3.46899e-10
5.07431e-10
6.59788e-10
8.04265e-10
9.41175e-10
1.07084e-09
1.19358e-09
1.30972e-09
1.41958e-09
1.52347e-09
1.62171e-09
1.71458e-09
1.80238e-09
1.88538e-09
1.96383e-09
2.038e-09
2.10812e-09
2.17442e-09
2.2371e-09
2.29639e-09
2.35246e-09
2.4055e-09
2.45568e-09
2.50316e-09
2.5481e-09
2.59064e-09
2.63091e-09
2.66905e-09
2.70517e-09
2.73938e-09
3.10345e-09
3.47584e-09
3.84902e-09
4.21321e-09
4.55646e-09
4.86493e-09
5.12361e-09
5.31756e-09
5.43345e-09
5.46138e-09
5.39656e-09
5.24046e-09
5.00105e-09
4.69194e-09
4.33073e-09
3.93668e-09
3.5286e-09
3.12301e-09
2.73313e-09
2.36847e-09
2.03501e-09
1.73567e-09
1.47104e-09
1.24e-09
1.04032e-09
8.69169e-10
7.23418e-10
5.99935e-10
4.95719e-10
4.08005e-10
3.343e-10
2.72401e-10
2.20385e-10
1.76585e-10
1.39567e-10
1.08095e-10
8.10986e-11
5.7635e-11
3.68495e-11
1.79234e-11
-1.38057e-31
3.71057e-13
2.45461e-10
4.7852e-10
6.998e-10
9.09649e-10
1.10845e-09
1.29663e-09
1.47463e-09
1.64289e-09
1.80188e-09
1.95204e-09
2.09382e-09
2.22766e-09
2.35399e-09
2.47321e-09
2.58572e-09
2.6919e-09
2.7921e-09
2.88667e-09
2.97594e-09
3.06021e-09
3.13978e-09
3.21491e-09
3.28588e-09
3.35291e-09
3.41625e-09
3.47611e-09
3.53269e-09
3.58618e-09
3.63677e-09
3.68461e-09
3.72988e-09
4.2077e-09
4.68804e-09
5.15843e-09
5.60352e-09
6.00536e-09
6.3444e-09
6.60102e-09
6.7576e-09
6.801e-09
6.72483e-09
6.53096e-09
6.22989e-09
5.83961e-09
5.38319e-09
4.88582e-09
4.37181e-09
3.86234e-09
3.3741e-09
2.91889e-09
2.50393e-09
2.13258e-09
1.80523e-09
1.52021e-09
1.27451e-09
1.0644e-09
8.85888e-10
7.34981e-10
6.07906e-10
5.012e-10
4.11765e-10
3.36874e-10
2.7416e-10
2.21582e-10
1.77398e-10
1.40116e-10
1.08462e-10
8.13396e-11
5.77877e-11
3.69384e-11
1.7964e-11
-1.25794e-31
5.15408e-13
3.39329e-10
6.61385e-10
9.66959e-10
1.25647e-09
1.53043e-09
1.7894e-09
2.03398e-09
2.26481e-09
2.48252e-09
2.68777e-09
2.88119e-09
3.06342e-09
3.23507e-09
3.39674e-09
3.54899e-09
3.69237e-09
3.82741e-09
3.9546e-09
4.0744e-09
4.18728e-09
4.29364e-09
4.39388e-09
4.48837e-09
4.57746e-09
4.66149e-09
4.74075e-09
4.81554e-09
4.88613e-09
4.95278e-09
5.01571e-09
5.07515e-09
5.69641e-09
6.30737e-09
6.88823e-09
7.41566e-09
7.86397e-09
8.20716e-09
8.42169e-09
8.48982e-09
8.40273e-09
8.16272e-09
7.78364e-09
7.28934e-09
6.71041e-09
6.08002e-09
5.42992e-09
4.78741e-09
4.17371e-09
3.60352e-09
3.08553e-09
2.62353e-09
2.21756e-09
1.86511e-09
1.56212e-09
1.30367e-09
1.08461e-09
8.99839e-10
7.44584e-10
6.145e-10
5.05719e-10
4.14856e-10
3.38985e-10
2.75599e-10
2.22561e-10
1.78062e-10
1.40563e-10
1.08761e-10
8.15358e-11
5.79118e-11
3.70108e-11
1.79971e-11
-1.14571e-31
7.178e-13
4.69897e-10
9.15664e-10
1.33827e-09
1.73822e-09
2.11616e-09
2.47283e-09
2.80908e-09
3.12578e-09
3.42385e-09
3.70423e-09
3.96785e-09
4.21562e-09
4.44843e-09
4.66715e-09
4.87262e-09
5.06563e-09
5.24696e-09
5.41731e-09
5.57738e-09
5.72781e-09
5.86921e-09
6.00216e-09
6.12719e-09
6.2448e-09
6.35546e-09
6.45963e-09
6.5577e-09
6.65006e-09
6.73708e-09
6.81909e-09
6.8964e-09
7.69432e-09
8.45738e-09
9.1551e-09
9.75354e-09
1.02179e-08
1.05163e-08
1.06243e-08
1.05294e-08
1.02341e-08
9.75663e-09
9.1288e-09
8.39155e-09
7.58902e-09
6.76305e-09
5.94921e-09
5.17463e-09
4.45769e-09
3.80888e-09
3.23231e-09
2.72742e-09
2.29051e-09
1.91601e-09
1.59745e-09
1.32809e-09
1.10143e-09
9.11396e-10
7.52507e-10
6.19922e-10
5.09424e-10
4.17385e-10
3.40709e-10
2.76772e-10
2.23359e-10
1.78601e-10
1.40927e-10
1.09004e-10
8.16951e-11
5.80125e-11
3.70695e-11
1.80239e-11
-8.20494e-32
8.58942e-13
5.60358e-10
1.09179e-09
1.59536e-09
2.0716e-09
2.52125e-09
2.94518e-09
3.34438e-09
3.71992e-09
4.07292e-09
4.40451e-09
4.71582e-09
5.00798e-09
5.2821e-09
5.53923e-09
5.7804e-09
6.00661e-09
6.21877e-09
6.41779e-09
6.60451e-09
6.77971e-09
6.94414e-09
7.09851e-09
7.24346e-09
7.37962e-09
7.50755e-09
7.6278e-09
7.74085e-09
7.84719e-09
7.94724e-09
8.0414e-09
8.13007e-09
9.03783e-09
9.89022e-09
1.06494e-08
1.12746e-08
1.17259e-08
1.19694e-08
1.19826e-08
1.17594e-08
1.13124e-08
1.0672e-08
9.88222e-09
8.99395e-09
8.05816e-09
7.12e-09
6.21536e-09
5.36969e-09
4.5986e-09
3.90945e-09
3.30339e-09
2.77726e-09
2.32524e-09
1.94008e-09
1.61406e-09
1.33952e-09
1.10927e-09
9.16766e-10
7.56179e-10
6.2243e-10
5.11135e-10
4.18551e-10
3.41503e-10
2.77312e-10
2.23725e-10
1.78849e-10
1.41094e-10
1.09115e-10
8.17681e-11
5.80587e-11
3.70963e-11
1.80361e-11
-9.24401e-31
1.00063e-12
6.50753e-10
1.26775e-09
1.85214e-09
2.40447e-09
2.92555e-09
3.41638e-09
3.87812e-09
4.312e-09
4.71935e-09
5.10151e-09
5.45983e-09
5.79566e-09
6.1103e-09
6.40503e-09
6.68107e-09
6.9396e-09
7.18174e-09
7.40855e-09
7.62102e-09
7.82011e-09
8.0067e-09
8.18161e-09
8.34563e-09
8.49948e-09
8.64385e-09
8.77936e-09
8.90661e-09
9.02614e-09
9.13846e-09
9.24405e-09
9.34336e-09
1.03523e-08
1.12832e-08
1.20909e-08
1.27283e-08
1.31514e-08
1.33259e-08
1.32328e-08
1.28743e-08
1.22739e-08
1.14747e-08
1.0532e-08
9.50533e-09
8.45058e-09
7.41459e-09
6.43241e-09
5.52712e-09
4.7113e-09
3.98928e-09
3.35945e-09
2.81636e-09
2.35235e-09
1.9588e-09
1.62694e-09
1.34836e-09
1.11533e-09
9.20903e-10
7.59003e-10
6.24356e-10
5.12447e-10
4.19445e-10
3.42111e-10
2.77725e-10
2.24005e-10
1.79039e-10
1.41222e-10
1.092e-10
8.18239e-11
5.8094e-11
3.71169e-11
1.80455e-11
-2.71896e-30
1.39621e-12
9.01191e-10
1.75509e-09
2.56298e-09
3.32539e-09
4.04331e-09
4.71806e-09
5.35122e-09
5.94459e-09
6.50003e-09
7.01953e-09
7.50505e-09
7.95856e-09
8.38201e-09
8.77727e-09
9.14615e-09
9.49039e-09
9.81164e-09
1.01114e-08
1.03913e-08
1.06526e-08
1.08965e-08
1.11244e-08
1.13374e-08
1.15364e-08
1.17226e-08
1.18967e-08
1.20597e-08
1.22123e-08
1.23552e-08
1.24891e-08
1.26147e-08
1.38655e-08
1.4966e-08
1.5852e-08
1.64623e-08
1.67468e-08
1.66766e-08
1.62509e-08
1.55002e-08
1.44821e-08
1.32722e-08
1.19522e-08
1.05979e-08
9.27181e-09
8.01988e-09
6.87128e-09
5.84106e-09
4.93343e-09
4.14507e-09
3.46794e-09
2.89149e-09
2.40415e-09
1.9944e-09
1.65133e-09
1.36504e-09
1.12672e-09
9.28674e-10
7.64299e-10
6.27962e-10
5.14902e-10
4.21114e-10
3.43246e-10
2.78496e-10
2.24528e-10
1.79392e-10
1.41459e-10
1.09359e-10
8.19277e-11
5.81596e-11
3.71551e-11
1.8063e-11
-3.48014e-30
1.94927e-12
1.24755e-09
2.42877e-09
3.54497e-09
4.59653e-09
5.58458e-09
6.51088e-09
7.37763e-09
8.18735e-09
8.94278e-09
9.64678e-09
1.03023e-08
1.09121e-08
1.14793e-08
1.20065e-08
1.24965e-08
1.29517e-08
1.33747e-08
1.37678e-08
1.4133e-08
1.44725e-08
1.47882e-08
1.50817e-08
1.53548e-08
1.5609e-08
1.58457e-08
1.60661e-08
1.62716e-08
1.64632e-08
1.66419e-08
1.68087e-08
1.69645e-08
1.84762e-08
1.97216e-08
2.06141e-08
2.108e-08
2.10729e-08
2.05854e-08
1.96548e-08
1.83583e-08
1.68006e-08
1.50947e-08
1.33455e-08
1.16381e-08
1.00332e-08
8.56811e-09
7.26088e-09
6.11504e-09
5.12451e-09
4.27747e-09
3.55923e-09
2.95418e-09
2.44708e-09
2.02372e-09
1.67134e-09
1.37867e-09
1.136e-09
9.34984e-10
7.68589e-10
6.30879e-10
5.16884e-10
4.22461e-10
3.4416e-10
2.79116e-10
2.24948e-10
1.79677e-10
1.41651e-10
1.09486e-10
8.20111e-11
5.82123e-11
3.71857e-11
1.8077e-11
-3.16624e-30
2.71662e-12
1.72297e-09
3.35307e-09
4.89138e-09
6.33788e-09
7.69385e-09
8.96157e-09
1.01441e-08
1.12449e-08
1.22681e-08
1.32178e-08
1.40984e-08
1.4914e-08
1.56689e-08
1.63674e-08
1.70133e-08
1.76104e-08
1.81624e-08
1.86726e-08
1.91443e-08
1.95804e-08
1.99837e-08
2.03567e-08
2.07019e-08
2.10214e-08
2.13173e-08
2.15915e-08
2.18456e-08
2.20814e-08
2.23001e-08
2.25032e-08
2.26919e-08
2.44605e-08
2.57836e-08
2.65509e-08
2.66859e-08
2.61653e-08
2.50308e-08
2.33854e-08
2.13747e-08
1.91585e-08
1.68847e-08
1.46714e-08
1.26006e-08
1.07207e-08
9.05301e-09
7.59951e-09
6.34971e-09
5.28619e-09
4.38837e-09
3.63505e-09
3.00589e-09
2.48229e-09
2.04767e-09
1.68761e-09
1.38972e-09
1.1435e-09
9.40075e-10
7.72045e-10
6.33225e-10
5.18476e-10
4.23542e-10
3.44894e-10
2.79614e-10
2.25285e-10
1.79904e-10
1.41803e-10
1.09588e-10
8.20778e-11
5.82544e-11
3.72102e-11
1.80881e-11
-2.8802e-30
3.76897e-12
2.36893e-09
4.60842e-09
6.71894e-09
8.69974e-09
1.05521e-08
1.2279e-08
1.38845e-08
1.53738e-08
1.67524e-08
1.80266e-08
1.92024e-08
2.02863e-08
2.12844e-08
2.22028e-08
2.30474e-08
2.38237e-08
2.45371e-08
2.51924e-08
2.57945e-08
2.63476e-08
2.68557e-08
2.73226e-08
2.77518e-08
2.81464e-08
2.85094e-08
2.88434e-08
2.91509e-08
2.94341e-08
2.9695e-08
2.99357e-08
3.01577e-08
3.21394e-08
3.34071e-08
3.38319e-08
3.33562e-08
3.20168e-08
2.99467e-08
2.73493e-08
2.44552e-08
2.14784e-08
1.85873e-08
1.58956e-08
1.34669e-08
1.13263e-08
9.47249e-09
7.88808e-09
6.54723e-09
5.4209e-09
4.48e-09
3.69726e-09
3.04809e-09
2.51088e-09
2.06704e-09
1.70073e-09
1.39861e-09
1.14952e-09
9.44156e-10
7.74811e-10
6.351e-10
5.19748e-10
4.24404e-10
3.45478e-10
2.8001e-10
2.25553e-10
1.80085e-10
1.41925e-10
1.09669e-10
8.21308e-11
5.82879e-11
3.72297e-11
1.8097e-11
-2.61967e-30
5.18392e-12
3.23248e-09
6.28619e-09
9.16055e-09
1.18536e-08
1.43665e-08
1.67028e-08
1.88683e-08
2.08698e-08
2.27154e-08
2.44137e-08
2.59735e-08
2.7404e-08
2.87142e-08
2.99127e-08
3.10081e-08
3.20085e-08
3.29216e-08
3.37545e-08
3.45141e-08
3.52066e-08
3.58378e-08
3.64132e-08
3.69377e-08
3.74158e-08
3.78518e-08
3.82493e-08
3.8612e-08
3.89429e-08
3.9245e-08
3.95209e-08
3.9773e-08
4.18649e-08
4.28496e-08
4.2598e-08
4.11156e-08
3.85608e-08
3.52162e-08
3.14207e-08
2.74939e-08
2.36846e-08
2.01557e-08
1.69931e-08
1.42262e-08
1.18472e-08
9.82783e-09
8.12946e-09
6.71076e-09
5.53149e-09
4.55471e-09
3.74771e-09
3.08214e-09
2.53388e-09
2.08257e-09
1.71122e-09
1.4057e-09
1.15431e-09
9.47402e-10
7.77009e-10
6.36589e-10
5.20757e-10
4.25088e-10
3.45942e-10
2.80324e-10
2.25766e-10
1.80228e-10
1.42021e-10
1.09733e-10
8.21728e-11
5.83143e-11
3.72451e-11
1.8104e-11
-2.38245e-30
7.02407e-12
4.35635e-09
8.46979e-09
1.23383e-08
1.59583e-08
1.93305e-08
2.24592e-08
2.53519e-08
2.80176e-08
3.04671e-08
3.27123e-08
3.47654e-08
3.6639e-08
3.83457e-08
3.98979e-08
4.13075e-08
4.25859e-08
4.37442e-08
4.47925e-08
4.57405e-08
4.65972e-08
4.73708e-08
4.80691e-08
4.86991e-08
4.92672e-08
4.97794e-08
5.0241e-08
5.06569e-08
5.10317e-08
5.13692e-08
5.16733e-08
5.19471e-08
5.39658e-08
5.43164e-08
5.29089e-08
4.98926e-08
4.56425e-08
4.06616e-08
3.54453e-08
3.03796e-08
2.57087e-08
2.15535e-08
1.79482e-08
1.48741e-08
1.22848e-08
1.01225e-08
8.32754e-09
6.84382e-09
5.62086e-09
4.61476e-09
3.78807e-09
3.10929e-09
2.55215e-09
2.09488e-09
1.71952e-09
1.41131e-09
1.1581e-09
9.49961e-10
7.7874e-10
6.3776e-10
5.2155e-10
4.25625e-10
3.46306e-10
2.8057e-10
2.25932e-10
1.80341e-10
1.42097e-10
1.09784e-10
8.22056e-11
5.83351e-11
3.72571e-11
1.81095e-11
-2.16653e-30
9.41834e-12
5.84416e-09
1.13626e-08
1.65525e-08
2.14084e-08
2.59304e-08
3.01235e-08
3.39961e-08
3.75596e-08
4.08275e-08
4.38147e-08
4.65373e-08
4.90118e-08
5.12551e-08
5.32839e-08
5.51145e-08
5.67628e-08
5.82441e-08
5.95728e-08
6.07625e-08
6.1826e-08
6.27751e-08
6.36208e-08
6.43732e-08
6.50417e-08
6.56346e-08
6.61598e-08
6.66242e-08
6.70342e-08
6.73956e-08
6.77136e-08
6.79928e-08
6.95909e-08
6.86673e-08
6.528e-08
5.98996e-08
5.32835e-08
4.62307e-08
3.93693e-08
3.30819e-08
2.75423e-08
2.27864e-08
1.87728e-08
1.5424e-08
1.26511e-08
1.03665e-08
8.49018e-09
6.95232e-09
5.69333e-09
4.66322e-09
3.82053e-09
3.13106e-09
2.56677e-09
2.10471e-09
1.72614e-09
1.41577e-09
1.16111e-09
9.51993e-10
7.80114e-10
6.38689e-10
5.22179e-10
4.26051e-10
3.46594e-10
2.80766e-10
2.26064e-10
1.8043e-10
1.42157e-10
1.09823e-10
8.22316e-11
5.83515e-11
3.72667e-11
1.81139e-11
-1.97004e-30
1.16616e-11
7.26195e-09
1.41213e-08
2.05752e-08
2.6617e-08
3.22464e-08
3.74683e-08
4.22918e-08
4.67295e-08
5.07967e-08
5.45105e-08
5.78898e-08
6.09544e-08
6.37247e-08
6.62211e-08
6.84641e-08
7.04736e-08
7.22688e-08
7.38683e-08
7.52896e-08
7.65491e-08
7.76624e-08
7.86437e-08
7.95064e-08
8.02625e-08
8.09232e-08
8.14986e-08
8.19981e-08
8.24299e-08
8.28016e-08
8.31201e-08
8.33914e-08
8.43969e-08
8.19886e-08
7.64342e-08
6.8601e-08
5.96694e-08
5.07107e-08
4.24226e-08
3.51276e-08
2.89002e-08
2.36835e-08
1.93645e-08
1.58144e-08
1.29089e-08
1.0537e-08
8.60317e-09
7.02737e-09
5.74327e-09
4.69653e-09
3.84278e-09
3.14595e-09
2.57676e-09
2.11142e-09
1.73065e-09
1.4188e-09
1.16316e-09
9.53376e-10
7.81048e-10
6.39321e-10
5.22607e-10
4.2634e-10
3.4679e-10
2.80898e-10
2.26154e-10
1.8049e-10
1.42197e-10
1.0985e-10
8.22492e-11
5.83626e-11
3.72731e-11
1.81168e-11
-1.79122e-30
1.10999e-11
6.89196e-09
1.34001e-08
1.95211e-08
2.52483e-08
3.05812e-08
3.55251e-08
4.00893e-08
4.42863e-08
4.81315e-08
5.1642e-08
5.48364e-08
5.77339e-08
6.03544e-08
6.27175e-08
6.48429e-08
6.67495e-08
6.84555e-08
6.99785e-08
7.1335e-08
7.25403e-08
7.3609e-08
7.45542e-08
7.53885e-08
7.6123e-08
7.67681e-08
7.73332e-08
7.78269e-08
7.82569e-08
7.86303e-08
7.89533e-08
7.92316e-08
8.04734e-08
7.85759e-08
7.37149e-08
6.66085e-08
5.83028e-08
4.98105e-08
4.18406e-08
3.47538e-08
2.86602e-08
2.35291e-08
1.92648e-08
1.57496e-08
1.28667e-08
1.05094e-08
8.58503e-09
7.0154e-09
5.73535e-09
4.69127e-09
3.83928e-09
3.14362e-09
2.57519e-09
2.11037e-09
1.72995e-09
1.41833e-09
1.16284e-09
9.5316e-10
7.80903e-10
6.39223e-10
5.2254e-10
4.26295e-10
3.4676e-10
2.80878e-10
2.2614e-10
1.80481e-10
1.42191e-10
1.09846e-10
8.22465e-11
5.83609e-11
3.72721e-11
1.81164e-11
-8.5283e-31
8.76403e-12
5.42608e-09
1.05488e-08
1.5365e-08
1.98696e-08
2.40629e-08
2.79499e-08
3.15389e-08
3.48412e-08
3.78697e-08
4.06391e-08
4.31645e-08
4.54618e-08
4.75468e-08
4.94352e-08
5.11422e-08
5.26826e-08
5.40703e-08
5.53185e-08
5.64399e-08
5.74459e-08
5.83473e-08
5.91541e-08
5.98755e-08
6.05198e-08
6.10946e-08
6.16071e-08
6.20634e-08
6.24694e-08
6.28302e-08
6.31505e-08
6.34347e-08
6.52456e-08
6.48132e-08
6.21201e-08
5.75024e-08
5.15812e-08
4.50766e-08
3.86074e-08
3.25853e-08
2.72203e-08
2.25778e-08
1.86373e-08
1.53359e-08
1.25935e-08
1.03287e-08
8.46535e-09
6.93593e-09
5.68247e-09
4.65601e-09
3.81572e-09
3.12785e-09
2.56462e-09
2.10327e-09
1.72517e-09
1.41511e-09
1.16067e-09
9.51697e-10
7.79913e-10
6.38554e-10
5.22087e-10
4.25989e-10
3.46552e-10
2.80737e-10
2.26045e-10
1.80417e-10
1.42148e-10
1.09818e-10
8.22279e-11
5.83492e-11
3.72653e-11
1.81133e-11
3.19993e-34
6.76769e-12
4.19873e-09
8.16348e-09
1.18924e-08
1.53821e-08
1.86333e-08
2.16506e-08
2.44409e-08
2.70132e-08
2.9378e-08
3.15467e-08
3.3531e-08
3.53433e-08
3.69955e-08
3.84994e-08
3.98666e-08
4.11081e-08
4.22342e-08
4.32549e-08
4.41792e-08
4.50158e-08
4.57726e-08
4.64569e-08
4.70754e-08
4.76343e-08
4.81392e-08
4.85953e-08
4.90072e-08
4.93793e-08
4.97153e-08
5.00187e-08
5.02928e-08
5.23641e-08
5.28566e-08
5.16659e-08
4.89075e-08
4.49137e-08
4.01525e-08
3.51038e-08
3.0156e-08
2.5564e-08
2.14604e-08
1.78883e-08
1.48355e-08
1.22599e-08
1.01063e-08
8.31703e-09
6.83694e-09
5.61634e-09
4.61177e-09
3.78608e-09
3.10797e-09
2.55127e-09
2.09429e-09
1.71913e-09
1.41104e-09
1.15792e-09
9.49839e-10
7.78658e-10
6.37704e-10
5.21512e-10
4.256e-10
3.46289e-10
2.80559e-10
2.25925e-10
1.80336e-10
1.42094e-10
1.09781e-10
8.22042e-11
5.83342e-11
3.72567e-11
1.81093e-11
3.51917e-34
5.13562e-12
3.20332e-09
6.22957e-09
9.07821e-09
1.17473e-08
1.42381e-08
1.65543e-08
1.87013e-08
2.06862e-08
2.25168e-08
2.42017e-08
2.57496e-08
2.71697e-08
2.84707e-08
2.96613e-08
3.07499e-08
3.17446e-08
3.26528e-08
3.34817e-08
3.4238e-08
3.49278e-08
3.5557e-08
3.61309e-08
3.66543e-08
3.71318e-08
3.75674e-08
3.79649e-08
3.83278e-08
3.86592e-08
3.89619e-08
3.92386e-08
3.94915e-08
4.1603e-08
4.26256e-08
4.2426e-08
4.10018e-08
3.85014e-08
3.5199e-08
3.14301e-08
2.7516e-08
2.37102e-08
2.01795e-08
1.7013e-08
1.42418e-08
1.1859e-08
9.83648e-09
8.13568e-09
6.71515e-09
5.53455e-09
4.55683e-09
3.74916e-09
3.08313e-09
2.53455e-09
2.08303e-09
1.71153e-09
1.40591e-09
1.15446e-09
9.47499e-10
7.77075e-10
6.36633e-10
5.20787e-10
4.25108e-10
3.45956e-10
2.80334e-10
2.25772e-10
1.80233e-10
1.42025e-10
1.09735e-10
8.21742e-11
5.83153e-11
3.72457e-11
1.81043e-11
3.87003e-34
3.84623e-12
2.41667e-09
4.70123e-09
6.8541e-09
8.87452e-09
1.07638e-08
1.25248e-08
1.41619e-08
1.56803e-08
1.70857e-08
1.83843e-08
1.95825e-08
2.06868e-08
2.17036e-08
2.26389e-08
2.34989e-08
2.42892e-08
2.50152e-08
2.56821e-08
2.62946e-08
2.68571e-08
2.73737e-08
2.78484e-08
2.82846e-08
2.86855e-08
2.90541e-08
2.93933e-08
2.97054e-08
2.99928e-08
3.02576e-08
3.05016e-08
3.07268e-08
3.27317e-08
3.4004e-08
3.44128e-08
3.39004e-08
3.25064e-08
3.0369e-08
2.76989e-08
2.47338e-08
2.16929e-08
1.87477e-08
1.60128e-08
1.3551e-08
1.13858e-08
9.51411e-09
7.91694e-09
6.5671e-09
5.43451e-09
4.48929e-09
3.70358e-09
3.05238e-09
2.51379e-09
2.06901e-09
1.70206e-09
1.39951e-09
1.15013e-09
9.44571e-10
7.75092e-10
6.3529e-10
5.19877e-10
4.24492e-10
3.45538e-10
2.80051e-10
2.25581e-10
1.80104e-10
1.41938e-10
1.09678e-10
8.21365e-11
5.82915e-11
3.72319e-11
1.8098e-11
2.38835e-34
3.65919e-12
2.30225e-09
4.4789e-09
6.53051e-09
8.45643e-09
1.0258e-08
1.1938e-08
1.35006e-08
1.49506e-08
1.62936e-08
1.75354e-08
1.86821e-08
1.97396e-08
2.07141e-08
2.16114e-08
2.24371e-08
2.31966e-08
2.3895e-08
2.45372e-08
2.51276e-08
2.56703e-08
2.61694e-08
2.66284e-08
2.70507e-08
2.74393e-08
2.7797e-08
2.81265e-08
2.84301e-08
2.871e-08
2.89681e-08
2.92064e-08
2.94264e-08
3.14033e-08
3.2697e-08
3.31787e-08
3.27855e-08
3.15443e-08
2.95756e-08
2.70715e-08
2.42556e-08
2.13394e-08
1.84926e-08
1.58321e-08
1.34247e-08
1.12985e-08
9.45418e-09
7.87602e-09
6.53927e-09
5.41563e-09
4.4765e-09
3.69493e-09
3.04652e-09
2.50983e-09
2.06633e-09
1.70025e-09
1.39829e-09
1.1493e-09
9.4401e-10
7.74712e-10
6.35033e-10
5.19703e-10
4.24373e-10
3.45458e-10
2.79996e-10
2.25544e-10
1.80079e-10
1.41921e-10
1.09667e-10
8.21293e-11
5.8287e-11
3.72292e-11
1.80968e-11
2.22879e-34
2.85238e-12
1.807e-09
3.51643e-09
5.12933e-09
6.6456e-09
8.06655e-09
9.39454e-09
1.06328e-08
1.1785e-08
1.28554e-08
1.38484e-08
1.47685e-08
1.56203e-08
1.64082e-08
1.71367e-08
1.78099e-08
1.84319e-08
1.90065e-08
1.95372e-08
2.00274e-08
2.04803e-08
2.08988e-08
2.12856e-08
2.16432e-08
2.1974e-08
2.22802e-08
2.25636e-08
2.28261e-08
2.30694e-08
2.3295e-08
2.35043e-08
2.36986e-08
2.55098e-08
2.68434e-08
2.75852e-08
2.76586e-08
2.70453e-08
2.57958e-08
2.40251e-08
2.18902e-08
1.95604e-08
1.71892e-08
1.48965e-08
1.27638e-08
1.08372e-08
9.13514e-09
7.65683e-09
6.3894e-09
5.31352e-09
4.4071e-09
3.64783e-09
3.0146e-09
2.48821e-09
2.05169e-09
1.69034e-09
1.39157e-09
1.14475e-09
9.40928e-10
7.72624e-10
6.33617e-10
5.18743e-10
4.23722e-10
3.45017e-10
2.79697e-10
2.25342e-10
1.79942e-10
1.41829e-10
1.09606e-10
8.20893e-11
5.82617e-11
3.72145e-11
1.80901e-11
4.31754e-34
2.1007e-12
1.342e-09
2.61246e-09
3.81266e-09
4.94292e-09
6.00443e-09
6.99904e-09
7.92913e-09
8.79742e-09
9.60688e-09
1.03606e-08
1.10619e-08
1.17137e-08
1.23194e-08
1.28818e-08
1.3404e-08
1.38888e-08
1.43387e-08
1.47564e-08
1.51441e-08
1.55042e-08
1.58385e-08
1.61492e-08
1.64379e-08
1.67064e-08
1.69561e-08
1.71884e-08
1.74047e-08
1.76062e-08
1.7794e-08
1.79691e-08
1.81325e-08
1.97078e-08
2.09837e-08
2.18678e-08
2.22844e-08
2.21892e-08
2.15824e-08
2.05123e-08
1.90696e-08
1.73708e-08
1.55381e-08
1.36812e-08
1.18866e-08
1.02137e-08
8.69728e-09
7.35218e-09
6.17894e-09
5.16889e-09
4.30811e-09
3.58028e-09
2.96859e-09
2.45692e-09
2.03044e-09
1.67591e-09
1.38178e-09
1.13811e-09
9.36419e-10
7.69565e-10
6.31541e-10
5.17334e-10
4.22767e-10
3.44368e-10
2.79258e-10
2.25044e-10
1.79742e-10
1.41694e-10
1.09516e-10
8.20305e-11
5.82246e-11
3.71929e-11
1.80803e-11
5.14425e-34
1.54044e-12
9.92012e-10
1.93178e-09
2.82062e-09
3.65905e-09
4.44808e-09
5.18916e-09
5.88405e-09
6.53471e-09
7.14325e-09
7.71185e-09
8.24274e-09
8.73812e-09
9.20015e-09
9.63096e-09
1.00326e-08
1.04069e-08
1.07559e-08
1.10812e-08
1.13845e-08
1.16673e-08
1.19311e-08
1.21772e-08
1.2407e-08
1.26215e-08
1.28218e-08
1.30091e-08
1.31841e-08
1.33478e-08
1.3501e-08
1.36444e-08
1.37787e-08
1.51077e-08
1.62582e-08
1.71595e-08
1.77461e-08
1.79673e-08
1.77979e-08
1.72456e-08
1.63518e-08
1.51868e-08
1.3837e-08
1.2392e-08
1.09317e-08
9.51978e-09
8.20072e-09
7.00119e-09
5.93324e-09
4.9982e-09
4.19021e-09
3.49922e-09
2.91305e-09
2.41896e-09
2.00454e-09
1.65827e-09
1.36977e-09
1.12994e-09
9.30869e-10
7.65793e-10
6.28978e-10
5.15593e-10
4.21584e-10
3.43565e-10
2.78713e-10
2.24675e-10
1.79492e-10
1.41527e-10
1.09404e-10
8.19575e-11
5.81785e-11
3.71661e-11
1.8068e-11
5.6549e-34
1.12677e-12
7.30986e-10
1.42391e-09
2.07998e-09
2.69976e-09
3.28411e-09
3.83414e-09
4.35114e-09
4.83654e-09
5.29181e-09
5.71851e-09
6.11818e-09
6.49235e-09
6.84253e-09
7.17017e-09
7.47669e-09
7.76344e-09
8.03169e-09
8.28266e-09
8.51749e-09
8.73728e-09
8.94303e-09
9.13568e-09
9.31614e-09
9.48522e-09
9.6437e-09
9.79231e-09
9.9317e-09
1.00625e-08
1.01853e-08
1.03006e-08
1.0409e-08
1.15029e-08
1.24975e-08
1.33412e-08
1.39818e-08
1.43723e-08
1.44787e-08
1.42866e-08
1.38056e-08
1.307e-08
1.21334e-08
1.10606e-08
9.91791e-09
8.7648e-09
7.64887e-09
6.60397e-09
5.65087e-09
4.79948e-09
4.05148e-09
3.40298e-09
2.84661e-09
2.37328e-09
1.97322e-09
1.63684e-09
1.35514e-09
1.11996e-09
9.2407e-10
7.61163e-10
6.25828e-10
5.1345e-10
4.20127e-10
3.42576e-10
2.78041e-10
2.2422e-10
1.79185e-10
1.4132e-10
1.09266e-10
8.18671e-11
5.81214e-11
3.71329e-11
1.80529e-11
6.21524e-34
8.23237e-13
5.3759e-10
1.04747e-09
1.53069e-09
1.98777e-09
2.41943e-09
2.82652e-09
3.20998e-09
3.57085e-09
3.91017e-09
4.22903e-09
4.52852e-09
4.80971e-09
5.07364e-09
5.32132e-09
5.55374e-09
5.77182e-09
5.97646e-09
6.16851e-09
6.34876e-09
6.51797e-09
6.67685e-09
6.82607e-09
6.96624e-09
7.09797e-09
7.22178e-09
7.33821e-09
7.44771e-09
7.55075e-09
7.64773e-09
7.73904e-09
7.82504e-09
8.70758e-09
9.54054e-09
1.02879e-08
1.09105e-08
1.13695e-08
1.1631e-08
1.16716e-08
1.1483e-08
1.10749e-08
1.04746e-08
9.72306e-09
8.86927e-09
7.9629e-09
7.04878e-09
6.16308e-09
5.3319e-09
4.57161e-09
3.89038e-09
3.29002e-09
2.76795e-09
2.31878e-09
1.93563e-09
1.611e-09
1.33742e-09
1.10784e-09
9.15783e-10
7.55508e-10
6.21972e-10
5.10823e-10
4.18339e-10
3.41359e-10
2.77215e-10
2.23659e-10
1.78805e-10
1.41065e-10
1.09096e-10
8.17556e-11
5.8051e-11
3.70919e-11
1.80341e-11
6.82978e-34
6.01357e-13
3.94953e-10
7.69727e-10
1.1252e-09
1.46182e-09
1.78018e-09
2.0809e-09
2.36469e-09
2.6323e-09
2.88447e-09
3.12198e-09
3.34559e-09
3.55604e-09
3.75406e-09
3.94037e-09
4.11564e-09
4.28053e-09
4.43565e-09
4.5816e-09
4.71894e-09
4.84819e-09
4.96985e-09
5.0844e-09
5.19227e-09
5.29387e-09
5.38961e-09
5.47983e-09
5.56488e-09
5.64509e-09
5.72074e-09
5.79212e-09
5.85948e-09
6.55981e-09
7.24047e-09
7.87714e-09
8.44184e-09
8.90467e-09
9.23655e-09
9.4128e-09
9.41701e-09
9.24439e-09
8.90356e-09
8.41599e-09
7.81323e-09
7.13241e-09
6.41126e-09
5.68394e-09
4.97829e-09
4.31463e-09
3.706e-09
3.15914e-09
2.67584e-09
2.25441e-09
1.8909e-09
1.58006e-09
1.3161e-09
1.09318e-09
9.05736e-10
7.48631e-10
6.17272e-10
5.07615e-10
4.16151e-10
3.39869e-10
2.76201e-10
2.22971e-10
1.7834e-10
1.40751e-10
1.08887e-10
8.16185e-11
5.79643e-11
3.70414e-11
1.80111e-11
7.50328e-34
4.39492e-13
2.90067e-10
5.65425e-10
8.26782e-10
1.07453e-09
1.3091e-09
1.531e-09
1.74073e-09
1.93884e-09
2.12586e-09
2.30235e-09
2.46883e-09
2.62585e-09
2.7739e-09
2.91349e-09
3.04509e-09
3.16917e-09
3.28614e-09
3.39644e-09
3.50044e-09
3.59853e-09
3.69106e-09
3.77835e-09
3.86072e-09
3.93845e-09
4.01184e-09
4.08113e-09
4.14658e-09
4.2084e-09
4.26682e-09
4.32203e-09
4.37422e-09
4.92256e-09
5.46806e-09
5.99484e-09
6.48374e-09
6.91303e-09
7.25981e-09
7.50214e-09
7.62178e-09
7.60703e-09
7.45508e-09
7.1732e-09
6.77824e-09
6.2945e-09
5.75041e-09
5.17488e-09
4.59423e-09
4.03006e-09
3.49838e-09
3.00961e-09
2.56931e-09
2.1792e-09
1.83818e-09
1.54332e-09
1.29063e-09
1.07559e-09
8.93622e-10
7.40311e-10
6.1157e-10
5.03713e-10
4.13485e-10
3.3805e-10
2.74962e-10
2.22129e-10
1.77769e-10
1.40367e-10
1.0863e-10
8.14502e-11
5.78578e-11
3.69794e-11
1.79828e-11
8.24081e-34
3.21495e-13
2.13074e-10
4.15413e-10
6.07577e-10
7.8988e-10
9.62668e-10
1.12631e-09
1.28118e-09
1.42768e-09
1.5662e-09
1.69713e-09
1.82084e-09
1.93771e-09
2.04811e-09
2.15238e-09
2.25086e-09
2.34387e-09
2.43172e-09
2.5147e-09
2.59308e-09
2.66714e-09
2.73711e-09
2.80324e-09
2.86574e-09
2.92482e-09
2.98069e-09
3.03352e-09
3.08349e-09
3.13077e-09
3.1755e-09
3.21784e-09
3.25792e-09
3.68263e-09
4.1131e-09
4.53933e-09
4.94866e-09
5.326e-09
5.65443e-09
5.91632e-09
6.095e-09
6.17682e-09
6.15326e-09
6.02265e-09
5.79095e-09
5.47136e-09
5.08269e-09
4.64685e-09
4.1862e-09
3.72118e-09
3.26871e-09
2.84145e-09
2.4478e-09
2.09235e-09
1.77668e-09
1.5001e-09
1.26044e-09
1.05461e-09
8.79105e-10
7.30299e-10
6.04683e-10
4.98988e-10
4.10249e-10
3.35838e-10
2.73453e-10
2.21102e-10
1.77072e-10
1.39896e-10
1.08316e-10
8.12441e-11
5.77274e-11
3.69034e-11
1.79481e-11
9.04764e-34
2.35466e-13
1.56604e-10
3.05361e-10
4.46706e-10
5.8089e-10
7.08178e-10
8.28847e-10
9.43178e-10
1.05146e-09
1.15396e-09
1.25098e-09
1.34278e-09
1.42964e-09
1.51179e-09
1.58951e-09
1.66301e-09
1.73254e-09
1.79831e-09
1.86052e-09
1.91937e-09
1.97505e-09
2.02774e-09
2.0776e-09
2.1248e-09
2.16947e-09
2.21176e-09
2.25181e-09
2.28973e-09
2.32566e-09
2.35969e-09
2.39194e-09
2.4225e-09
2.74859e-09
3.08415e-09
3.42305e-09
3.75724e-09
4.07666e-09
4.36941e-09
4.62226e-09
4.82158e-09
4.95458e-09
5.01094e-09
4.98435e-09
4.87377e-09
4.68403e-09
4.42548e-09
4.11272e-09
3.76278e-09
3.39306e-09
3.01956e-09
2.65562e-09
2.31132e-09
1.99344e-09
1.70579e-09
1.44977e-09
1.22498e-09
1.02979e-09
8.61825e-10
7.18321e-10
5.9641e-10
4.9329e-10
4.06336e-10
3.33156e-10
2.7162e-10
2.19852e-10
1.76223e-10
1.39323e-10
1.07933e-10
8.09923e-11
5.75679e-11
3.68104e-11
1.79056e-11
9.92917e-34
1.72696e-13
1.15192e-10
2.24638e-10
3.28675e-10
4.27496e-10
5.21304e-10
6.10306e-10
6.94712e-10
7.74728e-10
8.50561e-10
9.22412e-10
9.90478e-10
1.05495e-09
1.11601e-09
1.17384e-09
1.22861e-09
1.28047e-09
1.32959e-09
1.37611e-09
1.42017e-09
1.46191e-09
1.50145e-09
1.53891e-09
1.5744e-09
1.60804e-09
1.63992e-09
1.67013e-09
1.69878e-09
1.72594e-09
1.7517e-09
1.77612e-09
1.79929e-09
2.04795e-09
2.30697e-09
2.57277e-09
2.8404e-09
3.10338e-09
3.35371e-09
3.58198e-09
3.77783e-09
3.93065e-09
4.03055e-09
4.06964e-09
4.04317e-09
3.95048e-09
3.79544e-09
3.58617e-09
3.33407e-09
3.05245e-09
2.75494e-09
2.45413e-09
2.16061e-09
1.88245e-09
1.62514e-09
1.39182e-09
1.18374e-09
1.00068e-09
8.4141e-10
7.04084e-10
5.86526e-10
4.86456e-10
4.01625e-10
3.29919e-10
2.69401e-10
2.18337e-10
1.75192e-10
1.38626e-10
1.07466e-10
8.06853e-11
5.73734e-11
3.6697e-11
1.78537e-11
1.08909e-33
1.26844e-13
8.48127e-11
1.65411e-10
2.42051e-10
3.14884e-10
3.84062e-10
4.49741e-10
5.12074e-10
5.71215e-10
6.27312e-10
6.80513e-10
7.30959e-10
7.78789e-10
8.24133e-10
8.67119e-10
9.0787e-10
9.46501e-10
9.83123e-10
1.01784e-09
1.05076e-09
1.08197e-09
1.11157e-09
1.13963e-09
1.16625e-09
1.1915e-09
1.21545e-09
1.23817e-09
1.25973e-09
1.28018e-09
1.29959e-09
1.31802e-09
1.33551e-09
1.52409e-09
1.72249e-09
1.92871e-09
2.13983e-09
2.35184e-09
2.55954e-09
2.75654e-09
2.9354e-09
3.08797e-09
3.20593e-09
3.28161e-09
3.30889e-09
3.28416e-09
3.20697e-09
3.08042e-09
2.91089e-09
2.70732e-09
2.48017e-09
2.24017e-09
1.99731e-09
1.76e-09
1.53474e-09
1.32598e-09
1.13633e-09
9.66871e-10
8.17497e-10
6.87286e-10
5.74795e-10
4.78302e-10
3.95981e-10
3.26027e-10
2.66726e-10
2.16505e-10
1.73943e-10
1.3778e-10
1.06899e-10
8.03121e-11
5.71366e-11
3.65588e-11
1.77905e-11
1.19382e-33
9.33033e-14
6.25112e-11
1.21926e-10
1.78439e-10
2.32165e-10
2.83219e-10
3.31718e-10
3.77775e-10
4.21503e-10
4.63011e-10
5.02405e-10
5.39789e-10
5.75262e-10
6.0892e-10
6.40853e-10
6.71151e-10
6.99897e-10
7.27171e-10
7.53049e-10
7.77603e-10
8.00904e-10
8.23016e-10
8.44001e-10
8.63918e-10
8.82823e-10
9.0077e-10
9.17807e-10
9.33983e-10
9.49343e-10
9.63929e-10
9.77782e-10
9.90938e-10
1.13335e-09
1.2844e-09
1.44304e-09
1.60763e-09
1.77578e-09
1.94424e-09
2.10884e-09
2.2645e-09
2.40529e-09
2.52476e-09
2.61639e-09
2.67416e-09
2.69331e-09
2.67104e-09
2.60704e-09
2.50378e-09
2.36628e-09
2.2016e-09
2.01798e-09
1.82392e-09
1.62737e-09
1.43507e-09
1.25224e-09
1.08251e-09
9.28037e-10
7.89755e-10
6.67633e-10
5.6097e-10
4.68635e-10
3.89256e-10
3.21369e-10
2.63514e-10
2.14298e-10
1.72436e-10
1.36756e-10
1.06211e-10
7.98592e-11
5.68491e-11
3.63908e-11
1.77136e-11
1.3076e-33
6.87309e-14
4.61244e-11
8.99699e-11
1.31683e-10
1.71353e-10
2.09064e-10
2.44905e-10
2.78958e-10
3.11307e-10
3.42032e-10
3.71211e-10
3.98918e-10
4.25226e-10
4.50205e-10
4.73921e-10
4.96437e-10
5.17814e-10
5.3811e-10
5.57381e-10
5.75678e-10
5.93052e-10
6.0955e-10
6.25218e-10
6.40097e-10
6.54229e-10
6.67652e-10
6.80403e-10
6.92516e-10
7.04024e-10
7.14957e-10
7.25346e-10
7.35219e-10
8.42411e-10
9.56858e-10
1.07808e-09
1.20521e-09
1.33688e-09
1.47116e-09
1.60542e-09
1.73631e-09
1.85976e-09
1.97104e-09
2.06506e-09
2.13664e-09
2.18104e-09
2.19454e-09
2.17494e-09
2.12202e-09
2.03774e-09
1.92607e-09
1.7926e-09
1.64385e-09
1.4866e-09
1.32717e-09
1.17099e-09
1.02228e-09
8.83993e-10
7.57923e-10
6.44856e-10
5.44812e-10
4.57255e-10
3.81291e-10
3.15825e-10
2.59674e-10
2.11652e-10
1.70622e-10
1.35522e-10
1.05381e-10
7.93111e-11
5.65006e-11
3.6187e-11
1.76203e-11
1.4309e-33
5.07001e-14
3.40704e-11
6.64611e-11
9.72826e-11
1.26601e-10
1.54482e-10
1.80989e-10
2.06186e-10
2.30132e-10
2.52887e-10
2.74508e-10
2.9505e-10
3.14565e-10
3.33104e-10
3.50715e-10
3.67445e-10
3.83337e-10
3.98434e-10
4.12777e-10
4.26402e-10
4.39347e-10
4.51645e-10
4.63331e-10
4.74434e-10
4.84985e-10
4.95011e-10
5.0454e-10
5.13596e-10
5.22203e-10
5.30385e-10
5.38162e-10
5.45555e-10
6.26037e-10
7.12432e-10
8.0457e-10
9.02044e-10
1.00413e-09
1.10972e-09
1.21723e-09
1.32453e-09
1.42893e-09
1.52717e-09
1.61547e-09
1.68977e-09
1.74597e-09
1.78031e-09
1.78985e-09
1.77286e-09
1.72917e-09
1.66033e-09
1.56951e-09
1.46112e-09
1.34037e-09
1.21266e-09
1.08307e-09
9.55958e-10
8.34745e-10
7.21849e-10
6.18745e-10
5.26104e-10
4.43967e-10
3.71925e-10
3.09265e-10
2.55107e-10
2.08491e-10
1.68448e-10
1.34039e-10
1.0438e-10
7.86495e-11
5.60793e-11
3.59404e-11
1.75074e-11
1.56404e-33
3.74482e-14
2.51932e-11
4.91465e-11
7.1943e-11
9.36325e-11
1.14264e-10
1.33885e-10
1.52542e-10
1.7028e-10
1.87143e-10
2.03172e-10
2.18407e-10
2.32887e-10
2.46649e-10
2.59729e-10
2.72159e-10
2.83973e-10
2.95201e-10
3.05872e-10
3.16014e-10
3.25654e-10
3.34816e-10
3.43526e-10
3.51805e-10
3.59675e-10
3.67157e-10
3.74271e-10
3.81034e-10
3.87464e-10
3.93578e-10
3.99393e-10
4.04922e-10
4.65235e-10
5.30264e-10
6.00007e-10
6.74314e-10
7.52839e-10
8.34986e-10
9.19842e-10
1.00612e-09
1.0921e-09
1.17562e-09
1.25403e-09
1.32434e-09
1.38329e-09
1.4276e-09
1.4543e-09
1.46104e-09
1.44645e-09
1.4104e-09
1.35413e-09
1.28013e-09
1.19195e-09
1.09372e-09
9.89788e-10
8.84222e-10
7.80547e-10
6.8154e-10
5.89177e-10
5.04673e-10
4.28595e-10
3.60997e-10
3.01558e-10
2.4971e-10
2.04737e-10
1.65855e-10
1.32263e-10
1.03179e-10
7.78534e-11
5.55715e-11
3.56428e-11
1.73709e-11
1.70722e-33
2.76931e-14
1.86476e-11
3.63788e-11
5.32558e-11
6.93161e-11
8.45963e-11
9.91318e-11
1.12957e-10
1.26106e-10
1.38609e-10
1.50498e-10
1.61803e-10
1.72552e-10
1.82771e-10
1.92487e-10
2.01724e-10
2.10506e-10
2.18856e-10
2.26795e-10
2.34343e-10
2.41519e-10
2.48343e-10
2.54832e-10
2.61002e-10
2.6687e-10
2.72449e-10
2.77756e-10
2.82802e-10
2.87602e-10
2.92167e-10
2.9651e-10
3.0064e-10
3.45775e-10
3.94614e-10
4.47233e-10
5.0362e-10
5.63644e-10
6.27016e-10
6.93242e-10
7.61575e-10
8.30968e-10
9.00029e-10
9.67003e-10
1.02977e-09
1.08592e-09
1.13284e-09
1.16792e-09
1.18877e-09
1.19351e-09
1.18106e-09
1.15131e-09
1.10524e-09
1.04485e-09
9.7296e-10
8.92893e-10
8.08124e-10
7.21944e-10
6.37203e-10
5.56157e-10
4.80422e-10
4.10999e-10
3.48365e-10
2.92573e-10
2.43373e-10
2.00302e-10
1.62777e-10
1.30147e-10
1.01743e-10
7.68986e-11
5.49611e-11
3.52844e-11
1.72064e-11
1.86041e-33
2.05013e-14
1.38153e-11
2.69525e-11
3.94581e-11
5.13602e-11
6.26862e-11
7.34626e-11
8.37148e-11
9.34675e-11
1.02744e-10
1.11568e-10
1.1996e-10
1.27942e-10
1.35533e-10
1.42752e-10
1.49618e-10
1.56147e-10
1.62357e-10
1.68263e-10
1.7388e-10
1.79222e-10
1.84303e-10
1.89136e-10
1.93733e-10
1.98106e-10
2.02265e-10
2.06221e-10
2.09985e-10
2.13566e-10
2.16972e-10
2.20213e-10
2.23296e-10
2.57036e-10
2.93653e-10
3.33251e-10
3.75885e-10
4.21539e-10
4.70099e-10
5.21324e-10
5.74807e-10
6.29937e-10
6.8586e-10
7.41447e-10
7.95278e-10
8.45647e-10
8.90606e-10
9.28059e-10
9.55907e-10
9.72237e-10
9.75548e-10
9.64961e-10
9.40389e-10
9.02611e-10
8.53225e-10
7.94491e-10
7.2908e-10
6.59791e-10
5.89279e-10
5.19855e-10
4.53355e-10
3.911e-10
3.33915e-10
2.82195e-10
2.35991e-10
1.951e-10
1.59144e-10
1.27637e-10
1.00032e-10
7.57579e-11
5.423e-11
3.48543e-11
1.70087e-11
2.02327e-33
1.51916e-14
1.02435e-11
1.99847e-11
2.92584e-11
3.80856e-11
4.64868e-11
5.44817e-11
6.20891e-11
6.93274e-11
7.6214e-11
8.27656e-11
8.89984e-11
9.49278e-11
1.00568e-10
1.05934e-10
1.11038e-10
1.15894e-10
1.20513e-10
1.24907e-10
1.29087e-10
1.33063e-10
1.36846e-10
1.40445e-10
1.43869e-10
1.47127e-10
1.50227e-10
1.53176e-10
1.55982e-10
1.58651e-10
1.61192e-10
1.63609e-10
1.6591e-10
1.91111e-10
2.18527e-10
2.48266e-10
2.80409e-10
3.14994e-10
3.52005e-10
3.91345e-10
4.32811e-10
4.76069e-10
5.20619e-10
5.65765e-10
6.10589e-10
6.53942e-10
6.94442e-10
7.30518e-10
7.60482e-10
7.82642e-10
7.9546e-10
7.97726e-10
7.88732e-10
7.68404e-10
7.37362e-10
6.96888e-10
6.48795e-10
5.95233e-10
5.38461e-10
4.80629e-10
4.23611e-10
3.68903e-10
3.17584e-10
2.70331e-10
2.2747e-10
1.89045e-10
1.54886e-10
1.24677e-10
9.80055e-11
7.4401e-11
5.33577e-11
3.43401e-11
1.6772e-11
2.19506e-33
1.1266e-14
7.60038e-12
1.48283e-11
2.17099e-11
2.82608e-11
3.44963e-11
4.0431e-11
4.6079e-11
5.14538e-11
5.65684e-11
6.14352e-11
6.60661e-11
7.04723e-11
7.46648e-11
7.86538e-11
8.24492e-11
8.60605e-11
8.94965e-11
9.27658e-11
9.58765e-11
9.88364e-11
1.01653e-10
1.04333e-10
1.06883e-10
1.0931e-10
1.11619e-10
1.13816e-10
1.15908e-10
1.17898e-10
1.19792e-10
1.21594e-10
1.2331e-10
1.42121e-10
1.62627e-10
1.84925e-10
2.091e-10
2.35216e-10
2.63303e-10
2.9334e-10
3.25248e-10
3.58857e-10
3.93891e-10
4.29942e-10
4.6644e-10
5.02641e-10
5.3761e-10
5.70229e-10
5.99227e-10
6.23239e-10
6.40899e-10
6.50966e-10
6.52462e-10
6.44814e-10
6.27958e-10
6.02388e-10
5.69133e-10
5.29653e-10
4.85681e-10
4.39043e-10
3.91482e-10
3.4452e-10
2.99376e-10
2.5693e-10
2.17737e-10
1.82061e-10
1.49934e-10
1.21211e-10
9.56184e-11
7.27954e-11
5.23216e-11
3.37276e-11
1.64896e-11
2.37448e-33
8.35997e-15
5.64224e-12
1.10082e-11
1.61173e-11
2.09812e-11
2.56115e-11
3.00189e-11
3.42139e-11
3.82065e-11
4.20065e-11
4.56229e-11
4.90645e-11
5.23397e-11
5.54565e-11
5.84226e-11
6.12452e-11
6.39313e-11
6.64875e-11
6.892e-11
7.1235e-11
7.34381e-11
7.55347e-11
7.753e-11
7.9429e-11
8.12363e-11
8.29563e-11
8.45934e-11
8.61516e-11
8.76346e-11
8.90461e-11
9.03897e-11
9.16686e-11
1.05703e-10
1.21025e-10
1.37721e-10
1.55869e-10
1.75538e-10
1.96775e-10
2.19603e-10
2.44004e-10
2.69908e-10
2.97176e-10
3.25581e-10
3.54786e-10
3.84328e-10
4.13599e-10
4.41841e-10
4.68144e-10
4.91479e-10
5.1074e-10
5.24821e-10
5.32718e-10
5.33638e-10
5.27115e-10
5.13093e-10
4.91967e-10
4.64564e-10
4.32059e-10
3.95855e-10
3.57428e-10
3.18192e-10
2.79385e-10
2.41998e-10
2.06749e-10
1.74087e-10
1.44227e-10
1.17184e-10
9.28257e-11
7.09067e-11
5.10975e-11
3.30015e-11
1.61542e-11
2.55953e-33
6.20615e-15
4.19003e-12
8.175e-12
1.19694e-11
1.5582e-11
1.90212e-11
2.22952e-11
2.54119e-11
2.83785e-11
3.12022e-11
3.38899e-11
3.6448e-11
3.88828e-11
4.12002e-11
4.34058e-11
4.5505e-11
4.75029e-11
4.94045e-11
5.12143e-11
5.29369e-11
5.45765e-11
5.6137e-11
5.76224e-11
5.90361e-11
6.03818e-11
6.16627e-11
6.28819e-11
6.40425e-11
6.51473e-11
6.61989e-11
6.71999e-11
6.81529e-11
7.8617e-11
9.00569e-11
1.02543e-10
1.16144e-10
1.30923e-10
1.46934e-10
1.64214e-10
1.8278e-10
2.02616e-10
2.23661e-10
2.45801e-10
2.68848e-10
2.92526e-10
3.16457e-10
3.40145e-10
3.6297e-10
3.84196e-10
4.02984e-10
4.18437e-10
4.29657e-10
4.3583e-10
4.36312e-10
4.3072e-10
4.19007e-10
4.01488e-10
3.78828e-10
3.51976e-10
3.22065e-10
2.90293e-10
2.57806e-10
2.2561e-10
1.94512e-10
1.65093e-10
1.37716e-10
1.12546e-10
8.95844e-11
6.87001e-11
4.966e-11
3.21457e-11
1.57578e-11
2.74735e-33
4.60807e-15
3.11197e-12
6.07171e-12
8.88999e-12
1.15734e-11
1.41282e-11
1.65605e-11
1.8876e-11
2.10803e-11
2.31787e-11
2.51761e-11
2.70775e-11
2.88874e-11
3.06102e-11
3.22501e-11
3.3811e-11
3.52969e-11
3.67112e-11
3.80575e-11
3.9339e-11
4.05588e-11
4.172e-11
4.28253e-11
4.38775e-11
4.48791e-11
4.58326e-11
4.67403e-11
4.76044e-11
4.8427e-11
4.92101e-11
4.99556e-11
5.06654e-11
5.8463e-11
6.69969e-11
7.63241e-11
8.65016e-11
9.75845e-11
1.09623e-10
1.22661e-10
1.36726e-10
1.51831e-10
1.67961e-10
1.85066e-10
2.0305e-10
2.21758e-10
2.40964e-10
2.60358e-10
2.79533e-10
2.97987e-10
3.15116e-10
3.3024e-10
3.42628e-10
3.51551e-10
3.56344e-10
3.56484e-10
3.51657e-10
3.41821e-10
3.27227e-10
3.0841e-10
2.86137e-10
2.61326e-10
2.34946e-10
2.07928e-10
1.8109e-10
1.55083e-10
1.30378e-10
1.07262e-10
8.58567e-11
6.6143e-11
4.7984e-11
3.11433e-11
1.52922e-11
2.93401e-33
3.42113e-15
2.31092e-12
4.50884e-12
6.60178e-12
8.59464e-12
1.04921e-11
1.22987e-11
1.40187e-11
1.56562e-11
1.72151e-11
1.86991e-11
2.01119e-11
2.14569e-11
2.27372e-11
2.39561e-11
2.51164e-11
2.62209e-11
2.72724e-11
2.82734e-11
2.92263e-11
3.01335e-11
3.09971e-11
3.18192e-11
3.26019e-11
3.3347e-11
3.40564e-11
3.47318e-11
3.53747e-11
3.59868e-11
3.65696e-11
3.71245e-11
3.76527e-11
4.34589e-11
4.9819e-11
5.67781e-11
6.43824e-11
7.26777e-11
8.17084e-11
9.15148e-11
1.02131e-10
1.1358e-10
1.2587e-10
1.38987e-10
1.5289e-10
1.67499e-10
1.82685e-10
1.98263e-10
2.13978e-10
2.29498e-10
2.44411e-10
2.58226e-10
2.70387e-10
2.80299e-10
2.87366e-10
2.91048e-10
2.90914e-10
2.86709e-10
2.78393e-10
2.66168e-10
2.50463e-10
2.31899e-10
2.11217e-10
1.89205e-10
1.66615e-10
1.44111e-10
1.22218e-10
1.01312e-10
8.16145e-11
6.32072e-11
4.60461e-11
2.99781e-11
1.47491e-11
3.11435e-33
2.53876e-15
1.71521e-12
3.34658e-12
4.90006e-12
6.37932e-12
7.78783e-12
9.12894e-12
1.04058e-11
1.16216e-11
1.2779e-11
1.3881e-11
1.49302e-11
1.5929e-11
1.68799e-11
1.77852e-11
1.86471e-11
1.94677e-11
2.02488e-11
2.09926e-11
2.17006e-11
2.23747e-11
2.30165e-11
2.36275e-11
2.42093e-11
2.47631e-11
2.52904e-11
2.57925e-11
2.62705e-11
2.67256e-11
2.71589e-11
2.75715e-11
2.79643e-11
3.22834e-11
3.70179e-11
4.22031e-11
4.78756e-11
5.40725e-11
6.08309e-11
6.81863e-11
7.61712e-11
8.48123e-11
9.41278e-11
1.04123e-10
1.14787e-10
1.26082e-10
1.37944e-10
1.50265e-10
1.62893e-10
1.75618e-10
1.88169e-10
2.00208e-10
2.11333e-10
2.2109e-10
2.28992e-10
2.34553e-10
2.37331e-10
2.36973e-10
2.33268e-10
2.2618e-10
2.15868e-10
2.02681e-10
1.87116e-10
1.69776e-10
1.51296e-10
1.32287e-10
1.13282e-10
9.47032e-11
7.68454e-11
5.9873e-11
4.38271e-11
2.86357e-11
1.41209e-11
3.28182e-33
1.88225e-15
1.27187e-12
2.48157e-12
3.63355e-12
4.73052e-12
5.77507e-12
6.76968e-12
7.7167e-12
8.61841e-12
9.47695e-12
1.02944e-11
1.10727e-11
1.18137e-11
1.25192e-11
1.31909e-11
1.38304e-11
1.44393e-11
1.5019e-11
1.5571e-11
1.60965e-11
1.65968e-11
1.70732e-11
1.75268e-11
1.79587e-11
1.83698e-11
1.87613e-11
1.91341e-11
1.9489e-11
1.9827e-11
2.01488e-11
2.04552e-11
2.07469e-11
2.39554e-11
2.74747e-11
3.13318e-11
3.55554e-11
4.0175e-11
4.52206e-11
5.07219e-11
5.67077e-11
6.32036e-11
7.02309e-11
7.78038e-11
8.59257e-11
9.4586e-11
1.03754e-10
1.13375e-10
1.23361e-10
1.33584e-10
1.43874e-10
1.54007e-10
1.63705e-10
1.72639e-10
1.80438e-10
1.86703e-10
1.91035e-10
1.93071e-10
1.92523e-10
1.89215e-10
1.83114e-10
1.74346e-10
1.6319e-10
1.5005e-10
1.35409e-10
1.19782e-10
1.03662e-10
8.74759e-11
7.15578e-11
5.61331e-11
4.13146e-11
2.71048e-11
1.34012e-11
3.42841e-33
1.39346e-15
9.417e-13
1.83738e-12
2.69034e-12
3.50259e-12
4.27604e-12
5.01254e-12
5.71383e-12
6.38159e-12
7.01742e-12
7.62282e-12
8.19926e-12
8.74812e-12
9.27071e-12
9.76829e-12
1.02421e-11
1.06932e-11
1.11227e-11
1.15316e-11
1.1921e-11
1.22918e-11
1.26448e-11
1.29809e-11
1.33009e-11
1.36057e-11
1.38959e-11
1.41721e-11
1.44352e-11
1.46857e-11
1.49243e-11
1.51514e-11
1.53677e-11
1.77468e-11
2.03577e-11
2.3221e-11
2.63587e-11
2.97939e-11
3.35505e-11
3.76525e-11
4.2124e-11
4.69878e-11
5.22645e-11
5.79708e-11
6.41175e-11
7.07066e-11
7.77286e-11
8.51574e-11
9.29466e-11
1.01023e-10
1.09283e-10
1.17584e-10
1.25741e-10
1.33527e-10
1.40672e-10
1.4687e-10
1.51794e-10
1.55118e-10
1.56542e-10
1.55828e-10
1.52831e-10
1.47519e-10
1.39992e-10
1.30473e-10
1.19288e-10
1.06825e-10
9.35002e-11
7.97073e-11
6.57864e-11
5.19975e-11
3.85063e-11
2.53797e-11
1.25858e-11
3.54474e-33
1.02931e-15
6.95678e-13
1.35737e-12
1.9875e-12
2.58757e-12
3.159e-12
3.70313e-12
4.22128e-12
4.71466e-12
5.18447e-12
5.63182e-12
6.05778e-12
6.46337e-12
6.84957e-12
7.21731e-12
7.56746e-12
7.90086e-12
8.21833e-12
8.52061e-12
8.80844e-12
9.08252e-12
9.34348e-12
9.59198e-12
9.82859e-12
1.00539e-11
1.02684e-11
1.04727e-11
1.06673e-11
1.08525e-11
1.10289e-11
1.11968e-11
1.13568e-11
1.31165e-11
1.50484e-11
1.71682e-11
1.94925e-11
2.20393e-11
2.48271e-11
2.78749e-11
3.12024e-11
3.48286e-11
3.87717e-11
4.30481e-11
4.76708e-11
5.26479e-11
5.79804e-11
6.36594e-11
6.96629e-11
7.59516e-11
8.24648e-11
8.91157e-11
9.57868e-11
1.02326e-10
1.08546e-10
1.14224e-10
1.19109e-10
1.22931e-10
1.25422e-10
1.26336e-10
1.25474e-10
1.22716e-10
1.18032e-10
1.11501e-10
1.03299e-10
9.3689e-11
8.29834e-11
7.15146e-11
5.95969e-11
4.74972e-11
3.54135e-11
2.34621e-11
1.1674e-11
3.62024e-33
7.57879e-16
5.12272e-13
9.99519e-13
1.46354e-12
1.90542e-12
2.32622e-12
2.72693e-12
3.10852e-12
3.47188e-12
3.81788e-12
4.14735e-12
4.46109e-12
4.75983e-12
5.0443e-12
5.31517e-12
5.5731e-12
5.81871e-12
6.05258e-12
6.27527e-12
6.48733e-12
6.68925e-12
6.88152e-12
7.06461e-12
7.23896e-12
7.40497e-12
7.56306e-12
7.7136e-12
7.85695e-12
7.99345e-12
8.12344e-12
8.24722e-12
8.36509e-12
9.6622e-12
1.10867e-11
1.26503e-11
1.43657e-11
1.62465e-11
1.83069e-11
2.05619e-11
2.30267e-11
2.57169e-11
2.86478e-11
3.18339e-11
3.52878e-11
3.90198e-11
4.30357e-11
4.73355e-11
5.19112e-11
5.67438e-11
6.18e-11
6.70292e-11
7.23589e-11
7.76917e-11
8.29019e-11
8.78344e-11
9.23057e-11
9.61085e-11
9.9021e-11
1.00821e-10
1.01306e-10
1.00311e-10
9.77337e-11
9.35485e-11
8.78149e-11
8.06748e-11
7.23367e-11
6.30522e-11
5.30862e-11
4.26875e-11
3.20637e-11
2.13638e-11
1.06695e-11
3.64367e-33
5.55481e-16
3.75491e-13
7.32641e-13
1.07277e-12
1.39667e-12
1.70513e-12
1.99887e-12
2.27859e-12
2.54496e-12
2.79861e-12
3.04015e-12
3.27015e-12
3.48917e-12
3.69774e-12
3.89634e-12
4.08546e-12
4.26554e-12
4.43702e-12
4.60032e-12
4.75582e-12
4.90389e-12
5.04489e-12
5.17916e-12
5.30701e-12
5.42877e-12
5.54471e-12
5.65512e-12
5.76025e-12
5.86037e-12
5.95571e-12
6.0465e-12
6.13296e-12
7.0845e-12
8.12974e-12
9.27748e-12
1.05372e-11
1.19191e-11
1.34339e-11
1.50931e-11
1.69085e-11
1.88925e-11
2.10573e-11
2.3415e-11
2.5977e-11
2.87531e-11
3.1751e-11
3.49749e-11
3.8424e-11
4.20909e-11
4.59589e-11
5.00001e-11
5.41716e-11
5.84131e-11
6.26433e-11
6.67581e-11
7.0629e-11
7.41043e-11
7.70126e-11
7.91709e-11
8.03956e-11
8.05182e-11
7.94028e-11
7.69628e-11
7.31747e-11
6.80846e-11
6.18051e-11
5.45033e-11
4.63805e-11
3.76479e-11
2.85025e-11
1.91076e-11
9.58119e-12
3.60383e-33
4.04488e-16
2.73439e-13
5.33523e-13
7.81211e-13
1.01709e-12
1.24172e-12
1.45564e-12
1.65935e-12
1.85334e-12
2.03807e-12
2.21399e-12
2.38151e-12
2.54103e-12
2.69294e-12
2.8376e-12
2.97535e-12
3.10652e-12
3.23144e-12
3.35039e-12
3.46366e-12
3.57153e-12
3.67424e-12
3.77206e-12
3.8652e-12
3.95391e-12
4.03837e-12
4.11881e-12
4.19541e-12
4.26836e-12
4.33782e-12
4.40397e-12
4.46697e-12
5.16036e-12
5.92218e-12
6.75895e-12
7.67767e-12
8.6859e-12
9.79173e-12
1.10037e-11
1.2331e-11
1.37829e-11
1.53692e-11
1.70994e-11
1.89831e-11
2.1029e-11
2.32448e-11
2.56359e-11
2.82052e-11
3.09512e-11
3.38671e-11
3.69382e-11
4.01407e-11
4.34383e-11
4.67803e-11
5.00992e-11
5.33082e-11
5.63007e-11
5.89511e-11
6.11178e-11
6.26492e-11
6.33937e-11
6.32119e-11
6.19909e-11
5.96585e-11
5.61937e-11
5.16326e-11
4.60655e-11
3.96269e-11
3.24791e-11
2.47928e-11
1.67282e-11
8.42403e-12
3.49044e-33
2.91763e-16
1.97244e-13
3.84855e-13
5.63526e-13
7.3368e-13
8.95722e-13
1.05004e-12
1.19699e-12
1.33693e-12
1.4702e-12
1.59711e-12
1.71797e-12
1.83305e-12
1.94265e-12
2.04701e-12
2.1464e-12
2.24104e-12
2.33117e-12
2.41699e-12
2.49872e-12
2.57656e-12
2.65067e-12
2.72125e-12
2.78847e-12
2.85247e-12
2.91343e-12
2.97147e-12
3.02675e-12
3.07939e-12
3.12952e-12
3.17726e-12
3.22272e-12
3.72316e-12
4.27309e-12
4.87724e-12
5.54076e-12
6.26917e-12
7.06843e-12
7.94491e-12
8.90537e-12
9.95689e-12
1.11069e-11
1.23628e-11
1.37322e-11
1.52223e-11
1.68398e-11
1.85904e-11
2.04779e-11
2.25039e-11
2.46665e-11
2.69592e-11
2.93691e-11
3.18757e-11
3.44482e-11
3.70441e-11
3.96068e-11
4.20641e-11
4.43277e-11
4.62934e-11
4.78442e-11
4.88551e-11
4.92012e-11
4.87677e-11
4.74618e-11
4.5224e-11
4.20374e-11
3.79315e-11
3.29806e-11
2.72956e-11
2.1011e-11
1.42707e-11
7.21833e-12
3.2951e-33
2.07465e-16
1.4026e-13
2.73671e-13
4.00725e-13
5.21723e-13
6.36953e-13
7.4669e-13
8.51194e-13
9.50713e-13
1.04549e-12
1.13574e-12
1.22169e-12
1.30353e-12
1.38148e-12
1.4557e-12
1.52639e-12
1.5937e-12
1.6578e-12
1.71884e-12
1.77697e-12
1.83233e-12
1.88505e-12
1.93525e-12
1.98306e-12
2.02859e-12
2.07194e-12
2.11323e-12
2.15255e-12
2.19e-12
2.22566e-12
2.25961e-12
2.29195e-12
2.64797e-12
3.03924e-12
3.46918e-12
3.94146e-12
4.46007e-12
5.02933e-12
5.65385e-12
6.33856e-12
7.0887e-12
7.90971e-12
8.80727e-12
9.78713e-12
1.0855e-11
1.20162e-11
1.32758e-11
1.46378e-11
1.61046e-11
1.7677e-11
1.93525e-11
2.11249e-11
2.29831e-11
2.4909e-11
2.68768e-11
2.88506e-11
3.07831e-11
3.26145e-11
3.42715e-11
3.56686e-11
3.67094e-11
3.72918e-11
3.73138e-11
3.66822e-11
3.53226e-11
3.31881e-11
3.02673e-11
2.65873e-11
2.22127e-11
1.72396e-11
1.17864e-11
5.98818e-12
3.01172e-33
1.44161e-16
9.74656e-14
1.90172e-13
2.78461e-13
3.62542e-13
4.42616e-13
5.18873e-13
5.91494e-13
6.60653e-13
7.26514e-13
7.89234e-13
8.48962e-13
9.05843e-13
9.6001e-13
1.01159e-12
1.06072e-12
1.1075e-12
1.15205e-12
1.19447e-12
1.23487e-12
1.27335e-12
1.30999e-12
1.34488e-12
1.37811e-12
1.40975e-12
1.43989e-12
1.46859e-12
1.49591e-12
1.52194e-12
1.54673e-12
1.57033e-12
1.59281e-12
1.84029e-12
2.1123e-12
2.41123e-12
2.73966e-12
3.1004e-12
3.49646e-12
3.93112e-12
4.40788e-12
4.93045e-12
5.50277e-12
6.12893e-12
6.81317e-12
7.55972e-12
8.37277e-12
9.25623e-12
1.02136e-11
1.12474e-11
1.23592e-11
1.35488e-11
1.48135e-11
1.61475e-11
1.75409e-11
1.89782e-11
2.04375e-11
2.1889e-11
2.32935e-11
2.46018e-11
2.57541e-11
2.66808e-11
2.73042e-11
2.75424e-11
2.73142e-11
2.65466e-11
2.51828e-11
2.31892e-11
2.05621e-11
1.73304e-11
1.3555e-11
9.32557e-12
4.75812e-12
2.63616e-33
9.61314e-17
6.49945e-14
1.26815e-13
1.85691e-13
2.41761e-13
2.95159e-13
3.46011e-13
3.9444e-13
4.40559e-13
4.8448e-13
5.26307e-13
5.66139e-13
6.04072e-13
6.40196e-13
6.74597e-13
7.07358e-13
7.38557e-13
7.68268e-13
7.96562e-13
8.23507e-13
8.49167e-13
8.73603e-13
8.96875e-13
9.19036e-13
9.40142e-13
9.60241e-13
9.79381e-13
9.9761e-13
1.01497e-12
1.0315e-12
1.04724e-12
1.06224e-12
1.22731e-12
1.40876e-12
1.60819e-12
1.82733e-12
2.06807e-12
2.33243e-12
2.62264e-12
2.94105e-12
3.2902e-12
3.67277e-12
4.09158e-12
4.54957e-12
5.04973e-12
5.59504e-12
6.18838e-12
6.83241e-12
7.52933e-12
8.28071e-12
9.08711e-12
9.9477e-12
1.08597e-11
1.18178e-11
1.28133e-11
1.38334e-11
1.48598e-11
1.58683e-11
1.68273e-11
1.76976e-11
1.84319e-11
1.89757e-11
1.92687e-11
1.92481e-11
1.88532e-11
1.80307e-11
1.67416e-11
1.4967e-11
1.27127e-11
1.00121e-11
6.92707e-12
3.54799e-12
2.16386e-33
5.87899e-17
3.97486e-14
7.75562e-14
1.13563e-13
1.47853e-13
1.8051e-13
2.1161e-13
2.41228e-13
2.69434e-13
2.96296e-13
3.21876e-13
3.46238e-13
3.69437e-13
3.91531e-13
4.12571e-13
4.32608e-13
4.51689e-13
4.69861e-13
4.87166e-13
5.03646e-13
5.19341e-13
5.34287e-13
5.4852e-13
5.62075e-13
5.74984e-13
5.87278e-13
5.98985e-13
6.10134e-13
6.20752e-13
6.30864e-13
6.40494e-13
6.49665e-13
7.50635e-13
8.61634e-13
9.83639e-13
1.11771e-12
1.26502e-12
1.42681e-12
1.60444e-12
1.79939e-12
2.01321e-12
2.24759e-12
2.50428e-12
2.78514e-12
3.09205e-12
3.42693e-12
3.79167e-12
4.18805e-12
4.61761e-12
5.08158e-12
5.58063e-12
6.11467e-12
6.68254e-12
7.28159e-12
7.90726e-12
8.55252e-12
9.20721e-12
9.85734e-12
1.04845e-11
1.10651e-11
1.15702e-11
1.19655e-11
1.22119e-11
1.2267e-11
1.20879e-11
1.16346e-11
1.08739e-11
9.78507e-12
8.36336e-12
6.62396e-12
4.60419e-12
2.36575e-12
1.58447e-33
2.81286e-17
1.90183e-14
3.71079e-14
5.43358e-14
7.07428e-14
8.6368e-14
1.01249e-13
1.1542e-13
1.28916e-13
1.41768e-13
1.54008e-13
1.65664e-13
1.76765e-13
1.87336e-13
1.97403e-13
2.06991e-13
2.16121e-13
2.24816e-13
2.33096e-13
2.40982e-13
2.48491e-13
2.55643e-13
2.62454e-13
2.6894e-13
2.75117e-13
2.80999e-13
2.86601e-13
2.91936e-13
2.97017e-13
3.01856e-13
3.06464e-13
3.10852e-13
3.59168e-13
4.12286e-13
4.70673e-13
5.3484e-13
6.05344e-13
6.82788e-13
7.67827e-13
8.61167e-13
9.63564e-13
1.07583e-12
1.19881e-12
1.33342e-12
1.48058e-12
1.64123e-12
1.81631e-12
2.00672e-12
2.21326e-12
2.4366e-12
2.67716e-12
2.93503e-12
3.20981e-12
3.50044e-12
3.80496e-12
4.12029e-12
4.44186e-12
4.76331e-12
5.07609e-12
5.36915e-12
5.6287e-12
5.83806e-12
5.97792e-12
6.02688e-12
5.96256e-12
5.76328e-12
5.41021e-12
4.89e-12
4.1973e-12
3.33719e-12
2.32702e-12
1.19832e-12
8.71845e-34
8.3108e-42
1.09421e-40
3.59887e-40
7.23091e-40
1.16186e-39
1.64649e-39
2.15351e-39
2.66459e-39
3.16566e-39
3.64613e-39
4.09829e-39
4.51674e-39
4.89793e-39
5.23986e-39
5.54166e-39
5.80344e-39
6.02599e-39
6.21066e-39
6.35918e-39
6.47357e-39
6.55604e-39
6.60888e-39
6.63445e-39
6.6351e-39
6.61313e-39
6.57079e-39
6.51024e-39
6.43353e-39
6.34259e-39
6.23925e-39
6.1252e-39
4.0566e-38
9.6144e-38
1.39293e-37
1.99641e-37
2.83534e-37
3.99554e-37
5.59274e-37
7.7828e-37
1.07751e-36
1.48506e-36
2.03851e-36
2.78809e-36
3.80075e-36
5.16553e-36
7.00057e-36
9.46212e-36
1.27562e-35
1.71534e-35
2.30073e-35
3.07778e-35
4.10586e-35
5.46098e-35
7.23955e-35
9.56217e-35
1.25773e-34
1.64641e-34
2.1432e-34
2.77174e-34
3.55709e-34
4.52346e-34
5.69011e-34
7.06498e-34
8.63538e-34
1.03553e-33
1.21292e-33
1.37933e-33
1.50953e-33
1.56762e-33
1.50577e-33
1.26437e-33
7.7495e-34
3.03101e-34
