-2.72497e-40
-3.58772e-39
-1.18e-38
-2.37089e-38
-3.80953e-38
-5.39855e-38
-7.06097e-38
-8.7367e-38
-1.03796e-37
-1.1955e-37
-1.34375e-37
-1.48095e-37
-1.60594e-37
-1.71805e-37
-1.817e-37
-1.90283e-37
-1.9758e-37
-2.03635e-37
-2.08505e-37
-2.12255e-37
-2.14959e-37
-2.16692e-37
-2.1753e-37
-2.17551e-37
-2.16831e-37
-2.15442e-37
-2.13457e-37
-2.10941e-37
-2.0796e-37
-2.04571e-37
-2.00832e-37
-1.33007e-36
-3.15233e-36
-4.56705e-36
-6.54565e-36
-9.29618e-36
-1.30999e-35
-1.83363e-35
-2.55161e-35
-3.53256e-35
-4.86853e-35
-6.6827e-35
-9.13959e-35
-1.24585e-34
-1.6931e-34
-2.29438e-34
-3.10083e-34
-4.17984e-34
-5.61985e-34
-7.53642e-34
-1.00796e-33
-1.34431e-33
-1.78745e-33
-2.36872e-33
-3.12728e-33
-4.11122e-33
-5.37835e-33
-6.99611e-33
-9.04008e-33
-1.15899e-32
-1.47217e-32
-1.84942e-32
-2.2929e-32
-2.79797e-32
-3.34924e-32
-3.9155e-32
-4.44388e-32
-4.85369e-32
-5.03082e-32
-4.82398e-32
-4.04486e-32
-2.47679e-32
-4.56339e-33
2.84836e-17
1.92583e-14
3.75761e-14
5.50214e-14
7.16354e-14
8.74578e-14
1.02526e-13
1.16876e-13
1.30542e-13
1.43557e-13
1.55951e-13
1.67754e-13
1.78995e-13
1.897e-13
1.99894e-13
2.09602e-13
2.18848e-13
2.27652e-13
2.36037e-13
2.44022e-13
2.51627e-13
2.58869e-13
2.65765e-13
2.72333e-13
2.78588e-13
2.84545e-13
2.90217e-13
2.9562e-13
3.00765e-13
3.05664e-13
3.1033e-13
3.14774e-13
3.637e-13
4.17487e-13
4.7661e-13
5.41586e-13
6.12978e-13
6.91398e-13
7.77507e-13
8.72021e-13
9.75705e-13
1.08938e-12
1.21391e-12
1.3502e-12
1.4992e-12
1.66185e-12
1.83911e-12
2.03188e-12
2.24097e-12
2.46705e-12
2.71055e-12
2.97154e-12
3.24961e-12
3.54367e-12
3.85174e-12
4.17067e-12
4.49581e-12
4.82071e-12
5.13669e-12
5.43254e-12
5.69429e-12
5.90505e-12
6.0453e-12
6.09342e-12
6.02687e-12
5.82382e-12
5.46544e-12
4.93841e-12
4.23757e-12
3.36826e-12
2.34812e-12
1.20898e-12
-2.64494e-32
5.95522e-17
4.02639e-14
7.85618e-14
1.15035e-13
1.49771e-13
1.82851e-13
2.14354e-13
2.44356e-13
2.72928e-13
3.00137e-13
3.2605e-13
3.50727e-13
3.74227e-13
3.96607e-13
4.1792e-13
4.38216e-13
4.57545e-13
4.75952e-13
4.93482e-13
5.10176e-13
5.26074e-13
5.41214e-13
5.55632e-13
5.69362e-13
5.82439e-13
5.94891e-13
6.0675e-13
6.18044e-13
6.288e-13
6.39043e-13
6.48797e-13
6.58087e-13
7.60365e-13
8.72803e-13
9.96388e-13
1.1322e-12
1.28141e-12
1.44529e-12
1.62523e-12
1.82269e-12
2.03927e-12
2.27667e-12
2.53667e-12
2.82113e-12
3.13197e-12
3.47114e-12
3.84053e-12
4.24194e-12
4.67693e-12
5.14672e-12
5.65199e-12
6.19262e-12
6.7674e-12
7.37364e-12
8.00669e-12
8.65937e-12
9.32135e-12
9.97842e-12
1.06119e-11
1.11978e-11
1.17069e-11
1.21043e-11
1.23506e-11
1.24031e-11
1.22185e-11
1.17566e-11
1.09843e-11
9.88107e-12
8.44261e-12
6.68466e-12
4.64517e-12
2.38637e-12
-4.80988e-32
9.74298e-17
6.58724e-14
1.28528e-13
1.88199e-13
2.45026e-13
2.99145e-13
3.50684e-13
3.99767e-13
4.46509e-13
4.91023e-13
5.33415e-13
5.73785e-13
6.1223e-13
6.48842e-13
6.83708e-13
7.16911e-13
7.48531e-13
7.78643e-13
8.07319e-13
8.34628e-13
8.60634e-13
8.85401e-13
9.08986e-13
9.31447e-13
9.52837e-13
9.73207e-13
9.92607e-13
1.01108e-12
1.02867e-12
1.04543e-12
1.06139e-12
1.07658e-12
1.24388e-12
1.42778e-12
1.6299e-12
1.852e-12
2.09597e-12
2.3639e-12
2.65801e-12
2.9807e-12
3.33454e-12
3.72224e-12
4.14666e-12
4.61077e-12
5.11759e-12
5.67013e-12
6.27132e-12
6.92381e-12
7.62985e-12
8.39097e-12
9.20773e-12
1.00792e-11
1.10026e-11
1.19725e-11
1.29799e-11
1.40118e-11
1.50497e-11
1.60687e-11
1.7037e-11
1.79147e-11
1.86539e-11
1.91993e-11
1.94902e-11
1.94632e-11
1.90572e-11
1.82192e-11
1.69101e-11
1.51117e-11
1.28308e-11
1.01017e-11
6.98701e-12
3.57798e-12
-6.57481e-32
1.46213e-16
9.88523e-14
1.92877e-13
2.82422e-13
3.677e-13
4.48913e-13
5.26255e-13
5.9991e-13
6.70052e-13
7.3685e-13
8.00462e-13
8.6104e-13
9.18729e-13
9.73667e-13
1.02598e-12
1.07581e-12
1.12325e-12
1.16844e-12
1.21146e-12
1.25244e-12
1.29146e-12
1.32862e-12
1.36401e-12
1.39771e-12
1.4298e-12
1.46037e-12
1.48947e-12
1.51719e-12
1.54359e-12
1.56873e-12
1.59267e-12
1.61547e-12
1.86646e-12
2.14234e-12
2.44552e-12
2.77861e-12
3.14446e-12
3.54614e-12
3.98696e-12
4.47046e-12
5.00041e-12
5.5808e-12
6.21577e-12
6.9096e-12
7.66658e-12
8.49094e-12
9.38664e-12
1.03571e-11
1.14051e-11
1.25319e-11
1.37374e-11
1.50187e-11
1.63699e-11
1.77807e-11
1.92355e-11
2.07119e-11
2.21793e-11
2.35981e-11
2.49182e-11
2.60789e-11
2.70096e-11
2.7632e-11
2.78631e-11
2.76215e-11
2.68341e-11
2.54443e-11
2.34195e-11
2.07571e-11
1.74873e-11
1.36724e-11
9.40337e-12
4.79677e-12
-8.01893e-32
2.10604e-16
1.42383e-13
2.77812e-13
4.06788e-13
5.29617e-13
6.46591e-13
7.57988e-13
8.64072e-13
9.65098e-13
1.0613e-12
1.15292e-12
1.24017e-12
1.32326e-12
1.40238e-12
1.47773e-12
1.54948e-12
1.61781e-12
1.68288e-12
1.74484e-12
1.80385e-12
1.86005e-12
1.91356e-12
1.96452e-12
2.01306e-12
2.05927e-12
2.10328e-12
2.1452e-12
2.18511e-12
2.22312e-12
2.25932e-12
2.29379e-12
2.32662e-12
2.68802e-12
3.0852e-12
3.52163e-12
4.00103e-12
4.52747e-12
5.1053e-12
5.73921e-12
6.43421e-12
7.19558e-12
8.02888e-12
8.93982e-12
9.93423e-12
1.10179e-11
1.21962e-11
1.34742e-11
1.48559e-11
1.63438e-11
1.79383e-11
1.96372e-11
2.14338e-11
2.33167e-11
2.52674e-11
2.72594e-11
2.92561e-11
3.12094e-11
3.30581e-11
3.47281e-11
3.61323e-11
3.71734e-11
3.77481e-11
3.77538e-11
3.70973e-11
3.57044e-11
3.35295e-11
3.05626e-11
2.6833e-11
2.24073e-11
1.73832e-11
1.18805e-11
6.03456e-12
-9.17266e-32
2.96496e-16
2.00444e-13
3.91098e-13
5.72667e-13
7.45581e-13
9.10251e-13
1.06707e-12
1.21641e-12
1.35862e-12
1.49405e-12
1.62302e-12
1.74583e-12
1.86278e-12
1.97415e-12
2.08021e-12
2.18121e-12
2.27739e-12
2.36897e-12
2.45619e-12
2.53925e-12
2.61834e-12
2.69366e-12
2.76538e-12
2.83368e-12
2.89873e-12
2.96067e-12
3.01965e-12
3.07583e-12
3.12932e-12
3.18026e-12
3.22877e-12
3.27497e-12
3.78352e-12
4.34235e-12
4.95628e-12
5.63051e-12
6.37068e-12
7.18284e-12
8.07343e-12
9.04932e-12
1.01177e-11
1.1286e-11
1.2562e-11
1.39531e-11
1.54667e-11
1.71095e-11
1.88872e-11
2.08036e-11
2.28603e-11
2.50551e-11
2.73812e-11
2.98253e-11
3.23662e-11
3.49725e-11
3.76004e-11
4.01923e-11
4.26744e-11
4.49567e-11
4.69336e-11
4.84863e-11
4.94885e-11
4.98144e-11
4.93491e-11
4.80003e-11
4.571e-11
4.24636e-11
3.82932e-11
3.32761e-11
2.75256e-11
2.11782e-11
1.4379e-11
7.27127e-12
-1.00485e-31
4.11579e-16
2.78232e-13
5.42874e-13
7.94904e-13
1.03492e-12
1.26349e-12
1.48115e-12
1.68843e-12
1.88582e-12
2.07379e-12
2.25279e-12
2.42324e-12
2.58556e-12
2.74013e-12
2.88732e-12
3.02749e-12
3.16096e-12
3.28806e-12
3.40909e-12
3.52435e-12
3.6341e-12
3.73862e-12
3.83815e-12
3.93292e-12
4.02318e-12
4.10912e-12
4.19097e-12
4.26891e-12
4.34313e-12
4.41381e-12
4.48112e-12
4.54522e-12
5.25074e-12
6.02588e-12
6.87726e-12
7.81201e-12
8.83781e-12
9.96287e-12
1.11959e-11
1.25462e-11
1.40231e-11
1.56367e-11
1.73965e-11
1.93123e-11
2.13928e-11
2.36455e-11
2.60762e-11
2.86874e-11
3.14775e-11
3.44391e-11
3.75571e-11
4.08066e-11
4.41505e-11
4.75367e-11
5.08959e-11
5.41393e-11
5.71584e-11
5.9825e-11
6.19955e-11
6.35166e-11
6.42354e-11
6.40124e-11
6.27354e-11
6.03343e-11
5.67912e-11
5.21458e-11
4.64923e-11
3.99689e-11
3.27407e-11
2.49802e-11
1.6848e-11
8.48217e-12
-1.06575e-31
5.66031e-16
3.82621e-13
7.46552e-13
1.09314e-12
1.42319e-12
1.73751e-12
2.03682e-12
2.32185e-12
2.59327e-12
2.85174e-12
3.09786e-12
3.33224e-12
3.55541e-12
3.76793e-12
3.9703e-12
4.16301e-12
4.34651e-12
4.52125e-12
4.68764e-12
4.84608e-12
4.99696e-12
5.14064e-12
5.27745e-12
5.40773e-12
5.53179e-12
5.64993e-12
5.76243e-12
5.86956e-12
5.97158e-12
6.06872e-12
6.16124e-12
6.24933e-12
7.2189e-12
8.28392e-12
9.45336e-12
1.07369e-11
1.21448e-11
1.36881e-11
1.53784e-11
1.72278e-11
1.92488e-11
2.14537e-11
2.38549e-11
2.64637e-11
2.92901e-11
3.23417e-11
3.56225e-11
3.91315e-11
4.28606e-11
4.67924e-11
5.08979e-11
5.51327e-11
5.94345e-11
6.37201e-11
6.78824e-11
7.17902e-11
7.52886e-11
7.82034e-11
8.03491e-11
8.15406e-11
8.16092e-11
8.04201e-11
7.78895e-11
7.3998e-11
6.87968e-11
6.24037e-11
5.49909e-11
4.67637e-11
3.79359e-11
2.87059e-11
1.92361e-11
9.64307e-12
-1.10167e-31
7.73838e-16
5.23056e-13
1.02056e-12
1.49434e-12
1.94553e-12
2.37518e-12
2.78433e-12
3.17394e-12
3.54495e-12
3.89823e-12
4.23464e-12
4.55497e-12
4.86e-12
5.15045e-12
5.42702e-12
5.69037e-12
5.94114e-12
6.17992e-12
6.4073e-12
6.62381e-12
6.82997e-12
7.02629e-12
7.21323e-12
7.39123e-12
7.56074e-12
7.72214e-12
7.87584e-12
8.0222e-12
8.16157e-12
8.29429e-12
8.42066e-12
8.54101e-12
9.86533e-12
1.13196e-11
1.2916e-11
1.46673e-11
1.65873e-11
1.86905e-11
2.09921e-11
2.35078e-11
2.62532e-11
2.92438e-11
3.24943e-11
3.60174e-11
3.98231e-11
4.39171e-11
4.82989e-11
5.29598e-11
5.78795e-11
6.30234e-11
6.83387e-11
7.37504e-11
7.9158e-11
8.44323e-11
8.94141e-11
9.3916e-11
9.77267e-11
1.00621e-10
1.02376e-10
1.02788e-10
1.01694e-10
9.8995e-11
9.46717e-11
8.87903e-11
8.14996e-11
7.3015e-11
6.35935e-11
5.35036e-11
4.2996e-11
3.22785e-11
2.14981e-11
1.07337e-11
-1.11506e-31
1.05136e-15
7.1058e-13
1.38644e-12
2.03007e-12
2.643e-12
3.22666e-12
3.78245e-12
4.31169e-12
4.81564e-12
5.2955e-12
5.75243e-12
6.18751e-12
6.60178e-12
6.99625e-12
7.37185e-12
7.72949e-12
8.07003e-12
8.39429e-12
8.70304e-12
8.99703e-12
9.27696e-12
9.54351e-12
9.79731e-12
1.0039e-11
1.02691e-11
1.04882e-11
1.06969e-11
1.08956e-11
1.10848e-11
1.12649e-11
1.14365e-11
1.15998e-11
1.33971e-11
1.53702e-11
1.75351e-11
1.9909e-11
2.25098e-11
2.53566e-11
2.84688e-11
3.18661e-11
3.55682e-11
3.95933e-11
4.39579e-11
4.8675e-11
5.37526e-11
5.9191e-11
6.49808e-11
7.10985e-11
7.75032e-11
8.41318e-11
9.08943e-11
9.76693e-11
1.043e-10
1.10594e-10
1.16323e-10
1.2123e-10
1.2504e-10
1.27483e-10
1.2831e-10
1.27325e-10
1.24411e-10
1.19548e-10
1.12822e-10
1.04422e-10
9.46178e-11
8.37313e-11
7.20997e-11
6.004e-11
4.78197e-11
3.5635e-11
2.35993e-11
1.17391e-11
-6.09516e-32
1.07645e-15
7.27534e-13
1.41952e-12
2.07851e-12
2.70605e-12
3.30364e-12
3.87269e-12
4.41455e-12
4.93052e-12
5.42182e-12
5.88964e-12
6.3351e-12
6.75925e-12
7.16312e-12
7.54767e-12
7.91384e-12
8.26249e-12
8.59447e-12
8.91057e-12
9.21156e-12
9.49816e-12
9.77106e-12
1.00309e-11
1.02783e-11
1.05139e-11
1.07383e-11
1.09519e-11
1.11553e-11
1.1349e-11
1.15334e-11
1.17091e-11
1.18763e-11
1.37164e-11
1.57363e-11
1.79526e-11
2.03826e-11
2.30449e-11
2.59587e-11
2.91439e-11
3.26207e-11
3.64088e-11
4.05269e-11
4.49914e-11
4.98154e-11
5.50065e-11
6.05646e-11
6.64792e-11
7.27253e-11
7.92601e-11
8.60176e-11
9.29042e-11
9.97941e-11
1.06526e-10
1.129e-10
1.18683e-10
1.23611e-10
1.27405e-10
1.2979e-10
1.30518e-10
1.29394e-10
1.26306e-10
1.21243e-10
1.14301e-10
1.05681e-10
9.56614e-11
8.45739e-11
7.27611e-11
6.05432e-11
4.81878e-11
3.58892e-11
2.37575e-11
1.18146e-11
-7.90999e-33
1.41478e-15
9.56116e-13
1.86551e-12
2.73153e-12
3.55621e-12
4.3415e-12
5.08928e-12
5.80131e-12
6.4793e-12
7.12486e-12
7.73954e-12
8.32481e-12
8.88207e-12
9.41267e-12
9.91788e-12
1.03989e-11
1.08569e-11
1.1293e-11
1.17082e-11
1.21036e-11
1.248e-11
1.28384e-11
1.31797e-11
1.35047e-11
1.38141e-11
1.41087e-11
1.43892e-11
1.46564e-11
1.49107e-11
1.51529e-11
1.53835e-11
1.56031e-11
1.80188e-11
2.06698e-11
2.35771e-11
2.67632e-11
3.02514e-11
3.4066e-11
3.82316e-11
4.27727e-11
4.77124e-11
5.30718e-11
5.8868e-11
6.51121e-11
7.18064e-11
7.89413e-11
8.64906e-11
9.44071e-11
1.02617e-10
1.11014e-10
1.19452e-10
1.27744e-10
1.35657e-10
1.42913e-10
1.49199e-10
1.54179e-10
1.57517e-10
1.58906e-10
1.58106e-10
1.54968e-10
1.49471e-10
1.41724e-10
1.31965e-10
1.20536e-10
1.0784e-10
9.43025e-11
8.0324e-11
6.6246e-11
5.23272e-11
3.87301e-11
2.55169e-11
1.26506e-11
-7.34504e-33
1.89326e-15
1.27933e-12
2.49613e-12
3.65487e-12
4.75828e-12
5.80897e-12
6.80942e-12
7.76202e-12
8.66904e-12
9.53264e-12
1.03549e-11
1.11378e-11
1.18832e-11
1.25929e-11
1.32686e-11
1.39119e-11
1.45244e-11
1.51076e-11
1.56628e-11
1.61915e-11
1.66948e-11
1.71741e-11
1.76303e-11
1.80648e-11
1.84784e-11
1.88723e-11
1.92473e-11
1.96044e-11
1.99444e-11
2.02681e-11
2.05763e-11
2.08698e-11
2.40978e-11
2.76387e-11
3.15199e-11
3.57703e-11
4.04198e-11
4.54988e-11
5.10379e-11
5.70661e-11
6.36102e-11
7.06923e-11
7.83276e-11
8.65211e-11
9.52635e-11
1.04526e-10
1.14255e-10
1.24364e-10
1.34728e-10
1.45175e-10
1.55481e-10
1.65365e-10
1.74493e-10
1.82482e-10
1.88923e-10
1.934e-10
1.95533e-10
1.95018e-10
1.91668e-10
1.85447e-10
1.76489e-10
1.6509e-10
1.51675e-10
1.36754e-10
1.2086e-10
1.04501e-10
8.81109e-11
7.20241e-11
5.64634e-11
4.15365e-11
2.72398e-11
1.34645e-11
-7.41863e-33
2.51421e-15
1.6987e-12
3.31437e-12
4.85291e-12
6.31796e-12
7.71295e-12
9.0412e-12
1.03059e-11
1.151e-11
1.26564e-11
1.37479e-11
1.4787e-11
1.57764e-11
1.67183e-11
1.7615e-11
1.84688e-11
1.92816e-11
2.00554e-11
2.07922e-11
2.14936e-11
2.21614e-11
2.27972e-11
2.34025e-11
2.39788e-11
2.45275e-11
2.50499e-11
2.55473e-11
2.60209e-11
2.64718e-11
2.69011e-11
2.73098e-11
2.76991e-11
3.19787e-11
3.66707e-11
4.18105e-11
4.74347e-11
5.35808e-11
6.02864e-11
6.75881e-11
7.55193e-11
8.41088e-11
9.33771e-11
1.03333e-10
1.13969e-10
1.25254e-10
1.37127e-10
1.49491e-10
1.622e-10
1.75053e-10
1.87784e-10
2.0006e-10
2.11479e-10
2.21582e-10
2.29866e-10
2.35822e-10
2.38976e-10
2.3894e-10
2.35467e-10
2.28498e-10
2.18179e-10
2.04866e-10
1.89084e-10
1.71468e-10
1.52692e-10
1.33396e-10
1.14136e-10
9.53413e-11
7.73084e-11
6.01974e-11
4.4043e-11
2.87662e-11
1.41819e-11
-4.31296e-33
2.64549e-15
1.78735e-12
3.48733e-12
5.10616e-12
6.64764e-12
8.11541e-12
9.51294e-12
1.08436e-11
1.21105e-11
1.33166e-11
1.4465e-11
1.55583e-11
1.65992e-11
1.75902e-11
1.85336e-11
1.94318e-11
2.0287e-11
2.11011e-11
2.18762e-11
2.26141e-11
2.33166e-11
2.39854e-11
2.46222e-11
2.52285e-11
2.58057e-11
2.63553e-11
2.68785e-11
2.73767e-11
2.7851e-11
2.83026e-11
2.87326e-11
2.9142e-11
3.36436e-11
3.85786e-11
4.39837e-11
4.98973e-11
5.63585e-11
6.34061e-11
7.10778e-11
7.94078e-11
8.84248e-11
9.81488e-11
1.08587e-10
1.19727e-10
1.31535e-10
1.43941e-10
1.56837e-10
1.70064e-10
1.83404e-10
1.96571e-10
2.09208e-10
2.20888e-10
2.31125e-10
2.39396e-10
2.45174e-10
2.47977e-10
2.47422e-10
2.43281e-10
2.35526e-10
2.24347e-10
2.10145e-10
1.9349e-10
1.75056e-10
1.55546e-10
1.35616e-10
1.15823e-10
9.65957e-11
7.82175e-11
6.08352e-11
4.44687e-11
2.90243e-11
1.43028e-11
-1.40012e-33
3.31679e-15
2.24062e-12
4.37168e-12
6.40098e-12
8.33328e-12
1.01731e-11
1.19249e-11
1.35927e-11
1.51805e-11
1.66922e-11
1.81314e-11
1.95015e-11
2.08059e-11
2.20476e-11
2.32298e-11
2.43551e-11
2.54265e-11
2.64464e-11
2.74174e-11
2.83417e-11
2.92217e-11
3.00595e-11
3.08571e-11
3.16164e-11
3.23393e-11
3.30275e-11
3.36827e-11
3.43066e-11
3.49005e-11
3.5466e-11
3.60043e-11
3.65169e-11
4.21518e-11
4.8326e-11
5.50844e-11
6.24728e-11
7.05376e-11
7.93239e-11
8.88737e-11
9.92238e-11
1.10402e-10
1.22422e-10
1.35278e-10
1.4894e-10
1.6334e-10
1.78369e-10
1.93858e-10
2.09574e-10
2.25208e-10
2.40366e-10
2.5457e-10
2.67268e-10
2.77854e-10
2.85703e-10
2.90226e-10
2.9093e-10
2.87487e-10
2.79792e-10
2.67996e-10
2.52511e-10
2.33967e-10
2.13147e-10
1.90893e-10
1.68015e-10
1.4522e-10
1.23065e-10
1.01939e-10
8.20649e-11
6.35199e-11
4.62527e-11
3.01022e-11
1.48069e-11
-1.63678e-33
4.36207e-15
2.94622e-12
5.74833e-12
8.41658e-12
1.09572e-11
1.33761e-11
1.56791e-11
1.78717e-11
1.9959e-11
2.19461e-11
2.38377e-11
2.56384e-11
2.73526e-11
2.89843e-11
3.05376e-11
3.20163e-11
3.34238e-11
3.47637e-11
3.60391e-11
3.72533e-11
3.84091e-11
3.95094e-11
4.05568e-11
4.15539e-11
4.25031e-11
4.34067e-11
4.4267e-11
4.5086e-11
4.58657e-11
4.6608e-11
4.73146e-11
4.79875e-11
5.53809e-11
6.34766e-11
7.23303e-11
8.19987e-11
9.25375e-11
1.03999e-10
1.1643e-10
1.29867e-10
1.4433e-10
1.59818e-10
1.76299e-10
1.93701e-10
2.11899e-10
2.30702e-10
2.49841e-10
2.68953e-10
2.87577e-10
3.05147e-10
3.21003e-10
3.34415e-10
3.44622e-10
3.50897e-10
3.52619e-10
3.49357e-10
3.40943e-10
3.27522e-10
3.0956e-10
2.87803e-10
2.63198e-10
2.36782e-10
2.0957e-10
1.8246e-10
1.56167e-10
1.31201e-10
1.07866e-10
8.6287e-11
6.64395e-11
4.81786e-11
3.12596e-11
1.53462e-11
-1.71039e-33
5.71536e-15
3.85943e-12
7.53004e-12
1.10252e-11
1.4353e-11
1.75213e-11
2.05376e-11
2.34089e-11
2.61423e-11
2.87443e-11
3.1221e-11
3.35785e-11
3.58225e-11
3.79585e-11
3.99916e-11
4.19268e-11
4.37688e-11
4.55221e-11
4.71909e-11
4.87794e-11
5.02915e-11
5.17308e-11
5.31008e-11
5.44049e-11
5.56463e-11
5.6828e-11
5.79529e-11
5.90237e-11
6.00431e-11
6.10135e-11
6.19373e-11
6.28168e-11
7.24776e-11
8.30472e-11
9.45946e-11
1.07188e-10
1.20893e-10
1.35767e-10
1.51857e-10
1.69195e-10
1.87783e-10
2.0759e-10
2.2854e-10
2.50493e-10
2.73231e-10
2.96446e-10
3.19717e-10
3.42503e-10
3.64139e-10
3.83838e-10
4.00726e-10
4.13881e-10
4.22408e-10
4.25529e-10
4.22682e-10
4.13615e-10
3.98452e-10
3.7771e-10
3.52259e-10
3.23231e-10
2.91888e-10
2.59489e-10
2.2716e-10
1.95819e-10
1.66128e-10
1.38499e-10
1.13117e-10
8.99882e-11
6.89766e-11
4.98405e-11
3.22532e-11
1.58075e-11
-1.6037e-33
7.4584e-15
5.03521e-12
9.82397e-12
1.43837e-11
1.87249e-11
2.28577e-11
2.6792e-11
3.0537e-11
3.41017e-11
3.74947e-11
4.07241e-11
4.37978e-11
4.67233e-11
4.95076e-11
5.21575e-11
5.46795e-11
5.70799e-11
5.93644e-11
6.15387e-11
6.36081e-11
6.55777e-11
6.74524e-11
6.92367e-11
7.09349e-11
7.25514e-11
7.409e-11
7.55545e-11
7.69485e-11
7.82754e-11
7.95386e-11
8.07409e-11
8.18855e-11
9.44524e-11
1.08188e-10
1.23176e-10
1.39497e-10
1.57224e-10
1.76417e-10
1.97118e-10
2.1934e-10
2.43053e-10
2.68177e-10
2.94558e-10
3.21952e-10
3.50005e-10
3.78233e-10
4.06008e-10
4.32546e-10
4.5692e-10
4.78084e-10
4.94923e-10
5.06344e-10
5.11373e-10
5.09283e-10
4.9971e-10
4.82735e-10
4.5892e-10
4.29269e-10
3.9512e-10
3.57998e-10
3.19444e-10
2.80863e-10
2.43417e-10
2.07963e-10
1.75052e-10
1.44954e-10
1.17712e-10
9.31976e-11
7.116e-11
5.12622e-11
3.30993e-11
1.61994e-11
-1.49569e-33
9.69369e-15
6.54238e-12
1.27644e-11
1.86885e-11
2.43285e-11
2.96974e-11
3.48079e-11
3.96722e-11
4.43018e-11
4.8708e-11
5.29013e-11
5.68919e-11
6.06896e-11
6.43037e-11
6.77429e-11
7.10159e-11
7.41305e-11
7.70944e-11
7.99151e-11
8.25993e-11
8.51538e-11
8.75849e-11
8.98985e-11
9.21004e-11
9.4196e-11
9.61905e-11
9.80887e-11
9.98954e-11
1.01615e-10
1.03252e-10
1.0481e-10
1.06292e-10
1.22565e-10
1.40331e-10
1.5969e-10
1.80732e-10
2.03535e-10
2.28156e-10
2.54617e-10
2.82898e-10
3.12914e-10
3.44498e-10
3.7738e-10
4.11158e-10
4.4528e-10
4.79017e-10
5.11457e-10
5.41507e-10
5.67921e-10
5.89362e-10
6.04492e-10
6.12099e-10
6.11247e-10
6.01419e-10
5.82628e-10
5.55471e-10
5.21089e-10
4.81057e-10
4.37201e-10
3.91397e-10
3.4538e-10
3.00609e-10
2.58184e-10
2.18833e-10
1.82937e-10
1.50595e-10
1.2169e-10
9.59541e-11
7.30234e-11
5.24694e-11
3.38151e-11
1.653e-11
-1.38877e-33
1.2548e-14
8.46598e-12
1.65172e-11
2.41826e-11
3.14798e-11
3.84258e-11
4.50369e-11
5.13288e-11
5.73165e-11
6.30145e-11
6.84366e-11
7.35959e-11
7.85052e-11
8.31765e-11
8.76212e-11
9.18503e-11
9.58743e-11
9.97033e-11
1.03347e-10
1.06813e-10
1.10112e-10
1.13251e-10
1.16238e-10
1.1908e-10
1.21784e-10
1.24358e-10
1.26808e-10
1.29139e-10
1.31357e-10
1.33468e-10
1.35478e-10
1.3739e-10
1.58364e-10
1.81233e-10
2.0611e-10
2.33096e-10
2.62263e-10
2.93653e-10
3.27252e-10
3.62978e-10
4.00654e-10
4.39981e-10
4.80512e-10
5.21618e-10
5.62464e-10
6.01992e-10
6.38921e-10
6.71777e-10
6.98956e-10
7.18828e-10
7.29891e-10
7.30942e-10
7.2126e-10
7.0075e-10
6.70024e-10
6.3037e-10
5.83624e-10
5.31965e-10
4.77663e-10
4.2285e-10
3.69344e-10
3.18543e-10
2.71394e-10
2.28428e-10
1.89819e-10
1.55472e-10
1.25101e-10
9.8302e-11
7.46019e-11
5.34876e-11
3.44169e-11
1.68074e-11
-1.28473e-33
1.61764e-14
1.09098e-11
2.12847e-11
3.1162e-11
4.05642e-11
4.9513e-11
5.80294e-11
6.61337e-11
7.38452e-11
8.11825e-11
8.81636e-11
9.48054e-11
1.01124e-10
1.07136e-10
1.12855e-10
1.18296e-10
1.23472e-10
1.28397e-10
1.33082e-10
1.37539e-10
1.4178e-10
1.45814e-10
1.49653e-10
1.53305e-10
1.5678e-10
1.60087e-10
1.63233e-10
1.66227e-10
1.69075e-10
1.71786e-10
1.74366e-10
1.76821e-10
2.03726e-10
2.33018e-10
2.64823e-10
2.99239e-10
3.36328e-10
3.76091e-10
4.18452e-10
4.63228e-10
5.10097e-10
5.58562e-10
6.07918e-10
6.57214e-10
7.05233e-10
7.50483e-10
7.91227e-10
8.25551e-10
8.51478e-10
8.67145e-10
8.71013e-10
8.62088e-10
8.40114e-10
8.05683e-10
7.60226e-10
7.05875e-10
6.45216e-10
5.80992e-10
5.15813e-10
4.51933e-10
3.91115e-10
3.34582e-10
2.83049e-10
2.36796e-10
1.95762e-10
1.59648e-10
1.28002e-10
1.00287e-10
7.59306e-11
5.43416e-11
3.49203e-11
1.70391e-11
-1.18483e-33
2.07652e-14
1.39985e-11
2.73103e-11
3.99827e-11
5.20446e-11
6.35237e-11
7.44468e-11
8.48399e-11
9.47279e-11
1.04135e-10
1.13083e-10
1.21595e-10
1.29692e-10
1.37394e-10
1.4472e-10
1.51688e-10
1.58317e-10
1.64621e-10
1.70618e-10
1.76322e-10
1.81749e-10
1.8691e-10
1.91821e-10
1.96492e-10
2.00935e-10
2.05163e-10
2.09185e-10
2.13011e-10
2.16652e-10
2.20116e-10
2.23412e-10
2.26549e-10
2.60891e-10
2.98218e-10
3.38658e-10
3.82299e-10
4.29166e-10
4.79196e-10
5.32205e-10
5.87851e-10
6.45596e-10
7.04655e-10
7.63956e-10
8.22111e-10
8.77397e-10
9.27779e-10
9.70984e-10
1.00462e-09
1.02639e-09
1.03433e-09
1.02708e-09
1.00413e-09
9.6602e-10
9.14296e-10
8.51414e-10
7.80435e-10
7.04668e-10
6.27305e-10
5.51138e-10
4.78379e-10
4.10594e-10
3.48732e-10
2.93208e-10
2.44014e-10
2.00844e-10
1.63194e-10
1.3045e-10
1.01956e-10
7.70427e-11
5.50542e-11
3.53394e-11
1.72317e-11
-1.08991e-33
2.65356e-14
1.78797e-11
3.48816e-11
5.10659e-11
6.64689e-11
8.1126e-11
9.50713e-11
1.08338e-10
1.20958e-10
1.32961e-10
1.44378e-10
1.55236e-10
1.65562e-10
1.75382e-10
1.84721e-10
1.93603e-10
2.02049e-10
2.10081e-10
2.1772e-10
2.24985e-10
2.31894e-10
2.38465e-10
2.44715e-10
2.50659e-10
2.56313e-10
2.61691e-10
2.66807e-10
2.71673e-10
2.76302e-10
2.80706e-10
2.84896e-10
2.88882e-10
3.32489e-10
3.79793e-10
4.30916e-10
4.85916e-10
5.44749e-10
6.07242e-10
6.73044e-10
7.41576e-10
8.11982e-10
8.8307e-10
9.53271e-10
1.02061e-09
1.08273e-09
1.13694e-09
1.18037e-09
1.21019e-09
1.22389e-09
1.21964e-09
1.19659e-09
1.15508e-09
1.09678e-09
1.02447e-09
9.41755e-10
8.52619e-10
7.60973e-10
6.70278e-10
5.83309e-10
5.02064e-10
4.27787e-10
3.61065e-10
3.01967e-10
2.50183e-10
2.05156e-10
1.66184e-10
1.32505e-10
1.03349e-10
7.79687e-11
5.56461e-11
3.56869e-11
1.73912e-11
-1.00047e-33
3.37449e-14
2.27248e-11
4.4333e-11
6.49004e-11
8.44729e-11
1.03095e-10
1.2081e-10
1.37661e-10
1.53686e-10
1.68926e-10
1.83418e-10
1.97198e-10
2.103e-10
2.22758e-10
2.34602e-10
2.45863e-10
2.5657e-10
2.66751e-10
2.7643e-10
2.85633e-10
2.94384e-10
3.02705e-10
3.10617e-10
3.18141e-10
3.25296e-10
3.32101e-10
3.38572e-10
3.44727e-10
3.50581e-10
3.56149e-10
3.61446e-10
3.66484e-10
4.21543e-10
4.8114e-10
5.45372e-10
6.14231e-10
6.87565e-10
7.65024e-10
8.46006e-10
9.29589e-10
1.01447e-09
1.09889e-09
1.18063e-09
1.25696e-09
1.32474e-09
1.38054e-09
1.42091e-09
1.44265e-09
1.44331e-09
1.42151e-09
1.37735e-09
1.31245e-09
1.22995e-09
1.13404e-09
1.02953e-09
9.21202e-10
8.13361e-10
7.09501e-10
6.12171e-10
5.22993e-10
4.42779e-10
3.71699e-10
3.09448e-10
2.55411e-10
2.08786e-10
1.68688e-10
1.34218e-10
1.04508e-10
7.87364e-11
5.61357e-11
3.59738e-11
1.75228e-11
-9.16764e-34
4.26863e-14
2.87287e-11
5.60444e-11
8.20423e-11
1.0678e-10
1.30313e-10
1.52695e-10
1.73981e-10
1.94222e-10
2.13465e-10
2.3176e-10
2.49152e-10
2.65685e-10
2.814e-10
2.96338e-10
3.10537e-10
3.24034e-10
3.36864e-10
3.49059e-10
3.60652e-10
3.71672e-10
3.82148e-10
3.92108e-10
4.01577e-10
4.10579e-10
4.19139e-10
4.27277e-10
4.35016e-10
4.42375e-10
4.49374e-10
4.56029e-10
4.62359e-10
5.31458e-10
6.06071e-10
6.86239e-10
7.71846e-10
8.62563e-10
9.57781e-10
1.05653e-09
1.15741e-09
1.25849e-09
1.35729e-09
1.45071e-09
1.53511e-09
1.60643e-09
1.66048e-09
1.69325e-09
1.70146e-09
1.68303e-09
1.63757e-09
1.56656e-09
1.47341e-09
1.36295e-09
1.24094e-09
1.11324e-09
9.85228e-10
8.61314e-10
7.44771e-10
6.37717e-10
5.41263e-10
4.55713e-10
3.80781e-10
3.15785e-10
2.59809e-10
2.11823e-10
1.70773e-10
1.3564e-10
1.05466e-10
7.93701e-11
5.65392e-11
3.621e-11
1.7631e-11
-8.38847e-34
5.36863e-14
3.61078e-11
7.04378e-11
1.03109e-10
1.34191e-10
1.63756e-10
1.91871e-10
2.18602e-10
2.44014e-10
2.6817e-10
2.91128e-10
3.12948e-10
3.33684e-10
3.5339e-10
3.72116e-10
3.89911e-10
4.06822e-10
4.22891e-10
4.38162e-10
4.52675e-10
4.66467e-10
4.79575e-10
4.92034e-10
5.03875e-10
5.15131e-10
5.2583e-10
5.36001e-10
5.45671e-10
5.54863e-10
5.63604e-10
5.71914e-10
5.79816e-10
6.65969e-10
7.58749e-10
8.58097e-10
9.63728e-10
1.07505e-09
1.19107e-09
1.31031e-09
1.43071e-09
1.54952e-09
1.66328e-09
1.76783e-09
1.85844e-09
1.93004e-09
1.97767e-09
1.99701e-09
1.98502e-09
1.94054e-09
1.8647e-09
1.761e-09
1.63495e-09
1.49333e-09
1.34335e-09
1.1917e-09
1.04403e-09
9.04558e-10
7.76061e-10
6.60057e-10
5.57043e-10
4.66766e-10
3.88473e-10
3.21113e-10
2.63484e-10
2.14348e-10
1.72501e-10
1.36815e-10
1.06256e-10
7.98912e-11
5.68705e-11
3.64037e-11
1.77197e-11
-7.66637e-34
6.70983e-14
4.50959e-11
8.79689e-11
1.28766e-10
1.67574e-10
2.04481e-10
2.3957e-10
2.72926e-10
3.04628e-10
3.34754e-10
3.6338e-10
3.90578e-10
4.16418e-10
4.40967e-10
4.64289e-10
4.86444e-10
5.07492e-10
5.27487e-10
5.46483e-10
5.64531e-10
5.81677e-10
5.97969e-10
6.13449e-10
6.28158e-10
6.42136e-10
6.55419e-10
6.68044e-10
6.80042e-10
6.91447e-10
7.02288e-10
7.12593e-10
7.2239e-10
8.29056e-10
9.43592e-10
1.06578e-09
1.19508e-09
1.33052e-09
1.47058e-09
1.61309e-09
1.75509e-09
1.89277e-09
2.02146e-09
2.1357e-09
2.22951e-09
2.29679e-09
2.33195e-09
2.33067e-09
2.2907e-09
2.21245e-09
2.09927e-09
1.95719e-09
1.79413e-09
1.61885e-09
1.43976e-09
1.26406e-09
1.09725e-09
9.43034e-10
8.03488e-10
6.79386e-10
5.70543e-10
4.76132e-10
3.9494e-10
3.25562e-10
2.66537e-10
2.16437e-10
1.73926e-10
1.3778e-10
1.06904e-10
8.03181e-11
5.71415e-11
3.6562e-11
1.77921e-11
-6.99954e-34
8.32937e-14
5.59374e-11
1.09114e-10
1.59711e-10
2.07834e-10
2.5359e-10
2.97084e-10
3.38419e-10
3.77695e-10
4.15008e-10
4.50453e-10
4.8412e-10
5.16096e-10
5.46465e-10
5.75306e-10
6.02696e-10
6.28708e-10
6.53412e-10
6.76874e-10
6.99157e-10
7.20322e-10
7.40425e-10
7.59521e-10
7.77661e-10
7.94894e-10
8.11267e-10
8.26823e-10
8.41604e-10
8.5565e-10
8.68997e-10
8.81683e-10
8.9374e-10
1.02482e-09
1.16513e-09
1.31421e-09
1.47116e-09
1.63448e-09
1.80192e-09
1.97039e-09
2.13578e-09
2.29294e-09
2.4357e-09
2.55711e-09
2.64979e-09
2.70669e-09
2.72186e-09
2.69152e-09
2.61488e-09
2.49472e-09
2.33729e-09
2.15164e-09
1.94825e-09
1.73765e-09
1.52909e-09
1.3298e-09
1.14476e-09
9.76858e-10
8.27274e-10
6.95952e-10
5.81996e-10
4.8401e-10
4.0034e-10
3.29255e-10
2.69059e-10
2.18157e-10
1.75095e-10
1.38571e-10
1.07434e-10
8.06664e-11
5.73624e-11
3.6691e-11
1.78511e-11
-6.38555e-34
1.02648e-13
6.8879e-11
1.34354e-10
1.96645e-10
2.55882e-10
3.12195e-10
3.65711e-10
4.16558e-10
4.64858e-10
5.10732e-10
5.54295e-10
5.9566e-10
6.34935e-10
6.72222e-10
7.07622e-10
7.4123e-10
7.73137e-10
8.03429e-10
8.32188e-10
8.59493e-10
8.85419e-10
9.10037e-10
9.33414e-10
9.55614e-10
9.76698e-10
9.96723e-10
1.01574e-09
1.03381e-09
1.05098e-09
1.06728e-09
1.08278e-09
1.0975e-09
1.25731e-09
1.42781e-09
1.60819e-09
1.79704e-09
1.99213e-09
2.1903e-09
2.38723e-09
2.57737e-09
2.7539e-09
2.90889e-09
3.03366e-09
3.11947e-09
3.15843e-09
3.14474e-09
3.0758e-09
2.95317e-09
2.78286e-09
2.57472e-09
2.34108e-09
2.09497e-09
1.84829e-09
1.61062e-09
1.38873e-09
1.18667e-09
1.00628e-09
8.47707e-10
7.10031e-10
5.91641e-10
4.90591e-10
4.04821e-10
3.32304e-10
2.71132e-10
2.19566e-10
1.7605e-10
1.39215e-10
1.07865e-10
8.09497e-11
5.75418e-11
3.67956e-11
1.78989e-11
-5.82154e-34
1.25523e-13
8.41578e-11
1.64152e-10
2.40246e-10
3.12597e-10
3.81363e-10
4.46699e-10
5.08759e-10
5.67695e-10
6.23652e-10
6.76774e-10
7.27198e-10
7.75058e-10
8.2048e-10
8.63589e-10
9.045e-10
9.43327e-10
9.80175e-10
1.01515e-09
1.04834e-09
1.07984e-09
1.10975e-09
1.13814e-09
1.16509e-09
1.19068e-09
1.21497e-09
1.23804e-09
1.25995e-09
1.28076e-09
1.30052e-09
1.31929e-09
1.33712e-09
1.53036e-09
1.7358e-09
1.95215e-09
2.17733e-09
2.40817e-09
2.64028e-09
2.86784e-09
3.08348e-09
3.27841e-09
3.44263e-09
3.56563e-09
3.63731e-09
3.64935e-09
3.59667e-09
3.4788e-09
3.30061e-09
3.07222e-09
2.80764e-09
2.52265e-09
2.23247e-09
1.94983e-09
1.68405e-09
1.44092e-09
1.22325e-09
1.03162e-09
8.65114e-10
7.21908e-10
5.99708e-10
4.96056e-10
4.0852e-10
3.34808e-10
2.72828e-10
2.20714e-10
1.76827e-10
1.39739e-10
1.08214e-10
8.11791e-11
5.76871e-11
3.68803e-11
1.79376e-11
-5.30445e-34
1.52253e-13
1.0199e-10
1.98926e-10
2.91125e-10
3.78775e-10
4.62063e-10
5.41179e-10
6.16307e-10
6.87631e-10
7.55329e-10
8.19576e-10
8.8054e-10
9.38382e-10
9.93259e-10
1.04532e-09
1.09471e-09
1.14157e-09
1.18602e-09
1.2282e-09
1.26821e-09
1.30618e-09
1.3422e-09
1.37639e-09
1.40883e-09
1.43963e-09
1.46885e-09
1.4966e-09
1.52294e-09
1.54795e-09
1.5717e-09
1.59425e-09
1.61566e-09
1.84733e-09
2.09272e-09
2.34992e-09
2.61594e-09
2.88643e-09
3.15546e-09
3.41533e-09
3.65651e-09
3.86786e-09
4.03709e-09
4.15177e-09
4.20066e-09
4.17549e-09
4.07276e-09
3.89515e-09
3.65197e-09
3.35825e-09
3.03255e-09
2.69399e-09
2.35942e-09
2.04176e-09
1.74937e-09
1.48664e-09
1.25486e-09
1.05327e-09
8.79833e-10
7.31861e-10
6.06415e-10
5.00569e-10
4.11557e-10
3.36854e-10
2.74208e-10
2.21646e-10
1.77456e-10
1.40162e-10
1.08497e-10
8.13641e-11
5.78041e-11
3.69484e-11
1.79687e-11
-4.83114e-34
1.83116e-13
1.22555e-10
2.39029e-10
3.49798e-10
4.55083e-10
5.55107e-10
6.50097e-10
7.40274e-10
8.25859e-10
9.07067e-10
9.84109e-10
1.05719e-09
1.1265e-09
1.19223e-09
1.25457e-09
1.31369e-09
1.36976e-09
1.42293e-09
1.47335e-09
1.52117e-09
1.56653e-09
1.60956e-09
1.65038e-09
1.6891e-09
1.72584e-09
1.7607e-09
1.79378e-09
1.82517e-09
1.85497e-09
1.88326e-09
1.91011e-09
1.93561e-09
2.21093e-09
2.50145e-09
2.80444e-09
3.11578e-09
3.42964e-09
3.73819e-09
4.03147e-09
4.29738e-09
4.52212e-09
4.69089e-09
4.78936e-09
4.80549e-09
4.73177e-09
4.56729e-09
4.3191e-09
4.00201e-09
3.63672e-09
3.24649e-09
2.85334e-09
2.47508e-09
2.12396e-09
1.80685e-09
1.5263e-09
1.28196e-09
1.07163e-09
8.92198e-10
7.40151e-10
6.11961e-10
5.04276e-10
4.14037e-10
3.38517e-10
2.75326e-10
2.22399e-10
1.77963e-10
1.40502e-10
1.08723e-10
8.15126e-11
5.7898e-11
3.70031e-11
1.79937e-11
-3.45974e-34
2.01584e-13
1.3485e-10
2.63003e-10
3.84872e-10
5.00695e-10
6.10719e-10
7.15191e-10
8.14354e-10
9.08453e-10
9.97723e-10
1.0824e-09
1.1627e-09
1.23885e-09
1.31106e-09
1.37952e-09
1.44443e-09
1.50598e-09
1.56433e-09
1.61966e-09
1.67213e-09
1.72188e-09
1.76907e-09
1.81382e-09
1.85627e-09
1.89653e-09
1.93473e-09
1.97098e-09
2.00537e-09
2.03801e-09
2.06899e-09
2.09839e-09
2.1263e-09
2.42742e-09
2.74449e-09
3.07427e-09
3.41191e-09
3.75064e-09
4.08146e-09
4.393e-09
4.67165e-09
4.90197e-09
5.0678e-09
5.15381e-09
5.14772e-09
5.04278e-09
4.83999e-09
4.54927e-09
4.18884e-09
3.78273e-09
3.35668e-09
2.93402e-09
2.53274e-09
2.1644e-09
1.83479e-09
1.5454e-09
1.29489e-09
1.08032e-09
8.98011e-10
7.44024e-10
6.14537e-10
5.05989e-10
4.15179e-10
3.39279e-10
2.75837e-10
2.22743e-10
1.78194e-10
1.40657e-10
1.08826e-10
8.158e-11
5.79406e-11
3.70279e-11
1.8005e-11
-1.01118e-32
2.16527e-13
1.44794e-10
2.82395e-10
4.1324e-10
5.37586e-10
6.55696e-10
7.67835e-10
8.74264e-10
9.75244e-10
1.07103e-09
1.16187e-09
1.24802e-09
1.32969e-09
1.40712e-09
1.48053e-09
1.55012e-09
1.61609e-09
1.67863e-09
1.73792e-09
1.79413e-09
1.84743e-09
1.89797e-09
1.9459e-09
1.99135e-09
2.03447e-09
2.07536e-09
2.11416e-09
2.15096e-09
2.18589e-09
2.21904e-09
2.25049e-09
2.28035e-09
2.60224e-09
2.94064e-09
3.2919e-09
3.65056e-09
4.00906e-09
4.35746e-09
4.68323e-09
4.97151e-09
5.20559e-09
5.36819e-09
5.44325e-09
5.41836e-09
5.28752e-09
5.05335e-09
4.72817e-09
4.33303e-09
3.89456e-09
3.44043e-09
2.99492e-09
2.57597e-09
2.19454e-09
1.85552e-09
1.5595e-09
1.3044e-09
1.0867e-09
9.02264e-10
7.46851e-10
6.16413e-10
5.07236e-10
4.16008e-10
3.39833e-10
2.76208e-10
2.22992e-10
1.78361e-10
1.40769e-10
1.08901e-10
8.16289e-11
5.79714e-11
3.70459e-11
1.80132e-11
-3.02983e-32
2.40461e-13
1.6072e-10
3.13449e-10
4.5867e-10
5.96666e-10
7.27725e-10
8.5214e-10
9.70203e-10
1.0822e-09
1.18842e-09
1.28914e-09
1.38463e-09
1.47515e-09
1.56095e-09
1.64227e-09
1.71935e-09
1.7924e-09
1.86164e-09
1.92727e-09
1.98948e-09
2.04845e-09
2.10436e-09
2.15737e-09
2.20763e-09
2.2553e-09
2.3005e-09
2.34338e-09
2.38405e-09
2.42263e-09
2.45925e-09
2.49399e-09
2.52696e-09
2.88205e-09
3.25455e-09
3.64009e-09
4.03227e-09
4.42227e-09
4.79857e-09
5.14683e-09
5.45016e-09
5.68984e-09
5.8468e-09
5.90381e-09
5.84836e-09
5.67562e-09
5.39092e-09
5.01048e-09
4.55986e-09
4.06989e-09
3.57127e-09
3.08969e-09
2.64302e-09
2.24113e-09
1.88746e-09
1.58117e-09
1.31898e-09
1.09645e-09
9.08752e-10
7.51159e-10
6.19271e-10
5.09133e-10
4.17271e-10
3.40677e-10
2.76774e-10
2.23372e-10
1.78617e-10
1.40941e-10
1.09015e-10
8.17037e-11
5.80187e-11
3.70734e-11
1.80258e-11
-3.87718e-32
2.54023e-13
1.69743e-10
3.31044e-10
4.8441e-10
6.30138e-10
7.68533e-10
8.99904e-10
1.02456e-09
1.1428e-09
1.25493e-09
1.36125e-09
1.46203e-09
1.55755e-09
1.64809e-09
1.7339e-09
1.81521e-09
1.89228e-09
1.96531e-09
2.03453e-09
2.10014e-09
2.16232e-09
2.22127e-09
2.27715e-09
2.33014e-09
2.38038e-09
2.42802e-09
2.47321e-09
2.51607e-09
2.55672e-09
2.5953e-09
2.6319e-09
2.66663e-09
3.04051e-09
3.43229e-09
3.83722e-09
4.24831e-09
4.65607e-09
5.04806e-09
5.40892e-09
5.72061e-09
5.96324e-09
6.11676e-09
6.16331e-09
6.09029e-09
5.8936e-09
5.5801e-09
5.16828e-09
4.68625e-09
4.16721e-09
3.64359e-09
3.14183e-09
2.67971e-09
2.26648e-09
1.90473e-09
1.59281e-09
1.32676e-09
1.10162e-09
9.12171e-10
7.53416e-10
6.2076e-10
5.10118e-10
4.17924e-10
3.41112e-10
2.77065e-10
2.23568e-10
1.78749e-10
1.41029e-10
1.09074e-10
8.17423e-11
5.80431e-11
3.70876e-11
1.80323e-11
-3.5261e-32
2.59078e-13
1.73107e-10
3.37602e-10
4.94004e-10
6.42614e-10
7.83744e-10
9.17706e-10
1.04482e-09
1.16539e-09
1.27972e-09
1.38812e-09
1.49087e-09
1.58827e-09
1.68057e-09
1.76805e-09
1.85094e-09
1.9295e-09
2.00395e-09
2.07451e-09
2.14138e-09
2.20476e-09
2.26484e-09
2.3218e-09
2.37579e-09
2.427e-09
2.47555e-09
2.52159e-09
2.56527e-09
2.6067e-09
2.64601e-09
2.6833e-09
2.71869e-09
3.09956e-09
3.49853e-09
3.91067e-09
4.32882e-09
4.74317e-09
5.14101e-09
5.50655e-09
5.82131e-09
6.06502e-09
6.21722e-09
6.25981e-09
6.18017e-09
5.97448e-09
5.65017e-09
5.22657e-09
4.73276e-09
4.20284e-09
3.66986e-09
3.16058e-09
2.69274e-09
2.27533e-09
1.91064e-09
1.5967e-09
1.32929e-09
1.10324e-09
9.13207e-10
7.54074e-10
6.21178e-10
5.10385e-10
4.18096e-10
3.41224e-10
2.77139e-10
2.23617e-10
1.78782e-10
1.41052e-10
1.09089e-10
8.17521e-11
5.80494e-11
3.70913e-11
1.8034e-11
-3.20595e-32
2.57483e-13
1.72046e-10
3.35534e-10
4.90978e-10
6.38679e-10
7.78946e-10
9.12091e-10
1.03843e-09
1.15826e-09
1.2719e-09
1.37964e-09
1.48178e-09
1.57858e-09
1.67033e-09
1.75728e-09
1.83967e-09
1.91776e-09
1.99176e-09
2.0619e-09
2.12837e-09
2.19137e-09
2.2511e-09
2.30772e-09
2.3614e-09
2.41229e-09
2.46056e-09
2.50633e-09
2.54975e-09
2.59094e-09
2.63001e-09
2.66709e-09
2.70227e-09
3.08094e-09
3.47765e-09
3.88751e-09
4.30344e-09
4.71571e-09
5.1117e-09
5.47577e-09
5.78956e-09
6.03291e-09
6.1855e-09
6.22929e-09
6.15167e-09
5.94871e-09
5.62767e-09
5.20762e-09
4.71736e-09
4.19071e-09
3.66055e-09
3.15357e-09
2.68752e-09
2.27147e-09
1.90779e-09
1.5946e-09
1.32775e-09
1.10212e-09
9.12394e-10
7.53489e-10
6.2076e-10
5.10089e-10
4.1789e-10
3.41081e-10
2.77041e-10
2.2355e-10
1.78736e-10
1.41021e-10
1.09069e-10
8.17389e-11
5.80411e-11
3.70866e-11
1.80318e-11
-2.91425e-32
2.50926e-13
1.67683e-10
3.27027e-10
4.78533e-10
6.22496e-10
7.59216e-10
8.88998e-10
1.01215e-09
1.12896e-09
1.23975e-09
1.34478e-09
1.44436e-09
1.53874e-09
1.6282e-09
1.71298e-09
1.79333e-09
1.86947e-09
1.94164e-09
2.01004e-09
2.07487e-09
2.13632e-09
2.19458e-09
2.2498e-09
2.30217e-09
2.35182e-09
2.39891e-09
2.44356e-09
2.48592e-09
2.52611e-09
2.56424e-09
2.60041e-09
2.63475e-09
3.00433e-09
3.39171e-09
3.79221e-09
4.19898e-09
4.60267e-09
4.99107e-09
5.34903e-09
5.65877e-09
5.90066e-09
6.05487e-09
6.10365e-09
6.03443e-09
5.84292e-09
5.53565e-09
5.13059e-09
4.65532e-09
4.14255e-09
3.62435e-09
3.12705e-09
2.66846e-09
2.25795e-09
1.89828e-09
1.58794e-09
1.32311e-09
1.0989e-09
9.10159e-10
7.51944e-10
6.19696e-10
5.09358e-10
4.17389e-10
3.40739e-10
2.76807e-10
2.23391e-10
1.78629e-10
1.40949e-10
1.09021e-10
8.17078e-11
5.80215e-11
3.70752e-11
1.80267e-11
-2.64864e-32
2.40851e-13
1.60979e-10
3.13954e-10
4.59409e-10
5.97626e-10
7.28896e-10
8.5351e-10
9.71762e-10
1.08394e-09
1.19033e-09
1.29121e-09
1.38685e-09
1.47751e-09
1.56344e-09
1.64489e-09
1.72209e-09
1.79526e-09
1.86461e-09
1.93034e-09
1.99265e-09
2.05171e-09
2.1077e-09
2.16079e-09
2.21113e-09
2.25887e-09
2.30414e-09
2.34708e-09
2.38782e-09
2.42646e-09
2.46313e-09
2.49792e-09
2.53095e-09
2.88656e-09
3.2596e-09
3.64567e-09
4.03835e-09
4.4288e-09
4.80547e-09
5.15398e-09
5.4574e-09
5.69696e-09
5.85355e-09
5.90991e-09
5.85352e-09
5.67957e-09
5.39345e-09
5.01149e-09
4.55937e-09
4.06807e-09
3.56841e-09
3.08615e-09
2.63915e-09
2.23724e-09
1.88378e-09
1.57787e-09
1.31614e-09
1.09409e-09
9.0685e-10
7.49672e-10
6.1814e-10
5.08294e-10
4.16662e-10
3.40244e-10
2.76471e-10
2.23163e-10
1.78475e-10
1.40846e-10
1.08952e-10
8.16628e-11
5.79932e-11
3.70588e-11
1.80192e-11
-2.40692e-32
2.28439e-13
1.52719e-10
2.97848e-10
4.35846e-10
5.66984e-10
6.91538e-10
8.09785e-10
9.22002e-10
1.02847e-09
1.12944e-09
1.2252e-09
1.31599e-09
1.40206e-09
1.48366e-09
1.561e-09
1.63432e-09
1.70381e-09
1.76968e-09
1.83212e-09
1.89132e-09
1.94744e-09
2.00065e-09
2.0511e-09
2.09894e-09
2.14432e-09
2.18736e-09
2.22818e-09
2.26691e-09
2.30365e-09
2.33852e-09
2.37161e-09
2.40302e-09
2.7414e-09
3.09673e-09
3.46499e-09
3.84025e-09
4.21432e-09
4.57646e-09
4.91323e-09
5.20873e-09
5.44526e-09
5.60462e-09
5.67016e-09
5.62942e-09
5.47699e-09
5.21686e-09
4.86337e-09
4.43987e-09
3.97518e-09
3.49856e-09
3.03503e-09
2.60251e-09
2.21136e-09
1.86569e-09
1.56531e-09
1.30746e-09
1.08811e-09
9.02752e-10
7.46865e-10
6.16221e-10
5.06984e-10
4.15769e-10
3.39636e-10
2.76058e-10
2.22883e-10
1.78286e-10
1.40718e-10
1.08867e-10
8.16074e-11
5.79583e-11
3.70385e-11
1.801e-11
-2.18705e-32
2.14621e-13
1.43524e-10
2.79917e-10
4.09614e-10
5.32871e-10
6.49947e-10
7.61104e-10
8.66603e-10
9.66702e-10
1.06165e-09
1.15171e-09
1.2371e-09
1.31806e-09
1.39482e-09
1.46759e-09
1.53658e-09
1.60198e-09
1.66398e-09
1.72276e-09
1.77849e-09
1.83133e-09
1.88144e-09
1.92895e-09
1.97402e-09
2.01676e-09
2.05731e-09
2.09577e-09
2.13226e-09
2.16689e-09
2.19976e-09
2.23095e-09
2.26055e-09
2.57972e-09
2.91531e-09
3.2637e-09
3.6195e-09
3.97525e-09
4.32109e-09
4.64465e-09
4.93118e-09
5.16414e-09
5.32637e-09
5.40191e-09
5.37838e-09
5.24973e-09
5.01845e-09
4.69663e-09
4.30508e-09
3.87018e-09
3.41945e-09
2.97704e-09
2.56089e-09
2.18194e-09
1.84511e-09
1.55102e-09
1.2976e-09
1.08133e-09
8.98097e-10
7.4368e-10
6.14044e-10
5.05499e-10
4.14757e-10
3.38947e-10
2.7559e-10
2.22566e-10
1.78071e-10
1.40574e-10
1.08771e-10
8.15447e-11
5.79188e-11
3.70156e-11
1.79995e-11
-1.98712e-32
2.00112e-13
1.33867e-10
2.61086e-10
3.82066e-10
4.97046e-10
6.06269e-10
7.0998e-10
8.08422e-10
9.01836e-10
9.90458e-10
1.07452e-09
1.15424e-09
1.22984e-09
1.30152e-09
1.36948e-09
1.43393e-09
1.49503e-09
1.55296e-09
1.60789e-09
1.65998e-09
1.70937e-09
1.75622e-09
1.80065e-09
1.84279e-09
1.88277e-09
1.92069e-09
1.95668e-09
1.99082e-09
2.02323e-09
2.05398e-09
2.08317e-09
2.11089e-09
2.40985e-09
2.72467e-09
3.05213e-09
3.38743e-09
3.72384e-09
4.05245e-09
4.36197e-09
4.63888e-09
4.86787e-09
5.03288e-09
5.11866e-09
5.11298e-09
5.00911e-09
4.80799e-09
4.51942e-09
4.16149e-09
3.75807e-09
3.33477e-09
2.91484e-09
2.51616e-09
2.15027e-09
1.82294e-09
1.53562e-09
1.28696e-09
1.07401e-09
8.93077e-10
7.40245e-10
6.11697e-10
5.03898e-10
4.13667e-10
3.38205e-10
2.75086e-10
2.22224e-10
1.7784e-10
1.40419e-10
1.08668e-10
8.1477e-11
5.78761e-11
3.69908e-11
1.79882e-11
-9.30731e-33
1.85436e-13
1.24095e-10
2.42032e-10
3.54191e-10
4.60795e-10
5.6207e-10
6.58244e-10
7.49544e-10
8.36191e-10
9.18404e-10
9.96397e-10
1.07037e-09
1.14054e-09
1.20707e-09
1.27017e-09
1.33001e-09
1.38675e-09
1.44056e-09
1.49159e-09
1.53999e-09
1.58589e-09
1.62943e-09
1.67073e-09
1.7099e-09
1.74708e-09
1.78235e-09
1.81581e-09
1.84758e-09
1.87772e-09
1.90634e-09
1.9335e-09
1.95929e-09
2.23774e-09
2.53143e-09
2.83756e-09
3.1519e-09
3.46847e-09
3.77928e-09
4.07416e-09
4.3408e-09
4.56516e-09
4.73229e-09
4.82772e-09
4.83943e-09
4.76009e-09
4.58916e-09
4.33418e-09
4.01055e-09
3.63951e-09
3.24469e-09
2.8483e-09
2.46808e-09
2.1161e-09
1.79894e-09
1.5189e-09
1.27539e-09
1.06604e-09
8.87601e-10
7.36494e-10
6.09133e-10
5.02147e-10
4.12473e-10
3.37392e-10
2.74533e-10
2.21849e-10
1.77587e-10
1.40248e-10
1.08554e-10
8.14028e-11
5.78293e-11
3.69636e-11
1.79758e-11
3.17619e-34
1.70811e-13
1.14353e-10
2.23035e-10
3.26398e-10
4.24648e-10
5.17997e-10
6.06654e-10
6.90828e-10
7.70723e-10
8.4654e-10
9.18476e-10
9.86719e-10
1.05145e-09
1.11285e-09
1.17109e-09
1.22633e-09
1.27871e-09
1.3284e-09
1.37553e-09
1.42023e-09
1.46264e-09
1.50287e-09
1.54103e-09
1.57725e-09
1.61161e-09
1.64422e-09
1.67517e-09
1.70454e-09
1.73242e-09
1.7589e-09
1.78403e-09
1.80789e-09
2.06575e-09
2.33817e-09
2.62278e-09
2.91587e-09
3.21219e-09
3.50466e-09
3.78418e-09
4.03967e-09
4.25834e-09
4.4264e-09
4.53023e-09
4.55812e-09
4.5023e-09
4.36087e-09
4.13925e-09
3.8502e-09
3.51232e-09
3.14713e-09
2.77558e-09
2.41512e-09
2.0782e-09
1.77217e-09
1.50017e-09
1.26237e-09
1.05704e-09
8.81411e-10
7.32245e-10
6.06223e-10
5.00158e-10
4.11116e-10
3.36467e-10
2.73904e-10
2.21422e-10
1.77298e-10
1.40054e-10
1.08425e-10
8.1318e-11
5.77758e-11
3.69325e-11
1.79617e-11
3.49111e-34
1.56351e-13
1.04716e-10
2.04243e-10
2.98903e-10
3.8889e-10
4.74395e-10
5.55612e-10
6.32731e-10
7.05942e-10
7.75426e-10
8.41363e-10
9.03926e-10
9.63281e-10
1.01959e-09
1.07301e-09
1.12368e-09
1.17175e-09
1.21735e-09
1.2606e-09
1.30164e-09
1.34058e-09
1.37752e-09
1.41258e-09
1.44584e-09
1.47742e-09
1.50738e-09
1.53582e-09
1.56282e-09
1.58846e-09
1.6128e-09
1.63591e-09
1.65786e-09
1.8952e-09
2.1464e-09
2.40943e-09
2.68113e-09
2.95692e-09
3.2306e-09
3.49413e-09
3.73761e-09
3.94952e-09
4.11722e-09
4.22803e-09
4.27066e-09
4.237e-09
4.12404e-09
3.93519e-09
3.68068e-09
3.37647e-09
3.04185e-09
2.69635e-09
2.35692e-09
2.03625e-09
1.74235e-09
1.47921e-09
1.24775e-09
1.0469e-09
8.74409e-10
7.27428e-10
6.02918e-10
4.97896e-10
4.0957e-10
3.35413e-10
2.73186e-10
2.20934e-10
1.76967e-10
1.39832e-10
1.08277e-10
8.12211e-11
5.77146e-11
3.6897e-11
1.79455e-11
3.83682e-34
1.42174e-13
9.52623e-11
1.85807e-10
2.71929e-10
3.53806e-10
4.31614e-10
5.05528e-10
5.75723e-10
6.4237e-10
7.05634e-10
7.65678e-10
8.2266e-10
8.7673e-10
9.28033e-10
9.7671e-10
1.02289e-09
1.06671e-09
1.10829e-09
1.14774e-09
1.18517e-09
1.22069e-09
1.2544e-09
1.28639e-09
1.31675e-09
1.34557e-09
1.37293e-09
1.3989e-09
1.42356e-09
1.44698e-09
1.46921e-09
1.49033e-09
1.51038e-09
1.72746e-09
1.95762e-09
2.19921e-09
2.44953e-09
2.70468e-09
2.95926e-09
3.20626e-09
3.43693e-09
3.64098e-09
3.80699e-09
3.92321e-09
3.97888e-09
3.96575e-09
3.87985e-09
3.72279e-09
3.50241e-09
3.23206e-09
2.92872e-09
2.61033e-09
2.29314e-09
1.98989e-09
1.70918e-09
1.45575e-09
1.23131e-09
1.03546e-09
8.66484e-10
7.21962e-10
5.99161e-10
4.95319e-10
4.07807e-10
3.34209e-10
2.72365e-10
2.20376e-10
1.76589e-10
1.39577e-10
1.08107e-10
8.11099e-11
5.76444e-11
3.68561e-11
1.79268e-11
2.36676e-34
1.39817e-13
9.36897e-11
1.8274e-10
2.67442e-10
3.4797e-10
4.24497e-10
4.97196e-10
5.66238e-10
6.31792e-10
6.94021e-10
7.53084e-10
8.09137e-10
8.62326e-10
9.12796e-10
9.60684e-10
1.00612e-09
1.04923e-09
1.09014e-09
1.12895e-09
1.16578e-09
1.20073e-09
1.2339e-09
1.26538e-09
1.29526e-09
1.32362e-09
1.35054e-09
1.3761e-09
1.40037e-09
1.42342e-09
1.4453e-09
1.46608e-09
1.48582e-09
1.69951e-09
1.92615e-09
2.16414e-09
2.41087e-09
2.66253e-09
2.91387e-09
3.15803e-09
3.38647e-09
3.58909e-09
3.75467e-09
3.87164e-09
3.92933e-09
3.91949e-09
3.83799e-09
3.68618e-09
3.47149e-09
3.20685e-09
2.90884e-09
2.59512e-09
2.28179e-09
1.98161e-09
1.70323e-09
1.45153e-09
1.22834e-09
1.03338e-09
8.65046e-10
7.20969e-10
5.98477e-10
4.9485e-10
4.07485e-10
3.33989e-10
2.72215e-10
2.20274e-10
1.7652e-10
1.39531e-10
1.08076e-10
8.10896e-11
5.76316e-11
3.68487e-11
1.79234e-11
2.20759e-34
1.28395e-13
8.60679e-11
1.67876e-10
2.45694e-10
3.19683e-10
3.90001e-10
4.56809e-10
5.20265e-10
5.80521e-10
6.37729e-10
6.92035e-10
7.4358e-10
7.92499e-10
8.38925e-10
8.82982e-10
9.2479e-10
9.64465e-10
1.00212e-09
1.03785e-09
1.07176e-09
1.10394e-09
1.13449e-09
1.16349e-09
1.19101e-09
1.21714e-09
1.24196e-09
1.26551e-09
1.28788e-09
1.30913e-09
1.3293e-09
1.34847e-09
1.36667e-09
1.56388e-09
1.77338e-09
1.99381e-09
2.22295e-09
2.45748e-09
2.69281e-09
2.92286e-09
3.14001e-09
3.33516e-09
3.49808e-09
3.61804e-09
3.68487e-09
3.69036e-09
3.62976e-09
3.50313e-09
3.31605e-09
3.07937e-09
2.80773e-09
2.51732e-09
2.22347e-09
1.93882e-09
1.67236e-09
1.42954e-09
1.21284e-09
1.02255e-09
8.57513e-10
7.15758e-10
5.94885e-10
4.92381e-10
4.05793e-10
3.32832e-10
2.71426e-10
2.19737e-10
1.76156e-10
1.39285e-10
1.07912e-10
8.09822e-11
5.75637e-11
3.68092e-11
1.79054e-11
4.27427e-34
1.15123e-13
7.72074e-11
1.50596e-10
2.2041e-10
2.86794e-10
3.49893e-10
4.09849e-10
4.66804e-10
5.20897e-10
5.72262e-10
6.21029e-10
6.67325e-10
7.11272e-10
7.52986e-10
7.9258e-10
8.3016e-10
8.65829e-10
8.99685e-10
9.31821e-10
9.62325e-10
9.91282e-10
1.01877e-09
1.04487e-09
1.06965e-09
1.09318e-09
1.11552e-09
1.13674e-09
1.15689e-09
1.17603e-09
1.19421e-09
1.21148e-09
1.22789e-09
1.4058e-09
1.59517e-09
1.79492e-09
2.00324e-09
2.21737e-09
2.43344e-09
2.64627e-09
2.84929e-09
3.03456e-09
3.19302e-09
3.31496e-09
3.39093e-09
3.41287e-09
3.37549e-09
3.2775e-09
3.1225e-09
2.91892e-09
2.67905e-09
2.41724e-09
2.1477e-09
1.88272e-09
1.63157e-09
1.40031e-09
1.19213e-09
1.00799e-09
8.4736e-10
7.08711e-10
5.90016e-10
4.89029e-10
4.03491e-10
3.31255e-10
2.70348e-10
2.19003e-10
1.75658e-10
1.38949e-10
1.07688e-10
8.08352e-11
5.74708e-11
3.67552e-11
1.78808e-11
5.08875e-34
1.02464e-13
6.87497e-11
1.34102e-10
1.96275e-10
2.55398e-10
3.11602e-10
3.65014e-10
4.1576e-10
4.63963e-10
5.09743e-10
5.53216e-10
5.94494e-10
6.33684e-10
6.70891e-10
7.06213e-10
7.39746e-10
7.71579e-10
8.01801e-10
8.30492e-10
8.57733e-10
8.83596e-10
9.08154e-10
9.31472e-10
9.53617e-10
9.74647e-10
9.9462e-10
1.01359e-09
1.03161e-09
1.04873e-09
1.06499e-09
1.08045e-09
1.09513e-09
1.25448e-09
1.42442e-09
1.60413e-09
1.79217e-09
1.98629e-09
2.18327e-09
2.37877e-09
2.56719e-09
2.74171e-09
2.89437e-09
3.01652e-09
3.09949e-09
3.13553e-09
3.11899e-09
3.04752e-09
2.92293e-09
2.75143e-09
2.54304e-09
2.31014e-09
2.06566e-09
1.82134e-09
1.58654e-09
1.36779e-09
1.16893e-09
9.91606e-10
8.35873e-10
7.0071e-10
5.8447e-10
4.85199e-10
4.00856e-10
3.29447e-10
2.69111e-10
2.18159e-10
1.75085e-10
1.38562e-10
1.07429e-10
8.06657e-11
5.73637e-11
3.66928e-11
1.78523e-11
5.58887e-34
9.05062e-14
6.07559e-11
1.18512e-10
1.73461e-10
2.2572e-10
2.75405e-10
3.22628e-10
3.675e-10
4.10131e-10
4.50626e-10
4.89087e-10
5.25613e-10
5.60299e-10
5.93235e-10
6.24509e-10
6.54205e-10
6.82402e-10
7.09176e-10
7.346e-10
7.58743e-10
7.8167e-10
8.03443e-10
8.24122e-10
8.43763e-10
8.62419e-10
8.80141e-10
8.96977e-10
9.12971e-10
9.28168e-10
9.42608e-10
9.5633e-10
9.6937e-10
1.11102e-09
1.26239e-09
1.42288e-09
1.59135e-09
1.76602e-09
1.94427e-09
2.1225e-09
2.29602e-09
2.45903e-09
2.60466e-09
2.7253e-09
2.8131e-09
2.86073e-09
2.86242e-09
2.81499e-09
2.71875e-09
2.5779e-09
2.40026e-09
2.19624e-09
1.97733e-09
1.75451e-09
1.53701e-09
1.3317e-09
1.14299e-09
9.73175e-10
8.22888e-10
6.91626e-10
5.78151e-10
4.80824e-10
3.97838e-10
3.27372e-10
2.67689e-10
2.17188e-10
1.74425e-10
1.38116e-10
1.07131e-10
8.04698e-11
5.72398e-11
3.66207e-11
1.78194e-11
6.13662e-34
7.93263e-14
5.32769e-11
1.03925e-10
1.52115e-10
1.97951e-10
2.41533e-10
2.82961e-10
3.22334e-10
3.59746e-10
3.95289e-10
4.29054e-10
4.61126e-10
4.91588e-10
5.20519e-10
5.47996e-10
5.74092e-10
5.98875e-10
6.22413e-10
6.44768e-10
6.66001e-10
6.86168e-10
7.05324e-10
7.23521e-10
7.40808e-10
7.57231e-10
7.72834e-10
7.87659e-10
8.01746e-10
8.15133e-10
8.27855e-10
8.39946e-10
8.51438e-10
9.76391e-10
1.11018e-09
1.2524e-09
1.40219e-09
1.55816e-09
1.7182e-09
1.8794e-09
2.0379e-09
2.18882e-09
2.32633e-09
2.44382e-09
2.53428e-09
2.59095e-09
2.6081e-09
2.58197e-09
2.51165e-09
2.39958e-09
2.25154e-09
2.07598e-09
1.88283e-09
1.68213e-09
1.48278e-09
1.29181e-09
1.11409e-09
9.5249e-10
8.0823e-10
6.81322e-10
5.70954e-10
4.75824e-10
3.94379e-10
3.24989e-10
2.66053e-10
2.16069e-10
1.73663e-10
1.37601e-10
1.06786e-10
8.02432e-11
5.70963e-11
3.65371e-11
1.77812e-11
6.73608e-34
6.89818e-14
4.6352e-11
9.04185e-11
1.3235e-10
1.72236e-10
2.10165e-10
2.46225e-10
2.80501e-10
3.13075e-10
3.44028e-10
3.73437e-10
4.01377e-10
4.2792e-10
4.53134e-10
4.77085e-10
4.99837e-10
5.21449e-10
5.41979e-10
5.61482e-10
5.80009e-10
5.9761e-10
6.14331e-10
6.30219e-10
6.45314e-10
6.59657e-10
6.73287e-10
6.8624e-10
6.9855e-10
7.1025e-10
7.2137e-10
7.31941e-10
7.41989e-10
8.51348e-10
9.68677e-10
1.09371e-09
1.22584e-09
1.36399e-09
1.50654e-09
1.65114e-09
1.79467e-09
1.93312e-09
2.06159e-09
2.17443e-09
2.26552e-09
2.32869e-09
2.35842e-09
2.35065e-09
2.30351e-09
2.21796e-09
2.09793e-09
1.94998e-09
1.78244e-09
1.60423e-09
1.42372e-09
1.24791e-09
1.08199e-09
9.29339e-10
7.91717e-10
6.69649e-10
5.62763e-10
4.70112e-10
3.90415e-10
3.2225e-10
2.64169e-10
2.14778e-10
1.72782e-10
1.37004e-10
1.06386e-10
7.99805e-11
5.69299e-11
3.64401e-11
1.77369e-11
7.39155e-34
5.95113e-14
4.00078e-11
7.80444e-11
1.1424e-10
1.48674e-10
1.81422e-10
2.12561e-10
2.42163e-10
2.703e-10
2.97042e-10
3.22454e-10
3.46602e-10
3.69546e-10
3.91346e-10
4.12059e-10
4.31738e-10
4.50436e-10
4.682e-10
4.85079e-10
5.01116e-10
5.16355e-10
5.30836e-10
5.44596e-10
5.57673e-10
5.70101e-10
5.81913e-10
5.93139e-10
6.03811e-10
6.13955e-10
6.23598e-10
6.32766e-10
6.41482e-10
7.3643e-10
8.38499e-10
9.47545e-10
1.06315e-09
1.18453e-09
1.31044e-09
1.43905e-09
1.56787e-09
1.69366e-09
1.81238e-09
1.91929e-09
2.0091e-09
2.07633e-09
2.1158e-09
2.12333e-09
2.0964e-09
2.03476e-09
1.94074e-09
1.81914e-09
1.67667e-09
1.52101e-09
1.35981e-09
1.19986e-09
1.0465e-09
9.03516e-10
7.7316e-10
6.5645e-10
5.53453e-10
4.6359e-10
3.85873e-10
3.19103e-10
2.61998e-10
2.13287e-10
1.71764e-10
1.36313e-10
1.05923e-10
7.96755e-11
5.67365e-11
3.63273e-11
1.76854e-11
8.10749e-34
5.09335e-14
3.42576e-11
6.68285e-11
9.78254e-11
1.27316e-10
1.55366e-10
1.82041e-10
2.07404e-10
2.31515e-10
2.54434e-10
2.76218e-10
2.96922e-10
3.16598e-10
3.35296e-10
3.53065e-10
3.69951e-10
3.85997e-10
4.01246e-10
4.15738e-10
4.2951e-10
4.42598e-10
4.55037e-10
4.66861e-10
4.78098e-10
4.8878e-10
4.98934e-10
5.08587e-10
5.17764e-10
5.26488e-10
5.34783e-10
5.42671e-10
5.50171e-10
6.31944e-10
7.2002e-10
8.1435e-10
9.14668e-10
1.02042e-09
1.13069e-09
1.24408e-09
1.35865e-09
1.47181e-09
1.58031e-09
1.68023e-09
1.76709e-09
1.83609e-09
1.88255e-09
1.90232e-09
1.89249e-09
1.85189e-09
1.78152e-09
1.68459e-09
1.56623e-09
1.43282e-09
1.29115e-09
1.14758e-09
1.00746e-09
8.74836e-10
7.52379e-10
6.41563e-10
5.4289e-10
4.56153e-10
3.80672e-10
3.15486e-10
2.59495e-10
2.11564e-10
1.70585e-10
1.35513e-10
1.05385e-10
7.9321e-11
5.65116e-11
3.6196e-11
1.76253e-11
8.88848e-34
4.32474e-14
2.91016e-11
5.67715e-11
8.31059e-11
1.08163e-10
1.31999e-10
1.54669e-10
1.76226e-10
1.96724e-10
2.16212e-10
2.34737e-10
2.52347e-10
2.69086e-10
2.84996e-10
3.00118e-10
3.14492e-10
3.28153e-10
3.41139e-10
3.53481e-10
3.65213e-10
3.76365e-10
3.86965e-10
3.97042e-10
4.06622e-10
4.1573e-10
4.24389e-10
4.32622e-10
4.4045e-10
4.47894e-10
4.54972e-10
4.61703e-10
4.68105e-10
5.37964e-10
6.13349e-10
6.9428e-10
7.80612e-10
8.71978e-10
9.67714e-10
1.06679e-09
1.16773e-09
1.26851e-09
1.36656e-09
1.45869e-09
1.54118e-09
1.60995e-09
1.6608e-09
1.68984e-09
1.69396e-09
1.67137e-09
1.62198e-09
1.54765e-09
1.45205e-09
1.34024e-09
1.21801e-09
1.09113e-09
9.6479e-10
8.43149e-10
7.29204e-10
6.24829e-10
5.30935e-10
4.47689e-10
3.74724e-10
3.11333e-10
2.56612e-10
2.09574e-10
1.69219e-10
1.34583e-10
1.0476e-10
7.89085e-11
5.62495e-11
3.60429e-11
1.75553e-11
9.73913e-34
3.64341e-14
2.4528e-11
4.78501e-11
7.0048e-11
9.11708e-11
1.11267e-10
1.30382e-10
1.48562e-10
1.6585e-10
1.8229e-10
1.9792e-10
2.1278e-10
2.26908e-10
2.40339e-10
2.53108e-10
2.65246e-10
2.76785e-10
2.87755e-10
2.98184e-10
3.08099e-10
3.17525e-10
3.26487e-10
3.35008e-10
3.4311e-10
3.50814e-10
3.58139e-10
3.65105e-10
3.7173e-10
3.7803e-10
3.84021e-10
3.8972e-10
3.9514e-10
4.54343e-10
5.18343e-10
5.87211e-10
6.6089e-10
7.39156e-10
8.21556e-10
9.07348e-10
9.95432e-10
1.08428e-09
1.17187e-09
1.25569e-09
1.33271e-09
1.3995e-09
1.45243e-09
1.48795e-09
1.50294e-09
1.49525e-09
1.46398e-09
1.40988e-09
1.33531e-09
1.24404e-09
1.14081e-09
1.03068e-09
9.18487e-10
8.08357e-10
7.03493e-10
6.06096e-10
5.17449e-10
4.38077e-10
3.67932e-10
3.06569e-10
2.53292e-10
2.07275e-10
1.67638e-10
1.33504e-10
1.04032e-10
7.8428e-11
5.59439e-11
3.58642e-11
1.74735e-11
1.0664e-33
3.04583e-14
2.05139e-11
4.002e-11
5.85869e-11
7.6256e-11
9.30678e-11
1.09061e-10
1.24274e-10
1.38743e-10
1.52504e-10
1.65589e-10
1.78032e-10
1.89864e-10
2.01114e-10
2.11811e-10
2.21982e-10
2.31653e-10
2.40848e-10
2.49591e-10
2.57905e-10
2.6581e-10
2.73328e-10
2.80476e-10
2.87274e-10
2.93739e-10
2.99888e-10
3.05735e-10
3.11297e-10
3.16587e-10
3.21619e-10
3.26406e-10
3.30959e-10
3.80732e-10
4.34632e-10
4.92759e-10
5.5512e-10
6.21598e-10
6.91902e-10
7.6552e-10
8.41656e-10
9.19176e-10
9.96548e-10
1.07181e-09
1.14254e-09
1.20596e-09
1.25897e-09
1.29843e-09
1.3214e-09
1.32554e-09
1.30943e-09
1.27295e-09
1.21733e-09
1.1452e-09
1.06019e-09
9.66574e-10
8.68669e-10
7.70436e-10
6.75146e-10
5.85234e-10
5.02299e-10
4.272e-10
3.60197e-10
3.01114e-10
2.49474e-10
2.04621e-10
1.65807e-10
1.32252e-10
1.03186e-10
7.7868e-11
5.55873e-11
3.56555e-11
1.73779e-11
1.16672e-33
2.52715e-14
1.70276e-11
3.32192e-11
4.86322e-11
6.3301e-11
7.72594e-11
9.05398e-11
1.03174e-10
1.15192e-10
1.26623e-10
1.37495e-10
1.47835e-10
1.57668e-10
1.6702e-10
1.75913e-10
1.84371e-10
1.92414e-10
2.00063e-10
2.07337e-10
2.14254e-10
2.20833e-10
2.2709e-10
2.33042e-10
2.38702e-10
2.44085e-10
2.49206e-10
2.54077e-10
2.58711e-10
2.63119e-10
2.67312e-10
2.71301e-10
2.75097e-10
3.16616e-10
3.61652e-10
4.1032e-10
4.62672e-10
5.18665e-10
5.78132e-10
6.40734e-10
7.05918e-10
7.72865e-10
8.40437e-10
9.07141e-10
9.711e-10
1.03007e-09
1.08152e-09
1.12273e-09
1.15104e-09
1.1641e-09
1.16021e-09
1.13859e-09
1.09963e-09
1.04487e-09
9.76971e-10
8.99301e-10
8.15584e-10
7.29455e-10
6.4412e-10
5.62143e-10
4.85366e-10
4.14939e-10
3.51417e-10
2.94885e-10
2.45091e-10
2.01562e-10
1.63688e-10
1.30798e-10
1.02202e-10
7.72152e-11
5.51708e-11
3.54115e-11
1.72661e-11
1.27527e-33
2.08153e-14
1.40306e-11
2.73727e-11
4.00738e-11
5.21627e-11
6.36672e-11
7.46141e-11
8.50294e-11
9.49381e-11
1.04364e-10
1.13331e-10
1.2186e-10
1.29972e-10
1.37688e-10
1.45027e-10
1.52008e-10
1.58648e-10
1.64963e-10
1.70969e-10
1.76683e-10
1.82117e-10
1.87286e-10
1.92203e-10
1.96881e-10
2.01331e-10
2.05564e-10
2.09591e-10
2.13422e-10
2.17067e-10
2.20535e-10
2.23834e-10
2.26974e-10
2.61345e-10
2.98685e-10
3.39115e-10
3.82712e-10
4.29487e-10
4.79358e-10
5.3212e-10
5.87404e-10
6.44636e-10
7.02996e-10
7.61376e-10
8.18346e-10
8.72157e-10
9.20762e-10
9.61899e-10
9.93234e-10
1.01256e-09
1.01806e-09
1.00856e-09
9.83761e-10
9.44386e-10
8.92139e-10
8.29541e-10
7.59629e-10
6.85595e-10
6.10452e-10
5.36773e-10
4.66558e-10
4.01192e-10
3.4149e-10
2.87792e-10
2.40072e-10
1.9804e-10
1.61239e-10
1.29112e-10
1.01057e-10
7.64543e-11
5.46846e-11
3.51261e-11
1.71352e-11
1.39233e-33
1.70244e-14
1.14795e-11
2.2396e-11
3.27887e-11
4.2681e-11
5.20959e-11
6.10554e-11
6.95809e-11
7.76926e-11
8.54102e-11
9.27525e-11
9.97375e-11
1.06382e-10
1.12704e-10
1.18717e-10
1.24437e-10
1.29879e-10
1.35055e-10
1.3998e-10
1.44664e-10
1.49121e-10
1.5336e-10
1.57394e-10
1.61231e-10
1.64882e-10
1.68356e-10
1.71661e-10
1.74806e-10
1.77798e-10
1.80645e-10
1.83354e-10
1.85932e-10
2.14177e-10
2.44903e-10
2.78234e-10
3.14257e-10
3.53018e-10
3.94495e-10
4.38577e-10
4.85031e-10
5.33475e-10
5.83332e-10
6.33803e-10
6.83826e-10
7.32068e-10
7.76922e-10
8.16552e-10
8.48982e-10
8.72232e-10
8.84516e-10
8.84459e-10
8.71315e-10
8.45136e-10
8.06838e-10
7.58136e-10
7.01358e-10
6.39171e-10
5.74274e-10
5.09138e-10
4.45821e-10
3.85871e-10
3.30325e-10
2.79752e-10
2.34343e-10
1.93998e-10
1.58415e-10
1.2716e-10
9.97271e-11
7.55678e-11
5.41168e-11
3.47925e-11
1.69819e-11
1.51809e-33
1.383e-14
9.32864e-12
1.82001e-11
2.66461e-11
3.46861e-11
4.23387e-11
4.96218e-11
5.65527e-11
6.3148e-11
6.94237e-11
7.53949e-11
8.10763e-11
8.64818e-11
9.16247e-11
9.65177e-11
1.01173e-10
1.05602e-10
1.09816e-10
1.13825e-10
1.17639e-10
1.21269e-10
1.24722e-10
1.28007e-10
1.31133e-10
1.34108e-10
1.36939e-10
1.39632e-10
1.42195e-10
1.44634e-10
1.46955e-10
1.49164e-10
1.51266e-10
1.74311e-10
1.99414e-10
2.26689e-10
2.5623e-10
2.881e-10
3.22318e-10
3.58835e-10
3.97521e-10
4.3813e-10
4.80275e-10
5.23394e-10
5.66722e-10
6.09266e-10
6.49798e-10
6.86869e-10
7.18858e-10
7.44061e-10
7.60829e-10
7.67739e-10
7.63783e-10
7.48541e-10
7.22298e-10
6.86061e-10
6.41475e-10
5.90631e-10
5.3583e-10
4.79333e-10
4.23153e-10
3.68924e-10
3.17845e-10
2.70683e-10
2.27831e-10
1.89373e-10
1.55165e-10
1.24904e-10
9.81838e-11
7.45361e-11
5.34544e-11
3.44024e-11
1.68026e-11
1.65254e-33
1.11625e-14
7.53169e-12
1.46944e-11
2.1514e-11
2.80061e-11
3.41858e-11
4.00676e-11
4.56656e-11
5.09931e-11
5.60629e-11
6.08873e-11
6.54781e-11
6.98465e-11
7.40031e-11
7.79583e-11
8.17218e-11
8.53029e-11
8.87103e-11
9.19527e-11
9.5038e-11
9.79738e-11
1.00767e-10
1.03426e-10
1.05956e-10
1.08363e-10
1.10654e-10
1.12834e-10
1.14909e-10
1.16884e-10
1.18764e-10
1.20552e-10
1.22255e-10
1.40929e-10
1.61295e-10
1.83457e-10
2.07507e-10
2.33515e-10
2.61523e-10
2.91528e-10
3.23465e-10
3.5719e-10
3.92453e-10
4.28875e-10
4.65919e-10
5.02867e-10
5.38804e-10
5.72618e-10
6.0302e-10
6.28597e-10
6.47899e-10
6.59571e-10
6.62496e-10
6.55961e-10
6.39784e-10
6.14393e-10
5.80811e-10
5.40559e-10
4.95484e-10
4.47546e-10
3.9862e-10
3.50339e-10
3.03998e-10
2.60519e-10
2.20468e-10
1.84104e-10
1.51439e-10
1.22303e-10
9.6397e-11
7.33371e-11
5.26824e-11
3.39469e-11
1.65929e-11
1.79546e-33
8.95418e-15
6.04334e-12
1.17908e-11
1.7263e-11
2.24728e-11
2.74322e-11
3.2153e-11
3.66463e-11
4.09228e-11
4.4993e-11
4.88665e-11
5.25529e-11
5.6061e-11
5.93995e-11
6.25766e-11
6.56e-11
6.84771e-11
7.12152e-11
7.38208e-11
7.63005e-11
7.86603e-11
8.09061e-11
8.30434e-11
8.50775e-11
8.70134e-11
8.88559e-11
9.06095e-11
9.22785e-11
9.38671e-11
9.53791e-11
9.68183e-11
9.81882e-11
1.13221e-10
1.29635e-10
1.47521e-10
1.66964e-10
1.88036e-10
2.10791e-10
2.3525e-10
2.61397e-10
2.89154e-10
3.18373e-10
3.48807e-10
3.80091e-10
4.11722e-10
4.43038e-10
4.73208e-10
5.01237e-10
5.25993e-10
5.46256e-10
5.6081e-10
5.68549e-10
5.68613e-10
5.60515e-10
5.44241e-10
5.20293e-10
4.89662e-10
4.5372e-10
4.14071e-10
3.72369e-10
3.30163e-10
2.88769e-10
2.4921e-10
2.12194e-10
1.78132e-10
1.47185e-10
1.19315e-10
9.43337e-11
7.19468e-11
5.17843e-11
3.34157e-11
1.63479e-11
1.94629e-33
7.14071e-15
4.82061e-12
9.40526e-12
1.37706e-11
1.79267e-11
2.18834e-11
2.56498e-11
2.92351e-11
3.26478e-11
3.5896e-11
3.89876e-11
4.19301e-11
4.47306e-11
4.7396e-11
4.99327e-11
5.2347e-11
5.46447e-11
5.68316e-11
5.89129e-11
6.08938e-11
6.27792e-11
6.45736e-11
6.62815e-11
6.79071e-11
6.94543e-11
7.0927e-11
7.23288e-11
7.36631e-11
7.49332e-11
7.61421e-11
7.72929e-11
7.83884e-11
9.04159e-11
1.03561e-10
1.17902e-10
1.33516e-10
1.50472e-10
1.68826e-10
1.88616e-10
2.09852e-10
2.32504e-10
2.56489e-10
2.81658e-10
3.07774e-10
3.34495e-10
3.61354e-10
3.87749e-10
4.12935e-10
4.36033e-10
4.56057e-10
4.71968e-10
4.82749e-10
4.8751e-10
4.85596e-10
4.76691e-10
4.60893e-10
4.38731e-10
4.1113e-10
3.79307e-10
3.44637e-10
3.08507e-10
2.72188e-10
2.3674e-10
2.02967e-10
1.71407e-10
1.42355e-10
1.15898e-10
9.19598e-11
7.03394e-11
5.0742e-11
3.27974e-11
1.60622e-11
2.10407e-33
5.66282e-15
3.82376e-12
7.46042e-12
1.09232e-11
1.42202e-11
1.73591e-11
2.03473e-11
2.3192e-11
2.58999e-11
2.84775e-11
3.09311e-11
3.32665e-11
3.54895e-11
3.76053e-11
3.96192e-11
4.15361e-11
4.33606e-11
4.50973e-11
4.67502e-11
4.83236e-11
4.98212e-11
5.12467e-11
5.26035e-11
5.38951e-11
5.51245e-11
5.62948e-11
5.74089e-11
5.84693e-11
5.94788e-11
6.04398e-11
6.13547e-11
6.22256e-11
7.17914e-11
8.2255e-11
9.36837e-11
1.06144e-10
1.19698e-10
1.34402e-10
1.503e-10
1.67416e-10
1.85751e-10
2.05268e-10
2.25882e-10
2.47447e-10
2.69739e-10
2.92442e-10
3.15132e-10
3.37265e-10
3.58183e-10
3.77113e-10
3.93207e-10
4.05583e-10
4.13402e-10
4.15949e-10
4.12733e-10
4.03565e-10
3.88608e-10
3.6839e-10
3.43749e-10
3.1575e-10
2.85563e-10
2.54343e-10
2.23128e-10
1.92767e-10
1.6389e-10
1.36904e-10
1.1201e-10
8.92409e-11
6.84881e-11
4.9536e-11
3.20796e-11
1.57299e-11
2.2673e-33
4.46693e-15
3.01685e-12
5.88613e-12
8.6183e-12
1.12198e-11
1.36966e-11
1.60547e-11
1.82996e-11
2.04367e-11
2.24712e-11
2.44079e-11
2.62514e-11
2.80063e-11
2.96769e-11
3.1267e-11
3.27807e-11
3.42215e-11
3.55931e-11
3.68987e-11
3.81415e-11
3.93245e-11
4.04507e-11
4.15227e-11
4.25432e-11
4.35147e-11
4.44395e-11
4.532e-11
4.61581e-11
4.6956e-11
4.77156e-11
4.84388e-11
4.91273e-11
5.66923e-11
6.49737e-11
7.40278e-11
8.39112e-11
9.4679e-11
1.06383e-10
1.19067e-10
1.32764e-10
1.4749e-10
1.63238e-10
1.79967e-10
1.97593e-10
2.15977e-10
2.34912e-10
2.54107e-10
2.73181e-10
2.91653e-10
3.08939e-10
3.24373e-10
3.37225e-10
3.46754e-10
3.52269e-10
3.53202e-10
3.49189e-10
3.40128e-10
3.26222e-10
3.07971e-10
2.86124e-10
2.616e-10
2.35387e-10
2.08442e-10
1.81608e-10
1.55565e-10
1.30801e-10
1.07617e-10
8.61441e-11
6.63658e-11
4.81465e-11
3.12494e-11
1.53446e-11
2.43383e-33
3.50561e-15
2.36801e-12
4.62023e-12
6.76488e-12
8.80698e-12
1.07513e-11
1.26026e-11
1.43651e-11
1.6043e-11
1.76405e-11
1.91612e-11
2.0609e-11
2.19872e-11
2.32992e-11
2.45482e-11
2.57373e-11
2.68692e-11
2.79467e-11
2.89725e-11
2.9949e-11
3.08786e-11
3.17636e-11
3.26061e-11
3.34082e-11
3.41718e-11
3.48987e-11
3.55908e-11
3.62497e-11
3.6877e-11
3.74743e-11
3.80429e-11
3.85842e-11
4.45346e-11
5.10528e-11
5.81854e-11
6.59796e-11
7.44828e-11
8.37407e-11
9.3795e-11
1.04681e-10
1.16423e-10
1.2903e-10
1.42489e-10
1.56758e-10
1.71756e-10
1.87353e-10
2.03359e-10
2.19513e-10
2.35474e-10
2.50817e-10
2.65034e-10
2.77549e-10
2.87742e-10
2.94992e-10
2.98731e-10
2.98512e-10
2.94065e-10
2.85352e-10
2.72591e-10
2.56241e-10
2.36962e-10
2.15541e-10
1.92805e-10
1.69543e-10
1.46438e-10
1.24029e-10
1.02692e-10
8.26407e-11
6.39469e-11
4.65533e-11
3.02933e-11
1.48995e-11
2.60068e-33
2.73757e-15
1.84949e-12
3.60856e-12
5.28365e-12
6.87869e-12
8.39745e-12
9.84351e-12
1.12203e-11
1.25312e-11
1.37792e-11
1.49674e-11
1.60986e-11
1.71755e-11
1.82008e-11
1.91769e-11
2.01062e-11
2.09908e-11
2.18331e-11
2.26349e-11
2.33983e-11
2.41251e-11
2.4817e-11
2.54757e-11
2.61029e-11
2.67e-11
2.72684e-11
2.78097e-11
2.8325e-11
2.88156e-11
2.92828e-11
2.97275e-11
3.0151e-11
3.48068e-11
3.991e-11
4.54984e-11
5.16109e-11
5.82873e-11
6.55669e-11
7.34873e-11
8.20822e-11
9.13792e-11
1.01396e-10
1.12137e-10
1.23584e-10
1.35698e-10
1.48399e-10
1.6157e-10
1.75038e-10
1.8857e-10
2.01864e-10
2.14549e-10
2.26183e-10
2.36273e-10
2.44293e-10
2.49726e-10
2.52107e-10
2.51083e-10
2.46457e-10
2.38233e-10
2.26627e-10
2.12056e-10
1.95091e-10
1.76399e-10
1.56672e-10
1.36554e-10
1.16595e-10
9.72196e-11
7.87093e-11
6.12095e-11
4.4738e-11
2.91983e-11
1.43881e-11
2.76394e-33
2.1274e-15
1.43745e-12
2.80465e-12
4.10659e-12
5.34635e-12
6.52686e-12
7.6509e-12
8.72116e-12
9.74019e-12
1.07104e-11
1.16342e-11
1.25137e-11
1.3351e-11
1.41483e-11
1.49073e-11
1.56299e-11
1.6318e-11
1.6973e-11
1.75967e-11
1.81904e-11
1.87558e-11
1.9294e-11
1.98065e-11
2.02944e-11
2.07589e-11
2.12013e-11
2.16224e-11
2.20234e-11
2.24052e-11
2.27687e-11
2.31148e-11
2.34444e-11
2.70687e-11
3.10433e-11
3.53985e-11
4.01662e-11
4.5379e-11
5.10701e-11
5.72719e-11
6.40152e-11
7.13272e-11
7.92291e-11
8.77336e-11
9.68402e-11
1.06531e-10
1.16766e-10
1.27472e-10
1.38543e-10
1.49822e-10
1.61104e-10
1.72125e-10
1.82559e-10
1.92028e-10
2.00108e-10
2.06358e-10
2.10346e-10
2.11693e-10
2.1012e-10
2.05487e-10
1.9782e-10
1.87328e-10
1.74378e-10
1.59463e-10
1.43144e-10
1.25992e-10
1.08533e-10
9.12064e-11
7.43394e-11
5.81373e-11
4.26848e-11
2.79524e-11
1.38041e-11
2.91862e-33
1.64518e-15
1.11175e-12
2.16918e-12
3.17615e-12
4.13505e-12
5.04814e-12
5.91759e-12
6.74547e-12
7.53375e-12
8.28431e-12
8.99894e-12
9.67938e-12
1.03272e-11
1.09441e-11
1.15314e-11
1.20906e-11
1.2623e-11
1.31299e-11
1.36126e-11
1.40721e-11
1.45097e-11
1.49263e-11
1.53229e-11
1.57006e-11
1.60602e-11
1.64026e-11
1.67287e-11
1.70391e-11
1.73347e-11
1.76161e-11
1.78841e-11
1.81393e-11
2.09463e-11
2.40258e-11
2.74023e-11
3.1101e-11
3.51487e-11
3.95726e-11
4.44001e-11
4.9658e-11
5.53713e-11
6.15617e-11
6.82454e-11
7.54309e-11
8.31151e-11
9.12795e-11
9.98851e-11
1.08867e-10
1.18126e-10
1.27527e-10
1.36887e-10
1.45974e-10
1.5451e-10
1.62167e-10
1.68587e-10
1.73396e-10
1.76236e-10
1.76798e-10
1.74862e-10
1.70328e-10
1.63238e-10
1.53782e-10
1.42282e-10
1.29156e-10
1.14876e-10
9.99085e-11
8.46798e-11
6.95357e-11
5.47235e-11
4.03831e-11
2.65465e-11
1.31421e-11
3.0586e-33
1.26592e-15
8.55545e-13
1.66929e-12
2.44422e-12
3.18216e-12
3.88488e-12
4.55402e-12
5.19118e-12
5.79789e-12
6.37559e-12
6.92566e-12
7.44943e-12
7.94813e-12
8.42298e-12
8.87512e-12
9.30562e-12
9.71552e-12
1.01058e-11
1.04774e-11
1.08313e-11
1.11682e-11
1.1489e-11
1.17945e-11
1.20853e-11
1.23623e-11
1.2626e-11
1.28771e-11
1.31162e-11
1.33439e-11
1.35607e-11
1.37671e-11
1.39637e-11
1.61263e-11
1.84998e-11
2.11034e-11
2.39573e-11
2.70827e-11
3.05019e-11
3.42374e-11
3.83119e-11
4.27473e-11
4.75637e-11
5.27783e-11
5.84033e-11
6.4444e-11
7.08954e-11
7.77391e-11
8.49384e-11
9.24343e-11
1.00139e-10
1.07932e-10
1.15654e-10
1.23104e-10
1.3004e-10
1.36184e-10
1.41231e-10
1.44867e-10
1.46794e-10
1.46762e-10
1.44595e-10
1.40221e-10
1.33691e-10
1.25175e-10
1.1495e-10
1.0337e-10
9.08244e-11
7.76952e-11
6.43221e-11
5.09735e-11
3.78295e-11
2.49748e-11
1.23984e-11
3.17657e-33
9.68956e-16
6.54905e-13
1.27781e-12
1.87102e-12
2.43593e-12
2.97387e-12
3.48612e-12
3.97391e-12
4.4384e-12
4.88069e-12
5.30184e-12
5.70286e-12
6.08471e-12
6.44831e-12
6.79452e-12
7.12418e-12
7.43808e-12
7.73698e-12
8.02158e-12
8.29258e-12
8.55062e-12
8.79634e-12
9.0303e-12
9.25309e-12
9.46523e-12
9.66723e-12
9.85959e-12
1.00427e-11
1.02172e-11
1.03832e-11
1.05414e-11
1.0692e-11
1.23491e-11
1.41684e-11
1.61648e-11
1.83544e-11
2.07538e-11
2.33808e-11
2.62538e-11
2.93913e-11
3.2812e-11
3.65336e-11
4.05723e-11
4.49415e-11
4.96502e-11
5.47012e-11
6.00882e-11
6.57933e-11
7.17829e-11
7.80034e-11
8.43774e-11
9.07986e-11
9.71281e-11
1.03193e-10
1.08784e-10
1.13665e-10
1.17576e-10
1.20256e-10
1.21456e-10
1.20972e-10
1.18663e-10
1.1448e-10
1.08473e-10
1.00793e-10
9.16762e-11
8.14178e-11
7.03377e-11
5.87453e-11
4.69085e-11
3.50308e-11
2.32376e-11
1.15718e-11
3.26422e-33
7.374e-16
4.98435e-13
9.7252e-13
1.424e-12
1.85396e-12
2.26339e-12
2.65328e-12
3.02456e-12
3.37811e-12
3.71478e-12
4.03536e-12
4.34063e-12
4.63131e-12
4.90811e-12
5.17167e-12
5.42265e-12
5.66163e-12
5.8892e-12
6.10589e-12
6.31223e-12
6.50871e-12
6.6958e-12
6.87396e-12
7.04361e-12
7.20515e-12
7.35898e-12
7.50547e-12
7.64496e-12
7.77779e-12
7.90427e-12
8.02472e-12
8.13942e-12
9.40165e-12
1.07879e-11
1.23096e-11
1.39791e-11
1.58098e-11
1.78155e-11
2.00108e-11
2.24108e-11
2.50308e-11
2.78858e-11
3.09903e-11
3.4357e-11
3.79963e-11
4.19145e-11
4.61126e-11
5.05836e-11
5.53103e-11
6.02618e-11
6.53905e-11
7.06277e-11
7.58806e-11
8.10286e-11
8.59221e-11
9.03831e-11
9.42089e-11
9.71813e-11
9.90793e-11
9.96978e-11
9.88681e-11
9.64794e-11
9.24957e-11
8.69654e-11
8.00192e-11
7.18564e-11
6.27218e-11
5.28765e-11
4.25681e-11
3.20059e-11
2.13422e-11
1.06644e-11
3.3125e-33
5.57541e-16
3.76884e-13
7.35359e-13
1.07675e-12
1.40186e-12
1.71146e-12
2.00629e-12
2.28704e-12
2.5544e-12
2.80899e-12
3.05143e-12
3.28229e-12
3.50213e-12
3.71147e-12
3.91081e-12
4.10063e-12
4.28138e-12
4.4535e-12
4.61741e-12
4.77348e-12
4.9221e-12
5.06363e-12
5.1984e-12
5.32673e-12
5.44894e-12
5.56531e-12
5.67613e-12
5.78166e-12
5.88215e-12
5.97785e-12
6.06898e-12
6.15576e-12
7.11086e-12
8.16001e-12
9.31206e-12
1.05765e-11
1.19636e-11
1.34842e-11
1.51498e-11
1.69722e-11
1.8964e-11
2.11373e-11
2.35045e-11
2.60769e-11
2.88646e-11
3.18754e-11
3.51136e-11
3.85786e-11
4.22631e-11
4.61507e-11
5.02137e-11
5.44092e-11
5.86772e-11
6.29365e-11
6.70828e-11
7.09875e-11
7.44982e-11
7.74427e-11
7.96365e-11
8.08944e-11
8.10457e-11
7.9952e-11
7.75243e-11
7.3737e-11
6.86346e-11
6.23289e-11
5.49868e-11
4.68103e-11
3.80113e-11
2.8788e-11
1.9305e-11
9.68234e-12
3.3121e-33
4.18337e-16
2.828e-13
5.51787e-13
8.07955e-13
1.05191e-12
1.28423e-12
1.50547e-12
1.71615e-12
1.91678e-12
2.10784e-12
2.28978e-12
2.46303e-12
2.62801e-12
2.78512e-12
2.93473e-12
3.07719e-12
3.21286e-12
3.34204e-12
3.46507e-12
3.58221e-12
3.69377e-12
3.8e-12
3.90116e-12
3.9975e-12
4.08923e-12
4.17659e-12
4.25978e-12
4.339e-12
4.41444e-12
4.48628e-12
4.5547e-12
4.61985e-12
5.33695e-12
6.12482e-12
6.99018e-12
7.94028e-12
8.98292e-12
1.01265e-11
1.13798e-11
1.27522e-11
1.42534e-11
1.58935e-11
1.76823e-11
1.96295e-11
2.17442e-11
2.4034e-11
2.65047e-11
2.91589e-11
3.19949e-11
3.50053e-11
3.81748e-11
4.1478e-11
4.48773e-11
4.83197e-11
5.17347e-11
5.50323e-11
5.8102e-11
6.08138e-11
6.30215e-11
6.45694e-11
6.53023e-11
6.50782e-11
6.37834e-11
6.13464e-11
5.77491e-11
5.30316e-11
4.72892e-11
4.06616e-11
3.33156e-11
2.54248e-11
1.71518e-11
8.63662e-12
3.25413e-33
3.10948e-16
2.10213e-13
4.10159e-13
6.00577e-13
7.81919e-13
9.54614e-13
1.11907e-12
1.27569e-12
1.42483e-12
1.56686e-12
1.70211e-12
1.83091e-12
1.95356e-12
2.07036e-12
2.18159e-12
2.28751e-12
2.38837e-12
2.48442e-12
2.57588e-12
2.66299e-12
2.74593e-12
2.82492e-12
2.90014e-12
2.97177e-12
3.03998e-12
3.10494e-12
3.1668e-12
3.2257e-12
3.2818e-12
3.33523e-12
3.3861e-12
3.43455e-12
3.96786e-12
4.55389e-12
5.1977e-12
5.90473e-12
6.68089e-12
7.53249e-12
8.46631e-12
9.48951e-12
1.06096e-11
1.18344e-11
1.31719e-11
1.46299e-11
1.62162e-11
1.79375e-11
1.97997e-11
2.18068e-11
2.396e-11
2.62569e-11
2.86901e-11
3.12452e-11
3.38995e-11
3.66195e-11
3.93591e-11
4.2057e-11
4.46356e-11
4.70005e-11
4.90408e-11
5.06329e-11
5.16456e-11
5.19491e-11
5.14257e-11
4.99822e-11
4.75617e-11
4.41522e-11
3.97902e-11
3.45576e-11
2.8573e-11
2.1977e-11
1.49181e-11
7.54306e-12
3.13088e-33
2.28323e-16
1.54361e-13
3.01184e-13
4.4101e-13
5.74172e-13
7.00987e-13
8.21754e-13
9.36763e-13
1.04629e-12
1.15059e-12
1.24991e-12
1.3445e-12
1.43457e-12
1.52035e-12
1.60203e-12
1.67982e-12
1.7539e-12
1.82444e-12
1.89162e-12
1.95559e-12
2.01651e-12
2.07452e-12
2.12977e-12
2.18238e-12
2.23249e-12
2.2802e-12
2.32564e-12
2.36891e-12
2.41011e-12
2.44935e-12
2.48672e-12
2.52231e-12
2.91409e-12
3.34465e-12
3.81775e-12
4.33741e-12
4.90803e-12
5.53433e-12
6.22138e-12
6.97458e-12
7.79964e-12
8.70252e-12
9.68941e-12
1.07665e-11
1.194e-11
1.32158e-11
1.4599e-11
1.60938e-11
1.77028e-11
1.94262e-11
2.12609e-11
2.31995e-11
2.5229e-11
2.73287e-11
2.94694e-11
3.16105e-11
3.36993e-11
3.56692e-11
3.74396e-11
3.89166e-11
3.99959e-11
4.05677e-11
4.05243e-11
3.9769e-11
3.82263e-11
3.58523e-11
3.26407e-11
2.86265e-11
2.38829e-11
1.85142e-11
1.26466e-11
6.4216e-12
2.93655e-33
1.64844e-16
1.11448e-13
2.17454e-13
3.18409e-13
4.14554e-13
5.06115e-13
5.93311e-13
6.76351e-13
7.5543e-13
8.30738e-13
9.02455e-13
9.70752e-13
1.03579e-12
1.09773e-12
1.15671e-12
1.21288e-12
1.26637e-12
1.31731e-12
1.36582e-12
1.41201e-12
1.45601e-12
1.4979e-12
1.5378e-12
1.57579e-12
1.61197e-12
1.64643e-12
1.67924e-12
1.71049e-12
1.74025e-12
1.76859e-12
1.79558e-12
1.82128e-12
2.10424e-12
2.41525e-12
2.75702e-12
3.1325e-12
3.54489e-12
3.99765e-12
4.49449e-12
5.03939e-12
5.63658e-12
6.29053e-12
7.00588e-12
7.7874e-12
8.63986e-12
9.56794e-12
1.0576e-11
1.16678e-11
1.28461e-11
1.41124e-11
1.5466e-11
1.69034e-11
1.84175e-11
1.99963e-11
2.16214e-11
2.3267e-11
2.48982e-11
2.64696e-11
2.79246e-11
2.91948e-11
3.02016e-11
3.0858e-11
3.10732e-11
3.07591e-11
2.98378e-11
2.82505e-11
2.59654e-11
2.29836e-11
1.93411e-11
1.51079e-11
1.03836e-11
5.29452e-12
2.66753e-33
1.1601e-16
7.84343e-14
1.53038e-13
2.24088e-13
2.91752e-13
3.56192e-13
4.17559e-13
4.76002e-13
5.31658e-13
5.8466e-13
6.35135e-13
6.83203e-13
7.28979e-13
7.72572e-13
8.14086e-13
8.5362e-13
8.91269e-13
9.27123e-13
9.61267e-13
9.93782e-13
1.02475e-12
1.05424e-12
1.08232e-12
1.10906e-12
1.13453e-12
1.15878e-12
1.18188e-12
1.20388e-12
1.22483e-12
1.24478e-12
1.26377e-12
1.28187e-12
1.48106e-12
1.70001e-12
1.94066e-12
2.20507e-12
2.49553e-12
2.81449e-12
3.1646e-12
3.5487e-12
3.96984e-12
4.43124e-12
4.93628e-12
5.48846e-12
6.09134e-12
6.74847e-12
7.46324e-12
8.23874e-12
9.07751e-12
9.98127e-12
1.09505e-11
1.19838e-11
1.30777e-11
1.42253e-11
1.54156e-11
1.66326e-11
1.78539e-11
1.90497e-11
2.01816e-11
2.12021e-11
2.20547e-11
2.26743e-11
2.29902e-11
2.29293e-11
2.24218e-11
2.14081e-11
1.98454e-11
1.77149e-11
1.50265e-11
1.18213e-11
8.17187e-12
4.18331e-12
2.32174e-33
7.81545e-17
5.2841e-14
1.03102e-13
1.50968e-13
1.96554e-13
2.39967e-13
2.81311e-13
3.20684e-13
3.58181e-13
3.93889e-13
4.27896e-13
4.60281e-13
4.91121e-13
5.20492e-13
5.48462e-13
5.75098e-13
6.00464e-13
6.24621e-13
6.47626e-13
6.69534e-13
6.90397e-13
7.10266e-13
7.29187e-13
7.47207e-13
7.64367e-13
7.80709e-13
7.96272e-13
8.11094e-13
8.25209e-13
8.3865e-13
8.51452e-13
8.63643e-13
9.97865e-13
1.14542e-12
1.3076e-12
1.48582e-12
1.68162e-12
1.89667e-12
2.13277e-12
2.39186e-12
2.67603e-12
2.98749e-12
3.32857e-12
3.70171e-12
4.10942e-12
4.55421e-12
5.03855e-12
5.56477e-12
6.13486e-12
6.75038e-12
7.41214e-12
8.11989e-12
8.87193e-12
9.6646e-12
1.04916e-11
1.13435e-11
1.22064e-11
1.30615e-11
1.38843e-11
1.46433e-11
1.53003e-11
1.58099e-11
1.6121e-11
1.61787e-11
1.59274e-11
1.53157e-11
1.43019e-11
1.28598e-11
1.09844e-11
8.69566e-12
6.04224e-12
3.10411e-12
1.89643e-33
4.81654e-17
3.25655e-14
6.35409e-14
9.30407e-14
1.21135e-13
1.4789e-13
1.73371e-13
1.97637e-13
2.20746e-13
2.42753e-13
2.63712e-13
2.83671e-13
3.02679e-13
3.2078e-13
3.38019e-13
3.54436e-13
3.70069e-13
3.84958e-13
3.99137e-13
4.1264e-13
4.25499e-13
4.37745e-13
4.49407e-13
4.60513e-13
4.7109e-13
4.81163e-13
4.90755e-13
4.9989e-13
5.0859e-13
5.16876e-13
5.24766e-13
5.3228e-13
6.15013e-13
7.05967e-13
8.05944e-13
9.15819e-13
1.03654e-12
1.16915e-12
1.31476e-12
1.47459e-12
1.64992e-12
1.84215e-12
2.05273e-12
2.28321e-12
2.53517e-12
2.81024e-12
3.11001e-12
3.43601e-12
3.78963e-12
4.172e-12
4.58384e-12
5.0253e-12
5.49568e-12
5.99318e-12
6.51446e-12
7.05423e-12
7.60468e-12
8.15496e-12
8.69049e-12
9.19242e-12
9.63722e-12
9.99649e-12
1.02373e-11
1.03232e-11
1.02159e-11
9.87827e-12
9.27772e-12
8.39071e-12
7.20714e-12
5.73449e-12
4.00144e-12
2.06166e-12
1.38323e-33
2.31603e-17
1.56592e-14
3.05538e-14
4.47389e-14
5.82481e-14
7.11136e-14
8.3366e-14
9.50344e-14
1.06147e-13
1.16729e-13
1.26807e-13
1.36405e-13
1.45545e-13
1.5425e-13
1.62539e-13
1.70433e-13
1.77951e-13
1.85111e-13
1.91929e-13
1.98422e-13
2.04606e-13
2.10495e-13
2.16103e-13
2.21443e-13
2.2653e-13
2.31373e-13
2.35986e-13
2.40379e-13
2.44563e-13
2.48547e-13
2.52342e-13
2.55955e-13
2.95742e-13
3.39483e-13
3.87565e-13
4.4041e-13
4.98477e-13
5.62265e-13
6.32315e-13
7.09212e-13
7.93582e-13
8.86099e-13
9.87474e-13
1.09846e-12
1.21983e-12
1.35238e-12
1.49691e-12
1.65419e-12
1.82493e-12
2.00972e-12
2.20898e-12
2.42288e-12
2.65119e-12
2.89318e-12
3.14742e-12
3.41155e-12
3.68206e-12
3.95393e-12
4.2204e-12
4.47258e-12
4.69922e-12
4.88657e-12
5.0184e-12
5.07641e-12
5.04094e-12
4.89231e-12
4.61259e-12
4.18787e-12
3.61076e-12
2.8829e-12
2.01744e-12
1.04153e-12
7.59154e-34
6.85578e-42
9.02639e-41
2.96879e-40
5.96496e-40
9.58446e-40
1.35823e-39
1.77649e-39
2.19809e-39
2.61144e-39
3.0078e-39
3.3808e-39
3.72599e-39
4.04046e-39
4.32252e-39
4.5715e-39
4.78745e-39
4.97104e-39
5.12339e-39
5.24591e-39
5.34029e-39
5.40832e-39
5.45192e-39
5.47301e-39
5.47355e-39
5.45544e-39
5.42051e-39
5.37057e-39
5.30729e-39
5.23227e-39
5.14702e-39
5.05294e-39
3.34648e-38
7.93142e-38
1.14911e-37
1.64698e-37
2.33912e-37
3.29633e-37
4.61415e-37
6.42121e-37
8.89039e-37
1.22536e-36
1.68213e-36
2.30083e-36
3.1368e-36
4.26365e-36
5.77909e-36
7.81244e-36
1.05343e-35
1.41691e-35
1.90102e-35
2.54399e-35
3.39524e-35
4.51821e-35
5.99351e-35
7.92239e-35
1.043e-34
1.36679e-34
1.78151e-34
2.30749e-34
2.96661e-34
3.78046e-34
4.76701e-34
5.93526e-34
7.27734e-34
8.7573e-34
1.02967e-33
1.17572e-33
1.29213e-33
1.34746e-33
1.29932e-33
1.09457e-33
6.72373e-34
2.63442e-34
