-2.46959e-40
-3.25149e-39
-1.06942e-38
-2.1487e-38
-3.45251e-38
-4.89261e-38
-6.39924e-38
-7.91793e-38
-9.40687e-38
-1.08346e-37
-1.21782e-37
-1.34216e-37
-1.45544e-37
-1.55704e-37
-1.64672e-37
-1.72451e-37
-1.79064e-37
-1.84551e-37
-1.88964e-37
-1.92364e-37
-1.94814e-37
-1.96384e-37
-1.97144e-37
-1.97163e-37
-1.9651e-37
-1.95252e-37
-1.93452e-37
-1.91173e-37
-1.8847e-37
-1.854e-37
-1.8201e-37
-1.20542e-36
-2.85691e-36
-4.13904e-36
-5.93221e-36
-8.42497e-36
-1.18722e-35
-1.66179e-35
-2.31248e-35
-3.2015e-35
-4.41227e-35
-6.05642e-35
-8.28305e-35
-1.12909e-34
-1.53443e-34
-2.07936e-34
-2.81023e-34
-3.78811e-34
-5.09317e-34
-6.83012e-34
-9.13497e-34
-1.21832e-33
-1.61992e-33
-2.14672e-33
-2.83418e-33
-3.7259e-33
-4.87426e-33
-6.34039e-33
-8.19276e-33
-1.05036e-32
-1.33417e-32
-1.67606e-32
-2.07796e-32
-2.53567e-32
-3.03525e-32
-3.5484e-32
-4.02722e-32
-4.39858e-32
-4.55908e-32
-4.37162e-32
-3.66555e-32
-2.24452e-32
-4.12074e-33
2.84836e-17
1.92583e-14
3.75761e-14
5.50214e-14
7.16354e-14
8.74578e-14
1.02526e-13
1.16876e-13
1.30542e-13
1.43557e-13
1.55951e-13
1.67754e-13
1.78995e-13
1.897e-13
1.99894e-13
2.09602e-13
2.18848e-13
2.27652e-13
2.36037e-13
2.44022e-13
2.51627e-13
2.58869e-13
2.65765e-13
2.72333e-13
2.78588e-13
2.84545e-13
2.90217e-13
2.9562e-13
3.00765e-13
3.05664e-13
3.1033e-13
3.14774e-13
3.637e-13
4.17487e-13
4.7661e-13
5.41586e-13
6.12978e-13
6.91398e-13
7.77507e-13
8.72021e-13
9.75705e-13
1.08938e-12
1.21391e-12
1.3502e-12
1.4992e-12
1.66185e-12
1.83911e-12
2.03188e-12
2.24097e-12
2.46705e-12
2.71055e-12
2.97154e-12
3.24961e-12
3.54367e-12
3.85174e-12
4.17067e-12
4.49581e-12
4.82071e-12
5.13669e-12
5.43254e-12
5.69429e-12
5.90505e-12
6.0453e-12
6.09342e-12
6.02687e-12
5.82382e-12
5.46544e-12
4.93841e-12
4.23757e-12
3.36826e-12
2.34812e-12
1.20898e-12
-2.39649e-32
5.95522e-17
4.02639e-14
7.85618e-14
1.15035e-13
1.49771e-13
1.82851e-13
2.14354e-13
2.44356e-13
2.72928e-13
3.00137e-13
3.2605e-13
3.50727e-13
3.74227e-13
3.96607e-13
4.1792e-13
4.38216e-13
4.57545e-13
4.75952e-13
4.93482e-13
5.10176e-13
5.26074e-13
5.41214e-13
5.55632e-13
5.69362e-13
5.82439e-13
5.94891e-13
6.0675e-13
6.18044e-13
6.288e-13
6.39043e-13
6.48797e-13
6.58087e-13
7.60366e-13
8.72803e-13
9.96388e-13
1.1322e-12
1.28141e-12
1.44529e-12
1.62523e-12
1.82269e-12
2.03927e-12
2.27667e-12
2.53667e-12
2.82113e-12
3.13197e-12
3.47114e-12
3.84053e-12
4.24194e-12
4.67693e-12
5.14672e-12
5.65199e-12
6.19262e-12
6.7674e-12
7.37364e-12
8.00669e-12
8.65937e-12
9.32135e-12
9.97842e-12
1.06119e-11
1.11978e-11
1.17069e-11
1.21043e-11
1.23506e-11
1.24031e-11
1.22185e-11
1.17566e-11
1.09843e-11
9.88107e-12
8.44261e-12
6.68466e-12
4.64517e-12
2.38637e-12
-4.35809e-32
9.74298e-17
6.58724e-14
1.28528e-13
1.88199e-13
2.45026e-13
2.99145e-13
3.50684e-13
3.99767e-13
4.46509e-13
4.91023e-13
5.33415e-13
5.73785e-13
6.1223e-13
6.48842e-13
6.83708e-13
7.16911e-13
7.48531e-13
7.78643e-13
8.07319e-13
8.34628e-13
8.60634e-13
8.854e-13
9.08986e-13
9.31447e-13
9.52837e-13
9.73207e-13
9.92607e-13
1.01108e-12
1.02867e-12
1.04543e-12
1.06139e-12
1.07658e-12
1.24388e-12
1.42778e-12
1.6299e-12
1.852e-12
2.09597e-12
2.3639e-12
2.65801e-12
2.9807e-12
3.33454e-12
3.72224e-12
4.14666e-12
4.61077e-12
5.11759e-12
5.67013e-12
6.27132e-12
6.92381e-12
7.62985e-12
8.39097e-12
9.20773e-12
1.00792e-11
1.10026e-11
1.19725e-11
1.29799e-11
1.40118e-11
1.50497e-11
1.60687e-11
1.7037e-11
1.79147e-11
1.86539e-11
1.91993e-11
1.94902e-11
1.94632e-11
1.90572e-11
1.82192e-11
1.69101e-11
1.51117e-11
1.28308e-11
1.01017e-11
6.98701e-12
3.57798e-12
-5.95727e-32
1.46213e-16
9.88523e-14
1.92877e-13
2.82422e-13
3.677e-13
4.48914e-13
5.26255e-13
5.9991e-13
6.70052e-13
7.3685e-13
8.00462e-13
8.6104e-13
9.18729e-13
9.73667e-13
1.02598e-12
1.07581e-12
1.12325e-12
1.16844e-12
1.21146e-12
1.25244e-12
1.29146e-12
1.32862e-12
1.36401e-12
1.39771e-12
1.42981e-12
1.46037e-12
1.48947e-12
1.51719e-12
1.54359e-12
1.56873e-12
1.59267e-12
1.61547e-12
1.86646e-12
2.14234e-12
2.44552e-12
2.77861e-12
3.14446e-12
3.54614e-12
3.98696e-12
4.47046e-12
5.00041e-12
5.5808e-12
6.21577e-12
6.9096e-12
7.66658e-12
8.49095e-12
9.38664e-12
1.03571e-11
1.14051e-11
1.25319e-11
1.37374e-11
1.50187e-11
1.63699e-11
1.77807e-11
1.92355e-11
2.07119e-11
2.21793e-11
2.35981e-11
2.49182e-11
2.60789e-11
2.70096e-11
2.7632e-11
2.78631e-11
2.76215e-11
2.68341e-11
2.54443e-11
2.34195e-11
2.07571e-11
1.74873e-11
1.36724e-11
9.40337e-12
4.79677e-12
-7.26578e-32
2.10604e-16
1.42382e-13
2.77812e-13
4.06788e-13
5.29617e-13
6.46591e-13
7.57987e-13
8.64072e-13
9.65098e-13
1.0613e-12
1.15292e-12
1.24017e-12
1.32326e-12
1.40238e-12
1.47773e-12
1.54948e-12
1.61781e-12
1.68288e-12
1.74484e-12
1.80385e-12
1.86005e-12
1.91356e-12
1.96452e-12
2.01306e-12
2.05927e-12
2.10328e-12
2.1452e-12
2.18511e-12
2.22312e-12
2.25932e-12
2.29379e-12
2.32662e-12
2.68801e-12
3.0852e-12
3.52163e-12
4.00103e-12
4.52746e-12
5.10529e-12
5.73921e-12
6.43421e-12
7.19558e-12
8.02888e-12
8.93982e-12
9.93423e-12
1.10179e-11
1.21962e-11
1.34742e-11
1.48559e-11
1.63437e-11
1.79383e-11
1.96372e-11
2.14338e-11
2.33167e-11
2.52674e-11
2.72594e-11
2.92561e-11
3.12094e-11
3.30581e-11
3.47281e-11
3.61323e-11
3.71734e-11
3.77481e-11
3.77538e-11
3.70973e-11
3.57044e-11
3.35295e-11
3.05626e-11
2.6833e-11
2.24073e-11
1.73832e-11
1.18805e-11
6.03456e-12
-8.31119e-32
2.96496e-16
2.00444e-13
3.91098e-13
5.72667e-13
7.45581e-13
9.10251e-13
1.06707e-12
1.21641e-12
1.35862e-12
1.49405e-12
1.62302e-12
1.74583e-12
1.86278e-12
1.97416e-12
2.08021e-12
2.18121e-12
2.27739e-12
2.36897e-12
2.45619e-12
2.53925e-12
2.61834e-12
2.69366e-12
2.76538e-12
2.83368e-12
2.89873e-12
2.96067e-12
3.01966e-12
3.07583e-12
3.12932e-12
3.18026e-12
3.22877e-12
3.27497e-12
3.78352e-12
4.34235e-12
4.95628e-12
5.63052e-12
6.37069e-12
7.18284e-12
8.07343e-12
9.04932e-12
1.01177e-11
1.1286e-11
1.2562e-11
1.39531e-11
1.54667e-11
1.71095e-11
1.88872e-11
2.08036e-11
2.28603e-11
2.50551e-11
2.73812e-11
2.98253e-11
3.23662e-11
3.49725e-11
3.76004e-11
4.01923e-11
4.26744e-11
4.49567e-11
4.69336e-11
4.84863e-11
4.94885e-11
4.98144e-11
4.93491e-11
4.80003e-11
4.571e-11
4.24636e-11
3.82932e-11
3.32761e-11
2.75256e-11
2.11782e-11
1.4379e-11
7.27127e-12
-9.10479e-32
4.11579e-16
2.78232e-13
5.42874e-13
7.94904e-13
1.03492e-12
1.26349e-12
1.48115e-12
1.68843e-12
1.88582e-12
2.07379e-12
2.25279e-12
2.42325e-12
2.58556e-12
2.74013e-12
2.88732e-12
3.02749e-12
3.16096e-12
3.28806e-12
3.40909e-12
3.52435e-12
3.6341e-12
3.73862e-12
3.83815e-12
3.93292e-12
4.02318e-12
4.10913e-12
4.19097e-12
4.26891e-12
4.34313e-12
4.41381e-12
4.48112e-12
4.54522e-12
5.25074e-12
6.02588e-12
6.87726e-12
7.81201e-12
8.83781e-12
9.96288e-12
1.11959e-11
1.25462e-11
1.40232e-11
1.56367e-11
1.73965e-11
1.93123e-11
2.13928e-11
2.36456e-11
2.60763e-11
2.86874e-11
3.14775e-11
3.44391e-11
3.75571e-11
4.08066e-11
4.41505e-11
4.75368e-11
5.08959e-11
5.41394e-11
5.71584e-11
5.98251e-11
6.19955e-11
6.35166e-11
6.42354e-11
6.40124e-11
6.27355e-11
6.03343e-11
5.67912e-11
5.21458e-11
4.64923e-11
3.99689e-11
3.27407e-11
2.49802e-11
1.6848e-11
8.48217e-12
-9.65665e-32
5.66023e-16
3.82616e-13
7.46542e-13
1.09312e-12
1.42317e-12
1.73748e-12
2.03679e-12
2.32182e-12
2.59324e-12
2.8517e-12
3.09782e-12
3.33219e-12
3.55536e-12
3.76788e-12
3.97025e-12
4.16295e-12
4.34645e-12
4.52118e-12
4.68757e-12
4.84602e-12
4.99689e-12
5.14056e-12
5.27738e-12
5.40766e-12
5.53172e-12
5.64985e-12
5.76235e-12
5.86948e-12
5.97149e-12
6.06864e-12
6.16115e-12
6.24924e-12
7.2188e-12
8.2838e-12
9.45322e-12
1.07367e-11
1.21446e-11
1.36879e-11
1.53782e-11
1.72276e-11
1.92485e-11
2.14534e-11
2.38545e-11
2.64633e-11
2.92897e-11
3.23413e-11
3.56221e-11
3.9131e-11
4.28601e-11
4.67919e-11
5.08973e-11
5.51321e-11
5.9434e-11
6.37195e-11
6.78819e-11
7.17897e-11
7.52881e-11
7.8203e-11
8.03488e-11
8.15404e-11
8.16091e-11
8.042e-11
7.78894e-11
7.3998e-11
6.87967e-11
6.24037e-11
5.49909e-11
4.67637e-11
3.79359e-11
2.87058e-11
1.92361e-11
9.64307e-12
-9.98218e-32
7.73941e-16
5.23126e-13
1.0207e-12
1.49454e-12
1.94579e-12
2.3755e-12
2.7847e-12
3.17437e-12
3.54542e-12
3.89875e-12
4.2352e-12
4.55558e-12
4.86064e-12
5.15113e-12
5.42774e-12
5.69113e-12
5.94193e-12
6.18075e-12
6.40815e-12
6.62469e-12
6.83089e-12
7.02723e-12
7.21419e-12
7.39222e-12
7.56174e-12
7.72317e-12
7.87689e-12
8.02327e-12
8.16266e-12
8.29539e-12
8.42179e-12
8.54215e-12
9.86664e-12
1.13211e-11
1.29177e-11
1.46692e-11
1.65894e-11
1.86929e-11
2.09949e-11
2.35108e-11
2.62566e-11
2.92476e-11
3.24984e-11
3.60218e-11
3.98279e-11
4.39223e-11
4.83045e-11
5.29657e-11
5.78857e-11
6.30298e-11
6.83452e-11
7.3757e-11
7.91645e-11
8.44385e-11
8.94199e-11
9.39211e-11
9.77311e-11
1.00625e-10
1.02379e-10
1.0279e-10
1.01695e-10
9.89959e-11
9.46722e-11
8.87906e-11
8.14997e-11
7.30151e-11
6.35935e-11
5.35036e-11
4.2996e-11
3.22785e-11
2.14981e-11
1.07337e-11
-1.01036e-31
1.0502e-15
7.09799e-13
1.38492e-12
2.02784e-12
2.64009e-12
3.22311e-12
3.77829e-12
4.30695e-12
4.81035e-12
5.28969e-12
5.74611e-12
6.18071e-12
6.59453e-12
6.98857e-12
7.36376e-12
7.72101e-12
8.06118e-12
8.38508e-12
8.69349e-12
8.98716e-12
9.26679e-12
9.53305e-12
9.78657e-12
1.0028e-11
1.02579e-11
1.04767e-11
1.06852e-11
1.08836e-11
1.10726e-11
1.12526e-11
1.14239e-11
1.15871e-11
1.33825e-11
1.53535e-11
1.75161e-11
1.98874e-11
2.24855e-11
2.53293e-11
2.84383e-11
3.18323e-11
3.55307e-11
3.9552e-11
4.39127e-11
4.86258e-11
5.36992e-11
5.91337e-11
6.49197e-11
7.1034e-11
7.74359e-11
8.40625e-11
9.08241e-11
9.75995e-11
1.04232e-10
1.1053e-10
1.16264e-10
1.21178e-10
1.24996e-10
1.27448e-10
1.28283e-10
1.27306e-10
1.24398e-10
1.1954e-10
1.12818e-10
1.0442e-10
9.46167e-11
8.37308e-11
7.20994e-11
6.00399e-11
4.78196e-11
3.5635e-11
2.35993e-11
1.17391e-11
-5.52285e-32
1.07493e-15
7.26508e-13
1.41752e-12
2.07558e-12
2.70224e-12
3.29898e-12
3.86723e-12
4.40833e-12
4.92357e-12
5.41419e-12
5.88135e-12
6.32617e-12
6.74973e-12
7.15303e-12
7.53705e-12
7.9027e-12
8.25086e-12
8.58238e-12
8.89804e-12
9.19861e-12
9.48481e-12
9.75732e-12
1.00168e-11
1.02639e-11
1.04992e-11
1.07232e-11
1.09365e-11
1.11396e-11
1.13331e-11
1.15173e-11
1.16926e-11
1.18596e-11
1.36972e-11
1.57143e-11
1.79275e-11
2.03542e-11
2.30129e-11
2.59229e-11
2.91039e-11
3.25762e-11
3.63596e-11
4.04726e-11
4.49319e-11
4.97506e-11
5.49363e-11
6.04891e-11
6.63986e-11
7.26402e-11
7.91712e-11
8.59259e-11
9.28112e-11
9.97015e-11
1.06435e-10
1.12814e-10
1.18604e-10
1.23541e-10
1.27346e-10
1.29742e-10
1.30481e-10
1.29368e-10
1.26289e-10
1.21232e-10
1.14295e-10
1.05678e-10
9.56599e-11
8.45732e-11
7.27608e-11
6.0543e-11
4.81877e-11
3.58892e-11
2.37575e-11
1.18145e-11
-7.02854e-33
1.40773e-15
9.51358e-13
1.85623e-12
2.71794e-12
3.53851e-12
4.31991e-12
5.06396e-12
5.77246e-12
6.44708e-12
7.08943e-12
7.70106e-12
8.28343e-12
8.83793e-12
9.3659e-12
9.8686e-12
1.03472e-11
1.0803e-11
1.12369e-11
1.16501e-11
1.20435e-11
1.24181e-11
1.27747e-11
1.31143e-11
1.34377e-11
1.37456e-11
1.40387e-11
1.43179e-11
1.45837e-11
1.48368e-11
1.50778e-11
1.53073e-11
1.55258e-11
1.79296e-11
2.05676e-11
2.34608e-11
2.66315e-11
3.01031e-11
3.38997e-11
3.80459e-11
4.25662e-11
4.74838e-11
5.28199e-11
5.85919e-11
6.4811e-11
7.14801e-11
7.859e-11
8.61156e-11
9.40106e-11
1.02202e-10
1.10585e-10
1.19017e-10
1.2731e-10
1.35233e-10
1.42509e-10
1.48826e-10
1.53846e-10
1.57232e-10
1.58674e-10
1.57927e-10
1.54839e-10
1.49384e-10
1.4167e-10
1.31934e-10
1.20519e-10
1.07832e-10
9.42987e-11
8.03222e-11
6.6245e-11
5.23266e-11
3.87298e-11
2.55168e-11
1.26505e-11
-6.36679e-33
1.87604e-15
1.26771e-12
2.47346e-12
3.62168e-12
4.71507e-12
5.75622e-12
6.7476e-12
7.69156e-12
8.59035e-12
9.44613e-12
1.02609e-11
1.10367e-11
1.17754e-11
1.24786e-11
1.31482e-11
1.37857e-11
1.43927e-11
1.49706e-11
1.55209e-11
1.60448e-11
1.65435e-11
1.70185e-11
1.74706e-11
1.79012e-11
1.83111e-11
1.87014e-11
1.90731e-11
1.94269e-11
1.97638e-11
2.00846e-11
2.03901e-11
2.0681e-11
2.38801e-11
2.73894e-11
3.12361e-11
3.54491e-11
4.00579e-11
4.50932e-11
5.05851e-11
5.65629e-11
6.30535e-11
7.00793e-11
7.76561e-11
8.57896e-11
9.44717e-11
1.03675e-10
1.13348e-10
1.23407e-10
1.3373e-10
1.44148e-10
1.5444e-10
1.6433e-10
1.73486e-10
1.81529e-10
1.88046e-10
1.92623e-10
1.94872e-10
1.94482e-10
1.91256e-10
1.8515e-10
1.7629e-10
1.64966e-10
1.51604e-10
1.36716e-10
1.20842e-10
1.04492e-10
8.81066e-11
7.20218e-11
5.64621e-11
4.15357e-11
2.72394e-11
1.34643e-11
-6.43103e-33
2.47934e-15
1.67517e-12
3.26846e-12
4.78569e-12
6.23045e-12
7.60614e-12
8.91601e-12
1.01632e-11
1.13506e-11
1.24812e-11
1.35576e-11
1.45824e-11
1.55581e-11
1.6487e-11
1.73714e-11
1.82134e-11
1.9015e-11
1.97782e-11
2.05047e-11
2.11965e-11
2.18551e-11
2.24822e-11
2.30792e-11
2.36476e-11
2.41887e-11
2.4704e-11
2.51945e-11
2.56616e-11
2.61063e-11
2.65298e-11
2.69329e-11
2.73168e-11
3.15379e-11
3.61662e-11
4.12364e-11
4.6785e-11
5.28493e-11
5.94667e-11
6.66735e-11
7.45037e-11
8.29861e-11
9.21421e-11
1.01982e-10
1.12499e-10
1.23665e-10
1.35424e-10
1.47681e-10
1.60296e-10
1.73073e-10
1.85754e-10
1.98013e-10
2.09456e-10
2.19626e-10
2.28025e-10
2.34142e-10
2.37497e-10
2.37691e-10
2.34462e-10
2.27731e-10
2.17629e-10
2.04498e-10
1.88855e-10
1.71336e-10
1.52622e-10
1.33361e-10
1.14119e-10
9.53329e-11
7.73039e-11
6.01949e-11
4.40416e-11
2.87654e-11
1.41815e-11
-3.73897e-33
2.60633e-15
1.76093e-12
3.43577e-12
5.03067e-12
6.54936e-12
7.99545e-12
9.37234e-12
1.06833e-11
1.19315e-11
1.31199e-11
1.42513e-11
1.53285e-11
1.63541e-11
1.73305e-11
1.826e-11
1.9145e-11
1.99876e-11
2.07897e-11
2.15534e-11
2.22805e-11
2.29727e-11
2.36317e-11
2.42592e-11
2.48566e-11
2.54253e-11
2.59668e-11
2.64824e-11
2.69733e-11
2.74407e-11
2.78857e-11
2.83094e-11
2.87128e-11
3.31487e-11
3.8012e-11
4.33391e-11
4.91679e-11
5.55372e-11
6.24858e-11
7.00512e-11
7.82679e-11
8.7165e-11
9.67634e-11
1.07071e-10
1.18079e-10
1.29755e-10
1.42033e-10
1.5481e-10
1.67933e-10
1.8119e-10
1.94304e-10
2.06924e-10
2.18632e-10
2.28947e-10
2.37349e-10
2.43309e-10
2.46337e-10
2.46039e-10
2.4217e-10
2.3468e-10
2.2374e-10
2.09738e-10
1.93237e-10
1.74911e-10
1.55468e-10
1.35577e-10
1.15804e-10
9.65863e-11
7.82125e-11
6.08324e-11
4.44671e-11
2.90233e-11
1.43024e-11
-1.12742e-33
3.25405e-15
2.19829e-12
4.28909e-12
6.28007e-12
8.17587e-12
9.98098e-12
1.16997e-11
1.3336e-11
1.48939e-11
1.63771e-11
1.77892e-11
1.91335e-11
2.04133e-11
2.16317e-11
2.27916e-11
2.38958e-11
2.4947e-11
2.59478e-11
2.69005e-11
2.78075e-11
2.8671e-11
2.94931e-11
3.02757e-11
3.10208e-11
3.17302e-11
3.24055e-11
3.30485e-11
3.36607e-11
3.42435e-11
3.47984e-11
3.53267e-11
3.58298e-11
4.13596e-11
4.74193e-11
5.4053e-11
6.13062e-11
6.92247e-11
7.78534e-11
8.72346e-11
9.74052e-11
1.08394e-10
1.20216e-10
1.32869e-10
1.46324e-10
1.60521e-10
1.75354e-10
1.90665e-10
2.06229e-10
2.21747e-10
2.36838e-10
2.51036e-10
2.638e-10
2.74529e-10
2.82602e-10
2.87424e-10
2.88489e-10
2.85447e-10
2.78166e-10
2.66767e-10
2.51636e-10
2.33384e-10
2.12786e-10
1.90685e-10
1.67903e-10
1.45163e-10
1.23037e-10
1.01925e-10
8.20575e-11
6.35157e-11
4.62502e-11
3.01009e-11
1.48062e-11
-1.23136e-33
4.25813e-15
2.8761e-12
5.61154e-12
8.2163e-12
1.06965e-11
1.30579e-11
1.53062e-11
1.74466e-11
1.94843e-11
2.14242e-11
2.32709e-11
2.5029e-11
2.67025e-11
2.82956e-11
2.98121e-11
3.12557e-11
3.26299e-11
3.39381e-11
3.51834e-11
3.63689e-11
3.74974e-11
3.85717e-11
3.95944e-11
4.0568e-11
4.14949e-11
4.23772e-11
4.32172e-11
4.40169e-11
4.47783e-11
4.55031e-11
4.61931e-11
4.68501e-11
5.40702e-11
6.19769e-11
7.06253e-11
8.00712e-11
9.03698e-11
1.01573e-10
1.13729e-10
1.26874e-10
1.4103e-10
1.562e-10
1.72357e-10
1.89434e-10
2.07316e-10
2.25822e-10
2.44698e-10
2.63595e-10
2.82072e-10
2.9958e-10
3.15477e-10
3.29047e-10
3.39537e-10
3.46215e-10
3.48447e-10
3.45775e-10
3.37995e-10
3.25208e-10
3.07836e-10
2.86592e-10
2.624e-10
2.36291e-10
2.09288e-10
1.82309e-10
1.5609e-10
1.31162e-10
1.07846e-10
8.62763e-11
6.64333e-11
4.81749e-11
3.12576e-11
1.53453e-11
-1.28721e-33
5.55106e-15
3.74863e-12
7.31386e-12
1.07087e-11
1.3941e-11
1.70184e-11
1.99482e-11
2.27373e-11
2.53924e-11
2.79198e-11
3.03256e-11
3.26157e-11
3.47956e-11
3.68705e-11
3.88455e-11
4.07255e-11
4.25149e-11
4.42182e-11
4.58395e-11
4.73828e-11
4.88518e-11
5.02501e-11
5.15811e-11
5.28482e-11
5.40543e-11
5.52024e-11
5.62954e-11
5.73359e-11
5.83263e-11
5.92692e-11
6.01669e-11
6.10215e-11
7.04093e-11
8.06818e-11
9.19068e-11
1.04152e-10
1.17481e-10
1.31953e-10
1.47617e-10
1.64503e-10
1.82621e-10
2.01946e-10
2.22408e-10
2.43879e-10
2.66158e-10
2.88954e-10
3.11868e-10
3.34387e-10
3.55869e-10
3.75558e-10
3.92599e-10
4.06086e-10
4.15126e-10
4.18927e-10
4.16896e-10
4.08734e-10
3.94505e-10
3.74665e-10
3.50028e-10
3.21687e-10
2.90883e-10
2.58876e-10
2.26811e-10
1.95632e-10
1.66032e-10
1.3845e-10
1.13092e-10
8.99741e-11
6.89683e-11
4.98356e-11
3.22504e-11
1.58063e-11
-1.20733e-33
7.20674e-15
4.86556e-12
9.493e-12
1.38991e-11
1.80941e-11
2.20879e-11
2.58898e-11
2.95088e-11
3.29537e-11
3.62327e-11
3.93537e-11
4.23243e-11
4.51516e-11
4.78425e-11
5.04037e-11
5.28413e-11
5.51614e-11
5.73695e-11
5.94711e-11
6.14714e-11
6.33753e-11
6.51874e-11
6.69122e-11
6.85539e-11
7.01165e-11
7.16038e-11
7.30196e-11
7.43673e-11
7.56501e-11
7.68713e-11
7.80337e-11
7.91403e-11
9.12912e-11
1.04575e-10
1.19073e-10
1.34866e-10
1.52026e-10
1.70615e-10
1.90676e-10
2.12227e-10
2.35248e-10
2.59667e-10
2.85345e-10
3.12059e-10
3.3948e-10
3.67154e-10
3.94486e-10
4.20733e-10
4.45005e-10
4.6629e-10
4.83499e-10
4.95546e-10
5.01447e-10
5.00441e-10
4.92103e-10
4.76439e-10
4.53925e-10
4.25486e-10
3.92397e-10
3.56142e-10
3.18251e-10
2.80142e-10
2.43007e-10
2.07743e-10
1.74938e-10
1.44895e-10
1.17681e-10
9.31799e-11
7.11495e-11
5.1256e-11
3.30958e-11
1.61978e-11
-1.12634e-33
9.31704e-15
6.28859e-12
1.22693e-11
1.79637e-11
2.3385e-11
2.85459e-11
3.34585e-11
3.81344e-11
4.25849e-11
4.68207e-11
5.08519e-11
5.46885e-11
5.83396e-11
6.18143e-11
6.5121e-11
6.82678e-11
7.12625e-11
7.41125e-11
7.68247e-11
7.94058e-11
8.18623e-11
8.42001e-11
8.6425e-11
8.85425e-11
9.05579e-11
9.2476e-11
9.43016e-11
9.60392e-11
9.76931e-11
9.92673e-11
1.00766e-10
1.02192e-10
1.17846e-10
1.3494e-10
1.53574e-10
1.73835e-10
1.95805e-10
2.1954e-10
2.4507e-10
2.72383e-10
3.01408e-10
3.31997e-10
3.63904e-10
3.96762e-10
4.30057e-10
4.63108e-10
4.95055e-10
5.24858e-10
5.51322e-10
5.73147e-10
5.89016e-10
5.97712e-10
5.98259e-10
5.90069e-10
5.73057e-10
5.47708e-10
5.15052e-10
4.76572e-10
4.34028e-10
3.89266e-10
3.44027e-10
2.99797e-10
2.57724e-10
2.18584e-10
1.82807e-10
1.50527e-10
1.21653e-10
9.59326e-11
7.30105e-11
5.24617e-11
3.38107e-11
1.6528e-11
-1.04607e-33
1.19943e-14
8.09307e-12
1.57897e-11
2.31176e-11
3.00936e-11
3.6734e-11
4.30544e-11
4.90698e-11
5.47945e-11
6.02424e-11
6.54267e-11
7.03599e-11
7.50541e-11
7.95209e-11
8.37713e-11
8.78156e-11
9.16639e-11
9.53258e-11
9.88102e-11
1.02126e-10
1.05281e-10
1.08283e-10
1.1114e-10
1.13859e-10
1.16446e-10
1.18908e-10
1.21252e-10
1.23482e-10
1.25604e-10
1.27624e-10
1.29546e-10
1.31376e-10
1.51446e-10
1.73337e-10
1.97161e-10
2.23017e-10
2.50982e-10
2.81103e-10
3.13378e-10
3.4774e-10
3.84035e-10
4.22e-10
4.61226e-10
5.01137e-10
5.4096e-10
5.79707e-10
6.1617e-10
6.48946e-10
6.76489e-10
6.97207e-10
7.09597e-10
7.12417e-10
7.04861e-10
6.86712e-10
6.58434e-10
6.21165e-10
5.7661e-10
5.2685e-10
4.74103e-10
4.20493e-10
3.67862e-10
3.17659e-10
2.70894e-10
2.28156e-10
1.89675e-10
1.55394e-10
1.25058e-10
9.82768e-11
7.45866e-11
5.34784e-11
3.44117e-11
1.68051e-11
-9.67895e-34
1.5374e-14
1.03697e-11
2.02312e-11
2.96198e-11
3.8557e-11
4.70634e-11
5.51591e-11
6.28632e-11
7.01943e-11
7.71699e-11
8.3807e-11
9.01219e-11
9.61301e-11
1.01846e-10
1.07285e-10
1.12459e-10
1.17381e-10
1.22065e-10
1.2652e-10
1.3076e-10
1.34793e-10
1.38631e-10
1.42282e-10
1.45757e-10
1.49062e-10
1.52208e-10
1.55201e-10
1.5805e-10
1.6076e-10
1.63339e-10
1.65794e-10
1.6813e-10
1.93736e-10
2.21627e-10
2.51925e-10
2.84735e-10
3.20121e-10
3.581e-10
3.98615e-10
4.41511e-10
4.86505e-10
5.33156e-10
5.80823e-10
6.28637e-10
6.7547e-10
7.19932e-10
7.60384e-10
7.94996e-10
8.21851e-10
8.39101e-10
8.45169e-10
8.38961e-10
8.20068e-10
7.88892e-10
7.46663e-10
6.9533e-10
6.37339e-10
5.7535e-10
5.11947e-10
4.49405e-10
3.89539e-10
3.33646e-10
2.82518e-10
2.36505e-10
1.95605e-10
1.59562e-10
1.27953e-10
1.00258e-10
7.59129e-11
5.43309e-11
3.49142e-11
1.70363e-11
-8.92776e-34
1.96167e-14
1.32261e-11
2.58035e-11
3.77771e-11
4.91741e-11
6.00208e-11
7.03425e-11
8.01639e-11
8.95083e-11
9.83984e-11
1.06856e-10
1.14901e-10
1.22555e-10
1.29835e-10
1.36761e-10
1.43348e-10
1.49615e-10
1.55576e-10
1.61246e-10
1.6664e-10
1.71772e-10
1.76653e-10
1.81297e-10
1.85715e-10
1.89918e-10
1.93917e-10
1.97721e-10
2.01341e-10
2.04785e-10
2.08062e-10
2.11181e-10
2.14148e-10
2.4665e-10
2.81994e-10
3.20313e-10
3.61701e-10
4.06197e-10
4.5376e-10
5.04242e-10
5.5735e-10
6.12611e-10
6.69323e-10
7.26519e-10
7.82929e-10
8.36961e-10
8.86718e-10
9.30044e-10
9.64644e-10
9.88256e-10
9.98881e-10
9.9505e-10
9.76077e-10
9.42236e-10
8.94819e-10
8.36026e-10
7.68722e-10
6.96086e-10
6.21262e-10
5.47055e-10
4.75736e-10
4.08958e-10
3.47763e-10
2.92655e-10
2.43709e-10
2.00677e-10
1.631e-10
1.30396e-10
1.01923e-10
7.70226e-11
5.5042e-11
3.53324e-11
1.72286e-11
-8.21361e-34
2.49099e-14
1.67872e-11
3.27505e-11
4.79464e-11
6.24093e-11
7.61724e-11
8.92677e-11
1.01726e-10
1.13578e-10
1.24852e-10
1.35575e-10
1.45775e-10
1.55475e-10
1.64701e-10
1.73476e-10
1.81821e-10
1.89757e-10
1.97306e-10
2.04485e-10
2.11313e-10
2.17807e-10
2.23984e-10
2.29859e-10
2.35447e-10
2.40763e-10
2.45819e-10
2.5063e-10
2.55206e-10
2.59559e-10
2.63701e-10
2.67641e-10
2.7139e-10
3.12418e-10
3.56955e-10
4.0513e-10
4.57015e-10
5.12593e-10
5.71731e-10
6.34137e-10
6.99312e-10
7.66504e-10
8.34651e-10
9.02336e-10
9.6776e-10
1.02874e-09
1.08277e-09
1.1271e-09
1.15899e-09
1.17591e-09
1.17591e-09
1.15791e-09
1.12196e-09
1.06934e-09
1.00251e-09
9.24784e-10
8.39963e-10
7.51869e-10
6.63967e-10
5.79097e-10
4.99362e-10
4.26122e-10
3.60078e-10
3.01402e-10
2.49867e-10
2.04979e-10
1.66083e-10
1.32446e-10
1.03313e-10
7.79463e-11
5.56324e-11
3.5679e-11
1.73877e-11
-7.54042e-34
3.14674e-14
2.11957e-11
4.13502e-11
6.05347e-11
7.87918e-11
9.61635e-11
1.1269e-10
1.28411e-10
1.43363e-10
1.57584e-10
1.71107e-10
1.83967e-10
1.96196e-10
2.07824e-10
2.18881e-10
2.29395e-10
2.39392e-10
2.48897e-10
2.57936e-10
2.66532e-10
2.74705e-10
2.82477e-10
2.89869e-10
2.96898e-10
3.03583e-10
3.09941e-10
3.15989e-10
3.2174e-10
3.27211e-10
3.32416e-10
3.37366e-10
3.42076e-10
3.93565e-10
4.49346e-10
5.09531e-10
5.74141e-10
6.4307e-10
7.16037e-10
7.92535e-10
8.71771e-10
9.52597e-10
1.03346e-09
1.11235e-09
1.18678e-09
1.25386e-09
1.31035e-09
1.35291e-09
1.37841e-09
1.38425e-09
1.36881e-09
1.33177e-09
1.27432e-09
1.1991e-09
1.10992e-09
1.01129e-09
9.07863e-10
8.03929e-10
7.03053e-10
6.07914e-10
5.20281e-10
4.41112e-10
3.70709e-10
3.08877e-10
2.55087e-10
2.08602e-10
1.68581e-10
1.34154e-10
1.04468e-10
7.87117e-11
5.61206e-11
3.59652e-11
1.75189e-11
-6.91014e-34
3.95281e-14
2.66104e-11
5.19126e-11
7.5995e-11
9.8911e-11
1.20713e-10
1.4145e-10
1.61173e-10
1.79929e-10
1.97763e-10
2.1472e-10
2.30841e-10
2.46168e-10
2.60738e-10
2.7459e-10
2.87757e-10
3.00275e-10
3.12175e-10
3.23489e-10
3.34244e-10
3.44469e-10
3.54191e-10
3.63434e-10
3.72222e-10
3.80579e-10
3.88525e-10
3.96081e-10
4.03267e-10
4.101e-10
4.16599e-10
4.22781e-10
4.2866e-10
4.92873e-10
5.62285e-10
6.36966e-10
7.16853e-10
8.01695e-10
8.90993e-10
9.83931e-10
1.0793e-09
1.17542e-09
1.27007e-09
1.36049e-09
1.44334e-09
1.51488e-09
1.57109e-09
1.60808e-09
1.62247e-09
1.61189e-09
1.57548e-09
1.51412e-09
1.43057e-09
1.32912e-09
1.21508e-09
1.09409e-09
9.71479e-10
8.51741e-10
7.38307e-10
6.33487e-10
5.38582e-10
4.54067e-10
3.798e-10
3.15214e-10
2.5948e-10
2.11632e-10
1.70661e-10
1.35572e-10
1.05424e-10
7.93433e-11
5.65227e-11
3.62005e-11
1.76267e-11
-6.32328e-34
4.93521e-14
3.32039e-11
6.47738e-11
9.48193e-11
1.23406e-10
1.50599e-10
1.76461e-10
2.01052e-10
2.24433e-10
2.4666e-10
2.67789e-10
2.87872e-10
3.0696e-10
3.25102e-10
3.42345e-10
3.58733e-10
3.74308e-10
3.8911e-10
4.03179e-10
4.16551e-10
4.29261e-10
4.41342e-10
4.52826e-10
4.63743e-10
4.7412e-10
4.83986e-10
4.93366e-10
5.02284e-10
5.10764e-10
5.18827e-10
5.26494e-10
5.33785e-10
6.13328e-10
6.99104e-10
7.91108e-10
8.8914e-10
9.92734e-10
1.10108e-09
1.21293e-09
1.3265e-09
1.43941e-09
1.5486e-09
1.65033e-09
1.74027e-09
1.81369e-09
1.8658e-09
1.89228e-09
1.88978e-09
1.85661e-09
1.79314e-09
1.70202e-09
1.58794e-09
1.45707e-09
1.31623e-09
1.17202e-09
1.03014e-09
8.95017e-10
7.69686e-10
6.55914e-10
5.54425e-10
4.65157e-10
3.87509e-10
3.20545e-10
2.63152e-10
2.14153e-10
1.72384e-10
1.36742e-10
1.0621e-10
7.98623e-11
5.68526e-11
3.63935e-11
1.7715e-11
-5.77927e-34
6.12136e-14
4.11576e-11
8.02877e-11
1.17525e-10
1.5295e-10
1.86643e-10
2.1868e-10
2.49138e-10
2.78089e-10
3.05606e-10
3.31757e-10
3.56607e-10
3.80221e-10
4.02658e-10
4.23976e-10
4.44232e-10
4.63479e-10
4.81766e-10
4.99142e-10
5.15654e-10
5.31343e-10
5.46253e-10
5.60422e-10
5.73888e-10
5.86686e-10
5.9885e-10
6.10412e-10
6.21402e-10
6.3185e-10
6.41783e-10
6.51226e-10
6.60204e-10
7.58032e-10
8.6325e-10
9.75732e-10
1.09507e-09
1.2205e-09
1.35077e-09
1.48405e-09
1.61781e-09
1.74875e-09
1.87273e-09
1.98485e-09
2.07962e-09
2.15127e-09
2.19431e-09
2.2042e-09
2.17808e-09
2.11544e-09
2.01854e-09
1.89228e-09
1.74366e-09
1.58081e-09
1.41191e-09
1.24421e-09
1.08346e-09
9.33674e-10
7.97288e-10
6.75377e-10
5.68014e-10
4.74573e-10
3.93999e-10
3.25001e-10
2.66204e-10
2.16238e-10
1.73804e-10
1.37704e-10
1.06856e-10
8.02873e-11
5.71224e-11
3.65511e-11
1.77871e-11
-5.27681e-34
7.53923e-14
5.06559e-11
9.88137e-11
1.44638e-10
1.88226e-10
2.29675e-10
2.69081e-10
3.06535e-10
3.4213e-10
3.75952e-10
4.08087e-10
4.38615e-10
4.67616e-10
4.95164e-10
5.21332e-10
5.46189e-10
5.69799e-10
5.92227e-10
6.13532e-10
6.3377e-10
6.52996e-10
6.71261e-10
6.88615e-10
7.05102e-10
7.20768e-10
7.35655e-10
7.49801e-10
7.63245e-10
7.76023e-10
7.88167e-10
7.9971e-10
8.10683e-10
9.30088e-10
1.05815e-09
1.19457e-09
1.33865e-09
1.48919e-09
1.64435e-09
1.80154e-09
1.95726e-09
2.10704e-09
2.24545e-09
2.36621e-09
2.46252e-09
2.52759e-09
2.55538e-09
2.54152e-09
2.48421e-09
2.3848e-09
2.24808e-09
2.08169e-09
1.89517e-09
1.69853e-09
1.50102e-09
1.31013e-09
1.13127e-09
9.67799e-10
8.21314e-10
6.92112e-10
5.79573e-10
4.8251e-10
3.99426e-10
3.28704e-10
2.68727e-10
2.17954e-10
1.74969e-10
1.38491e-10
1.07383e-10
8.06339e-11
5.73422e-11
3.66793e-11
1.78458e-11
-4.8141e-34
9.21611e-14
6.18781e-11
1.20701e-10
1.76668e-10
2.29897e-10
2.80505e-10
3.28608e-10
3.7432e-10
4.17751e-10
4.59008e-10
4.98196e-10
5.35415e-10
5.70761e-10
6.04327e-10
6.36202e-10
6.6647e-10
6.95213e-10
7.22507e-10
7.48427e-10
7.73042e-10
7.96419e-10
8.18622e-10
8.3971e-10
8.59741e-10
8.78769e-10
8.96845e-10
9.14018e-10
9.30335e-10
9.45838e-10
9.6057e-10
9.7457e-10
9.87876e-10
1.13246e-09
1.28707e-09
1.45114e-09
1.62358e-09
1.80262e-09
1.98565e-09
2.16909e-09
2.34821e-09
2.51714e-09
2.66886e-09
2.79554e-09
2.88898e-09
2.94144e-09
2.94667e-09
2.90099e-09
2.80433e-09
2.66071e-09
2.47806e-09
2.26719e-09
2.04022e-09
1.80881e-09
1.58281e-09
1.36953e-09
1.17366e-09
9.9761e-10
8.42036e-10
7.06383e-10
5.89335e-10
4.89155e-10
4.03938e-10
3.31764e-10
2.70801e-10
2.1936e-10
1.75921e-10
1.39133e-10
1.07811e-10
8.09155e-11
5.75206e-11
3.67834e-11
1.78934e-11
-4.38901e-34
1.11773e-13
7.49896e-11
1.46273e-10
2.14087e-10
2.78575e-10
3.39876e-10
3.98132e-10
4.53478e-10
5.06049e-10
5.55976e-10
6.03386e-10
6.484e-10
6.91136e-10
7.31707e-10
7.70223e-10
8.06785e-10
8.41494e-10
8.74444e-10
9.05725e-10
9.35422e-10
9.63618e-10
9.90389e-10
1.01581e-09
1.03995e-09
1.06287e-09
1.08464e-09
1.10532e-09
1.12496e-09
1.14362e-09
1.16134e-09
1.17818e-09
1.19418e-09
1.36781e-09
1.5529e-09
1.74854e-09
1.95309e-09
2.16405e-09
2.37784e-09
2.58962e-09
2.79317e-09
2.98089e-09
3.14396e-09
3.27279e-09
3.35781e-09
3.39051e-09
3.36485e-09
3.27855e-09
3.1341e-09
2.93899e-09
2.7049e-09
2.44606e-09
2.17701e-09
1.91064e-09
1.6569e-09
1.42243e-09
1.21084e-09
1.02341e-09
8.59762e-10
7.18467e-10
5.97525e-10
4.94687e-10
4.07669e-10
3.3428e-10
2.72499e-10
2.20507e-10
1.76694e-10
1.39653e-10
1.08159e-10
8.11434e-11
5.76648e-11
3.68674e-11
1.79318e-11
-3.99925e-34
1.34445e-13
9.01319e-11
1.75803e-10
2.57298e-10
3.34782e-10
4.08425e-10
4.78394e-10
5.44852e-10
6.07963e-10
6.67882e-10
7.24763e-10
7.78754e-10
8.29997e-10
8.7863e-10
9.24782e-10
9.68581e-10
1.01015e-09
1.04959e-09
1.08703e-09
1.12256e-09
1.15628e-09
1.18829e-09
1.21867e-09
1.24752e-09
1.2749e-09
1.3009e-09
1.32559e-09
1.34903e-09
1.3713e-09
1.39244e-09
1.41253e-09
1.43161e-09
1.63833e-09
1.85801e-09
2.08924e-09
2.32971e-09
2.57597e-09
2.82321e-09
3.06507e-09
3.29352e-09
3.49896e-09
3.67049e-09
3.79669e-09
3.86662e-09
3.87137e-09
3.8057e-09
3.66955e-09
3.46891e-09
3.21551e-09
2.92531e-09
2.61599e-09
2.30419e-09
2.00345e-09
1.72323e-09
1.46904e-09
1.24315e-09
1.04557e-09
8.74819e-10
7.28632e-10
6.04357e-10
4.99268e-10
4.10737e-10
3.36338e-10
2.73881e-10
2.21437e-10
1.77321e-10
1.40074e-10
1.08439e-10
8.1327e-11
5.77809e-11
3.6935e-11
1.79626e-11
-3.64245e-34
1.60347e-13
1.07413e-10
2.09504e-10
3.06607e-10
3.98918e-10
4.86636e-10
5.69959e-10
6.49084e-10
7.24202e-10
7.95502e-10
8.63167e-10
9.27374e-10
9.88294e-10
1.04609e-09
1.10092e-09
1.15294e-09
1.20229e-09
1.24911e-09
1.29353e-09
1.33568e-09
1.37566e-09
1.41361e-09
1.44961e-09
1.48379e-09
1.51622e-09
1.547e-09
1.57623e-09
1.60397e-09
1.63031e-09
1.65532e-09
1.67907e-09
1.70163e-09
1.94563e-09
2.20408e-09
2.47495e-09
2.75507e-09
3.03984e-09
3.32295e-09
3.5962e-09
3.84943e-09
4.07073e-09
4.24694e-09
4.36468e-09
4.41188e-09
4.37965e-09
4.26431e-09
4.06898e-09
3.8041e-09
3.48641e-09
3.13647e-09
2.77524e-09
2.42092e-09
2.08704e-09
1.78199e-09
1.50973e-09
1.271e-09
1.06445e-09
8.87527e-10
7.37136e-10
6.10026e-10
5.03041e-10
4.13249e-10
3.38013e-10
2.75002e-10
2.22189e-10
1.77825e-10
1.40412e-10
1.08664e-10
8.14742e-11
5.78739e-11
3.69892e-11
1.79874e-11
-2.60851e-34
1.75722e-13
1.17663e-10
2.29492e-10
3.35851e-10
4.36953e-10
5.33015e-10
6.24254e-10
7.10883e-10
7.93114e-10
8.71154e-10
9.45203e-10
1.01546e-09
1.0821e-09
1.14532e-09
1.20529e-09
1.26217e-09
1.31612e-09
1.36729e-09
1.41583e-09
1.46188e-09
1.50557e-09
1.54701e-09
1.58633e-09
1.62364e-09
1.65905e-09
1.69265e-09
1.72455e-09
1.75482e-09
1.78356e-09
1.81085e-09
1.83675e-09
1.86135e-09
2.12725e-09
2.40838e-09
2.70233e-09
3.00539e-09
3.31222e-09
3.61558e-09
3.90615e-09
4.1725e-09
4.40132e-09
4.57817e-09
4.68862e-09
4.72008e-09
4.6639e-09
4.51763e-09
4.2865e-09
3.98379e-09
3.62921e-09
3.24588e-09
2.85638e-09
2.47948e-09
2.1284e-09
1.81071e-09
1.52942e-09
1.28436e-09
1.07343e-09
8.93525e-10
7.41123e-10
6.12668e-10
5.04789e-10
4.14407e-10
3.38782e-10
2.75515e-10
2.22532e-10
1.78055e-10
1.40566e-10
1.08766e-10
8.1541e-11
5.79161e-11
3.70137e-11
1.79986e-11
-9.15709e-33
1.88116e-13
1.25923e-10
2.456e-10
3.59417e-10
4.67603e-10
5.70388e-10
6.68003e-10
7.60678e-10
8.48639e-10
9.32107e-10
1.0113e-09
1.08642e-09
1.15767e-09
1.22526e-09
1.28935e-09
1.35014e-09
1.4078e-09
1.46247e-09
1.51433e-09
1.56352e-09
1.61018e-09
1.65444e-09
1.69643e-09
1.73626e-09
1.77406e-09
1.80993e-09
1.84397e-09
1.87628e-09
1.90694e-09
1.93605e-09
1.96369e-09
1.98994e-09
2.2734e-09
2.57271e-09
2.88512e-09
3.20647e-09
3.53082e-09
3.85017e-09
4.15429e-09
4.43069e-09
4.66498e-09
4.84166e-09
4.94551e-09
4.96356e-09
4.88748e-09
4.71583e-09
4.45568e-09
4.12261e-09
3.73875e-09
3.32919e-09
2.91771e-09
2.52345e-09
2.15926e-09
1.83203e-09
1.54396e-09
1.29418e-09
1.08001e-09
8.97909e-10
7.44028e-10
6.14588e-10
5.06057e-10
4.15246e-10
3.39338e-10
2.75885e-10
2.22779e-10
1.78221e-10
1.40677e-10
1.0884e-10
8.15892e-11
5.79465e-11
3.70314e-11
1.80066e-11
-2.74907e-32
2.07908e-13
1.39112e-10
2.71318e-10
3.97045e-10
5.1654e-10
6.30059e-10
7.37855e-10
8.40182e-10
9.37289e-10
1.02942e-09
1.11682e-09
1.19971e-09
1.27832e-09
1.35287e-09
1.42356e-09
1.49059e-09
1.55415e-09
1.61442e-09
1.67157e-09
1.72577e-09
1.77717e-09
1.82592e-09
1.87216e-09
1.91602e-09
1.95764e-09
1.99712e-09
2.03458e-09
2.07013e-09
2.10387e-09
2.1359e-09
2.1663e-09
2.19516e-09
2.50664e-09
2.8349e-09
3.1767e-09
3.52714e-09
3.87931e-09
4.224e-09
4.5495e-09
4.84164e-09
5.08427e-09
5.26026e-09
5.35312e-09
5.34932e-09
5.24103e-09
5.02856e-09
4.72191e-09
4.3404e-09
3.90999e-09
3.45892e-09
3.01284e-09
2.59136e-09
2.20674e-09
1.8647e-09
1.56617e-09
1.30912e-09
1.08999e-09
9.04533e-10
7.48407e-10
6.17476e-10
5.07962e-10
4.16505e-10
3.40173e-10
2.76441e-10
2.23151e-10
1.7847e-10
1.40843e-10
1.08951e-10
8.16617e-11
5.79923e-11
3.70581e-11
1.80188e-11
-3.51783e-32
2.19062e-13
1.46544e-10
2.85811e-10
4.18248e-10
5.44117e-10
6.63683e-10
7.77216e-10
8.84981e-10
9.87242e-10
1.08426e-09
1.17628e-09
1.26355e-09
1.3463e-09
1.42477e-09
1.49918e-09
1.56972e-09
1.63661e-09
1.70002e-09
1.76016e-09
1.81718e-09
1.87125e-09
1.92253e-09
1.97116e-09
2.01729e-09
2.06105e-09
2.10257e-09
2.14196e-09
2.17934e-09
2.21481e-09
2.24847e-09
2.28043e-09
2.31076e-09
2.638e-09
2.98255e-09
3.34086e-09
3.70763e-09
4.07539e-09
4.43425e-09
4.77164e-09
5.07248e-09
5.31961e-09
5.49497e-09
5.58136e-09
5.56499e-09
5.4383e-09
5.20263e-09
4.86966e-09
4.46083e-09
4.00428e-09
3.52998e-09
3.06465e-09
2.62811e-09
2.23226e-09
1.88212e-09
1.57791e-09
1.31696e-09
1.09517e-09
9.07937e-10
7.50635e-10
6.18932e-10
5.08914e-10
4.17129e-10
3.40585e-10
2.76714e-10
2.23334e-10
1.78592e-10
1.40925e-10
1.09005e-10
8.16973e-11
5.80148e-11
3.70712e-11
1.80248e-11
-3.19921e-32
2.23163e-13
1.49276e-10
2.91139e-10
4.26043e-10
5.54254e-10
6.76043e-10
7.91684e-10
9.01448e-10
1.0056e-09
1.10441e-09
1.19813e-09
1.28701e-09
1.37129e-09
1.4512e-09
1.52697e-09
1.5988e-09
1.66691e-09
1.73149e-09
1.79271e-09
1.85077e-09
1.90582e-09
1.95803e-09
2.00754e-09
2.05451e-09
2.09906e-09
2.14132e-09
2.18142e-09
2.21947e-09
2.25557e-09
2.28984e-09
2.32236e-09
2.35324e-09
2.68626e-09
3.03679e-09
3.40115e-09
3.7739e-09
4.14736e-09
4.51139e-09
4.85311e-09
5.15707e-09
5.40578e-09
5.58081e-09
5.66472e-09
5.6436e-09
5.51002e-09
5.26571e-09
4.92296e-09
4.50402e-09
4.03783e-09
3.55501e-09
3.08265e-09
2.64066e-09
2.24078e-09
1.88778e-09
1.58159e-09
1.31932e-09
1.09666e-09
9.08861e-10
7.51202e-10
6.19277e-10
5.09124e-10
4.17258e-10
3.40665e-10
2.76765e-10
2.23366e-10
1.78613e-10
1.40939e-10
1.09015e-10
8.17036e-11
5.80189e-11
3.70736e-11
1.80259e-11
-2.90865e-32
2.21768e-13
1.48346e-10
2.89325e-10
4.23389e-10
5.50803e-10
6.71836e-10
7.86759e-10
8.95842e-10
9.99351e-10
1.09755e-09
1.19069e-09
1.27902e-09
1.36278e-09
1.4422e-09
1.5175e-09
1.5889e-09
1.65659e-09
1.72077e-09
1.78162e-09
1.83932e-09
1.89404e-09
1.94593e-09
1.99515e-09
2.04183e-09
2.08611e-09
2.12811e-09
2.16797e-09
2.20579e-09
2.24168e-09
2.27574e-09
2.30807e-09
2.33876e-09
2.6698e-09
3.01828e-09
3.38056e-09
3.75124e-09
4.12272e-09
4.48493e-09
4.82511e-09
5.12791e-09
5.37597e-09
5.55097e-09
5.63556e-09
5.61587e-09
5.48444e-09
5.24286e-09
4.90325e-09
4.4876e-09
4.02458e-09
3.54462e-09
3.07468e-09
2.63464e-09
2.23627e-09
1.88443e-09
1.57911e-09
1.31748e-09
1.09531e-09
9.07876e-10
7.50488e-10
6.18764e-10
5.08758e-10
4.17e-10
3.40485e-10
2.7664e-10
2.23281e-10
1.78555e-10
1.409e-10
1.08989e-10
8.16867e-11
5.80083e-11
3.70675e-11
1.80232e-11
-2.64391e-32
2.16281e-13
1.44689e-10
2.82195e-10
4.12957e-10
5.37235e-10
6.55292e-10
7.67392e-10
8.738e-10
9.74773e-10
1.07057e-09
1.16143e-09
1.24761e-09
1.32933e-09
1.40682e-09
1.48029e-09
1.54996e-09
1.61601e-09
1.67864e-09
1.73803e-09
1.79434e-09
1.84774e-09
1.89839e-09
1.94642e-09
1.99199e-09
2.03521e-09
2.07622e-09
2.11512e-09
2.15204e-09
2.18708e-09
2.22033e-09
2.2519e-09
2.28186e-09
2.60514e-09
2.94558e-09
3.29972e-09
3.66233e-09
4.0261e-09
4.38128e-09
4.71552e-09
5.01396e-09
5.25968e-09
5.43484e-09
5.52244e-09
5.50874e-09
5.38614e-09
5.15575e-09
4.82889e-09
4.42649e-09
3.97621e-09
3.50762e-09
3.04717e-09
2.61463e-09
2.22194e-09
1.87427e-09
1.57196e-09
1.31247e-09
1.09181e-09
9.05438e-10
7.48794e-10
6.17592e-10
5.07949e-10
4.16444e-10
3.40104e-10
2.7638e-10
2.23104e-10
1.78436e-10
1.4082e-10
1.08935e-10
8.16517e-11
5.79863e-11
3.70548e-11
1.80174e-11
-2.40285e-32
2.07896e-13
1.39102e-10
2.71299e-10
3.97015e-10
5.16502e-10
6.30011e-10
7.37798e-10
8.40116e-10
9.37215e-10
1.02934e-09
1.11673e-09
1.19961e-09
1.27821e-09
1.35275e-09
1.42343e-09
1.49045e-09
1.554e-09
1.61427e-09
1.67141e-09
1.7256e-09
1.77699e-09
1.82573e-09
1.87197e-09
1.91582e-09
1.95743e-09
1.99691e-09
2.03436e-09
2.06991e-09
2.10364e-09
2.13566e-09
2.16605e-09
2.19491e-09
2.50632e-09
2.83449e-09
3.17616e-09
3.52644e-09
3.87841e-09
4.22283e-09
4.54799e-09
4.83971e-09
5.08184e-09
5.25723e-09
5.34939e-09
5.34483e-09
5.23574e-09
5.02248e-09
4.71514e-09
4.33308e-09
3.90236e-09
3.45122e-09
3.00536e-09
2.58434e-09
2.20036e-09
1.85907e-09
1.56133e-09
1.30509e-09
1.0867e-09
9.0191e-10
7.46366e-10
6.15924e-10
5.06806e-10
4.15662e-10
3.3957e-10
2.76017e-10
2.22857e-10
1.78269e-10
1.40708e-10
1.0886e-10
8.1603e-11
5.79556e-11
3.70369e-11
1.80093e-11
-2.1835e-32
1.97587e-13
1.32231e-10
2.57901e-10
3.77414e-10
4.91009e-10
5.98927e-10
7.0141e-10
7.987e-10
8.91033e-10
9.78643e-10
1.06176e-09
1.14059e-09
1.21536e-09
1.28627e-09
1.35351e-09
1.41728e-09
1.47776e-09
1.5351e-09
1.58949e-09
1.64107e-09
1.68999e-09
1.73639e-09
1.78041e-09
1.82216e-09
1.86178e-09
1.89937e-09
1.93504e-09
1.9689e-09
2.00103e-09
2.03153e-09
2.06048e-09
2.08797e-09
2.38477e-09
2.69783e-09
3.02417e-09
3.35925e-09
3.69667e-09
4.02782e-09
4.34174e-09
4.62513e-09
4.86276e-09
5.03831e-09
5.13598e-09
5.14255e-09
5.04998e-09
4.85774e-09
4.57439e-09
4.21739e-09
3.81079e-09
3.38126e-09
2.95347e-09
2.54675e-09
2.17361e-09
1.84026e-09
1.54822e-09
1.29599e-09
1.08042e-09
8.97591e-10
7.43401e-10
6.13893e-10
5.05418e-10
4.14715e-10
3.38925e-10
2.75578e-10
2.22559e-10
1.78068e-10
1.40572e-10
1.0877e-10
8.15441e-11
5.79184e-11
3.70154e-11
1.79994e-11
-1.98397e-32
1.8612e-13
1.24589e-10
2.42998e-10
3.55611e-10
4.62651e-10
5.64349e-10
6.60932e-10
7.52628e-10
8.3966e-10
9.22247e-10
1.0006e-09
1.07493e-09
1.14544e-09
1.21231e-09
1.27573e-09
1.33588e-09
1.39293e-09
1.44703e-09
1.49835e-09
1.54702e-09
1.59319e-09
1.63699e-09
1.67854e-09
1.71796e-09
1.75536e-09
1.79086e-09
1.82454e-09
1.85651e-09
1.88686e-09
1.91567e-09
1.94302e-09
1.96899e-09
2.24953e-09
2.54576e-09
2.855e-09
3.17314e-09
3.4943e-09
3.81061e-09
4.11194e-09
4.38596e-09
4.61843e-09
4.79402e-09
4.89765e-09
4.91645e-09
4.84211e-09
4.67315e-09
4.41645e-09
4.08735e-09
3.70772e-09
3.30236e-09
2.89488e-09
2.50427e-09
2.14335e-09
1.81897e-09
1.53338e-09
1.28571e-09
1.07333e-09
8.9272e-10
7.40062e-10
6.11609e-10
5.03858e-10
4.1365e-10
3.382e-10
2.75085e-10
2.22225e-10
1.77842e-10
1.4042e-10
1.08669e-10
8.1478e-11
5.78768e-11
3.69912e-11
1.79884e-11
-1.80255e-32
1.74081e-13
1.16565e-10
2.27351e-10
3.32717e-10
4.32876e-10
5.28042e-10
6.1843e-10
7.04252e-10
7.85717e-10
8.63029e-10
9.36389e-10
1.00599e-09
1.07201e-09
1.13464e-09
1.19405e-09
1.2504e-09
1.30385e-09
1.35455e-09
1.40264e-09
1.44826e-09
1.49154e-09
1.5326e-09
1.57155e-09
1.60852e-09
1.6436e-09
1.67689e-09
1.70849e-09
1.73848e-09
1.76695e-09
1.79399e-09
1.81965e-09
1.84403e-09
2.10747e-09
2.386e-09
2.67725e-09
2.97754e-09
3.28159e-09
3.58222e-09
3.87022e-09
4.13425e-09
4.36115e-09
4.53659e-09
4.64628e-09
4.67773e-09
4.62237e-09
4.47772e-09
4.24895e-09
3.94919e-09
3.59797e-09
3.21819e-09
2.83225e-09
2.45878e-09
2.11091e-09
1.79614e-09
1.51745e-09
1.27468e-09
1.06572e-09
8.87491e-10
7.36479e-10
6.09159e-10
5.02185e-10
4.1251e-10
3.37424e-10
2.74558e-10
2.21867e-10
1.776e-10
1.40258e-10
1.08561e-10
8.14071e-11
5.78321e-11
3.69652e-11
1.79766e-11
-8.42867e-33
1.61876e-13
1.08428e-10
2.11483e-10
3.09501e-10
4.02681e-10
4.91222e-10
5.75326e-10
6.55189e-10
7.31007e-10
8.02968e-10
8.71258e-10
9.36057e-10
9.97535e-10
1.05586e-09
1.11119e-09
1.16368e-09
1.21348e-09
1.26072e-09
1.30554e-09
1.34806e-09
1.3884e-09
1.42668e-09
1.463e-09
1.49747e-09
1.53019e-09
1.56124e-09
1.59072e-09
1.6187e-09
1.64527e-09
1.67049e-09
1.69445e-09
1.71719e-09
1.96324e-09
2.22374e-09
2.49664e-09
2.77868e-09
3.06516e-09
3.34964e-09
3.62379e-09
3.87728e-09
4.09804e-09
4.27279e-09
4.38805e-09
4.43175e-09
4.39514e-09
4.27478e-09
4.07419e-09
3.80427e-09
3.48222e-09
3.12891e-09
2.76546e-09
2.41004e-09
2.076e-09
1.77148e-09
1.50021e-09
1.26271e-09
1.05746e-09
8.81805e-10
7.32579e-10
6.06489e-10
5.00362e-10
4.11266e-10
3.36576e-10
2.73981e-10
2.21476e-10
1.77335e-10
1.4008e-10
1.08442e-10
8.13296e-11
5.77832e-11
3.69368e-11
1.79636e-11
3.17409e-34
1.49659e-13
1.00279e-10
1.95591e-10
2.8625e-10
3.72439e-10
4.54345e-10
5.32153e-10
6.06046e-10
6.76203e-10
7.42801e-10
8.0601e-10
8.65994e-10
9.22914e-10
9.76922e-10
1.02816e-09
1.07678e-09
1.12291e-09
1.16668e-09
1.20821e-09
1.24762e-09
1.28501e-09
1.3205e-09
1.35417e-09
1.38614e-09
1.41648e-09
1.44528e-09
1.47262e-09
1.49858e-09
1.52323e-09
1.54664e-09
1.56887e-09
1.58999e-09
1.81851e-09
2.06083e-09
2.31515e-09
2.57865e-09
2.84719e-09
3.11503e-09
3.37473e-09
3.61697e-09
3.83075e-09
4.00385e-09
4.12368e-09
4.17866e-09
4.15993e-09
4.06327e-09
3.89061e-09
3.65071e-09
3.35842e-09
3.03253e-09
2.69272e-09
2.35653e-09
2.03741e-09
1.74407e-09
1.48095e-09
1.24928e-09
1.04816e-09
8.7539e-10
7.2817e-10
6.03467e-10
4.98294e-10
4.09854e-10
3.35614e-10
2.73326e-10
2.21032e-10
1.77034e-10
1.39877e-10
1.08307e-10
8.12413e-11
5.77275e-11
3.69045e-11
1.79489e-11
3.48869e-34
1.37522e-13
9.21801e-11
1.79797e-10
2.63141e-10
3.42381e-10
4.17689e-10
4.89237e-10
5.57193e-10
6.21721e-10
6.82983e-10
7.41136e-10
7.9633e-10
8.48712e-10
8.98421e-10
9.45593e-10
9.90357e-10
1.03283e-09
1.07314e-09
1.1114e-09
1.1477e-09
1.18215e-09
1.21485e-09
1.24589e-09
1.27536e-09
1.30333e-09
1.32988e-09
1.3551e-09
1.37904e-09
1.40178e-09
1.42337e-09
1.44388e-09
1.46336e-09
1.67437e-09
1.89845e-09
2.13411e-09
2.37892e-09
2.62924e-09
2.88008e-09
3.1248e-09
3.35509e-09
3.56104e-09
3.73149e-09
3.85476e-09
3.91983e-09
3.91789e-09
3.84403e-09
3.69875e-09
3.48876e-09
3.22659e-09
2.92889e-09
2.61374e-09
2.29792e-09
1.99483e-09
1.71362e-09
1.45944e-09
1.23423e-09
1.03769e-09
8.68151e-10
7.23183e-10
6.00041e-10
4.95947e-10
4.08249e-10
3.34518e-10
2.7258e-10
2.20525e-10
1.76691e-10
1.39646e-10
1.08153e-10
8.11404e-11
5.76638e-11
3.68674e-11
1.7932e-11
3.83402e-34
1.25563e-13
8.41954e-11
1.64226e-10
2.40356e-10
3.12744e-10
3.81546e-10
4.46919e-10
5.09018e-10
5.67992e-10
6.23989e-10
6.7715e-10
7.27615e-10
7.75516e-10
8.20981e-10
8.64131e-10
9.05084e-10
9.43952e-10
9.80842e-10
1.01586e-09
1.04909e-09
1.08064e-09
1.11058e-09
1.13901e-09
1.166e-09
1.19162e-09
1.21596e-09
1.23906e-09
1.26101e-09
1.28185e-09
1.30164e-09
1.32045e-09
1.33831e-09
1.53194e-09
1.7379e-09
1.95494e-09
2.18101e-09
2.413e-09
2.64656e-09
2.87587e-09
3.09359e-09
3.29087e-09
3.4576e-09
3.58307e-09
3.6569e-09
3.67041e-09
3.61815e-09
3.49936e-09
3.31885e-09
3.08687e-09
2.81788e-09
2.52829e-09
2.23391e-09
1.94793e-09
1.67986e-09
1.43545e-09
1.21735e-09
1.02591e-09
8.59976e-10
7.17536e-10
5.96154e-10
4.93279e-10
4.06422e-10
3.3327e-10
2.71729e-10
2.19946e-10
1.76299e-10
1.39382e-10
1.07977e-10
8.1025e-11
5.75909e-11
3.68251e-11
1.79127e-11
2.36496e-34
1.23568e-13
8.2863e-11
1.61627e-10
2.36554e-10
3.07798e-10
3.75515e-10
4.39858e-10
5.00978e-10
5.59025e-10
6.14143e-10
6.66471e-10
7.16147e-10
7.63299e-10
8.08054e-10
8.50533e-10
8.90849e-10
9.29115e-10
9.65433e-10
9.99905e-10
1.03263e-09
1.06369e-09
1.09317e-09
1.12116e-09
1.14774e-09
1.17297e-09
1.19693e-09
1.21968e-09
1.24129e-09
1.26182e-09
1.28131e-09
1.29983e-09
1.31742e-09
1.50815e-09
1.71106e-09
1.92498e-09
2.14789e-09
2.37678e-09
2.6074e-09
2.83408e-09
3.04962e-09
3.24535e-09
3.41135e-09
3.53706e-09
3.61222e-09
3.62819e-09
3.57945e-09
3.46502e-09
3.28941e-09
3.06252e-09
2.79842e-09
2.51321e-09
2.22255e-09
1.93957e-09
1.67381e-09
1.43114e-09
1.21431e-09
1.02378e-09
8.58495e-10
7.16511e-10
5.95448e-10
4.92793e-10
4.0609e-10
3.33042e-10
2.71574e-10
2.1984e-10
1.76227e-10
1.39334e-10
1.07945e-10
8.10039e-11
5.75776e-11
3.68173e-11
1.79091e-11
2.20586e-34
1.13876e-13
7.63891e-11
1.49002e-10
2.18079e-10
2.83766e-10
3.46206e-10
4.0554e-10
4.61908e-10
5.15447e-10
5.66291e-10
6.14568e-10
6.60403e-10
7.03916e-10
7.45222e-10
7.84433e-10
8.21653e-10
8.56984e-10
8.90522e-10
9.22359e-10
9.52583e-10
9.81276e-10
1.00852e-09
1.03438e-09
1.05894e-09
1.08227e-09
1.10442e-09
1.12545e-09
1.14543e-09
1.16441e-09
1.18244e-09
1.19957e-09
1.21584e-09
1.39237e-09
1.58045e-09
1.77907e-09
1.98653e-09
2.20019e-09
2.41632e-09
2.6299e-09
2.8345e-09
3.02228e-09
3.18423e-09
3.31059e-09
3.39168e-09
3.41907e-09
3.38694e-09
3.29344e-09
3.14161e-09
2.93957e-09
2.69957e-09
2.43623e-09
2.16425e-09
1.89644e-09
1.64249e-09
1.40873e-09
1.19845e-09
1.01266e-09
8.50745e-10
7.1114e-10
5.91741e-10
4.90243e-10
4.0434e-10
3.31845e-10
2.70756e-10
2.19283e-10
1.7585e-10
1.39079e-10
1.07775e-10
8.08926e-11
5.75073e-11
3.67764e-11
1.78905e-11
4.27077e-34
1.02558e-13
6.88249e-11
1.34249e-10
1.96492e-10
2.55685e-10
3.11956e-10
3.65435e-10
4.16248e-10
4.64517e-10
5.10362e-10
5.53899e-10
5.95241e-10
6.34495e-10
6.71765e-10
7.07149e-10
7.40743e-10
7.72637e-10
8.02918e-10
8.31669e-10
8.58966e-10
8.84886e-10
9.09499e-10
9.32871e-10
9.55068e-10
9.76149e-10
9.96172e-10
1.01519e-09
1.03326e-09
1.05042e-09
1.06673e-09
1.08223e-09
1.09695e-09
1.2568e-09
1.42739e-09
1.60794e-09
1.79705e-09
1.99254e-09
2.19125e-09
2.38889e-09
2.57991e-09
2.75747e-09
2.91357e-09
3.03945e-09
3.12618e-09
3.1657e-09
3.15196e-09
3.08221e-09
2.95793e-09
2.7852e-09
2.57415e-09
2.33752e-09
2.08875e-09
1.84007e-09
1.60124e-09
1.37901e-09
1.1773e-09
9.97754e-10
8.40322e-10
7.03893e-10
5.86725e-10
4.86785e-10
4.01964e-10
3.30216e-10
2.69643e-10
2.18525e-10
1.75335e-10
1.38732e-10
1.07543e-10
8.07405e-11
5.74111e-11
3.67205e-11
1.7865e-11
5.08435e-34
9.16991e-14
6.15633e-11
1.20087e-10
1.75768e-10
2.28724e-10
2.79072e-10
3.26927e-10
3.72402e-10
4.15607e-10
4.56648e-10
4.9563e-10
5.32652e-10
5.6781e-10
6.01196e-10
6.32899e-10
6.63004e-10
6.9159e-10
7.18735e-10
7.44512e-10
7.68991e-10
7.92238e-10
8.14316e-10
8.35286e-10
8.55204e-10
8.74124e-10
8.92096e-10
9.09171e-10
9.25393e-10
9.40807e-10
9.55454e-10
9.69372e-10
9.82599e-10
1.12631e-09
1.27995e-09
1.44292e-09
1.61412e-09
1.79175e-09
1.97319e-09
2.15483e-09
2.33193e-09
2.49861e-09
2.64786e-09
2.77189e-09
2.86257e-09
2.9123e-09
2.91497e-09
2.86711e-09
2.76887e-09
2.62448e-09
2.44199e-09
2.23225e-09
2.00729e-09
1.77862e-09
1.55584e-09
1.34604e-09
1.15369e-09
9.81015e-10
8.28559e-10
6.95682e-10
5.81025e-10
4.82845e-10
3.9925e-10
3.28353e-10
2.68367e-10
2.17654e-10
1.74743e-10
1.38332e-10
1.07276e-10
8.05654e-11
5.73004e-11
3.66561e-11
1.78356e-11
5.58375e-34
8.13803e-14
5.4659e-11
1.06621e-10
1.56062e-10
2.03088e-10
2.47802e-10
2.90307e-10
3.30703e-10
3.69088e-10
4.05557e-10
4.40201e-10
4.73109e-10
5.04366e-10
5.34053e-10
5.62248e-10
5.89025e-10
6.14457e-10
6.38611e-10
6.61552e-10
6.83342e-10
7.04038e-10
7.23697e-10
7.42373e-10
7.60114e-10
7.76969e-10
7.92982e-10
8.08198e-10
8.22657e-10
8.36396e-10
8.49454e-10
8.61864e-10
8.7366e-10
1.00192e-09
1.13928e-09
1.28532e-09
1.43917e-09
1.59941e-09
1.76389e-09
1.92961e-09
2.09261e-09
2.24786e-09
2.38934e-09
2.51018e-09
2.60309e-09
2.661e-09
2.6779e-09
2.64982e-09
2.57579e-09
2.45837e-09
2.30368e-09
2.12068e-09
1.9199e-09
1.71193e-09
1.50607e-09
1.30958e-09
1.12737e-09
9.62242e-10
8.15296e-10
6.86383e-10
5.74546e-10
4.78352e-10
3.96148e-10
3.26218e-10
2.66904e-10
2.16654e-10
1.74063e-10
1.37873e-10
1.06969e-10
8.03635e-11
5.71727e-11
3.65817e-11
1.78016e-11
6.13064e-34
7.16724e-14
4.81596e-11
9.39445e-11
1.37511e-10
1.78952e-10
2.1836e-10
2.55826e-10
2.91438e-10
3.25282e-10
3.57442e-10
3.87997e-10
4.17026e-10
4.44603e-10
4.708e-10
4.95684e-10
5.19323e-10
5.41777e-10
5.63106e-10
5.83368e-10
6.02617e-10
6.20903e-10
6.38275e-10
6.54781e-10
6.70464e-10
6.85366e-10
6.99526e-10
7.12983e-10
7.25772e-10
7.37926e-10
7.49479e-10
7.60461e-10
7.709e-10
8.84509e-10
1.00639e-09
1.13627e-09
1.27349e-09
1.41696e-09
1.56494e-09
1.71499e-09
1.86384e-09
2.00728e-09
2.14016e-09
2.25655e-09
2.35e-09
2.41402e-09
2.44284e-09
2.4322e-09
2.38022e-09
2.28805e-09
2.16001e-09
2.00325e-09
1.82673e-09
1.63996e-09
1.45176e-09
1.2694e-09
1.09812e-09
9.41232e-10
8.00364e-10
6.75861e-10
5.67183e-10
4.7323e-10
3.926e-10
3.23772e-10
2.65223e-10
2.15504e-10
1.73279e-10
1.37342e-10
1.06614e-10
8.01303e-11
5.7025e-11
3.64956e-11
1.77623e-11
6.72908e-34
6.26325e-14
4.21037e-11
8.21327e-11
1.20224e-10
1.56461e-10
1.90924e-10
2.23692e-10
2.54843e-10
2.84451e-10
3.12591e-10
3.39331e-10
3.64739e-10
3.88881e-10
4.11819e-10
4.33612e-10
4.54317e-10
4.73988e-10
4.92678e-10
5.10435e-10
5.27307e-10
5.43338e-10
5.58571e-10
5.73046e-10
5.86802e-10
5.99875e-10
6.123e-10
6.24108e-10
6.35333e-10
6.46002e-10
6.56145e-10
6.65787e-10
6.74955e-10
7.74805e-10
8.82117e-10
9.96727e-10
1.11818e-09
1.24562e-09
1.37772e-09
1.51251e-09
1.64733e-09
1.7787e-09
1.90233e-09
2.01314e-09
2.1055e-09
2.17359e-09
2.21196e-09
2.21624e-09
2.1839e-09
2.11491e-09
2.01201e-09
1.88061e-09
1.72808e-09
1.56277e-09
1.39282e-09
1.22532e-09
1.06573e-09
9.17782e-10
7.83584e-10
6.63971e-10
5.58823e-10
4.6739e-10
3.88543e-10
3.20966e-10
2.63291e-10
2.14179e-10
1.72376e-10
1.3673e-10
1.06203e-10
7.98604e-11
5.6854e-11
3.63959e-11
1.77168e-11
7.38335e-34
5.43024e-14
3.65198e-11
7.12414e-11
1.04285e-10
1.35721e-10
1.65622e-10
1.94056e-10
2.2109e-10
2.46789e-10
2.71217e-10
2.94435e-10
3.16499e-10
3.37468e-10
3.57394e-10
3.76329e-10
3.94322e-10
4.1142e-10
4.27667e-10
4.43107e-10
4.57779e-10
4.71723e-10
4.84975e-10
4.9757e-10
5.09541e-10
5.20919e-10
5.31734e-10
5.42015e-10
5.51789e-10
5.61081e-10
5.69916e-10
5.78315e-10
5.86302e-10
6.73368e-10
7.67106e-10
8.67444e-10
9.74078e-10
1.08639e-09
1.20335e-09
1.32343e-09
1.44451e-09
1.56377e-09
1.67764e-09
1.78189e-09
1.87168e-09
1.94185e-09
1.9874e-09
2.00401e-09
1.98873e-09
1.94056e-09
1.86092e-09
1.75362e-09
1.62448e-09
1.48057e-09
1.32924e-09
1.17722e-09
1.03003e-09
8.917e-10
7.6478e-10
6.5056e-10
5.49344e-10
4.60739e-10
3.83904e-10
3.17748e-10
2.61069e-10
2.12652e-10
1.71332e-10
1.36022e-10
1.05728e-10
7.95476e-11
5.66556e-11
3.62802e-11
1.76639e-11
8.09786e-34
4.67076e-14
3.14257e-11
6.1305e-11
8.97417e-11
1.16798e-10
1.42535e-10
1.67012e-10
1.90288e-10
2.12418e-10
2.33456e-10
2.53455e-10
2.72464e-10
2.90532e-10
3.07704e-10
3.24026e-10
3.39538e-10
3.54281e-10
3.68293e-10
3.81611e-10
3.94269e-10
4.06301e-10
4.17738e-10
4.28609e-10
4.38943e-10
4.48768e-10
4.58108e-10
4.66988e-10
4.75431e-10
4.83458e-10
4.91092e-10
4.98351e-10
5.05254e-10
5.80567e-10
6.61791e-10
7.48929e-10
8.41796e-10
9.3996e-10
1.04266e-09
1.14874e-09
1.25652e-09
1.36377e-09
1.4676e-09
1.5645e-09
1.6504e-09
1.72083e-09
1.77128e-09
1.79762e-09
1.79667e-09
1.76676e-09
1.70819e-09
1.62335e-09
1.51662e-09
1.39376e-09
1.26117e-09
1.12507e-09
9.90884e-10
8.62816e-10
7.43777e-10
6.35472e-10
5.38613e-10
4.5317e-10
3.78603e-10
3.14057e-10
2.58513e-10
2.10892e-10
1.70126e-10
1.35202e-10
1.05177e-10
7.91846e-11
5.64253e-11
3.61457e-11
1.76024e-11
8.87717e-34
3.98571e-14
2.68279e-11
5.23366e-11
7.6615e-11
9.97168e-11
1.21694e-10
1.42599e-10
1.6248e-10
1.81384e-10
1.99359e-10
2.16449e-10
2.32695e-10
2.4814e-10
2.62822e-10
2.76778e-10
2.90045e-10
3.02656e-10
3.14645e-10
3.26041e-10
3.36875e-10
3.47174e-10
3.56965e-10
3.66274e-10
3.75125e-10
3.8354e-10
3.91541e-10
3.99149e-10
4.06384e-10
4.13264e-10
4.19807e-10
4.2603e-10
4.31949e-10
4.96572e-10
5.66387e-10
6.41446e-10
7.21661e-10
8.06749e-10
8.96171e-10
9.8906e-10
1.08414e-09
1.17967e-09
1.27336e-09
1.36235e-09
1.44327e-09
1.51232e-09
1.56553e-09
1.59907e-09
1.60972e-09
1.59536e-09
1.55542e-09
1.4911e-09
1.40543e-09
1.30289e-09
1.18887e-09
1.06893e-09
9.4822e-10
8.30995e-10
7.20419e-10
6.18554e-10
5.26497e-10
4.44575e-10
3.72553e-10
3.09828e-10
2.55574e-10
2.08861e-10
1.68732e-10
1.34253e-10
1.04538e-10
7.87629e-11
5.61573e-11
3.59892e-11
1.75308e-11
9.72583e-34
3.37438e-14
2.27225e-11
4.43283e-11
6.48933e-11
8.44632e-11
1.03083e-10
1.20795e-10
1.37642e-10
1.53664e-10
1.689e-10
1.83388e-10
1.97164e-10
2.10262e-10
2.22715e-10
2.34555e-10
2.45812e-10
2.56514e-10
2.66689e-10
2.76364e-10
2.85562e-10
2.94308e-10
3.02624e-10
3.10532e-10
3.18051e-10
3.25202e-10
3.32001e-10
3.38468e-10
3.44619e-10
3.50468e-10
3.56032e-10
3.61324e-10
3.66358e-10
4.21364e-10
4.80887e-10
5.45015e-10
6.13731e-10
6.86869e-10
7.64063e-10
8.44689e-10
9.27801e-10
1.01206e-09
1.0957e-09
1.17643e-09
1.25153e-09
1.31781e-09
1.37186e-09
1.41023e-09
1.42982e-09
1.42826e-09
1.40433e-09
1.35831e-09
1.29202e-09
1.20874e-09
1.1128e-09
1.009e-09
9.02064e-10
7.96156e-10
6.94574e-10
5.99664e-10
5.12863e-10
4.34837e-10
3.65661e-10
3.04986e-10
2.52196e-10
2.0652e-10
1.67121e-10
1.33153e-10
1.03796e-10
7.82726e-11
5.58454e-11
3.58068e-11
1.74473e-11
1.06483e-33
2.83466e-14
1.90956e-11
3.72535e-11
5.45375e-11
7.09865e-11
8.66381e-11
1.01529e-10
1.15694e-10
1.29167e-10
1.41981e-10
1.54168e-10
1.65757e-10
1.76778e-10
1.87258e-10
1.97224e-10
2.067e-10
2.15711e-10
2.2428e-10
2.32428e-10
2.40176e-10
2.47545e-10
2.54552e-10
2.61217e-10
2.67555e-10
2.73582e-10
2.79316e-10
2.84769e-10
2.89956e-10
2.9489e-10
2.99583e-10
3.04048e-10
3.08295e-10
3.54743e-10
4.05084e-10
4.59429e-10
5.17811e-10
5.8015e-10
6.46216e-10
7.15579e-10
7.87556e-10
8.61154e-10
9.35016e-10
1.00738e-09
1.07605e-09
1.13844e-09
1.19168e-09
1.23275e-09
1.25876e-09
1.26728e-09
1.25669e-09
1.22654e-09
1.17766e-09
1.11225e-09
1.03357e-09
9.45614e-10
8.52547e-10
7.58289e-10
6.66155e-10
5.7868e-10
4.97582e-10
4.23841e-10
3.57827e-10
2.99454e-10
2.48319e-10
2.03823e-10
1.65258e-10
1.31878e-10
1.02935e-10
7.77022e-11
5.5482e-11
3.5594e-11
1.73498e-11
1.16488e-33
2.36313e-14
1.59253e-11
3.10689e-11
4.54846e-11
5.92049e-11
7.22611e-11
8.46839e-11
9.65026e-11
1.07746e-10
1.1844e-10
1.28613e-10
1.38288e-10
1.4749e-10
1.56241e-10
1.64565e-10
1.72481e-10
1.80009e-10
1.87169e-10
1.93979e-10
2.00456e-10
2.06616e-10
2.12475e-10
2.18048e-10
2.23348e-10
2.2839e-10
2.33187e-10
2.37749e-10
2.4209e-10
2.46219e-10
2.50147e-10
2.53885e-10
2.5744e-10
2.96354e-10
3.38592e-10
3.84277e-10
4.33475e-10
4.86168e-10
5.42227e-10
6.01373e-10
6.63129e-10
7.26779e-10
7.91313e-10
8.55386e-10
9.17293e-10
9.74972e-10
1.02605e-09
1.06795e-09
1.0981e-09
1.11413e-09
1.11423e-09
1.09742e-09
1.06378e-09
1.01454e-09
9.52002e-10
8.79287e-10
7.99929e-10
7.17478e-10
6.35133e-10
5.55513e-10
4.80545e-10
4.11475e-10
3.48953e-10
2.93148e-10
2.43877e-10
2.00718e-10
1.63106e-10
1.30401e-10
1.01934e-10
7.70382e-11
5.50583e-11
3.53457e-11
1.7236e-11
1.2731e-33
1.95543e-14
1.31825e-11
2.57184e-11
3.76523e-11
4.90112e-11
5.98213e-11
7.0108e-11
7.98956e-11
8.92075e-11
9.80664e-11
1.06494e-10
1.1451e-10
1.22136e-10
1.2939e-10
1.36289e-10
1.42852e-10
1.49094e-10
1.55032e-10
1.6068e-10
1.66053e-10
1.71164e-10
1.76025e-10
1.8065e-10
1.8505e-10
1.89235e-10
1.93217e-10
1.97006e-10
2.0061e-10
2.04039e-10
2.07302e-10
2.10407e-10
2.13361e-10
2.45712e-10
2.80876e-10
3.18978e-10
3.60104e-10
4.04278e-10
4.51444e-10
5.01435e-10
5.53935e-10
6.08443e-10
6.64228e-10
7.20291e-10
7.75335e-10
8.27746e-10
8.7562e-10
9.16821e-10
9.49105e-10
9.70302e-10
9.78553e-10
9.72564e-10
9.51844e-10
9.16859e-10
8.69046e-10
8.10681e-10
7.44612e-10
6.73915e-10
6.01555e-10
5.30122e-10
4.61664e-10
3.9764e-10
3.38942e-10
2.85984e-10
2.38799e-10
1.97152e-10
1.60624e-10
1.28691e-10
1.00772e-10
7.62654e-11
5.45643e-11
3.50558e-11
1.71029e-11
1.38977e-33
1.60644e-14
1.08335e-11
2.11358e-11
3.09438e-11
4.02799e-11
4.91657e-11
5.7622e-11
6.56689e-11
7.33255e-11
8.06105e-11
8.75416e-11
9.41357e-11
1.00409e-10
1.06377e-10
1.12055e-10
1.17456e-10
1.22594e-10
1.27482e-10
1.32133e-10
1.36557e-10
1.40766e-10
1.4477e-10
1.4858e-10
1.52205e-10
1.55653e-10
1.58935e-10
1.62057e-10
1.65028e-10
1.67855e-10
1.70545e-10
1.73105e-10
1.75541e-10
2.02234e-10
2.31287e-10
2.62821e-10
2.96929e-10
3.33664e-10
3.73019e-10
4.14908e-10
4.59135e-10
5.05363e-10
5.53081e-10
6.01566e-10
6.49854e-10
6.96715e-10
7.40655e-10
7.79948e-10
8.12707e-10
8.37009e-10
8.51074e-10
8.53469e-10
8.43331e-10
8.20536e-10
7.85795e-10
7.40616e-10
6.87146e-10
6.2792e-10
5.65564e-10
5.0253e-10
4.40895e-10
3.82256e-10
3.27706e-10
2.77877e-10
2.33014e-10
1.93065e-10
1.57766e-10
1.26714e-10
9.94239e-11
7.53665e-11
5.39884e-11
3.47172e-11
1.69474e-11
1.51507e-33
1.31059e-14
8.84111e-12
1.7249e-11
2.52538e-11
3.28739e-11
4.0127e-11
4.70301e-11
5.35996e-11
5.98512e-11
6.58001e-11
7.14605e-11
7.68464e-11
8.1971e-11
8.68468e-11
9.14858e-11
9.58996e-11
1.00099e-10
1.04095e-10
1.07896e-10
1.11514e-10
1.14955e-10
1.1823e-10
1.21346e-10
1.24311e-10
1.27133e-10
1.29817e-10
1.32372e-10
1.34804e-10
1.37117e-10
1.39319e-10
1.41415e-10
1.43409e-10
1.65275e-10
1.89103e-10
2.15006e-10
2.43078e-10
2.73387e-10
3.0596e-10
3.40764e-10
3.77691e-10
4.16527e-10
4.56927e-10
4.98385e-10
5.40202e-10
5.81464e-10
6.2103e-10
6.57539e-10
6.8945e-10
7.15124e-10
7.32942e-10
7.41468e-10
7.39633e-10
7.26907e-10
7.03427e-10
6.70036e-10
6.28219e-10
5.7994e-10
5.27408e-10
4.7284e-10
4.18243e-10
3.65274e-10
3.15172e-10
2.68751e-10
2.26451e-10
1.88397e-10
1.54482e-10
1.24432e-10
9.78622e-11
7.43218e-11
5.33174e-11
3.4322e-11
1.67657e-11
1.64899e-33
1.06212e-14
7.16701e-12
1.3983e-11
2.04724e-11
2.66504e-11
3.25312e-11
3.81286e-11
4.34561e-11
4.85262e-11
5.33513e-11
5.7943e-11
6.23124e-11
6.64703e-11
7.04268e-11
7.41917e-11
7.77742e-11
8.11831e-11
8.4427e-11
8.75137e-11
9.0451e-11
9.32461e-11
9.59059e-11
9.84371e-11
1.00846e-10
1.03138e-10
1.0532e-10
1.07396e-10
1.09372e-10
1.11252e-10
1.13042e-10
1.14746e-10
1.16367e-10
1.34153e-10
1.53558e-10
1.74682e-10
1.97617e-10
2.22435e-10
2.49182e-10
2.77864e-10
3.08431e-10
3.40757e-10
3.74623e-10
4.09684e-10
4.45451e-10
4.81262e-10
5.16266e-10
5.49421e-10
5.79505e-10
6.05164e-10
6.24993e-10
6.37648e-10
6.4199e-10
6.37246e-10
6.23138e-10
5.99971e-10
5.68642e-10
5.30552e-10
4.87453e-10
4.41246e-10
3.93781e-10
3.46691e-10
3.01293e-10
2.58542e-10
2.19042e-10
1.83088e-10
1.50724e-10
1.21806e-10
9.60566e-11
7.31096e-11
5.25365e-11
3.38611e-11
1.65534e-11
1.79128e-33
8.55279e-15
5.7728e-12
1.1263e-11
1.64903e-11
2.1467e-11
2.62046e-11
3.07143e-11
3.50068e-11
3.90923e-11
4.29808e-11
4.66815e-11
5.02034e-11
5.35552e-11
5.67449e-11
5.97805e-11
6.26694e-11
6.54186e-11
6.80349e-11
7.05248e-11
7.28944e-11
7.51495e-11
7.72957e-11
7.93382e-11
8.12822e-11
8.31324e-11
8.48933e-11
8.65693e-11
8.81645e-11
8.96829e-11
9.11281e-11
9.25037e-11
9.38132e-11
1.08185e-10
1.2388e-10
1.40988e-10
1.59592e-10
1.79766e-10
2.01564e-10
2.25015e-10
2.50106e-10
2.76776e-10
3.04892e-10
3.34233e-10
3.64465e-10
3.95123e-10
4.25592e-10
4.55092e-10
4.82683e-10
5.07285e-10
5.2772e-10
5.428e-10
5.5142e-10
5.52695e-10
5.46081e-10
5.31483e-10
5.09307e-10
4.80443e-10
4.46177e-10
4.08044e-10
3.6766e-10
3.26556e-10
2.86058e-10
2.47205e-10
2.10733e-10
1.77081e-10
1.4644e-10
1.18794e-10
9.39748e-11
7.17059e-11
5.16293e-11
3.33243e-11
1.63058e-11
1.94139e-33
6.84538e-15
4.62147e-12
9.01675e-12
1.32018e-11
1.71863e-11
2.09796e-11
2.45907e-11
2.80281e-11
3.13e-11
3.44144e-11
3.73786e-11
4.01999e-11
4.28852e-11
4.54409e-11
4.78733e-11
5.01884e-11
5.23917e-11
5.44888e-11
5.64847e-11
5.83844e-11
6.01924e-11
6.19133e-11
6.35513e-11
6.51103e-11
6.65942e-11
6.80067e-11
6.93511e-11
7.06309e-11
7.1849e-11
7.30086e-11
7.41125e-11
7.51632e-11
8.6701e-11
9.9313e-11
1.13077e-10
1.28067e-10
1.44351e-10
1.61987e-10
1.81015e-10
2.01448e-10
2.23265e-10
2.46394e-10
2.707e-10
2.95968e-10
3.2188e-10
3.48003e-10
3.73773e-10
3.98485e-10
4.21301e-10
4.41275e-10
4.57398e-10
4.6867e-10
4.74197e-10
4.73295e-10
4.65603e-10
4.51147e-10
4.30384e-10
4.0416e-10
3.73628e-10
3.40118e-10
3.04988e-10
2.69502e-10
2.34726e-10
2.01481e-10
1.70328e-10
1.41582e-10
1.15353e-10
9.1583e-11
7.00852e-11
5.05778e-11
3.27003e-11
1.60175e-11
2.09833e-33
5.44706e-15
3.67822e-12
7.17648e-12
1.05075e-11
1.36791e-11
1.66986e-11
1.95732e-11
2.23097e-11
2.49147e-11
2.73944e-11
2.97548e-11
3.20016e-11
3.41402e-11
3.61758e-11
3.81134e-11
3.99576e-11
4.17131e-11
4.33839e-11
4.49743e-11
4.64882e-11
4.79292e-11
4.93008e-11
5.06064e-11
5.18491e-11
5.30322e-11
5.41583e-11
5.52303e-11
5.62507e-11
5.72222e-11
5.8147e-11
5.90273e-11
5.98654e-11
6.90716e-11
7.91434e-11
9.01464e-11
1.02146e-10
1.15202e-10
1.29372e-10
1.447e-10
1.61213e-10
1.78915e-10
1.97775e-10
2.17719e-10
2.38613e-10
2.60251e-10
2.82337e-10
3.04474e-10
3.2615e-10
3.46735e-10
3.65491e-10
3.81599e-10
3.94196e-10
4.02453e-10
4.05649e-10
4.03267e-10
3.95075e-10
3.81185e-10
3.62061e-10
3.38488e-10
3.11481e-10
2.82178e-10
2.51716e-10
2.21128e-10
1.91272e-10
1.62792e-10
1.3611e-10
1.11446e-10
8.88474e-11
6.82211e-11
4.93628e-11
3.19769e-11
1.56824e-11
2.26061e-33
4.31035e-15
2.91119e-12
5.67999e-12
8.3165e-12
1.08269e-11
1.3217e-11
1.54926e-11
1.7659e-11
1.97214e-11
2.16847e-11
2.35537e-11
2.53328e-11
2.70264e-11
2.86386e-11
3.01733e-11
3.16341e-11
3.30247e-11
3.43485e-11
3.56085e-11
3.6808e-11
3.79499e-11
3.90368e-11
4.00716e-11
4.10566e-11
4.19943e-11
4.2887e-11
4.37368e-11
4.45458e-11
4.5316e-11
4.60492e-11
4.67473e-11
4.74119e-11
5.47147e-11
6.27102e-11
7.14529e-11
8.09984e-11
9.14006e-11
1.0271e-10
1.14972e-10
1.2822e-10
1.42471e-10
1.57723e-10
1.73939e-10
1.91044e-10
2.08909e-10
2.27341e-10
2.46069e-10
2.64731e-10
2.82869e-10
2.99925e-10
3.15257e-10
3.28157e-10
3.37898e-10
3.43793e-10
3.45266e-10
3.41929e-10
3.33647e-10
3.20581e-10
3.03182e-10
2.82158e-10
2.58394e-10
2.32854e-10
2.06482e-10
1.80121e-10
1.54458e-10
1.29991e-10
1.07036e-10
8.57359e-11
6.6087e-11
4.79646e-11
3.11411e-11
1.52944e-11
2.42604e-33
3.39266e-15
2.29177e-12
4.47148e-12
6.5471e-12
8.52347e-12
1.04053e-11
1.21969e-11
1.39027e-11
1.55267e-11
1.70728e-11
1.85447e-11
1.99459e-11
2.12799e-11
2.25498e-11
2.37587e-11
2.49096e-11
2.60052e-11
2.70481e-11
2.8041e-11
2.89862e-11
2.98861e-11
3.07427e-11
3.15583e-11
3.23347e-11
3.30738e-11
3.37775e-11
3.44475e-11
3.50853e-11
3.56925e-11
3.62707e-11
3.68211e-11
3.73452e-11
4.31057e-11
4.94166e-11
5.6323e-11
6.38714e-11
7.2108e-11
8.10777e-11
9.0822e-11
1.01376e-10
1.12765e-10
1.25001e-10
1.38073e-10
1.51943e-10
1.66538e-10
1.81736e-10
1.97359e-10
2.1316e-10
2.28814e-10
2.43915e-10
2.57975e-10
2.70436e-10
2.80693e-10
2.88134e-10
2.92195e-10
2.92418e-10
2.88514e-10
2.80418e-10
2.68313e-10
2.52623e-10
2.33978e-10
2.13137e-10
1.90912e-10
1.68084e-10
1.45336e-10
1.23213e-10
1.02099e-10
8.22205e-11
6.36577e-11
4.63635e-11
3.01798e-11
1.48468e-11
2.59167e-33
2.65654e-15
1.79479e-12
3.50183e-12
5.12738e-12
6.67526e-12
8.14911e-12
9.55243e-12
1.08886e-11
1.21607e-11
1.33718e-11
1.45249e-11
1.56227e-11
1.66679e-11
1.76629e-11
1.86102e-11
1.9512e-11
2.03706e-11
2.1188e-11
2.19662e-11
2.27071e-11
2.34125e-11
2.4084e-11
2.47234e-11
2.53321e-11
2.59116e-11
2.64633e-11
2.69886e-11
2.74888e-11
2.7965e-11
2.84184e-11
2.88501e-11
2.92611e-11
3.37803e-11
3.87341e-11
4.41593e-11
5.00941e-11
5.65774e-11
6.36478e-11
7.13423e-11
7.96945e-11
8.87322e-11
9.84741e-11
1.08925e-10
1.20072e-10
1.31877e-10
1.44268e-10
1.57134e-10
1.7031e-10
1.83576e-10
1.96644e-10
2.09154e-10
2.20682e-10
2.30748e-10
2.38836e-10
2.44436e-10
2.47085e-10
2.46417e-10
2.42224e-10
2.34485e-10
2.2339e-10
2.09328e-10
1.92849e-10
1.746e-10
1.5526e-10
1.3547e-10
1.15781e-10
9.66216e-11
7.82807e-11
6.09119e-11
4.45413e-11
2.908e-11
1.4333e-11
2.75357e-33
2.06958e-15
1.3984e-12
2.72846e-12
3.99504e-12
5.20113e-12
6.34957e-12
7.4431e-12
8.4843e-12
9.47567e-12
1.04196e-11
1.13183e-11
1.21739e-11
1.29886e-11
1.37642e-11
1.45026e-11
1.52057e-11
1.58751e-11
1.65124e-11
1.71191e-11
1.76968e-11
1.82468e-11
1.87705e-11
1.92691e-11
1.97438e-11
2.01958e-11
2.06262e-11
2.10359e-11
2.1426e-11
2.17975e-11
2.21512e-11
2.2488e-11
2.28086e-11
2.63351e-11
3.02026e-11
3.44409e-11
3.9081e-11
4.41548e-11
4.96949e-11
5.57334e-11
6.23005e-11
6.94234e-11
7.71236e-11
8.54144e-11
9.42969e-11
1.03755e-10
1.13752e-10
1.24221e-10
1.35058e-10
1.46117e-10
1.572e-10
1.68052e-10
1.78362e-10
1.8776e-10
1.95834e-10
2.0215e-10
2.06281e-10
2.07846e-10
2.0656e-10
2.02267e-10
1.9498e-10
1.84884e-10
1.72326e-10
1.57782e-10
1.418e-10
1.24943e-10
1.07732e-10
9.061e-11
7.39069e-11
5.78341e-11
4.24827e-11
2.78302e-11
1.37469e-11
2.90678e-33
1.60411e-15
1.08401e-12
2.11504e-12
3.09689e-12
4.03187e-12
4.92218e-12
5.76994e-12
6.57717e-12
7.34579e-12
8.07763e-12
8.77446e-12
9.43793e-12
1.00696e-11
1.06711e-11
1.12438e-11
1.17891e-11
1.23082e-11
1.28025e-11
1.32731e-11
1.37213e-11
1.41479e-11
1.45542e-11
1.4941e-11
1.53093e-11
1.56599e-11
1.59938e-11
1.63117e-11
1.66145e-11
1.69027e-11
1.71772e-11
1.74385e-11
1.76874e-11
2.04246e-11
2.34279e-11
2.67208e-11
3.03284e-11
3.42767e-11
3.85923e-11
4.33024e-11
4.84333e-11
5.40098e-11
6.00535e-11
6.6581e-11
7.36013e-11
8.11125e-11
8.90979e-11
9.75212e-11
1.06321e-10
1.15403e-10
1.24637e-10
1.33848e-10
1.42812e-10
1.51258e-10
1.58869e-10
1.65293e-10
1.70162e-10
1.73121e-10
1.7386e-10
1.72152e-10
1.67886e-10
1.61091e-10
1.5194e-10
1.40742e-10
1.27901e-10
1.13877e-10
9.91332e-11
8.40934e-11
6.91048e-11
5.4418e-11
4.01777e-11
2.64214e-11
1.30833e-11
3.04519e-33
1.23687e-15
8.35921e-13
1.631e-12
2.38815e-12
3.10918e-12
3.79577e-12
4.44957e-12
5.07213e-12
5.66493e-12
6.22939e-12
6.76685e-12
7.27861e-12
7.76589e-12
8.22986e-12
8.67164e-12
9.09228e-12
9.49281e-12
9.87417e-12
1.02373e-11
1.0583e-11
1.09122e-11
1.12257e-11
1.15242e-11
1.18084e-11
1.2079e-11
1.23367e-11
1.25821e-11
1.28157e-11
1.30382e-11
1.325e-11
1.34517e-11
1.36438e-11
1.5757e-11
1.80764e-11
2.06208e-11
2.34098e-11
2.64645e-11
2.98066e-11
3.34582e-11
3.74418e-11
4.17788e-11
4.64894e-11
5.15907e-11
5.70952e-11
6.30086e-11
6.9327e-11
7.60334e-11
8.30933e-11
9.04504e-11
9.80209e-11
1.05688e-10
1.13299e-10
1.20658e-10
1.27531e-10
1.33645e-10
1.38702e-10
1.42391e-10
1.44416e-10
1.44525e-10
1.42538e-10
1.38374e-10
1.32073e-10
1.23792e-10
1.13799e-10
1.02436e-10
9.00864e-11
7.71278e-11
6.3899e-11
5.06698e-11
3.76232e-11
2.48482e-11
1.23387e-11
3.16155e-33
9.48498e-16
6.41081e-13
1.25084e-12
1.83153e-12
2.38451e-12
2.9111e-12
3.41255e-12
3.89005e-12
4.34473e-12
4.77769e-12
5.18996e-12
5.58252e-12
5.95632e-12
6.31225e-12
6.65117e-12
6.97388e-12
7.28116e-12
7.57376e-12
7.85236e-12
8.11765e-12
8.37026e-12
8.6108e-12
8.83984e-12
9.05793e-12
9.26561e-12
9.46336e-12
9.65166e-12
9.83097e-12
1.00017e-11
1.01643e-11
1.03191e-11
1.04666e-11
1.20888e-11
1.38699e-11
1.58245e-11
1.79682e-11
2.03175e-11
2.28898e-11
2.57032e-11
2.8776e-11
3.21265e-11
3.57723e-11
3.97295e-11
4.40115e-11
4.86275e-11
5.35808e-11
5.8866e-11
6.44662e-11
7.03494e-11
7.64645e-11
8.27369e-11
8.90638e-11
9.53107e-11
1.01309e-10
1.06855e-10
1.11718e-10
1.15641e-10
1.18366e-10
1.19646e-10
1.19275e-10
1.17107e-10
1.13088e-10
1.07258e-10
9.976e-11
9.08208e-11
8.07286e-11
6.97984e-11
5.83368e-11
4.66112e-11
3.48266e-11
2.31112e-11
1.15118e-11
3.2476e-33
7.23049e-16
4.88737e-13
9.53599e-13
1.3963e-12
1.81789e-12
2.21936e-12
2.60167e-12
2.96573e-12
3.3124e-12
3.64252e-12
3.95687e-12
4.2562e-12
4.54123e-12
4.81264e-12
5.07109e-12
5.31719e-12
5.55152e-12
5.77467e-12
5.98715e-12
6.18948e-12
6.38214e-12
6.5656e-12
6.7403e-12
6.90666e-12
7.06506e-12
7.21591e-12
7.35955e-12
7.49633e-12
7.62658e-12
7.75061e-12
7.86872e-12
7.9812e-12
9.21894e-12
1.05783e-11
1.20705e-11
1.37079e-11
1.55032e-11
1.74703e-11
1.96235e-11
2.19777e-11
2.45479e-11
2.7349e-11
3.03952e-11
3.36994e-11
3.72718e-11
4.11191e-11
4.52425e-11
4.96357e-11
5.42824e-11
5.91532e-11
6.42021e-11
6.93628e-11
7.45451e-11
7.96318e-11
8.44771e-11
8.89065e-11
9.27213e-11
9.57063e-11
9.76427e-11
9.83258e-11
9.75856e-11
9.53079e-11
9.14515e-11
8.60584e-11
7.92523e-11
7.12261e-11
6.22193e-11
5.24893e-11
4.22822e-11
3.18071e-11
2.1218e-11
1.06051e-11
3.2944e-33
5.47516e-16
3.70109e-13
7.2214e-13
1.05739e-12
1.37666e-12
1.68069e-12
1.97022e-12
2.24594e-12
2.50849e-12
2.75851e-12
2.99659e-12
3.2233e-12
3.43919e-12
3.64477e-12
3.84053e-12
4.02694e-12
4.20445e-12
4.37348e-12
4.53444e-12
4.68771e-12
4.83367e-12
4.97265e-12
5.105e-12
5.23103e-12
5.35105e-12
5.46533e-12
5.57416e-12
5.6778e-12
5.77649e-12
5.87047e-12
5.95996e-12
6.04518e-12
6.98316e-12
8.01351e-12
9.14495e-12
1.03868e-11
1.17492e-11
1.32427e-11
1.48786e-11
1.66688e-11
1.86254e-11
2.07607e-11
2.30865e-11
2.56144e-11
2.83543e-11
3.1314e-11
3.44981e-11
3.79062e-11
4.15316e-11
4.53586e-11
4.93604e-11
5.34958e-11
5.77063e-11
6.1913e-11
6.60142e-11
6.98838e-11
7.33726e-11
7.63112e-11
7.85173e-11
7.98073e-11
8.00106e-11
7.89877e-11
7.6647e-11
7.29589e-11
6.79628e-11
6.17654e-11
5.45289e-11
4.64512e-11
3.77419e-11
2.85982e-11
1.91851e-11
9.6247e-12
3.29272e-33
4.11366e-16
2.78089e-13
5.42595e-13
7.94496e-13
1.03439e-12
1.26284e-12
1.48039e-12
1.68757e-12
1.88486e-12
2.07273e-12
2.25164e-12
2.42201e-12
2.58424e-12
2.73873e-12
2.88585e-12
3.02594e-12
3.15935e-12
3.28639e-12
3.40736e-12
3.52256e-12
3.63226e-12
3.73672e-12
3.8362e-12
3.93093e-12
4.02114e-12
4.10705e-12
4.18885e-12
4.26676e-12
4.34094e-12
4.41159e-12
4.47886e-12
4.54293e-12
5.24811e-12
6.02289e-12
6.87389e-12
7.80823e-12
8.83361e-12
9.95825e-12
1.11909e-11
1.25407e-11
1.40173e-11
1.56306e-11
1.73903e-11
1.9306e-11
2.13868e-11
2.36403e-11
2.60722e-11
2.86852e-11
3.14782e-11
3.44438e-11
3.75674e-11
4.08247e-11
4.41788e-11
4.75783e-11
5.09543e-11
5.42188e-11
5.72634e-11
5.99603e-11
6.21655e-11
6.3725e-11
6.44845e-11
6.43023e-11
6.30636e-11
6.06949e-11
5.7175e-11
5.25402e-11
4.68819e-11
4.03364e-11
3.30675e-11
2.52476e-11
1.70387e-11
8.58182e-12
3.23382e-33
3.06128e-16
2.06955e-13
4.03802e-13
5.9127e-13
7.69801e-13
9.3982e-13
1.10173e-12
1.25592e-12
1.40275e-12
1.54258e-12
1.67574e-12
1.80254e-12
1.92329e-12
2.03828e-12
2.14778e-12
2.25206e-12
2.35136e-12
2.44592e-12
2.53597e-12
2.62173e-12
2.70339e-12
2.78115e-12
2.8552e-12
2.92572e-12
2.99288e-12
3.05683e-12
3.11774e-12
3.17573e-12
3.23096e-12
3.28356e-12
3.33364e-12
3.38134e-12
3.9064e-12
4.48337e-12
5.11723e-12
5.81335e-12
6.57753e-12
7.41602e-12
8.33548e-12
9.34298e-12
1.04459e-11
1.16521e-11
1.29692e-11
1.44052e-11
1.59676e-11
1.76632e-11
1.94979e-11
2.14756e-11
2.35978e-11
2.58623e-11
2.82617e-11
3.07825e-11
3.34023e-11
3.60887e-11
3.87965e-11
4.14658e-11
4.40204e-11
4.63676e-11
4.83981e-11
4.999e-11
5.10133e-11
5.13389e-11
5.08493e-11
4.94505e-11
4.70839e-11
4.3735e-11
3.94376e-11
3.42709e-11
2.83506e-11
2.18158e-11
1.4814e-11
7.49226e-12
3.11012e-33
2.25015e-16
1.52125e-13
2.9682e-13
4.34621e-13
5.65854e-13
6.90831e-13
8.0985e-13
9.23192e-13
1.03113e-12
1.13392e-12
1.2318e-12
1.32502e-12
1.41379e-12
1.49833e-12
1.57883e-12
1.65549e-12
1.72849e-12
1.79801e-12
1.86422e-12
1.92726e-12
1.9873e-12
2.04448e-12
2.09892e-12
2.15077e-12
2.20015e-12
2.24717e-12
2.29195e-12
2.3346e-12
2.37521e-12
2.41388e-12
2.45071e-12
2.48578e-12
2.87189e-12
3.29623e-12
3.76248e-12
4.27464e-12
4.83703e-12
5.4543e-12
6.13146e-12
6.87383e-12
7.68705e-12
8.57702e-12
9.54983e-12
1.06117e-11
1.17686e-11
1.30264e-11
1.43903e-11
1.58645e-11
1.74514e-11
1.91516e-11
2.0962e-11
2.28755e-11
2.48794e-11
2.69536e-11
2.90695e-11
3.11873e-11
3.32554e-11
3.52082e-11
3.69664e-11
3.84374e-11
3.9518e-11
4.00996e-11
4.00748e-11
3.93468e-11
3.78399e-11
3.55085e-11
3.23447e-11
2.83814e-11
2.36896e-11
1.8372e-11
1.25538e-11
6.37593e-12
2.91597e-33
1.62599e-16
1.0993e-13
2.14492e-13
3.14072e-13
4.08907e-13
4.99221e-13
5.8523e-13
6.67138e-13
7.4514e-13
8.19423e-13
8.90163e-13
9.57529e-13
1.02168e-12
1.08278e-12
1.14096e-12
1.19636e-12
1.24912e-12
1.29937e-12
1.34722e-12
1.39278e-12
1.43618e-12
1.4775e-12
1.51685e-12
1.55433e-12
1.59002e-12
1.62401e-12
1.65637e-12
1.6872e-12
1.71655e-12
1.74451e-12
1.77113e-12
1.79648e-12
2.07559e-12
2.38236e-12
2.71949e-12
3.08987e-12
3.49666e-12
3.94327e-12
4.43338e-12
4.9709e-12
5.56003e-12
6.20516e-12
6.91089e-12
7.68192e-12
8.523e-12
9.43874e-12
1.04335e-11
1.15109e-11
1.26739e-11
1.39239e-11
1.52603e-11
1.66798e-11
1.81755e-11
1.97354e-11
2.13419e-11
2.29696e-11
2.4584e-11
2.61407e-11
2.75838e-11
2.88461e-11
2.98498e-11
3.05086e-11
3.07327e-11
3.04343e-11
2.95353e-11
2.79767e-11
2.57255e-11
2.27815e-11
1.91792e-11
1.49872e-11
1.03038e-11
5.25496e-12
2.64787e-33
1.14514e-16
7.74227e-14
1.51065e-13
2.21198e-13
2.8799e-13
3.51598e-13
4.12174e-13
4.69863e-13
5.24801e-13
5.7712e-13
6.26944e-13
6.74392e-13
7.19578e-13
7.62609e-13
8.03588e-13
8.42612e-13
8.79776e-13
9.15167e-13
9.48871e-13
9.80967e-13
1.01153e-12
1.04064e-12
1.06836e-12
1.09476e-12
1.1199e-12
1.14384e-12
1.16664e-12
1.18835e-12
1.20903e-12
1.22872e-12
1.24748e-12
1.26534e-12
1.46196e-12
1.6781e-12
1.91564e-12
2.17665e-12
2.46338e-12
2.77823e-12
3.12384e-12
3.50302e-12
3.91876e-12
4.37426e-12
4.87285e-12
5.41799e-12
6.01322e-12
6.66203e-12
7.3678e-12
8.13358e-12
8.96193e-12
9.85454e-12
1.08119e-11
1.18329e-11
1.29138e-11
1.4048e-11
1.52249e-11
1.64287e-11
1.76373e-11
1.88214e-11
1.99433e-11
2.09561e-11
2.18039e-11
2.24224e-11
2.27416e-11
2.26888e-11
2.21946e-11
2.11992e-11
1.96594e-11
1.75558e-11
1.48971e-11
1.17235e-11
8.10654e-12
4.15068e-12
2.30386e-33
7.71922e-17
5.21904e-14
1.01832e-13
1.49109e-13
1.94134e-13
2.37012e-13
2.77847e-13
3.16736e-13
3.53771e-13
3.8904e-13
4.22627e-13
4.54614e-13
4.85075e-13
5.14084e-13
5.41709e-13
5.68018e-13
5.93072e-13
6.16931e-13
6.39653e-13
6.61291e-13
6.81898e-13
7.01522e-13
7.20211e-13
7.38008e-13
7.54957e-13
7.71098e-13
7.8647e-13
8.01109e-13
8.1505e-13
8.28327e-13
8.4097e-13
8.53011e-13
9.85582e-13
1.13132e-12
1.29151e-12
1.46754e-12
1.66093e-12
1.87334e-12
2.10654e-12
2.36246e-12
2.64315e-12
2.95079e-12
3.28771e-12
3.6563e-12
4.05905e-12
4.49844e-12
4.97694e-12
5.49682e-12
6.06009e-12
6.6683e-12
7.32226e-12
8.02176e-12
8.76515e-12
9.54884e-12
1.03667e-11
1.12094e-11
1.20632e-11
1.29099e-11
1.3725e-11
1.44777e-11
1.513e-11
1.56373e-11
1.5949e-11
1.60103e-11
1.57663e-11
1.51656e-11
1.41664e-11
1.27423e-11
1.08876e-11
8.62165e-12
5.99233e-12
3.07901e-12
1.88129e-33
4.75936e-17
3.21789e-14
6.27866e-14
9.19361e-14
1.19697e-13
1.46135e-13
1.71312e-13
1.9529e-13
2.18125e-13
2.39872e-13
2.60581e-13
2.80304e-13
2.99086e-13
3.16972e-13
3.34006e-13
3.50228e-13
3.65676e-13
3.80388e-13
3.94399e-13
4.07741e-13
4.20448e-13
4.32548e-13
4.44072e-13
4.55047e-13
4.65498e-13
4.75451e-13
4.8493e-13
4.93957e-13
5.02553e-13
5.1074e-13
5.18537e-13
5.25962e-13
6.07714e-13
6.97589e-13
7.9638e-13
9.04952e-13
1.02425e-12
1.15528e-12
1.29917e-12
1.4571e-12
1.63036e-12
1.82032e-12
2.02842e-12
2.25618e-12
2.50518e-12
2.77702e-12
3.07329e-12
3.39549e-12
3.74501e-12
4.12297e-12
4.53009e-12
4.96653e-12
5.43163e-12
5.92361e-12
6.4392e-12
6.97319e-12
7.51793e-12
8.06269e-12
8.59311e-12
9.09061e-12
9.53193e-12
9.889e-12
1.01293e-11
1.02165e-11
1.01129e-11
9.78125e-12
9.18921e-12
8.3131e-12
7.14255e-12
5.68462e-12
3.96755e-12
2.04453e-12
1.37187e-33
2.28919e-17
1.54778e-14
3.01998e-14
4.42205e-14
5.75732e-14
7.02896e-14
8.24001e-14
9.39333e-14
1.04917e-13
1.15377e-13
1.25338e-13
1.34825e-13
1.43859e-13
1.52462e-13
1.60656e-13
1.68459e-13
1.7589e-13
1.82966e-13
1.89705e-13
1.96123e-13
2.02235e-13
2.08056e-13
2.13599e-13
2.18878e-13
2.23905e-13
2.28693e-13
2.33252e-13
2.37595e-13
2.4173e-13
2.45668e-13
2.49418e-13
2.5299e-13
2.92316e-13
3.3555e-13
3.83076e-13
4.35309e-13
4.92705e-13
5.55755e-13
6.24995e-13
7.01003e-13
7.84399e-13
8.75848e-13
9.76055e-13
1.08576e-12
1.20574e-12
1.33677e-12
1.47965e-12
1.63514e-12
1.80393e-12
1.98663e-12
2.18365e-12
2.39516e-12
2.62095e-12
2.86029e-12
3.11179e-12
3.37312e-12
3.64082e-12
3.90996e-12
4.17386e-12
4.42375e-12
4.64852e-12
4.83456e-12
4.96585e-12
5.02422e-12
4.99019e-12
4.84421e-12
4.5684e-12
4.14884e-12
3.57803e-12
2.85748e-12
2.00007e-12
1.03271e-12
7.52807e-34
6.77708e-42
8.92277e-41
2.93471e-40
5.89649e-40
9.47444e-40
1.34264e-39
1.75609e-39
2.17286e-39
2.58146e-39
2.97327e-39
3.34199e-39
3.68322e-39
3.99408e-39
4.27291e-39
4.51902e-39
4.7325e-39
4.91398e-39
5.06458e-39
5.1857e-39
5.27899e-39
5.34624e-39
5.38934e-39
5.4102e-39
5.41073e-39
5.39282e-39
5.3583e-39
5.30893e-39
5.24637e-39
5.17222e-39
5.08795e-39
4.99495e-39
3.30807e-38
7.84039e-38
1.13592e-37
1.62808e-37
2.31228e-37
3.25851e-37
4.56122e-37
6.34756e-37
8.78844e-37
1.21131e-36
1.66285e-36
2.27447e-36
3.10088e-36
4.21485e-36
5.71299e-36
7.72316e-36
1.04141e-35
1.40075e-35
1.87938e-35
2.51508e-35
3.35674e-35
4.46711e-35
5.92595e-35
7.83343e-35
1.03134e-34
1.3516e-34
1.76185e-34
2.28222e-34
2.93443e-34
3.7399e-34
4.71652e-34
5.87336e-34
7.20275e-34
8.6693e-34
1.01955e-33
1.16444e-33
1.28005e-33
1.33518e-33
1.28778e-33
1.08505e-33
6.66612e-34
2.61212e-34
