-1.83451e-40
-2.41534e-39
-7.94409e-39
-1.59614e-38
-2.56467e-38
-3.63444e-38
-4.75362e-38
-5.88177e-38
-6.98781e-38
-8.0484e-38
-9.04649e-38
-9.97014e-38
-1.08116e-37
-1.15663e-37
-1.22325e-37
-1.28104e-37
-1.33016e-37
-1.37092e-37
-1.40371e-37
-1.42896e-37
-1.44716e-37
-1.45882e-37
-1.46446e-37
-1.46461e-37
-1.45976e-37
-1.45041e-37
-1.43704e-37
-1.42011e-37
-1.40004e-37
-1.37722e-37
-1.35205e-37
-8.95434e-37
-2.12223e-36
-3.07465e-36
-4.40669e-36
-6.25841e-36
-8.81918e-36
-1.23444e-35
-1.7178e-35
-2.37821e-35
-3.27761e-35
-4.49895e-35
-6.15298e-35
-8.38734e-35
-1.13983e-34
-1.54463e-34
-2.08755e-34
-2.81395e-34
-3.78339e-34
-5.07364e-34
-6.78576e-34
-9.05006e-34
-1.20333e-33
-1.59464e-33
-2.10529e-33
-2.76767e-33
-3.62067e-33
-4.70969e-33
-6.08559e-33
-7.80201e-33
-9.91005e-33
-1.24494e-32
-1.54343e-32
-1.88337e-32
-2.2544e-32
-2.63549e-32
-2.99106e-32
-3.26681e-32
-3.38594e-32
-3.24666e-32
-2.72225e-32
-1.66689e-32
-3.01992e-33
2.84836e-17
1.92583e-14
3.75761e-14
5.50214e-14
7.16354e-14
8.74578e-14
1.02526e-13
1.16876e-13
1.30542e-13
1.43557e-13
1.55951e-13
1.67754e-13
1.78995e-13
1.897e-13
1.99894e-13
2.09602e-13
2.18848e-13
2.27652e-13
2.36037e-13
2.44022e-13
2.51627e-13
2.58869e-13
2.65765e-13
2.72333e-13
2.78588e-13
2.84545e-13
2.90217e-13
2.9562e-13
3.00764e-13
3.05664e-13
3.1033e-13
3.14774e-13
3.637e-13
4.17487e-13
4.7661e-13
5.41586e-13
6.12978e-13
6.91398e-13
7.77507e-13
8.72021e-13
9.75705e-13
1.08938e-12
1.21391e-12
1.3502e-12
1.4992e-12
1.66185e-12
1.83911e-12
2.03188e-12
2.24097e-12
2.46705e-12
2.71055e-12
2.97154e-12
3.24961e-12
3.54367e-12
3.85174e-12
4.17067e-12
4.49581e-12
4.82071e-12
5.13669e-12
5.43254e-12
5.69429e-12
5.90505e-12
6.0453e-12
6.09342e-12
6.02687e-12
5.82382e-12
5.46544e-12
4.93841e-12
4.23757e-12
3.36826e-12
2.34812e-12
1.20898e-12
-1.77865e-32
5.95522e-17
4.02639e-14
7.85618e-14
1.15035e-13
1.49771e-13
1.82851e-13
2.14354e-13
2.44356e-13
2.72928e-13
3.00137e-13
3.2605e-13
3.50727e-13
3.74227e-13
3.96607e-13
4.1792e-13
4.38216e-13
4.57545e-13
4.75952e-13
4.93482e-13
5.10176e-13
5.26074e-13
5.41214e-13
5.55632e-13
5.69362e-13
5.82439e-13
5.94891e-13
6.06751e-13
6.18044e-13
6.288e-13
6.39043e-13
6.48797e-13
6.58087e-13
7.60366e-13
8.72803e-13
9.96388e-13
1.1322e-12
1.28141e-12
1.44529e-12
1.62523e-12
1.82269e-12
2.03927e-12
2.27667e-12
2.53667e-12
2.82113e-12
3.13197e-12
3.47114e-12
3.84053e-12
4.24194e-12
4.67693e-12
5.14672e-12
5.65199e-12
6.19262e-12
6.7674e-12
7.37364e-12
8.00669e-12
8.65937e-12
9.32135e-12
9.97842e-12
1.06119e-11
1.11978e-11
1.17069e-11
1.21043e-11
1.23506e-11
1.24031e-11
1.22185e-11
1.17566e-11
1.09843e-11
9.88107e-12
8.44261e-12
6.68466e-12
4.64517e-12
2.38637e-12
-3.23456e-32
9.74298e-17
6.58723e-14
1.28528e-13
1.88199e-13
2.45026e-13
2.99145e-13
3.50684e-13
3.99767e-13
4.46509e-13
4.91023e-13
5.33415e-13
5.73785e-13
6.1223e-13
6.48842e-13
6.83707e-13
7.16911e-13
7.4853e-13
7.78643e-13
8.07319e-13
8.34627e-13
8.60634e-13
8.854e-13
9.08986e-13
9.31447e-13
9.52837e-13
9.73207e-13
9.92606e-13
1.01108e-12
1.02867e-12
1.04543e-12
1.06139e-12
1.07658e-12
1.24388e-12
1.42778e-12
1.6299e-12
1.852e-12
2.09597e-12
2.3639e-12
2.65801e-12
2.9807e-12
3.33454e-12
3.72224e-12
4.14666e-12
4.61077e-12
5.11758e-12
5.67013e-12
6.27132e-12
6.92381e-12
7.62984e-12
8.39097e-12
9.20773e-12
1.00792e-11
1.10026e-11
1.19725e-11
1.29799e-11
1.40118e-11
1.50497e-11
1.60687e-11
1.7037e-11
1.79147e-11
1.86539e-11
1.91993e-11
1.94902e-11
1.94632e-11
1.90572e-11
1.82192e-11
1.69101e-11
1.51117e-11
1.28308e-11
1.01017e-11
6.98701e-12
3.57798e-12
-4.42152e-32
1.46213e-16
9.88523e-14
1.92877e-13
2.82423e-13
3.67701e-13
4.48914e-13
5.26256e-13
5.9991e-13
6.70052e-13
7.3685e-13
8.00462e-13
8.61041e-13
9.1873e-13
9.73668e-13
1.02599e-12
1.07581e-12
1.12325e-12
1.16844e-12
1.21146e-12
1.25244e-12
1.29146e-12
1.32862e-12
1.36401e-12
1.39771e-12
1.42981e-12
1.46037e-12
1.48948e-12
1.51719e-12
1.54359e-12
1.56873e-12
1.59267e-12
1.61547e-12
1.86646e-12
2.14234e-12
2.44552e-12
2.77861e-12
3.14446e-12
3.54614e-12
3.98696e-12
4.47046e-12
5.00041e-12
5.5808e-12
6.21577e-12
6.9096e-12
7.66659e-12
8.49095e-12
9.38664e-12
1.03571e-11
1.14051e-11
1.25319e-11
1.37374e-11
1.50187e-11
1.63699e-11
1.77807e-11
1.92355e-11
2.07119e-11
2.21793e-11
2.35981e-11
2.49182e-11
2.60789e-11
2.70096e-11
2.7632e-11
2.78631e-11
2.76215e-11
2.68341e-11
2.54443e-11
2.34195e-11
2.07571e-11
1.74873e-11
1.36724e-11
9.40337e-12
4.79677e-12
-5.39281e-32
2.10604e-16
1.42382e-13
2.77811e-13
4.06787e-13
5.29615e-13
6.46589e-13
7.57985e-13
8.6407e-13
9.65095e-13
1.0613e-12
1.15292e-12
1.24017e-12
1.32325e-12
1.40237e-12
1.47772e-12
1.54947e-12
1.6178e-12
1.68287e-12
1.74484e-12
1.80385e-12
1.86004e-12
1.91356e-12
1.96452e-12
2.01305e-12
2.05927e-12
2.10328e-12
2.14519e-12
2.18511e-12
2.22312e-12
2.25931e-12
2.29379e-12
2.32661e-12
2.68801e-12
3.08519e-12
3.52162e-12
4.00102e-12
4.52745e-12
5.10528e-12
5.73919e-12
6.43419e-12
7.19557e-12
8.02886e-12
8.9398e-12
9.93421e-12
1.10178e-11
1.21962e-11
1.34742e-11
1.48558e-11
1.63437e-11
1.79383e-11
1.96371e-11
2.14338e-11
2.33166e-11
2.52674e-11
2.72594e-11
2.92561e-11
3.12093e-11
3.30581e-11
3.47281e-11
3.61323e-11
3.71734e-11
3.77481e-11
3.77538e-11
3.70973e-11
3.57044e-11
3.35295e-11
3.05626e-11
2.6833e-11
2.24073e-11
1.73832e-11
1.18805e-11
6.03456e-12
-6.16885e-32
2.96499e-16
2.00446e-13
3.91102e-13
5.72672e-13
7.45588e-13
9.1026e-13
1.06708e-12
1.21642e-12
1.35863e-12
1.49406e-12
1.62303e-12
1.74585e-12
1.8628e-12
1.97417e-12
2.08023e-12
2.18123e-12
2.27741e-12
2.369e-12
2.45621e-12
2.53927e-12
2.61836e-12
2.69368e-12
2.76541e-12
2.83371e-12
2.89876e-12
2.9607e-12
3.01968e-12
3.07586e-12
3.12935e-12
3.18029e-12
3.2288e-12
3.275e-12
3.78355e-12
4.34239e-12
4.95632e-12
5.63057e-12
6.37075e-12
7.18291e-12
8.07351e-12
9.0494e-12
1.01178e-11
1.12861e-11
1.25621e-11
1.39532e-11
1.54668e-11
1.71096e-11
1.88873e-11
2.08038e-11
2.28605e-11
2.50553e-11
2.73813e-11
2.98255e-11
3.23664e-11
3.49726e-11
3.76006e-11
4.01924e-11
4.26745e-11
4.49568e-11
4.69337e-11
4.84863e-11
4.94885e-11
4.98144e-11
4.93491e-11
4.80003e-11
4.571e-11
4.24636e-11
3.82932e-11
3.32761e-11
2.75256e-11
2.11782e-11
1.4379e-11
7.27127e-12
-6.75803e-32
4.11566e-16
2.78223e-13
5.42857e-13
7.94879e-13
1.03489e-12
1.26345e-12
1.4811e-12
1.68838e-12
1.88576e-12
2.07373e-12
2.25272e-12
2.42317e-12
2.58548e-12
2.74005e-12
2.88723e-12
3.02739e-12
3.16086e-12
3.28796e-12
3.40899e-12
3.52424e-12
3.63399e-12
3.7385e-12
3.83803e-12
3.9328e-12
4.02305e-12
4.109e-12
4.19084e-12
4.26878e-12
4.343e-12
4.41367e-12
4.48098e-12
4.54508e-12
5.25057e-12
6.02569e-12
6.87705e-12
7.81177e-12
8.83753e-12
9.96257e-12
1.11956e-11
1.25458e-11
1.40227e-11
1.56362e-11
1.7396e-11
1.93117e-11
2.13922e-11
2.36449e-11
2.60756e-11
2.86867e-11
3.14768e-11
3.44383e-11
3.75563e-11
4.08059e-11
4.41498e-11
4.75361e-11
5.08953e-11
5.41388e-11
5.7158e-11
5.98247e-11
6.19953e-11
6.35164e-11
6.42353e-11
6.40123e-11
6.27354e-11
6.03343e-11
5.67913e-11
5.21458e-11
4.64923e-11
3.99689e-11
3.27407e-11
2.49802e-11
1.6848e-11
8.48217e-12
-7.16779e-32
5.66064e-16
3.82643e-13
7.46596e-13
1.0932e-12
1.42328e-12
1.73761e-12
2.03694e-12
2.32199e-12
2.59343e-12
2.85191e-12
3.09804e-12
3.33243e-12
3.55562e-12
3.76815e-12
3.97053e-12
4.16325e-12
4.34676e-12
4.52151e-12
4.68791e-12
4.84636e-12
4.99725e-12
5.14093e-12
5.27776e-12
5.40805e-12
5.53211e-12
5.65026e-12
5.76277e-12
5.8699e-12
5.97192e-12
6.06908e-12
6.16159e-12
6.24969e-12
7.21931e-12
8.28439e-12
9.4539e-12
1.07375e-11
1.21455e-11
1.36889e-11
1.53793e-11
1.72288e-11
1.92498e-11
2.14548e-11
2.38561e-11
2.6465e-11
2.92915e-11
3.23432e-11
3.56241e-11
3.91331e-11
4.28622e-11
4.67941e-11
5.08994e-11
5.51341e-11
5.94358e-11
6.37211e-11
6.78832e-11
7.17907e-11
7.52888e-11
7.82034e-11
8.03489e-11
8.15403e-11
8.16089e-11
8.04198e-11
7.78892e-11
7.39979e-11
6.87967e-11
6.24037e-11
5.49909e-11
4.67637e-11
3.79359e-11
2.87058e-11
1.92361e-11
9.64307e-12
-7.40957e-32
7.74177e-16
5.23285e-13
1.02101e-12
1.495e-12
1.94638e-12
2.37623e-12
2.78555e-12
3.17534e-12
3.5465e-12
3.89994e-12
4.23649e-12
4.55697e-12
4.86213e-12
5.1527e-12
5.42939e-12
5.69286e-12
5.94374e-12
6.18263e-12
6.41011e-12
6.62671e-12
6.83297e-12
7.02937e-12
7.21638e-12
7.39447e-12
7.56405e-12
7.72552e-12
7.87929e-12
8.02571e-12
8.16514e-12
8.29792e-12
8.42435e-12
8.54475e-12
9.86964e-12
1.13246e-11
1.29216e-11
1.46736e-11
1.65945e-11
1.86986e-11
2.10012e-11
2.35179e-11
2.62644e-11
2.92563e-11
3.2508e-11
3.60325e-11
3.98396e-11
4.3935e-11
4.83184e-11
5.29807e-11
5.79018e-11
6.30469e-11
6.83632e-11
7.37758e-11
7.91837e-11
8.44579e-11
8.9439e-11
9.39395e-11
9.77482e-11
1.0064e-10
1.02392e-10
1.028e-10
1.01703e-10
9.90015e-11
9.46759e-11
8.87928e-11
8.15009e-11
7.30156e-11
6.35938e-11
5.35037e-11
4.29961e-11
3.22785e-11
2.14981e-11
1.07337e-11
-7.49979e-32
1.04181e-15
7.04136e-13
1.37387e-12
2.01167e-12
2.61903e-12
3.19741e-12
3.74816e-12
4.27261e-12
4.77199e-12
5.24751e-12
5.70031e-12
6.13145e-12
6.54198e-12
6.93289e-12
7.3051e-12
7.65951e-12
7.99698e-12
8.31831e-12
8.62428e-12
8.91562e-12
9.19303e-12
9.45718e-12
9.7087e-12
9.9482e-12
1.01763e-11
1.03934e-11
1.06002e-11
1.07971e-11
1.09846e-11
1.11631e-11
1.13331e-11
1.1495e-11
1.32763e-11
1.52318e-11
1.73775e-11
1.97304e-11
2.23086e-11
2.51308e-11
2.82165e-11
3.15854e-11
3.52572e-11
3.92502e-11
4.35812e-11
4.82636e-11
5.33057e-11
5.87089e-11
6.44646e-11
7.05505e-11
7.69275e-11
8.35343e-11
9.0283e-11
9.70544e-11
1.03694e-10
1.1001e-10
1.15776e-10
1.20734e-10
1.24609e-10
1.27123e-10
1.28024e-10
1.27112e-10
1.24262e-10
1.19451e-10
1.12764e-10
1.0439e-10
9.46015e-11
8.37234e-11
7.20959e-11
6.00381e-11
4.78187e-11
3.56345e-11
2.3599e-11
1.1739e-11
-4.09961e-32
1.06468e-15
7.19586e-13
1.40401e-12
2.05581e-12
2.6765e-12
3.26756e-12
3.8304e-12
4.36635e-12
4.87669e-12
5.36264e-12
5.82536e-12
6.26596e-12
6.6855e-12
7.08497e-12
7.46534e-12
7.82752e-12
8.17239e-12
8.50076e-12
8.81343e-12
9.11116e-12
9.39464e-12
9.66458e-12
9.92161e-12
1.01664e-11
1.03994e-11
1.06213e-11
1.08326e-11
1.10338e-11
1.12254e-11
1.14079e-11
1.15816e-11
1.17471e-11
1.35673e-11
1.55655e-11
1.77581e-11
2.01624e-11
2.27966e-11
2.56801e-11
2.88326e-11
3.22743e-11
3.60249e-11
4.01033e-11
4.45262e-11
4.93072e-11
5.44544e-11
5.99687e-11
6.58407e-11
7.20472e-11
7.85471e-11
8.52769e-11
9.21455e-11
9.90298e-11
1.05771e-10
1.12172e-10
1.17999e-10
1.2299e-10
1.26862e-10
1.29335e-10
1.30156e-10
1.29122e-10
1.26115e-10
1.21118e-10
1.14226e-10
1.05639e-10
9.56398e-11
8.45634e-11
7.27561e-11
6.05407e-11
4.81864e-11
3.58885e-11
2.37571e-11
1.18144e-11
-4.83649e-33
1.37066e-15
9.26325e-13
1.80739e-12
2.64643e-12
3.44542e-12
4.20626e-12
4.93076e-12
5.62063e-12
6.27753e-12
6.90301e-12
7.49858e-12
8.06566e-12
8.60562e-12
9.11974e-12
9.60926e-12
1.00754e-11
1.05192e-11
1.09417e-11
1.13441e-11
1.17272e-11
1.2092e-11
1.24393e-11
1.277e-11
1.30849e-11
1.33848e-11
1.36703e-11
1.39421e-11
1.4201e-11
1.44475e-11
1.46822e-11
1.49057e-11
1.51185e-11
1.74598e-11
2.00294e-11
2.2848e-11
2.59374e-11
2.93205e-11
3.30213e-11
3.70641e-11
4.14733e-11
4.62723e-11
5.14826e-11
5.71223e-11
6.32041e-11
6.97327e-11
7.67018e-11
8.40897e-11
9.18552e-11
9.99313e-11
1.0822e-10
1.16586e-10
1.24852e-10
1.32794e-10
1.40142e-10
1.46588e-10
1.51795e-10
1.55418e-10
1.57136e-10
1.56683e-10
1.53888e-10
1.48701e-10
1.41213e-10
1.31651e-10
1.20358e-10
1.07747e-10
9.42566e-11
8.0302e-11
6.62352e-11
5.23215e-11
3.8727e-11
2.55153e-11
1.26499e-11
-3.93397e-33
1.79557e-15
1.21338e-12
2.36746e-12
3.46649e-12
4.51304e-12
5.5096e-12
6.45853e-12
7.36209e-12
8.22242e-12
9.04159e-12
9.82155e-12
1.05642e-11
1.12713e-11
1.19445e-11
1.25855e-11
1.31958e-11
1.37769e-11
1.43301e-11
1.48569e-11
1.53585e-11
1.5836e-11
1.62907e-11
1.67236e-11
1.71358e-11
1.75283e-11
1.7902e-11
1.82579e-11
1.85967e-11
1.89193e-11
1.92265e-11
1.95189e-11
1.97975e-11
2.2861e-11
2.6222e-11
2.99071e-11
3.39439e-11
3.83614e-11
4.31896e-11
4.84582e-11
5.41964e-11
6.04314e-11
6.71868e-11
7.44802e-11
8.23204e-11
9.07036e-11
9.96091e-11
1.08993e-10
1.18783e-10
1.28869e-10
1.39099e-10
1.49269e-10
1.5912e-10
1.68338e-10
1.76556e-10
1.83369e-10
1.88358e-10
1.91122e-10
1.91318e-10
1.88712e-10
1.83213e-10
1.74903e-10
1.64039e-10
1.51029e-10
1.36386e-10
1.20667e-10
1.04405e-10
8.80644e-11
7.20011e-11
5.64513e-11
4.15298e-11
2.72362e-11
1.34629e-11
-3.97495e-33
2.33173e-15
1.57553e-12
3.07405e-12
4.50106e-12
5.85991e-12
7.15381e-12
8.38584e-12
9.55892e-12
1.06758e-11
1.17393e-11
1.27518e-11
1.37158e-11
1.46336e-11
1.55074e-11
1.63394e-11
1.71315e-11
1.78856e-11
1.86036e-11
1.92872e-11
1.9938e-11
2.05577e-11
2.11477e-11
2.17094e-11
2.22442e-11
2.27534e-11
2.32382e-11
2.36999e-11
2.41394e-11
2.45579e-11
2.49563e-11
2.53357e-11
2.5697e-11
2.96698e-11
3.40266e-11
3.8801e-11
4.40276e-11
4.97426e-11
5.59823e-11
6.27825e-11
7.01771e-11
7.81962e-11
8.68634e-11
9.61929e-11
1.06185e-10
1.16819e-10
1.28052e-10
1.39805e-10
1.51958e-10
1.64339e-10
1.7672e-10
1.88805e-10
2.00228e-10
2.10563e-10
2.19331e-10
2.26026e-10
2.30155e-10
2.31286e-10
2.29102e-10
2.23453e-10
2.14392e-10
2.02191e-10
1.87316e-10
1.70381e-10
1.52072e-10
1.33067e-10
1.13971e-10
9.52605e-11
7.72681e-11
6.0176e-11
4.40312e-11
2.87598e-11
1.4179e-11
-2.3115e-33
2.44319e-15
1.65081e-12
3.22092e-12
4.7161e-12
6.13987e-12
7.49557e-12
8.78644e-12
1.00155e-11
1.11858e-11
1.23e-11
1.33608e-11
1.43708e-11
1.53324e-11
1.62479e-11
1.71196e-11
1.79494e-11
1.87395e-11
1.94917e-11
2.02079e-11
2.08898e-11
2.15389e-11
2.2157e-11
2.27455e-11
2.33058e-11
2.38392e-11
2.43471e-11
2.48307e-11
2.52911e-11
2.57295e-11
2.61469e-11
2.65444e-11
2.69228e-11
3.10844e-11
3.56479e-11
4.06482e-11
4.61214e-11
5.21051e-11
5.86368e-11
6.57534e-11
7.34897e-11
8.18761e-11
9.09359e-11
1.00682e-10
1.11112e-10
1.22204e-10
1.33906e-10
1.46132e-10
1.58752e-10
1.71581e-10
1.84372e-10
1.9681e-10
2.08509e-10
2.19018e-10
2.27836e-10
2.34441e-10
2.38329e-10
2.39064e-10
2.36342e-10
2.30035e-10
2.2023e-10
2.07239e-10
1.91571e-10
1.73876e-10
1.54872e-10
1.35257e-10
1.15643e-10
9.65074e-11
7.81733e-11
6.08118e-11
4.44557e-11
2.90172e-11
1.42997e-11
-4.49317e-34
3.00751e-15
2.03189e-12
3.96445e-12
5.80475e-12
7.55711e-12
9.22567e-12
1.08144e-11
1.2327e-11
1.37672e-11
1.51383e-11
1.64437e-11
1.76865e-11
1.88698e-11
1.99962e-11
2.10686e-11
2.20896e-11
2.30616e-11
2.3987e-11
2.4868e-11
2.57067e-11
2.65052e-11
2.72655e-11
2.79893e-11
2.86783e-11
2.93344e-11
2.9959e-11
3.05537e-11
3.11199e-11
3.1659e-11
3.21723e-11
3.2661e-11
3.31263e-11
3.82423e-11
4.38501e-11
4.99915e-11
5.67096e-11
6.40482e-11
7.2051e-11
8.07596e-11
9.0212e-11
1.00439e-10
1.11461e-10
1.23283e-10
1.3589e-10
1.49235e-10
1.63236e-10
1.77762e-10
1.92625e-10
2.07566e-10
2.2225e-10
2.36261e-10
2.49103e-10
2.60214e-10
2.68995e-10
2.74847e-10
2.77232e-10
2.75734e-10
2.70125e-10
2.60415e-10
2.46873e-10
2.30015e-10
2.10549e-10
1.89299e-10
1.67104e-10
1.44733e-10
1.22818e-10
1.01817e-10
8.20031e-11
6.34869e-11
4.62343e-11
3.00922e-11
1.48025e-11
-2.23287e-34
3.87053e-15
2.61456e-12
5.10128e-12
7.46923e-12
9.72397e-12
1.18708e-11
1.39148e-11
1.58608e-11
1.77136e-11
1.94774e-11
2.11566e-11
2.27551e-11
2.4277e-11
2.57257e-11
2.71048e-11
2.84178e-11
2.96676e-11
3.08575e-11
3.19902e-11
3.30685e-11
3.4095e-11
3.50723e-11
3.60026e-11
3.68884e-11
3.77316e-11
3.85343e-11
3.92986e-11
4.00262e-11
4.0719e-11
4.13785e-11
4.20065e-11
4.26043e-11
4.91757e-11
5.63748e-11
6.4253e-11
7.28632e-11
8.22578e-11
9.24881e-11
1.03601e-10
1.15636e-10
1.28621e-10
1.42569e-10
1.57465e-10
1.73267e-10
1.89886e-10
2.0718e-10
2.2494e-10
2.42879e-10
2.60616e-10
2.77675e-10
2.93484e-10
3.07387e-10
3.18675e-10
3.26629e-10
3.30587e-10
3.30018e-10
3.246e-10
3.14285e-10
2.99332e-10
2.80302e-10
2.58002e-10
2.33399e-10
2.07508e-10
1.81284e-10
1.55537e-10
1.30879e-10
1.07704e-10
8.62037e-11
6.63944e-11
4.81532e-11
3.12458e-11
1.534e-11
-2.35057e-34
4.96354e-15
3.35232e-12
6.54066e-12
9.57666e-12
1.24674e-11
1.52197e-11
1.78401e-11
2.03347e-11
2.27095e-11
2.49703e-11
2.71224e-11
2.91711e-11
3.11213e-11
3.29777e-11
3.47448e-11
3.6427e-11
3.80282e-11
3.95524e-11
4.10033e-11
4.23845e-11
4.36993e-11
4.49508e-11
4.61422e-11
4.72764e-11
4.83561e-11
4.9384e-11
5.03624e-11
5.1294e-11
5.21808e-11
5.3025e-11
5.38288e-11
5.4594e-11
6.30023e-11
7.22075e-11
8.22726e-11
9.3261e-11
1.05234e-10
1.18251e-10
1.32361e-10
1.47602e-10
1.63994e-10
1.8153e-10
2.00167e-10
2.19813e-10
2.40316e-10
2.61447e-10
2.82884e-10
3.042e-10
3.24852e-10
3.44182e-10
3.61428e-10
3.75755e-10
3.86303e-10
3.92264e-10
3.92967e-10
3.87975e-10
3.77162e-10
3.60765e-10
3.39386e-10
3.13935e-10
2.85537e-10
2.55398e-10
2.24685e-10
1.94412e-10
1.65372e-10
1.38109e-10
1.12918e-10
8.98838e-11
6.89191e-11
4.98078e-11
3.22352e-11
1.57996e-11
-2.21881e-34
6.33826e-15
4.27993e-12
8.35044e-12
1.22264e-11
1.59167e-11
1.94301e-11
2.27749e-11
2.5959e-11
2.89901e-11
3.18753e-11
3.46217e-11
3.72359e-11
3.97241e-11
4.20926e-11
4.43469e-11
4.64927e-11
4.8535e-11
5.0479e-11
5.23294e-11
5.40907e-11
5.57671e-11
5.73629e-11
5.88818e-11
6.03277e-11
6.1704e-11
6.30141e-11
6.42612e-11
6.54484e-11
6.65785e-11
6.76544e-11
6.86786e-11
6.96535e-11
8.0363e-11
9.20784e-11
1.04876e-10
1.18829e-10
1.34011e-10
1.50482e-10
1.68295e-10
1.87477e-10
2.08031e-10
2.29918e-10
2.53044e-10
2.77247e-10
3.02277e-10
3.2778e-10
3.53278e-10
3.78156e-10
4.01662e-10
4.22914e-10
4.40933e-10
4.54695e-10
4.63219e-10
4.65664e-10
4.61444e-10
4.50331e-10
4.32521e-10
4.08647e-10
3.79728e-10
3.47062e-10
3.12073e-10
2.76168e-10
2.40595e-10
2.06363e-10
1.74189e-10
1.44504e-10
1.17478e-10
9.30725e-11
7.10899e-11
5.12219e-11
3.30771e-11
1.61895e-11
-2.08112e-34
8.0569e-15
5.4392e-12
1.06122e-11
1.55377e-11
2.02272e-11
2.46916e-11
2.89414e-11
3.29869e-11
3.68375e-11
4.05027e-11
4.39911e-11
4.73113e-11
5.04714e-11
5.34789e-11
5.63413e-11
5.90656e-11
6.16584e-11
6.41261e-11
6.64747e-11
6.871e-11
7.08375e-11
7.28624e-11
7.47897e-11
7.6624e-11
7.837e-11
8.00319e-11
8.16138e-11
8.31195e-11
8.45527e-11
8.59171e-11
8.72157e-11
8.8452e-11
1.02025e-10
1.16861e-10
1.33047e-10
1.50672e-10
1.69813e-10
1.90536e-10
2.12883e-10
2.36866e-10
2.62453e-10
2.89554e-10
3.17997e-10
3.47516e-10
3.77723e-10
4.08087e-10
4.37918e-10
4.66363e-10
4.92407e-10
5.14906e-10
5.32651e-10
5.44452e-10
5.49261e-10
5.46305e-10
5.35215e-10
5.16116e-10
4.89658e-10
4.56972e-10
4.19543e-10
3.79046e-10
3.37165e-10
2.95427e-10
2.55088e-10
2.17078e-10
1.81986e-10
1.50093e-10
1.21424e-10
9.5809e-11
7.29408e-11
5.24214e-11
3.37884e-11
1.65181e-11
-1.94154e-34
1.01926e-14
6.87924e-12
1.34216e-11
1.96508e-11
2.55812e-11
3.12267e-11
3.66004e-11
4.17153e-11
4.65834e-11
5.12166e-11
5.5626e-11
5.98224e-11
6.38159e-11
6.76163e-11
7.12329e-11
7.46746e-11
7.79499e-11
8.10668e-11
8.40329e-11
8.68557e-11
8.95421e-11
9.20987e-11
9.45318e-11
9.68474e-11
9.90512e-11
1.01149e-10
1.03145e-10
1.05045e-10
1.06853e-10
1.08575e-10
1.10213e-10
1.11773e-10
1.28887e-10
1.47573e-10
1.67937e-10
1.90073e-10
2.14066e-10
2.39975e-10
2.67828e-10
2.97603e-10
3.29213e-10
3.62487e-10
3.97142e-10
4.32758e-10
4.68756e-10
5.04367e-10
5.3863e-10
5.70385e-10
5.9831e-10
6.20976e-10
6.36953e-10
6.44939e-10
6.43926e-10
6.33351e-10
6.13229e-10
5.84198e-10
5.4749e-10
5.048e-10
4.58089e-10
4.09364e-10
3.60481e-10
3.12999e-10
2.68096e-10
2.26557e-10
1.88797e-10
1.54925e-10
1.24806e-10
9.81379e-11
7.4507e-11
5.3432e-11
3.43859e-11
1.67936e-11
-1.80321e-34
1.28297e-14
8.65656e-12
1.68891e-11
2.47271e-11
3.21888e-11
3.92915e-11
4.60518e-11
5.24858e-11
5.86089e-11
6.44359e-11
6.99808e-11
7.52572e-11
8.0278e-11
8.50554e-11
8.96013e-11
9.39268e-11
9.80427e-11
1.01959e-10
1.05686e-10
1.09232e-10
1.12606e-10
1.15817e-10
1.18872e-10
1.2178e-10
1.24547e-10
1.2718e-10
1.29686e-10
1.32071e-10
1.3434e-10
1.365e-10
1.38556e-10
1.40513e-10
1.61975e-10
1.85382e-10
2.10853e-10
2.38492e-10
2.68381e-10
3.00565e-10
3.35041e-10
3.71732e-10
4.10469e-10
4.50959e-10
4.92757e-10
5.35236e-10
5.77552e-10
6.18631e-10
6.57163e-10
6.91626e-10
7.2035e-10
7.4162e-10
7.53833e-10
7.5568e-10
7.46345e-10
7.25667e-10
6.9423e-10
6.53348e-10
6.04932e-10
5.51267e-10
4.94744e-10
4.37616e-10
3.81805e-10
3.28798e-10
2.79617e-10
2.34843e-10
1.94686e-10
1.59063e-10
1.2768e-10
1.00105e-10
7.58237e-11
5.42784e-11
3.48849e-11
1.70232e-11
-1.66849e-34
1.60631e-14
1.08347e-11
2.11384e-11
3.09481e-11
4.0286e-11
4.9174e-11
5.76328e-11
6.56826e-11
7.33426e-11
8.06312e-11
8.75663e-11
9.41646e-11
1.00443e-10
1.06415e-10
1.12098e-10
1.17504e-10
1.22648e-10
1.27542e-10
1.32198e-10
1.36628e-10
1.40843e-10
1.44853e-10
1.48668e-10
1.52299e-10
1.55753e-10
1.5904e-10
1.62168e-10
1.65145e-10
1.67977e-10
1.70673e-10
1.73238e-10
1.75679e-10
2.02438e-10
2.31587e-10
2.63254e-10
2.97548e-10
3.34541e-10
3.74248e-10
4.16612e-10
4.61474e-10
5.08539e-10
5.57345e-10
6.07223e-10
6.57259e-10
7.06269e-10
7.52788e-10
7.95082e-10
8.31213e-10
8.59146e-10
8.76917e-10
8.82847e-10
8.7578e-10
8.55299e-10
8.21863e-10
7.76827e-10
7.22314e-10
6.60967e-10
5.95627e-10
5.29025e-10
4.63536e-10
4.01029e-10
3.42821e-10
2.89702e-10
2.42011e-10
1.99729e-10
1.62578e-10
1.30106e-10
1.01757e-10
7.69243e-11
5.49836e-11
3.52997e-11
1.72139e-11
-1.53903e-34
1.99974e-14
1.34837e-11
2.63061e-11
3.85131e-11
5.01324e-11
6.11908e-11
7.17142e-11
8.17277e-11
9.12551e-11
1.0032e-10
1.08943e-10
1.17147e-10
1.24951e-10
1.32375e-10
1.39437e-10
1.46155e-10
1.52546e-10
1.58625e-10
1.64408e-10
1.6991e-10
1.75143e-10
1.80122e-10
1.84859e-10
1.89365e-10
1.93652e-10
1.97731e-10
2.01612e-10
2.05305e-10
2.08818e-10
2.12161e-10
2.15343e-10
2.1837e-10
2.51532e-10
2.87604e-10
3.26724e-10
3.68996e-10
4.14466e-10
4.63102e-10
5.14763e-10
5.69164e-10
6.25837e-10
6.84081e-10
7.42925e-10
8.01082e-10
8.56933e-10
9.08528e-10
9.53643e-10
9.89883e-10
1.01487e-09
1.02647e-09
1.02308e-09
1.00394e-09
9.69259e-10
9.20372e-10
8.59579e-10
7.89903e-10
7.14704e-10
6.37292e-10
5.606e-10
4.86985e-10
4.1814e-10
3.55124e-10
2.9844e-10
2.48155e-10
2.04013e-10
1.65543e-10
1.32139e-10
1.03135e-10
7.78394e-11
5.55685e-11
3.5643e-11
1.73715e-11
-1.41594e-34
2.47444e-14
1.66781e-11
3.25378e-11
4.76355e-11
6.20052e-11
7.56801e-11
8.8692e-11
1.01072e-10
1.12849e-10
1.24053e-10
1.3471e-10
1.44847e-10
1.54489e-10
1.63659e-10
1.72382e-10
1.80677e-10
1.88568e-10
1.96072e-10
2.0321e-10
2.1e-10
2.16457e-10
2.226e-10
2.28443e-10
2.34001e-10
2.39288e-10
2.44317e-10
2.49102e-10
2.53654e-10
2.57985e-10
2.62105e-10
2.66025e-10
2.69755e-10
3.10585e-10
3.54932e-10
4.02934e-10
4.54678e-10
5.10165e-10
5.69286e-10
6.31779e-10
6.97181e-10
7.64782e-10
8.33563e-10
9.02153e-10
9.68791e-10
1.03131e-09
1.0872e-09
1.13368e-09
1.16789e-09
1.18716e-09
1.18935e-09
1.17317e-09
1.13849e-09
1.08648e-09
1.01955e-09
9.41088e-10
8.55046e-10
7.6542e-10
6.75841e-10
5.89282e-10
5.07932e-10
4.33198e-10
3.65808e-10
3.05941e-10
2.53379e-10
2.07626e-10
1.68026e-10
1.33834e-10
1.04279e-10
7.85969e-11
5.60514e-11
3.59261e-11
1.75013e-11
-1.2999e-34
3.04206e-14
2.04955e-11
3.99846e-11
5.85362e-11
7.6192e-11
9.29924e-11
1.08976e-10
1.24182e-10
1.38646e-10
1.52403e-10
1.65487e-10
1.7793e-10
1.89764e-10
2.01017e-10
2.11718e-10
2.21895e-10
2.31572e-10
2.40775e-10
2.49527e-10
2.5785e-10
2.65765e-10
2.73292e-10
2.80452e-10
2.87261e-10
2.93737e-10
2.99897e-10
3.05756e-10
3.1133e-10
3.16631e-10
3.21675e-10
3.26473e-10
3.31037e-10
3.80966e-10
4.35106e-10
4.93587e-10
5.5646e-10
6.23659e-10
6.94958e-10
7.69922e-10
8.47845e-10
9.27692e-10
1.00803e-09
1.08697e-09
1.16217e-09
1.23081e-09
1.28971e-09
1.33551e-09
1.36492e-09
1.37511e-09
1.36415e-09
1.33134e-09
1.27752e-09
1.20509e-09
1.11776e-09
1.02008e-09
9.16855e-10
8.12581e-10
7.11022e-10
6.15012e-10
5.26434e-10
4.46316e-10
3.75004e-10
3.12331e-10
2.57788e-10
2.10654e-10
1.70095e-10
1.3524e-10
1.05224e-10
7.9221e-11
5.64486e-11
3.61585e-11
1.76078e-11
-1.19126e-34
3.71424e-14
2.50132e-11
4.87974e-11
7.1436e-11
9.29797e-11
1.13477e-10
1.32977e-10
1.51524e-10
1.69164e-10
1.85939e-10
2.01891e-10
2.17059e-10
2.31481e-10
2.45194e-10
2.58232e-10
2.70628e-10
2.82415e-10
2.93621e-10
3.04276e-10
3.14407e-10
3.24039e-10
3.33199e-10
3.41909e-10
3.50192e-10
3.58069e-10
3.65559e-10
3.72683e-10
3.79459e-10
3.85903e-10
3.92033e-10
3.97863e-10
4.03409e-10
4.64023e-10
5.29635e-10
6.00352e-10
6.76165e-10
7.56904e-10
8.42181e-10
9.31326e-10
1.02331e-09
1.11667e-09
1.20944e-09
1.2991e-09
1.38258e-09
1.45631e-09
1.51638e-09
1.55884e-09
1.58006e-09
1.57726e-09
1.54898e-09
1.49547e-09
1.41892e-09
1.32321e-09
1.21349e-09
1.09546e-09
9.74653e-10
8.55847e-10
7.42734e-10
6.37839e-10
5.42615e-10
4.57645e-10
3.82857e-10
3.17735e-10
2.61488e-10
2.13177e-10
1.7181e-10
1.36399e-10
1.06001e-10
7.97332e-11
5.6774e-11
3.63487e-11
1.76948e-11
-1.0901e-34
4.50211e-14
3.03051e-11
5.912e-11
8.65455e-11
1.12642e-10
1.37469e-10
1.61084e-10
1.83542e-10
2.04898e-10
2.25204e-10
2.44511e-10
2.62865e-10
2.80313e-10
2.96901e-10
3.12668e-10
3.27657e-10
3.41906e-10
3.55451e-10
3.68327e-10
3.80567e-10
3.92204e-10
4.03267e-10
4.13786e-10
4.23786e-10
4.33295e-10
4.42336e-10
4.50933e-10
4.59108e-10
4.66883e-10
4.74277e-10
4.81309e-10
4.87997e-10
5.61028e-10
6.39935e-10
7.24782e-10
8.15472e-10
9.11688e-10
1.01282e-09
1.11788e-09
1.22543e-09
1.33346e-09
1.43933e-09
1.53977e-09
1.63084e-09
1.70812e-09
1.76693e-09
1.80277e-09
1.81183e-09
1.79163e-09
1.74158e-09
1.66328e-09
1.56057e-09
1.43907e-09
1.30542e-09
1.16638e-09
1.02798e-09
8.95057e-10
7.71007e-10
6.57892e-10
5.56645e-10
4.67352e-10
3.89517e-10
3.22277e-10
2.64574e-10
2.15269e-10
1.73224e-10
1.37352e-10
1.06638e-10
8.01519e-11
5.70395e-11
3.65037e-11
1.77658e-11
-9.96316e-35
5.41576e-14
3.64376e-11
7.10822e-11
1.04054e-10
1.35425e-10
1.65267e-10
1.93647e-10
2.20634e-10
2.46293e-10
2.70686e-10
2.93873e-10
3.15913e-10
3.36861e-10
3.56771e-10
3.75694e-10
3.93679e-10
4.10772e-10
4.27018e-10
4.42458e-10
4.57134e-10
4.71083e-10
4.84342e-10
4.96945e-10
5.08926e-10
5.20316e-10
5.31144e-10
5.41439e-10
5.51226e-10
5.60533e-10
5.69382e-10
5.77797e-10
5.858e-10
6.73103e-10
7.67249e-10
8.68232e-10
9.75831e-10
1.08953e-09
1.20842e-09
1.33113e-09
1.45566e-09
1.57934e-09
1.69874e-09
1.80965e-09
1.90715e-09
1.98588e-09
2.0404e-09
2.06575e-09
2.05817e-09
2.01585e-09
1.93944e-09
1.83235e-09
1.70039e-09
1.55107e-09
1.39249e-09
1.23223e-09
1.0766e-09
9.30203e-10
7.95969e-10
6.75358e-10
5.68717e-10
4.75615e-10
3.95132e-10
3.26075e-10
2.67135e-10
2.16994e-10
1.74386e-10
1.38132e-10
1.07158e-10
8.04928e-11
5.72553e-11
3.66296e-11
1.78233e-11
-9.09696e-35
6.46355e-14
4.34658e-11
8.47911e-11
1.24118e-10
1.61533e-10
1.97119e-10
2.30958e-10
2.63131e-10
2.93715e-10
3.22785e-10
3.50413e-10
3.76669e-10
4.0162e-10
4.2533e-10
4.47859e-10
4.69267e-10
4.89609e-10
5.08939e-10
5.27307e-10
5.44762e-10
5.6135e-10
5.77114e-10
5.92095e-10
6.06334e-10
6.19868e-10
6.32732e-10
6.44961e-10
6.56585e-10
6.67636e-10
6.78142e-10
6.88132e-10
6.9763e-10
8.01153e-10
9.12567e-10
1.03177e-09
1.15836e-09
1.29158e-09
1.43013e-09
1.57213e-09
1.71493e-09
1.85504e-09
1.98807e-09
2.10873e-09
2.21102e-09
2.28857e-09
2.3352e-09
2.34568e-09
2.3166e-09
2.24722e-09
2.13995e-09
2.00035e-09
1.83652e-09
1.6579e-09
1.47388e-09
1.29264e-09
1.12043e-09
9.61404e-10
8.17821e-10
6.90457e-10
5.79036e-10
4.82607e-10
3.9984e-10
3.29233e-10
2.6925e-10
2.18411e-10
1.75335e-10
1.38766e-10
1.0758e-10
8.07691e-11
5.74301e-11
3.67315e-11
1.78699e-11
-8.29926e-35
7.65163e-14
5.14296e-11
1.00324e-10
1.46852e-10
1.91112e-10
2.33205e-10
2.73225e-10
3.11269e-10
3.47428e-10
3.81791e-10
4.14443e-10
4.45468e-10
4.74944e-10
5.02948e-10
5.29553e-10
5.54829e-10
5.78841e-10
6.01653e-10
6.23326e-10
6.43917e-10
6.63481e-10
6.8207e-10
6.99733e-10
7.16517e-10
7.32467e-10
7.47626e-10
7.62032e-10
7.75724e-10
7.8874e-10
8.01111e-10
8.12872e-10
8.24053e-10
9.458e-10
1.07656e-09
1.21609e-09
1.36378e-09
1.51852e-09
1.67856e-09
1.84138e-09
2.00355e-09
2.16061e-09
2.30703e-09
2.43631e-09
2.54125e-09
2.61447e-09
2.64912e-09
2.63995e-09
2.58429e-09
2.48291e-09
2.34046e-09
2.16509e-09
1.96734e-09
1.75851e-09
1.54907e-09
1.34746e-09
1.15958e-09
9.88869e-10
8.3681e-10
7.03427e-10
5.87807e-10
4.88493e-10
4.0377e-10
3.31848e-10
2.7099e-10
2.19569e-10
1.76107e-10
1.39281e-10
1.07921e-10
8.09922e-11
5.7571e-11
3.68135e-11
1.79073e-11
-7.56641e-35
8.98336e-14
6.03501e-11
1.17724e-10
1.72315e-10
2.24242e-10
2.73619e-10
3.20559e-10
3.65174e-10
4.07571e-10
4.47854e-10
4.86126e-10
5.22482e-10
5.57017e-10
5.8982e-10
6.20978e-10
6.50572e-10
6.78681e-10
7.05381e-10
7.30741e-10
7.54831e-10
7.77714e-10
7.99453e-10
8.20105e-10
8.39725e-10
8.58367e-10
8.7608e-10
8.92912e-10
9.08907e-10
9.24108e-10
9.38555e-10
9.52286e-10
9.65339e-10
1.10733e-09
1.25951e-09
1.42147e-09
1.59231e-09
1.7705e-09
1.95375e-09
2.13877e-09
2.32119e-09
2.49541e-09
2.65462e-09
2.79098e-09
2.89599e-09
2.96126e-09
2.97947e-09
2.94561e-09
2.85818e-09
2.72003e-09
2.5385e-09
2.32465e-09
2.09153e-09
1.85218e-09
1.61781e-09
1.39675e-09
1.19424e-09
1.01287e-09
8.53207e-10
7.14506e-10
5.95226e-10
4.93427e-10
4.07035e-10
3.34005e-10
2.72415e-10
2.20512e-10
1.76733e-10
1.39697e-10
1.08196e-10
8.11715e-11
5.76841e-11
3.68793e-11
1.79374e-11
-6.89446e-35
1.04589e-13
7.02276e-11
1.36989e-10
2.00508e-10
2.60921e-10
3.18361e-10
3.72958e-10
4.24843e-10
4.74139e-10
5.2097e-10
5.65453e-10
6.07702e-10
6.47827e-10
6.85931e-10
7.22117e-10
7.56479e-10
7.89111e-10
8.20099e-10
8.49527e-10
8.77475e-10
9.04018e-10
9.29228e-10
9.53173e-10
9.75918e-10
9.97525e-10
1.01805e-09
1.03755e-09
1.05608e-09
1.07369e-09
1.09042e-09
1.10632e-09
1.12143e-09
1.28564e-09
1.46127e-09
1.64769e-09
1.84365e-09
2.04712e-09
2.25513e-09
2.46351e-09
2.6668e-09
2.8581e-09
3.02915e-09
3.17063e-09
3.27274e-09
3.32611e-09
3.32314e-09
3.25945e-09
3.13519e-09
2.95581e-09
2.73182e-09
2.4774e-09
2.20812e-09
1.93847e-09
1.68004e-09
1.44068e-09
1.22472e-09
1.03371e-09
8.6729e-10
7.23926e-10
6.01474e-10
4.97545e-10
4.09738e-10
3.35776e-10
2.73576e-10
2.21276e-10
1.77237e-10
1.4003e-10
1.08416e-10
8.13148e-11
5.77744e-11
3.69317e-11
1.79613e-11
-4.93899e-35
1.13149e-13
7.59548e-11
1.48159e-10
2.16854e-10
2.82187e-10
3.443e-10
4.03335e-10
4.59432e-10
5.12726e-10
5.6335e-10
6.1143e-10
6.57091e-10
7.00451e-10
7.41624e-10
7.80719e-10
8.17841e-10
8.53088e-10
8.86556e-10
9.18337e-10
9.48515e-10
9.77173e-10
1.00439e-09
1.03024e-09
1.05479e-09
1.0781e-09
1.10025e-09
1.1213e-09
1.14129e-09
1.16028e-09
1.17833e-09
1.19548e-09
1.21178e-09
1.38879e-09
1.57791e-09
1.77835e-09
1.98864e-09
2.20647e-09
2.42844e-09
2.64985e-09
2.86457e-09
3.06495e-09
3.24189e-09
3.38522e-09
3.48441e-09
3.52961e-09
3.51319e-09
3.43126e-09
3.28508e-09
3.08173e-09
2.83361e-09
2.55664e-09
2.26771e-09
1.98196e-09
1.711e-09
1.46228e-09
1.23956e-09
1.04377e-09
8.74032e-10
7.28402e-10
6.04422e-10
4.99475e-10
4.10996e-10
3.36595e-10
2.7411e-10
2.21626e-10
1.77467e-10
1.40182e-10
1.08516e-10
8.13796e-11
5.78151e-11
3.69554e-11
1.79721e-11
-6.78201e-33
1.19981e-13
8.0525e-11
1.57072e-10
2.29898e-10
2.99156e-10
3.64997e-10
4.27573e-10
4.87031e-10
5.43514e-10
5.97163e-10
6.48113e-10
6.96495e-10
7.42435e-10
7.86055e-10
8.2747e-10
8.6679e-10
9.04123e-10
9.39569e-10
9.73223e-10
1.00518e-09
1.03552e-09
1.06434e-09
1.0917e-09
1.11769e-09
1.14237e-09
1.16581e-09
1.18808e-09
1.20924e-09
1.22934e-09
1.24843e-09
1.26658e-09
1.28382e-09
1.47103e-09
1.67087e-09
1.88244e-09
2.10411e-09
2.33329e-09
2.56626e-09
2.79789e-09
3.02153e-09
3.22889e-09
3.4102e-09
3.55464e-09
3.6511e-09
3.68939e-09
3.66186e-09
3.56507e-09
3.40124e-09
3.17876e-09
2.91154e-09
2.61692e-09
2.31274e-09
2.01461e-09
1.73411e-09
1.47832e-09
1.25052e-09
1.05116e-09
8.78967e-10
7.31665e-10
6.06562e-10
5.0087e-10
4.11902e-10
3.37183e-10
2.74493e-10
2.21875e-10
1.77631e-10
1.4029e-10
1.08587e-10
8.14257e-11
5.78441e-11
3.69723e-11
1.79798e-11
-2.05056e-32
1.30825e-13
8.77777e-11
1.71217e-10
2.50598e-10
3.26085e-10
3.97843e-10
4.66037e-10
5.30827e-10
5.9237e-10
6.50819e-10
7.06322e-10
7.59022e-10
8.09056e-10
8.56557e-10
9.01652e-10
9.44462e-10
9.85102e-10
1.02368e-09
1.06031e-09
1.09509e-09
1.1281e-09
1.15945e-09
1.18922e-09
1.21749e-09
1.24433e-09
1.26983e-09
1.29404e-09
1.31705e-09
1.3389e-09
1.35966e-09
1.37938e-09
1.39812e-09
1.60148e-09
1.81831e-09
2.04751e-09
2.28717e-09
2.5343e-09
2.78464e-09
3.03237e-09
3.26998e-09
3.48822e-09
3.67624e-09
3.82217e-09
3.91398e-09
3.94098e-09
3.89552e-09
3.77492e-09
3.58291e-09
3.33003e-09
3.0326e-09
2.71015e-09
2.38206e-09
2.06463e-09
1.76931e-09
1.50262e-09
1.26703e-09
1.06223e-09
8.86307e-10
7.36484e-10
6.09701e-10
5.02902e-10
4.13213e-10
3.38029e-10
2.7504e-10
2.22231e-10
1.77863e-10
1.40443e-10
1.08687e-10
8.1491e-11
5.78853e-11
3.69962e-11
1.79907e-11
-2.62384e-32
1.36878e-13
9.1826e-11
1.79113e-10
2.62151e-10
3.41115e-10
4.16176e-10
4.87506e-10
5.55272e-10
6.19639e-10
6.80766e-10
7.3881e-10
7.93918e-10
8.46237e-10
8.95904e-10
9.43051e-10
9.87807e-10
1.03029e-09
1.07062e-09
1.10891e-09
1.14526e-09
1.17976e-09
1.21253e-09
1.24364e-09
1.27317e-09
1.30123e-09
1.32786e-09
1.35317e-09
1.3772e-09
1.40003e-09
1.42171e-09
1.44232e-09
1.46189e-09
1.67426e-09
1.90055e-09
2.13956e-09
2.38922e-09
2.64633e-09
2.90629e-09
3.16292e-09
3.40823e-09
3.6324e-09
3.824e-09
3.97056e-09
4.05957e-09
4.08004e-09
4.02435e-09
3.89027e-09
3.68239e-09
3.41249e-09
3.09822e-09
2.76034e-09
2.41909e-09
2.0911e-09
1.78775e-09
1.51519e-09
1.27545e-09
1.06779e-09
8.89917e-10
7.38803e-10
6.11175e-10
5.03831e-10
4.13796e-10
3.38394e-10
2.75269e-10
2.22377e-10
1.77958e-10
1.40504e-10
1.08727e-10
8.15169e-11
5.79016e-11
3.70056e-11
1.7995e-11
-2.38598e-32
1.39054e-13
9.32812e-11
1.81951e-10
2.66305e-10
3.46518e-10
4.22766e-10
4.95223e-10
5.64058e-10
6.2944e-10
6.9153e-10
7.50486e-10
8.0646e-10
8.59599e-10
9.10044e-10
9.57929e-10
1.00338e-09
1.04653e-09
1.08749e-09
1.12637e-09
1.16328e-09
1.19833e-09
1.2316e-09
1.26319e-09
1.29318e-09
1.32167e-09
1.34872e-09
1.37441e-09
1.39881e-09
1.42199e-09
1.44401e-09
1.46493e-09
1.4848e-09
1.70039e-09
1.93007e-09
2.1726e-09
2.42583e-09
2.68649e-09
2.94987e-09
3.20965e-09
3.45765e-09
3.68386e-09
3.87665e-09
4.0233e-09
4.11116e-09
4.12913e-09
4.0696e-09
3.93053e-09
3.71683e-09
3.44072e-09
3.12037e-09
2.77697e-09
2.43107e-09
2.09939e-09
1.79329e-09
1.51878e-09
1.27769e-09
1.06913e-09
8.90691e-10
7.39222e-10
6.11382e-10
5.03918e-10
4.13821e-10
3.3839e-10
2.75255e-10
2.22361e-10
1.77944e-10
1.40493e-10
1.0872e-10
8.15119e-11
5.78984e-11
3.70038e-11
1.79942e-11
-2.16906e-32
1.38226e-13
9.27268e-11
1.8087e-10
2.64722e-10
3.44459e-10
4.20255e-10
4.92282e-10
5.60709e-10
6.25704e-10
6.87426e-10
7.46034e-10
8.01678e-10
8.54503e-10
9.04651e-10
9.52254e-10
9.97442e-10
1.04034e-09
1.08105e-09
1.11971e-09
1.1564e-09
1.19124e-09
1.22432e-09
1.25572e-09
1.28554e-09
1.31386e-09
1.34075e-09
1.36629e-09
1.39055e-09
1.4136e-09
1.43549e-09
1.45629e-09
1.47605e-09
1.6904e-09
1.91876e-09
2.15992e-09
2.41175e-09
2.671e-09
2.93301e-09
3.19149e-09
3.43834e-09
3.66362e-09
3.85576e-09
4.00215e-09
4.09019e-09
4.10882e-09
4.05046e-09
3.91301e-09
3.70129e-09
3.42737e-09
3.10925e-09
2.76797e-09
2.42395e-09
2.09386e-09
1.78905e-09
1.51555e-09
1.27525e-09
1.0673e-09
8.89318e-10
7.382e-10
6.10628e-10
5.03366e-10
4.13421e-10
3.38104e-10
2.75053e-10
2.2222e-10
1.77846e-10
1.40427e-10
1.08675e-10
8.14828e-11
5.788e-11
3.69932e-11
1.79893e-11
-1.97142e-32
1.35165e-13
9.06795e-11
1.76877e-10
2.58879e-10
3.36857e-10
4.10983e-10
4.81423e-10
5.48345e-10
6.11911e-10
6.72279e-10
7.29601e-10
7.84025e-10
8.35695e-10
8.84746e-10
9.3131e-10
9.75512e-10
1.01747e-09
1.0573e-09
1.09512e-09
1.13102e-09
1.1651e-09
1.19746e-09
1.22819e-09
1.25736e-09
1.28507e-09
1.31138e-09
1.33637e-09
1.36011e-09
1.38266e-09
1.40408e-09
1.42443e-09
1.44377e-09
1.65355e-09
1.87711e-09
2.11328e-09
2.36001e-09
2.61416e-09
2.87123e-09
3.12512e-09
3.36796e-09
3.59008e-09
3.78022e-09
3.92607e-09
4.01526e-09
4.03691e-09
3.98343e-09
3.85251e-09
3.64855e-09
3.38306e-09
3.07336e-09
2.73987e-09
2.4026e-09
2.07803e-09
1.77751e-09
1.50724e-09
1.26932e-09
1.06309e-09
8.86339e-10
7.36101e-10
6.09153e-10
5.02334e-10
4.12701e-10
3.37605e-10
2.74708e-10
2.21984e-10
1.77685e-10
1.40319e-10
1.08603e-10
8.14353e-11
5.78501e-11
3.69758e-11
1.79814e-11
-1.79147e-32
1.30523e-13
8.75741e-11
1.7082e-10
2.50016e-10
3.25327e-10
3.96919e-10
4.64954e-10
5.29593e-10
5.90992e-10
6.49304e-10
7.04676e-10
7.57252e-10
8.07168e-10
8.54556e-10
8.99544e-10
9.42252e-10
9.82795e-10
1.02128e-09
1.05783e-09
1.09252e-09
1.12545e-09
1.15673e-09
1.18642e-09
1.21462e-09
1.2414e-09
1.26683e-09
1.29099e-09
1.31394e-09
1.33574e-09
1.35644e-09
1.37612e-09
1.39481e-09
1.59767e-09
1.81395e-09
2.04255e-09
2.28156e-09
2.52799e-09
2.77758e-09
3.02452e-09
3.2613e-09
3.47867e-09
3.66582e-09
3.81089e-09
3.9019e-09
3.9282e-09
3.88218e-09
3.76124e-09
3.56915e-09
3.3165e-09
3.0196e-09
2.69796e-09
2.37093e-09
2.0547e-09
1.76065e-09
1.49523e-09
1.26083e-09
1.05713e-09
8.82183e-10
7.33209e-10
6.07148e-10
5.00947e-10
4.11745e-10
3.36948e-10
2.74258e-10
2.21677e-10
1.77477e-10
1.40178e-10
1.08509e-10
8.13741e-11
5.78115e-11
3.69534e-11
1.79712e-11
-1.62775e-32
1.24826e-13
8.37634e-11
1.63388e-10
2.3914e-10
3.11178e-10
3.79661e-10
4.44743e-10
5.0658e-10
5.6532e-10
6.21109e-10
6.74089e-10
7.24395e-10
7.72159e-10
8.17508e-10
8.60561e-10
9.01435e-10
9.4024e-10
9.7708e-10
1.01206e-09
1.04527e-09
1.0768e-09
1.10674e-09
1.13517e-09
1.16217e-09
1.18781e-09
1.21217e-09
1.2353e-09
1.25728e-09
1.27815e-09
1.29799e-09
1.31683e-09
1.33474e-09
1.52909e-09
1.73643e-09
1.95574e-09
2.18527e-09
2.42222e-09
2.66263e-09
2.90102e-09
3.13035e-09
3.34188e-09
3.52534e-09
3.66943e-09
3.76265e-09
3.79462e-09
3.75776e-09
3.64907e-09
3.47154e-09
3.23467e-09
2.95353e-09
2.64649e-09
2.33207e-09
2.02612e-09
1.74005e-09
1.48059e-09
1.25053e-09
1.04994e-09
8.77187e-10
7.29753e-10
6.04764e-10
4.99308e-10
4.1062e-10
3.36178e-10
2.73733e-10
2.21319e-10
1.77235e-10
1.40015e-10
1.08401e-10
8.1303e-11
5.77667e-11
3.69274e-11
1.79594e-11
-1.47884e-32
1.18489e-13
7.95241e-11
1.5512e-10
2.27041e-10
2.95438e-10
3.60461e-10
4.2226e-10
4.80979e-10
5.3676e-10
5.89743e-10
6.40061e-10
6.87843e-10
7.33213e-10
7.76292e-10
8.17193e-10
8.56026e-10
8.92896e-10
9.27902e-10
9.6114e-10
9.927e-10
1.02267e-09
1.05112e-09
1.07815e-09
1.10382e-09
1.12819e-09
1.15135e-09
1.17334e-09
1.19423e-09
1.21408e-09
1.23294e-09
1.25087e-09
1.26789e-09
1.45279e-09
1.65017e-09
1.85915e-09
2.0781e-09
2.3045e-09
2.53466e-09
2.76353e-09
2.98454e-09
3.18951e-09
3.36882e-09
3.51176e-09
3.60737e-09
3.64559e-09
3.61885e-09
3.52374e-09
3.3624e-09
3.14309e-09
2.87953e-09
2.58878e-09
2.28849e-09
1.99406e-09
1.71695e-09
1.46419e-09
1.23901e-09
1.04191e-09
8.71624e-10
7.25913e-10
6.02122e-10
4.97495e-10
4.0938e-10
3.3533e-10
2.73155e-10
2.20927e-10
1.76969e-10
1.39836e-10
1.08282e-10
8.12251e-11
5.77176e-11
3.68988e-11
1.79464e-11
-1.34347e-32
1.11828e-13
7.5068e-11
1.46429e-10
2.14322e-10
2.78892e-10
3.4028e-10
3.98626e-10
4.54067e-10
5.06739e-10
5.56772e-10
6.04291e-10
6.49419e-10
6.92272e-10
7.32964e-10
7.71603e-10
8.0829e-10
8.43126e-10
8.76204e-10
9.07612e-10
9.37438e-10
9.65761e-10
9.92659e-10
1.0182e-09
1.04247e-09
1.06551e-09
1.0874e-09
1.1082e-09
1.12796e-09
1.14673e-09
1.16457e-09
1.18152e-09
1.19762e-09
1.37257e-09
1.55948e-09
1.75757e-09
1.9654e-09
2.18068e-09
2.40004e-09
2.61885e-09
2.83106e-09
3.02908e-09
3.20394e-09
3.34559e-09
3.44362e-09
3.48831e-09
3.47213e-09
3.39122e-09
3.24686e-09
3.04603e-09
2.80098e-09
2.52745e-09
2.24212e-09
1.95992e-09
1.69233e-09
1.44671e-09
1.22674e-09
1.03337e-09
8.65706e-10
7.21834e-10
5.9932e-10
4.95576e-10
4.08068e-10
3.34435e-10
2.72546e-10
2.20513e-10
1.76689e-10
1.39648e-10
1.08156e-10
8.1143e-11
5.76658e-11
3.68688e-11
1.79327e-11
-6.24343e-33
1.05028e-13
7.0518e-11
1.37555e-10
2.01336e-10
2.61997e-10
3.19672e-10
3.74492e-10
4.26587e-10
4.76083e-10
5.23102e-10
5.67762e-10
6.10179e-10
6.50461e-10
6.88715e-10
7.25042e-10
7.59537e-10
7.92294e-10
8.234e-10
8.5294e-10
8.80993e-10
9.07636e-10
9.32939e-10
9.56973e-10
9.79801e-10
1.00149e-09
1.02209e-09
1.04166e-09
1.06025e-09
1.07792e-09
1.09471e-09
1.11067e-09
1.12583e-09
1.2906e-09
1.46678e-09
1.65372e-09
1.85014e-09
2.05398e-09
2.26222e-09
2.47063e-09
2.67368e-09
2.86439e-09
3.03447e-09
3.17451e-09
3.27469e-09
3.32569e-09
3.31998e-09
3.25336e-09
3.1262e-09
2.94423e-09
2.71822e-09
2.46254e-09
2.19281e-09
1.92347e-09
1.66596e-09
1.42793e-09
1.21353e-09
1.02415e-09
8.59316e-10
7.17426e-10
5.96291e-10
4.935e-10
4.06648e-10
3.33467e-10
2.71887e-10
2.20065e-10
1.76386e-10
1.39444e-10
1.0802e-10
8.10542e-11
5.76097e-11
3.68362e-11
1.79178e-11
3.16618e-34
9.81328e-14
6.5903e-11
1.28554e-10
1.88164e-10
2.4486e-10
2.98768e-10
3.50012e-10
3.98711e-10
4.44984e-10
4.88944e-10
5.30704e-10
5.70368e-10
6.08041e-10
6.43819e-10
6.77798e-10
7.10067e-10
7.40713e-10
7.69817e-10
7.97458e-10
8.2371e-10
8.48645e-10
8.72328e-10
8.94825e-10
9.16195e-10
9.36497e-10
9.55785e-10
9.74111e-10
9.91524e-10
1.00807e-09
1.02379e-09
1.03874e-09
1.05294e-09
1.20735e-09
1.3726e-09
1.54816e-09
1.7329e-09
1.92501e-09
2.12177e-09
2.3194e-09
2.51286e-09
2.69581e-09
2.86058e-09
2.99849e-09
3.10031e-09
3.15712e-09
3.16153e-09
3.10896e-09
2.99901e-09
2.83615e-09
2.62968e-09
2.39252e-09
2.13921e-09
1.88356e-09
1.63689e-09
1.40712e-09
1.19882e-09
1.01385e-09
8.52156e-10
7.12475e-10
5.92881e-10
4.91159e-10
4.05046e-10
3.32373e-10
2.71141e-10
2.19559e-10
1.76043e-10
1.39213e-10
1.07866e-10
8.09534e-11
5.75461e-11
3.67992e-11
1.79009e-11
3.47959e-34
9.11886e-14
6.12539e-11
1.19486e-10
1.74894e-10
2.27596e-10
2.77709e-10
3.25347e-10
3.70624e-10
4.13648e-10
4.54527e-10
4.93361e-10
5.30251e-10
5.65292e-10
5.98574e-10
6.30185e-10
6.60208e-10
6.88724e-10
7.15808e-10
7.41533e-10
7.65968e-10
7.89178e-10
8.11226e-10
8.32171e-10
8.52069e-10
8.70974e-10
8.88936e-10
9.06004e-10
9.22223e-10
9.37636e-10
9.52285e-10
9.66207e-10
9.7944e-10
1.12337e-09
1.27756e-09
1.44156e-09
1.61443e-09
1.79457e-09
1.97959e-09
2.1661e-09
2.34958e-09
2.52429e-09
2.68325e-09
2.81845e-09
2.9213e-09
2.98335e-09
2.99735e-09
2.95847e-09
2.86554e-09
2.72187e-09
2.53528e-09
2.31724e-09
2.08109e-09
1.83995e-09
1.60491e-09
1.38409e-09
1.18246e-09
1.00235e-09
8.44131e-10
7.0691e-10
5.8904e-10
4.88518e-10
4.03235e-10
3.31134e-10
2.70296e-10
2.18984e-10
1.75654e-10
1.38951e-10
1.07691e-10
8.08388e-11
5.74737e-11
3.67572e-11
1.78818e-11
3.82352e-34
8.42453e-14
5.66039e-11
1.10417e-10
1.61621e-10
2.10327e-10
2.56643e-10
3.00676e-10
3.42528e-10
3.82302e-10
4.20096e-10
4.56003e-10
4.90115e-10
5.22521e-10
5.53303e-10
5.82543e-10
6.10317e-10
6.36699e-10
6.61759e-10
6.85564e-10
7.08178e-10
7.2966e-10
7.50069e-10
7.69458e-10
7.8788e-10
8.05385e-10
8.22018e-10
8.37824e-10
8.52845e-10
8.67121e-10
8.80689e-10
8.93587e-10
9.05847e-10
1.03925e-09
1.18231e-09
1.33468e-09
1.49556e-09
1.66358e-09
1.83664e-09
2.01176e-09
2.18491e-09
2.35095e-09
2.50357e-09
2.63546e-09
2.73868e-09
2.80528e-09
2.8282e-09
2.80245e-09
2.72619e-09
2.60159e-09
2.43507e-09
2.23661e-09
2.01828e-09
1.79241e-09
1.56978e-09
1.35862e-09
1.16427e-09
9.895e-10
8.35136e-10
7.00654e-10
5.84711e-10
4.85535e-10
4.01186e-10
3.29731e-10
2.69338e-10
2.18331e-10
1.75211e-10
1.38653e-10
1.07492e-10
8.07084e-11
5.73914e-11
3.67092e-11
1.78599e-11
2.35826e-34
8.30769e-14
5.58212e-11
1.0889e-10
1.59387e-10
2.0742e-10
2.53097e-10
2.96523e-10
3.37799e-10
3.77025e-10
4.14299e-10
4.49713e-10
4.83358e-10
5.1532e-10
5.45681e-10
5.74521e-10
6.01916e-10
6.27939e-10
6.52658e-10
6.7614e-10
6.98446e-10
7.19638e-10
7.3977e-10
7.58897e-10
7.77071e-10
7.94339e-10
8.10747e-10
8.26341e-10
8.4116e-10
8.55244e-10
8.68631e-10
8.81355e-10
8.93451e-10
1.02508e-09
1.16626e-09
1.31667e-09
1.47551e-09
1.64148e-09
1.8125e-09
1.98567e-09
2.15705e-09
2.32159e-09
2.47308e-09
2.60436e-09
2.70757e-09
2.77486e-09
2.79922e-09
2.77562e-09
2.70212e-09
2.58072e-09
2.41759e-09
2.22246e-09
2.00721e-09
1.78398e-09
1.56353e-09
1.35407e-09
1.161e-09
9.87188e-10
8.33513e-10
6.99523e-10
5.83927e-10
4.84994e-10
4.00814e-10
3.29476e-10
2.69164e-10
2.18213e-10
1.75131e-10
1.38598e-10
1.07456e-10
8.06846e-11
5.73764e-11
3.67005e-11
1.78559e-11
2.19939e-34
7.7356e-14
5.19885e-11
1.01414e-10
1.48446e-10
1.93186e-10
2.35733e-10
2.76185e-10
3.14637e-10
3.51183e-10
3.85912e-10
4.18911e-10
4.50264e-10
4.80051e-10
5.08349e-10
5.35232e-10
5.60771e-10
5.85032e-10
6.0808e-10
6.29975e-10
6.50777e-10
6.70541e-10
6.89318e-10
7.0716e-10
7.24114e-10
7.40224e-10
7.55533e-10
7.70083e-10
7.83912e-10
7.97055e-10
8.09549e-10
8.21426e-10
8.32716e-10
9.5563e-10
1.08759e-09
1.22832e-09
1.37717e-09
1.53299e-09
1.69396e-09
1.85748e-09
2.02002e-09
2.17699e-09
2.32276e-09
2.45072e-09
2.55359e-09
2.62394e-09
2.655e-09
2.64165e-09
2.58149e-09
2.47565e-09
2.32918e-09
2.15059e-09
1.95064e-09
1.74075e-09
1.5313e-09
1.33052e-09
1.14407e-09
9.75163e-10
8.25055e-10
6.93617e-10
5.79828e-10
4.82161e-10
3.98865e-10
3.28139e-10
2.68249e-10
2.17589e-10
1.74708e-10
1.38313e-10
1.07265e-10
8.05596e-11
5.72973e-11
3.66546e-11
1.7835e-11
4.25779e-34
7.05753e-14
4.74443e-11
9.25509e-11
1.35475e-10
1.76308e-10
2.15143e-10
2.52068e-10
2.87171e-10
3.20537e-10
3.52247e-10
3.82381e-10
4.11014e-10
4.38221e-10
4.6407e-10
4.88629e-10
5.11963e-10
5.34132e-10
5.55195e-10
5.75207e-10
5.94221e-10
6.12289e-10
6.29456e-10
6.4577e-10
6.61274e-10
6.76007e-10
6.9001e-10
7.03319e-10
7.1597e-10
7.27995e-10
7.39426e-10
7.50294e-10
7.60626e-10
8.73167e-10
9.94122e-10
1.12331e-09
1.2602e-09
1.40383e-09
1.55266e-09
1.70447e-09
1.85616e-09
2.00373e-09
2.14217e-09
2.26557e-09
2.36732e-09
2.44055e-09
2.47881e-09
2.47696e-09
2.43212e-09
2.34451e-09
2.21787e-09
2.05925e-09
1.8781e-09
1.68481e-09
1.48925e-09
1.29958e-09
1.12168e-09
9.59177e-10
8.13761e-10
6.85703e-10
5.74318e-10
4.78345e-10
3.96233e-10
3.2633e-10
2.6701e-10
2.16744e-10
1.74133e-10
1.37925e-10
1.07006e-10
8.03896e-11
5.71899e-11
3.6592e-11
1.78064e-11
5.06807e-34
6.39583e-14
4.30082e-11
8.38981e-11
1.22811e-10
1.59831e-10
1.95041e-10
2.28522e-10
2.60354e-10
2.90613e-10
3.19374e-10
3.46708e-10
3.72684e-10
3.97368e-10
4.20824e-10
4.43111e-10
4.64289e-10
4.84412e-10
5.03533e-10
5.21703e-10
5.38969e-10
5.55376e-10
5.70968e-10
5.85787e-10
5.9987e-10
6.13256e-10
6.25979e-10
6.38073e-10
6.4957e-10
6.60499e-10
6.70889e-10
6.80768e-10
6.90162e-10
7.92529e-10
9.02677e-10
1.02049e-09
1.14557e-09
1.27713e-09
1.41388e-09
1.55393e-09
1.69464e-09
1.83252e-09
1.9632e-09
2.08143e-09
2.18126e-09
2.25642e-09
2.30084e-09
2.30943e-09
2.27895e-09
2.2088e-09
2.10153e-09
1.96278e-09
1.80065e-09
1.62446e-09
1.44345e-09
1.26558e-09
1.0969e-09
9.41376e-10
8.01117e-10
6.76804e-10
5.68099e-10
4.74025e-10
3.93246e-10
3.24273e-10
2.65599e-10
2.15779e-10
1.73477e-10
1.37481e-10
1.0671e-10
8.01949e-11
5.70667e-11
3.65203e-11
1.77737e-11
5.56483e-34
5.75586e-14
3.8716e-11
7.5526e-11
1.10557e-10
1.43887e-10
1.75589e-10
2.05737e-10
2.34402e-10
2.61654e-10
2.8756e-10
3.12182e-10
3.35584e-10
3.57825e-10
3.78961e-10
3.99047e-10
4.18135e-10
4.36275e-10
4.53514e-10
4.69896e-10
4.85466e-10
5.00263e-10
5.14327e-10
5.27694e-10
5.404e-10
5.52478e-10
5.63959e-10
5.74873e-10
5.85249e-10
5.95114e-10
6.04494e-10
6.13413e-10
6.21893e-10
7.1437e-10
8.13992e-10
9.20709e-10
1.03423e-09
1.15392e-09
1.27874e-09
1.4071e-09
1.53677e-09
1.66476e-09
1.7873e-09
1.89977e-09
1.9969e-09
2.07301e-09
2.12245e-09
2.14026e-09
2.12297e-09
2.06929e-09
1.98069e-09
1.86149e-09
1.71841e-09
1.55968e-09
1.39378e-09
1.22837e-09
1.06955e-09
9.21587e-10
7.86979e-10
6.66804e-10
5.61083e-10
4.69134e-10
3.89855e-10
3.21932e-10
2.6399e-10
2.14678e-10
1.72727e-10
1.36974e-10
1.0637e-10
7.99717e-11
5.69254e-11
3.6438e-11
1.77361e-11
6.1086e-34
5.14262e-14
3.46014e-11
6.75003e-11
9.88108e-11
1.28602e-10
1.5694e-10
1.83892e-10
2.0952e-10
2.33888e-10
2.57053e-10
2.79074e-10
3.00006e-10
3.19901e-10
3.38811e-10
3.56783e-10
3.73865e-10
3.901e-10
4.0553e-10
4.20196e-10
4.34136e-10
4.47386e-10
4.59981e-10
4.71953e-10
4.83334e-10
4.94153e-10
5.04439e-10
5.14218e-10
5.23516e-10
5.32358e-10
5.40764e-10
5.48759e-10
5.56361e-10
6.39309e-10
7.28773e-10
8.24757e-10
9.27058e-10
1.0352e-09
1.14834e-09
1.26517e-09
1.38384e-09
1.50184e-09
1.61592e-09
1.7221e-09
1.81577e-09
1.89181e-09
1.94507e-09
1.97079e-09
1.96536e-09
1.92695e-09
1.85607e-09
1.75581e-09
1.63161e-09
1.4905e-09
1.34014e-09
1.18778e-09
1.03945e-09
8.99641e-10
7.71195e-10
6.55577e-10
5.53169e-10
4.63596e-10
3.86002e-10
3.19266e-10
2.62154e-10
2.13418e-10
1.71867e-10
1.36392e-10
1.0598e-10
7.97152e-11
5.6763e-11
3.63433e-11
1.76929e-11
6.70337e-34
4.56066e-14
3.06951e-11
5.98806e-11
8.76582e-11
1.14089e-10
1.39233e-10
1.63149e-10
1.85893e-10
2.07519e-10
2.28082e-10
2.4763e-10
2.66214e-10
2.8388e-10
3.00673e-10
3.16635e-10
3.31809e-10
3.46231e-10
3.59941e-10
3.72973e-10
3.85362e-10
3.97139e-10
4.08334e-10
4.18978e-10
4.29097e-10
4.38718e-10
4.47865e-10
4.56563e-10
4.64834e-10
4.72699e-10
4.80179e-10
4.87292e-10
4.94057e-10
5.6791e-10
6.47664e-10
7.33363e-10
8.24885e-10
9.21877e-10
1.02368e-09
1.12926e-09
1.23708e-09
1.34506e-09
1.45047e-09
1.54991e-09
1.63938e-09
1.71438e-09
1.77022e-09
1.80244e-09
1.8074e-09
1.78285e-09
1.72851e-09
1.64637e-09
1.5406e-09
1.41707e-09
1.28254e-09
1.1437e-09
1.00645e-09
8.75373e-10
7.53613e-10
6.42994e-10
5.44252e-10
4.57328e-10
3.81627e-10
3.16229e-10
2.60056e-10
2.11977e-10
1.70882e-10
1.35723e-10
1.05531e-10
7.94201e-11
5.65759e-11
3.62342e-11
1.7643e-11
7.3533e-34
4.01385e-14
2.70232e-11
5.27179e-11
7.71742e-11
1.00446e-10
1.22587e-10
1.43648e-10
1.63678e-10
1.82727e-10
2.0084e-10
2.18063e-10
2.34437e-10
2.50004e-10
2.64804e-10
2.78874e-10
2.9225e-10
3.04966e-10
3.17055e-10
3.28548e-10
3.39474e-10
3.49862e-10
3.59739e-10
3.6913e-10
3.78059e-10
3.86549e-10
3.94623e-10
4.02301e-10
4.09602e-10
4.16546e-10
4.2315e-10
4.29431e-10
4.35406e-10
5.00666e-10
5.71226e-10
6.47166e-10
7.28428e-10
8.14768e-10
9.05688e-10
1.00037e-09
1.09759e-09
1.19564e-09
1.29226e-09
1.3846e-09
1.46923e-09
1.54223e-09
1.59943e-09
1.6367e-09
1.65047e-09
1.63822e-09
1.59903e-09
1.53391e-09
1.44589e-09
1.33967e-09
1.22106e-09
1.09611e-09
9.70431e-10
8.48632e-10
7.34081e-10
6.28917e-10
5.34218e-10
4.50241e-10
3.76658e-10
3.12767e-10
2.57658e-10
2.10325e-10
1.69751e-10
1.34955e-10
1.05015e-10
7.90799e-11
5.636e-11
3.61082e-11
1.75854e-11
8.0627e-34
3.5053e-14
2.36066e-11
4.60534e-11
6.74191e-11
8.77515e-11
1.07097e-10
1.255e-10
1.43005e-10
1.59653e-10
1.75486e-10
1.90542e-10
2.04858e-10
2.1847e-10
2.31413e-10
2.43718e-10
2.55419e-10
2.66543e-10
2.7712e-10
2.87177e-10
2.9674e-10
3.05833e-10
3.14479e-10
3.227e-10
3.30518e-10
3.37953e-10
3.45024e-10
3.51749e-10
3.58145e-10
3.64228e-10
3.70014e-10
3.75518e-10
3.80753e-10
4.37975e-10
4.99919e-10
5.66692e-10
6.38287e-10
7.14549e-10
7.95118e-10
8.79368e-10
9.66336e-10
1.05466e-09
1.14248e-09
1.22746e-09
1.30669e-09
1.37683e-09
1.43421e-09
1.47508e-09
1.49602e-09
1.49439e-09
1.46877e-09
1.41935e-09
1.34813e-09
1.2587e-09
1.15588e-09
1.04502e-09
9.31319e-10
8.19297e-10
7.1246e-10
6.13212e-10
5.22949e-10
4.42236e-10
3.71019e-10
3.08824e-10
2.54918e-10
2.08432e-10
1.68452e-10
1.3407e-10
1.0442e-10
7.86874e-11
5.61107e-11
3.59626e-11
1.75188e-11
8.83597e-34
3.03723e-14
2.04607e-11
3.99165e-11
5.84362e-11
7.60612e-11
9.28318e-11
1.08787e-10
1.23965e-10
1.38402e-10
1.52133e-10
1.65191e-10
1.7761e-10
1.89419e-10
2.00649e-10
2.11328e-10
2.21482e-10
2.31138e-10
2.4032e-10
2.49052e-10
2.57355e-10
2.65252e-10
2.72761e-10
2.79902e-10
2.86694e-10
2.93154e-10
2.99298e-10
3.05142e-10
3.107e-10
3.15988e-10
3.21018e-10
3.25802e-10
3.30354e-10
3.80133e-10
4.34088e-10
4.92337e-10
5.54918e-10
6.21746e-10
6.92573e-10
7.66936e-10
8.44099e-10
9.22987e-10
1.00213e-09
1.07959e-09
1.153e-09
1.21952e-09
1.27598e-09
1.31905e-09
1.34553e-09
1.35276e-09
1.33898e-09
1.30374e-09
1.24813e-09
1.17471e-09
1.08734e-09
9.9057e-10
8.89112e-10
7.87283e-10
6.88627e-10
5.95751e-10
5.10326e-10
4.33212e-10
3.64629e-10
3.04335e-10
2.51787e-10
2.06263e-10
1.66959e-10
1.33052e-10
1.03733e-10
7.82338e-11
5.58223e-11
3.5794e-11
1.74417e-11
9.6775e-34
2.61095e-14
1.75944e-11
3.43251e-11
5.02514e-11
6.54092e-11
7.98333e-11
9.35573e-11
1.06614e-10
1.19034e-10
1.30848e-10
1.42085e-10
1.52773e-10
1.62937e-10
1.72604e-10
1.81798e-10
1.90541e-10
1.98857e-10
2.06765e-10
2.14286e-10
2.21439e-10
2.28242e-10
2.34712e-10
2.40867e-10
2.46721e-10
2.52289e-10
2.57585e-10
2.62623e-10
2.67416e-10
2.71976e-10
2.76313e-10
2.8044e-10
2.84366e-10
3.27328e-10
3.73949e-10
4.24359e-10
4.78622e-10
5.36711e-10
5.98468e-10
6.63565e-10
7.31454e-10
8.01311e-10
8.7198e-10
9.41926e-10
1.00921e-09
1.07147e-09
1.12604e-09
1.16998e-09
1.20042e-09
1.21474e-09
1.21099e-09
1.18825e-09
1.14683e-09
1.08841e-09
1.01588e-09
9.32999e-10
8.43889e-10
7.52559e-10
6.62493e-10
5.76418e-10
4.96233e-10
4.23066e-10
3.574e-10
2.99231e-10
2.48211e-10
2.03776e-10
1.65243e-10
1.31878e-10
1.0294e-10
7.77092e-11
5.54882e-11
3.55986e-11
1.73522e-11
1.05916e-33
2.22684e-14
1.50105e-11
2.92844e-11
4.28727e-11
5.5806e-11
6.81142e-11
7.98259e-11
9.0969e-11
1.0157e-10
1.11655e-10
1.21248e-10
1.30374e-10
1.39053e-10
1.47309e-10
1.55162e-10
1.62631e-10
1.69735e-10
1.76492e-10
1.82919e-10
1.89032e-10
1.94847e-10
2.00378e-10
2.0564e-10
2.10645e-10
2.15407e-10
2.19936e-10
2.24245e-10
2.28345e-10
2.32246e-10
2.35957e-10
2.39488e-10
2.42847e-10
2.7963e-10
3.19593e-10
3.62869e-10
4.0954e-10
4.59622e-10
5.13027e-10
5.69536e-10
6.28755e-10
6.90069e-10
7.52592e-10
8.15123e-10
8.76111e-10
9.33645e-10
9.85482e-10
1.02913e-09
1.06202e-09
1.08169e-09
1.08615e-09
1.07411e-09
1.0453e-09
1.00062e-09
9.421e-10
8.7267e-10
7.95824e-10
7.15164e-10
6.34011e-10
5.55123e-10
4.80565e-10
4.11694e-10
3.49243e-10
2.93438e-10
2.44133e-10
2.00928e-10
1.63271e-10
1.30525e-10
1.02025e-10
7.7102e-11
5.51011e-11
3.53718e-11
1.72482e-11
1.15821e-33
1.8844e-14
1.27058e-11
2.47885e-11
3.62912e-11
4.72401e-11
5.76605e-11
6.75767e-11
7.70123e-11
8.59899e-11
9.45311e-11
1.02657e-10
1.10387e-10
1.17741e-10
1.24736e-10
1.3139e-10
1.37721e-10
1.43742e-10
1.4947e-10
1.54919e-10
1.60103e-10
1.65034e-10
1.69725e-10
1.74188e-10
1.78434e-10
1.82473e-10
1.86316e-10
1.89973e-10
1.93452e-10
1.96762e-10
1.99912e-10
2.02909e-10
2.05762e-10
2.37005e-10
2.70987e-10
3.0784e-10
3.47657e-10
3.90482e-10
4.36282e-10
4.84922e-10
5.36132e-10
5.89466e-10
6.44263e-10
6.99603e-10
7.54274e-10
8.06749e-10
8.55197e-10
8.97529e-10
9.31507e-10
9.54909e-10
9.65757e-10
9.62585e-10
9.44687e-10
9.12312e-10
8.6672e-10
8.10077e-10
7.45204e-10
6.75222e-10
6.0319e-10
5.3181e-10
4.63233e-10
3.99002e-10
3.40067e-10
2.86878e-10
2.39489e-10
1.97671e-10
1.61006e-10
1.28966e-10
1.00966e-10
7.6399e-11
5.4652e-11
3.51084e-11
1.71274e-11
1.26526e-33
1.58231e-14
1.06719e-11
2.08206e-11
3.04826e-11
3.96798e-11
4.84337e-11
5.67647e-11
6.46925e-11
7.22363e-11
7.94141e-11
8.62435e-11
9.27411e-11
9.89228e-11
1.04804e-10
1.10399e-10
1.15722e-10
1.20787e-10
1.25605e-10
1.30188e-10
1.34549e-10
1.38698e-10
1.42646e-10
1.46401e-10
1.49975e-10
1.53375e-10
1.5661e-10
1.59689e-10
1.62618e-10
1.65406e-10
1.68058e-10
1.70583e-10
1.72985e-10
1.99314e-10
2.27983e-10
2.59115e-10
2.92812e-10
3.29133e-10
3.68085e-10
4.09598e-10
4.53496e-10
4.99471e-10
5.47041e-10
5.9552e-10
6.43982e-10
6.91231e-10
7.35804e-10
7.75986e-10
8.09878e-10
8.35518e-10
8.51048e-10
8.54927e-10
8.46165e-10
8.24514e-10
7.90587e-10
7.45842e-10
6.92433e-10
6.32952e-10
5.70114e-10
5.06468e-10
4.44179e-10
3.84907e-10
3.29789e-10
2.79475e-10
2.34215e-10
1.93951e-10
1.58408e-10
1.27172e-10
9.97445e-11
7.55851e-11
5.4131e-11
3.48023e-11
1.69869e-11
1.38055e-33
1.31857e-14
8.89548e-12
1.73551e-11
2.54092e-11
3.30764e-11
4.03744e-11
4.73203e-11
5.39307e-11
6.02214e-11
6.62075e-11
7.19035e-11
7.73234e-11
8.24804e-11
8.73872e-11
9.20558e-11
9.64979e-11
1.00724e-10
1.04746e-10
1.08572e-10
1.12213e-10
1.15677e-10
1.18973e-10
1.2211e-10
1.25094e-10
1.27934e-10
1.30637e-10
1.33209e-10
1.35656e-10
1.37985e-10
1.40202e-10
1.42312e-10
1.44319e-10
1.66335e-10
1.90332e-10
2.16426e-10
2.44715e-10
2.75271e-10
3.08127e-10
3.43259e-10
3.80563e-10
4.19835e-10
4.6074e-10
5.02778e-10
5.45257e-10
5.87265e-10
6.27654e-10
6.65049e-10
6.97878e-10
7.24456e-10
7.43099e-10
7.52298e-10
7.50903e-10
7.38317e-10
7.14636e-10
6.807e-10
6.38036e-10
5.88683e-10
5.3495e-10
4.79152e-10
4.2338e-10
3.6935e-10
3.18332e-10
2.71153e-10
2.28243e-10
1.89713e-10
1.55433e-10
1.25108e-10
9.83342e-11
7.4643e-11
5.35266e-11
3.44467e-11
1.68235e-11
1.50423e-33
1.09067e-14
7.35981e-12
1.43591e-11
2.10232e-11
2.73674e-11
3.34065e-11
3.91546e-11
4.46255e-11
4.98323e-11
5.47873e-11
5.95027e-11
6.399e-11
6.826e-11
7.23232e-11
7.61896e-11
7.98688e-11
8.33698e-11
8.67012e-11
8.98713e-11
9.2888e-11
9.57586e-11
9.84903e-11
1.0109e-10
1.03564e-10
1.05918e-10
1.08159e-10
1.10291e-10
1.12321e-10
1.14252e-10
1.1609e-10
1.1784e-10
1.19505e-10
1.37774e-10
1.57707e-10
1.79408e-10
2.02972e-10
2.28474e-10
2.55963e-10
2.85446e-10
3.16874e-10
3.50121e-10
3.84962e-10
4.21047e-10
4.57871e-10
4.94756e-10
5.30822e-10
5.64991e-10
5.95993e-10
6.2242e-10
6.428e-10
6.55725e-10
6.59997e-10
6.54802e-10
6.39852e-10
6.15479e-10
5.82646e-10
5.42851e-10
4.97961e-10
4.49986e-10
4.00867e-10
3.52302e-10
3.05641e-10
2.61847e-10
2.2151e-10
1.84901e-10
1.52035e-10
1.22739e-10
9.67087e-11
7.35535e-11
5.28259e-11
3.40335e-11
1.66334e-11
1.63626e-33
8.95671e-15
6.04537e-12
1.17948e-11
1.72689e-11
2.24806e-11
2.74418e-11
3.21644e-11
3.66595e-11
4.09379e-11
4.50098e-11
4.88852e-11
5.25733e-11
5.60832e-11
5.94235e-11
6.26022e-11
6.56274e-11
6.85062e-11
7.12459e-11
7.38532e-11
7.63345e-11
7.8696e-11
8.09433e-11
8.30822e-11
8.51178e-11
8.70551e-11
8.8899e-11
9.0654e-11
9.23244e-11
9.39143e-11
9.54276e-11
9.68681e-11
9.82391e-11
1.13287e-10
1.2972e-10
1.47632e-10
1.6711e-10
1.88228e-10
2.11043e-10
2.35584e-10
2.61838e-10
2.89735e-10
3.19135e-10
3.498e-10
3.81377e-10
4.1337e-10
4.45125e-10
4.75814e-10
5.04439e-10
5.29853e-10
5.5081e-10
5.66051e-10
5.74419e-10
5.74992e-10
5.67226e-10
5.51063e-10
5.26987e-10
4.95997e-10
4.59507e-10
4.19177e-10
3.76732e-10
3.33778e-10
2.91684e-10
2.51503e-10
2.13957e-10
1.7946e-10
1.48167e-10
1.20027e-10
9.48388e-11
7.22953e-11
5.20141e-11
3.35539e-11
1.64123e-11
1.77634e-33
7.30417e-15
4.93105e-12
9.62075e-12
1.40861e-11
1.83375e-11
2.23848e-11
2.62377e-11
2.99052e-11
3.33961e-11
3.67189e-11
3.98814e-11
4.28915e-11
4.57563e-11
4.84829e-11
5.1078e-11
5.35478e-11
5.58984e-11
5.81356e-11
6.02648e-11
6.22913e-11
6.42201e-11
6.60558e-11
6.78031e-11
6.94661e-11
7.10491e-11
7.25557e-11
7.39899e-11
7.53549e-11
7.66543e-11
7.78912e-11
7.90686e-11
8.01894e-11
9.24952e-11
1.05945e-10
1.20621e-10
1.36601e-10
1.53956e-10
1.72746e-10
1.9301e-10
2.14759e-10
2.37965e-10
2.62547e-10
2.88353e-10
3.15142e-10
3.42566e-10
3.70148e-10
3.97271e-10
4.23168e-10
4.4693e-10
4.67536e-10
4.83901e-10
4.94967e-10
4.99796e-10
4.977e-10
4.88348e-10
4.71841e-10
4.48746e-10
4.20043e-10
3.87023e-10
3.51139e-10
3.13845e-10
2.76465e-10
2.40089e-10
2.05535e-10
1.73339e-10
1.43781e-10
1.16932e-10
9.26934e-11
7.08454e-11
5.10754e-11
3.29977e-11
1.61556e-11
1.92388e-33
5.91653e-15
3.99504e-12
7.79461e-12
1.14125e-11
1.48572e-11
1.81367e-11
2.12588e-11
2.42308e-11
2.706e-11
2.97531e-11
3.23165e-11
3.47565e-11
3.70789e-11
3.92895e-11
4.13936e-11
4.33963e-11
4.53025e-11
4.71168e-11
4.88438e-11
5.04875e-11
5.20521e-11
5.35414e-11
5.4959e-11
5.63083e-11
5.75928e-11
5.88154e-11
5.99793e-11
6.10872e-11
6.21418e-11
6.31458e-11
6.41015e-11
6.50114e-11
7.50049e-11
8.59359e-11
9.78747e-11
1.1089e-10
1.25048e-10
1.40406e-10
1.57008e-10
1.74881e-10
1.94023e-10
2.14394e-10
2.35904e-10
2.58397e-10
2.81636e-10
3.05285e-10
3.28895e-10
3.51891e-10
3.73574e-10
3.9313e-10
4.09658e-10
4.22232e-10
4.29967e-10
4.32121e-10
4.28194e-10
4.18012e-10
4.01785e-10
3.80107e-10
3.53904e-10
3.24329e-10
2.92632e-10
2.60031e-10
2.27603e-10
1.96215e-10
1.66495e-10
1.38835e-10
1.13415e-10
9.02406e-11
6.91792e-11
4.99922e-11
3.2354e-11
1.58579e-11
2.07787e-33
4.76149e-15
3.2157e-12
6.2741e-12
9.18635e-12
1.19592e-11
1.45993e-11
1.71127e-11
1.95056e-11
2.17835e-11
2.39519e-11
2.60162e-11
2.79811e-11
2.98515e-11
3.1632e-11
3.33268e-11
3.49401e-11
3.64757e-11
3.79375e-11
3.93289e-11
4.06534e-11
4.19142e-11
4.31144e-11
4.42569e-11
4.53445e-11
4.63798e-11
4.73654e-11
4.83037e-11
4.91968e-11
5.00472e-11
5.08567e-11
5.16273e-11
5.2361e-11
6.04222e-11
6.92459e-11
7.88917e-11
8.94192e-11
1.00887e-10
1.13347e-10
1.26848e-10
1.4142e-10
1.57081e-10
1.73817e-10
1.91581e-10
2.10279e-10
2.29756e-10
2.49782e-10
2.70042e-10
2.90115e-10
3.09479e-10
3.27501e-10
3.43461e-10
3.56577e-10
3.66062e-10
3.71189e-10
3.71378e-10
3.66275e-10
3.55824e-10
3.40295e-10
3.20278e-10
2.96621e-10
2.70335e-10
2.42484e-10
2.14078e-10
1.85989e-10
1.58901e-10
1.33292e-10
1.0944e-10
8.74484e-11
6.72714e-11
4.87461e-11
3.1611e-11
1.55134e-11
2.23675e-33
3.80802e-15
2.57219e-12
5.01859e-12
7.34813e-12
9.56627e-12
1.16782e-11
1.3689e-11
1.56034e-11
1.74259e-11
1.91609e-11
2.08127e-11
2.23851e-11
2.3882e-11
2.5307e-11
2.66635e-11
2.79548e-11
2.91841e-11
3.03543e-11
3.14683e-11
3.25287e-11
3.35383e-11
3.44993e-11
3.54143e-11
3.62853e-11
3.71144e-11
3.79038e-11
3.86554e-11
3.93708e-11
4.0052e-11
4.07005e-11
4.13179e-11
4.19057e-11
4.83662e-11
5.54423e-11
6.31837e-11
7.16414e-11
8.08657e-11
9.0905e-11
1.01803e-10
1.13595e-10
1.26306e-10
1.39941e-10
1.54482e-10
1.69876e-10
1.86028e-10
2.02788e-10
2.19939e-10
2.37186e-10
2.54145e-10
2.70343e-10
2.85218e-10
2.98136e-10
3.08428e-10
3.15429e-10
3.18548e-10
3.17337e-10
3.11557e-10
3.01231e-10
2.86659e-10
2.68401e-10
2.47217e-10
2.23982e-10
1.99593e-10
1.74881e-10
1.50547e-10
1.27126e-10
1.04977e-10
8.42873e-11
6.50969e-11
4.73183e-11
3.07561e-11
1.51161e-11
2.39835e-33
3.02708e-15
2.04499e-12
3.99e-12
5.84213e-12
7.60575e-12
9.285e-12
1.08839e-11
1.24061e-11
1.38554e-11
1.52353e-11
1.65489e-11
1.77995e-11
1.89901e-11
2.01236e-11
2.12027e-11
2.223e-11
2.3208e-11
2.4139e-11
2.50254e-11
2.58693e-11
2.66726e-11
2.74375e-11
2.81656e-11
2.88588e-11
2.95188e-11
3.01471e-11
3.07454e-11
3.13149e-11
3.18572e-11
3.23735e-11
3.2865e-11
3.33331e-11
3.84783e-11
4.4117e-11
5.02903e-11
5.70408e-11
6.44115e-11
7.24446e-11
8.118e-11
9.0653e-11
1.00891e-10
1.11911e-10
1.23711e-10
1.36268e-10
1.49528e-10
1.63398e-10
1.77734e-10
1.92335e-10
2.06929e-10
2.2117e-10
2.34633e-10
2.46825e-10
2.57194e-10
2.65167e-10
2.70192e-10
2.71791e-10
2.69622e-10
2.6353e-10
2.53591e-10
2.4011e-10
2.23605e-10
2.04744e-10
1.84277e-10
1.62953e-10
1.41451e-10
1.20329e-10
1.00003e-10
8.07323e-11
6.26326e-11
4.56902e-11
2.97768e-11
1.46597e-11
2.55967e-33
2.39215e-15
1.61626e-12
3.15352e-12
4.6174e-12
6.01135e-12
7.33866e-12
8.60247e-12
9.80579e-12
1.09515e-11
1.20423e-11
1.30809e-11
1.40696e-11
1.5011e-11
1.59073e-11
1.67606e-11
1.75729e-11
1.83464e-11
1.90827e-11
1.97837e-11
2.04512e-11
2.10866e-11
2.16917e-11
2.22677e-11
2.28161e-11
2.33382e-11
2.38354e-11
2.43087e-11
2.47593e-11
2.51884e-11
2.5597e-11
2.5986e-11
2.63564e-11
3.04292e-11
3.48948e-11
3.97869e-11
4.51407e-11
5.09922e-11
5.73775e-11
6.43318e-11
7.18879e-11
8.00738e-11
8.89105e-11
9.84077e-11
1.0856e-10
1.19341e-10
1.30697e-10
1.42538e-10
1.54729e-10
1.67087e-10
1.79363e-10
1.91249e-10
2.02368e-10
2.12288e-10
2.20534e-10
2.26621e-10
2.30089e-10
2.30555e-10
2.2776e-10
2.21613e-10
2.12218e-10
1.99874e-10
1.85044e-10
1.68311e-10
1.5031e-10
1.31661e-10
1.12914e-10
9.45108e-11
7.67657e-11
5.98591e-11
4.38448e-11
2.8661e-11
1.41378e-11
2.71681e-33
1.87947e-15
1.27001e-12
2.47795e-12
3.62826e-12
4.72363e-12
5.76667e-12
6.75984e-12
7.70551e-12
8.60593e-12
9.46325e-12
1.02795e-11
1.10567e-11
1.17967e-11
1.25012e-11
1.3172e-11
1.38106e-11
1.44187e-11
1.49976e-11
1.55489e-11
1.60737e-11
1.65733e-11
1.70491e-11
1.75021e-11
1.79334e-11
1.8344e-11
1.8735e-11
1.91073e-11
1.94618e-11
1.97993e-11
2.01207e-11
2.04267e-11
2.0718e-11
2.39226e-11
2.74379e-11
3.1291e-11
3.55108e-11
4.01268e-11
4.51695e-11
5.0669e-11
5.66545e-11
6.31526e-11
7.01853e-11
7.77681e-11
8.59062e-11
9.45908e-11
1.03794e-10
1.13463e-10
1.23513e-10
1.33821e-10
1.44219e-10
1.54485e-10
1.64343e-10
1.73465e-10
1.81472e-10
1.87961e-10
1.92519e-10
1.94769e-10
1.94404e-10
1.91228e-10
1.85197e-10
1.76428e-10
1.652e-10
1.51925e-10
1.37102e-10
1.21263e-10
1.04918e-10
8.85099e-11
7.23814e-11
5.67632e-11
4.17686e-11
2.7398e-11
1.35447e-11
2.86486e-33
1.46815e-15
9.92169e-13
1.93585e-12
2.83452e-12
3.6903e-12
4.5052e-12
5.28117e-12
6.02004e-12
6.72358e-12
7.39347e-12
8.03132e-12
8.63864e-12
9.2169e-12
9.76749e-12
1.02917e-11
1.07909e-11
1.12661e-11
1.17186e-11
1.21495e-11
1.25597e-11
1.29504e-11
1.33223e-11
1.36764e-11
1.40136e-11
1.43346e-11
1.46403e-11
1.49314e-11
1.52086e-11
1.54725e-11
1.57238e-11
1.59631e-11
1.6191e-11
1.86975e-11
2.1448e-11
2.44644e-11
2.77698e-11
3.13884e-11
3.53452e-11
3.96657e-11
4.43749e-11
4.94967e-11
5.50525e-11
6.10596e-11
6.75289e-11
7.4462e-11
8.18478e-11
8.96583e-11
9.7843e-11
1.06324e-10
1.14988e-10
1.23684e-10
1.32214e-10
1.40337e-10
1.47763e-10
1.54169e-10
1.59207e-10
1.62533e-10
1.63835e-10
1.62868e-10
1.59488e-10
1.53678e-10
1.4556e-10
1.35387e-10
1.2352e-10
1.10381e-10
9.6414e-11
8.20327e-11
6.75878e-11
5.3341e-11
3.94529e-11
2.59796e-11
1.28758e-11
2.9978e-33
1.14012e-15
7.70556e-13
1.50346e-12
2.20142e-12
2.86607e-12
3.49899e-12
4.10168e-12
4.67558e-12
5.22205e-12
5.7424e-12
6.23787e-12
6.70965e-12
7.15887e-12
7.58661e-12
7.99389e-12
8.38169e-12
8.75094e-12
9.10254e-12
9.43732e-12
9.75609e-12
1.00596e-11
1.03486e-11
1.06238e-11
1.08859e-11
1.11354e-11
1.1373e-11
1.15992e-11
1.18146e-11
1.20198e-11
1.22151e-11
1.24011e-11
1.25782e-11
1.45268e-11
1.66659e-11
1.90128e-11
2.15858e-11
2.44046e-11
2.74894e-11
3.08612e-11
3.4541e-11
3.85497e-11
4.29065e-11
4.76286e-11
5.27293e-11
5.82158e-11
6.40872e-11
7.03312e-11
7.692e-11
8.38063e-11
9.09185e-11
9.81551e-11
1.0538e-10
1.1242e-10
1.19062e-10
1.25055e-10
1.30122e-10
1.33966e-10
1.36301e-10
1.36867e-10
1.35471e-10
1.32006e-10
1.26474e-10
1.18994e-10
1.09792e-10
9.9176e-11
8.75033e-11
7.51375e-11
6.24123e-11
4.9601e-11
3.68966e-11
2.44019e-11
1.21279e-11
3.10855e-33
8.79975e-16
5.94781e-13
1.16051e-12
1.69926e-12
2.21231e-12
2.70087e-12
3.16611e-12
3.60914e-12
4.031e-12
4.43271e-12
4.81523e-12
5.17946e-12
5.52629e-12
5.85654e-12
6.171e-12
6.47044e-12
6.75556e-12
7.02705e-12
7.28557e-12
7.53174e-12
7.76614e-12
7.98933e-12
8.20187e-12
8.40425e-12
8.59696e-12
8.78046e-12
8.9552e-12
9.12159e-12
9.28003e-12
9.43091e-12
9.57459e-12
9.7114e-12
1.12169e-11
1.28699e-11
1.46842e-11
1.66743e-11
1.88557e-11
2.12447e-11
2.38583e-11
2.67138e-11
2.98287e-11
3.32199e-11
3.69031e-11
4.08918e-11
4.51958e-11
4.98198e-11
5.47608e-11
6.00058e-11
6.55283e-11
7.12844e-11
7.72089e-11
8.32111e-11
8.91704e-11
9.49341e-11
1.00317e-10
1.05102e-10
1.09051e-10
1.11914e-10
1.1345e-10
1.13447e-10
1.11749e-10
1.08278e-10
1.03048e-10
9.61693e-11
8.78393e-11
7.83208e-11
6.79101e-11
5.69037e-11
4.55668e-11
3.41084e-11
2.26662e-11
1.13005e-11
3.18907e-33
6.74744e-16
4.56094e-13
8.89907e-13
1.30304e-12
1.69647e-12
2.07113e-12
2.42791e-12
2.76766e-12
3.09119e-12
3.39927e-12
3.69263e-12
3.97199e-12
4.238e-12
4.4913e-12
4.7325e-12
4.96217e-12
5.18088e-12
5.38914e-12
5.58745e-12
5.77628e-12
5.9561e-12
6.12733e-12
6.29037e-12
6.44564e-12
6.59349e-12
6.73427e-12
6.86834e-12
6.99601e-12
7.11758e-12
7.23335e-12
7.34359e-12
7.44857e-12
8.60388e-12
9.87279e-12
1.12659e-11
1.27946e-11
1.4471e-11
1.63082e-11
1.83195e-11
2.05192e-11
2.29215e-11
2.55406e-11
2.83904e-11
3.14833e-11
3.48298e-11
3.8437e-11
4.23074e-11
4.64368e-11
5.08119e-11
5.54075e-11
6.01836e-11
6.50813e-11
7.00198e-11
7.48929e-11
7.9567e-11
8.38808e-11
8.76486e-11
9.0666e-11
9.2722e-11
9.36147e-11
9.31702e-11
9.12637e-11
8.7837e-11
8.29103e-11
7.65838e-11
6.90277e-11
6.04629e-11
5.11336e-11
4.12795e-11
3.1109e-11
2.07813e-11
1.03964e-11
3.2307e-33
5.13622e-16
3.47202e-13
6.77446e-13
9.91949e-13
1.29146e-12
1.57668e-12
1.84829e-12
2.10694e-12
2.35325e-12
2.5878e-12
2.81116e-12
3.02384e-12
3.22638e-12
3.41924e-12
3.6029e-12
3.77778e-12
3.94431e-12
4.10289e-12
4.2539e-12
4.3977e-12
4.53463e-12
4.66503e-12
4.7892e-12
4.90744e-12
5.02004e-12
5.12726e-12
5.22937e-12
5.3266e-12
5.41919e-12
5.50737e-12
5.59133e-12
5.67129e-12
6.55135e-12
7.51814e-12
8.57984e-12
9.74527e-12
1.10239e-11
1.24258e-11
1.39617e-11
1.56427e-11
1.74803e-11
1.94864e-11
2.16724e-11
2.40493e-11
2.66271e-11
2.94135e-11
3.24137e-11
3.56284e-11
3.90523e-11
4.26725e-11
4.64654e-11
5.03944e-11
5.4407e-11
5.84315e-11
6.23747e-11
6.61202e-11
6.95286e-11
7.24403e-11
7.46812e-11
7.60732e-11
7.64474e-11
7.56607e-11
7.36131e-11
7.02614e-11
6.56284e-11
5.98031e-11
5.29306e-11
4.51956e-11
3.67984e-11
2.79326e-11
1.87645e-11
9.4223e-12
3.22464e-33
3.87705e-16
2.62096e-13
5.11392e-13
7.48806e-13
9.74902e-13
1.19022e-12
1.39526e-12
1.59053e-12
1.77647e-12
1.95354e-12
2.12217e-12
2.28274e-12
2.43565e-12
2.58127e-12
2.71993e-12
2.85197e-12
2.97771e-12
3.09745e-12
3.21147e-12
3.32005e-12
3.42345e-12
3.52191e-12
3.61568e-12
3.70497e-12
3.78999e-12
3.87097e-12
3.94807e-12
4.0215e-12
4.09143e-12
4.15802e-12
4.22143e-12
4.28182e-12
4.94653e-12
5.67687e-12
6.47909e-12
7.35995e-12
8.32669e-12
9.38713e-12
1.05495e-11
1.18227e-11
1.32156e-11
1.47378e-11
1.63986e-11
1.82074e-11
2.01728e-11
2.23024e-11
2.46021e-11
2.70751e-11
2.97208e-11
3.25335e-11
3.55004e-11
3.85998e-11
4.17987e-11
4.505e-11
4.82908e-11
5.14394e-11
5.43948e-11
5.70368e-11
5.92288e-11
6.08229e-11
6.16688e-11
6.16255e-11
6.05755e-11
5.84383e-11
5.51822e-11
5.08309e-11
4.54625e-11
3.92008e-11
3.22002e-11
2.46271e-11
1.66423e-11
8.38965e-12
3.16257e-33
2.89709e-16
1.95857e-13
3.82148e-13
5.59562e-13
7.2852e-13
8.89422e-13
1.04265e-12
1.18857e-12
1.32753e-12
1.45987e-12
1.58588e-12
1.70589e-12
1.82017e-12
1.92899e-12
2.03263e-12
2.13132e-12
2.22529e-12
2.31479e-12
2.40001e-12
2.48117e-12
2.55846e-12
2.63205e-12
2.70214e-12
2.76888e-12
2.83244e-12
2.89297e-12
2.95061e-12
3.0055e-12
3.05777e-12
3.10755e-12
3.15495e-12
3.2001e-12
3.69704e-12
4.24314e-12
4.8431e-12
5.50202e-12
6.22542e-12
7.01921e-12
7.88974e-12
8.84372e-12
9.88825e-12
1.10307e-11
1.22785e-11
1.36393e-11
1.51203e-11
1.67283e-11
1.8469e-11
2.03465e-11
2.23626e-11
2.45157e-11
2.67998e-11
2.92025e-11
3.1704e-11
3.42744e-11
3.68722e-11
3.94419e-11
4.19124e-11
4.41965e-11
4.6191e-11
4.7779e-11
4.88355e-11
4.92341e-11
4.88577e-11
4.76099e-11
4.54265e-11
4.22854e-11
3.82104e-11
3.3271e-11
2.75741e-11
2.12522e-11
1.44498e-11
7.31436e-12
3.0374e-33
2.13711e-16
1.44483e-13
2.81911e-13
4.1279e-13
5.37431e-13
6.56131e-13
7.69172e-13
8.76822e-13
9.79338e-13
1.07697e-12
1.16994e-12
1.25847e-12
1.34278e-12
1.42307e-12
1.49953e-12
1.57235e-12
1.64168e-12
1.70771e-12
1.7706e-12
1.83048e-12
1.8875e-12
1.94181e-12
1.99352e-12
2.04277e-12
2.08967e-12
2.13433e-12
2.17686e-12
2.21737e-12
2.25594e-12
2.29267e-12
2.32765e-12
2.36097e-12
2.7277e-12
3.13077e-12
3.57365e-12
4.06016e-12
4.5944e-12
5.18082e-12
5.82417e-12
6.52954e-12
7.30231e-12
8.14811e-12
9.0728e-12
1.00823e-11
1.11825e-11
1.23789e-11
1.36768e-11
1.50802e-11
1.65918e-11
1.82122e-11
1.99392e-11
2.17665e-11
2.36824e-11
2.56687e-11
2.76988e-11
2.9736e-11
3.17317e-11
3.36246e-11
3.53394e-11
3.6788e-11
3.78715e-11
3.84844e-11
3.85214e-11
3.7886e-11
3.65004e-11
3.43148e-11
3.13153e-11
2.75275e-11
2.30155e-11
1.78757e-11
1.22293e-11
6.21616e-12
2.84396e-33
1.54905e-16
1.04729e-13
2.04344e-13
2.99213e-13
3.89561e-13
4.75603e-13
5.57543e-13
6.35576e-13
7.09889e-13
7.80658e-13
8.48052e-13
9.12232e-13
9.73351e-13
1.03155e-12
1.08698e-12
1.13977e-12
1.19003e-12
1.2379e-12
1.28349e-12
1.3269e-12
1.36824e-12
1.40761e-12
1.44511e-12
1.48081e-12
1.51481e-12
1.54719e-12
1.57803e-12
1.6074e-12
1.63536e-12
1.66199e-12
1.68736e-12
1.71151e-12
1.97743e-12
2.26971e-12
2.59091e-12
2.94381e-12
3.33142e-12
3.75698e-12
4.22401e-12
4.73626e-12
5.29773e-12
5.91264e-12
6.58538e-12
7.32048e-12
8.12251e-12
8.99593e-12
9.94494e-12
1.09732e-11
1.20836e-11
1.32776e-11
1.4555e-11
1.59128e-11
1.73448e-11
1.88401e-11
2.03823e-11
2.19476e-11
2.3504e-11
2.50094e-11
2.6411e-11
2.76449e-11
2.86364e-11
2.93027e-11
2.95561e-11
2.93104e-11
2.84875e-11
2.70268e-11
2.4892e-11
2.20783e-11
1.86152e-11
1.4566e-11
1.00252e-11
5.11676e-12
2.57918e-33
1.09377e-16
7.39496e-14
1.44288e-13
2.11275e-13
2.75071e-13
3.35826e-13
3.93685e-13
4.48786e-13
5.0126e-13
5.51232e-13
5.98821e-13
6.44142e-13
6.87301e-13
7.28402e-13
7.67543e-13
8.04817e-13
8.40314e-13
8.74119e-13
9.06311e-13
9.36968e-13
9.66163e-13
9.93967e-13
1.02044e-12
1.04566e-12
1.06967e-12
1.09254e-12
1.11432e-12
1.13506e-12
1.15481e-12
1.17362e-12
1.19153e-12
1.20859e-12
1.3964e-12
1.60285e-12
1.82975e-12
2.07908e-12
2.35297e-12
2.65374e-12
2.98391e-12
3.34616e-12
3.74337e-12
4.17859e-12
4.65503e-12
5.17601e-12
5.74493e-12
6.36518e-12
7.04e-12
7.7724e-12
8.56488e-12
9.41916e-12
1.03358e-11
1.1314e-11
1.23503e-11
1.34386e-11
1.45692e-11
1.57271e-11
1.68917e-11
1.80354e-11
1.91223e-11
2.01078e-11
2.09385e-11
2.15527e-11
2.18823e-11
2.18568e-11
2.14075e-11
2.04746e-11
1.90136e-11
1.70024e-11
1.44467e-11
1.13827e-11
7.87873e-12
4.03682e-12
2.24148e-33
7.38823e-17
4.99527e-14
9.74661e-14
1.42716e-13
1.8581e-13
2.2685e-13
2.65934e-13
3.03156e-13
3.38603e-13
3.7236e-13
4.04507e-13
4.35122e-13
4.64278e-13
4.92043e-13
5.18484e-13
5.43665e-13
5.67645e-13
5.90481e-13
6.12229e-13
6.3294e-13
6.52664e-13
6.71447e-13
6.89334e-13
7.06369e-13
7.22592e-13
7.38041e-13
7.52754e-13
7.66766e-13
7.80109e-13
7.92817e-13
8.04919e-13
8.16444e-13
9.43334e-13
1.08283e-12
1.23615e-12
1.40465e-12
1.58977e-12
1.79309e-12
2.01632e-12
2.26131e-12
2.53002e-12
2.82456e-12
3.14714e-12
3.50008e-12
3.88576e-12
4.30659e-12
4.76494e-12
5.26303e-12
5.80282e-12
6.38584e-12
7.01293e-12
7.68399e-12
8.39753e-12
9.15026e-12
9.93646e-12
1.07473e-11
1.15701e-11
1.23872e-11
1.31758e-11
1.39062e-11
1.45424e-11
1.50412e-11
1.5354e-11
1.54277e-11
1.52083e-11
1.46452e-11
1.36963e-11
1.23341e-11
1.0551e-11
8.36399e-12
5.81844e-12
2.99152e-12
1.82849e-33
4.56241e-17
3.08474e-14
6.01885e-14
8.81319e-14
1.14744e-13
1.40088e-13
1.64224e-13
1.87209e-13
2.09099e-13
2.29946e-13
2.49799e-13
2.68705e-13
2.8671e-13
3.03857e-13
3.20186e-13
3.35737e-13
3.50546e-13
3.64649e-13
3.7808e-13
3.90871e-13
4.03051e-13
4.14652e-13
4.25699e-13
4.36219e-13
4.46238e-13
4.5578e-13
4.64866e-13
4.7352e-13
4.81761e-13
4.89609e-13
4.97083e-13
5.04201e-13
5.82572e-13
6.6873e-13
7.63437e-13
8.67522e-13
9.81887e-13
1.10751e-12
1.24546e-12
1.39688e-12
1.563e-12
1.74513e-12
1.94468e-12
2.16309e-12
2.40188e-12
2.66261e-12
2.94679e-12
3.25591e-12
3.59129e-12
3.95404e-12
4.34489e-12
4.76402e-12
5.21087e-12
5.68378e-12
6.17971e-12
6.69376e-12
7.21868e-12
7.74433e-12
8.25703e-12
8.73907e-12
9.1682e-12
9.51748e-12
9.75553e-12
9.84731e-12
9.75588e-12
9.44489e-12
8.88211e-12
8.04357e-12
6.918e-12
5.51112e-12
3.84953e-12
1.98483e-12
1.3323e-33
2.19669e-17
1.48523e-14
2.89795e-14
4.24336e-14
5.52467e-14
6.74493e-14
7.90704e-14
9.01376e-14
1.00677e-13
1.10715e-13
1.20273e-13
1.29377e-13
1.38046e-13
1.46302e-13
1.54164e-13
1.61652e-13
1.68782e-13
1.75573e-13
1.8204e-13
1.88199e-13
1.94064e-13
1.99649e-13
2.04969e-13
2.10034e-13
2.14858e-13
2.19453e-13
2.23828e-13
2.27995e-13
2.31963e-13
2.35742e-13
2.39341e-13
2.42768e-13
2.80505e-13
3.21994e-13
3.67601e-13
4.17726e-13
4.72805e-13
5.33311e-13
5.9976e-13
6.72704e-13
7.52742e-13
8.40512e-13
9.3669e-13
1.04199e-12
1.15716e-12
1.28295e-12
1.42013e-12
1.56943e-12
1.73154e-12
1.90703e-12
2.09632e-12
2.29958e-12
2.51664e-12
2.74684e-12
2.98885e-12
3.2405e-12
3.4985e-12
3.75817e-12
4.01315e-12
4.25506e-12
4.47329e-12
4.65477e-12
4.78405e-12
4.84358e-12
4.81443e-12
4.67748e-12
4.41509e-12
4.01331e-12
3.46433e-12
2.76905e-12
1.9396e-12
1.00201e-12
7.30701e-34
6.5057e-42
8.56548e-41
2.8172e-40
5.66037e-40
9.09505e-40
1.28888e-39
1.68577e-39
2.08585e-39
2.47809e-39
2.85422e-39
3.20817e-39
3.53574e-39
3.83415e-39
4.10181e-39
4.33807e-39
4.543e-39
4.71722e-39
4.86179e-39
4.97806e-39
5.06762e-39
5.13218e-39
5.17355e-39
5.19357e-39
5.19408e-39
5.17689e-39
5.14376e-39
5.09636e-39
5.03631e-39
4.96513e-39
4.88423e-39
4.79496e-39
3.17562e-38
7.52649e-38
1.09045e-37
1.56291e-37
2.21972e-37
3.12809e-37
4.37868e-37
6.09358e-37
8.43686e-37
1.16286e-36
1.59636e-36
2.18357e-36
2.977e-36
4.04656e-36
5.48503e-36
7.41523e-36
9.99927e-36
1.34503e-35
1.80472e-35
2.41535e-35
3.22392e-35
4.29081e-35
5.69281e-35
7.52642e-35
9.91105e-35
1.29916e-34
1.69393e-34
2.19492e-34
2.82322e-34
3.59971e-34
4.54196e-34
5.65919e-34
6.94455e-34
8.36451e-34
9.84476e-34
1.12532e-33
1.23811e-33
1.29254e-33
1.24764e-33
1.05194e-33
6.46561e-34
2.53446e-34
