-1.35737e-40
-1.78713e-39
-5.8779e-39
-1.181e-38
-1.89762e-38
-2.68915e-38
-3.51724e-38
-4.35197e-38
-5.17034e-38
-5.95508e-38
-6.69357e-38
-7.37699e-38
-7.99958e-38
-8.55802e-38
-9.05094e-38
-9.47848e-38
-9.84196e-38
-1.01436e-37
-1.03861e-37
-1.0573e-37
-1.07076e-37
-1.07939e-37
-1.08357e-37
-1.08367e-37
-1.08009e-37
-1.07317e-37
-1.06328e-37
-1.05075e-37
-1.0359e-37
-1.01902e-37
-1.00039e-37
-6.62539e-37
-1.57025e-36
-2.27496e-36
-3.26054e-36
-4.63065e-36
-6.52538e-36
-9.13373e-36
-1.27102e-35
-1.75965e-35
-2.42513e-35
-3.3288e-35
-4.55263e-35
-6.20584e-35
-8.43367e-35
-1.14288e-34
-1.54458e-34
-2.08205e-34
-2.79933e-34
-3.75398e-34
-5.02075e-34
-6.69608e-34
-8.90329e-34
-1.17985e-33
-1.55767e-33
-2.04773e-33
-2.67883e-33
-3.48452e-33
-4.50245e-33
-5.77227e-33
-7.33177e-33
-9.21029e-33
-1.14184e-32
-1.3933e-32
-1.66773e-32
-1.9496e-32
-2.21258e-32
-2.41649e-32
-2.50455e-32
-2.40147e-32
-2.01353e-32
-1.23292e-32
-2.19286e-33
2.84836e-17
1.92583e-14
3.75762e-14
5.50214e-14
7.16355e-14
8.74578e-14
1.02526e-13
1.16876e-13
1.30542e-13
1.43557e-13
1.55951e-13
1.67754e-13
1.78995e-13
1.897e-13
1.99894e-13
2.09602e-13
2.18848e-13
2.27652e-13
2.36037e-13
2.44022e-13
2.51627e-13
2.58869e-13
2.65765e-13
2.72333e-13
2.78588e-13
2.84545e-13
2.90217e-13
2.9562e-13
3.00765e-13
3.05664e-13
3.1033e-13
3.14774e-13
3.637e-13
4.17487e-13
4.7661e-13
5.41586e-13
6.12978e-13
6.91398e-13
7.77507e-13
8.72021e-13
9.75705e-13
1.08938e-12
1.21391e-12
1.3502e-12
1.4992e-12
1.66185e-12
1.83911e-12
2.03188e-12
2.24097e-12
2.46705e-12
2.71055e-12
2.97154e-12
3.24961e-12
3.54367e-12
3.85174e-12
4.17067e-12
4.49581e-12
4.82071e-12
5.13669e-12
5.43254e-12
5.69429e-12
5.90505e-12
6.0453e-12
6.09342e-12
6.02687e-12
5.82382e-12
5.46544e-12
4.93841e-12
4.23757e-12
3.36826e-12
2.34812e-12
1.20898e-12
-1.31445e-32
5.95522e-17
4.02639e-14
7.85618e-14
1.15035e-13
1.49771e-13
1.82851e-13
2.14354e-13
2.44356e-13
2.72928e-13
3.00137e-13
3.2605e-13
3.50727e-13
3.74227e-13
3.96607e-13
4.1792e-13
4.38216e-13
4.57545e-13
4.75952e-13
4.93482e-13
5.10176e-13
5.26074e-13
5.41214e-13
5.55632e-13
5.69362e-13
5.82438e-13
5.94891e-13
6.0675e-13
6.18044e-13
6.288e-13
6.39043e-13
6.48797e-13
6.58087e-13
7.60365e-13
8.72803e-13
9.96388e-13
1.1322e-12
1.28141e-12
1.44529e-12
1.62522e-12
1.82269e-12
2.03927e-12
2.27667e-12
2.53667e-12
2.82113e-12
3.13197e-12
3.47114e-12
3.84053e-12
4.24194e-12
4.67693e-12
5.14672e-12
5.65199e-12
6.19262e-12
6.7674e-12
7.37364e-12
8.00669e-12
8.65937e-12
9.32135e-12
9.97842e-12
1.06119e-11
1.11978e-11
1.17069e-11
1.21043e-11
1.23506e-11
1.24031e-11
1.22185e-11
1.17566e-11
1.09843e-11
9.88107e-12
8.44261e-12
6.68466e-12
4.64517e-12
2.38637e-12
-2.39043e-32
9.74298e-17
6.58724e-14
1.28528e-13
1.88199e-13
2.45026e-13
2.99145e-13
3.50685e-13
3.99767e-13
4.4651e-13
4.91024e-13
5.33415e-13
5.73785e-13
6.1223e-13
6.48842e-13
6.83708e-13
7.16911e-13
7.48531e-13
7.78643e-13
8.07319e-13
8.34628e-13
8.60634e-13
8.85401e-13
9.08986e-13
9.31447e-13
9.52837e-13
9.73208e-13
9.92607e-13
1.01108e-12
1.02867e-12
1.04543e-12
1.06139e-12
1.07658e-12
1.24388e-12
1.42778e-12
1.6299e-12
1.852e-12
2.09598e-12
2.3639e-12
2.65801e-12
2.9807e-12
3.33454e-12
3.72224e-12
4.14666e-12
4.61077e-12
5.11759e-12
5.67013e-12
6.27132e-12
6.92382e-12
7.62985e-12
8.39097e-12
9.20773e-12
1.00792e-11
1.10026e-11
1.19725e-11
1.29799e-11
1.40118e-11
1.50497e-11
1.60687e-11
1.7037e-11
1.79147e-11
1.86539e-11
1.91993e-11
1.94902e-11
1.94632e-11
1.90572e-11
1.82192e-11
1.69101e-11
1.51117e-11
1.28308e-11
1.01017e-11
6.98701e-12
3.57798e-12
-3.26769e-32
1.46213e-16
9.88522e-14
1.92877e-13
2.82422e-13
3.677e-13
4.48913e-13
5.26255e-13
5.99909e-13
6.70052e-13
7.36849e-13
8.00461e-13
8.61039e-13
9.18729e-13
9.73666e-13
1.02598e-12
1.07581e-12
1.12325e-12
1.16843e-12
1.21146e-12
1.25244e-12
1.29146e-12
1.32862e-12
1.36401e-12
1.39771e-12
1.4298e-12
1.46037e-12
1.48947e-12
1.51719e-12
1.54359e-12
1.56873e-12
1.59267e-12
1.61547e-12
1.86646e-12
2.14234e-12
2.44552e-12
2.77861e-12
3.14446e-12
3.54614e-12
3.98695e-12
4.47045e-12
5.00041e-12
5.58079e-12
6.21576e-12
6.90959e-12
7.66658e-12
8.49094e-12
9.38663e-12
1.03571e-11
1.14051e-11
1.25319e-11
1.37374e-11
1.50187e-11
1.63699e-11
1.77807e-11
1.92355e-11
2.07119e-11
2.21793e-11
2.35981e-11
2.49182e-11
2.60789e-11
2.70096e-11
2.7632e-11
2.78631e-11
2.76215e-11
2.68341e-11
2.54443e-11
2.34195e-11
2.07571e-11
1.74873e-11
1.36724e-11
9.40337e-12
4.79677e-12
-3.98561e-32
2.10604e-16
1.42383e-13
2.77812e-13
4.06788e-13
5.29617e-13
6.46591e-13
7.57988e-13
8.64072e-13
9.65098e-13
1.0613e-12
1.15292e-12
1.24017e-12
1.32326e-12
1.40238e-12
1.47773e-12
1.54948e-12
1.61781e-12
1.68288e-12
1.74484e-12
1.80385e-12
1.86005e-12
1.91356e-12
1.96453e-12
2.01306e-12
2.05927e-12
2.10328e-12
2.1452e-12
2.18511e-12
2.22312e-12
2.25932e-12
2.29379e-12
2.32662e-12
2.68802e-12
3.0852e-12
3.52163e-12
4.00103e-12
4.52747e-12
5.1053e-12
5.73921e-12
6.43421e-12
7.19558e-12
8.02888e-12
8.93982e-12
9.93423e-12
1.10179e-11
1.21962e-11
1.34742e-11
1.48559e-11
1.63437e-11
1.79383e-11
1.96372e-11
2.14338e-11
2.33167e-11
2.52674e-11
2.72594e-11
2.92561e-11
3.12093e-11
3.30581e-11
3.47281e-11
3.61323e-11
3.71734e-11
3.77481e-11
3.77538e-11
3.70973e-11
3.57044e-11
3.35295e-11
3.05626e-11
2.6833e-11
2.24073e-11
1.73832e-11
1.18805e-11
6.03456e-12
-4.55928e-32
2.96499e-16
2.00446e-13
3.91102e-13
5.72673e-13
7.45588e-13
9.1026e-13
1.06708e-12
1.21642e-12
1.35863e-12
1.49406e-12
1.62303e-12
1.74585e-12
1.8628e-12
1.97418e-12
2.08023e-12
2.18123e-12
2.27741e-12
2.369e-12
2.45622e-12
2.53927e-12
2.61836e-12
2.69368e-12
2.76541e-12
2.83371e-12
2.89876e-12
2.9607e-12
3.01968e-12
3.07586e-12
3.12935e-12
3.18029e-12
3.22881e-12
3.275e-12
3.78355e-12
4.34239e-12
4.95633e-12
5.63057e-12
6.37075e-12
7.18291e-12
8.07351e-12
9.04941e-12
1.01178e-11
1.12861e-11
1.25621e-11
1.39532e-11
1.54668e-11
1.71097e-11
1.88873e-11
2.08038e-11
2.28605e-11
2.50553e-11
2.73814e-11
2.98255e-11
3.23664e-11
3.49727e-11
3.76007e-11
4.01925e-11
4.26746e-11
4.49569e-11
4.69337e-11
4.84864e-11
4.94886e-11
4.98145e-11
4.93491e-11
4.80003e-11
4.57101e-11
4.24636e-11
3.82932e-11
3.32761e-11
2.75256e-11
2.11782e-11
1.4379e-11
7.27127e-12
-4.99487e-32
4.11543e-16
2.78207e-13
5.42826e-13
7.94834e-13
1.03483e-12
1.26337e-12
1.48102e-12
1.68828e-12
1.88566e-12
2.07361e-12
2.25259e-12
2.42303e-12
2.58533e-12
2.73989e-12
2.88707e-12
3.02722e-12
3.16068e-12
3.28777e-12
3.40879e-12
3.52404e-12
3.63378e-12
3.73829e-12
3.83781e-12
3.93258e-12
4.02282e-12
4.10876e-12
4.1906e-12
4.26853e-12
4.34275e-12
4.41342e-12
4.48073e-12
4.54482e-12
5.25028e-12
6.02535e-12
6.87666e-12
7.81133e-12
8.83704e-12
9.96201e-12
1.1195e-11
1.25451e-11
1.4022e-11
1.56353e-11
1.73951e-11
1.93107e-11
2.1391e-11
2.36437e-11
2.60742e-11
2.86853e-11
3.14752e-11
3.44367e-11
3.75546e-11
4.08041e-11
4.4148e-11
4.75343e-11
5.08936e-11
5.41372e-11
5.71565e-11
5.98234e-11
6.19942e-11
6.35155e-11
6.42347e-11
6.40119e-11
6.27351e-11
6.03342e-11
5.67912e-11
5.21458e-11
4.64923e-11
3.99689e-11
3.27407e-11
2.49802e-11
1.6848e-11
8.48216e-12
-5.29788e-32
5.6633e-16
3.82823e-13
7.46946e-13
1.09371e-12
1.42394e-12
1.73842e-12
2.0379e-12
2.32308e-12
2.59464e-12
2.85324e-12
3.0995e-12
3.33399e-12
3.55729e-12
3.76992e-12
3.9724e-12
4.1652e-12
4.3488e-12
4.52363e-12
4.69011e-12
4.84864e-12
4.99959e-12
5.14334e-12
5.28023e-12
5.41058e-12
5.5347e-12
5.65291e-12
5.76546e-12
5.87265e-12
5.97472e-12
6.07192e-12
6.16448e-12
6.25262e-12
7.22269e-12
8.28826e-12
9.4583e-12
1.07425e-11
1.21511e-11
1.36952e-11
1.53863e-11
1.72366e-11
1.92585e-11
2.14645e-11
2.38667e-11
2.64766e-11
2.93041e-11
3.23568e-11
3.56387e-11
3.91487e-11
4.28787e-11
4.68112e-11
5.09171e-11
5.5152e-11
5.94536e-11
6.37384e-11
6.78996e-11
7.18057e-11
7.53021e-11
7.82146e-11
8.03579e-11
8.15471e-11
8.16137e-11
8.04229e-11
7.78911e-11
7.39989e-11
6.87971e-11
6.24039e-11
5.4991e-11
4.67637e-11
3.7936e-11
2.87059e-11
1.92361e-11
9.64307e-12
-5.47673e-32
7.72654e-16
5.22257e-13
1.019e-12
1.49206e-12
1.94256e-12
2.37156e-12
2.78008e-12
3.1691e-12
3.53954e-12
3.89229e-12
4.22818e-12
4.54802e-12
4.85259e-12
5.1426e-12
5.41875e-12
5.6817e-12
5.93209e-12
6.17051e-12
6.39754e-12
6.61373e-12
6.81958e-12
7.0156e-12
7.20225e-12
7.37999e-12
7.54924e-12
7.7104e-12
7.86387e-12
8.01e-12
8.14916e-12
8.28168e-12
8.40787e-12
8.52803e-12
9.85037e-12
1.13025e-11
1.28965e-11
1.46452e-11
1.65624e-11
1.86626e-11
2.0961e-11
2.34732e-11
2.6215e-11
2.92018e-11
3.24483e-11
3.59673e-11
3.97689e-11
4.3859e-11
4.82371e-11
5.28947e-11
5.78119e-11
6.29541e-11
6.8269e-11
7.36817e-11
7.90921e-11
8.43709e-11
8.93591e-11
9.38689e-11
9.76887e-11
1.00593e-10
1.02357e-10
1.02777e-10
1.01689e-10
9.8994e-11
9.46728e-11
8.87921e-11
8.15012e-11
7.30161e-11
6.3594e-11
5.35039e-11
4.29961e-11
3.22785e-11
2.14981e-11
1.07337e-11
-5.54353e-32
1.02067e-15
6.89855e-13
1.34601e-12
1.97087e-12
2.56592e-12
3.13257e-12
3.67217e-12
4.18599e-12
4.67526e-12
5.14115e-12
5.58478e-12
6.0072e-12
6.40943e-12
6.79243e-12
7.15711e-12
7.50437e-12
7.83502e-12
8.14986e-12
8.44965e-12
8.73511e-12
9.00692e-12
9.26574e-12
9.5122e-12
9.74687e-12
9.97033e-12
1.01831e-11
1.03857e-11
1.05787e-11
1.07624e-11
1.09373e-11
1.11039e-11
1.12625e-11
1.3008e-11
1.49244e-11
1.70274e-11
1.93336e-11
2.1861e-11
2.46281e-11
2.76541e-11
3.09588e-11
3.45616e-11
3.84811e-11
4.27344e-11
4.73355e-11
5.22936e-11
5.76113e-11
6.32818e-11
6.92856e-11
7.55863e-11
8.21266e-11
8.88232e-11
9.55617e-11
1.02193e-10
1.08531e-10
1.14351e-10
1.19399e-10
1.23396e-10
1.26062e-10
1.27136e-10
1.26403e-10
1.23728e-10
1.19073e-10
1.12515e-10
1.04238e-10
9.45153e-11
8.36782e-11
7.20736e-11
6.00275e-11
4.78135e-11
3.56318e-11
2.35976e-11
1.17384e-11
-3.03025e-32
1.04046e-15
7.03231e-13
1.3721e-12
2.00908e-12
2.61567e-12
3.19331e-12
3.74336e-12
4.26714e-12
4.7659e-12
5.24082e-12
5.69305e-12
6.12366e-12
6.53368e-12
6.9241e-12
7.29585e-12
7.64983e-12
7.98689e-12
8.30783e-12
8.61343e-12
8.90442e-12
9.18149e-12
9.44533e-12
9.69655e-12
9.93577e-12
1.01636e-11
1.03805e-11
1.0587e-11
1.07837e-11
1.09709e-11
1.11493e-11
1.13191e-11
1.14808e-11
1.326e-11
1.52135e-11
1.73571e-11
1.97078e-11
2.22839e-11
2.51042e-11
2.81883e-11
3.15563e-11
3.52278e-11
3.92219e-11
4.35556e-11
4.82431e-11
5.32935e-11
5.87094e-11
6.44832e-11
7.05947e-11
7.70061e-11
8.36583e-11
9.04656e-11
9.73104e-11
1.0404e-10
1.10462e-10
1.1635e-10
1.2144e-10
1.25452e-10
1.28098e-10
1.29115e-10
1.28288e-10
1.25483e-10
1.20669e-10
1.13927e-10
1.05455e-10
9.55351e-11
8.45081e-11
7.27287e-11
6.05276e-11
4.81801e-11
3.58853e-11
2.37555e-11
1.18137e-11
-3.18951e-33
1.30464e-15
8.81737e-13
1.72039e-12
2.51905e-12
3.2796e-12
4.00384e-12
4.69348e-12
5.35018e-12
5.97549e-12
6.5709e-12
7.13785e-12
7.67769e-12
8.19171e-12
8.68115e-12
9.14717e-12
9.59091e-12
1.00134e-11
1.04157e-11
1.07988e-11
1.11635e-11
1.15108e-11
1.18415e-11
1.21564e-11
1.24562e-11
1.27417e-11
1.30136e-11
1.32724e-11
1.35189e-11
1.37536e-11
1.39771e-11
1.41899e-11
1.43926e-11
1.66221e-11
1.90694e-11
2.17543e-11
2.46978e-11
2.79221e-11
3.14504e-11
3.53064e-11
3.95141e-11
4.40967e-11
4.90762e-11
5.44714e-11
6.02967e-11
6.65594e-11
7.32571e-11
8.03736e-11
8.78747e-11
9.57031e-11
1.03772e-10
1.11961e-10
1.20106e-10
1.28001e-10
1.35393e-10
1.41984e-10
1.47445e-10
1.5143e-10
1.53606e-10
1.53682e-10
1.51452e-10
1.46825e-10
1.39852e-10
1.30728e-10
1.19775e-10
1.07406e-10
9.40727e-11
8.02092e-11
6.61904e-11
5.23e-11
3.87163e-11
2.55099e-11
1.26476e-11
-2.10614e-33
1.66934e-15
1.12814e-12
2.20115e-12
3.22297e-12
4.19602e-12
5.1226e-12
6.00491e-12
6.84504e-12
7.64499e-12
8.40669e-12
9.13195e-12
9.8225e-12
1.048e-11
1.11061e-11
1.17021e-11
1.22697e-11
1.28101e-11
1.33246e-11
1.38145e-11
1.4281e-11
1.47251e-11
1.5148e-11
1.55507e-11
1.59341e-11
1.62991e-11
1.66467e-11
1.69777e-11
1.72929e-11
1.7593e-11
1.78787e-11
1.81508e-11
1.84099e-11
2.12599e-11
2.43875e-11
2.78173e-11
3.15758e-11
3.56905e-11
4.01899e-11
4.51028e-11
5.04577e-11
5.62819e-11
6.25997e-11
6.94306e-11
7.6787e-11
8.46705e-11
9.30681e-11
1.01947e-10
1.11249e-10
1.20883e-10
1.30719e-10
1.40579e-10
1.50233e-10
1.59397e-10
1.67731e-10
1.74853e-10
1.8035e-10
1.83817e-10
1.84883e-10
1.83266e-10
1.78809e-10
1.71522e-10
1.61589e-10
1.49365e-10
1.35333e-10
1.20048e-10
1.04068e-10
8.78927e-11
7.19174e-11
5.64108e-11
4.15097e-11
2.72261e-11
1.34587e-11
-2.12963e-33
2.12251e-15
1.43426e-12
2.79843e-12
4.09751e-12
5.33455e-12
6.5125e-12
7.63413e-12
8.70211e-12
9.719e-12
1.06872e-11
1.16091e-11
1.24868e-11
1.33225e-11
1.41182e-11
1.48758e-11
1.5597e-11
1.62838e-11
1.69376e-11
1.75602e-11
1.81529e-11
1.87172e-11
1.92546e-11
1.97662e-11
2.02533e-11
2.07171e-11
2.11587e-11
2.15792e-11
2.19795e-11
2.23607e-11
2.27237e-11
2.30693e-11
2.33984e-11
2.7018e-11
3.09885e-11
3.5341e-11
4.01079e-11
4.5323e-11
5.10206e-11
5.72353e-11
6.40001e-11
7.13456e-11
7.92973e-11
8.78733e-11
9.70801e-11
1.06909e-10
1.17328e-10
1.28281e-10
1.3967e-10
1.51357e-10
1.63151e-10
1.74797e-10
1.85978e-10
1.96311e-10
2.05358e-10
2.12639e-10
2.17667e-10
2.19988e-10
2.19232e-10
2.15166e-10
2.07741e-10
1.97115e-10
1.83654e-10
1.67899e-10
1.50499e-10
1.32139e-10
1.13461e-10
9.49982e-11
7.71387e-11
6.01128e-11
4.39996e-11
2.8744e-11
1.41724e-11
-1.23901e-33
2.21578e-15
1.49726e-12
2.92134e-12
4.27746e-12
5.56884e-12
6.7985e-12
7.96937e-12
9.08424e-12
1.01458e-11
1.11565e-11
1.21188e-11
1.3035e-11
1.39074e-11
1.4738e-11
1.55287e-11
1.62816e-11
1.69985e-11
1.7681e-11
1.83308e-11
1.89495e-11
1.95386e-11
2.00994e-11
2.06334e-11
2.11419e-11
2.1626e-11
2.20869e-11
2.25258e-11
2.29437e-11
2.33415e-11
2.37204e-11
2.40811e-11
2.44246e-11
2.82023e-11
3.23461e-11
3.68881e-11
4.1862e-11
4.73027e-11
5.32459e-11
5.9727e-11
6.678e-11
7.44359e-11
8.27202e-11
9.16504e-11
1.01232e-10
1.11452e-10
1.22277e-10
1.33641e-10
1.45441e-10
1.57528e-10
1.69695e-10
1.81674e-10
1.93128e-10
2.03655e-10
2.12795e-10
2.20053e-10
2.24929e-10
2.26962e-10
2.25788e-10
2.21189e-10
2.13141e-10
2.01835e-10
1.87676e-10
1.71237e-10
1.53199e-10
1.3427e-10
1.151e-10
9.62272e-11
7.80348e-11
6.0744e-11
4.44218e-11
2.90002e-11
1.42925e-11
5.99104e-35
2.68464e-15
1.81392e-12
3.53917e-12
5.18208e-12
6.74651e-12
8.23616e-12
9.65455e-12
1.10051e-11
1.22909e-11
1.35152e-11
1.46808e-11
1.57905e-11
1.68471e-11
1.7853e-11
1.88107e-11
1.97225e-11
2.05906e-11
2.14171e-11
2.2204e-11
2.29531e-11
2.36664e-11
2.43455e-11
2.4992e-11
2.56076e-11
2.61937e-11
2.67517e-11
2.7283e-11
2.77888e-11
2.82705e-11
2.87291e-11
2.91657e-11
2.95815e-11
3.41534e-11
3.91667e-11
4.46593e-11
5.0671e-11
5.72424e-11
6.44147e-11
7.2228e-11
8.07195e-11
8.99221e-11
9.98602e-11
1.10547e-10
1.21977e-10
1.34123e-10
1.46928e-10
1.60292e-10
1.74068e-10
1.88048e-10
2.01955e-10
2.15438e-10
2.28067e-10
2.39344e-10
2.48714e-10
2.55607e-10
2.59472e-10
2.59843e-10
2.56398e-10
2.49017e-10
2.37818e-10
2.23165e-10
2.05641e-10
1.85986e-10
1.65007e-10
1.43493e-10
1.22133e-10
1.0146e-10
8.18253e-11
6.3399e-11
4.61899e-11
3.007e-11
1.4793e-11
5.33469e-34
3.39188e-15
2.29149e-12
4.47095e-12
6.54636e-12
8.52258e-12
1.04043e-11
1.21959e-11
1.39017e-11
1.55258e-11
1.7072e-11
1.85441e-11
1.99455e-11
2.12798e-11
2.255e-11
2.37593e-11
2.49105e-11
2.60065e-11
2.70499e-11
2.80433e-11
2.8989e-11
2.98893e-11
3.07464e-11
3.15625e-11
3.23394e-11
3.30791e-11
3.37833e-11
3.44538e-11
3.50921e-11
3.56999e-11
3.62785e-11
3.68295e-11
3.7354e-11
4.31211e-11
4.94418e-11
5.63626e-11
6.39316e-11
7.21974e-11
8.12081e-11
9.10093e-11
1.01642e-10
1.13137e-10
1.25517e-10
1.38781e-10
1.52906e-10
1.67835e-10
1.83466e-10
1.99642e-10
2.16139e-10
2.32655e-10
2.48799e-10
2.64091e-10
2.77964e-10
2.89783e-10
2.98878e-10
3.04592e-10
3.06349e-10
3.03725e-10
2.96517e-10
2.84792e-10
2.6891e-10
2.49492e-10
2.27366e-10
2.03468e-10
1.78739e-10
1.54034e-10
1.30046e-10
1.07268e-10
8.59834e-11
6.62838e-11
4.80967e-11
3.12171e-11
1.53279e-11
5.54642e-34
4.27218e-15
2.88579e-12
5.63045e-12
8.24403e-12
1.07326e-11
1.31021e-11
1.53581e-11
1.75059e-11
1.95507e-11
2.14974e-11
2.33506e-11
2.51149e-11
2.67944e-11
2.83932e-11
2.99153e-11
3.13642e-11
3.27435e-11
3.40565e-11
3.53065e-11
3.64965e-11
3.76293e-11
3.87077e-11
3.97343e-11
4.07117e-11
4.16421e-11
4.2528e-11
4.33713e-11
4.41742e-11
4.49385e-11
4.56663e-11
4.63591e-11
4.70188e-11
5.42691e-11
6.2211e-11
7.09007e-11
8.03958e-11
9.07536e-11
1.02029e-10
1.14272e-10
1.27525e-10
1.41816e-10
1.57154e-10
1.73521e-10
1.90862e-10
2.09073e-10
2.27988e-10
2.47369e-10
2.66885e-10
2.86105e-10
3.04495e-10
3.21412e-10
3.36129e-10
3.47866e-10
3.55843e-10
3.59355e-10
3.57853e-10
3.51033e-10
3.38897e-10
3.21785e-10
3.0036e-10
2.7554e-10
2.48397e-10
2.20041e-10
1.91505e-10
1.63659e-10
1.37157e-10
1.12416e-10
8.9627e-11
6.87881e-11
4.97399e-11
3.22004e-11
1.57847e-11
5.17603e-34
5.35818e-15
3.61877e-12
7.06052e-12
1.03378e-11
1.34583e-11
1.64293e-11
1.92579e-11
2.19507e-11
2.45142e-11
2.69546e-11
2.92777e-11
3.14891e-11
3.35941e-11
3.55979e-11
3.75053e-11
3.9321e-11
4.10493e-11
4.26945e-11
4.42605e-11
4.57513e-11
4.71703e-11
4.85212e-11
4.98071e-11
5.10312e-11
5.21965e-11
5.33058e-11
5.43619e-11
5.53673e-11
5.63244e-11
5.72355e-11
5.8103e-11
5.89288e-11
6.8003e-11
7.79364e-11
8.87965e-11
1.00651e-10
1.13566e-10
1.27603e-10
1.42815e-10
1.59242e-10
1.769e-10
1.95781e-10
2.15834e-10
2.36954e-10
2.58972e-10
2.81633e-10
3.0458e-10
3.27343e-10
3.49327e-10
3.69812e-10
3.87969e-10
4.02894e-10
4.13665e-10
4.19422e-10
4.19469e-10
4.13369e-10
4.01034e-10
3.82769e-10
3.59265e-10
3.31537e-10
3.00808e-10
2.68375e-10
2.35475e-10
2.03178e-10
1.72317e-10
1.43462e-10
1.16924e-10
9.2785e-11
7.09408e-11
5.11433e-11
3.30363e-11
1.61719e-11
4.80792e-34
6.68764e-15
4.51582e-12
8.81068e-12
1.29002e-11
1.67939e-11
2.0501e-11
2.40301e-11
2.73897e-11
3.05878e-11
3.3632e-11
3.65297e-11
3.92879e-11
4.19133e-11
4.44122e-11
4.67907e-11
4.90547e-11
5.12096e-11
5.32606e-11
5.52129e-11
5.70712e-11
5.884e-11
6.05236e-11
6.21262e-11
6.36517e-11
6.51038e-11
6.64861e-11
6.78018e-11
6.90544e-11
7.02467e-11
7.13818e-11
7.24624e-11
7.3491e-11
8.47899e-11
9.71498e-11
1.10651e-10
1.25371e-10
1.41385e-10
1.5876e-10
1.77547e-10
1.97777e-10
2.19451e-10
2.42525e-10
2.669e-10
2.92402e-10
3.18765e-10
3.4561e-10
3.72426e-10
3.98561e-10
4.23212e-10
4.45441e-10
4.64208e-10
4.78426e-10
4.8706e-10
4.89227e-10
4.84326e-10
4.72139e-10
4.52906e-10
4.27332e-10
3.96525e-10
3.61872e-10
3.24884e-10
2.87034e-10
2.49623e-10
2.13697e-10
1.80001e-10
1.48984e-10
1.20829e-10
9.5496e-11
7.27755e-11
5.23329e-11
3.3742e-11
1.6498e-11
4.44879e-34
8.30285e-15
5.60534e-12
1.09363e-11
1.60123e-11
2.08451e-11
2.54459e-11
2.98257e-11
3.39948e-11
3.79632e-11
4.17404e-11
4.53355e-11
4.87573e-11
5.20141e-11
5.51137e-11
5.80638e-11
6.08715e-11
6.35437e-11
6.6087e-11
6.85076e-11
7.08114e-11
7.30041e-11
7.50911e-11
7.70775e-11
7.89682e-11
8.07678e-11
8.24807e-11
8.41111e-11
8.56631e-11
8.71403e-11
8.85466e-11
8.98852e-11
9.11594e-11
1.0515e-10
1.20443e-10
1.3713e-10
1.55302e-10
1.7504e-10
1.96413e-10
2.19465e-10
2.44211e-10
2.7062e-10
2.98601e-10
3.27982e-10
3.58489e-10
3.89724e-10
4.21144e-10
4.52038e-10
4.81522e-10
5.08544e-10
5.31915e-10
5.50371e-10
5.62665e-10
5.67697e-10
5.6465e-10
5.53133e-10
5.33277e-10
5.05768e-10
4.71792e-10
4.32913e-10
3.90882e-10
3.47449e-10
3.04193e-10
2.62409e-10
2.23055e-10
1.86742e-10
1.53771e-10
1.2418e-10
9.7804e-11
7.43276e-11
5.33343e-11
3.43341e-11
1.6771e-11
4.10336e-34
1.02499e-14
6.91823e-12
1.34977e-11
1.97623e-11
2.57264e-11
3.14041e-11
3.68085e-11
4.19527e-11
4.68489e-11
5.15088e-11
5.59437e-11
6.01644e-11
6.41812e-11
6.80038e-11
7.16417e-11
7.51037e-11
7.83983e-11
8.15337e-11
8.45176e-11
8.73572e-11
9.00597e-11
9.26317e-11
9.50795e-11
9.74091e-11
9.96263e-11
1.01737e-10
1.03745e-10
1.05657e-10
1.07476e-10
1.09208e-10
1.10857e-10
1.12426e-10
1.29648e-10
1.48456e-10
1.68956e-10
1.91249e-10
2.15421e-10
2.41537e-10
2.69629e-10
2.99681e-10
3.31617e-10
3.65271e-10
4.0037e-10
4.36506e-10
4.73106e-10
5.09409e-10
5.44451e-10
5.77068e-10
6.05917e-10
6.29537e-10
6.46445e-10
6.5528e-10
6.54962e-10
6.44861e-10
6.2494e-10
5.95815e-10
5.58724e-10
5.15402e-10
4.67866e-10
4.18189e-10
3.68285e-10
3.19756e-10
2.73818e-10
2.31284e-10
1.92595e-10
1.57883e-10
1.27033e-10
9.97544e-11
7.56319e-11
5.41724e-11
3.48281e-11
1.69984e-11
3.77478e-34
1.25773e-14
8.48708e-12
1.65585e-11
2.42432e-11
3.15591e-11
3.85232e-11
4.51517e-11
5.14605e-11
5.74647e-11
6.31787e-11
6.86163e-11
7.37907e-11
7.87147e-11
8.34002e-11
8.78588e-11
9.21014e-11
9.61385e-11
9.99801e-11
1.03636e-10
1.07114e-10
1.10425e-10
1.13575e-10
1.16572e-10
1.19425e-10
1.2214e-10
1.24724e-10
1.27182e-10
1.29523e-10
1.3175e-10
1.3387e-10
1.35887e-10
1.37807e-10
1.58874e-10
1.81858e-10
2.0688e-10
2.34049e-10
2.63452e-10
2.95143e-10
3.29129e-10
3.65351e-10
4.0366e-10
4.43793e-10
4.85336e-10
5.277e-10
5.70083e-10
6.11453e-10
6.50535e-10
6.85833e-10
7.15677e-10
7.38328e-10
7.52122e-10
7.55656e-10
7.47992e-10
7.28843e-10
6.98681e-10
6.58745e-10
6.10918e-10
5.57498e-10
5.00929e-10
4.43523e-10
3.87266e-10
3.33699e-10
2.83886e-10
2.38449e-10
1.97632e-10
1.61387e-10
1.29445e-10
1.01392e-10
7.67216e-11
5.487e-11
3.52382e-11
1.71869e-11
3.46497e-34
1.53348e-14
1.03452e-11
2.01834e-11
2.95501e-11
3.84666e-11
4.69539e-11
5.50316e-11
6.27192e-11
7.00348e-11
7.69962e-11
8.36202e-11
8.99231e-11
9.59202e-11
1.01626e-10
1.07055e-10
1.12221e-10
1.17136e-10
1.21812e-10
1.26262e-10
1.30495e-10
1.34524e-10
1.38357e-10
1.42004e-10
1.45474e-10
1.48777e-10
1.51919e-10
1.5491e-10
1.57756e-10
1.60464e-10
1.63042e-10
1.65494e-10
1.67829e-10
1.93427e-10
2.21327e-10
2.51662e-10
2.84544e-10
3.20057e-10
3.58234e-10
3.99042e-10
4.42357e-10
4.87933e-10
5.35367e-10
5.84064e-10
6.33197e-10
6.81678e-10
7.28136e-10
7.70927e-10
8.08175e-10
8.37864e-10
8.57994e-10
8.66779e-10
8.62894e-10
8.45702e-10
8.15431e-10
7.73233e-10
7.21087e-10
6.61571e-10
5.97533e-10
5.31764e-10
4.66719e-10
4.04352e-10
3.46055e-10
2.92684e-10
2.44633e-10
2.01933e-10
1.64351e-10
1.31469e-10
1.02759e-10
7.76273e-11
5.54479e-11
3.55772e-11
1.73425e-11
3.17489e-34
1.85714e-14
1.25251e-11
2.44361e-11
3.57758e-11
4.65701e-11
5.68438e-11
6.66212e-11
7.59254e-11
8.47787e-11
9.32025e-11
1.01217e-10
1.08842e-10
1.16097e-10
1.22999e-10
1.29565e-10
1.35811e-10
1.41754e-10
1.47408e-10
1.52787e-10
1.57904e-10
1.62772e-10
1.67404e-10
1.71811e-10
1.76004e-10
1.79994e-10
1.8379e-10
1.87402e-10
1.90839e-10
1.9411e-10
1.97222e-10
2.00184e-10
2.03002e-10
2.33891e-10
2.67521e-10
3.04035e-10
3.43546e-10
3.86122e-10
4.31766e-10
4.80384e-10
5.31761e-10
5.85518e-10
6.41072e-10
6.97588e-10
7.53942e-10
8.0869e-10
8.60057e-10
9.05968e-10
9.44131e-10
9.72182e-10
9.87902e-10
9.89491e-10
9.75852e-10
9.46837e-10
9.03385e-10
8.47479e-10
7.81932e-10
7.10022e-10
6.35086e-10
5.60155e-10
4.87708e-10
4.19568e-10
3.56901e-10
3.00306e-10
2.49929e-10
2.0558e-10
1.66843e-10
1.3316e-10
1.03895e-10
7.83765e-11
5.59246e-11
3.58563e-11
1.74704e-11
2.90482e-34
2.23325e-14
1.50573e-11
2.93761e-11
4.30075e-11
5.59825e-11
6.83309e-11
8.00818e-11
9.1263e-11
1.01901e-10
1.12022e-10
1.21651e-10
1.30811e-10
1.39524e-10
1.47812e-10
1.55697e-10
1.63197e-10
1.70331e-10
1.77118e-10
1.83573e-10
1.89714e-10
1.95556e-10
2.01114e-10
2.06401e-10
2.11431e-10
2.16216e-10
2.20768e-10
2.251e-10
2.29221e-10
2.33142e-10
2.36874e-10
2.40424e-10
2.43802e-10
2.80806e-10
3.21046e-10
3.64672e-10
4.11793e-10
4.6245e-10
5.16595e-10
5.74054e-10
6.34486e-10
6.9734e-10
7.61796e-10
8.26723e-10
8.90628e-10
9.51635e-10
1.0075e-09
1.05566e-09
1.09338e-09
1.11798e-09
1.1271e-09
1.11906e-09
1.09319e-09
1.05004e-09
9.91447e-10
9.20368e-10
8.40489e-10
7.5575e-10
6.69871e-10
5.85994e-10
5.06504e-10
4.32992e-10
3.66342e-10
3.06862e-10
2.54435e-10
2.08654e-10
1.68927e-10
1.34565e-10
1.04834e-10
7.89935e-11
5.6316e-11
3.60851e-11
1.75751e-11
2.6545e-34
2.66585e-14
1.79685e-11
3.50552e-11
5.13211e-11
6.68026e-11
8.15357e-11
9.55545e-11
1.08892e-10
1.21581e-10
1.33652e-10
1.45134e-10
1.56056e-10
1.66444e-10
1.76324e-10
1.85722e-10
1.9466e-10
2.03162e-10
2.11247e-10
2.18938e-10
2.26253e-10
2.33211e-10
2.3983e-10
2.46125e-10
2.52114e-10
2.5781e-10
2.6323e-10
2.68385e-10
2.7329e-10
2.77956e-10
2.82396e-10
2.8662e-10
2.90639e-10
3.34635e-10
3.82421e-10
4.3415e-10
4.89912e-10
5.49711e-10
6.13429e-10
6.8078e-10
7.51262e-10
8.24099e-10
8.98181e-10
9.72006e-10
1.04364e-09
1.11069e-09
1.17038e-09
1.21962e-09
1.25524e-09
1.27427e-09
1.27434e-09
1.25407e-09
1.21343e-09
1.15391e-09
1.07841e-09
9.90962e-10
8.96113e-10
7.9838e-10
7.01727e-10
6.09272e-10
5.23181e-10
4.4474e-10
3.74501e-10
3.12463e-10
2.58247e-10
2.11231e-10
1.70662e-10
1.35727e-10
1.05606e-10
7.94995e-11
5.66363e-11
3.62719e-11
1.76606e-11
2.42334e-34
3.15812e-14
2.12798e-11
4.15148e-11
6.07768e-11
7.91091e-11
9.65535e-11
1.13151e-10
1.28941e-10
1.43961e-10
1.58247e-10
1.71835e-10
1.84758e-10
1.97049e-10
2.08737e-10
2.19853e-10
2.30424e-10
2.40477e-10
2.50038e-10
2.5913e-10
2.67777e-10
2.76e-10
2.83822e-10
2.91261e-10
2.98336e-10
3.05066e-10
3.11467e-10
3.17556e-10
3.23349e-10
3.28859e-10
3.34101e-10
3.39088e-10
3.43832e-10
3.95739e-10
4.52047e-10
5.12904e-10
5.78372e-10
6.48401e-10
7.22776e-10
8.01068e-10
8.82568e-10
9.66224e-10
1.05056e-09
1.13364e-09
1.213e-09
1.28567e-09
1.34825e-09
1.39712e-09
1.42867e-09
1.43975e-09
1.42813e-09
1.39295e-09
1.33506e-09
1.25709e-09
1.16319e-09
1.05848e-09
9.48321e-10
8.3768e-10
7.30608e-10
6.30051e-10
5.37861e-10
4.54949e-10
3.81508e-10
3.17223e-10
2.61455e-10
2.13382e-10
1.72098e-10
1.36684e-10
1.0624e-10
7.99127e-11
5.68972e-11
3.64239e-11
1.773e-11
2.21051e-34
3.71222e-14
2.50053e-11
4.87824e-11
7.1415e-11
9.29539e-11
1.13448e-10
1.32946e-10
1.51492e-10
1.69133e-10
1.8591e-10
2.01865e-10
2.17038e-10
2.31466e-10
2.45185e-10
2.5823e-10
2.70635e-10
2.8243e-10
2.93646e-10
3.0431e-10
3.14452e-10
3.24096e-10
3.33266e-10
3.41988e-10
3.50282e-10
3.5817e-10
3.65672e-10
3.72808e-10
3.79595e-10
3.8605e-10
3.92191e-10
3.98033e-10
4.0359e-10
4.64348e-10
5.30175e-10
6.01201e-10
6.77452e-10
7.58799e-10
8.44905e-10
9.35157e-10
1.02859e-09
1.12382e-09
1.21894e-09
1.31148e-09
1.39836e-09
1.47598e-09
1.54028e-09
1.58705e-09
1.61232e-09
1.61289e-09
1.58683e-09
1.53406e-09
1.45657e-09
1.35833e-09
1.24483e-09
1.12229e-09
9.9679e-10
8.73551e-10
7.56557e-10
6.48456e-10
5.50694e-10
4.63768e-10
3.87495e-10
3.21249e-10
2.64143e-10
2.15169e-10
1.73283e-10
1.37468e-10
1.06756e-10
8.02488e-11
5.71089e-11
3.6547e-11
1.77863e-11
2.01503e-34
4.32906e-14
2.91508e-11
5.6869e-11
8.32519e-11
1.08358e-10
1.32245e-10
1.54968e-10
1.76581e-10
1.97135e-10
2.16682e-10
2.35268e-10
2.52941e-10
2.69743e-10
2.85719e-10
3.00908e-10
3.15348e-10
3.29078e-10
3.42131e-10
3.54542e-10
3.66341e-10
3.77561e-10
3.88228e-10
3.98372e-10
4.08018e-10
4.1719e-10
4.25913e-10
4.34208e-10
4.42097e-10
4.49601e-10
4.56737e-10
4.63526e-10
4.69983e-10
5.40537e-10
6.16877e-10
6.99111e-10
7.87207e-10
8.80937e-10
9.79809e-10
1.08299e-09
1.1892e-09
1.29665e-09
1.40294e-09
1.50497e-09
1.599e-09
1.68067e-09
1.74525e-09
1.78798e-09
1.80458e-09
1.79193e-09
1.74868e-09
1.67575e-09
1.57653e-09
1.45651e-09
1.32258e-09
1.18198e-09
1.04135e-09
9.06003e-10
7.79693e-10
6.64648e-10
5.61847e-10
4.71347e-10
3.92587e-10
3.2464e-10
2.66387e-10
2.16648e-10
1.74257e-10
1.38108e-10
1.07176e-10
8.0521e-11
5.728e-11
3.66464e-11
1.78316e-11
1.83584e-34
5.00816e-14
3.37127e-11
6.57679e-11
9.62774e-11
1.25309e-10
1.52928e-10
1.79199e-10
2.04184e-10
2.27943e-10
2.50534e-10
2.72013e-10
2.92433e-10
3.11846e-10
3.30301e-10
3.47844e-10
3.64521e-10
3.80375e-10
3.95445e-10
4.09772e-10
4.23392e-10
4.36341e-10
4.48651e-10
4.60355e-10
4.71483e-10
4.82063e-10
4.92124e-10
5.01691e-10
5.10788e-10
5.1944e-10
5.27668e-10
5.35493e-10
5.42936e-10
6.24212e-10
7.12038e-10
8.06486e-10
9.07451e-10
1.01458e-09
1.12719e-09
1.24418e-09
1.36392e-09
1.48412e-09
1.60181e-09
1.7132e-09
1.81379e-09
1.89843e-09
1.96167e-09
1.99822e-09
2.00364e-09
1.97505e-09
1.91192e-09
1.81646e-09
1.69367e-09
1.55071e-09
1.39585e-09
1.23727e-09
1.08196e-09
9.35138e-10
8.00182e-10
6.78811e-10
5.71493e-10
4.77832e-10
3.96902e-10
3.27486e-10
2.68253e-10
2.17868e-10
1.75054e-10
1.38629e-10
1.07516e-10
8.07405e-11
5.74176e-11
3.67261e-11
1.78679e-11
1.67184e-34
5.74761e-14
3.86779e-11
7.54531e-11
1.10453e-10
1.43756e-10
1.75436e-10
2.05567e-10
2.34221e-10
2.61465e-10
2.87367e-10
3.11991e-10
3.35399e-10
3.57648e-10
3.78797e-10
3.98899e-10
4.18005e-10
4.36166e-10
4.53427e-10
4.69835e-10
4.85431e-10
5.00255e-10
5.14348e-10
5.27745e-10
5.40481e-10
5.52589e-10
5.64101e-10
5.75046e-10
5.85453e-10
5.9535e-10
6.0476e-10
6.13709e-10
6.2222e-10
7.15104e-10
8.15341e-10
9.22956e-10
1.03775e-09
1.15922e-09
1.28646e-09
1.41805e-09
1.55193e-09
1.68528e-09
1.81446e-09
1.93492e-09
2.0413e-09
2.12764e-09
2.18776e-09
2.2159e-09
2.20757e-09
2.16038e-09
2.07484e-09
1.95474e-09
1.80689e-09
1.64019e-09
1.46427e-09
1.28805e-09
1.11868e-09
9.61121e-10
8.18226e-10
6.91141e-10
5.79802e-10
4.83364e-10
4.00546e-10
3.29867e-10
2.698e-10
2.18871e-10
1.75704e-10
1.39051e-10
1.0779e-10
8.09166e-11
5.75276e-11
3.67899e-11
1.78969e-11
1.52194e-34
6.54402e-14
4.40233e-11
8.58799e-11
1.25715e-10
1.63615e-10
1.99666e-10
2.33951e-10
2.66552e-10
2.97546e-10
3.2701e-10
3.55017e-10
3.81636e-10
4.06936e-10
4.30981e-10
4.53832e-10
4.75549e-10
4.96189e-10
5.15804e-10
5.34446e-10
5.52163e-10
5.69003e-10
5.85009e-10
6.00223e-10
6.14684e-10
6.28431e-10
6.415e-10
6.53924e-10
6.65736e-10
6.76967e-10
6.87646e-10
6.978e-10
7.07456e-10
8.1277e-10
9.26276e-10
1.04794e-09
1.17744e-09
1.3141e-09
1.45675e-09
1.6036e-09
1.75212e-09
1.89887e-09
2.03947e-09
2.16854e-09
2.27981e-09
2.36644e-09
2.42156e-09
2.43902e-09
2.41442e-09
2.34608e-09
2.23585e-09
2.08933e-09
1.91529e-09
1.72444e-09
1.52762e-09
1.33433e-09
1.15167e-09
9.84162e-10
8.3404e-10
7.01833e-10
5.86935e-10
4.88067e-10
4.03615e-10
3.31854e-10
2.71079e-10
2.19692e-10
1.76232e-10
1.39392e-10
1.08009e-10
8.10571e-11
5.76152e-11
3.68404e-11
1.792e-11
1.08953e-34
6.99638e-14
4.70585e-11
9.18003e-11
1.3438e-10
1.7489e-10
2.13423e-10
2.50066e-10
2.84907e-10
3.1803e-10
3.49515e-10
3.7944e-10
4.07882e-10
4.34912e-10
4.606e-10
4.85011e-10
5.08208e-10
5.30253e-10
5.51202e-10
5.71111e-10
5.90031e-10
6.08012e-10
6.25102e-10
6.41345e-10
6.56784e-10
6.7146e-10
6.8541e-10
6.98671e-10
7.11279e-10
7.23265e-10
7.34662e-10
7.45498e-10
7.55802e-10
8.68148e-10
9.89149e-10
1.11873e-09
1.2565e-09
1.40168e-09
1.55294e-09
1.70827e-09
1.86485e-09
2.0189e-09
2.1656e-09
2.29907e-09
2.41256e-09
2.49874e-09
2.55036e-09
2.56111e-09
2.52671e-09
2.44596e-09
2.32154e-09
2.16012e-09
1.97161e-09
1.76765e-09
1.55972e-09
1.3575e-09
1.16802e-09
9.95471e-10
8.41736e-10
7.06996e-10
5.90354e-10
4.90304e-10
4.05065e-10
3.32785e-10
2.71674e-10
2.20072e-10
1.76475e-10
1.39547e-10
1.08109e-10
8.11205e-11
5.76546e-11
3.68632e-11
1.79303e-11
-4.99624e-33
7.35424e-14
4.94594e-11
9.64833e-11
1.41234e-10
1.83809e-10
2.24304e-10
2.62813e-10
2.99425e-10
3.34231e-10
3.67314e-10
3.98758e-10
4.2864e-10
4.57038e-10
4.84024e-10
5.09668e-10
5.34036e-10
5.57192e-10
5.79196e-10
6.00105e-10
6.19976e-10
6.3886e-10
6.56806e-10
6.73863e-10
6.90074e-10
7.05483e-10
7.2013e-10
7.34053e-10
7.47289e-10
7.59872e-10
7.71836e-10
7.83211e-10
7.94027e-10
9.11925e-10
1.03884e-09
1.17467e-09
1.31896e-09
1.47085e-09
1.62886e-09
1.79084e-09
1.95372e-09
2.11343e-09
2.26482e-09
2.40163e-09
2.51669e-09
2.60231e-09
2.65094e-09
2.65617e-09
2.61384e-09
2.52314e-09
2.38745e-09
2.21429e-09
2.01446e-09
1.80034e-09
1.58385e-09
1.37483e-09
1.18018e-09
1.00384e-09
8.47403e-10
7.10779e-10
5.92847e-10
4.91928e-10
4.06111e-10
3.33454e-10
2.72099e-10
2.20341e-10
1.76645e-10
1.39656e-10
1.08179e-10
8.11649e-11
5.76822e-11
3.68791e-11
1.79375e-11
-1.52531e-32
7.91965e-14
5.32524e-11
1.03882e-10
1.52063e-10
1.97899e-10
2.41495e-10
2.8295e-10
3.22362e-10
3.59826e-10
3.95434e-10
4.29275e-10
4.61434e-10
4.91993e-10
5.2103e-10
5.48621e-10
5.74837e-10
5.99747e-10
6.23417e-10
6.45908e-10
6.67279e-10
6.87588e-10
7.06888e-10
7.25229e-10
7.4266e-10
7.59227e-10
7.74974e-10
7.89941e-10
8.0417e-10
8.17695e-10
8.30554e-10
8.4278e-10
8.54404e-10
9.81068e-10
1.11732e-09
1.263e-09
1.41757e-09
1.58002e-09
1.74868e-09
1.9211e-09
2.09386e-09
2.26245e-09
2.42114e-09
2.56309e-09
2.68048e-09
2.76503e-09
2.80877e-09
2.80509e-09
2.75005e-09
2.64352e-09
2.48994e-09
2.29823e-09
2.08059e-09
1.85055e-09
1.62074e-09
1.40117e-09
1.19854e-09
1.01639e-09
8.55833e-10
7.16356e-10
5.96484e-10
4.9427e-10
4.07601e-10
3.34392e-10
2.72686e-10
2.20708e-10
1.76875e-10
1.39801e-10
1.0827e-10
8.12231e-11
5.77182e-11
3.68998e-11
1.79469e-11
-1.95162e-32
8.23337e-14
5.53568e-11
1.07987e-10
1.5807e-10
2.05717e-10
2.51032e-10
2.94121e-10
3.35086e-10
3.74025e-10
4.11034e-10
4.46204e-10
4.79626e-10
5.11383e-10
5.41558e-10
5.70229e-10
5.97471e-10
6.23354e-10
6.47947e-10
6.71315e-10
6.93519e-10
7.14618e-10
7.34667e-10
7.5372e-10
7.71828e-10
7.89037e-10
8.05394e-10
8.2094e-10
8.35719e-10
8.49767e-10
8.63122e-10
8.75819e-10
8.87891e-10
1.01941e-09
1.16084e-09
1.31197e-09
1.47223e-09
1.64052e-09
1.81505e-09
1.99323e-09
2.17143e-09
2.34487e-09
2.50754e-09
2.65223e-09
2.7708e-09
2.85463e-09
2.8955e-09
2.88673e-09
2.8245e-09
2.70907e-09
2.5455e-09
2.34347e-09
2.11598e-09
1.8772e-09
1.6401e-09
1.41482e-09
1.20791e-09
1.02268e-09
8.59969e-10
7.1902e-10
5.98165e-10
4.95308e-10
4.0823e-10
3.34765e-10
2.72904e-10
2.20833e-10
1.76948e-10
1.39843e-10
1.08296e-10
8.12383e-11
5.77274e-11
3.6905e-11
1.79493e-11
-1.77451e-32
8.34477e-14
5.6104e-11
1.09444e-10
1.60203e-10
2.08492e-10
2.54418e-10
2.98088e-10
3.39604e-10
3.79066e-10
4.16572e-10
4.52214e-10
4.86084e-10
5.18267e-10
5.48845e-10
5.77899e-10
6.05505e-10
6.31733e-10
6.56654e-10
6.80332e-10
7.02831e-10
7.2421e-10
7.44526e-10
7.63832e-10
7.82179e-10
7.99616e-10
8.16188e-10
8.31941e-10
8.46914e-10
8.61147e-10
8.74678e-10
8.87542e-10
8.99773e-10
1.03301e-09
1.17627e-09
1.32933e-09
1.4916e-09
1.66194e-09
1.83855e-09
2.01874e-09
2.19883e-09
2.37394e-09
2.53796e-09
2.68356e-09
2.80245e-09
2.88592e-09
2.92566e-09
2.91496e-09
2.85006e-09
2.73135e-09
2.56415e-09
2.35841e-09
2.12742e-09
1.88556e-09
1.64595e-09
1.41874e-09
1.21042e-09
1.02421e-09
8.60842e-10
7.19474e-10
5.98364e-10
4.95361e-10
4.08207e-10
3.3471e-10
2.72841e-10
2.20775e-10
1.769e-10
1.39806e-10
1.08269e-10
8.12203e-11
5.77158e-11
3.68982e-11
1.79462e-11
-1.61299e-32
8.29984e-14
5.58023e-11
1.08856e-10
1.59342e-10
2.07372e-10
2.53051e-10
2.96486e-10
3.37779e-10
3.7703e-10
4.14335e-10
4.49786e-10
4.83475e-10
5.15485e-10
5.459e-10
5.74799e-10
6.02257e-10
6.28346e-10
6.53133e-10
6.76686e-10
6.99065e-10
7.20331e-10
7.40538e-10
7.59741e-10
7.77991e-10
7.95335e-10
8.1182e-10
8.27489e-10
8.42383e-10
8.56541e-10
8.7e-10
8.82796e-10
8.94962e-10
1.0275e-09
1.17001e-09
1.32227e-09
1.48371e-09
1.6532e-09
1.82893e-09
2.00825e-09
2.18751e-09
2.36186e-09
2.52522e-09
2.67031e-09
2.7889e-09
2.87231e-09
2.91228e-09
2.90213e-09
2.83807e-09
2.72046e-09
2.55455e-09
2.3502e-09
2.12059e-09
1.88002e-09
1.64154e-09
1.41528e-09
1.20774e-09
1.02214e-09
8.59256e-10
7.18265e-10
5.97449e-10
4.94673e-10
4.07694e-10
3.34332e-10
2.72566e-10
2.20578e-10
1.76761e-10
1.3971e-10
1.08204e-10
8.11769e-11
5.76882e-11
3.68822e-11
1.79389e-11
-1.46582e-32
8.13874e-14
5.47215e-11
1.06747e-10
1.56256e-10
2.03356e-10
2.48152e-10
2.90747e-10
3.31243e-10
3.69736e-10
4.06321e-10
4.41089e-10
4.74129e-10
5.05523e-10
5.35354e-10
5.63697e-10
5.90628e-10
6.16216e-10
6.40529e-10
6.63631e-10
6.85582e-10
7.06441e-10
7.26262e-10
7.45099e-10
7.63001e-10
7.80015e-10
7.96186e-10
8.11556e-10
8.26167e-10
8.40056e-10
8.5326e-10
8.65813e-10
8.77749e-10
1.00779e-09
1.14762e-09
1.29708e-09
1.45557e-09
1.62203e-09
1.7947e-09
1.97102e-09
2.14742e-09
2.31918e-09
2.48039e-09
2.62393e-09
2.74175e-09
2.82533e-09
2.86656e-09
2.85878e-09
2.79817e-09
2.68492e-09
2.52396e-09
2.32478e-09
2.10018e-09
1.86413e-09
1.6295e-09
1.40634e-09
1.20119e-09
1.0174e-09
8.55845e-10
7.15823e-10
5.95706e-10
4.93435e-10
4.06818e-10
3.33714e-10
2.72133e-10
2.20277e-10
1.76553e-10
1.39568e-10
1.08109e-10
8.11144e-11
5.76487e-11
3.68592e-11
1.79284e-11
-1.33185e-32
7.89508e-14
5.30867e-11
1.03559e-10
1.5159e-10
1.97284e-10
2.40743e-10
2.82068e-10
3.21357e-10
3.58704e-10
3.94201e-10
4.27936e-10
4.59994e-10
4.90457e-10
5.19403e-10
5.46907e-10
5.73041e-10
5.97873e-10
6.21467e-10
6.43887e-10
6.65191e-10
6.85435e-10
7.04673e-10
7.22956e-10
7.40332e-10
7.56846e-10
7.72543e-10
7.87463e-10
8.01646e-10
8.15128e-10
8.27946e-10
8.40132e-10
8.51719e-10
9.77974e-10
1.11378e-09
1.25898e-09
1.41303e-09
1.57491e-09
1.74297e-09
1.91476e-09
2.08685e-09
2.25473e-09
2.41271e-09
2.55395e-09
2.67064e-09
2.75455e-09
2.79772e-09
2.79361e-09
2.73829e-09
2.63169e-09
2.47828e-09
2.28698e-09
2.06998e-09
1.84078e-09
1.61194e-09
1.39342e-09
1.19184e-09
1.01071e-09
8.51106e-10
7.12483e-10
5.93363e-10
4.91797e-10
4.05676e-10
3.32922e-10
2.71586e-10
2.19901e-10
1.76296e-10
1.39394e-10
1.07992e-10
8.10379e-11
5.76004e-11
3.68311e-11
1.79156e-11
-1.20996e-32
7.59603e-14
5.10804e-11
9.96451e-11
1.45862e-10
1.8983e-10
2.3165e-10
2.71416e-10
3.09224e-10
3.45165e-10
3.79326e-10
4.11792e-10
4.42646e-10
4.71965e-10
4.99826e-10
5.263e-10
5.51455e-10
5.75358e-10
5.98071e-10
6.19654e-10
6.40164e-10
6.59654e-10
6.78176e-10
6.95779e-10
7.12509e-10
7.2841e-10
7.43524e-10
7.57891e-10
7.71548e-10
7.84532e-10
7.96876e-10
8.08611e-10
8.1977e-10
9.41383e-10
1.07224e-09
1.21221e-09
1.36081e-09
1.51709e-09
1.67948e-09
1.8457e-09
2.0125e-09
2.17562e-09
2.32964e-09
2.46804e-09
2.58336e-09
2.66766e-09
2.71323e-09
2.71362e-09
2.66481e-09
2.56639e-09
2.42226e-09
2.24065e-09
2.03301e-09
1.81224e-09
1.59053e-09
1.37772e-09
1.18053e-09
1.00267e-09
8.45434e-10
7.08512e-10
5.90597e-10
4.89878e-10
4.0435e-10
3.32008e-10
2.70958e-10
2.19472e-10
1.76004e-10
1.39197e-10
1.0786e-10
8.09517e-11
5.7546e-11
3.67995e-11
1.79012e-11
-1.09912e-32
7.26293e-14
4.88455e-11
9.52858e-11
1.39481e-10
1.81528e-10
2.2152e-10
2.59551e-10
2.95709e-10
3.30083e-10
3.62756e-10
3.93809e-10
4.23321e-10
4.51367e-10
4.78019e-10
5.03345e-10
5.2741e-10
5.50279e-10
5.7201e-10
5.92661e-10
6.12285e-10
6.30935e-10
6.48659e-10
6.65505e-10
6.81515e-10
6.96733e-10
7.11199e-10
7.24949e-10
7.38021e-10
7.50449e-10
7.62264e-10
7.73499e-10
7.84181e-10
9.00621e-10
1.02597e-09
1.16012e-09
1.30264e-09
1.45265e-09
1.60874e-09
1.76874e-09
1.92964e-09
2.08744e-09
2.23703e-09
2.37225e-09
2.48601e-09
2.57072e-09
2.61894e-09
2.62432e-09
2.58274e-09
2.49341e-09
2.35964e-09
2.18883e-09
1.99166e-09
1.78032e-09
1.56659e-09
1.36018e-09
1.16792e-09
9.93713e-10
8.3914e-10
7.0412e-10
5.87549e-10
4.87771e-10
4.02899e-10
3.31013e-10
2.70278e-10
2.19008e-10
1.75689e-10
1.38985e-10
1.07719e-10
8.0859e-11
5.74875e-11
3.67655e-11
1.78857e-11
-9.98375e-33
6.91213e-14
4.64918e-11
9.06948e-11
1.32762e-10
1.72784e-10
2.10853e-10
2.47055e-10
2.81476e-10
3.14199e-10
3.45305e-10
3.7487e-10
4.0297e-10
4.29674e-10
4.55052e-10
4.79169e-10
5.02087e-10
5.23866e-10
5.44562e-10
5.64231e-10
5.82923e-10
6.00688e-10
6.17572e-10
6.33619e-10
6.48872e-10
6.6337e-10
6.77152e-10
6.90254e-10
7.0271e-10
7.14551e-10
7.25811e-10
7.36516e-10
7.46696e-10
8.57686e-10
9.77227e-10
1.10524e-09
1.24135e-09
1.38477e-09
1.5342e-09
1.68764e-09
1.84232e-09
1.99448e-09
2.13938e-09
2.27122e-09
2.3833e-09
2.4684e-09
2.51935e-09
2.52994e-09
2.49594e-09
2.41617e-09
2.29329e-09
2.13389e-09
1.94777e-09
1.74641e-09
1.54115e-09
1.34155e-09
1.15452e-09
9.84209e-10
8.32469e-10
6.99472e-10
5.8433e-10
4.85552e-10
4.01375e-10
3.29969e-10
2.69565e-10
2.18523e-10
1.75361e-10
1.38764e-10
1.07572e-10
8.07626e-11
5.74267e-11
3.67302e-11
1.78696e-11
-4.60105e-33
6.55157e-14
4.40724e-11
8.59755e-11
1.25854e-10
1.63796e-10
1.99887e-10
2.34209e-10
2.66844e-10
2.97871e-10
3.27366e-10
3.55401e-10
3.82047e-10
4.07372e-10
4.3144e-10
4.54314e-10
4.76051e-10
4.9671e-10
5.16343e-10
5.35002e-10
5.52735e-10
5.69589e-10
5.85609e-10
6.00835e-10
6.15308e-10
6.29066e-10
6.42145e-10
6.54579e-10
6.664e-10
6.7764e-10
6.88326e-10
6.98488e-10
7.08151e-10
8.13532e-10
9.27093e-10
1.04879e-09
1.17829e-09
1.31491e-09
1.45745e-09
1.6041e-09
1.75231e-09
1.89861e-09
2.03859e-09
2.16682e-09
2.27704e-09
2.36238e-09
2.41598e-09
2.43177e-09
2.40542e-09
2.33538e-09
2.22366e-09
2.07602e-09
1.90136e-09
1.71043e-09
1.51406e-09
1.32164e-09
1.14017e-09
9.74012e-10
8.25301e-10
6.94475e-10
5.80867e-10
4.83165e-10
3.99736e-10
3.28847e-10
2.688e-10
2.18002e-10
1.75009e-10
1.38526e-10
1.07413e-10
8.06591e-11
5.73613e-11
3.66922e-11
1.78523e-11
3.15488e-34
6.18162e-14
4.15895e-11
8.11324e-11
1.18766e-10
1.54572e-10
1.88632e-10
2.21025e-10
2.51827e-10
2.81113e-10
3.08953e-10
3.35417e-10
3.60572e-10
3.84481e-10
4.07204e-10
4.28801e-10
4.49326e-10
4.68834e-10
4.87374e-10
5.04995e-10
5.21743e-10
5.37662e-10
5.52793e-10
5.67176e-10
5.80849e-10
5.93846e-10
6.06202e-10
6.1795e-10
6.29119e-10
6.39739e-10
6.49837e-10
6.59439e-10
6.68571e-10
7.68184e-10
8.75589e-10
9.90771e-10
1.11346e-09
1.24304e-09
1.37846e-09
1.51806e-09
1.65952e-09
1.79966e-09
1.9344e-09
2.05873e-09
2.16677e-09
2.25208e-09
2.3081e-09
2.32893e-09
2.31017e-09
2.24994e-09
2.1496e-09
2.01407e-09
1.85135e-09
1.67138e-09
1.48447e-09
1.29978e-09
1.12433e-09
9.62708e-10
8.17327e-10
6.88899e-10
5.76995e-10
4.8049e-10
3.97896e-10
3.27586e-10
2.67938e-10
2.17416e-10
1.74611e-10
1.38259e-10
1.07235e-10
8.05422e-11
5.72876e-11
3.66493e-11
1.78327e-11
3.46664e-34
5.80429e-14
3.90566e-11
7.61917e-11
1.11534e-10
1.45162e-10
1.77151e-10
2.07575e-10
2.36507e-10
2.64015e-10
2.90167e-10
3.15029e-10
3.38661e-10
3.61124e-10
3.82474e-10
4.02767e-10
4.22055e-10
4.40388e-10
4.57812e-10
4.74374e-10
4.90116e-10
5.0508e-10
5.19304e-10
5.32825e-10
5.45679e-10
5.57899e-10
5.69517e-10
5.80563e-10
5.91066e-10
6.01053e-10
6.10549e-10
6.1958e-10
6.28168e-10
7.21884e-10
8.2299e-10
9.31501e-10
1.0472e-09
1.16955e-09
1.29762e-09
1.42994e-09
1.56439e-09
1.69809e-09
1.8273e-09
1.9474e-09
2.05294e-09
2.1379e-09
2.19605e-09
2.22169e-09
2.21038e-09
2.15993e-09
2.07111e-09
1.94797e-09
1.79761e-09
1.62913e-09
1.45223e-09
1.2758e-09
1.10686e-09
9.50184e-10
8.08458e-10
6.82678e-10
5.72662e-10
4.7749e-10
3.95829e-10
3.26167e-10
2.66968e-10
2.16755e-10
1.74163e-10
1.37956e-10
1.07033e-10
8.04101e-11
5.72041e-11
3.66008e-11
1.78106e-11
3.80867e-34
5.42188e-14
3.64892e-11
7.11837e-11
1.04204e-10
1.35623e-10
1.65513e-10
1.93941e-10
2.20976e-10
2.46682e-10
2.71123e-10
2.94358e-10
3.16446e-10
3.37443e-10
3.57401e-10
3.76372e-10
3.94404e-10
4.11544e-10
4.27837e-10
4.43323e-10
4.58044e-10
4.72038e-10
4.85341e-10
4.97988e-10
5.10011e-10
5.21442e-10
5.32311e-10
5.42645e-10
5.52471e-10
5.61815e-10
5.707e-10
5.79151e-10
5.87187e-10
6.74909e-10
7.6961e-10
8.71329e-10
9.799e-10
1.09487e-09
1.21542e-09
1.34025e-09
1.46746e-09
1.59445e-09
1.71784e-09
1.83339e-09
1.93609e-09
2.02034e-09
2.08029e-09
2.11042e-09
2.10634e-09
2.06555e-09
1.98826e-09
1.87771e-09
1.74005e-09
1.58352e-09
1.41717e-09
1.24955e-09
1.08761e-09
9.36316e-10
7.98595e-10
6.75734e-10
5.67813e-10
4.74124e-10
3.93504e-10
3.24569e-10
2.65874e-10
2.16008e-10
1.73656e-10
1.37614e-10
1.06805e-10
8.02604e-11
5.71095e-11
3.65458e-11
1.77855e-11
2.34879e-34
5.357e-14
3.60535e-11
7.03338e-11
1.0296e-10
1.34005e-10
1.63538e-10
1.91627e-10
2.1834e-10
2.43741e-10
2.67891e-10
2.9085e-10
3.12676e-10
3.33424e-10
3.53145e-10
3.71892e-10
3.89711e-10
4.06648e-10
4.22748e-10
4.38053e-10
4.526e-10
4.66429e-10
4.79576e-10
4.92074e-10
5.03956e-10
5.15253e-10
5.25994e-10
5.36207e-10
5.45919e-10
5.55153e-10
5.63935e-10
5.72287e-10
5.8023e-10
6.66933e-10
7.60545e-10
8.61108e-10
9.68465e-10
1.08218e-09
1.20144e-09
1.32499e-09
1.45095e-09
1.57679e-09
1.69917e-09
1.81392e-09
1.91611e-09
2.0002e-09
2.06041e-09
2.09127e-09
2.08838e-09
2.0492e-09
1.97385e-09
1.86543e-09
1.72995e-09
1.57548e-09
1.41097e-09
1.24488e-09
1.08418e-09
9.33833e-10
7.96824e-10
6.74484e-10
5.66938e-10
4.73517e-10
3.93084e-10
3.2428e-10
2.65675e-10
2.15873e-10
1.73564e-10
1.37552e-10
1.06763e-10
8.02332e-11
5.70924e-11
3.65358e-11
1.7781e-11
2.19028e-34
5.03697e-14
3.39044e-11
6.61416e-11
9.68241e-11
1.2602e-10
1.53795e-10
1.80213e-10
2.05338e-10
2.2923e-10
2.51947e-10
2.73544e-10
2.94077e-10
3.13596e-10
3.32151e-10
3.4979e-10
3.66557e-10
3.82495e-10
3.97646e-10
4.12049e-10
4.25741e-10
4.38757e-10
4.51132e-10
4.62897e-10
4.74082e-10
4.84717e-10
4.9483e-10
5.04445e-10
5.13589e-10
5.22285e-10
5.30554e-10
5.38419e-10
5.45899e-10
6.27571e-10
7.158e-10
8.10649e-10
9.11998e-10
1.01947e-09
1.13237e-09
1.24954e-09
1.36932e-09
1.48938e-09
1.60666e-09
1.71735e-09
1.81686e-09
1.90002e-09
1.96135e-09
1.9956e-09
1.99841e-09
1.96705e-09
1.9012e-09
1.80331e-09
1.67862e-09
1.53444e-09
1.37915e-09
1.22086e-09
1.06645e-09
9.20976e-10
7.87632e-10
6.67984e-10
5.62382e-10
4.70345e-10
3.90889e-10
3.22768e-10
2.64638e-10
2.15164e-10
1.73082e-10
1.37227e-10
1.06546e-10
8.00906e-11
5.70022e-11
3.64834e-11
1.7757e-11
4.23957e-34
4.65233e-14
3.13208e-11
6.11019e-11
8.94474e-11
1.1642e-10
1.42082e-10
1.66491e-10
1.89706e-10
2.11784e-10
2.32776e-10
2.52736e-10
2.71713e-10
2.89755e-10
3.06906e-10
3.23212e-10
3.38713e-10
3.53449e-10
3.67458e-10
3.80777e-10
3.93438e-10
4.05476e-10
4.16921e-10
4.27803e-10
4.3815e-10
4.47988e-10
4.57343e-10
4.6624e-10
4.747e-10
4.82746e-10
4.90398e-10
4.97675e-10
5.04598e-10
5.80206e-10
6.61942e-10
7.4989e-10
8.43974e-10
9.43892e-10
1.04905e-09
1.15845e-09
1.27065e-09
1.38357e-09
1.49451e-09
1.60004e-09
1.69599e-09
1.77764e-09
1.8399e-09
1.87781e-09
1.88707e-09
1.8648e-09
1.81017e-09
1.72491e-09
1.61332e-09
1.48183e-09
1.33803e-09
1.18959e-09
1.04321e-09
9.04028e-10
7.75455e-10
6.59339e-10
5.56301e-10
4.661e-10
3.87943e-10
3.20734e-10
2.6324e-10
2.14208e-10
1.72431e-10
1.36787e-10
1.06252e-10
7.98976e-11
5.68802e-11
3.64123e-11
1.77246e-11
5.04533e-34
4.2709e-14
2.87582e-11
5.61031e-11
8.21305e-11
1.06898e-10
1.30463e-10
1.52879e-10
1.742e-10
1.94477e-10
2.13758e-10
2.32093e-10
2.49526e-10
2.66101e-10
2.81859e-10
2.96841e-10
3.11086e-10
3.24628e-10
3.37503e-10
3.49744e-10
3.61382e-10
3.72448e-10
3.8297e-10
3.92975e-10
4.02488e-10
4.11534e-10
4.20137e-10
4.28318e-10
4.36099e-10
4.43499e-10
4.50537e-10
4.57232e-10
4.63599e-10
5.33175e-10
6.08445e-10
6.89512e-10
7.76339e-10
8.68693e-10
9.66077e-10
1.06766e-09
1.17216e-09
1.2778e-09
1.38218e-09
1.48225e-09
1.57429e-09
1.65399e-09
1.7167e-09
1.75773e-09
1.77292e-09
1.75926e-09
1.71551e-09
1.64269e-09
1.54423e-09
1.42564e-09
1.29372e-09
1.1556e-09
1.01775e-09
8.85335e-10
7.61945e-10
6.49699e-10
5.49492e-10
4.6133e-10
3.84624e-10
3.18437e-10
2.61659e-10
2.13125e-10
1.71693e-10
1.36287e-10
1.05917e-10
7.96779e-11
5.67411e-11
3.63313e-11
1.76876e-11
5.53851e-34
3.89572e-14
2.62369e-11
5.11848e-11
7.49313e-11
9.75295e-11
1.19031e-10
1.39485e-10
1.58941e-10
1.77446e-10
1.95044e-10
2.11778e-10
2.27691e-10
2.42822e-10
2.57208e-10
2.70887e-10
2.83893e-10
2.96259e-10
3.08017e-10
3.19197e-10
3.29827e-10
3.39935e-10
3.49546e-10
3.58686e-10
3.67378e-10
3.75644e-10
3.83504e-10
3.90981e-10
3.98091e-10
4.04854e-10
4.11287e-10
4.17406e-10
4.23227e-10
4.86849e-10
5.55731e-10
6.2999e-10
7.09625e-10
7.94463e-10
8.84105e-10
9.7785e-10
1.07462e-09
1.17287e-09
1.27052e-09
1.36489e-09
1.45266e-09
1.52997e-09
1.59258e-09
1.63614e-09
1.65664e-09
1.65101e-09
1.61764e-09
1.55695e-09
1.47151e-09
1.36592e-09
1.24617e-09
1.11879e-09
9.89946e-10
8.64759e-10
7.46978e-10
6.3896e-10
5.41872e-10
4.55971e-10
3.80882e-10
3.15841e-10
2.59868e-10
2.11895e-10
1.70853e-10
1.35719e-10
1.05536e-10
7.94274e-11
5.65825e-11
3.62389e-11
1.76454e-11
6.07809e-34
3.52981e-14
2.37773e-11
4.63867e-11
6.79079e-11
8.83892e-11
1.07877e-10
1.26418e-10
1.44054e-10
1.60829e-10
1.76783e-10
1.91956e-10
2.06385e-10
2.20105e-10
2.33152e-10
2.45558e-10
2.57355e-10
2.68572e-10
2.79239e-10
2.89381e-10
2.99026e-10
3.08198e-10
3.1692e-10
3.25215e-10
3.33103e-10
3.40606e-10
3.47741e-10
3.54528e-10
3.60983e-10
3.67124e-10
3.72964e-10
3.78521e-10
3.83806e-10
4.41601e-10
5.04224e-10
5.71804e-10
6.44368e-10
7.21801e-10
8.03789e-10
8.89759e-10
9.78808e-10
1.06963e-09
1.16042e-09
1.24886e-09
1.33203e-09
1.40652e-09
1.46848e-09
1.51392e-09
1.53903e-09
1.54072e-09
1.51713e-09
1.46808e-09
1.3954e-09
1.30277e-09
1.19537e-09
1.07907e-09
9.59665e-10
8.4217e-10
7.30428e-10
6.27012e-10
5.33349e-10
4.49951e-10
3.76664e-10
3.12906e-10
2.57837e-10
2.10498e-10
1.69898e-10
1.3507e-10
1.05101e-10
7.91412e-11
5.64011e-11
3.61331e-11
1.75971e-11
6.66793e-34
3.17609e-14
2.1399e-11
4.17473e-11
6.11168e-11
7.9551e-11
9.70922e-11
1.13781e-10
1.29658e-10
1.4476e-10
1.59124e-10
1.72785e-10
1.85778e-10
1.98133e-10
2.09884e-10
2.21058e-10
2.31684e-10
2.41789e-10
2.51399e-10
2.60537e-10
2.69228e-10
2.77493e-10
2.85353e-10
2.92829e-10
2.9994e-10
3.06702e-10
3.13135e-10
3.19254e-10
3.25074e-10
3.3061e-10
3.35877e-10
3.40888e-10
3.45654e-10
3.97796e-10
4.54339e-10
5.15421e-10
5.81096e-10
6.51293e-10
7.25779e-10
8.04095e-10
8.85499e-10
9.68895e-10
1.05276e-09
1.1351e-09
1.2134e-09
1.28463e-09
1.34539e-09
1.39201e-09
1.42097e-09
1.42919e-09
1.41461e-09
1.37659e-09
1.31622e-09
1.23638e-09
1.14137e-09
1.03641e-09
9.26819e-10
8.17447e-10
7.1217e-10
6.13741e-10
5.23828e-10
4.43192e-10
3.7191e-10
3.09585e-10
2.55533e-10
2.08909e-10
1.68809e-10
1.3433e-10
1.04604e-10
7.88138e-11
5.61934e-11
3.6012e-11
1.75417e-11
7.31206e-34
2.83734e-14
1.91206e-11
3.73027e-11
5.46107e-11
7.10836e-11
8.67593e-11
1.01674e-10
1.15864e-10
1.29362e-10
1.42202e-10
1.54415e-10
1.66031e-10
1.77078e-10
1.87585e-10
1.97578e-10
2.07081e-10
2.16119e-10
2.24715e-10
2.3289e-10
2.40665e-10
2.4806e-10
2.55093e-10
2.61783e-10
2.68146e-10
2.74199e-10
2.79956e-10
2.85433e-10
2.90643e-10
2.956e-10
3.00315e-10
3.04801e-10
3.09069e-10
3.55776e-10
4.06468e-10
4.61287e-10
5.20306e-10
5.83498e-10
6.50695e-10
7.21542e-10
7.95442e-10
8.71495e-10
9.48431e-10
1.02456e-09
1.09772e-09
1.16531e-09
1.2243e-09
1.27143e-09
1.3034e-09
1.31727e-09
1.31084e-09
1.28307e-09
1.23444e-09
1.16703e-09
1.08433e-09
9.90825e-10
8.91351e-10
7.90489e-10
6.9209e-10
5.99036e-10
5.13209e-10
4.35613e-10
3.66553e-10
3.0583e-10
2.52919e-10
2.07101e-10
1.67568e-10
1.33485e-10
1.04035e-10
7.84388e-11
5.59553e-11
3.58729e-11
1.74781e-11
8.01464e-34
2.51601e-14
1.69588e-11
3.30855e-11
4.84373e-11
6.30491e-11
7.69543e-11
9.01856e-11
1.02774e-10
1.14751e-10
1.26143e-10
1.36981e-10
1.47289e-10
1.57094e-10
1.6642e-10
1.7529e-10
1.83726e-10
1.91751e-10
1.99383e-10
2.06642e-10
2.13547e-10
2.20114e-10
2.26361e-10
2.32304e-10
2.37956e-10
2.43334e-10
2.48449e-10
2.53315e-10
2.57945e-10
2.6235e-10
2.66541e-10
2.70528e-10
2.74322e-10
3.15853e-10
3.60966e-10
4.09804e-10
4.62456e-10
5.18927e-10
5.79109e-10
6.42735e-10
7.09338e-10
7.78191e-10
8.48254e-10
9.18117e-10
9.85963e-10
1.04955e-09
1.10626e-09
1.15319e-09
1.18734e-09
1.20592e-09
1.20665e-09
1.18824e-09
1.1506e-09
1.09511e-09
1.02446e-09
9.42414e-10
8.53252e-10
7.61226e-10
6.70085e-10
5.82786e-10
5.01391e-10
4.27126e-10
3.60522e-10
3.01583e-10
2.49952e-10
2.05044e-10
1.66152e-10
1.32519e-10
1.03384e-10
7.80085e-11
5.56818e-11
3.57131e-11
1.7405e-11
8.77988e-34
2.21422e-14
1.49278e-11
2.91234e-11
4.26374e-11
5.55003e-11
6.7742e-11
7.93911e-11
9.04751e-11
1.01021e-10
1.11053e-10
1.20597e-10
1.29676e-10
1.38313e-10
1.46528e-10
1.54342e-10
1.61775e-10
1.68845e-10
1.75571e-10
1.81968e-10
1.88054e-10
1.93843e-10
1.9935e-10
2.04588e-10
2.09572e-10
2.14313e-10
2.18824e-10
2.23115e-10
2.27198e-10
2.31083e-10
2.3478e-10
2.38297e-10
2.41643e-10
2.78295e-10
3.18141e-10
3.61323e-10
4.07942e-10
4.58028e-10
5.11522e-10
5.68235e-10
6.2781e-10
6.89675e-10
7.52991e-10
8.16605e-10
8.79007e-10
9.38308e-10
9.9226e-10
1.03832e-09
1.07381e-09
1.09611e-09
1.10298e-09
1.0929e-09
1.06536e-09
1.0211e-09
9.62081e-10
8.91344e-10
8.12573e-10
7.29625e-10
6.46077e-10
5.64893e-10
4.88273e-10
4.17641e-10
3.53743e-10
2.96786e-10
2.46587e-10
2.02702e-10
1.64535e-10
1.31413e-10
1.02637e-10
7.75144e-11
5.53672e-11
3.55291e-11
1.73208e-11
9.61195e-34
1.93364e-14
1.3039e-11
2.54387e-11
3.72433e-11
4.84797e-11
5.9174e-11
6.93511e-11
7.90352e-11
8.82496e-11
9.70164e-11
1.05357e-10
1.13292e-10
1.2084e-10
1.28021e-10
1.34853e-10
1.41351e-10
1.47533e-10
1.53414e-10
1.59009e-10
1.64331e-10
1.69395e-10
1.74212e-10
1.78794e-10
1.83154e-10
1.87303e-10
1.9125e-10
1.95005e-10
1.98578e-10
2.01978e-10
2.05213e-10
2.08292e-10
2.11221e-10
2.43318e-10
2.78241e-10
3.16129e-10
3.57088e-10
4.01169e-10
4.48352e-10
4.98512e-10
5.51386e-10
6.06535e-10
6.633e-10
7.20752e-10
7.77656e-10
8.32447e-10
8.83224e-10
9.27801e-10
9.63804e-10
9.88846e-10
1.00076e-09
9.97916e-10
9.7946e-10
9.4559e-10
8.97617e-10
8.37875e-10
7.69434e-10
6.95705e-10
6.20017e-10
5.45276e-10
4.73763e-10
4.07069e-10
3.46138e-10
2.91374e-10
2.42772e-10
2.00036e-10
1.62688e-10
1.30146e-10
1.0178e-10
7.69463e-11
5.50051e-11
3.53171e-11
1.72236e-11
1.05149e-33
1.67548e-14
1.13005e-11
2.20471e-11
3.22783e-11
4.20175e-11
5.12872e-11
6.01091e-11
6.85043e-11
7.64928e-11
8.40938e-11
9.13259e-11
9.82067e-11
1.04753e-10
1.10981e-10
1.16907e-10
1.22544e-10
1.27907e-10
1.3301e-10
1.37864e-10
1.42483e-10
1.46877e-10
1.51058e-10
1.55035e-10
1.5882e-10
1.62421e-10
1.65848e-10
1.69108e-10
1.72211e-10
1.75163e-10
1.77973e-10
1.80647e-10
1.83191e-10
2.11079e-10
2.41448e-10
2.74432e-10
3.10136e-10
3.48627e-10
3.89916e-10
4.33927e-10
4.80479e-10
5.29245e-10
5.79717e-10
6.31163e-10
6.82594e-10
7.32731e-10
7.79996e-10
8.22536e-10
8.58291e-10
8.8512e-10
9.0099e-10
9.04217e-10
8.93724e-10
8.69272e-10
8.3159e-10
7.8236e-10
7.24039e-10
6.59547e-10
5.919e-10
5.23878e-10
4.57781e-10
3.95324e-10
3.37626e-10
2.85279e-10
2.38453e-10
1.97005e-10
1.6058e-10
1.28696e-10
1.00796e-10
7.62927e-11
5.45878e-11
3.50724e-11
1.71115e-11
1.14923e-33
1.4404e-14
9.7171e-12
1.8958e-11
2.7756e-11
3.61313e-11
4.41031e-11
5.16904e-11
5.89111e-11
6.57825e-11
7.23211e-11
7.85429e-11
8.44629e-11
9.00957e-11
9.54551e-11
1.00554e-10
1.05406e-10
1.10022e-10
1.14415e-10
1.18594e-10
1.2257e-10
1.26353e-10
1.29953e-10
1.33379e-10
1.36638e-10
1.3974e-10
1.42692e-10
1.455e-10
1.48173e-10
1.50717e-10
1.53137e-10
1.55441e-10
1.57634e-10
1.81674e-10
2.07875e-10
2.36361e-10
2.67238e-10
3.00581e-10
3.36421e-10
3.74727e-10
4.15378e-10
4.58142e-10
5.02638e-10
5.48304e-10
5.94361e-10
6.39784e-10
6.83287e-10
7.23326e-10
7.58144e-10
7.8586e-10
8.04609e-10
8.12738e-10
8.09026e-10
7.92906e-10
7.64615e-10
7.25252e-10
6.76679e-10
6.21304e-10
5.61777e-10
5.00677e-10
4.40267e-10
3.82331e-10
3.28133e-10
2.78433e-10
2.33572e-10
1.93561e-10
1.58176e-10
1.27035e-10
9.96657e-11
7.55405e-11
5.41066e-11
3.47899e-11
1.69818e-11
1.25474e-33
1.22861e-14
8.28999e-12
1.61739e-11
2.36801e-11
3.08259e-11
3.76279e-11
4.41021e-11
5.02639e-11
5.6128e-11
6.17085e-11
6.7019e-11
7.20724e-11
7.6881e-11
8.14566e-11
8.58104e-11
8.99533e-11
9.38954e-11
9.76465e-11
1.01216e-10
1.04612e-10
1.07844e-10
1.1092e-10
1.13846e-10
1.16631e-10
1.19282e-10
1.21804e-10
1.24204e-10
1.26489e-10
1.28663e-10
1.30732e-10
1.32701e-10
1.34576e-10
1.55136e-10
1.77562e-10
2.01968e-10
2.28457e-10
2.57108e-10
2.87967e-10
3.21034e-10
3.56239e-10
3.93423e-10
4.32312e-10
4.72483e-10
5.13339e-10
5.54074e-10
5.93658e-10
6.30829e-10
6.64118e-10
6.91905e-10
7.1252e-10
7.24399e-10
7.26261e-10
7.17307e-10
6.9739e-10
6.67097e-10
6.2774e-10
5.81213e-10
5.29758e-10
4.75699e-10
4.21189e-10
3.6803e-10
3.17587e-10
2.70767e-10
2.28069e-10
1.89657e-10
1.55436e-10
1.25136e-10
9.83685e-11
7.46746e-11
5.35516e-11
3.44635e-11
1.68319e-11
1.36823e-33
1.03978e-14
7.01728e-12
1.36909e-11
2.0045e-11
2.60943e-11
3.18528e-11
3.7334e-11
4.25511e-11
4.75165e-11
5.22421e-11
5.67393e-11
6.10192e-11
6.5092e-11
6.89678e-11
7.26561e-11
7.61659e-11
7.9506e-11
8.26844e-11
8.5709e-11
8.85874e-11
9.13266e-11
9.39334e-11
9.64142e-11
9.87752e-11
1.01022e-10
1.03161e-10
1.05196e-10
1.07133e-10
1.08977e-10
1.10731e-10
1.12402e-10
1.13992e-10
1.31436e-10
1.50479e-10
1.71224e-10
1.93767e-10
2.18187e-10
2.44543e-10
2.72852e-10
3.03085e-10
3.35142e-10
3.68832e-10
4.03848e-10
4.39743e-10
4.75896e-10
5.11501e-10
5.45545e-10
5.76823e-10
6.0397e-10
6.25529e-10
6.40064e-10
6.46306e-10
6.4332e-10
6.30667e-10
6.08519e-10
5.77696e-10
5.39594e-10
4.96031e-10
4.49023e-10
4.00553e-10
3.52383e-10
3.0593e-10
2.62218e-10
2.21886e-10
1.8524e-10
1.5232e-10
1.22965e-10
9.68806e-11
7.36783e-11
5.29113e-11
3.40863e-11
1.66584e-11
1.4898e-33
8.73183e-15
5.89408e-12
1.14996e-11
1.68369e-11
2.19183e-11
2.67556e-11
3.13604e-11
3.57434e-11
3.99153e-11
4.38859e-11
4.7665e-11
5.12616e-11
5.46845e-11
5.79421e-11
6.10424e-11
6.39928e-11
6.68007e-11
6.9473e-11
7.20162e-11
7.44366e-11
7.67401e-11
7.89325e-11
8.1019e-11
8.30049e-11
8.4895e-11
8.66939e-11
8.84062e-11
9.0036e-11
9.15873e-11
9.30638e-11
9.44694e-11
9.58072e-11
1.10493e-10
1.26536e-10
1.44029e-10
1.63061e-10
1.8371e-10
2.06035e-10
2.30073e-10
2.55819e-10
2.83218e-10
3.12146e-10
3.42389e-10
3.73618e-10
4.05371e-10
4.37027e-10
4.67792e-10
4.96698e-10
5.22618e-10
5.44312e-10
5.60502e-10
5.69986e-10
5.71773e-10
5.65231e-10
5.50206e-10
5.271e-10
4.96854e-10
4.6086e-10
4.20793e-10
3.78414e-10
3.35385e-10
2.93124e-10
2.52733e-10
2.14966e-10
1.80261e-10
1.48784e-10
1.2049e-10
9.51761e-11
7.25328e-11
5.21731e-11
3.36505e-11
1.64577e-11
1.61935e-33
7.27707e-15
4.91299e-12
9.58553e-12
1.40346e-11
1.82705e-11
2.23031e-11
2.6142e-11
2.97963e-11
3.32747e-11
3.65856e-11
3.9737e-11
4.27364e-11
4.55911e-11
4.83082e-11
5.08942e-11
5.33555e-11
5.5698e-11
5.79275e-11
6.00495e-11
6.20692e-11
6.39915e-11
6.58211e-11
6.75626e-11
6.92201e-11
7.07978e-11
7.22996e-11
7.3729e-11
7.50897e-11
7.63849e-11
7.76178e-11
7.87914e-11
7.99086e-11
9.21763e-11
1.05587e-10
1.20223e-10
1.36165e-10
1.53485e-10
1.72245e-10
1.92488e-10
2.1423e-10
2.37449e-10
2.62069e-10
2.87947e-10
3.14854e-10
3.4245e-10
3.70272e-10
3.97709e-10
4.24001e-10
4.48239e-10
4.69392e-10
4.86356e-10
4.98036e-10
5.03451e-10
5.01859e-10
4.92877e-10
4.76568e-10
4.53477e-10
4.24589e-10
3.91225e-10
3.54883e-10
3.1707e-10
2.79156e-10
2.42272e-10
2.0726e-10
1.7467e-10
1.44786e-10
1.17673e-10
9.3227e-11
7.12177e-11
5.13227e-11
3.31472e-11
1.62255e-11
1.75657e-33
6.01951e-15
4.06466e-12
7.93045e-12
1.16114e-11
1.51161e-11
1.84528e-11
2.16294e-11
2.46533e-11
2.75319e-11
3.0272e-11
3.28802e-11
3.53628e-11
3.77259e-11
3.99752e-11
4.21161e-11
4.41538e-11
4.60934e-11
4.79396e-11
4.96968e-11
5.13694e-11
5.29615e-11
5.44769e-11
5.59194e-11
5.72925e-11
5.85995e-11
5.98437e-11
6.1028e-11
6.21554e-11
6.32286e-11
6.42503e-11
6.52229e-11
6.61488e-11
7.63188e-11
8.74438e-11
9.95956e-11
1.12845e-10
1.2726e-10
1.42898e-10
1.59808e-10
1.78017e-10
1.97526e-10
2.18295e-10
2.40236e-10
2.63194e-10
2.86929e-10
3.11101e-10
3.35256e-10
3.58808e-10
3.81042e-10
4.0112e-10
4.18115e-10
4.31065e-10
4.39048e-10
4.41287e-10
4.37252e-10
4.26753e-10
4.10007e-10
3.87635e-10
3.60606e-10
3.30131e-10
2.97521e-10
2.64044e-10
2.30818e-10
1.98732e-10
1.68424e-10
1.40283e-10
1.14479e-10
9.1004e-11
6.97106e-11
5.03447e-11
3.25668e-11
1.59574e-11
1.90079e-33
4.94303e-15
3.33831e-12
6.51331e-12
9.53659e-12
1.24152e-11
1.51559e-11
1.77652e-11
2.02492e-11
2.2614e-11
2.48651e-11
2.7008e-11
2.90479e-11
3.09896e-11
3.2838e-11
3.45974e-11
3.62721e-11
3.78663e-11
3.93838e-11
4.08283e-11
4.22033e-11
4.35121e-11
4.47581e-11
4.59441e-11
4.70732e-11
4.81479e-11
4.91711e-11
5.01451e-11
5.10723e-11
5.1955e-11
5.27954e-11
5.35954e-11
5.43571e-11
6.27255e-11
7.18853e-11
8.18985e-11
9.2827e-11
1.04731e-10
1.17666e-10
1.31679e-10
1.46805e-10
1.63059e-10
1.80428e-10
1.98862e-10
2.18262e-10
2.38466e-10
2.59233e-10
2.8023e-10
3.0102e-10
3.21052e-10
3.39664e-10
3.56097e-10
3.69533e-10
3.79144e-10
3.84173e-10
3.84016e-10
3.78316e-10
3.67032e-10
3.50475e-10
3.29292e-10
3.04399e-10
2.76877e-10
2.47852e-10
2.18381e-10
1.89361e-10
1.61489e-10
1.35237e-10
1.10872e-10
8.84773e-11
6.79884e-11
4.92223e-11
3.18986e-11
1.5648e-11
2.05095e-33
4.03027e-15
2.72226e-12
5.31139e-12
7.77685e-12
1.01244e-11
1.23595e-11
1.44876e-11
1.65136e-11
1.84424e-11
2.02787e-11
2.20267e-11
2.36908e-11
2.52749e-11
2.6783e-11
2.82185e-11
2.95851e-11
3.0886e-11
3.21243e-11
3.33032e-11
3.44254e-11
3.54938e-11
3.65108e-11
3.7479e-11
3.84007e-11
3.92781e-11
4.01134e-11
4.09087e-11
4.16658e-11
4.23866e-11
4.30728e-11
4.37261e-11
4.43481e-11
5.11842e-11
5.8671e-11
6.68612e-11
7.58082e-11
8.55648e-11
9.61815e-11
1.07704e-10
1.20168e-10
1.33599e-10
1.48001e-10
1.6335e-10
1.79589e-10
1.96613e-10
2.14258e-10
2.32287e-10
2.50382e-10
2.68129e-10
2.85018e-10
3.00445e-10
3.13735e-10
3.24173e-10
3.31061e-10
3.33784e-10
3.31886e-10
3.25148e-10
3.1363e-10
2.97698e-10
2.77986e-10
2.55334e-10
2.3069e-10
2.05006e-10
1.79151e-10
1.53844e-10
1.29619e-10
1.0682e-10
8.56178e-11
6.60274e-11
4.79379e-11
3.11312e-11
1.52918e-11
2.20547e-33
3.26334e-15
2.20453e-12
4.30128e-12
6.2979e-12
8.19908e-12
1.00093e-11
1.17329e-11
1.33738e-11
1.49361e-11
1.64235e-11
1.78396e-11
1.91877e-11
2.04711e-11
2.16928e-11
2.2856e-11
2.39633e-11
2.50174e-11
2.6021e-11
2.69764e-11
2.78859e-11
2.87518e-11
2.95761e-11
3.03609e-11
3.1108e-11
3.18194e-11
3.24966e-11
3.31413e-11
3.37551e-11
3.43396e-11
3.4896e-11
3.54258e-11
3.59301e-11
4.14749e-11
4.75508e-11
5.42018e-11
6.14734e-11
6.94112e-11
7.80601e-11
8.74619e-11
9.76532e-11
1.08662e-10
1.20503e-10
1.33171e-10
1.46639e-10
1.60842e-10
1.75673e-10
1.9097e-10
2.06508e-10
2.21983e-10
2.37013e-10
2.51131e-10
2.63795e-10
2.74411e-10
2.82363e-10
2.87068e-10
2.88034e-10
2.84929e-10
2.77634e-10
2.66281e-10
2.51251e-10
2.33146e-10
2.12717e-10
1.90781e-10
1.68137e-10
1.4549e-10
1.23409e-10
1.02298e-10
8.23991e-11
6.38046e-11
4.6474e-11
3.02528e-11
1.4883e-11
2.36213e-33
2.62452e-15
1.7732e-12
3.45972e-12
5.06574e-12
6.59502e-12
8.05118e-12
9.43766e-12
1.07578e-11
1.20146e-11
1.32113e-11
1.43506e-11
1.54353e-11
1.6468e-11
1.74511e-11
1.83871e-11
1.92783e-11
2.01266e-11
2.09343e-11
2.17033e-11
2.24354e-11
2.31324e-11
2.3796e-11
2.44278e-11
2.50293e-11
2.5602e-11
2.61472e-11
2.66664e-11
2.71606e-11
2.76312e-11
2.80793e-11
2.85059e-11
2.89121e-11
3.33785e-11
3.8275e-11
4.36382e-11
4.95063e-11
5.5918e-11
6.29123e-11
7.05267e-11
7.87955e-11
8.77476e-11
9.74033e-11
1.0777e-10
1.18838e-10
1.30573e-10
1.42909e-10
1.55739e-10
1.68909e-10
1.82203e-10
1.95341e-10
2.07972e-10
2.19675e-10
2.2997e-10
2.38337e-10
2.44253e-10
2.47236e-10
2.469e-10
2.43007e-10
2.35513e-10
2.2459e-10
2.10618e-10
1.94147e-10
1.75837e-10
1.56385e-10
1.36451e-10
1.16605e-10
9.72874e-11
7.87995e-11
6.12991e-11
4.48133e-11
2.92517e-11
1.44157e-11
2.51794e-33
2.09681e-15
1.41682e-12
2.76439e-12
4.04766e-12
5.26964e-12
6.43322e-12
7.54116e-12
8.59609e-12
9.60053e-12
1.05569e-11
1.14674e-11
1.23344e-11
1.31598e-11
1.39456e-11
1.46939e-11
1.54062e-11
1.60844e-11
1.67302e-11
1.7345e-11
1.79303e-11
1.84876e-11
1.90182e-11
1.95234e-11
2.00044e-11
2.04624e-11
2.08985e-11
2.13136e-11
2.17089e-11
2.20853e-11
2.24437e-11
2.2785e-11
2.31099e-11
2.66833e-11
3.06024e-11
3.48975e-11
3.96e-11
4.47426e-11
5.03584e-11
5.64801e-11
6.31388e-11
7.03623e-11
7.81732e-11
8.65856e-11
9.56014e-11
1.05206e-10
1.15362e-10
1.26004e-10
1.37028e-10
1.48288e-10
1.59583e-10
1.70656e-10
1.8119e-10
1.90808e-10
1.99089e-10
2.05585e-10
2.09853e-10
2.115e-10
2.10224e-10
2.05861e-10
1.98421e-10
1.88093e-10
1.75239e-10
1.60353e-10
1.44006e-10
1.26783e-10
1.09225e-10
9.17868e-11
7.48055e-11
5.84941e-11
4.29407e-11
2.81165e-11
1.38839e-11
2.66901e-33
1.66428e-15
1.12467e-12
2.19437e-12
3.21305e-12
4.18309e-12
5.10679e-12
5.98635e-12
6.82385e-12
7.6213e-12
8.38059e-12
9.10354e-12
9.7919e-12
1.04473e-11
1.10713e-11
1.16655e-11
1.22312e-11
1.27698e-11
1.32826e-11
1.37709e-11
1.42358e-11
1.46785e-11
1.51e-11
1.55013e-11
1.58834e-11
1.62472e-11
1.65936e-11
1.69234e-11
1.72375e-11
1.75366e-11
1.78213e-11
1.80924e-11
1.83506e-11
2.11905e-11
2.43063e-11
2.77226e-11
3.14653e-11
3.55613e-11
4.00385e-11
4.49247e-11
5.02472e-11
5.60318e-11
6.23006e-11
6.90708e-11
7.63514e-11
8.41403e-11
9.24197e-11
1.01151e-10
1.1027e-10
1.19679e-10
1.29239e-10
1.38768e-10
1.48033e-10
1.56748e-10
1.64581e-10
1.71165e-10
1.76116e-10
1.79063e-10
1.79686e-10
1.77752e-10
1.73155e-10
1.65935e-10
1.56287e-10
1.44546e-10
1.31145e-10
1.16572e-10
1.01315e-10
8.58103e-11
7.04147e-11
5.53795e-11
4.08443e-11
2.68379e-11
1.32825e-11
2.8105e-33
1.31236e-15
8.8693e-13
1.73052e-12
2.53388e-12
3.2989e-12
4.02739e-12
4.72107e-12
5.38161e-12
6.01058e-12
6.60946e-12
7.17971e-12
7.72269e-12
8.23969e-12
8.73195e-12
9.20067e-12
9.64696e-12
1.00719e-11
1.04765e-11
1.08618e-11
1.12286e-11
1.15779e-11
1.19104e-11
1.22271e-11
1.25286e-11
1.28157e-11
1.30891e-11
1.33494e-11
1.35973e-11
1.38333e-11
1.40581e-11
1.42721e-11
1.44758e-11
1.67177e-11
1.91783e-11
2.18773e-11
2.48357e-11
2.80756e-11
3.16199e-11
3.54921e-11
3.97155e-11
4.43128e-11
4.93049e-11
5.47093e-11
6.05387e-11
6.67982e-11
7.34825e-11
8.0572e-11
8.80284e-11
9.57896e-11
1.03764e-10
1.11825e-10
1.19806e-10
1.27497e-10
1.34646e-10
1.40961e-10
1.46123e-10
1.49807e-10
1.51702e-10
1.51551e-10
1.49174e-10
1.44507e-10
1.37608e-10
1.28669e-10
1.17989e-10
1.05944e-10
9.29457e-11
7.9394e-11
6.56391e-11
5.19541e-11
3.85178e-11
2.5409e-11
1.26074e-11
2.93652e-33
1.02802e-15
6.94818e-13
1.35569e-12
1.98505e-12
2.58438e-12
3.1551e-12
3.69857e-12
4.21609e-12
4.70887e-12
5.17811e-12
5.62492e-12
6.05037e-12
6.45548e-12
6.84122e-12
7.20852e-12
7.55826e-12
7.89128e-12
8.20837e-12
8.51031e-12
8.7978e-12
9.07156e-12
9.33223e-12
9.58044e-12
9.81679e-12
1.00418e-11
1.02561e-11
1.04602e-11
1.06545e-11
1.08395e-11
1.10157e-11
1.11835e-11
1.13433e-11
1.31011e-11
1.5031e-11
1.71488e-11
1.94712e-11
2.2016e-11
2.4802e-11
2.78485e-11
3.1175e-11
3.48012e-11
3.87455e-11
4.30248e-11
4.76527e-11
5.26383e-11
5.79836e-11
6.36809e-11
6.971e-11
7.60334e-11
8.25926e-11
8.9303e-11
9.60491e-11
1.02681e-10
1.09012e-10
1.14819e-10
1.19848e-10
1.23825e-10
1.26474e-10
1.27538e-10
1.26807e-10
1.24146e-10
1.19519e-10
1.12995e-10
1.04752e-10
9.50529e-11
8.42211e-11
7.25983e-11
6.05092e-11
4.82291e-11
3.59619e-11
2.38269e-11
1.18561e-11
3.04019e-33
7.99776e-16
5.40589e-13
1.05477e-12
1.54444e-12
2.01075e-12
2.45481e-12
2.87767e-12
3.28034e-12
3.66378e-12
4.02891e-12
4.3766e-12
4.70767e-12
5.02292e-12
5.32311e-12
5.60896e-12
5.88114e-12
6.14032e-12
6.38711e-12
6.62211e-12
6.84588e-12
7.05896e-12
7.26186e-12
7.45507e-12
7.63905e-12
7.81423e-12
7.98106e-12
8.13991e-12
8.29118e-12
8.43522e-12
8.57239e-12
8.70301e-12
8.82739e-12
1.01961e-11
1.16993e-11
1.33492e-11
1.51593e-11
1.71438e-11
1.93178e-11
2.16969e-11
2.42974e-11
2.71355e-11
3.02272e-11
3.35878e-11
3.72305e-11
4.11658e-11
4.53996e-11
4.99318e-11
5.47533e-11
5.98434e-11
6.51665e-11
7.06681e-11
7.62708e-11
8.18704e-11
8.73329e-11
9.2493e-11
9.71555e-11
1.011e-10
1.04093e-10
1.05899e-10
1.06306e-10
1.05146e-10
1.02316e-10
9.77991e-11
9.16675e-11
8.4082e-11
7.5272e-11
6.55093e-11
5.50753e-11
4.42304e-11
3.31874e-11
2.20946e-11
1.10288e-11
3.11377e-33
6.17686e-16
4.17534e-13
8.14673e-13
1.19288e-12
1.55305e-12
1.89604e-12
2.22267e-12
2.5337e-12
2.82989e-12
3.11193e-12
3.38051e-12
3.63626e-12
3.8798e-12
4.1117e-12
4.33253e-12
4.54281e-12
4.74304e-12
4.93371e-12
5.11528e-12
5.28817e-12
5.45281e-12
5.60958e-12
5.75887e-12
5.90103e-12
6.0364e-12
6.16531e-12
6.28806e-12
6.40496e-12
6.51627e-12
6.62227e-12
6.72322e-12
6.81934e-12
7.87725e-12
9.03927e-12
1.03152e-11
1.17154e-11
1.32513e-11
1.49347e-11
1.67782e-11
1.87949e-11
2.09983e-11
2.34017e-11
2.60183e-11
2.88602e-11
3.19379e-11
3.5259e-11
3.88273e-11
4.26406e-11
4.66891e-11
5.09525e-11
5.53972e-11
5.9973e-11
6.46098e-11
6.92142e-11
7.36672e-11
7.78235e-11
8.15129e-11
8.45455e-11
8.6721e-11
8.78424e-11
8.77335e-11
8.62585e-11
8.33404e-11
7.8974e-11
7.32308e-11
6.62529e-11
5.82369e-11
4.94095e-11
4.00003e-11
3.02164e-11
2.0222e-11
1.01288e-11
3.149e-33
4.73257e-16
3.19921e-13
6.24216e-13
9.14008e-13
1.18998e-12
1.4528e-12
1.70307e-12
1.94141e-12
2.16837e-12
2.38449e-12
2.59031e-12
2.78629e-12
2.97292e-12
3.15064e-12
3.31987e-12
3.48103e-12
3.63449e-12
3.78062e-12
3.91977e-12
4.05229e-12
4.17847e-12
4.29864e-12
4.41306e-12
4.52203e-12
4.62579e-12
4.7246e-12
4.8187e-12
4.9083e-12
4.99363e-12
5.07489e-12
5.15227e-12
5.22596e-12
6.03703e-12
6.92808e-12
7.90669e-12
8.98101e-12
1.01598e-11
1.14525e-11
1.2869e-11
1.44197e-11
1.61154e-11
1.79672e-11
1.99861e-11
2.21824e-11
2.4566e-11
2.71447e-11
2.99241e-11
3.2906e-11
3.60869e-11
3.94567e-11
4.29956e-11
4.66724e-11
5.04413e-11
5.42392e-11
5.79829e-11
6.15674e-11
6.48655e-11
6.77297e-11
6.99965e-11
7.14954e-11
7.20608e-11
7.1547e-11
6.98446e-11
6.68955e-11
6.27026e-11
5.73331e-11
5.09111e-11
4.36034e-11
3.55985e-11
2.70841e-11
1.82273e-11
9.16345e-12
3.13754e-33
3.59319e-16
2.42909e-13
4.73955e-13
6.9399e-13
9.03536e-13
1.10309e-12
1.29313e-12
1.4741e-12
1.64644e-12
1.81055e-12
1.96683e-12
2.11566e-12
2.25738e-12
2.39234e-12
2.52086e-12
2.64324e-12
2.75978e-12
2.87076e-12
2.97644e-12
3.07708e-12
3.17292e-12
3.26418e-12
3.35109e-12
3.43385e-12
3.51266e-12
3.58771e-12
3.65918e-12
3.72725e-12
3.79206e-12
3.85378e-12
3.91256e-12
3.96854e-12
4.58467e-12
5.26168e-12
6.00537e-12
6.82201e-12
7.71838e-12
8.70172e-12
9.77979e-12
1.09607e-11
1.22532e-11
1.36659e-11
1.52078e-11
1.68878e-11
1.87142e-11
2.06945e-11
2.28346e-11
2.51382e-11
2.76056e-11
3.02326e-11
3.30086e-11
3.5915e-11
3.89231e-11
4.19912e-11
4.50629e-11
4.80646e-11
5.0904e-11
5.34704e-11
5.56361e-11
5.72613e-11
5.82012e-11
5.83169e-11
5.74881e-11
5.56268e-11
5.26894e-11
4.86845e-11
4.36735e-11
3.77647e-11
3.11001e-11
2.38382e-11
1.61372e-11
8.14454e-12
3.07165e-33
2.69883e-16
1.82455e-13
3.55999e-13
5.21274e-13
6.78671e-13
8.28564e-13
9.7131e-13
1.10725e-12
1.2367e-12
1.35998e-12
1.47738e-12
1.58918e-12
1.69564e-12
1.79702e-12
1.89357e-12
1.98551e-12
2.07306e-12
2.15643e-12
2.23583e-12
2.31144e-12
2.38344e-12
2.45201e-12
2.5173e-12
2.57948e-12
2.63869e-12
2.69508e-12
2.74878e-12
2.79992e-12
2.84862e-12
2.895e-12
2.93916e-12
2.98122e-12
3.44422e-12
3.95302e-12
4.51204e-12
5.12603e-12
5.80014e-12
6.53993e-12
7.35132e-12
8.24062e-12
9.21449e-12
1.02799e-11
1.14439e-11
1.27136e-11
1.40961e-11
1.55978e-11
1.72244e-11
1.89802e-11
2.08673e-11
2.28849e-11
2.5028e-11
2.72863e-11
2.96423e-11
3.20696e-11
3.45308e-11
3.69756e-11
3.93392e-11
4.15411e-11
4.34852e-11
4.50618e-11
4.61515e-11
4.66321e-11
4.63875e-11
4.53191e-11
4.33566e-11
4.04685e-11
3.66671e-11
3.20096e-11
2.65918e-11
2.05376e-11
1.39871e-11
7.08804e-12
2.94484e-33
1.99983e-16
1.35203e-13
2.63804e-13
3.86277e-13
5.02913e-13
6.13989e-13
7.1977e-13
8.20507e-13
9.1644e-13
1.0078e-12
1.0948e-12
1.17765e-12
1.25655e-12
1.33168e-12
1.40323e-12
1.47137e-12
1.53626e-12
1.59805e-12
1.65689e-12
1.71293e-12
1.7663e-12
1.81712e-12
1.86551e-12
1.9116e-12
1.95549e-12
1.99728e-12
2.03709e-12
2.07499e-12
2.11109e-12
2.14546e-12
2.1782e-12
2.20938e-12
2.55259e-12
2.9298e-12
3.3443e-12
3.79965e-12
4.2997e-12
4.84863e-12
5.4509e-12
6.11129e-12
6.83489e-12
7.627e-12
8.49315e-12
9.43897e-12
1.04701e-11
1.15918e-11
1.28092e-11
1.41262e-11
1.55458e-11
1.70689e-11
1.86938e-11
2.04152e-11
2.22229e-11
2.41007e-11
2.60246e-11
2.79612e-11
2.98661e-11
3.16825e-11
3.33406e-11
3.47577e-11
3.584e-11
3.64865e-11
3.65948e-11
3.60691e-11
3.48293e-11
3.2821e-11
3.00232e-11
2.64527e-11
2.21646e-11
1.72477e-11
1.1818e-11
6.01341e-12
2.75253e-33
1.45516e-16
9.8382e-14
1.9196e-13
2.81079e-13
3.65951e-13
4.46778e-13
5.23753e-13
5.97057e-13
6.66866e-13
7.33347e-13
7.96657e-13
8.56948e-13
9.14364e-13
9.69041e-13
1.02111e-12
1.0707e-12
1.11792e-12
1.16289e-12
1.20571e-12
1.2465e-12
1.28533e-12
1.32232e-12
1.35754e-12
1.39108e-12
1.42302e-12
1.45344e-12
1.48241e-12
1.51e-12
1.53627e-12
1.56129e-12
1.58512e-12
1.60781e-12
1.85763e-12
2.13222e-12
2.43399e-12
2.76555e-12
3.12973e-12
3.52959e-12
3.96845e-12
4.44984e-12
4.97753e-12
5.55552e-12
6.18796e-12
6.87916e-12
7.63345e-12
8.45512e-12
9.34819e-12
1.03163e-11
1.13622e-11
1.24876e-11
1.36924e-11
1.49744e-11
1.6328e-11
1.77436e-11
1.92061e-11
2.0694e-11
2.21778e-11
2.36185e-11
2.49671e-11
2.61636e-11
2.71376e-11
2.781e-11
2.80965e-11
2.79127e-11
2.71812e-11
2.58393e-11
2.38472e-11
2.11946e-11
1.79046e-11
1.40342e-11
9.67298e-12
4.94179e-12
2.49217e-33
1.03081e-16
6.96933e-14
1.35983e-13
1.99115e-13
2.59239e-13
3.16497e-13
3.71026e-13
4.22956e-13
4.7241e-13
5.19506e-13
5.64357e-13
6.07069e-13
6.47745e-13
6.86481e-13
7.2337e-13
7.58499e-13
7.91954e-13
8.23813e-13
8.54153e-13
8.83047e-13
9.10562e-13
9.36766e-13
9.6172e-13
9.85485e-13
1.00812e-12
1.02967e-12
1.05019e-12
1.06974e-12
1.08835e-12
1.10608e-12
1.12296e-12
1.13904e-12
1.31605e-12
1.51063e-12
1.72449e-12
1.9595e-12
2.21766e-12
2.50117e-12
2.81241e-12
3.1539e-12
3.52839e-12
3.93875e-12
4.38802e-12
4.87936e-12
5.41601e-12
6.00118e-12
6.63802e-12
7.32941e-12
8.0778e-12
8.88494e-12
9.75155e-12
1.06769e-11
1.16581e-11
1.26898e-11
1.37629e-11
1.48639e-11
1.59737e-11
1.70667e-11
1.81093e-11
1.906e-11
1.98681e-11
2.04751e-11
2.08159e-11
2.08222e-11
2.04267e-11
1.95696e-11
1.8205e-11
1.63081e-11
1.38803e-11
1.09533e-11
7.59123e-12
3.89296e-12
2.16261e-33
6.98123e-17
4.72011e-14
9.20973e-14
1.34855e-13
1.75575e-13
2.14354e-13
2.51286e-13
2.86457e-13
3.19951e-13
3.51849e-13
3.82226e-13
4.11155e-13
4.38705e-13
4.64941e-13
4.89926e-13
5.1372e-13
5.36379e-13
5.57958e-13
5.78508e-13
5.98079e-13
6.16716e-13
6.34465e-13
6.51368e-13
6.67464e-13
6.82794e-13
6.97393e-13
7.11295e-13
7.24535e-13
7.37144e-13
7.49152e-13
7.60588e-13
7.71479e-13
8.91384e-13
1.0232e-12
1.16809e-12
1.32731e-12
1.50225e-12
1.6944e-12
1.90538e-12
2.13692e-12
2.3909e-12
2.66931e-12
2.97425e-12
3.30793e-12
3.67261e-12
4.07059e-12
4.50414e-12
4.97539e-12
5.48624e-12
6.0382e-12
6.63215e-12
7.26808e-12
7.94474e-12
8.65915e-12
9.40611e-12
1.01775e-11
1.09615e-11
1.17418e-11
1.2497e-11
1.31993e-11
1.38145e-11
1.43021e-11
1.46152e-11
1.47029e-11
1.4513e-11
1.39955e-11
1.31082e-11
1.18224e-11
1.01282e-11
8.03986e-12
5.59935e-12
2.88118e-12
1.76186e-33
4.31962e-17
2.92059e-14
5.69856e-14
8.3442e-14
1.08638e-13
1.32633e-13
1.55485e-13
1.77247e-13
1.97973e-13
2.1771e-13
2.36507e-13
2.54407e-13
2.71454e-13
2.87688e-13
3.03149e-13
3.17872e-13
3.31893e-13
3.45246e-13
3.57963e-13
3.70073e-13
3.81606e-13
3.92589e-13
4.03048e-13
4.13009e-13
4.22495e-13
4.31529e-13
4.40132e-13
4.48325e-13
4.56128e-13
4.63559e-13
4.70635e-13
4.77375e-13
5.51577e-13
6.33154e-13
7.22826e-13
8.21378e-13
9.29666e-13
1.04862e-12
1.17925e-12
1.32263e-12
1.47994e-12
1.65243e-12
1.84142e-12
2.0483e-12
2.27451e-12
2.52152e-12
2.7908e-12
3.08375e-12
3.40167e-12
3.74564e-12
4.11637e-12
4.51411e-12
4.93837e-12
5.38767e-12
5.85922e-12
6.34849e-12
6.84877e-12
7.35056e-12
7.84108e-12
8.30365e-12
8.71728e-12
9.05643e-12
9.29118e-12
9.38797e-12
9.3111e-12
9.02515e-12
8.49823e-12
7.70605e-12
6.63631e-12
5.29311e-12
3.70104e-12
1.90964e-12
1.28243e-33
2.08245e-17
1.408e-14
2.74725e-14
4.02271e-14
5.23739e-14
6.3942e-14
7.49588e-14
8.54505e-14
9.54422e-14
1.04958e-13
1.14019e-13
1.22649e-13
1.30868e-13
1.38695e-13
1.46148e-13
1.53246e-13
1.60006e-13
1.66444e-13
1.72575e-13
1.78413e-13
1.83973e-13
1.89268e-13
1.94311e-13
1.99113e-13
2.03687e-13
2.08042e-13
2.1219e-13
2.1614e-13
2.19902e-13
2.23485e-13
2.26897e-13
2.30146e-13
2.65922e-13
3.05254e-13
3.48491e-13
3.96012e-13
4.48231e-13
5.05596e-13
5.68596e-13
6.37758e-13
7.13647e-13
7.96872e-13
8.88075e-13
9.87936e-13
1.09716e-12
1.21648e-12
1.34661e-12
1.48826e-12
1.64209e-12
1.80867e-12
1.98839e-12
2.18145e-12
2.38771e-12
2.60656e-12
2.83681e-12
3.07642e-12
3.32235e-12
3.57021e-12
3.81404e-12
4.04595e-12
4.2559e-12
4.43151e-12
4.55807e-12
4.61879e-12
4.59544e-12
4.46945e-12
4.22351e-12
3.84368e-12
3.32179e-12
2.65804e-12
1.86359e-12
9.63378e-13
7.0287e-34
6.17038e-42
8.12399e-41
2.67199e-40
5.36863e-40
8.62628e-40
1.22245e-39
1.59889e-39
1.97834e-39
2.35037e-39
2.70711e-39
3.04282e-39
3.3535e-39
3.63653e-39
3.8904e-39
4.11449e-39
4.30886e-39
4.4741e-39
4.61122e-39
4.7215e-39
4.80644e-39
4.86767e-39
4.90691e-39
4.92591e-39
4.92639e-39
4.91009e-39
4.87866e-39
4.83371e-39
4.77676e-39
4.70924e-39
4.63252e-39
4.54784e-39
3.01197e-38
7.13862e-38
1.03426e-37
1.48237e-37
2.10535e-37
2.96694e-37
4.15313e-37
5.77973e-37
8.00241e-37
1.103e-36
1.5142e-36
2.07122e-36
2.8239e-36
3.83857e-36
5.20328e-36
7.03465e-36
9.48656e-36
1.27614e-35
1.71243e-35
2.29204e-35
3.05967e-35
4.07276e-35
5.40441e-35
7.14652e-35
9.413e-35
1.23422e-34
1.6098e-34
2.08673e-34
2.68531e-34
3.42572e-34
4.32515e-34
5.39292e-34
6.62321e-34
7.98472e-34
9.40711e-34
1.07643e-33
1.18563e-33
1.2391e-33
1.19727e-33
1.01033e-33
6.2135e-34
2.43675e-34
