-2.25149e-38
-2.96434e-37
-9.74974e-37
-1.95894e-36
-3.1476e-36
-4.46052e-36
-5.83409e-36
-7.21866e-36
-8.57611e-36
-9.87776e-36
-1.11027e-35
-1.22363e-35
-1.3269e-35
-1.41953e-35
-1.50129e-35
-1.57221e-35
-1.6325e-35
-1.68253e-35
-1.72276e-35
-1.75375e-35
-1.77609e-35
-1.79041e-35
-1.79733e-35
-1.79751e-35
-1.79155e-35
-1.78008e-35
-1.76368e-35
-1.7429e-35
-1.71826e-35
-1.69026e-35
-1.65936e-35
-1.09896e-34
-2.6046e-34
-3.77351e-34
-5.40832e-34
-7.68093e-34
-1.08238e-33
-1.51503e-33
-2.10826e-33
-2.91877e-33
-4.02262e-33
-5.52158e-33
-7.55159e-33
-1.02939e-32
-1.39893e-32
-1.89575e-32
-2.56209e-32
-3.45363e-32
-4.64348e-32
-6.22709e-32
-8.32851e-32
-1.11077e-31
-1.47694e-31
-1.95725e-31
-2.58407e-31
-3.39715e-31
-4.44427e-31
-5.78118e-31
-7.47036e-31
-9.57771e-31
-1.21661e-30
-1.52843e-30
-1.895e-30
-2.31252e-30
-2.76828e-30
-3.23648e-30
-3.67341e-30
-4.01237e-30
-4.15901e-30
-3.98819e-30
-3.34418e-30
-2.04779e-30
-3.90103e-31
2.84836e-17
1.92583e-14
3.75761e-14
5.50214e-14
7.16354e-14
8.74578e-14
1.02526e-13
1.16876e-13
1.30542e-13
1.43557e-13
1.55951e-13
1.67754e-13
1.78995e-13
1.897e-13
1.99894e-13
2.09602e-13
2.18848e-13
2.27652e-13
2.36037e-13
2.44022e-13
2.51627e-13
2.58869e-13
2.65765e-13
2.72333e-13
2.78588e-13
2.84545e-13
2.90217e-13
2.9562e-13
3.00765e-13
3.05664e-13
3.1033e-13
3.14774e-13
3.637e-13
4.17487e-13
4.7661e-13
5.41586e-13
6.12978e-13
6.91398e-13
7.77507e-13
8.72021e-13
9.75705e-13
1.08938e-12
1.21391e-12
1.3502e-12
1.4992e-12
1.66185e-12
1.83911e-12
2.03188e-12
2.24097e-12
2.46705e-12
2.71055e-12
2.97154e-12
3.24961e-12
3.54367e-12
3.85174e-12
4.17067e-12
4.49581e-12
4.82071e-12
5.13669e-12
5.43254e-12
5.69429e-12
5.90505e-12
6.0453e-12
6.09342e-12
6.02687e-12
5.82382e-12
5.46544e-12
4.93841e-12
4.23757e-12
3.36826e-12
2.34812e-12
1.20898e-12
-2.19034e-30
5.95522e-17
4.02639e-14
7.85618e-14
1.15035e-13
1.49771e-13
1.82851e-13
2.14354e-13
2.44356e-13
2.72928e-13
3.00137e-13
3.2605e-13
3.50727e-13
3.74227e-13
3.96607e-13
4.1792e-13
4.38216e-13
4.57545e-13
4.75952e-13
4.93482e-13
5.10176e-13
5.26074e-13
5.41214e-13
5.55632e-13
5.69362e-13
5.82439e-13
5.94891e-13
6.0675e-13
6.18044e-13
6.288e-13
6.39043e-13
6.48797e-13
6.58087e-13
7.60365e-13
8.72803e-13
9.96388e-13
1.1322e-12
1.28141e-12
1.44529e-12
1.62523e-12
1.82269e-12
2.03927e-12
2.27667e-12
2.53667e-12
2.82113e-12
3.13197e-12
3.47114e-12
3.84053e-12
4.24194e-12
4.67693e-12
5.14672e-12
5.65199e-12
6.19262e-12
6.7674e-12
7.37364e-12
8.00669e-12
8.65937e-12
9.32135e-12
9.97842e-12
1.06119e-11
1.11978e-11
1.17069e-11
1.21043e-11
1.23506e-11
1.24031e-11
1.22185e-11
1.17566e-11
1.09843e-11
9.88107e-12
8.44261e-12
6.68466e-12
4.64517e-12
2.38637e-12
-3.98308e-30
9.74298e-17
6.58724e-14
1.28528e-13
1.88199e-13
2.45026e-13
2.99145e-13
3.50684e-13
3.99767e-13
4.46509e-13
4.91023e-13
5.33415e-13
5.73785e-13
6.1223e-13
6.48842e-13
6.83708e-13
7.16911e-13
7.48531e-13
7.78643e-13
8.07319e-13
8.34628e-13
8.60634e-13
8.85401e-13
9.08986e-13
9.31447e-13
9.52837e-13
9.73207e-13
9.92607e-13
1.01108e-12
1.02867e-12
1.04543e-12
1.06139e-12
1.07658e-12
1.24388e-12
1.42778e-12
1.6299e-12
1.852e-12
2.09597e-12
2.3639e-12
2.65801e-12
2.9807e-12
3.33454e-12
3.72224e-12
4.14666e-12
4.61077e-12
5.11759e-12
5.67013e-12
6.27132e-12
6.92381e-12
7.62985e-12
8.39097e-12
9.20773e-12
1.00792e-11
1.10026e-11
1.19725e-11
1.29799e-11
1.40118e-11
1.50497e-11
1.60687e-11
1.7037e-11
1.79147e-11
1.86539e-11
1.91993e-11
1.94902e-11
1.94632e-11
1.90572e-11
1.82192e-11
1.69101e-11
1.51117e-11
1.28308e-11
1.01017e-11
6.98701e-12
3.57798e-12
-5.44441e-30
1.46213e-16
9.88523e-14
1.92877e-13
2.82422e-13
3.677e-13
4.48914e-13
5.26255e-13
5.9991e-13
6.70052e-13
7.3685e-13
8.00462e-13
8.6104e-13
9.18729e-13
9.73667e-13
1.02598e-12
1.07581e-12
1.12325e-12
1.16844e-12
1.21146e-12
1.25244e-12
1.29146e-12
1.32862e-12
1.36401e-12
1.39771e-12
1.4298e-12
1.46037e-12
1.48947e-12
1.51719e-12
1.54359e-12
1.56873e-12
1.59267e-12
1.61547e-12
1.86646e-12
2.14234e-12
2.44552e-12
2.77861e-12
3.14446e-12
3.54614e-12
3.98696e-12
4.47046e-12
5.00041e-12
5.5808e-12
6.21577e-12
6.9096e-12
7.66658e-12
8.49095e-12
9.38664e-12
1.03571e-11
1.14051e-11
1.25319e-11
1.37374e-11
1.50187e-11
1.63699e-11
1.77807e-11
1.92355e-11
2.07119e-11
2.21793e-11
2.35981e-11
2.49182e-11
2.60789e-11
2.70096e-11
2.7632e-11
2.78631e-11
2.76215e-11
2.68341e-11
2.54443e-11
2.34195e-11
2.07571e-11
1.74873e-11
1.36724e-11
9.40337e-12
4.79677e-12
-6.63995e-30
2.10604e-16
1.42382e-13
2.77812e-13
4.06788e-13
5.29617e-13
6.46591e-13
7.57987e-13
8.64072e-13
9.65097e-13
1.0613e-12
1.15292e-12
1.24017e-12
1.32326e-12
1.40238e-12
1.47773e-12
1.54948e-12
1.61781e-12
1.68288e-12
1.74484e-12
1.80385e-12
1.86005e-12
1.91356e-12
1.96452e-12
2.01306e-12
2.05927e-12
2.10328e-12
2.1452e-12
2.18511e-12
2.22312e-12
2.25932e-12
2.29379e-12
2.32662e-12
2.68801e-12
3.0852e-12
3.52163e-12
4.00103e-12
4.52746e-12
5.10529e-12
5.73921e-12
6.43421e-12
7.19558e-12
8.02888e-12
8.93982e-12
9.93423e-12
1.10179e-11
1.21962e-11
1.34742e-11
1.48559e-11
1.63437e-11
1.79383e-11
1.96372e-11
2.14338e-11
2.33167e-11
2.52674e-11
2.72594e-11
2.92561e-11
3.12094e-11
3.30581e-11
3.47281e-11
3.61323e-11
3.71734e-11
3.77481e-11
3.77538e-11
3.70973e-11
3.57044e-11
3.35295e-11
3.05626e-11
2.6833e-11
2.24073e-11
1.73832e-11
1.18805e-11
6.03456e-12
-7.59488e-30
2.96497e-16
2.00444e-13
3.91099e-13
5.72668e-13
7.45582e-13
9.10252e-13
1.06707e-12
1.21641e-12
1.35862e-12
1.49405e-12
1.62302e-12
1.74583e-12
1.86279e-12
1.97416e-12
2.08022e-12
2.18121e-12
2.27739e-12
2.36898e-12
2.4562e-12
2.53925e-12
2.61834e-12
2.69366e-12
2.76539e-12
2.83369e-12
2.89873e-12
2.96067e-12
3.01966e-12
3.07583e-12
3.12933e-12
3.18027e-12
3.22878e-12
3.27498e-12
3.78352e-12
4.34236e-12
4.95629e-12
5.63052e-12
6.3707e-12
7.18285e-12
8.07344e-12
9.04933e-12
1.01177e-11
1.12861e-11
1.2562e-11
1.39531e-11
1.54667e-11
1.71095e-11
1.88872e-11
2.08036e-11
2.28603e-11
2.50551e-11
2.73812e-11
2.98253e-11
3.23662e-11
3.49725e-11
3.76005e-11
4.01923e-11
4.26744e-11
4.49568e-11
4.69336e-11
4.84863e-11
4.94885e-11
4.98144e-11
4.93491e-11
4.80003e-11
4.571e-11
4.24636e-11
3.82932e-11
3.32761e-11
2.75256e-11
2.11782e-11
1.4379e-11
7.27127e-12
-8.3196e-30
4.11575e-16
2.78229e-13
5.42869e-13
7.94896e-13
1.03491e-12
1.26347e-12
1.48114e-12
1.68842e-12
1.8858e-12
2.07377e-12
2.25277e-12
2.42322e-12
2.58554e-12
2.74011e-12
2.8873e-12
3.02746e-12
3.16093e-12
3.28803e-12
3.40906e-12
3.52432e-12
3.63407e-12
3.73858e-12
3.83811e-12
3.93289e-12
4.02314e-12
4.10909e-12
4.19093e-12
4.26887e-12
4.34309e-12
4.41377e-12
4.48108e-12
4.54518e-12
5.25069e-12
6.02583e-12
6.8772e-12
7.81194e-12
8.83773e-12
9.96278e-12
1.11958e-11
1.25461e-11
1.4023e-11
1.56365e-11
1.73964e-11
1.93121e-11
2.13926e-11
2.36454e-11
2.6076e-11
2.86872e-11
3.14773e-11
3.44388e-11
3.75568e-11
4.08064e-11
4.41503e-11
4.75365e-11
5.08957e-11
5.41392e-11
5.71582e-11
5.98249e-11
6.19954e-11
6.35165e-11
6.42354e-11
6.40123e-11
6.27354e-11
6.03343e-11
5.67912e-11
5.21458e-11
4.64923e-11
3.99689e-11
3.27407e-11
2.49802e-11
1.6848e-11
8.48217e-12
-8.82335e-30
5.66057e-16
3.82639e-13
7.46587e-13
1.09319e-12
1.42326e-12
1.73759e-12
2.03691e-12
2.32196e-12
2.59339e-12
2.85187e-12
3.09801e-12
3.33239e-12
3.55558e-12
3.76811e-12
3.97049e-12
4.1632e-12
4.34671e-12
4.52145e-12
4.68785e-12
4.84631e-12
4.99719e-12
5.14087e-12
5.27769e-12
5.40798e-12
5.53205e-12
5.65019e-12
5.7627e-12
5.86983e-12
5.97185e-12
6.069e-12
6.16152e-12
6.24962e-12
7.21923e-12
8.2843e-12
9.45379e-12
1.07374e-11
1.21453e-11
1.36887e-11
1.53791e-11
1.72286e-11
1.92496e-11
2.14546e-11
2.38559e-11
2.64648e-11
2.92913e-11
3.2343e-11
3.56239e-11
3.91329e-11
4.28621e-11
4.6794e-11
5.08994e-11
5.51342e-11
5.9436e-11
6.37214e-11
6.78837e-11
7.17913e-11
7.52895e-11
7.82041e-11
8.03496e-11
8.1541e-11
8.16095e-11
8.04202e-11
7.78896e-11
7.39981e-11
6.87968e-11
6.24037e-11
5.49909e-11
4.67637e-11
3.79359e-11
2.87059e-11
1.92361e-11
9.64307e-12
-9.12027e-30
7.73648e-16
5.22927e-13
1.02031e-12
1.49398e-12
1.94505e-12
2.3746e-12
2.78365e-12
3.17317e-12
3.54408e-12
3.89728e-12
4.2336e-12
4.55385e-12
4.85881e-12
5.14918e-12
5.42569e-12
5.68898e-12
5.93968e-12
6.17841e-12
6.40573e-12
6.62219e-12
6.8283e-12
7.02457e-12
7.21146e-12
7.38943e-12
7.55889e-12
7.72026e-12
7.87392e-12
8.02024e-12
8.15958e-12
8.29226e-12
8.41861e-12
8.53893e-12
9.86293e-12
1.13169e-11
1.29128e-11
1.46637e-11
1.65833e-11
1.8686e-11
2.09871e-11
2.35022e-11
2.62471e-11
2.92371e-11
3.24869e-11
3.60094e-11
3.98144e-11
4.39078e-11
4.82891e-11
5.29494e-11
5.78688e-11
6.30124e-11
6.83277e-11
7.37396e-11
7.91476e-11
8.44226e-11
8.94054e-11
9.39084e-11
9.77204e-11
1.00617e-10
1.02373e-10
1.02785e-10
1.01692e-10
9.89941e-11
9.46713e-11
8.87901e-11
8.14995e-11
7.3015e-11
6.35934e-11
5.35036e-11
4.2996e-11
3.22785e-11
2.14981e-11
1.07337e-11
-9.23068e-30
1.05283e-15
7.1157e-13
1.38837e-12
2.0329e-12
2.64668e-12
3.23116e-12
3.78772e-12
4.3177e-12
4.82235e-12
5.30288e-12
5.76044e-12
6.19612e-12
6.61097e-12
7.00598e-12
7.38211e-12
7.74024e-12
8.08126e-12
8.40596e-12
8.71514e-12
9.00953e-12
9.28985e-12
9.55676e-12
9.81092e-12
1.00529e-11
1.02834e-11
1.05028e-11
1.07117e-11
1.09107e-11
1.11001e-11
1.12805e-11
1.14523e-11
1.16159e-11
1.34157e-11
1.53915e-11
1.75593e-11
1.99363e-11
2.25406e-11
2.5391e-11
2.85072e-11
3.19088e-11
3.56153e-11
3.96451e-11
4.40146e-11
4.87366e-11
5.3819e-11
5.92622e-11
6.50563e-11
7.11777e-11
7.75853e-11
8.42155e-11
9.09782e-11
9.77516e-11
1.04379e-10
1.10667e-10
1.16389e-10
1.21286e-10
1.25087e-10
1.27519e-10
1.28336e-10
1.27342e-10
1.24422e-10
1.19554e-10
1.12825e-10
1.04424e-10
9.46185e-11
8.37317e-11
7.20999e-11
6.00401e-11
4.78198e-11
3.56351e-11
2.35993e-11
1.17392e-11
-5.04555e-30
1.07857e-15
7.28966e-13
1.42232e-12
2.0826e-12
2.71138e-12
3.31014e-12
3.88031e-12
4.42324e-12
4.94022e-12
5.43249e-12
5.90123e-12
6.34755e-12
6.77253e-12
7.17719e-12
7.5625e-12
7.92938e-12
8.27872e-12
8.61135e-12
8.92807e-12
9.22965e-12
9.5168e-12
9.79023e-12
1.00506e-11
1.02985e-11
1.05346e-11
1.07593e-11
1.09734e-11
1.11772e-11
1.13712e-11
1.1556e-11
1.1732e-11
1.18996e-11
1.37432e-11
1.5767e-11
1.79875e-11
2.04221e-11
2.30894e-11
2.60086e-11
2.91996e-11
3.26825e-11
3.6477e-11
4.06019e-11
4.50734e-11
4.99046e-11
5.51028e-11
6.06677e-11
6.65886e-11
7.28402e-11
7.93792e-11
8.61393e-11
9.30263e-11
9.99141e-11
1.06641e-10
1.13007e-10
1.18779e-10
1.23694e-10
1.27474e-10
1.29844e-10
1.30557e-10
1.2942e-10
1.26323e-10
1.21253e-10
1.14306e-10
1.05683e-10
9.56626e-11
8.45744e-11
7.27614e-11
6.05434e-11
4.81879e-11
3.58893e-11
2.37575e-11
1.18146e-11
-7.75619e-31
1.4281e-15
9.65104e-13
1.88305e-12
2.7572e-12
3.58963e-12
4.3823e-12
5.1371e-12
5.85581e-12
6.54016e-12
7.19177e-12
7.81221e-12
8.40296e-12
8.96544e-12
9.501e-12
1.00109e-11
1.04965e-11
1.09587e-11
1.13989e-11
1.1818e-11
1.2217e-11
1.2597e-11
1.29587e-11
1.33032e-11
1.36312e-11
1.39435e-11
1.42408e-11
1.4524e-11
1.47936e-11
1.50503e-11
1.52947e-11
1.55274e-11
1.57491e-11
1.81871e-11
2.08624e-11
2.37962e-11
2.70111e-11
3.05305e-11
3.43787e-11
3.85803e-11
4.31597e-11
4.814e-11
5.35418e-11
5.93818e-11
6.56703e-11
7.24087e-11
7.95859e-11
8.71743e-11
9.51244e-11
1.0336e-10
1.11772e-10
1.20212e-10
1.2849e-10
1.36371e-10
1.43576e-10
1.49795e-10
1.54693e-10
1.57939e-10
1.59236e-10
1.58347e-10
1.55133e-10
1.49575e-10
1.41784e-10
1.31998e-10
1.20552e-10
1.07848e-10
9.43063e-11
8.0326e-11
6.62471e-11
5.23278e-11
3.87305e-11
2.55172e-11
1.26507e-11
-8.59362e-31
1.93344e-15
1.30644e-12
2.54902e-12
3.73231e-12
4.85909e-12
5.93202e-12
6.95365e-12
7.9264e-12
8.85259e-12
9.73444e-12
1.05741e-11
1.13735e-11
1.21346e-11
1.28592e-11
1.35492e-11
1.4206e-11
1.48314e-11
1.54269e-11
1.59938e-11
1.65336e-11
1.70475e-11
1.75368e-11
1.80026e-11
1.84462e-11
1.88685e-11
1.92706e-11
1.96534e-11
2.0018e-11
2.03651e-11
2.06955e-11
2.10102e-11
2.13098e-11
2.46051e-11
2.82192e-11
3.21801e-11
3.6517e-11
4.12599e-11
4.64396e-11
5.20862e-11
5.82289e-11
6.48934e-11
7.2101e-11
7.98652e-11
8.81886e-11
9.70587e-11
1.06443e-10
1.16281e-10
1.26481e-10
1.36911e-10
1.47391e-10
1.57688e-10
1.67516e-10
1.76535e-10
1.84363e-10
1.90595e-10
1.94826e-10
1.96694e-10
1.95912e-10
1.92315e-10
1.85884e-10
1.76763e-10
1.65248e-10
1.5176e-10
1.36796e-10
1.20881e-10
1.04511e-10
8.81162e-11
7.20272e-11
5.64653e-11
4.15375e-11
2.72404e-11
1.34648e-11
-8.67554e-31
2.61487e-15
1.7666e-12
3.44684e-12
5.04686e-12
6.57043e-12
8.02112e-12
9.40239e-12
1.07175e-11
1.19696e-11
1.31617e-11
1.42967e-11
1.53772e-11
1.64059e-11
1.73853e-11
1.83176e-11
1.92053e-11
2.00503e-11
2.08548e-11
2.16208e-11
2.235e-11
2.30442e-11
2.37051e-11
2.43344e-11
2.49334e-11
2.55038e-11
2.60468e-11
2.65638e-11
2.70561e-11
2.75248e-11
2.7971e-11
2.83958e-11
2.88004e-11
3.32479e-11
3.81228e-11
4.34614e-11
4.9301e-11
5.56795e-11
6.26348e-11
7.02029e-11
7.84163e-11
8.73018e-11
9.68769e-11
1.07146e-10
1.18094e-10
1.29682e-10
1.41839e-10
1.54452e-10
1.6736e-10
1.80343e-10
1.93118e-10
2.05333e-10
2.16573e-10
2.26371e-10
2.34229e-10
2.39655e-10
2.42205e-10
2.41532e-10
2.37439e-10
2.29908e-10
2.19122e-10
2.05453e-10
1.89422e-10
1.71649e-10
1.52783e-10
1.33441e-10
1.14158e-10
9.53532e-11
7.73153e-11
6.02015e-11
4.40455e-11
2.87676e-11
1.41825e-11
-5.04205e-31
2.76284e-15
1.86651e-12
3.64177e-12
5.33227e-12
6.94197e-12
8.47468e-12
9.93402e-12
1.13235e-11
1.26463e-11
1.39058e-11
1.51048e-11
1.62463e-11
1.73331e-11
1.83677e-11
1.93527e-11
2.02904e-11
2.11831e-11
2.2033e-11
2.28421e-11
2.36124e-11
2.43457e-11
2.50439e-11
2.57086e-11
2.63414e-11
2.69438e-11
2.75174e-11
2.80635e-11
2.85835e-11
2.90785e-11
2.95498e-11
2.99985e-11
3.04258e-11
3.5123e-11
4.02711e-11
4.59078e-11
5.20722e-11
5.8804e-11
6.61421e-11
7.41237e-11
8.27817e-11
9.21426e-11
1.02222e-10
1.13023e-10
1.24525e-10
1.36682e-10
1.49414e-10
1.62595e-10
1.76048e-10
1.89532e-10
2.02742e-10
2.15299e-10
2.26762e-10
2.36638e-10
2.44408e-10
2.49567e-10
2.51668e-10
2.50379e-10
2.45525e-10
2.37128e-10
2.25416e-10
2.10808e-10
1.93872e-10
1.75261e-10
1.55649e-10
1.35666e-10
1.15849e-10
9.66093e-11
7.82254e-11
6.084e-11
4.44716e-11
2.90259e-11
1.43035e-11
-2.38906e-31
3.53235e-15
2.38599e-12
4.6553e-12
6.81622e-12
8.8738e-12
1.08329e-11
1.26981e-11
1.44739e-11
1.61645e-11
1.7774e-11
1.93062e-11
2.07648e-11
2.21533e-11
2.34752e-11
2.47335e-11
2.59314e-11
2.70717e-11
2.81572e-11
2.91906e-11
3.01743e-11
3.11108e-11
3.20023e-11
3.28511e-11
3.3659e-11
3.44282e-11
3.51605e-11
3.58576e-11
3.65213e-11
3.71532e-11
3.77548e-11
3.83275e-11
3.88728e-11
4.4866e-11
5.14303e-11
5.86121e-11
6.64586e-11
7.50166e-11
8.43312e-11
9.44432e-11
1.05386e-10
1.17183e-10
1.2984e-10
1.4334e-10
1.57637e-10
1.72644e-10
1.88226e-10
2.04185e-10
2.20253e-10
2.36082e-10
2.51241e-10
2.65221e-10
2.77449e-10
2.87313e-10
2.94208e-10
2.97592e-10
2.97043e-10
2.92321e-10
2.83412e-10
2.70549e-10
2.54197e-10
2.35006e-10
2.13743e-10
1.91212e-10
1.68177e-10
1.453e-10
1.23106e-10
1.01961e-10
8.20778e-11
6.35277e-11
4.62574e-11
3.01049e-11
1.48081e-11
-3.54754e-31
4.77107e-15
3.22195e-12
6.28628e-12
9.20415e-12
1.19824e-11
1.46274e-11
1.71456e-11
1.95429e-11
2.1825e-11
2.39973e-11
2.60652e-11
2.80337e-11
2.99073e-11
3.16908e-11
3.33885e-11
3.50044e-11
3.65425e-11
3.80066e-11
3.94003e-11
4.07268e-11
4.19895e-11
4.31915e-11
4.43357e-11
4.54248e-11
4.64616e-11
4.74486e-11
4.83881e-11
4.92825e-11
5.01339e-11
5.09445e-11
5.17161e-11
5.24507e-11
6.05211e-11
6.93525e-11
7.90035e-11
8.95324e-11
1.00995e-10
1.13443e-10
1.26919e-10
1.41451e-10
1.57049e-10
1.73694e-10
1.9133e-10
2.09852e-10
2.29096e-10
2.48819e-10
2.68693e-10
2.88292e-10
3.07086e-10
3.24449e-10
3.39674e-10
3.52011e-10
3.60716e-10
3.65122e-10
3.64713e-10
3.59199e-10
3.48571e-10
3.33123e-10
3.13437e-10
2.90321e-10
2.64728e-10
2.37651e-10
2.10035e-10
1.82697e-10
1.56287e-10
1.31263e-10
1.079e-10
8.63074e-11
6.64519e-11
4.81861e-11
3.12639e-11
1.53481e-11
-3.7029e-31
6.4472e-15
4.3526e-12
8.49217e-12
1.24337e-11
1.61864e-11
1.9759e-11
2.316e-11
2.63974e-11
2.94789e-11
3.2412e-11
3.52037e-11
3.78608e-11
4.03897e-11
4.27967e-11
4.50875e-11
4.72678e-11
4.93429e-11
5.13178e-11
5.31975e-11
5.49865e-11
5.66893e-11
5.83099e-11
5.98525e-11
6.13207e-11
6.27181e-11
6.40483e-11
6.53144e-11
6.65196e-11
6.76668e-11
6.87588e-11
6.97983e-11
7.07878e-11
8.16529e-11
9.35293e-11
1.06489e-10
1.20603e-10
1.35935e-10
1.52538e-10
1.70449e-10
1.89682e-10
2.10214e-10
2.31979e-10
2.5485e-10
2.78624e-10
3.03007e-10
3.27593e-10
3.51859e-10
3.75153e-10
3.96703e-10
4.15637e-10
4.3103e-10
4.41967e-10
4.47625e-10
4.47373e-10
4.40861e-10
4.28085e-10
4.0942e-10
3.85591e-10
3.57605e-10
3.26642e-10
2.93933e-10
2.60641e-10
2.27776e-10
1.96137e-10
1.66292e-10
1.38586e-10
1.13166e-10
9.00178e-11
6.89947e-11
4.98515e-11
3.22594e-11
1.58103e-11
-3.46838e-31
8.71799e-15
5.88356e-12
1.1479e-11
1.68065e-11
2.18784e-11
2.67065e-11
3.13022e-11
3.56764e-11
3.98395e-11
4.38015e-11
4.75721e-11
5.11604e-11
5.45751e-11
5.78247e-11
6.0917e-11
6.38597e-11
6.666e-11
6.93248e-11
7.18606e-11
7.42739e-11
7.65704e-11
7.87559e-11
8.08358e-11
8.28152e-11
8.4699e-11
8.64919e-11
8.81983e-11
8.98223e-11
9.1368e-11
9.28392e-11
9.42395e-11
9.55723e-11
1.10197e-10
1.26162e-10
1.43553e-10
1.62451e-10
1.82923e-10
2.05017e-10
2.2875e-10
2.54099e-10
2.80983e-10
3.09247e-10
3.38644e-10
3.6881e-10
3.99249e-10
4.29314e-10
4.582e-10
4.84953e-10
5.08496e-10
5.27686e-10
5.41391e-10
5.48598e-10
5.48533e-10
5.40769e-10
5.25315e-10
5.02643e-10
4.73663e-10
4.39631e-10
4.0201e-10
3.62322e-10
3.22004e-10
2.82297e-10
2.44185e-10
2.08364e-10
1.75263e-10
1.4507e-10
1.17779e-10
9.32381e-11
7.11851e-11
5.12775e-11
3.3108e-11
1.62033e-11
-3.23203e-31
1.17992e-14
7.95954e-12
1.5529e-11
2.27356e-11
2.95959e-11
3.61257e-11
4.23405e-11
4.82549e-11
5.38831e-11
5.92386e-11
6.43346e-11
6.91833e-11
7.37968e-11
7.81863e-11
8.23626e-11
8.63362e-11
9.01168e-11
9.37139e-11
9.71364e-11
1.00393e-10
1.03491e-10
1.06439e-10
1.09244e-10
1.11914e-10
1.14454e-10
1.16871e-10
1.1917e-10
1.21359e-10
1.23442e-10
1.25424e-10
1.27311e-10
1.29106e-10
1.4879e-10
1.7024e-10
1.93557e-10
2.18827e-10
2.4611e-10
2.75431e-10
3.06762e-10
3.40007e-10
3.74977e-10
4.1137e-10
4.48737e-10
4.86468e-10
5.23761e-10
5.59621e-10
5.92865e-10
6.22161e-10
6.4609e-10
6.6325e-10
6.7239e-10
6.72556e-10
6.6323e-10
6.44435e-10
6.16774e-10
5.81388e-10
5.39843e-10
4.93959e-10
4.45622e-10
3.96603e-10
3.48433e-10
3.02314e-10
2.59102e-10
2.19319e-10
1.83199e-10
1.50742e-10
1.21777e-10
9.60074e-11
7.30566e-11
5.24897e-11
3.38266e-11
1.65352e-11
-2.99887e-31
1.59875e-14
1.07791e-11
2.10296e-11
3.0788e-11
4.00764e-11
4.89164e-11
5.73285e-11
6.53328e-11
7.29484e-11
8.01937e-11
8.70864e-11
9.36435e-11
9.9881e-11
1.05814e-10
1.11459e-10
1.16827e-10
1.21935e-10
1.26793e-10
1.31414e-10
1.3581e-10
1.39992e-10
1.4397e-10
1.47755e-10
1.51356e-10
1.54781e-10
1.5804e-10
1.61141e-10
1.64091e-10
1.66898e-10
1.69569e-10
1.7211e-10
1.74529e-10
2.01018e-10
2.29824e-10
2.61056e-10
2.94791e-10
3.31064e-10
3.69845e-10
4.11016e-10
4.5435e-10
4.99473e-10
5.45834e-10
5.92677e-10
6.39011e-10
6.83599e-10
7.24974e-10
7.61479e-10
7.91349e-10
8.12846e-10
8.24416e-10
8.24882e-10
8.13614e-10
7.90656e-10
7.56777e-10
7.13413e-10
6.62523e-10
6.06376e-10
5.47308e-10
4.8751e-10
4.28864e-10
3.72846e-10
3.20499e-10
2.72457e-10
2.29001e-10
1.90135e-10
1.55653e-10
1.2521e-10
9.83697e-11
7.46443e-11
5.35136e-11
3.44317e-11
1.68141e-11
-2.77261e-31
2.16917e-14
1.46156e-11
2.85136e-11
4.17432e-11
5.43341e-11
6.63152e-11
7.77145e-11
8.85589e-11
9.88744e-11
1.08686e-10
1.18018e-10
1.26893e-10
1.35334e-10
1.43361e-10
1.50995e-10
1.58254e-10
1.65158e-10
1.71723e-10
1.77967e-10
1.83904e-10
1.89551e-10
1.94922e-10
2.0003e-10
2.04889e-10
2.0951e-10
2.13906e-10
2.18087e-10
2.22064e-10
2.25847e-10
2.29447e-10
2.32871e-10
2.36129e-10
2.71768e-10
3.10427e-10
3.52207e-10
3.97153e-10
4.45234e-10
4.96311e-10
5.50105e-10
6.06156e-10
6.63786e-10
7.22057e-10
7.79737e-10
8.35291e-10
8.8689e-10
9.32468e-10
9.69825e-10
9.96794e-10
1.01144e-09
1.01232e-09
9.98639e-10
9.70492e-10
9.28854e-10
8.75541e-10
8.13011e-10
7.44094e-10
6.71696e-10
5.98529e-10
5.2691e-10
4.58647e-10
3.9501e-10
3.36765e-10
2.84248e-10
2.37455e-10
1.96133e-10
1.59865e-10
1.28135e-10
1.00371e-10
7.59832e-11
5.4374e-11
3.49388e-11
1.70474e-11
-2.55583e-31
2.94773e-14
1.98456e-11
3.87155e-11
5.6676e-11
7.37668e-11
9.00267e-11
1.05494e-10
1.20204e-10
1.34193e-10
1.47496e-10
1.60144e-10
1.72169e-10
1.83602e-10
1.94471e-10
2.04804e-10
2.14627e-10
2.23966e-10
2.32844e-10
2.41285e-10
2.49309e-10
2.56939e-10
2.64192e-10
2.71089e-10
2.77647e-10
2.83883e-10
2.89813e-10
2.95452e-10
3.00814e-10
3.05914e-10
3.10765e-10
3.15378e-10
3.19766e-10
3.67701e-10
4.19534e-10
4.75331e-10
5.35057e-10
5.98548e-10
6.65463e-10
7.35239e-10
8.07036e-10
8.79688e-10
9.51666e-10
1.02105e-09
1.08556e-09
1.14261e-09
1.18945e-09
1.22337e-09
1.24195e-09
1.24339e-09
1.22674e-09
1.19211e-09
1.14078e-09
1.07504e-09
9.97981e-10
9.13148e-10
8.24164e-10
7.3439e-10
6.46683e-10
5.63259e-10
4.85664e-10
4.14819e-10
3.51116e-10
2.94535e-10
2.44758e-10
2.01273e-10
1.6345e-10
1.30609e-10
1.02056e-10
7.71063e-11
5.50935e-11
3.53619e-11
1.72418e-11
-2.35021e-31
4.01281e-14
2.69898e-11
5.26509e-11
7.70717e-11
1.00306e-10
1.22405e-10
1.43421e-10
1.63403e-10
1.82399e-10
2.00456e-10
2.17618e-10
2.33929e-10
2.49431e-10
2.64162e-10
2.78162e-10
2.91465e-10
3.04107e-10
3.16121e-10
3.27539e-10
3.38389e-10
3.48701e-10
3.58501e-10
3.67817e-10
3.7667e-10
3.85086e-10
3.93087e-10
4.00692e-10
4.07922e-10
4.14796e-10
4.21332e-10
4.27546e-10
4.33456e-10
4.97889e-10
5.67296e-10
6.41645e-10
7.20743e-10
8.04173e-10
8.91244e-10
9.80915e-10
1.07174e-09
1.1618e-09
1.24871e-09
1.3296e-09
1.40123e-09
1.46014e-09
1.50294e-09
1.52659e-09
1.52884e-09
1.50851e-09
1.46581e-09
1.40234e-09
1.32104e-09
1.22581e-09
1.12109e-09
1.01143e-09
9.00985e-10
7.93295e-10
6.91076e-10
5.96207e-10
5.0979e-10
4.32278e-10
3.63622e-10
3.03413e-10
2.5101e-10
2.05642e-10
1.6648e-10
1.32691e-10
1.03468e-10
7.8044e-11
5.56927e-11
3.57136e-11
1.74033e-11
-2.15674e-31
5.4735e-14
3.67702e-11
7.17266e-11
1.04988e-10
1.36626e-10
1.6671e-10
1.95309e-10
2.22491e-10
2.48322e-10
2.72866e-10
2.96183e-10
3.18333e-10
3.39374e-10
3.5936e-10
3.78343e-10
3.96373e-10
4.13499e-10
4.29766e-10
4.45218e-10
4.59895e-10
4.73837e-10
4.87082e-10
4.99665e-10
5.1162e-10
5.22979e-10
5.33771e-10
5.44027e-10
5.53773e-10
5.63035e-10
5.71839e-10
5.80206e-10
5.8816e-10
6.74689e-10
7.67458e-10
8.66237e-10
9.70523e-10
1.07947e-09
1.19177e-09
1.30564e-09
1.41869e-09
1.5279e-09
1.62967e-09
1.71993e-09
1.79432e-09
1.84853e-09
1.87878e-09
1.8822e-09
1.85737e-09
1.80457e-09
1.72589e-09
1.62506e-09
1.50703e-09
1.37742e-09
1.2419e-09
1.10568e-09
9.73118e-10
8.47559e-10
7.31281e-10
6.25601e-10
5.31033e-10
4.47478e-10
3.74405e-10
3.11005e-10
2.56319e-10
2.0933e-10
1.69025e-10
1.34432e-10
1.04645e-10
7.88238e-11
5.61899e-11
3.6005e-11
1.75369e-11
-1.97586e-31
7.48204e-14
5.01894e-11
9.78975e-11
1.43283e-10
1.86441e-10
2.27465e-10
2.66448e-10
3.03483e-10
3.38659e-10
3.72065e-10
4.03783e-10
4.33898e-10
4.62487e-10
4.89626e-10
5.15389e-10
5.39843e-10
5.63057e-10
5.85094e-10
6.06013e-10
6.25872e-10
6.44726e-10
6.62626e-10
6.79623e-10
6.95761e-10
7.11087e-10
7.25642e-10
7.39466e-10
7.52596e-10
7.65068e-10
7.76917e-10
7.88174e-10
7.9887e-10
9.14908e-10
1.03859e-09
1.16931e-09
1.30601e-09
1.4471e-09
1.59034e-09
1.73271e-09
1.87044e-09
1.99899e-09
2.11319e-09
2.20753e-09
2.27656e-09
2.31545e-09
2.32063e-09
2.29031e-09
2.22489e-09
2.12708e-09
2.00167e-09
1.85497e-09
1.69409e-09
1.52616e-09
1.3577e-09
1.19412e-09
1.03951e-09
8.96657e-10
7.67112e-10
6.51454e-10
5.49506e-10
4.60568e-10
3.83614e-10
3.17444e-10
2.60795e-10
2.12425e-10
1.71151e-10
1.35882e-10
1.05622e-10
7.94699e-11
5.66012e-11
3.62457e-11
1.76471e-11
-1.80764e-31
1.02517e-13
6.86446e-11
1.33886e-10
1.95935e-10
2.54918e-10
3.10961e-10
3.6419e-10
4.1473e-10
4.62704e-10
5.08234e-10
5.51435e-10
5.92423e-10
6.31306e-10
6.68191e-10
7.03178e-10
7.36365e-10
7.67845e-10
7.97705e-10
8.26031e-10
8.52902e-10
8.78394e-10
9.02581e-10
9.2553e-10
9.47306e-10
9.67972e-10
9.87585e-10
1.0062e-09
1.02387e-09
1.04065e-09
1.05658e-09
1.0717e-09
1.08607e-09
1.24136e-09
1.40569e-09
1.57776e-09
1.75561e-09
1.93641e-09
2.11641e-09
2.29081e-09
2.45388e-09
2.59905e-09
2.7193e-09
2.8077e-09
2.85809e-09
2.86591e-09
2.82894e-09
2.74774e-09
2.62584e-09
2.46941e-09
2.28653e-09
2.08624e-09
1.87757e-09
1.66867e-09
1.46628e-09
1.27545e-09
1.09952e-09
9.40362e-10
7.98589e-10
6.73908e-10
5.65395e-10
4.71734e-10
3.91415e-10
3.22865e-10
2.64546e-10
2.15007e-10
1.72919e-10
1.37084e-10
1.06431e-10
8.00034e-11
5.69403e-11
3.64439e-11
1.77379e-11
-1.65184e-31
1.40821e-13
9.40853e-11
1.8349e-10
2.68494e-10
3.49264e-10
4.25966e-10
4.98772e-10
5.67853e-10
6.33379e-10
6.95515e-10
7.54426e-10
8.10269e-10
8.63199e-10
9.13363e-10
9.60903e-10
1.00596e-09
1.04865e-09
1.08911e-09
1.12746e-09
1.16381e-09
1.19826e-09
1.23092e-09
1.26188e-09
1.29123e-09
1.31907e-09
1.34546e-09
1.3705e-09
1.39425e-09
1.41677e-09
1.43815e-09
1.45843e-09
1.47768e-09
1.6849e-09
1.90222e-09
2.12719e-09
2.35629e-09
2.58478e-09
2.8066e-09
3.01446e-09
3.19997e-09
3.35415e-09
3.4681e-09
3.53393e-09
3.5458e-09
3.50088e-09
3.39996e-09
3.24766e-09
3.05196e-09
2.82327e-09
2.57315e-09
2.31306e-09
2.05328e-09
1.80219e-09
1.56603e-09
1.34887e-09
1.15287e-09
9.78703e-10
8.25888e-10
6.93193e-10
5.78928e-10
4.81178e-10
3.97974e-10
3.27402e-10
2.67671e-10
2.17151e-10
1.74384e-10
1.38078e-10
1.07098e-10
8.04427e-11
5.72192e-11
3.66068e-11
1.78124e-11
-1.50805e-31
1.93956e-13
1.29238e-10
2.52018e-10
3.68713e-10
4.79535e-10
5.84709e-10
6.84466e-10
7.79039e-10
8.68663e-10
9.53569e-10
1.03398e-09
1.11013e-09
1.18223e-09
1.25048e-09
1.31509e-09
1.37626e-09
1.43415e-09
1.48896e-09
1.54085e-09
1.58997e-09
1.63648e-09
1.68052e-09
1.72223e-09
1.76174e-09
1.79916e-09
1.83462e-09
1.86821e-09
1.90005e-09
1.93022e-09
1.95883e-09
1.98595e-09
2.01166e-09
2.28707e-09
2.57271e-09
2.86419e-09
3.15551e-09
3.43901e-09
3.70536e-09
3.9438e-09
4.14278e-09
4.2908e-09
4.37766e-09
4.39579e-09
4.34155e-09
4.21603e-09
4.02529e-09
3.77972e-09
3.4928e-09
3.17942e-09
2.8542e-09
2.53014e-09
2.21775e-09
1.92471e-09
1.65596e-09
1.41405e-09
1.1996e-09
1.0119e-09
8.49297e-10
7.09593e-10
5.90357e-10
4.89107e-10
4.03454e-10
3.31176e-10
2.70262e-10
2.18925e-10
1.75592e-10
1.38896e-10
1.07646e-10
8.08034e-11
5.7448e-11
3.67403e-11
1.78735e-11
-1.3757e-31
2.67887e-13
1.77917e-10
3.46899e-10
5.07431e-10
6.59788e-10
8.04265e-10
9.41175e-10
1.07084e-09
1.19358e-09
1.30972e-09
1.41958e-09
1.52347e-09
1.62171e-09
1.71458e-09
1.80238e-09
1.88538e-09
1.96383e-09
2.038e-09
2.10812e-09
2.17442e-09
2.2371e-09
2.29639e-09
2.35246e-09
2.4055e-09
2.45568e-09
2.50316e-09
2.5481e-09
2.59064e-09
2.63091e-09
2.66905e-09
2.70517e-09
2.73938e-09
3.10345e-09
3.47584e-09
3.84902e-09
4.21321e-09
4.55646e-09
4.86493e-09
5.12361e-09
5.31756e-09
5.43345e-09
5.46138e-09
5.39656e-09
5.24046e-09
5.00105e-09
4.69194e-09
4.33073e-09
3.93668e-09
3.5286e-09
3.12301e-09
2.73313e-09
2.36847e-09
2.03501e-09
1.73567e-09
1.47104e-09
1.24e-09
1.04032e-09
8.69169e-10
7.23418e-10
5.99935e-10
4.95719e-10
4.08005e-10
3.343e-10
2.72401e-10
2.20385e-10
1.76585e-10
1.39567e-10
1.08095e-10
8.10986e-11
5.7635e-11
3.68495e-11
1.79234e-11
-1.25416e-31
3.71057e-13
2.45461e-10
4.7852e-10
6.998e-10
9.09648e-10
1.10845e-09
1.29663e-09
1.47463e-09
1.64289e-09
1.80188e-09
1.95204e-09
2.09382e-09
2.22766e-09
2.35399e-09
2.47321e-09
2.58572e-09
2.6919e-09
2.7921e-09
2.88667e-09
2.97594e-09
3.06021e-09
3.13978e-09
3.21491e-09
3.28588e-09
3.35291e-09
3.41625e-09
3.47611e-09
3.53269e-09
3.58618e-09
3.63676e-09
3.68461e-09
3.72988e-09
4.2077e-09
4.68804e-09
5.15843e-09
5.60352e-09
6.00536e-09
6.3444e-09
6.60102e-09
6.7576e-09
6.801e-09
6.72483e-09
6.53096e-09
6.22989e-09
5.83961e-09
5.38319e-09
4.88582e-09
4.37181e-09
3.86234e-09
3.3741e-09
2.91889e-09
2.50393e-09
2.13258e-09
1.80523e-09
1.52021e-09
1.27451e-09
1.0644e-09
8.85888e-10
7.34981e-10
6.07906e-10
5.012e-10
4.11765e-10
3.36874e-10
2.7416e-10
2.21582e-10
1.77398e-10
1.40116e-10
1.08462e-10
8.13396e-11
5.77877e-11
3.69384e-11
1.7964e-11
-1.14276e-31
5.15408e-13
3.39329e-10
6.61385e-10
9.66959e-10
1.25647e-09
1.53043e-09
1.7894e-09
2.03398e-09
2.26481e-09
2.48252e-09
2.68777e-09
2.88119e-09
3.06342e-09
3.23507e-09
3.39674e-09
3.54899e-09
3.69237e-09
3.82741e-09
3.9546e-09
4.0744e-09
4.18728e-09
4.29364e-09
4.39388e-09
4.48837e-09
4.57746e-09
4.66149e-09
4.74075e-09
4.81554e-09
4.88613e-09
4.95278e-09
5.01571e-09
5.07515e-09
5.6964e-09
6.30737e-09
6.88823e-09
7.41566e-09
7.86397e-09
8.20716e-09
8.42169e-09
8.48982e-09
8.40273e-09
8.16272e-09
7.78364e-09
7.28934e-09
6.71041e-09
6.08002e-09
5.42992e-09
4.78741e-09
4.17371e-09
3.60352e-09
3.08553e-09
2.62353e-09
2.21756e-09
1.86511e-09
1.56212e-09
1.30367e-09
1.08461e-09
8.99839e-10
7.44584e-10
6.145e-10
5.05719e-10
4.14856e-10
3.38985e-10
2.75599e-10
2.22561e-10
1.78062e-10
1.40563e-10
1.08761e-10
8.15358e-11
5.79118e-11
3.70108e-11
1.79971e-11
-1.0408e-31
7.178e-13
4.69897e-10
9.15664e-10
1.33827e-09
1.73822e-09
2.11616e-09
2.47283e-09
2.80908e-09
3.12578e-09
3.42385e-09
3.70424e-09
3.96785e-09
4.21562e-09
4.44843e-09
4.66715e-09
4.87262e-09
5.06563e-09
5.24696e-09
5.41731e-09
5.57738e-09
5.72781e-09
5.86921e-09
6.00216e-09
6.12719e-09
6.2448e-09
6.35546e-09
6.45963e-09
6.5577e-09
6.65006e-09
6.73708e-09
6.81909e-09
6.8964e-09
7.69432e-09
8.45738e-09
9.1551e-09
9.75354e-09
1.02179e-08
1.05163e-08
1.06243e-08
1.05294e-08
1.02341e-08
9.75663e-09
9.1288e-09
8.39155e-09
7.58902e-09
6.76305e-09
5.94921e-09
5.17463e-09
4.45769e-09
3.80888e-09
3.23231e-09
2.72742e-09
2.29051e-09
1.91601e-09
1.59745e-09
1.32809e-09
1.10143e-09
9.11396e-10
7.52507e-10
6.19922e-10
5.09424e-10
4.17385e-10
3.40709e-10
2.76772e-10
2.23359e-10
1.78601e-10
1.40927e-10
1.09004e-10
8.16951e-11
5.80125e-11
3.70695e-11
1.80239e-11
-7.45367e-32
8.58942e-13
5.60358e-10
1.09179e-09
1.59536e-09
2.07161e-09
2.52125e-09
2.94518e-09
3.34438e-09
3.71993e-09
4.07292e-09
4.40451e-09
4.71582e-09
5.00799e-09
5.2821e-09
5.53923e-09
5.78041e-09
6.00661e-09
6.21878e-09
6.4178e-09
6.60451e-09
6.77971e-09
6.94415e-09
7.09851e-09
7.24347e-09
7.37962e-09
7.50756e-09
7.6278e-09
7.74086e-09
7.84719e-09
7.94724e-09
8.04141e-09
8.13007e-09
9.03783e-09
9.89022e-09
1.06494e-08
1.12746e-08
1.17259e-08
1.19694e-08
1.19826e-08
1.17594e-08
1.13124e-08
1.0672e-08
9.88222e-09
8.99395e-09
8.05816e-09
7.12e-09
6.21536e-09
5.36969e-09
4.5986e-09
3.90945e-09
3.30339e-09
2.77726e-09
2.32524e-09
1.94008e-09
1.61406e-09
1.33952e-09
1.10927e-09
9.16766e-10
7.56179e-10
6.2243e-10
5.11135e-10
4.18551e-10
3.41503e-10
2.77312e-10
2.23725e-10
1.78849e-10
1.41094e-10
1.09115e-10
8.17681e-11
5.80587e-11
3.70963e-11
1.80361e-11
-8.40332e-31
1.00063e-12
6.50753e-10
1.26775e-09
1.85214e-09
2.40447e-09
2.92555e-09
3.41638e-09
3.87811e-09
4.312e-09
4.71935e-09
5.10151e-09
5.45983e-09
5.79565e-09
6.1103e-09
6.40503e-09
6.68107e-09
6.9396e-09
7.18174e-09
7.40855e-09
7.62102e-09
7.82011e-09
8.00669e-09
8.18161e-09
8.34563e-09
8.49948e-09
8.64385e-09
8.77936e-09
8.90661e-09
9.02614e-09
9.13846e-09
9.24405e-09
9.34336e-09
1.03523e-08
1.12832e-08
1.20909e-08
1.27283e-08
1.31514e-08
1.33259e-08
1.32328e-08
1.28743e-08
1.22739e-08
1.14747e-08
1.0532e-08
9.50533e-09
8.45058e-09
7.41459e-09
6.43241e-09
5.52712e-09
4.7113e-09
3.98928e-09
3.35945e-09
2.81636e-09
2.35235e-09
1.9588e-09
1.62694e-09
1.34836e-09
1.11533e-09
9.20903e-10
7.59003e-10
6.24356e-10
5.12447e-10
4.19445e-10
3.42111e-10
2.77725e-10
2.24005e-10
1.79039e-10
1.41222e-10
1.092e-10
8.18239e-11
5.8094e-11
3.71169e-11
1.80455e-11
-2.47173e-30
1.39621e-12
9.0119e-10
1.75509e-09
2.56298e-09
3.32539e-09
4.04331e-09
4.71805e-09
5.35122e-09
5.94458e-09
6.50003e-09
7.01952e-09
7.50504e-09
7.95855e-09
8.382e-09
8.77726e-09
9.14614e-09
9.49038e-09
9.81163e-09
1.01114e-08
1.03913e-08
1.06525e-08
1.08965e-08
1.11244e-08
1.13374e-08
1.15364e-08
1.17226e-08
1.18967e-08
1.20597e-08
1.22123e-08
1.23552e-08
1.24891e-08
1.26147e-08
1.38655e-08
1.49659e-08
1.5852e-08
1.64623e-08
1.67468e-08
1.66766e-08
1.62509e-08
1.55002e-08
1.44821e-08
1.32722e-08
1.19522e-08
1.05979e-08
9.27181e-09
8.01988e-09
6.87128e-09
5.84106e-09
4.93343e-09
4.14507e-09
3.46794e-09
2.89149e-09
2.40415e-09
1.9944e-09
1.65133e-09
1.36504e-09
1.12672e-09
9.28674e-10
7.64299e-10
6.27962e-10
5.14902e-10
4.21114e-10
3.43246e-10
2.78496e-10
2.24528e-10
1.79392e-10
1.41459e-10
1.09359e-10
8.19277e-11
5.81596e-11
3.71551e-11
1.8063e-11
-3.16371e-30
1.94928e-12
1.24755e-09
2.42879e-09
3.54499e-09
4.59655e-09
5.58461e-09
6.51092e-09
7.37767e-09
8.1874e-09
8.94283e-09
9.64683e-09
1.03023e-08
1.09122e-08
1.14794e-08
1.20066e-08
1.24965e-08
1.29518e-08
1.33748e-08
1.37678e-08
1.41331e-08
1.44726e-08
1.47883e-08
1.50818e-08
1.53549e-08
1.56091e-08
1.58458e-08
1.60662e-08
1.62717e-08
1.64632e-08
1.6642e-08
1.68088e-08
1.69645e-08
1.84763e-08
1.97217e-08
2.06141e-08
2.108e-08
2.10729e-08
2.05855e-08
1.96548e-08
1.83584e-08
1.68006e-08
1.50947e-08
1.33455e-08
1.16381e-08
1.00332e-08
8.56811e-09
7.26088e-09
6.11504e-09
5.12451e-09
4.27747e-09
3.55923e-09
2.95418e-09
2.44708e-09
2.02372e-09
1.67134e-09
1.37867e-09
1.136e-09
9.34984e-10
7.68589e-10
6.30879e-10
5.16884e-10
4.22461e-10
3.4416e-10
2.79116e-10
2.24948e-10
1.79677e-10
1.41651e-10
1.09486e-10
8.20111e-11
5.82123e-11
3.71857e-11
1.8077e-11
-2.87835e-30
2.71655e-12
1.72292e-09
3.35298e-09
4.89124e-09
6.3377e-09
7.69363e-09
8.96131e-09
1.01438e-08
1.12446e-08
1.22678e-08
1.32175e-08
1.40979e-08
1.49135e-08
1.56685e-08
1.63669e-08
1.70128e-08
1.76099e-08
1.81619e-08
1.86721e-08
1.91438e-08
1.95799e-08
1.99831e-08
2.03562e-08
2.07013e-08
2.10209e-08
2.13168e-08
2.15909e-08
2.18451e-08
2.20808e-08
2.22995e-08
2.25027e-08
2.26914e-08
2.44599e-08
2.57831e-08
2.65506e-08
2.66856e-08
2.61651e-08
2.50307e-08
2.33854e-08
2.13747e-08
1.91585e-08
1.68847e-08
1.46714e-08
1.26006e-08
1.07207e-08
9.05301e-09
7.5995e-09
6.34971e-09
5.28619e-09
4.38837e-09
3.63505e-09
3.00589e-09
2.48229e-09
2.04767e-09
1.68761e-09
1.38972e-09
1.1435e-09
9.40075e-10
7.72045e-10
6.33225e-10
5.18476e-10
4.23542e-10
3.44894e-10
2.79614e-10
2.25285e-10
1.79904e-10
1.41803e-10
1.09588e-10
8.20778e-11
5.82544e-11
3.72102e-11
1.80881e-11
-2.61832e-30
3.7694e-12
2.36923e-09
4.60899e-09
6.71978e-09
8.70083e-09
1.05534e-08
1.22805e-08
1.38863e-08
1.53757e-08
1.67546e-08
1.80289e-08
1.92049e-08
2.02889e-08
2.12871e-08
2.22057e-08
2.30503e-08
2.38267e-08
2.45402e-08
2.51956e-08
2.57977e-08
2.63508e-08
2.6859e-08
2.7326e-08
2.77552e-08
2.81498e-08
2.85128e-08
2.88468e-08
2.91543e-08
2.94375e-08
2.96985e-08
2.99391e-08
3.01611e-08
3.21426e-08
3.34098e-08
3.3834e-08
3.33577e-08
3.20179e-08
2.99474e-08
2.73497e-08
2.44555e-08
2.14786e-08
1.85874e-08
1.58956e-08
1.34669e-08
1.13263e-08
9.47251e-09
7.88809e-09
6.54724e-09
5.4209e-09
4.48001e-09
3.69727e-09
3.04809e-09
2.51088e-09
2.06704e-09
1.70073e-09
1.39861e-09
1.14952e-09
9.44156e-10
7.74811e-10
6.351e-10
5.19748e-10
4.24404e-10
3.45478e-10
2.8001e-10
2.25553e-10
1.80085e-10
1.41925e-10
1.09669e-10
8.21308e-11
5.82879e-11
3.72297e-11
1.8097e-11
-2.38147e-30
5.18163e-12
3.23093e-09
6.28316e-09
9.15612e-09
1.18478e-08
1.43594e-08
1.66946e-08
1.88589e-08
2.08594e-08
2.27041e-08
2.44014e-08
2.59604e-08
2.73902e-08
2.86997e-08
2.98976e-08
3.09925e-08
3.19924e-08
3.29051e-08
3.37377e-08
3.4497e-08
3.51892e-08
3.58203e-08
3.63955e-08
3.69199e-08
3.73979e-08
3.78338e-08
3.82313e-08
3.85939e-08
3.89249e-08
3.9227e-08
3.95029e-08
3.9755e-08
4.1848e-08
4.28352e-08
4.25867e-08
4.11075e-08
3.85554e-08
3.52127e-08
3.14185e-08
2.74925e-08
2.36837e-08
2.01551e-08
1.69928e-08
1.42259e-08
1.18471e-08
9.82772e-09
8.1294e-09
6.71072e-09
5.53146e-09
4.55469e-09
3.74769e-09
3.08213e-09
2.53387e-09
2.08256e-09
1.71122e-09
1.4057e-09
1.15431e-09
9.47401e-10
7.77009e-10
6.36588e-10
5.20757e-10
4.25088e-10
3.45942e-10
2.80324e-10
2.25766e-10
1.80228e-10
1.42021e-10
1.09733e-10
8.21727e-11
5.83143e-11
3.72451e-11
1.8104e-11
-2.16582e-30
7.03355e-12
4.36278e-09
8.48234e-09
1.23567e-08
1.59822e-08
1.93596e-08
2.24934e-08
2.53906e-08
2.80607e-08
3.05142e-08
3.27631e-08
3.48196e-08
3.66963e-08
3.84058e-08
3.99604e-08
4.13722e-08
4.26526e-08
4.38125e-08
4.48622e-08
4.58115e-08
4.66692e-08
4.74436e-08
4.81426e-08
4.87731e-08
4.93416e-08
4.9854e-08
5.03158e-08
5.07318e-08
5.11066e-08
5.14441e-08
5.1748e-08
5.20217e-08
5.40355e-08
5.43761e-08
5.29553e-08
4.99256e-08
4.56644e-08
4.06757e-08
3.54543e-08
3.03853e-08
2.57123e-08
2.15558e-08
1.79497e-08
1.4875e-08
1.22854e-08
1.01229e-08
8.32781e-09
6.844e-09
5.62098e-09
4.61483e-09
3.78812e-09
3.10933e-09
2.55217e-09
2.0949e-09
1.71953e-09
1.41131e-09
1.1581e-09
9.49964e-10
7.78742e-10
6.37761e-10
5.21551e-10
4.25626e-10
3.46306e-10
2.80571e-10
2.25933e-10
1.80341e-10
1.42097e-10
1.09784e-10
8.22057e-11
5.83351e-11
3.72572e-11
1.81095e-11
-1.96954e-30
9.40831e-12
5.83711e-09
1.13489e-08
1.65323e-08
2.1382e-08
2.58982e-08
3.00857e-08
3.3953e-08
3.75116e-08
4.07748e-08
4.37578e-08
4.64764e-08
4.89474e-08
5.11874e-08
5.32133e-08
5.50413e-08
5.66874e-08
5.81667e-08
5.94938e-08
6.06821e-08
6.17444e-08
6.26925e-08
6.35375e-08
6.42894e-08
6.49574e-08
6.55501e-08
6.60751e-08
6.65395e-08
6.69495e-08
6.73111e-08
6.76292e-08
6.79086e-08
6.95132e-08
6.86025e-08
6.52316e-08
5.98671e-08
5.32634e-08
4.62187e-08
3.93621e-08
3.30776e-08
2.75397e-08
2.27848e-08
1.87718e-08
1.54234e-08
1.26507e-08
1.03662e-08
8.49001e-09
6.95221e-09
5.69325e-09
4.66317e-09
3.82049e-09
3.13104e-09
2.56675e-09
2.1047e-09
1.72613e-09
1.41576e-09
1.16111e-09
9.51991e-10
7.80112e-10
6.38688e-10
5.22178e-10
4.26051e-10
3.46594e-10
2.80765e-10
2.26064e-10
1.8043e-10
1.42157e-10
1.09823e-10
8.22316e-11
5.83515e-11
3.72667e-11
1.81139e-11
-1.79091e-30
1.13436e-11
7.05079e-09
1.37096e-08
1.99732e-08
2.58348e-08
3.12943e-08
3.63565e-08
4.10307e-08
4.53297e-08
4.92687e-08
5.2865e-08
5.61372e-08
5.9105e-08
6.17883e-08
6.42074e-08
6.6382e-08
6.83317e-08
7.00751e-08
7.16301e-08
7.30137e-08
7.42418e-08
7.53292e-08
7.62896e-08
7.71358e-08
7.78795e-08
7.85313e-08
7.9101e-08
7.95973e-08
8.00283e-08
8.04012e-08
8.07226e-08
8.09982e-08
8.21446e-08
8.00378e-08
7.48896e-08
6.74779e-08
5.89048e-08
5.02098e-08
4.20997e-08
3.49205e-08
2.87673e-08
2.3598e-08
1.93092e-08
1.57785e-08
1.28855e-08
1.05217e-08
8.5931e-09
7.02072e-09
5.73887e-09
4.6936e-09
3.84083e-09
3.14465e-09
2.57589e-09
2.11083e-09
1.73026e-09
1.41854e-09
1.16298e-09
9.53256e-10
7.80967e-10
6.39266e-10
5.2257e-10
4.26315e-10
3.46773e-10
2.80887e-10
2.26146e-10
1.80485e-10
1.42194e-10
1.09848e-10
8.22477e-11
5.83616e-11
3.72726e-11
1.81166e-11
-1.62834e-30
1.05923e-11
6.56689e-09
1.27673e-08
1.85977e-08
2.40515e-08
2.91285e-08
3.38341e-08
3.81773e-08
4.21707e-08
4.58293e-08
4.91699e-08
5.22105e-08
5.49698e-08
5.74667e-08
5.97203e-08
6.17492e-08
6.35715e-08
6.52045e-08
6.66647e-08
6.79678e-08
6.91282e-08
7.01596e-08
7.10745e-08
7.18844e-08
7.26e-08
7.3231e-08
7.37862e-08
7.42736e-08
7.47005e-08
7.50735e-08
7.53984e-08
7.56805e-08
7.70884e-08
7.55743e-08
7.1255e-08
6.47427e-08
5.69769e-08
4.89094e-08
4.12432e-08
3.43625e-08
2.84052e-08
2.3363e-08
1.91564e-08
1.56788e-08
1.28203e-08
1.04788e-08
8.56487e-09
7.00206e-09
5.7265e-09
4.68538e-09
3.83535e-09
3.14099e-09
2.57343e-09
2.10919e-09
1.72915e-09
1.4178e-09
1.16248e-09
9.52918e-10
7.80739e-10
6.39112e-10
5.22465e-10
4.26245e-10
3.46725e-10
2.80854e-10
2.26124e-10
1.8047e-10
1.42184e-10
1.09841e-10
8.22434e-11
5.83589e-11
3.7271e-11
1.81158e-11
-7.75254e-31
8.35784e-12
5.17407e-09
1.00588e-08
1.46513e-08
1.89468e-08
2.29456e-08
2.66526e-08
3.00761e-08
3.32268e-08
3.61175e-08
3.87619e-08
4.11748e-08
4.33713e-08
4.53665e-08
4.71752e-08
4.8812e-08
5.02909e-08
5.1625e-08
5.2827e-08
5.39085e-08
5.48807e-08
5.57536e-08
5.65365e-08
5.72383e-08
5.78667e-08
5.84289e-08
5.89316e-08
5.93807e-08
5.97817e-08
6.01394e-08
6.04583e-08
6.07424e-08
6.26346e-08
6.24293e-08
6.00832e-08
5.58757e-08
5.03599e-08
4.42037e-08
3.80045e-08
3.21776e-08
2.69479e-08
2.23969e-08
1.85176e-08
1.52567e-08
1.25412e-08
1.0294e-08
8.44233e-09
6.92063e-09
5.67228e-09
4.64921e-09
3.81118e-09
3.1248e-09
2.56258e-09
2.1019e-09
1.72425e-09
1.41449e-09
1.16025e-09
9.51414e-10
7.79722e-10
6.38425e-10
5.22e-10
4.2593e-10
3.46512e-10
2.8071e-10
2.26027e-10
1.80405e-10
1.4214e-10
1.09812e-10
8.22243e-11
5.83469e-11
3.7264e-11
1.81127e-11
3.19983e-34
6.45962e-12
4.01041e-09
7.79757e-09
1.13599e-08
1.46942e-08
1.78014e-08
2.06859e-08
2.33543e-08
2.58155e-08
2.80792e-08
3.01564e-08
3.20585e-08
3.37969e-08
3.53832e-08
3.68285e-08
3.81439e-08
3.93396e-08
4.04256e-08
4.14112e-08
4.2305e-08
4.31153e-08
4.38494e-08
4.45143e-08
4.51164e-08
4.56615e-08
4.61549e-08
4.66016e-08
4.70059e-08
4.73719e-08
4.77032e-08
4.80032e-08
4.82749e-08
5.03739e-08
5.09918e-08
5.00145e-08
4.75289e-08
4.38267e-08
3.93374e-08
3.45163e-08
2.97443e-08
2.52811e-08
2.12683e-08
1.7759e-08
1.47488e-08
1.22019e-08
1.00675e-08
8.29113e-09
6.81963e-09
5.60476e-09
4.60401e-09
3.78089e-09
3.10448e-09
2.54892e-09
2.09271e-09
1.71806e-09
1.41032e-09
1.15744e-09
9.49512e-10
7.78437e-10
6.37555e-10
5.21411e-10
4.25531e-10
3.46242e-10
2.80528e-10
2.25904e-10
1.80322e-10
1.42084e-10
1.09775e-10
8.22001e-11
5.83316e-11
3.72551e-11
1.81086e-11
3.51903e-34
4.91128e-12
3.0667e-09
5.96417e-09
8.69204e-09
1.12486e-08
1.36351e-08
1.58551e-08
1.7914e-08
1.98183e-08
2.15756e-08
2.3194e-08
2.4682e-08
2.60481e-08
2.73006e-08
2.8448e-08
2.9498e-08
3.04583e-08
3.13361e-08
3.21382e-08
3.28708e-08
3.35399e-08
3.41509e-08
3.47089e-08
3.52186e-08
3.56841e-08
3.61094e-08
3.64982e-08
3.68536e-08
3.71786e-08
3.7476e-08
3.77483e-08
3.79976e-08
4.01054e-08
4.1189e-08
4.11134e-08
3.9863e-08
3.75634e-08
3.44631e-08
3.08766e-08
2.71135e-08
2.34248e-08
1.99807e-08
1.68764e-08
1.41486e-08
1.17959e-08
9.79384e-09
8.10695e-09
6.69581e-09
5.52154e-09
4.54808e-09
3.74328e-09
3.07917e-09
2.53188e-09
2.08123e-09
1.71032e-09
1.40509e-09
1.1539e-09
9.47125e-10
7.76822e-10
6.36462e-10
5.20671e-10
4.2503e-10
3.45903e-10
2.80298e-10
2.25748e-10
1.80217e-10
1.42014e-10
1.09728e-10
8.21695e-11
5.83123e-11
3.72439e-11
1.81035e-11
3.86986e-34
3.68777e-12
2.31987e-09
4.51314e-09
6.58037e-09
8.5209e-09
1.0336e-08
1.20287e-08
1.36029e-08
1.50636e-08
1.64164e-08
1.76671e-08
1.8822e-08
1.9887e-08
2.08683e-08
2.17718e-08
2.26031e-08
2.33677e-08
2.40707e-08
2.4717e-08
2.53111e-08
2.58573e-08
2.63595e-08
2.68213e-08
2.7246e-08
2.76369e-08
2.79967e-08
2.8328e-08
2.86332e-08
2.89146e-08
2.91741e-08
2.94135e-08
2.96346e-08
3.16195e-08
3.29141e-08
3.3389e-08
3.29814e-08
3.17193e-08
2.97253e-08
2.71944e-08
2.43525e-08
2.14133e-08
1.85474e-08
1.58718e-08
1.3453e-08
1.13183e-08
9.46796e-09
7.88552e-09
6.54579e-09
5.42008e-09
4.47953e-09
3.69699e-09
3.04792e-09
2.51078e-09
2.06698e-09
1.70069e-09
1.39858e-09
1.1495e-09
9.44145e-10
7.74804e-10
6.35095e-10
5.19745e-10
4.24402e-10
3.45477e-10
2.80009e-10
2.25553e-10
1.80085e-10
1.41925e-10
1.09669e-10
8.2131e-11
5.82881e-11
3.72299e-11
1.80971e-11
2.38824e-34
3.51013e-12
2.2111e-09
4.30178e-09
6.27272e-09
8.12338e-09
9.85508e-09
1.14706e-08
1.29738e-08
1.43695e-08
1.56628e-08
1.68594e-08
1.7965e-08
1.89853e-08
1.99262e-08
2.07932e-08
2.15917e-08
2.23267e-08
2.30032e-08
2.36257e-08
2.41986e-08
2.47257e-08
2.52108e-08
2.56575e-08
2.60687e-08
2.64475e-08
2.67966e-08
2.71185e-08
2.74153e-08
2.76892e-08
2.79422e-08
2.81759e-08
2.83919e-08
3.0347e-08
3.16583e-08
3.21986e-08
3.19011e-08
3.07822e-08
2.89481e-08
2.65764e-08
2.3879e-08
2.10616e-08
1.82926e-08
1.56907e-08
1.33261e-08
1.12304e-08
9.40749e-09
7.84417e-09
6.51763e-09
5.40095e-09
4.46656e-09
3.68821e-09
3.04198e-09
2.50676e-09
2.06426e-09
1.69885e-09
1.39734e-09
1.14866e-09
9.43575e-10
7.74418e-10
6.34833e-10
5.19568e-10
4.24282e-10
3.45396e-10
2.79954e-10
2.25516e-10
1.8006e-10
1.41908e-10
1.09658e-10
8.21237e-11
5.82834e-11
3.72272e-11
1.80959e-11
2.22867e-34
2.74298e-12
1.73968e-09
3.38559e-09
4.93882e-09
6.39935e-09
7.76846e-09
9.04846e-09
1.02424e-08
1.13539e-08
1.2387e-08
1.33459e-08
1.4235e-08
1.50584e-08
1.58207e-08
1.65259e-08
1.7178e-08
1.77808e-08
1.83381e-08
1.88532e-08
1.93294e-08
1.97696e-08
2.01767e-08
2.05533e-08
2.09018e-08
2.12243e-08
2.1523e-08
2.17997e-08
2.20563e-08
2.22942e-08
2.2515e-08
2.272e-08
2.29104e-08
2.46949e-08
2.6029e-08
2.68009e-08
2.6933e-08
2.64017e-08
2.5249e-08
2.35793e-08
2.15403e-08
1.92947e-08
1.69928e-08
1.47546e-08
1.2663e-08
1.07665e-08
9.08605e-09
7.62299e-09
6.36621e-09
5.29768e-09
4.39632e-09
3.64051e-09
3.00963e-09
2.48484e-09
2.04941e-09
1.68879e-09
1.39052e-09
1.14404e-09
9.40446e-10
7.72297e-10
6.33396e-10
5.18593e-10
4.23621e-10
3.44948e-10
2.7965e-10
2.2531e-10
1.79921e-10
1.41815e-10
1.09596e-10
8.20831e-11
5.82578e-11
3.72123e-11
1.80891e-11
4.31729e-34
2.02643e-12
1.29587e-09
2.52276e-09
3.68197e-09
4.77386e-09
5.79959e-09
6.76098e-09
7.6603e-09
8.5002e-09
9.28351e-09
1.00132e-08
1.06924e-08
1.13241e-08
1.19113e-08
1.24569e-08
1.29637e-08
1.34344e-08
1.38716e-08
1.42776e-08
1.46548e-08
1.50052e-08
1.53308e-08
1.56335e-08
1.5915e-08
1.61768e-08
1.64205e-08
1.66474e-08
1.68587e-08
1.70557e-08
1.72394e-08
1.74108e-08
1.75707e-08
1.91186e-08
2.0384e-08
2.12772e-08
2.17229e-08
2.16754e-08
2.11303e-08
2.01299e-08
1.87581e-08
1.71257e-08
1.5351e-08
1.35421e-08
1.17852e-08
1.01411e-08
8.646e-09
7.31632e-09
6.15406e-09
5.15174e-09
4.29633e-09
3.57222e-09
2.9631e-09
2.45318e-09
2.02789e-09
1.67418e-09
1.38061e-09
1.13731e-09
9.35878e-10
7.69197e-10
6.31292e-10
5.17165e-10
4.22652e-10
3.4429e-10
2.79205e-10
2.25008e-10
1.79717e-10
1.41678e-10
1.09505e-10
8.20235e-11
5.82202e-11
3.71904e-11
1.80791e-11
5.14393e-34
1.49058e-12
9.60727e-10
1.87093e-09
2.7319e-09
3.54418e-09
4.30878e-09
5.02709e-09
5.70082e-09
6.33186e-09
6.92225e-09
7.47409e-09
7.98952e-09
8.47066e-09
8.9196e-09
9.33837e-09
9.72892e-09
1.00931e-08
1.04327e-08
1.07495e-08
1.10449e-08
1.13205e-08
1.15777e-08
1.18178e-08
1.2042e-08
1.22514e-08
1.2447e-08
1.26299e-08
1.2801e-08
1.29611e-08
1.31109e-08
1.32513e-08
1.33827e-08
1.46869e-08
1.58228e-08
1.67219e-08
1.73198e-08
1.7566e-08
1.74335e-08
1.69265e-08
1.60825e-08
1.49673e-08
1.36639e-08
1.22592e-08
1.08323e-08
9.44694e-09
8.14822e-09
6.96384e-09
5.90696e-09
4.97986e-09
4.17751e-09
3.49045e-09
2.90703e-09
2.41484e-09
2.00172e-09
1.65635e-09
1.36847e-09
1.12905e-09
9.30263e-10
7.65381e-10
6.28698e-10
5.15403e-10
4.21455e-10
3.43478e-10
2.78654e-10
2.24635e-10
1.79465e-10
1.41509e-10
1.09392e-10
8.19495e-11
5.81735e-11
3.71632e-11
1.80667e-11
5.65449e-34
1.09356e-12
7.09933e-10
1.38294e-09
2.02022e-09
2.62232e-09
3.19011e-09
3.72466e-09
4.22722e-09
4.69918e-09
5.14197e-09
5.55708e-09
5.94601e-09
6.31024e-09
6.65121e-09
6.97035e-09
7.26901e-09
7.5485e-09
7.81004e-09
8.05481e-09
8.28393e-09
8.49842e-09
8.69929e-09
8.88743e-09
9.06372e-09
9.22895e-09
9.38386e-09
9.52916e-09
9.6655e-09
9.79347e-09
9.91364e-09
1.00265e-08
1.01326e-08
1.12057e-08
1.21853e-08
1.30217e-08
1.36638e-08
1.40653e-08
1.41917e-08
1.40272e-08
1.35793e-08
1.28792e-08
1.19777e-08
1.09374e-08
9.82303e-09
8.69343e-09
7.59624e-09
6.5658e-09
5.62357e-09
4.78017e-09
4.03794e-09
3.39355e-09
2.84009e-09
2.36878e-09
1.97013e-09
1.63472e-09
1.3537e-09
1.11898e-09
9.23396e-10
7.60704e-10
6.25515e-10
5.13237e-10
4.19983e-10
3.42477e-10
2.77974e-10
2.24175e-10
1.79154e-10
1.41299e-10
1.09252e-10
8.18582e-11
5.81158e-11
3.71296e-11
1.80514e-11
6.21474e-34
8.01217e-13
5.23497e-10
1.02003e-09
1.49064e-09
1.93585e-09
2.35635e-09
2.75298e-09
3.12665e-09
3.47837e-09
3.80916e-09
4.12008e-09
4.41217e-09
4.68648e-09
4.94401e-09
5.18575e-09
5.41264e-09
5.6256e-09
5.82548e-09
6.0131e-09
6.18924e-09
6.35464e-09
6.50997e-09
6.6559e-09
6.79301e-09
6.92189e-09
7.04306e-09
7.15702e-09
7.26423e-09
7.36513e-09
7.46011e-09
7.54957e-09
7.63384e-09
8.4997e-09
9.3193e-09
1.00578e-08
1.0677e-08
1.11389e-08
1.14098e-08
1.14659e-08
1.12978e-08
1.09136e-08
1.03386e-08
9.61194e-09
8.78106e-09
7.89469e-09
6.99723e-09
6.12488e-09
5.30405e-09
4.55159e-09
3.87615e-09
3.28e-09
2.76095e-09
2.31392e-09
1.93226e-09
1.60868e-09
1.33583e-09
1.10674e-09
9.15037e-10
7.54998e-10
6.21624e-10
5.10586e-10
4.18177e-10
3.41249e-10
2.7714e-10
2.23609e-10
1.78771e-10
1.41042e-10
1.09081e-10
8.17456e-11
5.80447e-11
3.70883e-11
1.80325e-11
6.82916e-34
5.86794e-13
3.85553e-10
7.5142e-10
1.09846e-09
1.42714e-09
1.738e-09
2.03168e-09
2.30887e-09
2.57029e-09
2.81667e-09
3.04877e-09
3.26731e-09
3.47304e-09
3.66665e-09
3.84884e-09
4.02027e-09
4.18157e-09
4.33335e-09
4.47618e-09
4.61061e-09
4.73715e-09
4.85628e-09
4.96846e-09
5.07412e-09
5.17366e-09
5.26747e-09
5.35589e-09
5.43926e-09
5.51789e-09
5.59206e-09
5.66206e-09
5.72813e-09
6.41564e-09
7.08523e-09
7.71335e-09
8.27279e-09
8.73433e-09
9.06933e-09
9.25319e-09
9.26915e-09
9.11162e-09
8.78802e-09
8.31855e-09
7.73347e-09
7.06891e-09
6.36197e-09
5.64654e-09
4.95044e-09
4.29425e-09
3.69129e-09
3.14863e-09
2.66841e-09
2.24921e-09
1.88727e-09
1.57754e-09
1.31436e-09
1.09199e-09
9.04914e-10
7.48068e-10
6.16887e-10
5.07352e-10
4.15972e-10
3.39747e-10
2.76118e-10
2.22915e-10
1.78301e-10
1.40725e-10
1.0887e-10
8.16073e-11
5.79572e-11
3.70373e-11
1.80092e-11
7.50252e-34
4.2987e-13
2.83809e-10
5.53235e-10
8.08972e-10
1.0514e-09
1.28097e-09
1.49814e-09
1.70344e-09
1.89737e-09
2.08048e-09
2.2533e-09
2.41634e-09
2.57013e-09
2.71516e-09
2.85192e-09
2.98087e-09
3.10246e-09
3.21711e-09
3.32523e-09
3.4272e-09
3.52338e-09
3.61412e-09
3.69974e-09
3.78053e-09
3.8568e-09
3.92881e-09
3.99681e-09
4.06103e-09
4.12172e-09
4.17906e-09
4.23326e-09
4.28451e-09
4.82328e-09
5.36006e-09
5.87947e-09
6.36288e-09
6.78909e-09
7.13561e-09
7.38079e-09
7.50641e-09
7.50045e-09
7.35952e-09
7.09009e-09
6.70809e-09
6.23697e-09
5.70449e-09
5.13912e-09
4.56698e-09
4.0097e-09
3.48342e-09
2.99876e-09
2.56154e-09
2.17369e-09
1.8343e-09
1.54061e-09
1.28874e-09
1.07429e-09
8.92723e-10
7.39693e-10
6.11145e-10
5.03422e-10
4.13287e-10
3.37915e-10
2.7487e-10
2.22066e-10
1.77727e-10
1.40338e-10
1.08611e-10
8.14377e-11
5.78499e-11
3.69748e-11
1.79807e-11
8.23988e-34
3.15138e-13
2.08912e-10
4.07304e-10
5.95725e-10
7.74487e-10
9.43928e-10
1.10441e-09
1.25631e-09
1.40001e-09
1.53588e-09
1.66433e-09
1.7857e-09
1.90038e-09
2.00872e-09
2.11106e-09
2.20772e-09
2.29903e-09
2.38527e-09
2.46675e-09
2.54372e-09
2.61645e-09
2.68517e-09
2.75013e-09
2.81152e-09
2.86957e-09
2.92446e-09
2.97638e-09
3.02549e-09
3.07195e-09
3.11592e-09
3.15754e-09
3.19694e-09
3.61466e-09
4.03851e-09
4.45878e-09
4.86318e-09
5.23698e-09
5.56361e-09
5.82573e-09
6.00682e-09
6.09322e-09
6.07619e-09
5.95362e-09
5.73091e-09
5.42064e-09
5.04102e-09
4.6135e-09
4.16015e-09
3.70127e-09
3.25378e-09
2.83044e-09
2.43979e-09
2.0866e-09
1.77259e-09
1.49721e-09
1.25842e-09
1.0532e-09
8.78127e-10
7.29623e-10
6.04218e-10
4.98668e-10
4.1003e-10
3.35688e-10
2.73351e-10
2.21032e-10
1.77025e-10
1.39865e-10
1.08295e-10
8.12302e-11
5.77186e-11
3.68983e-11
1.79457e-11
9.04649e-34
2.31262e-13
1.53837e-10
2.99968e-10
4.38822e-10
5.70646e-10
6.957e-10
8.14258e-10
9.26595e-10
1.03299e-09
1.13373e-09
1.22907e-09
1.3193e-09
1.40467e-09
1.48543e-09
1.56182e-09
1.63409e-09
1.70245e-09
1.76712e-09
1.8283e-09
1.88618e-09
1.94094e-09
1.99277e-09
2.04181e-09
2.08824e-09
2.13219e-09
2.1738e-09
2.2132e-09
2.25052e-09
2.28588e-09
2.31937e-09
2.35111e-09
2.38118e-09
2.70227e-09
3.03293e-09
3.36723e-09
3.69735e-09
4.01345e-09
4.30389e-09
4.55571e-09
4.75543e-09
4.89039e-09
4.95022e-09
4.92845e-09
4.82373e-09
4.6405e-09
4.38866e-09
4.08242e-09
3.73848e-09
3.37403e-09
3.00497e-09
2.64464e-09
2.30319e-09
1.98751e-09
1.70152e-09
1.44672e-09
1.22283e-09
1.02828e-09
8.60769e-10
7.17587e-10
5.95902e-10
4.9294e-10
4.06095e-10
3.32991e-10
2.71507e-10
2.19775e-10
1.76171e-10
1.39288e-10
1.07909e-10
8.09768e-11
5.75582e-11
3.68048e-11
1.7903e-11
9.92777e-34
1.69913e-13
1.13352e-10
2.21051e-10
3.23428e-10
4.20676e-10
5.12995e-10
6.00587e-10
6.83658e-10
7.62414e-10
8.37056e-10
9.07782e-10
9.74787e-10
1.03826e-09
1.09837e-09
1.15531e-09
1.20923e-09
1.2603e-09
1.30867e-09
1.35449e-09
1.39788e-09
1.43899e-09
1.47793e-09
1.51483e-09
1.5498e-09
1.58293e-09
1.61434e-09
1.64411e-09
1.67234e-09
1.6991e-09
1.72448e-09
1.74855e-09
1.77138e-09
2.01649e-09
2.27196e-09
2.53432e-09
2.79875e-09
3.05892e-09
3.307e-09
3.53377e-09
3.72903e-09
3.88228e-09
3.98373e-09
4.02543e-09
4.0025e-09
3.91409e-09
3.76377e-09
3.55935e-09
3.31196e-09
3.03468e-09
2.74098e-09
2.44341e-09
2.15252e-09
1.87645e-09
1.62075e-09
1.38865e-09
1.18148e-09
9.99074e-10
8.4028e-10
7.03293e-10
5.85976e-10
4.86074e-10
4.01362e-10
3.29738e-10
2.69277e-10
2.18252e-10
1.75135e-10
1.38587e-10
1.0744e-10
8.06683e-11
5.73626e-11
3.66907e-11
1.78508e-11
1.08892e-33
1.24999e-13
8.35878e-11
1.63023e-10
2.38558e-10
3.10342e-10
3.78526e-10
4.43262e-10
5.04703e-10
5.62999e-10
6.18298e-10
6.70743e-10
7.20475e-10
7.67629e-10
8.12335e-10
8.54719e-10
8.94899e-10
9.32991e-10
9.69105e-10
1.00334e-09
1.03581e-09
1.06659e-09
1.09578e-09
1.12346e-09
1.14971e-09
1.17462e-09
1.19824e-09
1.22065e-09
1.24192e-09
1.2621e-09
1.28125e-09
1.29943e-09
1.31668e-09
1.50278e-09
1.69865e-09
1.90236e-09
2.11105e-09
2.32081e-09
2.52656e-09
2.72203e-09
2.8999e-09
3.05214e-09
3.17051e-09
3.24738e-09
3.27661e-09
3.25449e-09
3.18043e-09
3.05731e-09
2.8913e-09
2.69115e-09
2.46714e-09
2.22992e-09
1.98941e-09
1.75403e-09
1.53029e-09
1.32272e-09
1.13397e-09
9.65181e-10
8.16297e-10
6.86441e-10
5.74203e-10
4.77889e-10
3.95695e-10
3.25829e-10
2.6659e-10
2.16412e-10
1.7388e-10
1.37737e-10
1.0687e-10
8.02932e-11
5.71247e-11
3.65518e-11
1.77873e-11
1.19361e-33
9.20778e-14
6.1695e-11
1.20334e-10
1.7611e-10
2.29136e-10
2.79527e-10
3.27396e-10
3.72857e-10
4.16019e-10
4.56991e-10
4.95878e-10
5.32782e-10
5.678e-10
6.01027e-10
6.32554e-10
6.62466e-10
6.90847e-10
7.17776e-10
7.43327e-10
7.67573e-10
7.90581e-10
8.12415e-10
8.33138e-10
8.52807e-10
8.71477e-10
8.892e-10
9.06027e-10
9.22003e-10
9.37174e-10
9.5158e-10
9.65262e-10
9.78258e-10
1.11894e-09
1.26821e-09
1.42504e-09
1.58784e-09
1.75427e-09
1.92115e-09
2.0844e-09
2.239e-09
2.37913e-09
2.49843e-09
2.59041e-09
2.6491e-09
2.6697e-09
2.64934e-09
2.58763e-09
2.48687e-09
2.35193e-09
2.18973e-09
2.0084e-09
1.81638e-09
1.62154e-09
1.43065e-09
1.24894e-09
1.08009e-09
9.26282e-10
7.88495e-10
6.66737e-10
5.60338e-10
4.68191e-10
3.88947e-10
3.21154e-10
2.63365e-10
2.14197e-10
1.72366e-10
1.36709e-10
1.0618e-10
7.98384e-11
5.68359e-11
3.63831e-11
1.77101e-11
1.30735e-33
6.79156e-14
4.55799e-11
8.8908e-11
1.3013e-10
1.69331e-10
2.06599e-10
2.42018e-10
2.75672e-10
3.07642e-10
3.38008e-10
3.66846e-10
3.94231e-10
4.20233e-10
4.44922e-10
4.68363e-10
4.90619e-10
5.1175e-10
5.31813e-10
5.50862e-10
5.6895e-10
5.86125e-10
6.02435e-10
6.17924e-10
6.32634e-10
6.46606e-10
6.59877e-10
6.72483e-10
6.84459e-10
6.95837e-10
7.06648e-10
7.1692e-10
7.26682e-10
8.32684e-10
9.45886e-10
1.06583e-09
1.19166e-09
1.32205e-09
1.45511e-09
1.58825e-09
1.71819e-09
1.8409e-09
1.95175e-09
2.04568e-09
2.11755e-09
2.16265e-09
2.17722e-09
2.15903e-09
2.10779e-09
2.02533e-09
1.91554e-09
1.78387e-09
1.6368e-09
1.48102e-09
1.32286e-09
1.16772e-09
1.01983e-09
8.82194e-10
7.56615e-10
6.43916e-10
5.44143e-10
4.56782e-10
3.80959e-10
3.15593e-10
2.59513e-10
2.11541e-10
1.70546e-10
1.35471e-10
1.05346e-10
7.92882e-11
5.64861e-11
3.61786e-11
1.76165e-11
1.43059e-33
5.01567e-14
3.37067e-11
6.57517e-11
9.62444e-11
1.25251e-10
1.52835e-10
1.7906e-10
2.03989e-10
2.27681e-10
2.50195e-10
2.71588e-10
2.91912e-10
3.11222e-10
3.29565e-10
3.46991e-10
3.63546e-10
3.79272e-10
3.94211e-10
4.08404e-10
4.21887e-10
4.34697e-10
4.46868e-10
4.58432e-10
4.69421e-10
4.79862e-10
4.89785e-10
4.99216e-10
5.08178e-10
5.16697e-10
5.24795e-10
5.32492e-10
5.3981e-10
6.19475e-10
7.05006e-10
7.96245e-10
8.92794e-10
9.93948e-10
1.09862e-09
1.20525e-09
1.31176e-09
1.41549e-09
1.51322e-09
1.60123e-09
1.67549e-09
1.73192e-09
1.76679e-09
1.77713e-09
1.76117e-09
1.71871e-09
1.65121e-09
1.56175e-09
1.45469e-09
1.33517e-09
1.20855e-09
1.07988e-09
9.5353e-10
8.32928e-10
7.2051e-10
6.1777e-10
5.25402e-10
4.43467e-10
3.71571e-10
3.09017e-10
2.54934e-10
2.08371e-10
1.68366e-10
1.33983e-10
1.04342e-10
7.86244e-11
5.60634e-11
3.59311e-11
1.75031e-11
1.56367e-33
3.70853e-14
2.49499e-11
4.8672e-11
7.12484e-11
9.27287e-11
1.13161e-10
1.32594e-10
1.51071e-10
1.68639e-10
1.8534e-10
2.01215e-10
2.16304e-10
2.30646e-10
2.44277e-10
2.57232e-10
2.69544e-10
2.81245e-10
2.92366e-10
3.02936e-10
3.12983e-10
3.22531e-10
3.31607e-10
3.40235e-10
3.48436e-10
3.56232e-10
3.63644e-10
3.7069e-10
3.7739e-10
3.8376e-10
3.89817e-10
3.95577e-10
4.01055e-10
4.60809e-10
5.25244e-10
5.9436e-10
6.68014e-10
7.4587e-10
8.27343e-10
9.11539e-10
9.9719e-10
1.08261e-09
1.16564e-09
1.24371e-09
1.31381e-09
1.37274e-09
1.41724e-09
1.44434e-09
1.45167e-09
1.43785e-09
1.4027e-09
1.34741e-09
1.27441e-09
1.1872e-09
1.08988e-09
9.86739e-10
8.81855e-10
7.78744e-10
6.80189e-10
5.88179e-10
5.03946e-10
4.28071e-10
3.60623e-10
3.01293e-10
2.49524e-10
2.04607e-10
1.65765e-10
1.32202e-10
1.03138e-10
7.7826e-11
5.55541e-11
3.56326e-11
1.73662e-11
1.70677e-33
2.74504e-14
1.84846e-11
3.60609e-11
5.27905e-11
6.87106e-11
8.38574e-11
9.82663e-11
1.11971e-10
1.25005e-10
1.374e-10
1.49186e-10
1.60393e-10
1.71048e-10
1.81179e-10
1.90811e-10
1.99968e-10
2.08675e-10
2.16953e-10
2.24823e-10
2.32306e-10
2.39421e-10
2.46187e-10
2.5262e-10
2.58737e-10
2.64554e-10
2.70086e-10
2.75347e-10
2.80351e-10
2.8511e-10
2.89636e-10
2.93941e-10
2.98037e-10
3.4279e-10
3.91221e-10
4.43407e-10
4.99337e-10
5.58887e-10
6.21773e-10
6.87512e-10
7.55368e-10
8.2431e-10
8.92966e-10
9.596e-10
1.02212e-09
1.07814e-09
1.12505e-09
1.16027e-09
1.18142e-09
1.1866e-09
1.17472e-09
1.14563e-09
1.10028e-09
1.04063e-09
9.6945e-10
8.90044e-10
8.05864e-10
7.20187e-10
6.35862e-10
5.55151e-10
4.79678e-10
4.10457e-10
3.47973e-10
2.92294e-10
2.43175e-10
2.00164e-10
1.6268e-10
1.30081e-10
1.01698e-10
7.68688e-11
5.49421e-11
3.52733e-11
1.72013e-11
1.85987e-33
2.03388e-14
1.3706e-11
2.67392e-11
3.91459e-11
5.0954e-11
6.21905e-11
7.28818e-11
8.30532e-11
9.2729e-11
1.01933e-10
1.10687e-10
1.19013e-10
1.26932e-10
1.34463e-10
1.41626e-10
1.48438e-10
1.54916e-10
1.61078e-10
1.66937e-10
1.72511e-10
1.77811e-10
1.82853e-10
1.87648e-10
1.92209e-10
1.96548e-10
2.00675e-10
2.046e-10
2.08335e-10
2.11888e-10
2.15268e-10
2.18484e-10
2.21543e-10
2.55023e-10
2.91361e-10
3.3066e-10
3.72977e-10
4.18298e-10
4.66513e-10
5.17385e-10
5.70514e-10
6.25298e-10
6.80895e-10
7.36191e-10
7.8978e-10
8.39972e-10
8.84838e-10
9.22295e-10
9.50254e-10
9.66806e-10
9.70444e-10
9.60275e-10
9.36192e-10
8.98943e-10
8.50099e-10
7.91892e-10
7.26969e-10
6.58113e-10
5.87973e-10
5.18857e-10
4.52606e-10
3.90546e-10
3.3351e-10
2.81903e-10
2.35783e-10
1.94953e-10
1.59041e-10
1.27565e-10
9.99837e-11
7.57256e-11
5.42093e-11
3.48422e-11
1.70032e-11
2.02262e-33
1.50825e-14
1.01701e-11
1.98415e-11
2.90488e-11
3.78128e-11
4.61538e-11
5.40915e-11
6.16445e-11
6.88311e-11
7.56685e-11
8.21734e-11
8.83618e-11
9.42488e-11
9.98492e-11
1.05177e-10
1.10245e-10
1.15066e-10
1.19652e-10
1.24015e-10
1.28165e-10
1.32113e-10
1.3587e-10
1.39443e-10
1.42843e-10
1.46078e-10
1.49155e-10
1.52084e-10
1.5487e-10
1.57521e-10
1.60043e-10
1.62444e-10
1.64728e-10
1.89753e-10
2.16978e-10
2.46512e-10
2.78436e-10
3.12789e-10
3.49557e-10
3.88644e-10
4.29853e-10
4.72854e-10
5.17153e-10
5.62062e-10
6.06676e-10
6.49855e-10
6.9023e-10
7.26242e-10
7.56212e-10
7.78458e-10
7.91441e-10
7.9395e-10
7.85266e-10
7.65298e-10
7.34647e-10
6.94572e-10
6.46867e-10
5.93666e-10
5.37215e-10
4.79657e-10
4.22868e-10
3.68345e-10
3.17171e-10
2.70029e-10
2.27253e-10
1.8889e-10
1.54777e-10
1.24601e-10
9.79534e-11
7.43662e-11
5.33353e-11
3.43269e-11
1.6766e-11
2.19428e-33
1.11927e-14
7.55102e-12
1.4732e-11
2.15689e-11
2.80773e-11
3.42723e-11
4.01685e-11
4.57799e-11
5.11199e-11
5.62014e-11
6.10367e-11
6.56376e-11
7.00153e-11
7.41807e-11
7.8144e-11
8.19149e-11
8.55029e-11
8.89168e-11
9.2165e-11
9.52557e-11
9.81966e-11
1.00995e-10
1.03658e-10
1.06191e-10
1.08602e-10
1.10897e-10
1.1308e-10
1.15158e-10
1.17135e-10
1.19017e-10
1.20808e-10
1.22513e-10
1.41204e-10
1.6158e-10
1.83737e-10
2.07763e-10
2.33718e-10
2.61634e-10
2.91494e-10
3.23216e-10
3.56637e-10
3.91483e-10
4.27351e-10
4.63678e-10
4.99727e-10
5.3457e-10
5.671e-10
5.96053e-10
6.20072e-10
6.37798e-10
6.47988e-10
6.49665e-10
6.42246e-10
6.25656e-10
6.00375e-10
5.67415e-10
5.28222e-10
4.84516e-10
4.38116e-10
3.90759e-10
3.43967e-10
2.9896e-10
2.56622e-10
2.17512e-10
1.81899e-10
1.49819e-10
1.2113e-10
9.55628e-11
7.27581e-11
5.22975e-11
3.37134e-11
1.64831e-11
2.37356e-33
8.31066e-15
5.609e-12
1.09434e-11
1.60223e-11
2.08577e-11
2.54606e-11
2.98421e-11
3.40124e-11
3.79817e-11
4.17593e-11
4.53544e-11
4.87758e-11
5.20318e-11
5.51303e-11
5.8079e-11
6.08851e-11
6.35555e-11
6.60967e-11
6.8515e-11
7.08165e-11
7.30067e-11
7.5091e-11
7.70747e-11
7.89626e-11
8.07593e-11
8.24694e-11
8.40969e-11
8.5646e-11
8.71204e-11
8.85237e-11
8.98594e-11
9.11308e-11
1.05083e-10
1.20317e-10
1.36917e-10
1.54963e-10
1.7452e-10
1.95639e-10
2.18342e-10
2.42612e-10
2.68381e-10
2.95511e-10
3.23778e-10
3.5285e-10
3.82267e-10
4.11427e-10
4.39578e-10
4.65817e-10
4.89121e-10
5.08389e-10
5.2252e-10
5.30509e-10
5.31564e-10
5.2521e-10
5.11385e-10
4.90473e-10
4.63288e-10
4.30996e-10
3.94989e-10
3.56738e-10
3.17654e-10
2.78973e-10
2.41688e-10
2.0652e-10
1.7392e-10
1.44107e-10
1.17099e-10
9.27669e-11
7.08669e-11
5.10717e-11
3.29863e-11
1.61471e-11
2.55844e-33
6.17294e-15
4.16763e-12
8.1313e-12
1.19054e-11
1.54987e-11
1.89195e-11
2.21761e-11
2.52761e-11
2.82269e-11
3.10355e-11
3.37089e-11
3.62534e-11
3.86752e-11
4.09802e-11
4.31741e-11
4.52621e-11
4.72494e-11
4.91408e-11
5.09411e-11
5.26545e-11
5.42854e-11
5.58376e-11
5.73151e-11
5.87213e-11
6.00599e-11
6.1334e-11
6.25468e-11
6.37012e-11
6.48001e-11
6.58461e-11
6.68419e-11
6.77898e-11
7.81987e-11
8.95784e-11
1.01999e-10
1.1553e-10
1.30233e-10
1.46161e-10
1.63355e-10
1.81829e-10
2.01568e-10
2.22514e-10
2.44552e-10
2.67498e-10
2.91079e-10
3.14919e-10
3.38526e-10
3.61285e-10
3.82464e-10
4.0123e-10
4.1669e-10
4.27948e-10
4.3419e-10
4.34771e-10
4.29306e-10
4.17739e-10
4.00378e-10
3.7788e-10
3.51185e-10
3.21421e-10
2.89779e-10
2.57405e-10
2.25303e-10
1.94281e-10
1.64923e-10
1.37592e-10
1.12458e-10
8.95226e-11
6.8658e-11
4.96326e-11
3.21294e-11
1.57503e-11
2.74607e-33
4.58568e-15
3.09686e-12
6.04222e-12
8.84682e-12
1.15172e-11
1.40596e-11
1.64801e-11
1.87844e-11
2.0978e-11
2.30662e-11
2.5054e-11
2.69461e-11
2.87472e-11
3.04617e-11
3.20936e-11
3.3647e-11
3.51257e-11
3.65332e-11
3.78729e-11
3.91483e-11
4.03622e-11
4.15178e-11
4.26178e-11
4.36649e-11
4.46617e-11
4.56106e-11
4.65139e-11
4.73738e-11
4.81924e-11
4.89718e-11
4.97137e-11
5.042e-11
5.81801e-11
6.66731e-11
7.59559e-11
8.60851e-11
9.71157e-11
1.09098e-10
1.22075e-10
1.36076e-10
1.51114e-10
1.67173e-10
1.84205e-10
2.02114e-10
2.20748e-10
2.39882e-10
2.59209e-10
2.78326e-10
2.96731e-10
3.13827e-10
3.28935e-10
3.41329e-10
3.5028e-10
3.55126e-10
3.55339e-10
3.50606e-10
3.40878e-10
3.26402e-10
3.07705e-10
2.85549e-10
2.60847e-10
2.34564e-10
2.0763e-10
1.80862e-10
1.54912e-10
1.30252e-10
1.07171e-10
8.57924e-11
6.60989e-11
4.79551e-11
3.11261e-11
1.52842e-11
2.93251e-33
3.40602e-15
2.30072e-12
4.48893e-12
6.57263e-12
8.5567e-12
1.04458e-11
1.22444e-11
1.39568e-11
1.55871e-11
1.71391e-11
1.86166e-11
2.00232e-11
2.13622e-11
2.26369e-11
2.38504e-11
2.50056e-11
2.61053e-11
2.71522e-11
2.81488e-11
2.90975e-11
3.00007e-11
3.08605e-11
3.1679e-11
3.24582e-11
3.32001e-11
3.39063e-11
3.45787e-11
3.52189e-11
3.58283e-11
3.64085e-11
3.69609e-11
3.74869e-11
4.32676e-11
4.95999e-11
5.65288e-11
6.41001e-11
7.23596e-11
8.13516e-11
9.11164e-11
1.01688e-10
1.13089e-10
1.25329e-10
1.38394e-10
1.52243e-10
1.66797e-10
1.81929e-10
1.97454e-10
2.1312e-10
2.28597e-10
2.43475e-10
2.57266e-10
2.69416e-10
2.79332e-10
2.86421e-10
2.90141e-10
2.90063e-10
2.85928e-10
2.77693e-10
2.65554e-10
2.49939e-10
2.31461e-10
2.10861e-10
1.88921e-10
1.66394e-10
1.43942e-10
1.22092e-10
1.01219e-10
8.15485e-11
6.31615e-11
4.6016e-11
2.996e-11
1.47407e-11
3.11261e-33
2.52854e-15
1.70832e-12
3.33312e-12
4.88036e-12
6.35367e-12
7.75653e-12
9.09225e-12
1.0364e-11
1.15749e-11
1.27277e-11
1.38252e-11
1.48702e-11
1.5865e-11
1.68121e-11
1.77138e-11
1.85722e-11
1.93895e-11
2.01675e-11
2.09083e-11
2.16135e-11
2.22849e-11
2.29241e-11
2.35327e-11
2.41121e-11
2.46637e-11
2.51889e-11
2.56889e-11
2.6165e-11
2.66183e-11
2.70499e-11
2.74608e-11
2.78521e-11
3.21539e-11
3.68696e-11
4.20342e-11
4.76842e-11
5.38567e-11
6.05886e-11
6.79154e-11
7.58694e-11
8.44775e-11
9.37579e-11
1.03716e-10
1.14341e-10
1.25597e-10
1.37418e-10
1.49699e-10
1.62288e-10
1.74977e-10
1.87497e-10
1.9951e-10
2.10617e-10
2.20366e-10
2.28272e-10
2.3385e-10
2.36656e-10
2.3634e-10
2.32686e-10
2.25658e-10
2.15412e-10
2.02291e-10
1.86791e-10
1.69511e-10
1.51085e-10
1.32123e-10
1.13157e-10
9.46107e-11
7.67785e-11
5.98262e-11
4.3796e-11
2.86169e-11
1.41121e-11
3.27981e-33
1.87535e-15
1.26721e-12
2.47248e-12
3.62023e-12
4.71318e-12
5.7539e-12
6.74486e-12
7.68842e-12
8.58682e-12
9.44221e-12
1.02567e-11
1.10321e-11
1.17704e-11
1.24733e-11
1.31426e-11
1.37797e-11
1.43864e-11
1.4964e-11
1.55139e-11
1.60375e-11
1.65361e-11
1.70107e-11
1.74626e-11
1.78929e-11
1.83026e-11
1.86927e-11
1.90641e-11
1.94177e-11
1.97544e-11
2.0075e-11
2.03803e-11
2.06709e-11
2.38678e-11
2.73742e-11
3.12174e-11
3.54257e-11
4.00286e-11
4.5056e-11
5.05377e-11
5.65022e-11
6.29753e-11
6.99782e-11
7.7525e-11
8.56196e-11
9.42513e-11
1.0339e-10
1.12981e-10
1.22937e-10
1.33132e-10
1.43395e-10
1.53505e-10
1.63184e-10
1.72106e-10
1.79899e-10
1.86166e-10
1.90511e-10
1.92569e-10
1.92052e-10
1.88783e-10
1.82726e-10
1.74007e-10
1.62901e-10
1.49808e-10
1.35213e-10
1.19627e-10
1.03542e-10
8.73849e-11
7.1491e-11
5.60858e-11
4.12828e-11
2.70854e-11
1.33921e-11
3.42613e-33
1.38879e-15
9.38545e-13
1.83123e-12
2.68133e-12
3.49085e-12
4.26172e-12
4.99575e-12
5.69469e-12
6.36022e-12
6.99391e-12
7.59729e-12
8.1718e-12
8.71882e-12
9.23966e-12
9.73558e-12
1.02078e-11
1.06574e-11
1.10854e-11
1.1493e-11
1.18811e-11
1.22506e-11
1.26024e-11
1.29374e-11
1.32564e-11
1.35601e-11
1.38493e-11
1.41247e-11
1.43869e-11
1.46366e-11
1.48743e-11
1.51007e-11
1.53162e-11
1.76875e-11
2.02896e-11
2.31434e-11
2.62707e-11
2.96946e-11
3.34388e-11
3.75273e-11
4.19843e-11
4.68323e-11
5.20921e-11
5.77802e-11
6.39076e-11
7.04765e-11
7.74772e-11
8.48843e-11
9.26514e-11
1.00706e-10
1.08945e-10
1.17226e-10
1.25366e-10
1.33138e-10
1.40274e-10
1.46468e-10
1.51395e-10
1.54728e-10
1.56169e-10
1.55478e-10
1.52509e-10
1.47231e-10
1.3974e-10
1.30259e-10
1.19109e-10
1.0668e-10
9.33858e-11
7.96194e-11
6.57209e-11
5.19504e-11
3.84744e-11
2.53601e-11
1.25766e-11
3.54218e-33
1.02615e-15
6.93543e-13
1.3532e-12
1.9814e-12
2.57963e-12
3.1493e-12
3.69177e-12
4.20833e-12
4.7002e-12
5.16856e-12
5.61454e-12
6.03919e-12
6.44355e-12
6.82856e-12
7.19517e-12
7.54425e-12
7.87663e-12
8.19312e-12
8.49448e-12
8.78143e-12
9.05466e-12
9.31483e-12
9.56256e-12
9.79846e-12
1.00231e-11
1.0237e-11
1.04406e-11
1.06346e-11
1.08192e-11
1.09951e-11
1.11625e-11
1.1322e-11
1.30763e-11
1.50023e-11
1.71156e-11
1.94329e-11
2.1972e-11
2.47513e-11
2.77899e-11
3.11074e-11
3.47228e-11
3.86542e-11
4.2918e-11
4.75273e-11
5.24901e-11
5.78076e-11
6.34709e-11
6.94582e-11
7.57306e-11
8.22277e-11
8.8863e-11
9.55197e-11
1.02046e-10
1.08256e-10
1.13928e-10
1.1881e-10
1.22634e-10
1.25132e-10
1.26058e-10
1.25214e-10
1.22477e-10
1.17819e-10
1.11314e-10
1.03141e-10
9.35575e-11
8.28774e-11
7.14315e-11
5.95339e-11
4.74513e-11
3.53819e-11
2.34426e-11
1.16648e-11
3.61741e-33
7.55742e-16
5.10828e-13
9.96701e-13
1.45941e-12
1.90005e-12
2.31966e-12
2.71925e-12
3.09975e-12
3.46209e-12
3.80712e-12
4.13566e-12
4.44851e-12
4.74642e-12
5.03008e-12
5.30019e-12
5.5574e-12
5.80231e-12
6.03552e-12
6.25759e-12
6.46905e-12
6.6704e-12
6.86214e-12
7.04471e-12
7.21857e-12
7.38411e-12
7.54176e-12
7.69187e-12
7.83482e-12
7.97094e-12
8.10056e-12
8.22399e-12
8.34153e-12
9.63499e-12
1.10554e-11
1.26147e-11
1.43253e-11
1.62009e-11
1.82555e-11
2.05042e-11
2.29622e-11
2.5645e-11
2.85679e-11
3.17453e-11
3.51899e-11
3.89119e-11
4.29172e-11
4.72059e-11
5.177e-11
5.65906e-11
6.16348e-11
6.6852e-11
7.21702e-11
7.74924e-11
8.26934e-11
8.76186e-11
9.2085e-11
9.5886e-11
9.88002e-11
1.00606e-10
1.011e-10
1.00118e-10
9.75571e-11
9.33907e-11
8.76776e-11
8.05584e-11
7.22408e-11
6.29755e-11
5.30269e-11
4.26436e-11
3.20332e-11
2.13447e-11
1.06604e-11
3.64061e-33
5.54037e-16
3.74515e-13
7.30737e-13
1.06998e-12
1.39304e-12
1.7007e-12
1.99367e-12
2.27267e-12
2.53834e-12
2.79134e-12
3.03225e-12
3.26166e-12
3.48011e-12
3.68813e-12
3.88622e-12
4.07484e-12
4.25446e-12
4.4255e-12
4.58837e-12
4.74347e-12
4.89115e-12
5.03179e-12
5.16571e-12
5.29323e-12
5.41467e-12
5.53031e-12
5.64043e-12
5.7453e-12
5.84515e-12
5.94025e-12
6.0308e-12
6.11704e-12
7.06611e-12
8.10864e-12
9.25341e-12
1.05099e-11
1.18882e-11
1.33991e-11
1.5054e-11
1.68648e-11
1.88437e-11
2.1003e-11
2.33548e-11
2.59103e-11
2.86795e-11
3.167e-11
3.48861e-11
3.8327e-11
4.19853e-11
4.58445e-11
4.98768e-11
5.40395e-11
5.82725e-11
6.2495e-11
6.6603e-11
7.04686e-11
7.39404e-11
7.68475e-11
7.90071e-11
8.0236e-11
8.03658e-11
7.92604e-11
7.68327e-11
7.30589e-11
6.79842e-11
6.17206e-11
5.44343e-11
4.63262e-11
3.7607e-11
2.84736e-11
1.90893e-11
9.5724e-12
3.60057e-33
4.03515e-16
2.72781e-13
5.3224e-13
7.79333e-13
1.01465e-12
1.23874e-12
1.45214e-12
1.65536e-12
1.84888e-12
2.03317e-12
2.20867e-12
2.37578e-12
2.53492e-12
2.68647e-12
2.83077e-12
2.96819e-12
3.09905e-12
3.22367e-12
3.34233e-12
3.45533e-12
3.56294e-12
3.66541e-12
3.76299e-12
3.85591e-12
3.9444e-12
4.02867e-12
4.10891e-12
4.18533e-12
4.2581e-12
4.3274e-12
4.39339e-12
4.45623e-12
5.14796e-12
5.90796e-12
6.74271e-12
7.65923e-12
8.66505e-12
9.76824e-12
1.09774e-11
1.23015e-11
1.37499e-11
1.53324e-11
1.70586e-11
1.89379e-11
2.09791e-11
2.31897e-11
2.55754e-11
2.81389e-11
3.08789e-11
3.37884e-11
3.68531e-11
4.00489e-11
4.33401e-11
4.66759e-11
4.99891e-11
5.31932e-11
5.61819e-11
5.88299e-11
6.09957e-11
6.25283e-11
6.32762e-11
6.30999e-11
6.18866e-11
5.95635e-11
5.61096e-11
5.15602e-11
4.60052e-11
3.95785e-11
3.24421e-11
2.47662e-11
1.67112e-11
8.41578e-12
3.48708e-33
2.9111e-16
1.96803e-13
3.83994e-13
5.62265e-13
7.32039e-13
8.93718e-13
1.04769e-12
1.19431e-12
1.33394e-12
1.46691e-12
1.59354e-12
1.71412e-12
1.82895e-12
1.9383e-12
2.04243e-12
2.1416e-12
2.23603e-12
2.32595e-12
2.41159e-12
2.49314e-12
2.57079e-12
2.64474e-12
2.71517e-12
2.78223e-12
2.84609e-12
2.90691e-12
2.96483e-12
3.01998e-12
3.0725e-12
3.12252e-12
3.17015e-12
3.21551e-12
3.71483e-12
4.26354e-12
4.86634e-12
5.52838e-12
6.25516e-12
7.05265e-12
7.92718e-12
8.88551e-12
9.93471e-12
1.10821e-11
1.23353e-11
1.37017e-11
1.51886e-11
1.68026e-11
1.85494e-11
2.04329e-11
2.24546e-11
2.46128e-11
2.69008e-11
2.9306e-11
3.18078e-11
3.43756e-11
3.6967e-11
3.95256e-11
4.19794e-11
4.42402e-11
4.62043e-11
4.77547e-11
4.87667e-11
4.91155e-11
4.86863e-11
4.73862e-11
4.51557e-11
4.19774e-11
3.78804e-11
3.29389e-11
2.72631e-11
2.09873e-11
1.42554e-11
7.21083e-12
3.29172e-33
2.0703e-16
1.39967e-13
2.73098e-13
3.99885e-13
5.2063e-13
6.35619e-13
7.45126e-13
8.49411e-13
9.48723e-13
1.0433e-12
1.13336e-12
1.21913e-12
1.30081e-12
1.37859e-12
1.45265e-12
1.52319e-12
1.59036e-12
1.65433e-12
1.71524e-12
1.77325e-12
1.82849e-12
1.8811e-12
1.9312e-12
1.97891e-12
2.02434e-12
2.0676e-12
2.10881e-12
2.14804e-12
2.18541e-12
2.221e-12
2.25488e-12
2.28716e-12
2.64243e-12
3.03288e-12
3.46192e-12
3.93321e-12
4.45074e-12
5.01881e-12
5.64203e-12
6.32532e-12
7.0739e-12
7.89321e-12
8.78892e-12
9.76676e-12
1.08324e-11
1.19913e-11
1.32483e-11
1.46075e-11
1.60715e-11
1.76407e-11
1.9313e-11
2.10821e-11
2.29368e-11
2.48593e-11
2.68237e-11
2.87942e-11
3.07238e-11
3.25527e-11
3.42079e-11
3.56039e-11
3.66446e-11
3.7228e-11
3.72521e-11
3.6624e-11
3.52689e-11
3.31401e-11
3.02256e-11
2.65526e-11
2.21852e-11
1.72192e-11
1.17731e-11
5.98161e-12
3.00847e-33
1.43877e-16
9.72731e-14
1.89796e-13
2.77911e-13
3.61826e-13
4.41742e-13
5.17849e-13
5.90326e-13
6.59348e-13
7.25079e-13
7.87675e-13
8.47286e-13
9.04054e-13
9.58114e-13
1.0096e-12
1.05862e-12
1.10531e-12
1.14977e-12
1.19211e-12
1.23243e-12
1.27083e-12
1.3074e-12
1.34222e-12
1.37539e-12
1.40697e-12
1.43704e-12
1.46569e-12
1.49296e-12
1.51894e-12
1.54367e-12
1.56723e-12
1.58967e-12
1.83665e-12
2.10813e-12
2.40647e-12
2.73426e-12
3.09428e-12
3.48957e-12
3.92337e-12
4.39919e-12
4.92074e-12
5.49194e-12
6.11688e-12
6.79978e-12
7.54488e-12
8.35636e-12
9.23812e-12
1.01936e-11
1.12255e-11
1.23352e-11
1.35226e-11
1.4785e-11
1.61166e-11
1.75075e-11
1.89424e-11
2.03993e-11
2.18485e-11
2.3251e-11
2.45576e-11
2.57087e-11
2.66348e-11
2.72584e-11
2.74974e-11
2.7271e-11
2.65062e-11
2.5146e-11
2.31567e-11
2.05346e-11
1.73083e-11
1.35384e-11
9.31456e-12
4.75266e-12
2.63318e-33
9.59508e-17
6.48724e-14
1.26577e-13
1.85342e-13
2.41307e-13
2.94604e-13
3.45361e-13
3.93699e-13
4.39732e-13
4.8357e-13
5.25318e-13
5.65076e-13
6.02937e-13
6.38993e-13
6.7333e-13
7.06029e-13
7.37169e-13
7.66824e-13
7.95065e-13
8.2196e-13
8.47572e-13
8.71962e-13
8.9519e-13
9.1731e-13
9.38376e-13
9.58437e-13
9.77542e-13
9.95736e-13
1.01306e-12
1.02956e-12
1.04528e-12
1.06024e-12
1.225e-12
1.40612e-12
1.60517e-12
1.8239e-12
2.06418e-12
2.32806e-12
2.61772e-12
2.93553e-12
3.28403e-12
3.66588e-12
4.08392e-12
4.54106e-12
5.04029e-12
5.58459e-12
6.17684e-12
6.81968e-12
7.51534e-12
8.26536e-12
9.07032e-12
9.92938e-12
1.08398e-11
1.17963e-11
1.27901e-11
1.38085e-11
1.48333e-11
1.58403e-11
1.6798e-11
1.76673e-11
1.84009e-11
1.89444e-11
1.92376e-11
1.92179e-11
1.88245e-11
1.80042e-11
1.67179e-11
1.49466e-11
1.2696e-11
9.99949e-12
6.9186e-12
3.54375e-12
2.16131e-33
5.86837e-17
3.96768e-14
7.74161e-14
1.13358e-13
1.47586e-13
1.80184e-13
2.11228e-13
2.40793e-13
2.68948e-13
2.95761e-13
3.21295e-13
3.45612e-13
3.6877e-13
3.90824e-13
4.11826e-13
4.31826e-13
4.50873e-13
4.69012e-13
4.86286e-13
5.02737e-13
5.18403e-13
5.33322e-13
5.4753e-13
5.6106e-13
5.73946e-13
5.86217e-13
5.97903e-13
6.09033e-13
6.19631e-13
6.29725e-13
6.39337e-13
6.48492e-13
7.49279e-13
8.60078e-13
9.81863e-13
1.1157e-12
1.26274e-12
1.42423e-12
1.60155e-12
1.79614e-12
2.00958e-12
2.24354e-12
2.49977e-12
2.78012e-12
3.08648e-12
3.42077e-12
3.78486e-12
4.18054e-12
4.60934e-12
5.0725e-12
5.57068e-12
6.10381e-12
6.6707e-12
7.26874e-12
7.89339e-12
8.53761e-12
9.19127e-12
9.84043e-12
1.04667e-11
1.10465e-11
1.15511e-11
1.19461e-11
1.21924e-11
1.22479e-11
1.20696e-11
1.16174e-11
1.08584e-11
9.77155e-12
8.35219e-12
6.6154e-12
4.5984e-12
2.36284e-12
1.58255e-33
2.80791e-17
1.89848e-14
3.70426e-14
5.42402e-14
7.06184e-14
8.62161e-14
1.0107e-13
1.15217e-13
1.28689e-13
1.41519e-13
1.53737e-13
1.65373e-13
1.76454e-13
1.87006e-13
1.97056e-13
2.06626e-13
2.15741e-13
2.2442e-13
2.32686e-13
2.40558e-13
2.48054e-13
2.55193e-13
2.61992e-13
2.68467e-13
2.74633e-13
2.80505e-13
2.86097e-13
2.91423e-13
2.96495e-13
3.01325e-13
3.05925e-13
3.10305e-13
3.58537e-13
4.11561e-13
4.69845e-13
5.339e-13
6.0428e-13
6.81588e-13
7.66478e-13
8.59653e-13
9.61871e-13
1.07394e-12
1.19671e-12
1.33108e-12
1.47798e-12
1.63835e-12
1.81313e-12
2.00321e-12
2.2094e-12
2.43235e-12
2.6725e-12
2.92994e-12
3.20426e-12
3.4944e-12
3.79843e-12
4.11325e-12
4.43432e-12
4.75528e-12
5.06761e-12
5.36029e-12
5.61952e-12
5.82868e-12
5.96848e-12
6.01755e-12
5.95354e-12
5.75477e-12
5.40245e-12
4.88318e-12
4.19162e-12
3.33281e-12
2.32404e-12
1.19681e-12
8.70764e-34
8.29633e-42
1.0923e-40
3.5926e-40
7.21833e-40
1.15984e-39
1.64362e-39
2.14976e-39
2.65995e-39
3.16015e-39
3.63979e-39
4.09116e-39
4.50888e-39
4.88941e-39
5.23074e-39
5.53202e-39
5.79334e-39
6.0155e-39
6.19985e-39
6.34811e-39
6.46231e-39
6.54463e-39
6.59738e-39
6.62291e-39
6.62355e-39
6.60162e-39
6.55936e-39
6.49891e-39
6.42233e-39
6.33155e-39
6.22839e-39
6.11454e-39
4.04954e-38
9.59767e-38
1.39051e-37
1.99293e-37
2.83041e-37
3.98859e-37
5.58301e-37
7.76926e-37
1.07564e-36
1.48248e-36
2.03497e-36
2.78325e-36
3.79415e-36
5.15657e-36
6.98843e-36
9.44573e-36
1.27341e-35
1.71237e-35
2.29676e-35
3.07248e-35
4.0988e-35
5.45162e-35
7.22718e-35
9.5459e-35
1.2556e-34
1.64364e-34
2.13962e-34
2.76714e-34
3.55125e-34
4.51613e-34
5.68101e-34
7.05387e-34
8.62205e-34
1.03396e-33
1.21113e-33
1.37734e-33
1.50742e-33
1.56549e-33
1.50378e-33
1.26273e-33
7.73964e-34
3.02721e-34
