-1.22633e-40
-1.61459e-39
-5.31042e-39
-1.06698e-38
-1.71441e-38
-2.42953e-38
-3.17767e-38
-3.93181e-38
-4.67117e-38
-5.38015e-38
-6.04734e-38
-6.66478e-38
-7.22726e-38
-7.73179e-38
-8.17712e-38
-8.56339e-38
-8.89177e-38
-9.16425e-38
-9.3834e-38
-9.5522e-38
-9.67387e-38
-9.75184e-38
-9.78956e-38
-9.79051e-38
-9.75809e-38
-9.69562e-38
-9.60627e-38
-9.49306e-38
-9.35887e-38
-9.20638e-38
-9.03809e-38
-5.98574e-37
-1.41865e-36
-2.05532e-36
-2.94576e-36
-4.18358e-36
-5.89539e-36
-8.25192e-36
-1.14831e-35
-1.58977e-35
-2.19099e-35
-3.00742e-35
-4.11309e-35
-5.60669e-35
-7.61943e-35
-1.03253e-34
-1.39546e-34
-1.88103e-34
-2.52906e-34
-3.39153e-34
-4.536e-34
-6.04956e-34
-8.04365e-34
-1.06593e-33
-1.40726e-33
-1.85e-33
-2.42015e-33
-3.14803e-33
-4.06764e-33
-5.2148e-33
-6.62365e-33
-8.32067e-33
-1.03154e-32
-1.2587e-32
-1.5066e-32
-1.76122e-32
-1.99877e-32
-2.18295e-32
-2.26247e-32
-2.16933e-32
-1.81889e-32
-1.11372e-32
-1.96571e-33
2.84836e-17
1.92583e-14
3.75762e-14
5.50214e-14
7.16355e-14
8.74578e-14
1.02526e-13
1.16876e-13
1.30542e-13
1.43557e-13
1.55951e-13
1.67754e-13
1.78995e-13
1.897e-13
1.99894e-13
2.09602e-13
2.18848e-13
2.27652e-13
2.36037e-13
2.44022e-13
2.51627e-13
2.58869e-13
2.65765e-13
2.72333e-13
2.78588e-13
2.84545e-13
2.90217e-13
2.9562e-13
3.00765e-13
3.05664e-13
3.1033e-13
3.14774e-13
3.637e-13
4.17487e-13
4.7661e-13
5.41586e-13
6.12978e-13
6.91398e-13
7.77507e-13
8.72021e-13
9.75705e-13
1.08938e-12
1.21391e-12
1.3502e-12
1.4992e-12
1.66185e-12
1.83911e-12
2.03188e-12
2.24097e-12
2.46705e-12
2.71055e-12
2.97154e-12
3.24961e-12
3.54367e-12
3.85174e-12
4.17067e-12
4.49581e-12
4.82071e-12
5.13669e-12
5.43254e-12
5.69429e-12
5.90505e-12
6.0453e-12
6.09342e-12
6.02687e-12
5.82382e-12
5.46544e-12
4.93841e-12
4.23757e-12
3.36826e-12
2.34812e-12
1.20898e-12
-1.18696e-32
5.95522e-17
4.02639e-14
7.85618e-14
1.15035e-13
1.49771e-13
1.82851e-13
2.14354e-13
2.44356e-13
2.72928e-13
3.00137e-13
3.2605e-13
3.50727e-13
3.74227e-13
3.96607e-13
4.1792e-13
4.38216e-13
4.57545e-13
4.75952e-13
4.93482e-13
5.10176e-13
5.26074e-13
5.41213e-13
5.55632e-13
5.69362e-13
5.82438e-13
5.94891e-13
6.0675e-13
6.18044e-13
6.288e-13
6.39042e-13
6.48797e-13
6.58087e-13
7.60365e-13
8.72803e-13
9.96388e-13
1.1322e-12
1.28141e-12
1.44529e-12
1.62522e-12
1.82269e-12
2.03927e-12
2.27667e-12
2.53667e-12
2.82113e-12
3.13197e-12
3.47114e-12
3.84053e-12
4.24194e-12
4.67693e-12
5.14672e-12
5.65199e-12
6.19262e-12
6.7674e-12
7.37364e-12
8.00669e-12
8.65937e-12
9.32135e-12
9.97842e-12
1.06119e-11
1.11978e-11
1.17069e-11
1.21043e-11
1.23506e-11
1.24031e-11
1.22185e-11
1.17566e-11
1.09843e-11
9.88107e-12
8.44261e-12
6.68466e-12
4.64517e-12
2.38637e-12
-2.15859e-32
9.74299e-17
6.58724e-14
1.28528e-13
1.88199e-13
2.45026e-13
2.99145e-13
3.50685e-13
3.99767e-13
4.4651e-13
4.91024e-13
5.33415e-13
5.73785e-13
6.1223e-13
6.48842e-13
6.83708e-13
7.16911e-13
7.48531e-13
7.78643e-13
8.07319e-13
8.34628e-13
8.60635e-13
8.85401e-13
9.08987e-13
9.31448e-13
9.52838e-13
9.73208e-13
9.92607e-13
1.01108e-12
1.02868e-12
1.04543e-12
1.06139e-12
1.07658e-12
1.24388e-12
1.42778e-12
1.6299e-12
1.852e-12
2.09598e-12
2.3639e-12
2.65801e-12
2.9807e-12
3.33454e-12
3.72224e-12
4.14666e-12
4.61077e-12
5.11759e-12
5.67014e-12
6.27132e-12
6.92382e-12
7.62985e-12
8.39097e-12
9.20773e-12
1.00792e-11
1.10027e-11
1.19725e-11
1.29799e-11
1.40118e-11
1.50497e-11
1.60687e-11
1.7037e-11
1.79147e-11
1.86539e-11
1.91993e-11
1.94902e-11
1.94632e-11
1.90572e-11
1.82192e-11
1.69101e-11
1.51117e-11
1.28308e-11
1.01017e-11
6.98701e-12
3.57798e-12
-2.9508e-32
1.46212e-16
9.88521e-14
1.92877e-13
2.82422e-13
3.677e-13
4.48913e-13
5.26254e-13
5.99909e-13
6.70051e-13
7.36848e-13
8.0046e-13
8.61038e-13
9.18728e-13
9.73665e-13
1.02598e-12
1.0758e-12
1.12325e-12
1.16843e-12
1.21146e-12
1.25244e-12
1.29146e-12
1.32862e-12
1.36401e-12
1.39771e-12
1.4298e-12
1.46037e-12
1.48947e-12
1.51719e-12
1.54359e-12
1.56873e-12
1.59266e-12
1.61546e-12
1.86645e-12
2.14234e-12
2.44551e-12
2.77861e-12
3.14446e-12
3.54613e-12
3.98695e-12
4.47045e-12
5.0004e-12
5.58079e-12
6.21576e-12
6.90958e-12
7.66657e-12
8.49093e-12
9.38662e-12
1.03571e-11
1.14051e-11
1.25319e-11
1.37374e-11
1.50187e-11
1.63699e-11
1.77807e-11
1.92355e-11
2.07119e-11
2.21793e-11
2.35981e-11
2.49181e-11
2.60789e-11
2.70096e-11
2.7632e-11
2.78631e-11
2.76215e-11
2.68341e-11
2.54443e-11
2.34195e-11
2.07571e-11
1.74873e-11
1.36724e-11
9.40337e-12
4.79677e-12
-3.59913e-32
2.10605e-16
1.42383e-13
2.77813e-13
4.0679e-13
5.29619e-13
6.46594e-13
7.57991e-13
8.64076e-13
9.65102e-13
1.06131e-12
1.15293e-12
1.24018e-12
1.32326e-12
1.40238e-12
1.47773e-12
1.54949e-12
1.61782e-12
1.68289e-12
1.74485e-12
1.80386e-12
1.86006e-12
1.91357e-12
1.96453e-12
2.01306e-12
2.05928e-12
2.10329e-12
2.14521e-12
2.18512e-12
2.22313e-12
2.25933e-12
2.2938e-12
2.32663e-12
2.68803e-12
3.08522e-12
3.52164e-12
4.00105e-12
4.52748e-12
5.10532e-12
5.73923e-12
6.43424e-12
7.19561e-12
8.02891e-12
8.93986e-12
9.93427e-12
1.10179e-11
1.21963e-11
1.34743e-11
1.48559e-11
1.63438e-11
1.79384e-11
1.96372e-11
2.14339e-11
2.33167e-11
2.52674e-11
2.72594e-11
2.92562e-11
3.12094e-11
3.30582e-11
3.47281e-11
3.61323e-11
3.71734e-11
3.77481e-11
3.77538e-11
3.70973e-11
3.57044e-11
3.35295e-11
3.05626e-11
2.6833e-11
2.24073e-11
1.73832e-11
1.18805e-11
6.03456e-12
-4.11721e-32
2.96495e-16
2.00443e-13
3.91097e-13
5.72665e-13
7.45578e-13
9.10248e-13
1.06706e-12
1.2164e-12
1.35861e-12
1.49404e-12
1.62301e-12
1.74582e-12
1.86278e-12
1.97415e-12
2.08021e-12
2.1812e-12
2.27738e-12
2.36897e-12
2.45618e-12
2.53924e-12
2.61833e-12
2.69365e-12
2.76537e-12
2.83367e-12
2.89872e-12
2.96066e-12
3.01964e-12
3.07582e-12
3.12931e-12
3.18025e-12
3.22876e-12
3.27496e-12
3.7835e-12
4.34233e-12
4.95626e-12
5.63049e-12
6.37066e-12
7.18281e-12
8.0734e-12
9.04929e-12
1.01177e-11
1.1286e-11
1.25619e-11
1.3953e-11
1.54666e-11
1.71094e-11
1.88871e-11
2.08036e-11
2.28602e-11
2.50551e-11
2.73811e-11
2.98253e-11
3.23662e-11
3.49725e-11
3.76004e-11
4.01923e-11
4.26744e-11
4.49568e-11
4.69337e-11
4.84863e-11
4.94886e-11
4.98145e-11
4.93491e-11
4.80003e-11
4.57101e-11
4.24636e-11
3.82932e-11
3.32761e-11
2.75256e-11
2.11782e-11
1.4379e-11
7.27127e-12
-4.51062e-32
4.11552e-16
2.78213e-13
5.42838e-13
7.94851e-13
1.03485e-12
1.2634e-12
1.48105e-12
1.68832e-12
1.8857e-12
2.07365e-12
2.25264e-12
2.42308e-12
2.58539e-12
2.73995e-12
2.88713e-12
3.02728e-12
3.16075e-12
3.28784e-12
3.40887e-12
3.52411e-12
3.63386e-12
3.73837e-12
3.83789e-12
3.93266e-12
4.02291e-12
4.10885e-12
4.19069e-12
4.26863e-12
4.34284e-12
4.41352e-12
4.48082e-12
4.54492e-12
5.25039e-12
6.02548e-12
6.8768e-12
7.81149e-12
8.83723e-12
9.96222e-12
1.11952e-11
1.25454e-11
1.40222e-11
1.56357e-11
1.73954e-11
1.93111e-11
2.13914e-11
2.36441e-11
2.60747e-11
2.86857e-11
3.14757e-11
3.44372e-11
3.75551e-11
4.08046e-11
4.41484e-11
4.75347e-11
5.08939e-11
5.41374e-11
5.71566e-11
5.98234e-11
6.19941e-11
6.35155e-11
6.42345e-11
6.40117e-11
6.2735e-11
6.03341e-11
5.67911e-11
5.21457e-11
4.64922e-11
3.99688e-11
3.27407e-11
2.49802e-11
1.6848e-11
8.48216e-12
-4.78431e-32
5.66431e-16
3.82891e-13
7.4708e-13
1.09391e-12
1.4242e-12
1.73873e-12
2.03826e-12
2.32349e-12
2.59511e-12
2.85375e-12
3.10005e-12
3.33459e-12
3.55792e-12
3.77059e-12
3.97311e-12
4.16595e-12
4.34958e-12
4.52444e-12
4.69094e-12
4.8495e-12
5.00049e-12
5.14426e-12
5.28117e-12
5.41155e-12
5.53569e-12
5.65392e-12
5.76649e-12
5.8737e-12
5.97579e-12
6.073e-12
6.16558e-12
6.25373e-12
7.22398e-12
8.28974e-12
9.45998e-12
1.07444e-11
1.21532e-11
1.36976e-11
1.5389e-11
1.72397e-11
1.92619e-11
2.14682e-11
2.38708e-11
2.64811e-11
2.93091e-11
3.23623e-11
3.56446e-11
3.9155e-11
4.28854e-11
4.68184e-11
5.09246e-11
5.51598e-11
5.94616e-11
6.37464e-11
6.79075e-11
7.18133e-11
7.53092e-11
7.8221e-11
8.03634e-11
8.15517e-11
8.16172e-11
8.04255e-11
7.78928e-11
7.39999e-11
6.87977e-11
6.24042e-11
5.49911e-11
4.67638e-11
3.7936e-11
2.87059e-11
1.92362e-11
9.64308e-12
-4.94587e-32
7.71061e-16
5.21181e-13
1.0169e-12
1.48899e-12
1.93856e-12
2.36668e-12
2.77436e-12
3.16258e-12
3.53225e-12
3.88427e-12
4.21948e-12
4.53866e-12
4.8426e-12
5.13201e-12
5.4076e-12
5.67001e-12
5.91989e-12
6.15782e-12
6.38439e-12
6.60013e-12
6.80556e-12
7.00118e-12
7.18745e-12
7.36482e-12
7.53373e-12
7.69456e-12
7.84771e-12
7.99355e-12
8.13243e-12
8.26467e-12
8.39061e-12
8.51053e-12
9.83017e-12
1.12794e-11
1.28701e-11
1.46153e-11
1.65287e-11
1.86248e-11
2.09188e-11
2.34261e-11
2.61628e-11
2.91441e-11
3.23848e-11
3.58978e-11
3.96933e-11
4.37771e-11
4.81491e-11
5.28009e-11
5.77127e-11
6.28505e-11
6.81621e-11
7.35732e-11
7.89839e-11
8.42654e-11
8.92588e-11
9.37764e-11
9.76065e-11
1.00523e-10
1.023e-10
1.02733e-10
1.01657e-10
9.89734e-11
9.46604e-11
8.87853e-11
8.14978e-11
7.30146e-11
6.35934e-11
5.35036e-11
4.2996e-11
3.22784e-11
2.14981e-11
1.07336e-11
-5.00622e-32
1.00964e-15
6.82405e-13
1.33147e-12
1.94959e-12
2.53822e-12
3.09875e-12
3.63252e-12
4.1408e-12
4.62479e-12
5.08566e-12
5.5245e-12
5.94237e-12
6.34027e-12
6.71914e-12
7.0799e-12
7.42341e-12
7.7505e-12
8.06196e-12
8.35852e-12
8.64091e-12
8.90981e-12
9.16585e-12
9.40965e-12
9.6418e-12
9.86286e-12
1.00734e-11
1.02738e-11
1.04647e-11
1.06464e-11
1.08195e-11
1.09843e-11
1.11412e-11
1.2868e-11
1.47639e-11
1.68445e-11
1.91264e-11
2.16271e-11
2.43652e-11
2.73599e-11
3.06307e-11
3.41971e-11
3.80777e-11
4.22897e-11
4.68472e-11
5.17599e-11
5.70312e-11
6.26549e-11
6.86126e-11
7.48696e-11
8.13704e-11
8.80338e-11
9.47483e-11
1.01368e-10
1.07708e-10
1.13548e-10
1.18633e-10
1.22688e-10
1.25429e-10
1.2659e-10
1.25955e-10
1.23377e-10
1.18814e-10
1.12336e-10
1.04122e-10
9.44463e-11
8.36401e-11
7.2054e-11
6.00179e-11
4.78089e-11
3.56296e-11
2.35966e-11
1.1738e-11
-2.73652e-32
1.02819e-15
6.94941e-13
1.35593e-12
1.9854e-12
2.58484e-12
3.15567e-12
3.69925e-12
4.21686e-12
4.70974e-12
5.17908e-12
5.62598e-12
6.05152e-12
6.45672e-12
6.84255e-12
7.20993e-12
7.55975e-12
7.89285e-12
8.21002e-12
8.51203e-12
8.7996e-12
9.07343e-12
9.33417e-12
9.58244e-12
9.81886e-12
1.0044e-11
1.02583e-11
1.04624e-11
1.06568e-11
1.08419e-11
1.10181e-11
1.1186e-11
1.13458e-11
1.31042e-11
1.50349e-11
1.71536e-11
1.94772e-11
2.20236e-11
2.48117e-11
2.78609e-11
3.11911e-11
3.4822e-11
3.87727e-11
4.30603e-11
4.76992e-11
5.26991e-11
5.8063e-11
6.37844e-11
6.98442e-11
7.62065e-11
8.28141e-11
8.95837e-11
9.64009e-11
1.03116e-10
1.0954e-10
1.15448e-10
1.20579e-10
1.24653e-10
1.27382e-10
1.28497e-10
1.27778e-10
1.25082e-10
1.20371e-10
1.1372e-10
1.05321e-10
9.54543e-11
8.44631e-11
7.27054e-11
6.05162e-11
4.81746e-11
3.58827e-11
2.37542e-11
1.18132e-11
-2.73715e-33
1.27585e-15
8.62297e-13
1.68246e-12
2.46352e-12
3.2073e-12
3.91558e-12
4.59003e-12
5.23226e-12
5.84379e-12
6.4261e-12
6.98057e-12
7.50852e-12
8.01123e-12
8.4899e-12
8.94568e-12
9.37966e-12
9.79288e-12
1.01863e-11
1.0561e-11
1.09177e-11
1.12574e-11
1.15808e-11
1.18888e-11
1.2182e-11
1.24613e-11
1.27272e-11
1.29803e-11
1.32214e-11
1.3451e-11
1.36696e-11
1.38777e-11
1.40759e-11
1.62567e-11
1.86506e-11
2.1277e-11
2.41567e-11
2.73114e-11
3.07641e-11
3.4538e-11
3.86569e-11
4.31441e-11
4.80214e-11
5.33079e-11
5.90186e-11
6.51617e-11
7.17362e-11
7.8728e-11
8.61058e-11
9.3816e-11
1.01777e-10
1.09873e-10
1.17947e-10
1.25802e-10
1.33189e-10
1.39819e-10
1.45367e-10
1.49489e-10
1.51849e-10
1.52149e-10
1.50169e-10
1.45802e-10
1.39078e-10
1.30177e-10
1.19408e-10
1.0718e-10
9.39427e-11
8.01401e-11
6.6156e-11
5.22835e-11
3.87085e-11
2.55062e-11
1.26461e-11
-1.60416e-33
1.61785e-15
1.09336e-12
2.1333e-12
3.12364e-12
4.06671e-12
4.96474e-12
5.81986e-12
6.63412e-12
7.40944e-12
8.14769e-12
8.85062e-12
9.51993e-12
1.01572e-11
1.0764e-11
1.13418e-11
1.18919e-11
1.24156e-11
1.29144e-11
1.33892e-11
1.38414e-11
1.42719e-11
1.46818e-11
1.50721e-11
1.54437e-11
1.57976e-11
1.61345e-11
1.64554e-11
1.67609e-11
1.70517e-11
1.73287e-11
1.75925e-11
1.78436e-11
2.06065e-11
2.36385e-11
2.6964e-11
3.06086e-11
3.45991e-11
3.89635e-11
4.37301e-11
4.89272e-11
5.45817e-11
6.0718e-11
6.73564e-11
7.45101e-11
8.21828e-11
9.03642e-11
9.90255e-11
1.08114e-10
1.17545e-10
1.27196e-10
1.36902e-10
1.46443e-10
1.55548e-10
1.63889e-10
1.71094e-10
1.76759e-10
1.80477e-10
1.81874e-10
1.80651e-10
1.76628e-10
1.69785e-10
1.60277e-10
1.4843e-10
1.34709e-10
1.1966e-10
1.03844e-10
8.77722e-11
7.18567e-11
5.63815e-11
4.14956e-11
2.72195e-11
1.3456e-11
-1.62287e-33
2.04128e-15
1.3794e-12
2.6914e-12
3.94079e-12
5.13054e-12
6.26344e-12
7.3422e-12
8.36937e-12
9.3474e-12
1.02786e-11
1.11653e-11
1.20095e-11
1.28133e-11
1.35786e-11
1.43073e-11
1.5001e-11
1.56616e-11
1.62905e-11
1.68893e-11
1.74595e-11
1.80023e-11
1.85192e-11
1.90113e-11
1.94799e-11
1.9926e-11
2.03508e-11
2.07553e-11
2.11404e-11
2.15071e-11
2.18563e-11
2.21888e-11
2.25053e-11
2.59875e-11
2.98077e-11
3.39959e-11
3.85835e-11
4.36034e-11
4.90892e-11
5.50745e-11
6.15922e-11
6.86725e-11
7.63415e-11
8.46184e-11
9.35118e-11
1.03016e-10
1.13105e-10
1.23727e-10
1.34796e-10
1.46184e-10
1.57712e-10
1.69144e-10
1.80181e-10
1.90457e-10
1.99551e-10
2.06998e-10
2.12319e-10
2.15055e-10
2.14824e-10
2.11367e-10
2.04596e-10
1.94628e-10
1.81785e-10
1.66571e-10
1.49612e-10
1.31586e-10
1.13139e-10
9.48238e-11
7.70499e-11
6.00694e-11
4.39787e-11
2.8734e-11
1.41683e-11
-9.44504e-34
2.12818e-15
1.4381e-12
2.80592e-12
4.10847e-12
5.34884e-12
6.52994e-12
7.65458e-12
8.72543e-12
9.74505e-12
1.07159e-11
1.16402e-11
1.25203e-11
1.33583e-11
1.41561e-11
1.49157e-11
1.5639e-11
1.63276e-11
1.69832e-11
1.76074e-11
1.82018e-11
1.87677e-11
1.93065e-11
1.98195e-11
2.03079e-11
2.0773e-11
2.12158e-11
2.16374e-11
2.20389e-11
2.24211e-11
2.27851e-11
2.31317e-11
2.34617e-11
2.70913e-11
3.1073e-11
3.54379e-11
4.02186e-11
4.5449e-11
5.1164e-11
5.73981e-11
6.4185e-11
7.15555e-11
7.95358e-11
8.81445e-11
9.73892e-11
1.07262e-10
1.17732e-10
1.28744e-10
1.40202e-10
1.51971e-10
1.63858e-10
1.75613e-10
1.86918e-10
1.97391e-10
2.06591e-10
2.14036e-10
2.19233e-10
2.21718e-10
2.21111e-10
2.17164e-10
2.09815e-10
1.99209e-10
1.85704e-10
1.69837e-10
1.52265e-10
1.33686e-10
1.1476e-10
9.60428e-11
7.79407e-11
6.06978e-11
4.43995e-11
2.89896e-11
1.42882e-11
1.99634e-34
2.56404e-15
1.73249e-12
3.3803e-12
4.94947e-12
6.4437e-12
7.8665e-12
9.22126e-12
1.05112e-11
1.17394e-11
1.29088e-11
1.40221e-11
1.50821e-11
1.60914e-11
1.70523e-11
1.79671e-11
1.88381e-11
1.96673e-11
2.04568e-11
2.12085e-11
2.19242e-11
2.26055e-11
2.32543e-11
2.38719e-11
2.446e-11
2.50199e-11
2.5553e-11
2.60606e-11
2.65439e-11
2.7004e-11
2.74422e-11
2.78593e-11
2.82566e-11
3.26249e-11
3.74155e-11
4.26649e-11
4.84116e-11
5.46948e-11
6.15547e-11
6.90303e-11
7.71588e-11
8.59729e-11
9.54983e-11
1.0575e-10
1.16727e-10
1.28409e-10
1.40743e-10
1.53644e-10
1.66976e-10
1.80552e-10
1.94114e-10
2.07335e-10
2.19812e-10
2.31069e-10
2.40578e-10
2.47778e-10
2.52124e-10
2.53141e-10
2.50477e-10
2.4397e-10
2.33685e-10
2.19928e-10
2.03227e-10
1.8428e-10
1.63871e-10
1.42784e-10
1.21719e-10
1.01234e-10
8.17088e-11
6.33413e-11
4.61618e-11
3.00565e-11
1.47876e-11
7.40997e-34
3.21846e-15
2.17442e-12
4.24254e-12
6.21192e-12
8.08721e-12
9.87281e-12
1.1573e-11
1.31917e-11
1.47329e-11
1.62002e-11
1.75972e-11
1.89272e-11
2.01934e-11
2.13989e-11
2.25466e-11
2.36392e-11
2.46794e-11
2.56697e-11
2.66125e-11
2.75101e-11
2.83646e-11
2.91782e-11
2.99528e-11
3.06902e-11
3.13923e-11
3.20607e-11
3.26972e-11
3.33031e-11
3.388e-11
3.44293e-11
3.49523e-11
3.54503e-11
4.09252e-11
4.69267e-11
5.34993e-11
6.06891e-11
6.85432e-11
7.71084e-11
8.64293e-11
9.65466e-11
1.07494e-10
1.19292e-10
1.31948e-10
1.45445e-10
1.59733e-10
1.74726e-10
1.90282e-10
2.06201e-10
2.22206e-10
2.37938e-10
2.52949e-10
2.66708e-10
2.7861e-10
2.88008e-10
2.94259e-10
2.96779e-10
2.95116e-10
2.8902e-10
2.78494e-10
2.63824e-10
2.4556e-10
2.24467e-10
2.01438e-10
1.77396e-10
1.53198e-10
1.29557e-10
1.07e-10
8.5844e-11
6.62139e-11
4.80622e-11
3.12005e-11
1.5321e-11
7.71141e-34
4.0281e-15
2.72105e-12
5.30905e-12
7.77345e-12
1.012e-11
1.23543e-11
1.44816e-11
1.6507e-11
1.84352e-11
2.02709e-11
2.20186e-11
2.36823e-11
2.52662e-11
2.6774e-11
2.82094e-11
2.95759e-11
3.08768e-11
3.21152e-11
3.32941e-11
3.44165e-11
3.54849e-11
3.65021e-11
3.74705e-11
3.83924e-11
3.92701e-11
4.01057e-11
4.09012e-11
4.16585e-11
4.23796e-11
4.30661e-11
4.37197e-11
4.4342e-11
5.11824e-11
5.86767e-11
6.68787e-11
7.58435e-11
8.56265e-11
9.62813e-11
1.07857e-10
1.20397e-10
1.33932e-10
1.48474e-10
1.64014e-10
1.80506e-10
1.97864e-10
2.15941e-10
2.34526e-10
2.53321e-10
2.71935e-10
2.89874e-10
3.06543e-10
3.21256e-10
3.33269e-10
3.41823e-10
3.46211e-10
3.45862e-10
3.40417e-10
3.29803e-10
3.1427e-10
2.94387e-10
2.70988e-10
2.45083e-10
2.17745e-10
1.89997e-10
1.62724e-10
1.36611e-10
1.12115e-10
8.94692e-11
6.8708e-11
4.96997e-11
3.21807e-11
1.57766e-11
7.2028e-34
5.02018e-15
3.3907e-12
6.61556e-12
9.68635e-12
1.26102e-11
1.53941e-11
1.80446e-11
2.05679e-11
2.29701e-11
2.52569e-11
2.74339e-11
2.95062e-11
3.1479e-11
3.33569e-11
3.51445e-11
3.68462e-11
3.8466e-11
4.0008e-11
4.14758e-11
4.28731e-11
4.42033e-11
4.54695e-11
4.66749e-11
4.78224e-11
4.89148e-11
4.99547e-11
5.09447e-11
5.18872e-11
5.27845e-11
5.36387e-11
5.4452e-11
5.52262e-11
6.37347e-11
7.30509e-11
8.32394e-11
9.4365e-11
1.06492e-10
1.1968e-10
1.33982e-10
1.49439e-10
1.66076e-10
1.83888e-10
2.02839e-10
2.22843e-10
2.43753e-10
2.65347e-10
2.87308e-10
3.09214e-10
3.30524e-10
3.50575e-10
3.68597e-10
3.83734e-10
3.95098e-10
4.0184e-10
4.03241e-10
3.98808e-10
3.88365e-10
3.72107e-10
3.50607e-10
3.2477e-10
2.95729e-10
2.64727e-10
2.32974e-10
2.01548e-10
1.7131e-10
1.42874e-10
1.16598e-10
9.26128e-11
7.08522e-11
5.10982e-11
3.30139e-11
1.61626e-11
6.69558e-34
6.2257e-15
4.20421e-12
8.20274e-12
1.20101e-11
1.56353e-11
1.90867e-11
2.23726e-11
2.55006e-11
2.84784e-11
3.13129e-11
3.40112e-11
3.65796e-11
3.90243e-11
4.13514e-11
4.35665e-11
4.56749e-11
4.76818e-11
4.95921e-11
5.14104e-11
5.31412e-11
5.47887e-11
5.6357e-11
5.78498e-11
5.92708e-11
6.06235e-11
6.19111e-11
6.31369e-11
6.43038e-11
6.54146e-11
6.64721e-11
6.74788e-11
6.84373e-11
7.89659e-11
9.04865e-11
1.03075e-10
1.16807e-10
1.31756e-10
1.47985e-10
1.6555e-10
1.84486e-10
2.04801e-10
2.26466e-10
2.49403e-10
2.73465e-10
2.98425e-10
3.2395e-10
3.49589e-10
3.74755e-10
3.9872e-10
4.20621e-10
4.39483e-10
4.54275e-10
4.63982e-10
4.67709e-10
4.64795e-10
4.54924e-10
4.38202e-10
4.15185e-10
3.86837e-10
3.54426e-10
3.19381e-10
2.83132e-10
2.46977e-10
2.11985e-10
1.78948e-10
1.48369e-10
1.20487e-10
9.53131e-11
7.26801e-11
5.22834e-11
3.37171e-11
1.64876e-11
6.19938e-34
7.67875e-15
5.18449e-12
1.01153e-11
1.48102e-11
1.92803e-11
2.3536e-11
2.75872e-11
3.14437e-11
3.51147e-11
3.8609e-11
4.19349e-11
4.51006e-11
4.81136e-11
5.09815e-11
5.3711e-11
5.63089e-11
5.87816e-11
6.1135e-11
6.3375e-11
6.5507e-11
6.75363e-11
6.94678e-11
7.13063e-11
7.30562e-11
7.47218e-11
7.63073e-11
7.78165e-11
7.92531e-11
8.06206e-11
8.19224e-11
8.31616e-11
8.43413e-11
9.7296e-11
1.11461e-10
1.26925e-10
1.43774e-10
1.62089e-10
1.81937e-10
2.0337e-10
2.2641e-10
2.51041e-10
2.77194e-10
3.04729e-10
3.33418e-10
3.62917e-10
3.92752e-10
4.22294e-10
4.50752e-10
4.77168e-10
5.00446e-10
5.19396e-10
5.32815e-10
5.396e-10
5.38883e-10
5.30159e-10
5.13402e-10
4.89112e-10
4.58291e-10
4.22339e-10
3.82891e-10
3.4163e-10
3.00118e-10
2.59671e-10
2.21295e-10
1.85663e-10
1.5314e-10
1.23828e-10
9.76133e-11
7.42266e-11
5.32811e-11
3.43069e-11
1.67595e-11
5.72108e-34
9.41563e-15
6.35588e-12
1.24006e-11
1.81561e-11
2.36357e-11
2.88522e-11
3.38179e-11
3.85446e-11
4.30435e-11
4.73256e-11
5.14011e-11
5.52799e-11
5.89714e-11
6.24847e-11
6.58283e-11
6.90104e-11
7.20389e-11
7.49211e-11
7.76641e-11
8.02746e-11
8.27592e-11
8.51239e-11
8.73745e-11
8.95165e-11
9.15553e-11
9.34958e-11
9.53428e-11
9.71008e-11
9.87742e-11
1.00367e-10
1.01883e-10
1.03326e-10
1.1917e-10
1.36479e-10
1.55357e-10
1.759e-10
1.98194e-10
2.22308e-10
2.48281e-10
2.76114e-10
3.05755e-10
3.37074e-10
3.69847e-10
4.03731e-10
4.38233e-10
4.72691e-10
5.06255e-10
5.3788e-10
5.66343e-10
5.90288e-10
6.08306e-10
6.19054e-10
6.21408e-10
6.14623e-10
5.98476e-10
5.73358e-10
5.40267e-10
5.00721e-10
4.56573e-10
4.09792e-10
3.62256e-10
3.15583e-10
2.71039e-10
2.29508e-10
1.91509e-10
1.57246e-10
1.26675e-10
9.95585e-11
7.55265e-11
5.4116e-11
3.47989e-11
1.6986e-11
5.26532e-34
1.14737e-14
7.74343e-12
1.51077e-11
2.21193e-11
2.87945e-11
3.51489e-11
4.11974e-11
4.69544e-11
5.24337e-11
5.76483e-11
6.2611e-11
6.73338e-11
7.18282e-11
7.61052e-11
8.01752e-11
8.40484e-11
8.77341e-11
9.12416e-11
9.45793e-11
9.77557e-11
1.00778e-10
1.03655e-10
1.06393e-10
1.08998e-10
1.11478e-10
1.13838e-10
1.16084e-10
1.18221e-10
1.20256e-10
1.22192e-10
1.24036e-10
1.2579e-10
1.45042e-10
1.66057e-10
1.88951e-10
2.13831e-10
2.40784e-10
2.69874e-10
3.01122e-10
3.34496e-10
3.69886e-10
4.0708e-10
4.45741e-10
4.85371e-10
5.25285e-10
5.64585e-10
6.02147e-10
6.36627e-10
6.665e-10
6.90137e-10
7.05928e-10
7.12445e-10
7.0864e-10
6.94019e-10
6.68784e-10
6.33868e-10
5.90866e-10
5.41846e-10
4.89094e-10
4.34858e-10
3.81127e-10
3.29494e-10
2.81108e-10
2.36681e-10
1.96552e-10
1.60752e-10
1.29084e-10
1.01193e-10
7.66128e-11
5.48109e-11
3.52073e-11
1.71736e-11
4.83497e-34
1.38899e-14
9.37189e-12
1.82847e-11
2.67704e-11
3.48487e-11
4.25383e-11
4.98572e-11
5.68229e-11
6.3452e-11
6.97604e-11
7.57635e-11
8.14759e-11
8.69116e-11
9.20838e-11
9.70053e-11
1.01688e-10
1.06144e-10
1.10384e-10
1.14419e-10
1.18258e-10
1.21911e-10
1.25387e-10
1.28695e-10
1.31842e-10
1.34838e-10
1.37689e-10
1.40402e-10
1.42984e-10
1.45441e-10
1.47779e-10
1.50005e-10
1.52123e-10
1.75358e-10
2.00698e-10
2.28272e-10
2.58193e-10
2.90548e-10
3.25386e-10
3.627e-10
4.02406e-10
4.44317e-10
4.8811e-10
5.33296e-10
5.79181e-10
6.24835e-10
6.69069e-10
7.10433e-10
7.47238e-10
7.7763e-10
7.9971e-10
8.11708e-10
8.12201e-10
8.00339e-10
7.76035e-10
7.40063e-10
6.94026e-10
6.40176e-10
5.81132e-10
5.19567e-10
4.57917e-10
3.9819e-10
3.41875e-10
2.8994e-10
2.42893e-10
2.0087e-10
1.63723e-10
1.31111e-10
1.02559e-10
7.75158e-11
5.53864e-11
3.55447e-11
1.73283e-11
4.43157e-34
1.66993e-14
1.12646e-11
2.19772e-11
3.21762e-11
4.1885e-11
5.1126e-11
5.99211e-11
6.8291e-11
7.62558e-11
8.38347e-11
9.1046e-11
9.79075e-11
1.04436e-10
1.10647e-10
1.16557e-10
1.2218e-10
1.27529e-10
1.32619e-10
1.37462e-10
1.42069e-10
1.46453e-10
1.50624e-10
1.54593e-10
1.5837e-10
1.61963e-10
1.65383e-10
1.68637e-10
1.71733e-10
1.7468e-10
1.77484e-10
1.80153e-10
1.82693e-10
2.10537e-10
2.40876e-10
2.73847e-10
3.09569e-10
3.4812e-10
3.89528e-10
4.33741e-10
4.80604e-10
5.29825e-10
5.80935e-10
6.3325e-10
6.85829e-10
7.37442e-10
7.86549e-10
8.31319e-10
8.6968e-10
8.99435e-10
9.18439e-10
9.24834e-10
9.17317e-10
8.95395e-10
8.59555e-10
8.11296e-10
7.52985e-10
6.87562e-10
6.18167e-10
5.47767e-10
4.78888e-10
4.1346e-10
3.52792e-10
2.97624e-10
2.48233e-10
2.04542e-10
1.66228e-10
1.32805e-10
1.03694e-10
7.8263e-11
5.5861e-11
3.58223e-11
1.74555e-11
4.05562e-34
1.99329e-14
1.34424e-11
2.62258e-11
3.83958e-11
4.99803e-11
6.10061e-11
7.14989e-11
8.14837e-11
9.09845e-11
1.00024e-10
1.08624e-10
1.16807e-10
1.24591e-10
1.31996e-10
1.39042e-10
1.45744e-10
1.5212e-10
1.58185e-10
1.63956e-10
1.69446e-10
1.74669e-10
1.79638e-10
1.84365e-10
1.88863e-10
1.93143e-10
1.97215e-10
2.01089e-10
2.04776e-10
2.08284e-10
2.11622e-10
2.14798e-10
2.17821e-10
2.50946e-10
2.87e-10
3.26133e-10
3.6846e-10
4.14046e-10
4.62881e-10
5.14852e-10
5.69711e-10
6.27026e-10
6.86144e-10
7.46135e-10
8.05756e-10
8.6341e-10
9.17152e-10
9.64716e-10
1.00362e-09
1.03132e-09
1.04548e-09
1.04426e-09
1.02662e-09
9.92603e-10
9.43448e-10
8.81513e-10
8.09996e-10
7.32516e-10
6.52655e-10
5.73572e-10
4.97766e-10
4.27001e-10
3.6234e-10
3.04261e-10
2.52793e-10
2.07647e-10
1.68327e-10
1.34215e-10
1.04633e-10
7.88784e-11
5.62507e-11
3.60497e-11
1.75596e-11
3.7069e-34
2.36161e-14
1.5922e-11
3.10631e-11
4.54773e-11
5.91972e-11
7.22545e-11
8.46798e-11
9.65025e-11
1.07751e-10
1.18453e-10
1.28633e-10
1.38318e-10
1.4753e-10
1.56293e-10
1.64629e-10
1.72559e-10
1.80101e-10
1.87276e-10
1.94101e-10
2.00593e-10
2.06769e-10
2.12644e-10
2.18233e-10
2.2355e-10
2.28608e-10
2.3342e-10
2.37999e-10
2.42355e-10
2.465e-10
2.50444e-10
2.54196e-10
2.57767e-10
2.96876e-10
3.39398e-10
3.85489e-10
4.35257e-10
4.88741e-10
5.4588e-10
6.06481e-10
6.70168e-10
7.36338e-10
8.04104e-10
8.72238e-10
9.3913e-10
1.00276e-09
1.0607e-09
1.11023e-09
1.14841e-09
1.17241e-09
1.17975e-09
1.16875e-09
1.13882e-09
1.09072e-09
1.02662e-09
9.49839e-10
8.64437e-10
7.74659e-10
6.84422e-10
5.96949e-10
5.14609e-10
4.38913e-10
3.70632e-10
3.09958e-10
2.56666e-10
2.10259e-10
1.70078e-10
1.35383e-10
1.05406e-10
7.93832e-11
5.65695e-11
3.62354e-11
1.76445e-11
3.38468e-34
2.77668e-14
1.87153e-11
3.65123e-11
5.34541e-11
6.95791e-11
8.49243e-11
9.95257e-11
1.13418e-10
1.26634e-10
1.39206e-10
1.51165e-10
1.6254e-10
1.7336e-10
1.8365e-10
1.93438e-10
2.02748e-10
2.11602e-10
2.20023e-10
2.28033e-10
2.35652e-10
2.42898e-10
2.49791e-10
2.56348e-10
2.62585e-10
2.68517e-10
2.74161e-10
2.79531e-10
2.84639e-10
2.89498e-10
2.94122e-10
2.98521e-10
3.02707e-10
3.48524e-10
3.98287e-10
4.52151e-10
5.1021e-10
5.72465e-10
6.38787e-10
7.08875e-10
7.82198e-10
8.57937e-10
9.3492e-10
1.01156e-09
1.08583e-09
1.15519e-09
1.21672e-09
1.26715e-09
1.30313e-09
1.32156e-09
1.31996e-09
1.29695e-09
1.25257e-09
1.18853e-09
1.10806e-09
1.01553e-09
9.15829e-10
8.13744e-10
7.13394e-10
6.17943e-10
5.2952e-10
4.49322e-10
3.77791e-10
3.14822e-10
2.59939e-10
2.12446e-10
1.71532e-10
1.36347e-10
1.06041e-10
7.97956e-11
5.68291e-11
3.63864e-11
1.77134e-11
3.08785e-34
3.23937e-14
2.18278e-11
4.2584e-11
6.23422e-11
8.11467e-11
9.90408e-11
1.16066e-10
1.32263e-10
1.4767e-10
1.62325e-10
1.76264e-10
1.89521e-10
2.02129e-10
2.1412e-10
2.25523e-10
2.36367e-10
2.4668e-10
2.56488e-10
2.65816e-10
2.74686e-10
2.83123e-10
2.91147e-10
2.98779e-10
3.06038e-10
3.12942e-10
3.1951e-10
3.25757e-10
3.317e-10
3.37353e-10
3.42731e-10
3.47848e-10
3.52716e-10
4.05975e-10
4.63754e-10
5.26208e-10
5.93404e-10
6.65292e-10
7.41655e-10
8.22058e-10
9.05776e-10
9.91731e-10
1.07841e-09
1.16382e-09
1.2454e-09
1.3201e-09
1.38438e-09
1.43447e-09
1.46659e-09
1.47745e-09
1.46469e-09
1.42742e-09
1.36655e-09
1.2849e-09
1.1869e-09
1.07798e-09
9.63837e-10
8.49644e-10
7.39591e-10
6.36652e-10
5.42633e-10
4.58365e-10
3.83941e-10
3.18956e-10
2.62694e-10
2.1427e-10
1.72736e-10
1.37138e-10
1.06559e-10
8.01311e-11
5.70397e-11
3.65086e-11
1.77691e-11
2.81511e-34
3.74953e-14
2.52583e-11
4.92761e-11
7.2138e-11
9.38954e-11
1.14598e-10
1.34294e-10
1.5303e-10
1.7085e-10
1.878e-10
2.03919e-10
2.19247e-10
2.33824e-10
2.47686e-10
2.60866e-10
2.734e-10
2.85318e-10
2.96651e-10
3.07427e-10
3.17675e-10
3.27421e-10
3.36688e-10
3.45502e-10
3.53884e-10
3.61856e-10
3.69438e-10
3.7665e-10
3.83509e-10
3.90034e-10
3.96241e-10
4.02145e-10
4.07762e-10
4.69184e-10
5.35744e-10
6.07585e-10
6.84742e-10
7.67095e-10
8.54318e-10
9.4581e-10
1.04062e-09
1.13735e-09
1.23411e-09
1.32839e-09
1.41711e-09
1.49656e-09
1.56262e-09
1.61094e-09
1.63739e-09
1.63857e-09
1.61242e-09
1.55873e-09
1.47949e-09
1.37881e-09
1.2624e-09
1.13676e-09
1.00826e-09
8.82339e-10
7.631e-10
6.53217e-10
5.54101e-10
4.66183e-10
3.89202e-10
3.22457e-10
2.65004e-10
2.15787e-10
1.73728e-10
1.37786e-10
1.06981e-10
8.04029e-11
5.72097e-11
3.66071e-11
1.7814e-11
2.565e-34
4.30591e-14
2.89982e-11
5.65715e-11
8.2817e-11
1.07793e-10
1.31556e-10
1.54163e-10
1.75665e-10
1.96116e-10
2.15564e-10
2.34058e-10
2.51643e-10
2.68364e-10
2.84262e-10
2.99378e-10
3.1375e-10
3.27414e-10
3.40407e-10
3.5276e-10
3.64505e-10
3.75674e-10
3.86294e-10
3.96392e-10
4.05995e-10
4.15128e-10
4.23812e-10
4.32072e-10
4.39928e-10
4.474e-10
4.54506e-10
4.61266e-10
4.67697e-10
5.37975e-10
6.14049e-10
6.96041e-10
7.83938e-10
8.77538e-10
9.76379e-10
1.07966e-09
1.18617e-09
1.29414e-09
1.40123e-09
1.5044e-09
1.59991e-09
1.68341e-09
1.7501e-09
1.79511e-09
1.81398e-09
1.80336e-09
1.76162e-09
1.6895e-09
1.59024e-09
1.46939e-09
1.334e-09
1.19157e-09
1.04902e-09
9.11892e-10
7.8406e-10
6.67802e-10
5.64082e-10
4.72915e-10
3.93685e-10
3.25413e-10
2.66936e-10
2.17043e-10
1.74543e-10
1.38314e-10
1.07323e-10
8.06221e-11
5.73464e-11
3.66861e-11
1.785e-11
2.33604e-34
4.90618e-14
3.30316e-11
6.44395e-11
9.43336e-11
1.2278e-10
1.49844e-10
1.75588e-10
2.00073e-10
2.23358e-10
2.455e-10
2.66553e-10
2.86569e-10
3.05599e-10
3.23691e-10
3.40891e-10
3.57242e-10
3.72787e-10
3.87566e-10
4.01615e-10
4.14973e-10
4.27673e-10
4.39747e-10
4.51228e-10
4.62144e-10
4.72524e-10
4.82394e-10
4.9178e-10
5.00707e-10
5.09196e-10
5.1727e-10
5.24949e-10
5.32254e-10
6.12041e-10
6.98312e-10
7.91163e-10
8.90521e-10
9.9608e-10
1.10722e-09
1.22292e-09
1.34163e-09
1.4612e-09
1.57877e-09
1.69067e-09
1.79251e-09
1.8792e-09
1.94528e-09
1.98535e-09
1.99472e-09
1.9702e-09
1.91082e-09
1.81845e-09
1.69779e-09
1.55594e-09
1.40129e-09
1.24226e-09
1.08615e-09
9.38434e-10
8.02646e-10
6.80584e-10
5.72737e-10
4.78694e-10
3.97497e-10
3.279e-10
2.68547e-10
2.1808e-10
1.7521e-10
1.38743e-10
1.07598e-10
8.0798e-11
5.74558e-11
3.67491e-11
1.78786e-11
2.12671e-34
5.54696e-14
3.73356e-11
7.28352e-11
1.06623e-10
1.38772e-10
1.69357e-10
1.98449e-10
2.26115e-10
2.52423e-10
2.77436e-10
3.01217e-10
3.23825e-10
3.45317e-10
3.65747e-10
3.85168e-10
4.03628e-10
4.21176e-10
4.37857e-10
4.53714e-10
4.68787e-10
4.83117e-10
4.9674e-10
5.09692e-10
5.22005e-10
5.33713e-10
5.44844e-10
5.55429e-10
5.65495e-10
5.75066e-10
5.84169e-10
5.92825e-10
6.01059e-10
6.90949e-10
7.88037e-10
8.92384e-10
1.00384e-09
1.12199e-09
1.24602e-09
1.37464e-09
1.50596e-09
1.63737e-09
1.76544e-09
1.88584e-09
1.99342e-09
2.08236e-09
2.1465e-09
2.17998e-09
2.17794e-09
2.13753e-09
2.05864e-09
1.94444e-09
1.80131e-09
1.63794e-09
1.46404e-09
1.2888e-09
1.11975e-09
9.62142e-10
8.1905e-10
6.91746e-10
5.80219e-10
4.83641e-10
4.00729e-10
3.2999e-10
2.69887e-10
2.18935e-10
1.75754e-10
1.3909e-10
1.0782e-10
8.09384e-11
5.75427e-11
3.67991e-11
1.79013e-11
1.52254e-34
5.90851e-14
3.97635e-11
7.75711e-11
1.13555e-10
1.47793e-10
1.80364e-10
2.11343e-10
2.40803e-10
2.68815e-10
2.95448e-10
3.20767e-10
3.44836e-10
3.67715e-10
3.89463e-10
4.10135e-10
4.29783e-10
4.4846e-10
4.66212e-10
4.83087e-10
4.99127e-10
5.14375e-10
5.2887e-10
5.42649e-10
5.5575e-10
5.68204e-10
5.80046e-10
5.91306e-10
6.02012e-10
6.12192e-10
6.21873e-10
6.3108e-10
6.39836e-10
7.35406e-10
8.38569e-10
9.49364e-10
1.0676e-09
1.19277e-09
1.32397e-09
1.45975e-09
1.59802e-09
1.73588e-09
1.86959e-09
1.99443e-09
2.10485e-09
2.19458e-09
2.25712e-09
2.28634e-09
2.27739e-09
2.22761e-09
2.13747e-09
2.01094e-09
1.85532e-09
1.68021e-09
1.496e-09
1.31224e-09
1.13649e-09
9.73843e-10
8.27077e-10
6.97165e-10
5.83824e-10
4.86008e-10
4.02264e-10
3.30974e-10
2.70513e-10
2.19332e-10
1.76005e-10
1.39249e-10
1.0792e-10
8.10019e-11
5.75818e-11
3.68216e-11
1.79115e-11
-4.50545e-33
6.19374e-14
4.16786e-11
8.13069e-11
1.19022e-10
1.54908e-10
1.89046e-10
2.21513e-10
2.52388e-10
2.81745e-10
3.09655e-10
3.36187e-10
3.61408e-10
3.85381e-10
4.08168e-10
4.29826e-10
4.50412e-10
4.69978e-10
4.88575e-10
5.06252e-10
5.23054e-10
5.39025e-10
5.54208e-10
5.6864e-10
5.8236e-10
5.95404e-10
6.07805e-10
6.19596e-10
6.30807e-10
6.41468e-10
6.51605e-10
6.61245e-10
6.70413e-10
7.70457e-10
8.78404e-10
9.94271e-10
1.11783e-09
1.24853e-09
1.38535e-09
1.52673e-09
1.67042e-09
1.8133e-09
1.95136e-09
2.0796e-09
2.19211e-09
2.28232e-09
2.34342e-09
2.36912e-09
2.35455e-09
2.29726e-09
2.19817e-09
2.0619e-09
1.8965e-09
1.71227e-09
1.5201e-09
1.32982e-09
1.14898e-09
9.82525e-10
8.33004e-10
7.01146e-10
5.86459e-10
4.87729e-10
4.03373e-10
3.31682e-10
2.70961e-10
2.19613e-10
1.76181e-10
1.3936e-10
1.0799e-10
8.1046e-11
5.76089e-11
3.68371e-11
1.79185e-11
-1.38093e-32
6.64375e-14
4.47e-11
8.72004e-11
1.27649e-10
1.66134e-10
2.02742e-10
2.37558e-10
2.70665e-10
3.02142e-10
3.32066e-10
3.60512e-10
3.8755e-10
4.13249e-10
4.37674e-10
4.60889e-10
4.82952e-10
5.03921e-10
5.23851e-10
5.42793e-10
5.60797e-10
5.7791e-10
5.94175e-10
6.09637e-10
6.24335e-10
6.38308e-10
6.51591e-10
6.6422e-10
6.76227e-10
6.87644e-10
6.985e-10
7.08824e-10
7.18641e-10
8.25739e-10
9.41224e-10
1.06508e-09
1.19703e-09
1.33641e-09
1.48208e-09
1.63227e-09
1.78445e-09
1.93519e-09
2.08005e-09
2.21355e-09
2.32925e-09
2.42007e-09
2.47876e-09
2.49874e-09
2.47515e-09
2.40588e-09
2.29258e-09
2.14092e-09
1.96011e-09
1.76157e-09
1.55699e-09
1.35657e-09
1.16787e-09
9.95567e-10
8.41836e-10
7.07024e-10
5.9031e-10
4.90213e-10
4.04953e-10
3.32673e-10
2.71576e-10
2.19993e-10
1.76415e-10
1.39505e-10
1.0808e-10
8.1102e-11
5.76432e-11
3.68567e-11
1.79274e-11
-1.76684e-32
6.89294e-14
4.63729e-11
9.04637e-11
1.32425e-10
1.72349e-10
2.10325e-10
2.46442e-10
2.80785e-10
3.13436e-10
3.44475e-10
3.7398e-10
4.02024e-10
4.28678e-10
4.54011e-10
4.78087e-10
5.00968e-10
5.22714e-10
5.43381e-10
5.63024e-10
5.81692e-10
5.99436e-10
6.16302e-10
6.32333e-10
6.47572e-10
6.62059e-10
6.7583e-10
6.88923e-10
7.01371e-10
7.13207e-10
7.2446e-10
7.35162e-10
7.45338e-10
8.56338e-10
9.75992e-10
1.10427e-09
1.24085e-09
1.38503e-09
1.53557e-09
1.69061e-09
1.84746e-09
2.0025e-09
2.15106e-09
2.28739e-09
2.40477e-09
2.49582e-09
2.55305e-09
2.56975e-09
2.54103e-09
2.46503e-09
2.34377e-09
2.18354e-09
1.9942e-09
1.78778e-09
1.57641e-09
1.37048e-09
1.17755e-09
1.00213e-09
8.46188e-10
7.09844e-10
5.92095e-10
4.91317e-10
4.05618e-10
3.33064e-10
2.718e-10
2.20117e-10
1.76483e-10
1.39542e-10
1.08101e-10
8.11136e-11
5.76498e-11
3.68604e-11
1.7929e-11
-1.60644e-32
6.98106e-14
4.69644e-11
9.16174e-11
1.34114e-10
1.74546e-10
2.13007e-10
2.49583e-10
2.84362e-10
3.17429e-10
3.48862e-10
3.78741e-10
4.07141e-10
4.34132e-10
4.59785e-10
4.84166e-10
5.07336e-10
5.29356e-10
5.50284e-10
5.70174e-10
5.89077e-10
6.07044e-10
6.24122e-10
6.40354e-10
6.55784e-10
6.70452e-10
6.84396e-10
6.97653e-10
7.10256e-10
7.22239e-10
7.33634e-10
7.44468e-10
7.54771e-10
8.67147e-10
9.88271e-10
1.1181e-09
1.25632e-09
1.40217e-09
1.55443e-09
1.71116e-09
1.86963e-09
2.02615e-09
2.17598e-09
2.31325e-09
2.43115e-09
2.52219e-09
2.57881e-09
2.59424e-09
2.5636e-09
2.48511e-09
2.36095e-09
2.19762e-09
2.00524e-09
1.79604e-09
1.58231e-09
1.37451e-09
1.18018e-09
1.00376e-09
8.4713e-10
7.10342e-10
5.92317e-10
4.91377e-10
4.05593e-10
3.33001e-10
2.71726e-10
2.20048e-10
1.76426e-10
1.39497e-10
1.08068e-10
8.10909e-11
5.76351e-11
3.68517e-11
1.7925e-11
-1.46015e-32
6.94482e-14
4.67209e-11
9.11425e-11
1.33419e-10
1.73642e-10
2.11903e-10
2.4829e-10
2.82889e-10
3.15784e-10
3.47055e-10
3.7678e-10
4.05033e-10
4.31885e-10
4.57406e-10
4.81661e-10
5.04711e-10
5.26618e-10
5.47438e-10
5.67226e-10
5.86032e-10
6.03907e-10
6.20897e-10
6.37046e-10
6.52397e-10
6.6699e-10
6.80862e-10
6.94051e-10
7.0659e-10
7.18512e-10
7.29848e-10
7.40627e-10
7.50878e-10
8.62681e-10
9.83192e-10
1.11237e-09
1.2499e-09
1.39504e-09
1.54656e-09
1.70255e-09
1.8603e-09
2.01615e-09
2.16536e-09
2.30213e-09
2.41968e-09
2.51055e-09
2.56724e-09
2.58298e-09
2.55291e-09
2.47524e-09
2.3521e-09
2.1899e-09
1.9987e-09
1.79065e-09
1.57796e-09
1.37106e-09
1.17747e-09
1.00165e-09
8.45504e-10
7.09093e-10
5.91364e-10
4.90655e-10
4.0505e-10
3.32597e-10
2.71429e-10
2.19833e-10
1.76272e-10
1.3939e-10
1.07995e-10
8.10422e-11
5.76041e-11
3.68336e-11
1.79168e-11
-1.32686e-32
6.81616e-14
4.58571e-11
8.94574e-11
1.30952e-10
1.70432e-10
2.07986e-10
2.43702e-10
2.77663e-10
3.09952e-10
3.40647e-10
3.69824e-10
3.97557e-10
4.23916e-10
4.48968e-10
4.72777e-10
4.95405e-10
5.16911e-10
5.37349e-10
5.56775e-10
5.75238e-10
5.92786e-10
6.09465e-10
6.2532e-10
6.40391e-10
6.54718e-10
6.68338e-10
6.81286e-10
6.93597e-10
7.05303e-10
7.16433e-10
7.27017e-10
7.37081e-10
8.46865e-10
9.65215e-10
1.0921e-09
1.22722e-09
1.36986e-09
1.51884e-09
1.67228e-09
1.82757e-09
1.98112e-09
2.12833e-09
2.26353e-09
2.38007e-09
2.47067e-09
2.52791e-09
2.54514e-09
2.51751e-09
2.4431e-09
2.32388e-09
2.16597e-09
1.9791e-09
1.7751e-09
1.56597e-09
1.36203e-09
1.17079e-09
9.96776e-10
8.41971e-10
7.06549e-10
5.8954e-10
4.89352e-10
4.04123e-10
3.3194e-10
2.70967e-10
2.1951e-10
1.76048e-10
1.39236e-10
1.07891e-10
8.0974e-11
5.75609e-11
3.68084e-11
1.79053e-11
-1.20552e-32
6.62177e-14
4.45517e-11
8.69112e-11
1.27225e-10
1.65582e-10
2.02069e-10
2.3677e-10
2.69767e-10
3.01139e-10
3.30963e-10
3.59314e-10
3.86262e-10
4.11875e-10
4.36218e-10
4.59355e-10
4.81345e-10
5.02244e-10
5.22106e-10
5.40985e-10
5.58928e-10
5.75983e-10
5.92194e-10
6.07604e-10
6.22252e-10
6.36177e-10
6.49416e-10
6.62002e-10
6.73969e-10
6.85347e-10
6.96166e-10
7.06454e-10
7.16238e-10
8.2297e-10
9.38058e-10
1.06149e-09
1.19297e-09
1.33184e-09
1.47697e-09
1.62659e-09
1.77817e-09
1.92828e-09
2.07249e-09
2.20534e-09
2.3204e-09
2.41062e-09
2.46877e-09
2.48831e-09
2.46441e-09
2.39501e-09
2.28177e-09
2.13039e-09
1.95008e-09
1.75222e-09
1.54848e-09
1.34898e-09
1.16124e-09
9.89889e-10
8.37056e-10
7.03066e-10
5.87084e-10
4.87628e-10
4.02918e-10
3.31101e-10
2.70384e-10
2.19108e-10
1.75773e-10
1.3905e-10
1.07766e-10
8.08917e-11
5.75088e-11
3.67782e-11
1.78915e-11
-1.09514e-32
6.38316e-14
4.29496e-11
8.37859e-11
1.22651e-10
1.5963e-10
1.94806e-10
2.28261e-10
2.60074e-10
2.90322e-10
3.19078e-10
3.46414e-10
3.72398e-10
3.97095e-10
4.2057e-10
4.42881e-10
4.64086e-10
4.84241e-10
5.03397e-10
5.21604e-10
5.3891e-10
5.55359e-10
5.70995e-10
5.85858e-10
5.99988e-10
6.1342e-10
6.2619e-10
6.38332e-10
6.49876e-10
6.60852e-10
6.7129e-10
6.81216e-10
6.90655e-10
7.93642e-10
9.04725e-10
1.02391e-09
1.15092e-09
1.28518e-09
1.42559e-09
1.5705e-09
1.71753e-09
1.86341e-09
2.00395e-09
2.13391e-09
2.24717e-09
2.33691e-09
2.39618e-09
2.41858e-09
2.39926e-09
2.33602e-09
2.23015e-09
2.08679e-09
1.91456e-09
1.72427e-09
1.52715e-09
1.33312e-09
1.14969e-09
9.81595e-10
8.3117e-10
6.98923e-10
5.84186e-10
4.8561e-10
4.01518e-10
3.30134e-10
2.69719e-10
2.18652e-10
1.75462e-10
1.38839e-10
1.07625e-10
8.07995e-11
5.74506e-11
3.67443e-11
1.78761e-11
-9.94765e-33
6.11727e-14
4.11642e-11
8.03033e-11
1.17553e-10
1.52996e-10
1.86712e-10
2.18779e-10
2.49273e-10
2.78268e-10
3.05833e-10
3.32038e-10
3.56948e-10
3.80625e-10
4.03131e-10
4.24522e-10
4.44854e-10
4.64179e-10
4.82547e-10
5.00006e-10
5.16601e-10
5.32376e-10
5.47371e-10
5.61625e-10
5.75176e-10
5.88059e-10
6.00308e-10
6.11954e-10
6.23027e-10
6.33556e-10
6.43568e-10
6.53089e-10
6.62144e-10
7.60957e-10
8.67577e-10
9.82021e-10
1.10407e-09
1.23316e-09
1.36832e-09
1.50798e-09
1.64993e-09
1.79109e-09
1.92751e-09
2.05425e-09
2.16547e-09
2.25468e-09
2.31517e-09
2.34072e-09
2.3265e-09
2.27012e-09
2.17245e-09
2.03805e-09
1.87485e-09
1.69302e-09
1.5033e-09
1.31541e-09
1.1368e-09
9.72368e-10
8.24639e-10
6.94341e-10
5.80993e-10
4.83397e-10
3.9999e-10
3.29083e-10
2.68999e-10
2.1816e-10
1.75129e-10
1.38614e-10
1.07475e-10
8.07011e-11
5.73885e-11
3.67082e-11
1.78596e-11
-9.03537e-33
5.83709e-14
3.92828e-11
7.66333e-11
1.12182e-10
1.46006e-10
1.78183e-10
2.08788e-10
2.37891e-10
2.65565e-10
2.91876e-10
3.16889e-10
3.40667e-10
3.63269e-10
3.84754e-10
4.05175e-10
4.24586e-10
4.43037e-10
4.60575e-10
4.77245e-10
4.93091e-10
5.08155e-10
5.22474e-10
5.36087e-10
5.49029e-10
5.61333e-10
5.73031e-10
5.84154e-10
5.94731e-10
6.04788e-10
6.14352e-10
6.23447e-10
6.32097e-10
7.2651e-10
8.28424e-10
9.37876e-10
1.05468e-09
1.17833e-09
1.30793e-09
1.44206e-09
1.57864e-09
1.71482e-09
1.84688e-09
1.97019e-09
2.07924e-09
2.16785e-09
2.2296e-09
2.25843e-09
2.24956e-09
2.20038e-09
2.11134e-09
1.98639e-09
1.83273e-09
1.65984e-09
1.47799e-09
1.29659e-09
1.12312e-09
9.62578e-10
8.1772e-10
6.89496e-10
5.77624e-10
4.81067e-10
3.98386e-10
3.27982e-10
2.68247e-10
2.17648e-10
1.74781e-10
1.3838e-10
1.07319e-10
8.0599e-11
5.73241e-11
3.66708e-11
1.78426e-11
-4.14978e-33
5.54849e-14
3.73447e-11
7.28528e-11
1.06648e-10
1.38805e-10
1.69397e-10
1.98495e-10
2.26166e-10
2.52479e-10
2.77497e-10
3.01282e-10
3.23894e-10
3.45388e-10
3.65821e-10
3.85244e-10
4.03706e-10
4.21255e-10
4.37937e-10
4.53795e-10
4.68869e-10
4.832e-10
4.96823e-10
5.09774e-10
5.22088e-10
5.33795e-10
5.44927e-10
5.55511e-10
5.65576e-10
5.75147e-10
5.84248e-10
5.92905e-10
6.01137e-10
6.91013e-10
7.88072e-10
8.92371e-10
1.00375e-09
1.12179e-09
1.24565e-09
1.37404e-09
1.50504e-09
1.63603e-09
1.76354e-09
1.88323e-09
1.98993e-09
2.07781e-09
2.14072e-09
2.17281e-09
2.16932e-09
2.12746e-09
2.04726e-09
1.93204e-09
1.78825e-09
1.62469e-09
1.45107e-09
1.27653e-09
1.10849e-09
9.5209e-10
8.10298e-10
6.84294e-10
5.74005e-10
4.78564e-10
3.96663e-10
3.26801e-10
2.67439e-10
2.17099e-10
1.74409e-10
1.3813e-10
1.07152e-10
8.04897e-11
5.72551e-11
3.66307e-11
1.78243e-11
3.15006e-34
5.25128e-14
3.53485e-11
6.89588e-11
1.00948e-10
1.31388e-10
1.60347e-10
1.87892e-10
2.14088e-10
2.38999e-10
2.62686e-10
2.85205e-10
3.06615e-10
3.26968e-10
3.46317e-10
3.64709e-10
3.82194e-10
3.98815e-10
4.14614e-10
4.29634e-10
4.43913e-10
4.57488e-10
4.70393e-10
4.82662e-10
4.94328e-10
5.0542e-10
5.15967e-10
5.25996e-10
5.35532e-10
5.44602e-10
5.53227e-10
5.6143e-10
5.69232e-10
6.54425e-10
7.46473e-10
8.45446e-10
9.51227e-10
1.06343e-09
1.18134e-09
1.30375e-09
1.42894e-09
1.55448e-09
1.67716e-09
1.79297e-09
1.89708e-09
1.98398e-09
2.04785e-09
2.08305e-09
2.08488e-09
2.05038e-09
1.97918e-09
1.87396e-09
1.74043e-09
1.58666e-09
1.42177e-09
1.25456e-09
1.09239e-09
9.40496e-10
8.02061e-10
6.78503e-10
5.69966e-10
4.75764e-10
3.94733e-10
3.25476e-10
2.66533e-10
2.16481e-10
1.7399e-10
1.37847e-10
1.06964e-10
8.03664e-11
5.71773e-11
3.65855e-11
1.78037e-11
3.46113e-34
4.94693e-14
3.3304e-11
6.49707e-11
9.5111e-11
1.23792e-10
1.51078e-10
1.77033e-10
2.01718e-10
2.25193e-10
2.47514e-10
2.68738e-10
2.88916e-10
3.081e-10
3.26337e-10
3.43675e-10
3.60157e-10
3.75826e-10
3.90721e-10
4.04883e-10
4.18346e-10
4.31145e-10
4.43314e-10
4.54885e-10
4.65886e-10
4.76347e-10
4.86294e-10
4.95753e-10
5.04748e-10
5.13303e-10
5.21439e-10
5.29177e-10
5.36537e-10
6.16926e-10
7.03827e-10
7.97328e-10
8.97343e-10
1.00355e-09
1.1153e-09
1.23153e-09
1.35067e-09
1.47051e-09
1.58812e-09
1.69978e-09
1.80101e-09
1.88667e-09
1.95126e-09
1.98939e-09
1.9964e-09
1.96923e-09
1.90711e-09
1.8121e-09
1.68917e-09
1.54561e-09
1.38992e-09
1.23054e-09
1.07468e-09
9.27685e-10
7.92923e-10
6.72057e-10
5.65457e-10
4.72632e-10
3.92569e-10
3.23988e-10
2.65514e-10
2.15786e-10
1.73518e-10
1.37529e-10
1.06752e-10
8.02273e-11
5.70895e-11
3.65344e-11
1.77804e-11
3.80237e-34
4.63718e-14
3.12229e-11
6.09111e-11
8.91688e-11
1.16059e-10
1.41642e-10
1.65978e-10
1.89125e-10
2.11137e-10
2.32069e-10
2.51973e-10
2.70897e-10
2.88889e-10
3.05995e-10
3.22258e-10
3.37719e-10
3.52418e-10
3.66393e-10
3.79679e-10
3.92311e-10
4.04321e-10
4.1574e-10
4.26598e-10
4.36922e-10
4.4674e-10
4.56075e-10
4.64954e-10
4.73397e-10
4.81427e-10
4.89064e-10
4.96329e-10
5.03238e-10
5.78726e-10
6.60373e-10
7.48282e-10
8.42399e-10
9.42454e-10
1.04789e-09
1.15776e-09
1.27065e-09
1.38456e-09
1.49684e-09
1.60408e-09
1.70216e-09
1.78629e-09
1.85133e-09
1.89211e-09
1.90413e-09
1.88417e-09
1.83112e-09
1.74646e-09
1.6344e-09
1.50143e-09
1.3554e-09
1.20433e-09
1.05524e-09
9.13542e-10
7.82789e-10
6.64881e-10
5.60423e-10
4.69126e-10
3.90141e-10
3.22315e-10
2.64367e-10
2.15003e-10
1.72986e-10
1.3717e-10
1.06512e-10
8.00701e-11
5.69901e-11
3.64766e-11
1.7754e-11
2.34479e-34
4.58448e-14
3.08688e-11
6.02204e-11
8.81578e-11
1.14743e-10
1.40037e-10
1.64097e-10
1.86982e-10
2.08746e-10
2.29441e-10
2.4912e-10
2.67831e-10
2.8562e-10
3.02534e-10
3.18613e-10
3.33901e-10
3.48435e-10
3.62253e-10
3.7539e-10
3.8788e-10
3.99756e-10
4.11047e-10
4.21784e-10
4.31993e-10
4.41701e-10
4.50932e-10
4.59712e-10
4.68061e-10
4.76002e-10
4.83554e-10
4.90738e-10
4.97571e-10
5.72224e-10
6.52975e-10
7.3993e-10
8.33041e-10
9.32046e-10
1.0364e-09
1.14518e-09
1.25699e-09
1.36989e-09
1.48125e-09
1.58772e-09
1.68523e-09
1.76907e-09
1.83415e-09
1.87536e-09
1.88819e-09
1.86944e-09
1.81792e-09
1.73501e-09
1.6248e-09
1.49365e-09
1.3493e-09
1.19967e-09
1.05178e-09
9.11014e-10
7.80973e-10
6.63591e-10
5.59516e-10
4.68494e-10
3.89703e-10
3.22013e-10
2.64159e-10
2.14861e-10
1.7289e-10
1.37105e-10
1.06468e-10
8.00415e-11
5.69721e-11
3.64661e-11
1.77493e-11
2.18644e-34
4.32398e-14
2.91182e-11
5.68055e-11
8.31593e-11
1.08238e-10
1.32099e-10
1.54798e-10
1.76388e-10
1.96921e-10
2.16448e-10
2.35015e-10
2.52671e-10
2.69458e-10
2.85418e-10
3.00593e-10
3.15021e-10
3.28739e-10
3.41781e-10
3.54181e-10
3.65971e-10
3.77182e-10
3.87842e-10
3.97978e-10
4.07616e-10
4.16782e-10
4.25499e-10
4.33789e-10
4.41673e-10
4.49172e-10
4.56304e-10
4.63088e-10
4.69541e-10
5.40062e-10
6.1638e-10
6.98611e-10
7.86731e-10
8.80524e-10
9.79508e-10
1.08286e-09
1.18933e-09
1.29712e-09
1.40384e-09
1.50641e-09
1.60103e-09
1.68333e-09
1.74849e-09
1.79163e-09
1.80836e-09
1.79542e-09
1.75136e-09
1.6771e-09
1.57608e-09
1.45403e-09
1.31808e-09
1.17577e-09
1.03392e-09
8.97945e-10
7.71558e-10
6.56894e-10
5.548e-10
4.65198e-10
3.87415e-10
3.20433e-10
2.63074e-10
2.14119e-10
1.72385e-10
1.36763e-10
1.0624e-10
7.98919e-11
5.68775e-11
3.64111e-11
1.77242e-11
4.23189e-34
4.00949e-14
2.70044e-11
5.26822e-11
7.71237e-11
1.00383e-10
1.22514e-10
1.43568e-10
1.63595e-10
1.82642e-10
2.00756e-10
2.17982e-10
2.34362e-10
2.49938e-10
2.64748e-10
2.78829e-10
2.92219e-10
3.04949e-10
3.17054e-10
3.28564e-10
3.39508e-10
3.49915e-10
3.5981e-10
3.69221e-10
3.7817e-10
3.8668e-10
3.94774e-10
4.02472e-10
4.09794e-10
4.16758e-10
4.23382e-10
4.29683e-10
4.35677e-10
5.01196e-10
5.72145e-10
6.48649e-10
7.30714e-10
8.18171e-10
9.10616e-10
1.00734e-09
1.10724e-09
1.20874e-09
1.3097e-09
1.40734e-09
1.49823e-09
1.57836e-09
1.64329e-09
1.68842e-09
1.70953e-09
1.70332e-09
1.66805e-09
1.60411e-09
1.51425e-09
1.40335e-09
1.27786e-09
1.14476e-09
1.0106e-09
8.80768e-10
7.59121e-10
6.48009e-10
5.4852e-10
4.60797e-10
3.84352e-10
3.18314e-10
2.61615e-10
2.1312e-10
1.71704e-10
1.36303e-10
1.05932e-10
7.96899e-11
5.67497e-11
3.63367e-11
1.76902e-11
5.03577e-34
3.69603e-14
2.48972e-11
4.85715e-11
7.11065e-11
9.25525e-11
1.12959e-10
1.32372e-10
1.5084e-10
1.68405e-10
1.85111e-10
2.00998e-10
2.16107e-10
2.30474e-10
2.44136e-10
2.57126e-10
2.69479e-10
2.81225e-10
2.92394e-10
3.03015e-10
3.13115e-10
3.22719e-10
3.31852e-10
3.40538e-10
3.48799e-10
3.56655e-10
3.64127e-10
3.71233e-10
3.77993e-10
3.84423e-10
3.90539e-10
3.96358e-10
4.01893e-10
4.62414e-10
5.27992e-10
5.98762e-10
6.74754e-10
7.55844e-10
8.41703e-10
9.31728e-10
1.02497e-09
1.12004e-09
1.21505e-09
1.30754e-09
1.39442e-09
1.47205e-09
1.53635e-09
1.58306e-09
1.60813e-09
1.60826e-09
1.58149e-09
1.52771e-09
1.44898e-09
1.3494e-09
1.23466e-09
1.11116e-09
9.85137e-10
8.61886e-10
7.45366e-10
6.38132e-10
5.41508e-10
4.55866e-10
3.8091e-10
3.15926e-10
2.59968e-10
2.1199e-10
1.70933e-10
1.35781e-10
1.05583e-10
7.94603e-11
5.66044e-11
3.62521e-11
1.76516e-11
5.52748e-34
3.38603e-14
2.28127e-11
4.45052e-11
6.51543e-11
8.48061e-11
1.03506e-10
1.21297e-10
1.38221e-10
1.5432e-10
1.69632e-10
1.84195e-10
1.98045e-10
2.11216e-10
2.23741e-10
2.35652e-10
2.46978e-10
2.57749e-10
2.67992e-10
2.77733e-10
2.86996e-10
2.95805e-10
3.04183e-10
3.12151e-10
3.19729e-10
3.26937e-10
3.33792e-10
3.40313e-10
3.46516e-10
3.52417e-10
3.5803e-10
3.6337e-10
3.6845e-10
4.24014e-10
4.8426e-10
5.49331e-10
6.19278e-10
6.94019e-10
7.73293e-10
8.56598e-10
9.43123e-10
1.03168e-09
1.1206e-09
1.20773e-09
1.29032e-09
1.36512e-09
1.42839e-09
1.47621e-09
1.50475e-09
1.51075e-09
1.49206e-09
1.44816e-09
1.38043e-09
1.29222e-09
1.18844e-09
1.07489e-09
9.57418e-10
8.41173e-10
7.30176e-10
6.27161e-10
5.33683e-10
4.5034e-10
3.7704e-10
3.13234e-10
2.58107e-10
2.1071e-10
1.70059e-10
1.35189e-10
1.05185e-10
7.9199e-11
5.64389e-11
3.61556e-11
1.76075e-11
6.06534e-34
3.08197e-14
2.07677e-11
4.05159e-11
5.93145e-11
7.7206e-11
9.42312e-11
1.1043e-10
1.25841e-10
1.405e-10
1.54444e-10
1.67707e-10
1.80321e-10
1.92317e-10
2.03727e-10
2.14577e-10
2.24896e-10
2.34709e-10
2.44042e-10
2.52918e-10
2.61359e-10
2.69387e-10
2.77023e-10
2.84285e-10
2.91193e-10
2.97764e-10
3.04013e-10
3.09958e-10
3.15614e-10
3.20994e-10
3.26112e-10
3.30981e-10
3.35614e-10
3.86301e-10
4.41297e-10
5.00749e-10
5.64726e-10
6.33185e-10
7.05925e-10
7.82539e-10
8.62347e-10
9.44334e-10
1.02708e-09
1.10868e-09
1.18674e-09
1.25836e-09
1.32019e-09
1.36862e-09
1.40008e-09
1.41138e-09
1.40027e-09
1.36582e-09
1.30883e-09
1.23192e-09
1.13923e-09
1.0359e-09
9.27343e-10
8.18513e-10
7.13436e-10
6.14995e-10
5.24957e-10
4.4415e-10
3.72688e-10
3.10198e-10
2.56002e-10
2.0926e-10
1.69066e-10
1.34514e-10
1.04733e-10
7.89011e-11
5.625e-11
3.60455e-11
1.75572e-11
6.65317e-34
2.78629e-14
1.87786e-11
3.66356e-11
5.36344e-11
6.98133e-11
8.52097e-11
9.98593e-11
1.13797e-10
1.27056e-10
1.39669e-10
1.51666e-10
1.63078e-10
1.73931e-10
1.84254e-10
1.94072e-10
2.03409e-10
2.1229e-10
2.20737e-10
2.2877e-10
2.36411e-10
2.43678e-10
2.50591e-10
2.57166e-10
2.6342e-10
2.6937e-10
2.75029e-10
2.80413e-10
2.85535e-10
2.90407e-10
2.95043e-10
2.99454e-10
3.0365e-10
3.4958e-10
3.9945e-10
4.53408e-10
5.11539e-10
5.73833e-10
6.40143e-10
7.10148e-10
7.8329e-10
8.58718e-10
9.35223e-10
1.01118e-09
1.08449e-09
1.15261e-09
1.21257e-09
1.2611e-09
1.29487e-09
1.31085e-09
1.30668e-09
1.28115e-09
1.23452e-09
1.1687e-09
1.08709e-09
9.94168e-10
8.94839e-10
7.93801e-10
6.95033e-10
6.01526e-10
5.1524e-10
4.37221e-10
3.67796e-10
3.06772e-10
2.5362e-10
2.07615e-10
1.67938e-10
1.33747e-10
1.04217e-10
7.85611e-11
5.60343e-11
3.59196e-11
1.74997e-11
7.29494e-34
2.50134e-14
1.68612e-11
3.28951e-11
4.81589e-11
6.2687e-11
7.65129e-11
8.9669e-11
1.02186e-10
1.14095e-10
1.25424e-10
1.36201e-10
1.46452e-10
1.56203e-10
1.65477e-10
1.74299e-10
1.8269e-10
1.90671e-10
1.98262e-10
2.05483e-10
2.12351e-10
2.18884e-10
2.25098e-10
2.31009e-10
2.36633e-10
2.41982e-10
2.47071e-10
2.51913e-10
2.56519e-10
2.60902e-10
2.65071e-10
2.69039e-10
2.72813e-10
3.14144e-10
3.59051e-10
4.07685e-10
4.60142e-10
5.16438e-10
5.76476e-10
6.4001e-10
7.06592e-10
7.75522e-10
8.45788e-10
9.16012e-10
9.84403e-10
1.04874e-09
1.10642e-09
1.15451e-09
1.18996e-09
1.20991e-09
1.21197e-09
1.1947e-09
1.1579e-09
1.10283e-09
1.03218e-09
9.49735e-10
8.59867e-10
7.66953e-10
6.74865e-10
5.86651e-10
5.04437e-10
4.29475e-10
3.623e-10
3.02907e-10
2.50924e-10
2.05747e-10
1.66654e-10
1.32871e-10
1.03627e-10
7.81723e-11
5.57874e-11
3.57754e-11
1.74337e-11
7.99474e-34
2.2293e-14
1.50302e-11
2.93232e-11
4.293e-11
5.58815e-11
6.82075e-11
7.99369e-11
9.10976e-11
1.01716e-10
1.11819e-10
1.21429e-10
1.30572e-10
1.39269e-10
1.47541e-10
1.55411e-10
1.62896e-10
1.70017e-10
1.7679e-10
1.83233e-10
1.89362e-10
1.95193e-10
2.00739e-10
2.06015e-10
2.11035e-10
2.15811e-10
2.20354e-10
2.24677e-10
2.28789e-10
2.32703e-10
2.36426e-10
2.39969e-10
2.4334e-10
2.80264e-10
3.20414e-10
3.63936e-10
4.10934e-10
4.61447e-10
5.15421e-10
5.72675e-10
6.32859e-10
6.95409e-10
7.59493e-10
8.23961e-10
8.87298e-10
9.47606e-10
1.00261e-09
1.04973e-09
1.08622e-09
1.10938e-09
1.11688e-09
1.10711e-09
1.07948e-09
1.03468e-09
9.74721e-10
9.02704e-10
8.22436e-10
7.37916e-10
6.52842e-10
5.70271e-10
4.92452e-10
4.20826e-10
3.56131e-10
2.9855e-10
2.47872e-10
2.03627e-10
1.65192e-10
1.31873e-10
1.02954e-10
7.77273e-11
5.55044e-11
3.561e-11
1.7358e-11
8.75672e-34
1.97209e-14
1.32986e-11
2.5945e-11
3.79847e-11
4.94449e-11
6.03522e-11
7.07321e-11
8.06092e-11
9.00073e-11
9.89489e-11
1.07456e-10
1.15549e-10
1.23249e-10
1.30573e-10
1.37541e-10
1.4417e-10
1.50475e-10
1.56474e-10
1.62181e-10
1.6761e-10
1.72774e-10
1.77688e-10
1.82363e-10
1.8681e-10
1.91042e-10
1.95068e-10
1.98899e-10
2.02544e-10
2.06012e-10
2.09312e-10
2.12453e-10
2.15441e-10
2.48185e-10
2.83815e-10
3.22475e-10
3.64273e-10
4.09264e-10
4.5743e-10
5.08646e-10
5.62648e-10
6.18993e-10
6.77009e-10
7.35751e-10
7.93959e-10
8.50031e-10
9.02017e-10
9.47666e-10
9.84528e-10
1.01013e-09
1.02222e-09
1.01909e-09
9.99854e-10
9.64707e-10
9.15023e-10
8.53251e-10
7.82611e-10
7.06673e-10
6.289e-10
5.52297e-10
4.79194e-10
4.11191e-10
3.49216e-10
2.93641e-10
2.44419e-10
2.01219e-10
1.63527e-10
1.30733e-10
1.02183e-10
7.72172e-11
5.51796e-11
3.542e-11
1.7271e-11
9.58497e-34
1.73131e-14
1.16771e-11
2.27818e-11
3.3354e-11
4.34177e-11
5.29962e-11
6.21122e-11
7.07871e-11
7.90417e-11
8.6896e-11
9.43691e-11
1.01479e-10
1.08244e-10
1.14679e-10
1.20802e-10
1.26627e-10
1.32169e-10
1.37442e-10
1.42458e-10
1.4723e-10
1.51771e-10
1.56091e-10
1.60201e-10
1.64112e-10
1.67833e-10
1.71374e-10
1.74743e-10
1.77949e-10
1.80999e-10
1.83902e-10
1.86665e-10
1.89294e-10
2.18111e-10
2.49491e-10
2.83572e-10
3.20463e-10
3.60233e-10
4.0289e-10
4.48358e-10
4.96446e-10
5.46814e-10
5.98932e-10
6.52039e-10
7.05104e-10
7.56794e-10
8.05462e-10
8.49175e-10
8.85781e-10
9.13045e-10
9.28846e-10
9.31434e-10
9.19708e-10
8.93455e-10
8.53489e-10
8.01634e-10
7.40523e-10
6.73257e-10
6.03006e-10
5.3266e-10
4.64578e-10
4.00486e-10
3.41482e-10
2.88118e-10
2.40516e-10
1.98485e-10
1.6163e-10
1.2943e-10
1.01301e-10
7.66321e-11
5.48064e-11
3.52014e-11
1.71709e-11
1.04834e-33
1.50821e-14
1.01743e-11
1.985e-11
2.90619e-11
3.7831e-11
4.61779e-11
5.4122e-11
6.16822e-11
6.88766e-11
7.57226e-11
8.22367e-11
8.84348e-11
9.43323e-11
9.99434e-11
1.05282e-10
1.10362e-10
1.15195e-10
1.19793e-10
1.24168e-10
1.28331e-10
1.32292e-10
1.3606e-10
1.39647e-10
1.43059e-10
1.46306e-10
1.49396e-10
1.52336e-10
1.55134e-10
1.57797e-10
1.60331e-10
1.62742e-10
1.65037e-10
1.90202e-10
2.17626e-10
2.47437e-10
2.79746e-10
3.14628e-10
3.52114e-10
3.92165e-10
4.34652e-10
4.79322e-10
5.25769e-10
5.73391e-10
6.2136e-10
6.68586e-10
7.13701e-10
7.55069e-10
7.9083e-10
8.18997e-10
8.37614e-10
8.44957e-10
8.39783e-10
8.21554e-10
7.90609e-10
7.48199e-10
6.96379e-10
6.3776e-10
5.75169e-10
5.11315e-10
4.48534e-10
3.88633e-10
3.32854e-10
2.81917e-10
2.36109e-10
1.95385e-10
1.59471e-10
1.27942e-10
1.0029e-10
7.59604e-11
5.43774e-11
3.49498e-11
1.70555e-11
1.14556e-33
1.30361e-14
8.79572e-12
1.71606e-11
2.51246e-11
3.27062e-11
3.9923e-11
4.67919e-11
5.33293e-11
5.95507e-11
6.54712e-11
7.11051e-11
7.64662e-11
8.15674e-11
8.64215e-11
9.10402e-11
9.54351e-11
9.96168e-11
1.03596e-10
1.07382e-10
1.10985e-10
1.14413e-10
1.17675e-10
1.2078e-10
1.23734e-10
1.26545e-10
1.2922e-10
1.31766e-10
1.34189e-10
1.36495e-10
1.38689e-10
1.40778e-10
1.42766e-10
1.64569e-10
1.88348e-10
2.14221e-10
2.42294e-10
2.72648e-10
3.05329e-10
3.40328e-10
3.77565e-10
4.16861e-10
4.57913e-10
5.00258e-10
5.43242e-10
5.85991e-10
6.27387e-10
6.66069e-10
7.00457e-10
7.28817e-10
7.49378e-10
7.60499e-10
7.60864e-10
7.49703e-10
7.26958e-10
6.93376e-10
6.50468e-10
6.00344e-10
5.45447e-10
4.88253e-10
4.31011e-10
3.75562e-10
3.23259e-10
2.74972e-10
2.31142e-10
1.91872e-10
1.57013e-10
1.26243e-10
9.91325e-11
7.5189e-11
5.38836e-11
3.46598e-11
1.69223e-11
1.25045e-33
1.11794e-14
7.54436e-12
1.47192e-11
2.15505e-11
2.8054e-11
3.42448e-11
4.01375e-11
4.5746e-11
5.10839e-11
5.61639e-11
6.09983e-11
6.55989e-11
6.99769e-11
7.4143e-11
7.81075e-11
8.18801e-11
8.547e-11
8.88862e-11
9.2137e-11
9.52306e-11
9.81745e-11
1.00976e-10
1.03642e-10
1.06179e-10
1.08594e-10
1.10892e-10
1.13079e-10
1.15161e-10
1.17142e-10
1.19028e-10
1.20822e-10
1.22531e-10
1.41273e-10
1.61728e-10
1.84005e-10
2.08204e-10
2.34408e-10
2.62671e-10
2.93008e-10
3.25378e-10
3.59661e-10
3.9564e-10
4.32966e-10
4.71136e-10
5.09463e-10
5.47051e-10
5.82786e-10
6.1535e-10
6.43258e-10
6.64944e-10
6.78882e-10
6.83757e-10
6.78643e-10
6.63178e-10
6.37678e-10
6.0316e-10
5.61244e-10
5.13963e-10
4.63509e-10
4.11988e-10
3.61222e-10
3.12634e-10
2.67217e-10
2.25558e-10
1.879e-10
1.5422e-10
1.24303e-10
9.78064e-11
7.4303e-11
5.33153e-11
3.43254e-11
1.67687e-11
1.36321e-33
9.5121e-15
6.42034e-12
1.25263e-11
1.83401e-11
2.3875e-11
2.9144e-11
3.41596e-11
3.89336e-11
4.34774e-11
4.78021e-11
5.19179e-11
5.5835e-11
5.95627e-11
6.31104e-11
6.64865e-11
6.96995e-11
7.27571e-11
7.5667e-11
7.84362e-11
8.10717e-11
8.35798e-11
8.59668e-11
8.82386e-11
9.04007e-11
9.24584e-11
9.44169e-11
9.6281e-11
9.80553e-11
9.9744e-11
1.01351e-10
1.02881e-10
1.04338e-10
1.20322e-10
1.37779e-10
1.56807e-10
1.775e-10
1.99939e-10
2.24185e-10
2.50267e-10
2.78174e-10
3.07833e-10
3.39094e-10
3.71706e-10
4.0529e-10
4.39317e-10
4.73083e-10
5.05696e-10
5.36075e-10
5.62973e-10
5.85035e-10
6.00883e-10
6.09252e-10
6.09137e-10
5.9996e-10
5.8169e-10
5.54908e-10
5.20774e-10
4.80904e-10
4.3717e-10
3.9148e-10
3.45582e-10
3.00927e-10
2.58596e-10
2.19301e-10
1.83419e-10
1.51051e-10
1.22092e-10
9.62886e-11
7.32857e-11
5.2661e-11
3.39398e-11
1.65913e-11
1.48393e-33
8.03048e-15
5.42123e-12
1.05771e-11
1.54863e-11
2.01602e-11
2.46098e-11
2.88456e-11
3.28775e-11
3.67153e-11
4.03681e-11
4.38449e-11
4.71539e-11
5.03032e-11
5.33006e-11
5.61533e-11
5.88683e-11
6.14522e-11
6.39114e-11
6.62519e-11
6.84795e-11
7.05996e-11
7.26175e-11
7.45381e-11
7.6366e-11
7.81059e-11
7.9762e-11
8.13383e-11
8.28387e-11
8.42669e-11
8.56264e-11
8.69205e-11
8.81523e-11
1.01677e-10
1.16457e-10
1.32582e-10
1.50137e-10
1.69198e-10
1.89828e-10
2.12069e-10
2.35928e-10
2.61369e-10
2.88297e-10
3.16535e-10
3.45808e-10
3.75718e-10
4.05724e-10
4.35125e-10
4.63054e-10
4.88485e-10
5.10269e-10
5.27196e-10
5.38091e-10
5.41939e-10
5.38022e-10
5.26048e-10
5.06234e-10
4.79327e-10
4.46534e-10
4.09386e-10
3.69549e-10
3.28647e-10
2.88105e-10
2.49059e-10
2.12318e-10
1.7838e-10
1.47464e-10
1.19576e-10
9.45538e-11
7.21186e-11
5.19083e-11
3.34952e-11
1.63864e-11
1.6125e-33
6.72745e-15
4.54233e-12
8.86237e-12
1.29758e-11
1.68923e-11
2.06209e-11
2.41705e-11
2.75494e-11
3.07659e-11
3.38275e-11
3.67417e-11
3.95154e-11
4.21556e-11
4.46684e-11
4.70601e-11
4.93366e-11
5.15033e-11
5.35655e-11
5.55284e-11
5.73966e-11
5.91749e-11
6.08675e-11
6.24786e-11
6.40121e-11
6.54717e-11
6.68612e-11
6.81838e-11
6.94428e-11
7.06412e-11
7.17821e-11
7.28681e-11
7.39019e-11
8.5256e-11
9.76724e-11
1.11229e-10
1.26003e-10
1.42066e-10
1.59479e-10
1.78288e-10
1.98518e-10
2.20157e-10
2.4315e-10
2.6738e-10
2.92655e-10
3.18682e-10
3.45058e-10
3.71243e-10
3.96554e-10
4.20167e-10
4.4113e-10
4.58405e-10
4.7094e-10
4.77757e-10
4.78073e-10
4.71414e-10
4.57714e-10
4.37362e-10
4.11186e-10
3.8037e-10
3.4631e-10
3.10455e-10
2.7416e-10
2.38571e-10
2.04564e-10
1.72736e-10
1.43419e-10
1.1672e-10
9.25746e-11
7.07815e-11
5.1043e-11
3.29828e-11
1.615e-11
1.74857e-33
5.59314e-15
3.77704e-12
7.36929e-12
1.07898e-11
1.40467e-11
1.71474e-11
2.00993e-11
2.29096e-11
2.55848e-11
2.81313e-11
3.05554e-11
3.28628e-11
3.50592e-11
3.71498e-11
3.91398e-11
4.10339e-11
4.28369e-11
4.45531e-11
4.61866e-11
4.77416e-11
4.92217e-11
5.06306e-11
5.19717e-11
5.32483e-11
5.44635e-11
5.56203e-11
5.67216e-11
5.77699e-11
5.87678e-11
5.97179e-11
6.06223e-11
6.14833e-11
7.0942e-11
8.12918e-11
9.26011e-11
1.04938e-10
1.18366e-10
1.32946e-10
1.48726e-10
1.65736e-10
1.83985e-10
2.03448e-10
2.24052e-10
2.45668e-10
2.68091e-10
2.91024e-10
3.14063e-10
3.36684e-10
3.58237e-10
3.77952e-10
3.94963e-10
4.08353e-10
4.17222e-10
4.20782e-10
4.18451e-10
4.09955e-10
3.95394e-10
3.75261e-10
3.50406e-10
3.21937e-10
2.91097e-10
2.5912e-10
2.2712e-10
1.96006e-10
1.66449e-10
1.38874e-10
1.1349e-10
9.03223e-11
6.92526e-11
5.00498e-11
3.2393e-11
1.58774e-11
1.89147e-33
4.6155e-15
3.1173e-12
6.08212e-12
8.90529e-12
1.15934e-11
1.41528e-11
1.65894e-11
1.89092e-11
2.11176e-11
2.32199e-11
2.52213e-11
2.71264e-11
2.89399e-11
3.06663e-11
3.23096e-11
3.38739e-11
3.5363e-11
3.67804e-11
3.81297e-11
3.94142e-11
4.06369e-11
4.18008e-11
4.29088e-11
4.39636e-11
4.49677e-11
4.59236e-11
4.68336e-11
4.76999e-11
4.85246e-11
4.93098e-11
5.00573e-11
5.0769e-11
5.85891e-11
6.71508e-11
7.6513e-11
8.67348e-11
9.78742e-11
1.09986e-10
1.23117e-10
1.37303e-10
1.52565e-10
1.68897e-10
1.86261e-10
2.04575e-10
2.237e-10
2.43425e-10
2.63456e-10
2.83399e-10
3.02753e-10
3.20912e-10
3.3717e-10
3.50752e-10
3.60862e-10
3.66748e-10
3.67786e-10
3.63567e-10
3.53973e-10
3.39215e-10
3.19838e-10
2.96667e-10
2.70711e-10
2.4305e-10
2.14721e-10
1.86628e-10
1.59485e-10
1.33793e-10
1.0985e-10
8.77681e-11
6.75092e-11
4.89124e-11
3.17153e-11
1.55635e-11
2.04012e-33
3.78102e-15
2.55404e-12
4.98318e-12
7.2963e-12
9.49882e-12
1.15959e-11
1.35926e-11
1.54935e-11
1.73033e-11
1.90262e-11
2.06664e-11
2.22279e-11
2.37143e-11
2.51294e-11
2.64765e-11
2.77589e-11
2.89797e-11
3.01419e-11
3.12482e-11
3.23014e-11
3.3304e-11
3.42585e-11
3.51672e-11
3.60322e-11
3.68558e-11
3.76398e-11
3.83863e-11
3.90969e-11
3.97735e-11
4.04176e-11
4.10308e-11
4.16147e-11
4.80321e-11
5.50619e-11
6.27541e-11
7.11595e-11
8.03292e-11
9.03122e-11
1.01153e-10
1.1289e-10
1.25548e-10
1.39136e-10
1.5364e-10
1.69012e-10
1.85163e-10
2.01948e-10
2.1916e-10
2.3651e-10
2.53624e-10
2.70031e-10
2.85174e-10
2.98415e-10
3.09074e-10
3.16468e-10
3.19982e-10
3.19134e-10
3.13654e-10
3.03537e-10
2.89065e-10
2.70793e-10
2.49494e-10
2.26063e-10
2.01424e-10
1.76438e-10
1.51829e-10
1.2815e-10
1.05771e-10
8.48838e-11
6.55283e-11
4.76135e-11
3.09386e-11
1.52028e-11
2.19291e-33
3.07536e-15
2.07763e-12
4.05369e-12
5.9354e-12
7.72717e-12
9.43324e-12
1.10576e-11
1.26042e-11
1.40767e-11
1.54786e-11
1.68132e-11
1.80839e-11
1.92935e-11
2.04452e-11
2.15415e-11
2.25853e-11
2.35789e-11
2.45249e-11
2.54255e-11
2.62829e-11
2.70991e-11
2.78762e-11
2.86161e-11
2.93204e-11
2.9991e-11
3.06295e-11
3.12373e-11
3.1816e-11
3.2367e-11
3.28916e-11
3.33911e-11
3.38666e-11
3.90948e-11
4.48246e-11
5.10981e-11
5.79587e-11
6.54503e-11
7.36162e-11
8.24974e-11
9.21302e-11
1.02543e-10
1.13754e-10
1.25763e-10
1.38548e-10
1.52054e-10
1.6619e-10
1.8081e-10
1.95712e-10
2.1062e-10
2.25183e-10
2.38968e-10
2.51467e-10
2.62115e-10
2.7032e-10
2.75508e-10
2.77179e-10
2.74974e-10
2.6873e-10
2.58519e-10
2.4466e-10
2.27694e-10
2.08319e-10
1.87318e-10
1.65472e-10
1.43483e-10
1.21928e-10
1.01228e-10
8.16442e-11
6.32875e-11
4.61359e-11
3.00512e-11
1.47896e-11
2.34762e-33
2.48397e-15
1.67829e-12
3.27455e-12
4.79461e-12
6.24206e-12
7.62031e-12
8.93263e-12
1.01821e-11
1.13718e-11
1.25045e-11
1.35829e-11
1.46096e-11
1.55871e-11
1.65177e-11
1.74038e-11
1.82473e-11
1.90504e-11
1.9815e-11
2.0543e-11
2.1236e-11
2.18958e-11
2.25241e-11
2.31222e-11
2.36916e-11
2.42338e-11
2.475e-11
2.52415e-11
2.57094e-11
2.6155e-11
2.65792e-11
2.69831e-11
2.73677e-11
3.15967e-11
3.62335e-11
4.13132e-11
4.68721e-11
5.29477e-11
5.95774e-11
6.67977e-11
7.46424e-11
8.31407e-11
9.23138e-11
1.02172e-10
1.12709e-10
1.23897e-10
1.35678e-10
1.47959e-10
1.60599e-10
1.73404e-10
1.86115e-10
1.98407e-10
2.09885e-10
2.20097e-10
2.28544e-10
2.34719e-10
2.38142e-10
2.38417e-10
2.3528e-10
2.2865e-10
2.18648e-10
2.05606e-10
1.90028e-10
1.72536e-10
1.53802e-10
1.34475e-10
1.15127e-10
9.62072e-11
7.80293e-11
6.0767e-11
4.44631e-11
2.90418e-11
1.43181e-11
2.50125e-33
1.99255e-15
1.34641e-12
2.62702e-12
3.84652e-12
5.00778e-12
6.11356e-12
7.16646e-12
8.169e-12
9.12356e-12
1.00324e-11
1.08978e-11
1.17217e-11
1.25062e-11
1.3253e-11
1.39641e-11
1.46412e-11
1.52858e-11
1.58995e-11
1.64838e-11
1.70402e-11
1.75699e-11
1.80742e-11
1.85544e-11
1.90116e-11
1.94469e-11
1.98613e-11
2.0256e-11
2.06317e-11
2.09895e-11
2.13302e-11
2.16546e-11
2.19634e-11
2.53603e-11
2.90862e-11
3.31701e-11
3.76421e-11
4.25337e-11
4.78767e-11
5.37029e-11
6.00426e-11
6.69236e-11
7.43686e-11
8.23929e-11
9.10007e-11
1.00181e-10
1.09903e-10
1.20107e-10
1.307e-10
1.4155e-10
1.52471e-10
1.63226e-10
1.73516e-10
1.82989e-10
1.91241e-10
1.9784e-10
2.02354e-10
2.04389e-10
2.03631e-10
1.99895e-10
1.93155e-10
1.83563e-10
1.71442e-10
1.57252e-10
1.41535e-10
1.24862e-10
1.07768e-10
9.0707e-11
7.40268e-11
5.7951e-11
4.25805e-11
2.78995e-11
1.37826e-11
2.64995e-33
1.58753e-15
1.07283e-12
2.09323e-12
3.06496e-12
3.9903e-12
4.87144e-12
5.71047e-12
6.50939e-12
7.2701e-12
7.99443e-12
8.68409e-12
9.34076e-12
9.96599e-12
1.05613e-11
1.11281e-11
1.16678e-11
1.21816e-11
1.26709e-11
1.31367e-11
1.35803e-11
1.40026e-11
1.44047e-11
1.47875e-11
1.51521e-11
1.54992e-11
1.58297e-11
1.61444e-11
1.6444e-11
1.67294e-11
1.7001e-11
1.72597e-11
1.75061e-11
2.02157e-11
2.31889e-11
2.64492e-11
3.00214e-11
3.39315e-11
3.82063e-11
4.28729e-11
4.79578e-11
5.34861e-11
5.94803e-11
6.59577e-11
7.29285e-11
8.03927e-11
8.83359e-11
9.67243e-11
1.055e-10
1.14573e-10
1.23818e-10
1.33065e-10
1.42094e-10
1.50637e-10
1.58379e-10
1.64968e-10
1.7003e-10
1.73201e-10
1.74157e-10
1.72656e-10
1.68569e-10
1.61912e-10
1.52848e-10
1.41681e-10
1.2882e-10
1.14733e-10
9.98955e-11
8.47436e-11
6.96357e-11
5.48303e-11
4.04771e-11
2.66151e-11
1.31782e-11
2.78887e-33
1.25627e-15
8.4904e-13
1.65659e-12
2.42563e-12
3.15797e-12
3.85535e-12
4.51941e-12
5.15174e-12
5.75385e-12
6.32718e-12
6.87308e-12
7.39288e-12
7.88782e-12
8.35909e-12
8.80781e-12
9.23506e-12
9.64188e-12
1.00292e-11
1.03981e-11
1.07493e-11
1.10837e-11
1.14021e-11
1.17052e-11
1.19939e-11
1.22688e-11
1.25305e-11
1.27797e-11
1.30171e-11
1.3243e-11
1.34582e-11
1.36631e-11
1.38582e-11
1.60047e-11
1.83608e-11
2.09454e-11
2.37787e-11
2.6882e-11
3.02774e-11
3.39877e-11
3.80355e-11
4.2443e-11
4.72308e-11
5.24165e-11
5.80132e-11
6.40271e-11
7.04548e-11
7.72795e-11
8.4467e-11
9.19607e-11
9.96763e-11
1.07496e-10
1.15264e-10
1.22783e-10
1.29812e-10
1.36073e-10
1.41259e-10
1.45052e-10
1.47145e-10
1.47274e-10
1.45254e-10
1.40999e-10
1.34549e-10
1.26069e-10
1.15837e-10
1.04209e-10
9.15844e-11
7.83547e-11
6.48696e-11
5.14052e-11
3.81471e-11
2.51825e-11
1.25008e-11
2.91219e-33
9.87307e-16
6.67311e-13
1.30202e-12
1.90646e-12
2.48207e-12
3.0302e-12
3.55217e-12
4.0492e-12
4.52249e-12
4.97316e-12
5.40229e-12
5.81091e-12
6.2e-12
6.57049e-12
6.92327e-12
7.25918e-12
7.57903e-12
7.88359e-12
8.17359e-12
8.44973e-12
8.71267e-12
8.96304e-12
9.20145e-12
9.42846e-12
9.64463e-12
9.85047e-12
1.00465e-11
1.02331e-11
1.04108e-11
1.05801e-11
1.07412e-11
1.08947e-11
1.25832e-11
1.44371e-11
1.64716e-11
1.87028e-11
2.1148e-11
2.38253e-11
2.67533e-11
2.99512e-11
3.34379e-11
3.72316e-11
4.13491e-11
4.5804e-11
5.06059e-11
5.57577e-11
6.12535e-11
6.70754e-11
7.31894e-11
7.95415e-11
8.6053e-11
9.26159e-11
9.90886e-11
1.05294e-10
1.11019e-10
1.1602e-10
1.20031e-10
1.22781e-10
1.24013e-10
1.23516e-10
1.21146e-10
1.16849e-10
1.1068e-10
1.02797e-10
9.34462e-11
8.29369e-11
7.16013e-11
5.97597e-11
4.76877e-11
3.55923e-11
2.35993e-11
1.17484e-11
3.0131e-33
7.70415e-16
5.20749e-13
1.01606e-12
1.48776e-12
1.93695e-12
2.36472e-12
2.77207e-12
3.15997e-12
3.52934e-12
3.88108e-12
4.21601e-12
4.53494e-12
4.83863e-12
5.12782e-12
5.40318e-12
5.66539e-12
5.91506e-12
6.15281e-12
6.3792e-12
6.59477e-12
6.80005e-12
6.99551e-12
7.18164e-12
7.35888e-12
7.52765e-12
7.68837e-12
7.8414e-12
7.98713e-12
8.1259e-12
8.25805e-12
8.38389e-12
8.50372e-12
9.8224e-12
1.12706e-11
1.28603e-11
1.46045e-11
1.65169e-11
1.8612e-11
2.09051e-11
2.3412e-11
2.61484e-11
2.91301e-11
3.2372e-11
3.58873e-11
3.96866e-11
4.37763e-11
4.8157e-11
5.28212e-11
5.77501e-11
6.29111e-11
6.82533e-11
7.37041e-11
7.91652e-11
8.45095e-11
8.95792e-11
9.41869e-11
9.81198e-11
1.01149e-10
1.03046e-10
1.03596e-10
1.02628e-10
1.00032e-10
9.57778e-11
8.99259e-11
8.2622e-11
7.40826e-11
6.45693e-11
5.43573e-11
4.37043e-11
3.28241e-11
2.18689e-11
1.09213e-11
3.084e-33
5.96646e-16
4.03315e-13
7.86929e-13
1.15226e-12
1.50017e-12
1.83148e-12
2.14698e-12
2.44743e-12
2.73353e-12
3.00597e-12
3.26541e-12
3.51245e-12
3.7477e-12
3.97171e-12
4.18502e-12
4.38815e-12
4.58157e-12
4.76576e-12
4.94115e-12
5.10816e-12
5.2672e-12
5.41864e-12
5.56285e-12
5.70018e-12
5.83095e-12
5.95548e-12
6.07406e-12
6.18698e-12
6.29451e-12
6.39691e-12
6.49442e-12
6.58728e-12
7.60926e-12
8.73185e-12
9.96448e-12
1.13173e-11
1.28013e-11
1.44279e-11
1.62095e-11
1.81586e-11
2.02885e-11
2.26122e-11
2.51425e-11
2.78914e-11
3.08693e-11
3.40842e-11
3.75401e-11
4.12356e-11
4.5162e-11
4.93007e-11
5.36206e-11
5.80744e-11
6.25959e-11
6.70963e-11
7.14621e-11
7.55539e-11
7.92075e-11
8.22387e-11
8.44513e-11
8.56509e-11
8.5661e-11
8.43425e-11
8.16117e-11
7.74543e-11
7.1931e-11
6.51732e-11
5.73677e-11
4.87342e-11
3.94981e-11
2.98652e-11
2.00017e-11
1.00232e-11
3.11676e-33
4.58273e-16
3.09794e-13
6.04457e-13
8.85076e-13
1.15232e-12
1.40681e-12
1.64917e-12
1.87996e-12
2.09974e-12
2.30902e-12
2.50832e-12
2.69811e-12
2.87883e-12
3.05093e-12
3.21481e-12
3.37087e-12
3.51947e-12
3.66098e-12
3.79574e-12
3.92406e-12
4.04626e-12
4.16262e-12
4.27343e-12
4.37895e-12
4.47944e-12
4.57513e-12
4.66625e-12
4.75302e-12
4.83565e-12
4.91435e-12
4.98928e-12
5.06064e-12
5.84609e-12
6.70903e-12
7.65678e-12
8.69727e-12
9.83901e-12
1.10911e-11
1.24632e-11
1.39655e-11
1.56085e-11
1.74029e-11
1.93595e-11
2.14886e-11
2.37998e-11
2.6301e-11
2.89979e-11
3.18926e-11
3.49824e-11
3.8258e-11
4.17011e-11
4.52824e-11
4.89585e-11
5.26694e-11
5.63356e-11
5.98563e-11
6.31091e-11
6.59508e-11
6.82223e-11
6.97563e-11
7.03887e-11
6.99732e-11
6.83975e-11
6.55981e-11
6.15707e-11
5.63741e-11
5.01244e-11
4.29814e-11
3.51285e-11
2.6751e-11
1.8016e-11
9.06159e-12
3.10325e-33
3.48719e-16
2.35745e-13
4.59976e-13
6.73522e-13
8.76888e-13
1.07056e-12
1.25499e-12
1.43062e-12
1.59788e-12
1.75716e-12
1.90883e-12
2.05327e-12
2.19081e-12
2.32179e-12
2.44652e-12
2.5653e-12
2.6784e-12
2.78611e-12
2.88868e-12
2.98636e-12
3.07937e-12
3.16794e-12
3.25229e-12
3.33261e-12
3.4091e-12
3.48194e-12
3.55131e-12
3.61736e-12
3.68027e-12
3.74017e-12
3.79722e-12
3.85155e-12
4.44955e-12
5.10664e-12
5.82846e-12
6.62112e-12
7.49119e-12
8.44573e-12
9.49227e-12
1.06388e-11
1.18936e-11
1.32654e-11
1.47628e-11
1.63946e-11
1.81689e-11
2.00932e-11
2.21734e-11
2.44134e-11
2.68137e-11
2.93707e-11
3.20746e-11
3.49079e-11
3.78434e-11
4.08414e-11
4.3848e-11
4.67923e-11
4.95857e-11
5.21207e-11
5.42734e-11
5.5907e-11
5.6879e-11
5.70514e-11
5.63034e-11
5.45444e-11
5.17266e-11
4.78527e-11
4.29781e-11
3.72049e-11
3.06702e-11
2.35293e-11
1.59392e-11
8.0483e-12
3.03593e-33
2.62441e-16
1.77424e-13
3.46184e-13
5.06902e-13
6.59959e-13
8.0572e-13
9.44531e-13
1.07672e-12
1.20261e-12
1.32249e-12
1.43665e-12
1.54536e-12
1.64889e-12
1.74748e-12
1.84137e-12
1.93077e-12
2.01591e-12
2.09699e-12
2.1742e-12
2.24772e-12
2.31774e-12
2.38442e-12
2.44792e-12
2.50838e-12
2.56597e-12
2.6208e-12
2.67302e-12
2.72275e-12
2.77011e-12
2.81521e-12
2.85816e-12
2.89906e-12
3.34931e-12
3.84411e-12
4.38776e-12
4.98488e-12
5.64049e-12
6.35999e-12
7.14916e-12
8.01417e-12
8.9615e-12
9.99791e-12
1.11304e-11
1.23659e-11
1.37113e-11
1.5173e-11
1.67567e-11
1.84665e-11
2.03049e-11
2.22712e-11
2.4361e-11
2.65645e-11
2.88652e-11
3.12377e-11
3.36465e-11
3.6043e-11
3.83648e-11
4.0534e-11
4.24571e-11
4.40272e-11
4.51273e-11
4.56366e-11
4.544e-11
4.44378e-11
4.2558e-11
3.97655e-11
3.60683e-11
3.15189e-11
2.62087e-11
2.02583e-11
1.3806e-11
6.99936e-12
2.90856e-33
1.94806e-16
1.31704e-13
2.56976e-13
3.76279e-13
4.89896e-13
5.98097e-13
7.0114e-13
7.9927e-13
8.9272e-13
9.81714e-13
1.06646e-12
1.14717e-12
1.22403e-12
1.29722e-12
1.36692e-12
1.43329e-12
1.4965e-12
1.55669e-12
1.61402e-12
1.6686e-12
1.72059e-12
1.77009e-12
1.81724e-12
1.86213e-12
1.90489e-12
1.9456e-12
1.98437e-12
2.0213e-12
2.05646e-12
2.08995e-12
2.12184e-12
2.15221e-12
2.48655e-12
2.85402e-12
3.25781e-12
3.7014e-12
4.18856e-12
4.72334e-12
5.31011e-12
5.95354e-12
6.65858e-12
7.43042e-12
8.27448e-12
9.19625e-12
1.02012e-11
1.12948e-11
1.24817e-11
1.37661e-11
1.51508e-11
1.6637e-11
1.82232e-11
1.99043e-11
2.16708e-11
2.35072e-11
2.53904e-11
2.72882e-11
2.91579e-11
3.09444e-11
3.25798e-11
3.39836e-11
3.5064e-11
3.57218e-11
3.58558e-11
3.53704e-11
3.41851e-11
3.22437e-11
2.95226e-11
2.60353e-11
2.18334e-11
1.70028e-11
1.16573e-11
5.93414e-12
2.71676e-33
1.41961e-16
9.59788e-14
1.87271e-13
2.74213e-13
3.57012e-13
4.35865e-13
5.10959e-13
5.82473e-13
6.50577e-13
7.15434e-13
7.77198e-13
8.36017e-13
8.92031e-13
9.45373e-13
9.96171e-13
1.04455e-12
1.09061e-12
1.13449e-12
1.17627e-12
1.21605e-12
1.25394e-12
1.29002e-12
1.32438e-12
1.35711e-12
1.38827e-12
1.41795e-12
1.44621e-12
1.47312e-12
1.49876e-12
1.52316e-12
1.54641e-12
1.56855e-12
1.81227e-12
2.08016e-12
2.37457e-12
2.69805e-12
3.05336e-12
3.44349e-12
3.87168e-12
4.34138e-12
4.85628e-12
5.42028e-12
6.03745e-12
6.712e-12
7.4482e-12
8.25023e-12
9.12209e-12
1.00673e-11
1.10887e-11
1.2188e-11
1.33653e-11
1.46184e-11
1.59421e-11
1.73272e-11
1.87592e-11
2.02174e-11
2.16731e-11
2.30888e-11
2.44166e-11
2.5598e-11
2.65645e-11
2.72383e-11
2.75364e-11
2.73754e-11
2.6678e-11
2.53809e-11
2.3443e-11
2.0852e-11
1.76285e-11
1.38272e-11
9.53565e-12
4.87351e-12
2.4582e-33
1.00689e-16
6.80763e-14
1.32828e-13
1.94496e-13
2.53224e-13
3.09154e-13
3.62418e-13
4.13143e-13
4.6145e-13
5.07454e-13
5.51264e-13
5.92986e-13
6.32718e-13
6.70555e-13
7.06588e-13
7.40903e-13
7.73582e-13
8.04702e-13
8.34338e-13
8.62562e-13
8.89439e-13
9.15035e-13
9.39411e-13
9.62624e-13
9.84731e-13
1.00578e-12
1.02583e-12
1.04493e-12
1.06311e-12
1.08043e-12
1.09692e-12
1.11262e-12
1.28553e-12
1.4756e-12
1.68451e-12
1.91406e-12
2.16625e-12
2.44321e-12
2.74725e-12
3.08086e-12
3.4467e-12
3.84761e-12
4.28656e-12
4.76663e-12
5.291e-12
5.86284e-12
6.48523e-12
7.16101e-12
7.89261e-12
8.68179e-12
9.5293e-12
1.04345e-11
1.13947e-11
1.24047e-11
1.34558e-11
1.4535e-11
1.56237e-11
1.6697e-11
1.77224e-11
1.86593e-11
1.94583e-11
2.0062e-11
2.04065e-11
2.04243e-11
2.00489e-11
1.92204e-11
1.78925e-11
1.60392e-11
1.36605e-11
1.07864e-11
7.47933e-12
3.83692e-12
2.13187e-33
6.82618e-17
4.61528e-14
9.0052e-14
1.3186e-13
1.71676e-13
2.09594e-13
2.45705e-13
2.80096e-13
3.12846e-13
3.44036e-13
3.73738e-13
4.02025e-13
4.28963e-13
4.54616e-13
4.79047e-13
5.02312e-13
5.24469e-13
5.45568e-13
5.65662e-13
5.84798e-13
6.03022e-13
6.20377e-13
6.36904e-13
6.52644e-13
6.67633e-13
6.81907e-13
6.95502e-13
7.08448e-13
7.20777e-13
7.32518e-13
7.437e-13
7.54349e-13
8.71593e-13
1.00048e-12
1.14216e-12
1.29785e-12
1.46892e-12
1.65681e-12
1.86311e-12
2.08953e-12
2.3379e-12
2.61016e-12
2.90838e-12
3.23472e-12
3.59139e-12
3.98066e-12
4.40474e-12
4.86575e-12
5.36556e-12
5.90567e-12
6.48696e-12
7.10947e-12
7.77201e-12
8.47176e-12
9.20367e-12
9.95988e-12
1.0729e-11
1.14951e-11
1.22373e-11
1.29286e-11
1.35357e-11
1.40185e-11
1.43314e-11
1.44243e-11
1.42453e-11
1.37449e-11
1.2881e-11
1.16244e-11
9.96441e-12
7.91403e-12
5.5142e-12
2.83826e-12
1.73593e-33
4.22693e-17
2.85792e-14
5.5763e-14
8.16517e-14
1.06307e-13
1.29787e-13
1.52149e-13
1.73445e-13
1.93725e-13
2.13039e-13
2.31432e-13
2.48949e-13
2.6563e-13
2.81516e-13
2.96645e-13
3.11052e-13
3.24773e-13
3.37839e-13
3.50283e-13
3.62133e-13
3.73419e-13
3.84166e-13
3.94401e-13
4.04148e-13
4.13431e-13
4.22271e-13
4.3069e-13
4.38707e-13
4.46342e-13
4.53614e-13
4.60539e-13
4.67134e-13
5.39745e-13
6.19572e-13
7.07322e-13
8.03762e-13
9.0973e-13
1.02614e-12
1.15397e-12
1.29428e-12
1.44824e-12
1.61704e-12
1.802e-12
2.00447e-12
2.22587e-12
2.46764e-12
2.73122e-12
3.018e-12
3.32925e-12
3.66603e-12
4.02908e-12
4.41862e-12
4.83423e-12
5.27448e-12
5.73668e-12
6.21644e-12
6.70723e-12
7.19983e-12
7.68177e-12
8.13678e-12
8.54434e-12
8.87945e-12
9.11277e-12
9.21129e-12
9.13982e-12
8.86329e-12
8.34999e-12
7.57552e-12
6.52723e-12
5.20857e-12
3.64339e-12
1.88043e-12
1.26304e-33
2.03879e-17
1.37848e-14
2.68965e-14
3.93836e-14
5.12757e-14
6.26013e-14
7.33871e-14
8.36588e-14
9.3441e-14
1.02757e-13
1.11629e-13
1.20078e-13
1.28124e-13
1.35786e-13
1.43084e-13
1.50033e-13
1.56651e-13
1.62954e-13
1.68956e-13
1.74672e-13
1.80116e-13
1.853e-13
1.90237e-13
1.94939e-13
1.99416e-13
2.0368e-13
2.07741e-13
2.11609e-13
2.15292e-13
2.18799e-13
2.2214e-13
2.25321e-13
2.60347e-13
2.98855e-13
3.41186e-13
3.87711e-13
4.38836e-13
4.95001e-13
5.56683e-13
6.24398e-13
6.98701e-13
7.80188e-13
8.69489e-13
9.67269e-13
1.07422e-12
1.19106e-12
1.3185e-12
1.45722e-12
1.60789e-12
1.77105e-12
1.94711e-12
2.13627e-12
2.33838e-12
2.55289e-12
2.77861e-12
3.01361e-12
3.25489e-12
3.4982e-12
3.73772e-12
3.96575e-12
4.17247e-12
4.34577e-12
4.47122e-12
4.53232e-12
4.51111e-12
4.38924e-12
4.14955e-12
3.77811e-12
3.26663e-12
2.61502e-12
1.8341e-12
9.48381e-13
6.92059e-34
6.04214e-42
7.95514e-41
2.61646e-40
5.25704e-40
8.44698e-40
1.19704e-39
1.56566e-39
1.93723e-39
2.30152e-39
2.65084e-39
2.97958e-39
3.28381e-39
3.56095e-39
3.80955e-39
4.02898e-39
4.2193e-39
4.38111e-39
4.51538e-39
4.62337e-39
4.70655e-39
4.76651e-39
4.80493e-39
4.82353e-39
4.82401e-39
4.80804e-39
4.77727e-39
4.73325e-39
4.67748e-39
4.61137e-39
4.53624e-39
4.45333e-39
2.94937e-38
6.99027e-38
1.01276e-37
1.45157e-37
2.06161e-37
2.9053e-37
4.06686e-37
5.65969e-37
7.83624e-37
1.0801e-36
1.48278e-36
2.02825e-36
2.76534e-36
3.75901e-36
5.0955e-36
6.88905e-36
9.2904e-36
1.24979e-35
1.67711e-35
2.24485e-35
2.99681e-35
3.9893e-35
5.29399e-35
7.00105e-35
9.22224e-35
1.20934e-34
1.57755e-34
2.04525e-34
2.6324e-34
3.35893e-34
4.24187e-34
5.29057e-34
6.49958e-34
7.83846e-34
9.23838e-34
1.05757e-33
1.16535e-33
1.21842e-33
1.17776e-33
9.94194e-34
6.11567e-34
2.39882e-34
