-9.98888e-41
-1.31515e-39
-4.32553e-39
-8.69095e-39
-1.39645e-38
-1.97894e-38
-2.58833e-38
-3.2026e-38
-3.80484e-38
-4.38233e-38
-4.92579e-38
-5.42871e-38
-5.88688e-38
-6.29783e-38
-6.66057e-38
-6.9752e-38
-7.24268e-38
-7.46463e-38
-7.64313e-38
-7.78062e-38
-7.87973e-38
-7.94324e-38
-7.97397e-38
-7.97474e-38
-7.94833e-38
-7.89744e-38
-7.82466e-38
-7.73246e-38
-7.62315e-38
-7.49894e-38
-7.36186e-38
-4.87561e-37
-1.15555e-36
-1.67414e-36
-2.39943e-36
-3.40768e-36
-4.80201e-36
-6.72149e-36
-9.35337e-36
-1.29492e-35
-1.78464e-35
-2.44965e-35
-3.35026e-35
-4.56684e-35
-6.20629e-35
-8.41034e-35
-1.13664e-34
-1.53216e-34
-2.05999e-34
-2.7625e-34
-3.69468e-34
-4.9275e-34
-6.5517e-34
-8.68215e-34
-1.14623e-33
-1.50684e-33
-1.9712e-33
-2.56404e-33
-3.31301e-33
-4.24729e-33
-5.39467e-33
-6.77671e-33
-8.40113e-33
-1.02509e-32
-1.22696e-32
-1.43428e-32
-1.62769e-32
-1.77763e-32
-1.84234e-32
-1.76646e-32
-1.48107e-32
-9.06863e-33
-1.57148e-33
2.84836e-17
1.92583e-14
3.75761e-14
5.50214e-14
7.16354e-14
8.74578e-14
1.02526e-13
1.16876e-13
1.30542e-13
1.43557e-13
1.55951e-13
1.67754e-13
1.78995e-13
1.897e-13
1.99894e-13
2.09602e-13
2.18848e-13
2.27652e-13
2.36037e-13
2.44022e-13
2.51627e-13
2.58869e-13
2.65765e-13
2.72333e-13
2.78588e-13
2.84545e-13
2.90217e-13
2.9562e-13
3.00764e-13
3.05664e-13
3.1033e-13
3.14774e-13
3.637e-13
4.17487e-13
4.7661e-13
5.41586e-13
6.12978e-13
6.91398e-13
7.77507e-13
8.72021e-13
9.75705e-13
1.08938e-12
1.21391e-12
1.3502e-12
1.4992e-12
1.66185e-12
1.83911e-12
2.03188e-12
2.24097e-12
2.46705e-12
2.71055e-12
2.97154e-12
3.24961e-12
3.54367e-12
3.85174e-12
4.17067e-12
4.49581e-12
4.82071e-12
5.13669e-12
5.43254e-12
5.69429e-12
5.90505e-12
6.0453e-12
6.09342e-12
6.02687e-12
5.82382e-12
5.46544e-12
4.93841e-12
4.23757e-12
3.36826e-12
2.34812e-12
1.20898e-12
-9.65696e-33
5.95522e-17
4.02639e-14
7.85618e-14
1.15035e-13
1.49771e-13
1.82851e-13
2.14354e-13
2.44356e-13
2.72928e-13
3.00137e-13
3.2605e-13
3.50727e-13
3.74227e-13
3.96607e-13
4.1792e-13
4.38216e-13
4.57545e-13
4.75952e-13
4.93482e-13
5.10176e-13
5.26074e-13
5.41214e-13
5.55632e-13
5.69362e-13
5.82439e-13
5.94891e-13
6.0675e-13
6.18044e-13
6.288e-13
6.39043e-13
6.48797e-13
6.58087e-13
7.60365e-13
8.72803e-13
9.96388e-13
1.1322e-12
1.28141e-12
1.44529e-12
1.62523e-12
1.82269e-12
2.03927e-12
2.27667e-12
2.53667e-12
2.82113e-12
3.13197e-12
3.47114e-12
3.84053e-12
4.24194e-12
4.67693e-12
5.14672e-12
5.65199e-12
6.19262e-12
6.7674e-12
7.37364e-12
8.00669e-12
8.65937e-12
9.32135e-12
9.97842e-12
1.06119e-11
1.11978e-11
1.17069e-11
1.21043e-11
1.23506e-11
1.24031e-11
1.22185e-11
1.17566e-11
1.09843e-11
9.88107e-12
8.44261e-12
6.68466e-12
4.64517e-12
2.38637e-12
-1.75622e-32
9.74298e-17
6.58724e-14
1.28528e-13
1.88199e-13
2.45026e-13
2.99145e-13
3.50685e-13
3.99767e-13
4.4651e-13
4.91024e-13
5.33415e-13
5.73785e-13
6.1223e-13
6.48842e-13
6.83708e-13
7.16911e-13
7.48531e-13
7.78643e-13
8.07319e-13
8.34628e-13
8.60634e-13
8.85401e-13
9.08986e-13
9.31447e-13
9.52837e-13
9.73208e-13
9.92607e-13
1.01108e-12
1.02867e-12
1.04543e-12
1.06139e-12
1.07658e-12
1.24388e-12
1.42778e-12
1.6299e-12
1.852e-12
2.09598e-12
2.3639e-12
2.65801e-12
2.9807e-12
3.33454e-12
3.72224e-12
4.14666e-12
4.61077e-12
5.11759e-12
5.67014e-12
6.27132e-12
6.92382e-12
7.62985e-12
8.39097e-12
9.20773e-12
1.00792e-11
1.10026e-11
1.19725e-11
1.29799e-11
1.40118e-11
1.50497e-11
1.60687e-11
1.7037e-11
1.79147e-11
1.86539e-11
1.91993e-11
1.94902e-11
1.94632e-11
1.90572e-11
1.82192e-11
1.69101e-11
1.51117e-11
1.28308e-11
1.01017e-11
6.98701e-12
3.57798e-12
-2.40081e-32
1.46212e-16
9.8852e-14
1.92877e-13
2.82422e-13
3.67699e-13
4.48913e-13
5.26254e-13
5.99908e-13
6.70051e-13
7.36848e-13
8.0046e-13
8.61038e-13
9.18727e-13
9.73665e-13
1.02598e-12
1.0758e-12
1.12325e-12
1.16843e-12
1.21146e-12
1.25244e-12
1.29146e-12
1.32862e-12
1.36401e-12
1.39771e-12
1.4298e-12
1.46037e-12
1.48947e-12
1.51719e-12
1.54359e-12
1.56872e-12
1.59266e-12
1.61546e-12
1.86645e-12
2.14233e-12
2.44551e-12
2.7786e-12
3.14445e-12
3.54613e-12
3.98695e-12
4.47045e-12
5.0004e-12
5.58078e-12
6.21575e-12
6.90958e-12
7.66657e-12
8.49093e-12
9.38662e-12
1.03571e-11
1.14051e-11
1.25319e-11
1.37374e-11
1.50187e-11
1.63699e-11
1.77807e-11
1.92355e-11
2.07119e-11
2.21793e-11
2.35981e-11
2.49181e-11
2.60788e-11
2.70096e-11
2.7632e-11
2.78631e-11
2.76215e-11
2.68341e-11
2.54443e-11
2.34195e-11
2.07571e-11
1.74873e-11
1.36724e-11
9.40337e-12
4.79677e-12
-2.92837e-32
2.10607e-16
1.42384e-13
2.77815e-13
4.06792e-13
5.29623e-13
6.46598e-13
7.57996e-13
8.64082e-13
9.65109e-13
1.06132e-12
1.15294e-12
1.24018e-12
1.32327e-12
1.40239e-12
1.47774e-12
1.5495e-12
1.61783e-12
1.6829e-12
1.74486e-12
1.80387e-12
1.86007e-12
1.91358e-12
1.96455e-12
2.01308e-12
2.0593e-12
2.10331e-12
2.14522e-12
2.18514e-12
2.22315e-12
2.25935e-12
2.29382e-12
2.32665e-12
2.68805e-12
3.08524e-12
3.52167e-12
4.00108e-12
4.52752e-12
5.10535e-12
5.73927e-12
6.43428e-12
7.19566e-12
8.02897e-12
8.93992e-12
9.93434e-12
1.1018e-11
1.21963e-11
1.34743e-11
1.4856e-11
1.63439e-11
1.79385e-11
1.96373e-11
2.1434e-11
2.33168e-11
2.52676e-11
2.72596e-11
2.92563e-11
3.12095e-11
3.30583e-11
3.47282e-11
3.61324e-11
3.71735e-11
3.77481e-11
3.77538e-11
3.70973e-11
3.57044e-11
3.35295e-11
3.05626e-11
2.6833e-11
2.24073e-11
1.73832e-11
1.18805e-11
6.03456e-12
-3.34999e-32
2.96481e-16
2.00434e-13
3.91079e-13
5.72639e-13
7.45544e-13
9.10206e-13
1.06702e-12
1.21635e-12
1.35855e-12
1.49397e-12
1.62294e-12
1.74574e-12
1.86269e-12
1.97406e-12
2.08011e-12
2.1811e-12
2.27727e-12
2.36886e-12
2.45607e-12
2.53912e-12
2.61821e-12
2.69352e-12
2.76524e-12
2.83354e-12
2.89858e-12
2.96052e-12
3.01951e-12
3.07568e-12
3.12917e-12
3.18011e-12
3.22861e-12
3.27481e-12
3.78333e-12
4.34214e-12
4.95604e-12
5.63024e-12
6.37038e-12
7.18249e-12
8.07304e-12
9.04888e-12
1.01172e-11
1.12855e-11
1.25614e-11
1.39524e-11
1.5466e-11
1.71087e-11
1.88864e-11
2.08028e-11
2.28594e-11
2.50541e-11
2.73802e-11
2.98243e-11
3.23652e-11
3.49715e-11
3.75995e-11
4.01914e-11
4.26736e-11
4.49561e-11
4.69331e-11
4.84859e-11
4.94882e-11
4.98143e-11
4.9349e-11
4.80002e-11
4.571e-11
4.24636e-11
3.82932e-11
3.32761e-11
2.75256e-11
2.11782e-11
1.4379e-11
7.27127e-12
-3.67019e-32
4.11634e-16
2.78269e-13
5.42946e-13
7.95009e-13
1.03506e-12
1.26365e-12
1.48135e-12
1.68866e-12
1.88607e-12
2.07407e-12
2.25309e-12
2.42357e-12
2.5859e-12
2.74049e-12
2.8877e-12
3.02789e-12
3.16138e-12
3.28849e-12
3.40954e-12
3.52481e-12
3.63458e-12
3.73911e-12
3.83865e-12
3.93344e-12
4.02371e-12
4.10967e-12
4.19152e-12
4.26947e-12
4.34371e-12
4.4144e-12
4.48171e-12
4.54582e-12
5.25143e-12
6.02667e-12
6.87816e-12
7.81303e-12
8.83896e-12
9.96416e-12
1.11974e-11
1.25478e-11
1.40249e-11
1.56386e-11
1.73987e-11
1.93146e-11
2.13953e-11
2.36483e-11
2.60792e-11
2.86906e-11
3.14808e-11
3.44425e-11
3.75605e-11
4.08101e-11
4.41539e-11
4.754e-11
5.08989e-11
5.4142e-11
5.71606e-11
5.98268e-11
6.19968e-11
6.35174e-11
6.42359e-11
6.40126e-11
6.27355e-11
6.03343e-11
5.67912e-11
5.21457e-11
4.64922e-11
3.99688e-11
3.27407e-11
2.49802e-11
1.6848e-11
8.48217e-12
-3.89298e-32
5.66344e-16
3.82833e-13
7.46965e-13
1.09374e-12
1.42398e-12
1.73847e-12
2.03795e-12
2.32313e-12
2.59471e-12
2.85332e-12
3.09958e-12
3.33408e-12
3.55738e-12
3.77002e-12
3.9725e-12
4.16531e-12
4.34891e-12
4.52374e-12
4.69023e-12
4.84876e-12
4.99972e-12
5.14348e-12
5.28037e-12
5.41072e-12
5.53485e-12
5.65305e-12
5.76561e-12
5.8728e-12
5.97487e-12
6.07207e-12
6.16464e-12
6.25278e-12
7.22288e-12
8.28848e-12
9.45856e-12
1.07428e-11
1.21514e-11
1.36956e-11
1.53868e-11
1.72372e-11
1.92592e-11
2.14652e-11
2.38676e-11
2.64777e-11
2.93054e-11
3.23584e-11
3.56406e-11
3.9151e-11
4.28814e-11
4.68145e-11
5.0921e-11
5.51567e-11
5.94592e-11
6.37449e-11
6.79069e-11
7.18139e-11
7.53109e-11
7.82238e-11
8.03671e-11
8.15558e-11
8.16214e-11
8.04293e-11
7.7896e-11
7.40023e-11
6.87994e-11
6.24051e-11
5.49916e-11
4.6764e-11
3.79361e-11
2.87059e-11
1.92362e-11
9.64308e-12
-4.02455e-32
7.64945e-16
5.17051e-13
1.00884e-12
1.47719e-12
1.9232e-12
2.34792e-12
2.75238e-12
3.13752e-12
3.50427e-12
3.85351e-12
4.18606e-12
4.50272e-12
4.80426e-12
5.09139e-12
5.36479e-12
5.62513e-12
5.87304e-12
6.10909e-12
6.33387e-12
6.54791e-12
6.75172e-12
6.9458e-12
7.13061e-12
7.30658e-12
7.47415e-12
7.63372e-12
7.78567e-12
7.93036e-12
8.06815e-12
8.19935e-12
8.32429e-12
8.44327e-12
9.75256e-12
1.11904e-11
1.27688e-11
1.45005e-11
1.63992e-11
1.84793e-11
2.07559e-11
2.32446e-11
2.59612e-11
2.89211e-11
3.21391e-11
3.56283e-11
3.93991e-11
4.34577e-11
4.78045e-11
5.24318e-11
5.73206e-11
6.2438e-11
6.77332e-11
7.31333e-11
7.85399e-11
8.38257e-11
8.88333e-11
9.33754e-11
9.72402e-11
1.002e-10
1.02028e-10
1.02515e-10
1.01492e-10
9.88555e-11
9.45824e-11
8.87377e-11
8.14711e-11
7.30008e-11
6.35868e-11
5.35005e-11
4.29946e-11
3.22777e-11
2.14977e-11
1.07335e-11
-4.07367e-32
9.80556e-16
6.62762e-13
1.29315e-12
1.89347e-12
2.46516e-12
3.00957e-12
3.52798e-12
4.02164e-12
4.49171e-12
4.93933e-12
5.36556e-12
5.77142e-12
6.15788e-12
6.52587e-12
6.87628e-12
7.20993e-12
7.52763e-12
7.83015e-12
8.11821e-12
8.3925e-12
8.65368e-12
8.90238e-12
9.1392e-12
9.3647e-12
9.57943e-12
9.7839e-12
9.9786e-12
1.0164e-11
1.03406e-11
1.05087e-11
1.06688e-11
1.08212e-11
1.24987e-11
1.43405e-11
1.6362e-11
1.85793e-11
2.10096e-11
2.36711e-11
2.65826e-11
2.97635e-11
3.32329e-11
3.70097e-11
4.1111e-11
4.55516e-11
5.03421e-11
5.5487e-11
6.09824e-11
6.68125e-11
7.29463e-11
7.9333e-11
8.58972e-11
9.25339e-11
9.91043e-11
1.05432e-10
1.11304e-10
1.1647e-10
1.20658e-10
1.23581e-10
1.24968e-10
1.24587e-10
1.22278e-10
1.17976e-10
1.11734e-10
1.03717e-10
9.41923e-11
8.34923e-11
7.19741e-11
5.99774e-11
4.77894e-11
3.56203e-11
2.35922e-11
1.17363e-11
-2.22668e-32
9.96407e-16
6.73474e-13
1.31405e-12
1.92408e-12
2.505e-12
3.05821e-12
3.585e-12
4.08664e-12
4.56431e-12
5.01916e-12
5.45228e-12
5.8647e-12
6.2574e-12
6.63134e-12
6.9874e-12
7.32644e-12
7.64928e-12
7.95668e-12
8.2494e-12
8.52812e-12
8.79352e-12
9.04624e-12
9.28688e-12
9.51602e-12
9.73422e-12
9.94199e-12
1.01398e-11
1.03282e-11
1.05076e-11
1.06785e-11
1.08411e-11
1.0996e-11
1.27006e-11
1.45722e-11
1.66262e-11
1.88792e-11
2.13487e-11
2.4053e-11
2.70112e-11
3.0243e-11
3.3768e-11
3.76049e-11
4.17714e-11
4.62823e-11
5.11482e-11
5.63736e-11
6.19541e-11
6.78736e-11
7.41002e-11
8.05818e-11
8.72413e-11
9.39715e-11
1.00631e-10
1.07039e-10
1.12978e-10
1.18196e-10
1.22412e-10
1.25337e-10
1.26697e-10
1.26256e-10
1.23855e-10
1.19431e-10
1.13042e-10
1.04861e-10
9.51645e-11
8.42934e-11
7.26131e-11
6.04692e-11
4.81519e-11
3.58719e-11
2.37492e-11
1.18112e-11
-1.95203e-33
1.20871e-15
8.1694e-13
1.59397e-12
2.33394e-12
3.03861e-12
3.70964e-12
4.34863e-12
4.9571e-12
5.5365e-12
6.08821e-12
6.61355e-12
7.11377e-12
7.59008e-12
8.04362e-12
8.47547e-12
8.88668e-12
9.27822e-12
9.65104e-12
1.0006e-11
1.03441e-11
1.06659e-11
1.09724e-11
1.12643e-11
1.15421e-11
1.18067e-11
1.20587e-11
1.22986e-11
1.25271e-11
1.27446e-11
1.29518e-11
1.3149e-11
1.33369e-11
1.54037e-11
1.76727e-11
2.01625e-11
2.2893e-11
2.58849e-11
2.91602e-11
3.27417e-11
3.66523e-11
4.09149e-11
4.55512e-11
5.05807e-11
5.60194e-11
6.18774e-11
6.81565e-11
7.48472e-11
8.19241e-11
8.93417e-11
9.70288e-11
1.04882e-10
1.12761e-10
1.20483e-10
1.2782e-10
1.34497e-10
1.40204e-10
1.44604e-10
1.47359e-10
1.48158e-10
1.46756e-10
1.43008e-10
1.36901e-10
1.28573e-10
1.18297e-10
1.0646e-10
9.35088e-11
7.98974e-11
6.60295e-11
5.22213e-11
3.86791e-11
2.54928e-11
1.26408e-11
-7.33149e-34
1.5031e-15
1.01585e-12
1.98207e-12
2.9022e-12
3.77843e-12
4.61281e-12
5.40735e-12
6.16391e-12
6.88432e-12
7.57028e-12
8.22344e-12
8.84537e-12
9.43755e-12
1.00014e-11
1.05383e-11
1.10495e-11
1.15362e-11
1.19997e-11
1.2441e-11
1.28612e-11
1.32612e-11
1.36422e-11
1.40049e-11
1.43503e-11
1.46792e-11
1.49924e-11
1.52906e-11
1.55745e-11
1.58449e-11
1.61023e-11
1.63475e-11
1.65809e-11
1.91491e-11
2.1968e-11
2.50604e-11
2.84503e-11
3.21631e-11
3.62254e-11
4.06643e-11
4.55069e-11
5.07797e-11
5.65071e-11
6.27102e-11
6.94042e-11
7.65964e-11
8.42818e-11
9.24397e-11
1.01028e-10
1.09977e-10
1.19182e-10
1.28499e-10
1.37736e-10
1.46647e-10
1.54935e-10
1.62253e-10
1.68219e-10
1.72432e-10
1.74513e-10
1.74135e-10
1.71075e-10
1.65251e-10
1.56749e-10
1.45829e-10
1.32902e-10
1.18484e-10
1.0313e-10
8.7369e-11
7.16444e-11
5.6276e-11
4.14454e-11
2.71964e-11
1.3447e-11
-7.43698e-34
1.86572e-15
1.26084e-12
2.46006e-12
3.60208e-12
4.68958e-12
5.72515e-12
6.71122e-12
7.65016e-12
8.5442e-12
9.39547e-12
1.0206e-11
1.09778e-11
1.17126e-11
1.24123e-11
1.30784e-11
1.37127e-11
1.43166e-11
1.48916e-11
1.54391e-11
1.59604e-11
1.64568e-11
1.69294e-11
1.73794e-11
1.78078e-11
1.82158e-11
1.86042e-11
1.89741e-11
1.93263e-11
1.96616e-11
1.99809e-11
2.0285e-11
2.05745e-11
2.37593e-11
2.7254e-11
3.10863e-11
3.52855e-11
3.98822e-11
4.49079e-11
5.03947e-11
5.63741e-11
6.2876e-11
6.99267e-11
7.75474e-11
8.57505e-11
9.45366e-11
1.03889e-10
1.13769e-10
1.24109e-10
1.34803e-10
1.45702e-10
1.56604e-10
1.67247e-10
1.77308e-10
1.86405e-10
1.94109e-10
1.99961e-10
2.03508e-10
2.04347e-10
2.02171e-10
1.96823e-10
1.88327e-10
1.76912e-10
1.62992e-10
1.47131e-10
1.29969e-10
1.12154e-10
9.42632e-11
7.67516e-11
5.99196e-11
4.39065e-11
2.87007e-11
1.41552e-11
-4.33614e-34
1.93978e-15
1.31087e-12
2.55767e-12
3.745e-12
4.87565e-12
5.95229e-12
6.97748e-12
7.95366e-12
8.88315e-12
9.76817e-12
1.06109e-11
1.14132e-11
1.21771e-11
1.29045e-11
1.35971e-11
1.42565e-11
1.48843e-11
1.54821e-11
1.60513e-11
1.65932e-11
1.71092e-11
1.76005e-11
1.80683e-11
1.85137e-11
1.89378e-11
1.93416e-11
1.97261e-11
2.00922e-11
2.04409e-11
2.07728e-11
2.10889e-11
2.13898e-11
2.47004e-11
2.8333e-11
3.23161e-11
3.66802e-11
4.14568e-11
4.66786e-11
5.23785e-11
5.85887e-11
6.53396e-11
7.26581e-11
8.05649e-11
8.90717e-11
9.81773e-11
1.07862e-10
1.18084e-10
1.28768e-10
1.39802e-10
1.51027e-10
1.62226e-10
1.73126e-10
1.83386e-10
1.92608e-10
2.00346e-10
2.06128e-10
2.09495e-10
2.1004e-10
2.07466e-10
2.01631e-10
1.92586e-10
1.80588e-10
1.66084e-10
1.49664e-10
1.31991e-10
1.13726e-10
9.54538e-11
7.76268e-11
6.05398e-11
4.43232e-11
2.89543e-11
1.42744e-11
4.41715e-34
2.30963e-15
1.56069e-12
3.0451e-12
4.45868e-12
5.80476e-12
7.08653e-12
8.30701e-12
9.46912e-12
1.05756e-11
1.16292e-11
1.26323e-11
1.35874e-11
1.44967e-11
1.53625e-11
1.61868e-11
1.69716e-11
1.77189e-11
1.84303e-11
1.91077e-11
1.97526e-11
2.03667e-11
2.09513e-11
2.1508e-11
2.2038e-11
2.25426e-11
2.30231e-11
2.34806e-11
2.39162e-11
2.4331e-11
2.47259e-11
2.5102e-11
2.546e-11
2.93982e-11
3.37181e-11
3.84533e-11
4.36391e-11
4.93119e-11
5.55092e-11
6.2268e-11
6.96241e-11
7.76102e-11
8.62535e-11
9.55728e-11
1.05574e-10
1.16247e-10
1.27555e-10
1.39433e-10
1.51776e-10
1.64428e-10
1.77178e-10
1.89747e-10
2.01786e-10
2.12876e-10
2.22537e-10
2.30251e-10
2.35488e-10
2.37763e-10
2.3668e-10
2.32e-10
2.23678e-10
2.119e-10
1.97073e-10
1.79792e-10
1.60772e-10
1.40767e-10
1.20487e-10
1.00529e-10
8.13306e-11
6.31492e-11
4.60682e-11
3.00128e-11
1.47703e-11
1.10026e-33
2.85971e-15
1.9322e-12
3.76995e-12
5.51999e-12
7.18643e-12
8.77321e-12
1.02841e-11
1.17226e-11
1.30923e-11
1.43964e-11
1.5638e-11
1.68201e-11
1.79455e-11
1.9017e-11
2.00372e-11
2.10084e-11
2.19331e-11
2.28134e-11
2.36516e-11
2.44496e-11
2.52093e-11
2.59326e-11
2.66213e-11
2.7277e-11
2.79013e-11
2.84956e-11
2.90616e-11
2.96004e-11
3.01134e-11
3.06019e-11
3.1067e-11
3.15098e-11
3.63796e-11
4.17193e-11
4.75694e-11
5.39721e-11
6.09707e-11
6.86088e-11
7.69288e-11
8.59705e-11
9.57682e-11
1.06348e-10
1.17722e-10
1.29885e-10
1.42807e-10
1.56425e-10
1.70632e-10
1.85269e-10
2.00112e-10
2.14865e-10
2.29151e-10
2.42509e-10
2.54407e-10
2.64255e-10
2.71444e-10
2.75394e-10
2.75613e-10
2.71767e-10
2.63739e-10
2.51662e-10
2.35932e-10
2.17173e-10
1.96171e-10
1.73786e-10
1.50859e-10
1.2813e-10
1.06181e-10
8.54018e-11
6.59871e-11
4.79502e-11
3.11476e-11
1.53e-11
1.14579e-33
3.53186e-15
2.38607e-12
4.65548e-12
6.81654e-12
8.87433e-12
1.08337e-11
1.26993e-11
1.44755e-11
1.61666e-11
1.77766e-11
1.93095e-11
2.07688e-11
2.21581e-11
2.34808e-11
2.474e-11
2.59387e-11
2.708e-11
2.81665e-11
2.92009e-11
3.01856e-11
3.11231e-11
3.20157e-11
3.28654e-11
3.36744e-11
3.44447e-11
3.5178e-11
3.58761e-11
3.65408e-11
3.71737e-11
3.77763e-11
3.835e-11
3.88962e-11
4.49016e-11
5.14835e-11
5.86906e-11
6.65728e-11
7.51809e-11
8.45651e-11
9.47729e-11
1.05847e-10
1.17821e-10
1.30717e-10
1.44536e-10
1.59253e-10
1.7481e-10
1.91101e-10
2.07963e-10
2.25164e-10
2.42388e-10
2.59228e-10
2.75184e-10
2.89663e-10
3.02001e-10
3.11498e-10
3.17466e-10
3.19303e-10
3.16564e-10
3.09037e-10
2.96793e-10
2.80207e-10
2.59929e-10
2.36816e-10
2.11842e-10
1.85986e-10
1.6014e-10
1.35037e-10
1.11211e-10
8.8978e-11
6.84534e-11
4.95724e-11
3.21198e-11
1.57521e-11
1.07088e-33
4.34395e-15
2.93432e-12
5.72516e-12
8.3827e-12
1.09132e-11
1.33225e-11
1.56165e-11
1.78005e-11
1.98798e-11
2.18593e-11
2.37438e-11
2.55378e-11
2.72456e-11
2.88715e-11
3.04192e-11
3.18926e-11
3.32953e-11
3.46305e-11
3.59017e-11
3.71118e-11
3.82638e-11
3.93605e-11
4.04045e-11
4.13984e-11
4.23447e-11
4.32456e-11
4.41032e-11
4.49197e-11
4.56971e-11
4.64372e-11
4.71419e-11
4.78127e-11
5.51867e-11
6.32646e-11
7.2104e-11
8.17638e-11
9.23028e-11
1.03778e-10
1.1624e-10
1.29734e-10
1.4429e-10
1.5992e-10
1.76606e-10
1.94297e-10
2.12889e-10
2.3222e-10
2.52049e-10
2.72046e-10
2.91777e-10
3.10697e-10
3.28156e-10
3.4341e-10
3.55656e-10
3.6409e-10
3.67975e-10
3.66734e-10
3.60036e-10
3.47864e-10
3.30553e-10
3.08768e-10
2.83441e-10
2.55667e-10
2.2658e-10
1.97241e-10
1.68551e-10
1.41198e-10
1.15634e-10
9.20858e-11
7.05762e-11
5.09583e-11
3.29461e-11
1.61351e-11
9.95998e-34
5.31572e-15
3.59024e-12
7.00487e-12
1.02564e-11
1.33523e-11
1.63e-11
1.91063e-11
2.17781e-11
2.43215e-11
2.67429e-11
2.90478e-11
3.1242e-11
3.33308e-11
3.5319e-11
3.72117e-11
3.90134e-11
4.07284e-11
4.23609e-11
4.3915e-11
4.53944e-11
4.68026e-11
4.81432e-11
4.94193e-11
5.06342e-11
5.17907e-11
5.28916e-11
5.39397e-11
5.49375e-11
5.58874e-11
5.67917e-11
5.76527e-11
5.84724e-11
6.74794e-11
7.73409e-11
8.81245e-11
9.98987e-11
1.1273e-10
1.26682e-10
1.41809e-10
1.58153e-10
1.75736e-10
1.94554e-10
2.14562e-10
2.35666e-10
2.57705e-10
2.80434e-10
3.03513e-10
3.26484e-10
3.48764e-10
3.69643e-10
3.88295e-10
4.03812e-10
4.15254e-10
4.21734e-10
4.22515e-10
4.17113e-10
4.05389e-10
3.87607e-10
3.64426e-10
3.36846e-10
3.0609e-10
2.73467e-10
2.40232e-10
2.07481e-10
1.76078e-10
1.46629e-10
1.19484e-10
9.47613e-11
7.23879e-11
5.21333e-11
3.36433e-11
1.64573e-11
9.22598e-34
6.46795e-15
4.36778e-12
8.52188e-12
1.24774e-11
1.62436e-11
1.98293e-11
2.32429e-11
2.64927e-11
2.95863e-11
3.25311e-11
3.53343e-11
3.80026e-11
4.05424e-11
4.296e-11
4.52612e-11
4.74516e-11
4.95365e-11
5.15211e-11
5.34101e-11
5.52082e-11
5.69198e-11
5.8549e-11
6.00998e-11
6.15761e-11
6.29813e-11
6.4319e-11
6.55925e-11
6.68047e-11
6.79587e-11
6.90573e-11
7.01031e-11
7.10988e-11
8.20364e-11
9.40044e-11
1.07082e-10
1.21346e-10
1.36873e-10
1.53731e-10
1.71974e-10
1.91639e-10
2.12734e-10
2.35228e-10
2.59037e-10
2.84008e-10
3.099e-10
3.36366e-10
3.6293e-10
3.88978e-10
4.13744e-10
4.36324e-10
4.55697e-10
4.70782e-10
4.80522e-10
4.83989e-10
4.80509e-10
4.69778e-10
4.51941e-10
4.2762e-10
3.97859e-10
3.6401e-10
3.27572e-10
2.90029e-10
2.52707e-10
2.16681e-10
1.82738e-10
1.51369e-10
1.22803e-10
9.70459e-11
7.39227e-11
5.31227e-11
3.42279e-11
1.67268e-11
8.51733e-34
7.82166e-15
5.28106e-12
1.03037e-11
1.50861e-11
1.96395e-11
2.39744e-11
2.81012e-11
3.20297e-11
3.57691e-11
3.93286e-11
4.27166e-11
4.59413e-11
4.90107e-11
5.19321e-11
5.47127e-11
5.73592e-11
5.98781e-11
6.22756e-11
6.45575e-11
6.67294e-11
6.87967e-11
7.07644e-11
7.26373e-11
7.442e-11
7.61169e-11
7.77321e-11
7.92696e-11
8.07332e-11
8.21264e-11
8.34526e-11
8.47151e-11
8.59169e-11
9.91154e-11
1.13548e-10
1.29305e-10
1.46475e-10
1.65141e-10
1.85373e-10
2.07224e-10
2.30718e-10
2.55842e-10
2.82526e-10
3.10631e-10
3.39926e-10
3.70065e-10
4.00564e-10
4.30784e-10
4.59916e-10
4.86979e-10
5.10846e-10
5.30288e-10
5.44063e-10
5.51026e-10
5.5027e-10
5.41271e-10
5.24004e-10
4.98992e-10
4.6729e-10
4.3036e-10
3.89905e-10
3.47666e-10
3.05242e-10
2.63971e-10
2.24859e-10
1.88572e-10
1.55469e-10
1.25644e-10
9.89828e-11
7.52145e-11
5.3951e-11
3.47155e-11
1.69511e-11
7.84122e-34
9.39711e-15
6.34365e-12
1.23768e-11
1.81213e-11
2.35904e-11
2.8797e-11
3.37533e-11
3.84712e-11
4.29618e-11
4.7236e-11
5.1304e-11
5.51758e-11
5.88607e-11
6.23678e-11
6.57055e-11
6.88821e-11
7.19053e-11
7.47826e-11
7.7521e-11
8.01272e-11
8.26076e-11
8.49684e-11
8.72154e-11
8.9354e-11
9.13895e-11
9.33269e-11
9.51711e-11
9.69264e-11
9.85972e-11
1.00188e-10
1.01701e-10
1.03143e-10
1.18963e-10
1.36251e-10
1.5511e-10
1.75637e-10
1.9792e-10
2.22032e-10
2.48017e-10
2.7588e-10
3.05574e-10
3.3698e-10
3.69881e-10
4.03945e-10
4.3869e-10
4.73465e-10
5.07426e-10
5.39534e-10
5.6856e-10
5.93132e-10
6.11812e-10
6.23217e-10
6.26167e-10
6.19862e-10
6.04031e-10
5.79031e-10
5.45858e-10
5.06054e-10
4.61514e-10
4.14263e-10
3.66225e-10
3.19055e-10
2.74036e-10
2.32058e-10
1.93641e-10
1.58989e-10
1.28057e-10
1.00615e-10
7.62955e-11
5.46406e-11
3.512e-11
1.71367e-11
7.20216e-34
1.12128e-14
7.56795e-12
1.47653e-11
2.16182e-11
2.81424e-11
3.43531e-11
4.02649e-11
4.5892e-11
5.12477e-11
5.6345e-11
6.11961e-11
6.58128e-11
7.02063e-11
7.43875e-11
7.83665e-11
8.21531e-11
8.57567e-11
8.9186e-11
9.24495e-11
9.55552e-11
9.8511e-11
1.01324e-10
1.04001e-10
1.06549e-10
1.08974e-10
1.11281e-10
1.13478e-10
1.15569e-10
1.17558e-10
1.19452e-10
1.21255e-10
1.22971e-10
1.41803e-10
1.62367e-10
1.84778e-10
2.09144e-10
2.35556e-10
2.64082e-10
2.94753e-10
3.27547e-10
3.6237e-10
3.99032e-10
4.37221e-10
4.76472e-10
5.16136e-10
5.55354e-10
5.93041e-10
6.27887e-10
6.58386e-10
6.82909e-10
6.99818e-10
7.07629e-10
7.05207e-10
6.91954e-10
6.67969e-10
6.34103e-10
5.91902e-10
5.43427e-10
4.90995e-10
4.36899e-10
3.83178e-10
3.31468e-10
2.82946e-10
2.38345e-10
1.98012e-10
1.61991e-10
1.30096e-10
1.01982e-10
7.71954e-11
5.5212e-11
3.54541e-11
1.72898e-11
6.60262e-34
1.32844e-14
8.9644e-12
1.74897e-11
2.56067e-11
3.33341e-11
4.06899e-11
4.76914e-11
5.43552e-11
6.06972e-11
6.67327e-11
7.24764e-11
7.79421e-11
8.31433e-11
8.80926e-11
9.28023e-11
9.72838e-11
1.01548e-10
1.05606e-10
1.09468e-10
1.13143e-10
1.16639e-10
1.19967e-10
1.23134e-10
1.26147e-10
1.29015e-10
1.31744e-10
1.34342e-10
1.36814e-10
1.39167e-10
1.41406e-10
1.43538e-10
1.45566e-10
1.67822e-10
1.92105e-10
2.18544e-10
2.47254e-10
2.78327e-10
3.11824e-10
3.47751e-10
3.86049e-10
4.26561e-10
4.69008e-10
5.12954e-10
5.57769e-10
6.02601e-10
6.46341e-10
6.87622e-10
7.24827e-10
7.5615e-10
7.79702e-10
7.9367e-10
7.96533e-10
7.87289e-10
7.65668e-10
7.32257e-10
6.88502e-10
6.36558e-10
5.79015e-10
5.18567e-10
4.57706e-10
3.98509e-10
3.42525e-10
2.90773e-10
2.43796e-10
2.01758e-10
1.64536e-10
1.31809e-10
1.03122e-10
7.79411e-11
5.56833e-11
3.57289e-11
1.74155e-11
6.0435e-34
1.56236e-14
1.05408e-11
2.05652e-11
3.01092e-11
3.91947e-11
4.78428e-11
5.6074e-11
6.39077e-11
7.13626e-11
7.84567e-11
8.52073e-11
9.16307e-11
9.77427e-11
1.03558e-10
1.09092e-10
1.14357e-10
1.19367e-10
1.24133e-10
1.28669e-10
1.32985e-10
1.37091e-10
1.40999e-10
1.44717e-10
1.48255e-10
1.51622e-10
1.54826e-10
1.57875e-10
1.60777e-10
1.63539e-10
1.66167e-10
1.68668e-10
1.71049e-10
1.97155e-10
2.25618e-10
2.56576e-10
2.90151e-10
3.26432e-10
3.65464e-10
4.07224e-10
4.51598e-10
4.9835e-10
5.47087e-10
5.97219e-10
6.47921e-10
6.98091e-10
7.46333e-10
7.90952e-10
8.29996e-10
8.61341e-10
8.82847e-10
8.92572e-10
8.89036e-10
8.71488e-10
8.40108e-10
7.96096e-10
7.41579e-10
6.79356e-10
6.12521e-10
5.44082e-10
4.7665e-10
4.12256e-10
3.523e-10
2.976e-10
2.48494e-10
2.04951e-10
1.66684e-10
1.33241e-10
1.04068e-10
7.85564e-11
5.60705e-11
3.59539e-11
1.75182e-11
5.52461e-34
1.82374e-14
1.23017e-11
2.40005e-11
3.51383e-11
4.57407e-11
5.58323e-11
6.54367e-11
7.45767e-11
8.32742e-11
9.15501e-11
9.94247e-11
1.06917e-10
1.14046e-10
1.20828e-10
1.27281e-10
1.3342e-10
1.39261e-10
1.44818e-10
1.50105e-10
1.55136e-10
1.59922e-10
1.64476e-10
1.68809e-10
1.72932e-10
1.76855e-10
1.80588e-10
1.84141e-10
1.87521e-10
1.90738e-10
1.93799e-10
1.96712e-10
1.99485e-10
2.29878e-10
2.62987e-10
2.98963e-10
3.37929e-10
3.79966e-10
4.25098e-10
4.73258e-10
5.24265e-10
5.77783e-10
6.3328e-10
6.8998e-10
7.4682e-10
8.02412e-10
8.55027e-10
9.02606e-10
9.42831e-10
9.73256e-10
9.91513e-10
9.95596e-10
9.84164e-10
9.56841e-10
9.14395e-10
8.58748e-10
7.92777e-10
7.19924e-10
6.43743e-10
5.67473e-10
4.93752e-10
4.24489e-10
3.60883e-10
3.03522e-10
2.52522e-10
2.07659e-10
1.68488e-10
1.34433e-10
1.0485e-10
7.90619e-11
5.63873e-11
3.61375e-11
1.76019e-11
5.04492e-34
2.11269e-14
1.42478e-11
2.77971e-11
4.06964e-11
5.29751e-11
6.46615e-11
7.57832e-11
8.63664e-11
9.64366e-11
1.06018e-10
1.15134e-10
1.23807e-10
1.32058e-10
1.39907e-10
1.47375e-10
1.54479e-10
1.61237e-10
1.67667e-10
1.73783e-10
1.79603e-10
1.85139e-10
1.90406e-10
1.95417e-10
2.00185e-10
2.04721e-10
2.09038e-10
2.13145e-10
2.17053e-10
2.20771e-10
2.2431e-10
2.27677e-10
2.30881e-10
2.65995e-10
3.04216e-10
3.45703e-10
3.90578e-10
4.3891e-10
4.9069e-10
5.45799e-10
6.03969e-10
6.64743e-10
7.2742e-10
7.91004e-10
8.54158e-10
9.15163e-10
9.71913e-10
1.02195e-09
1.06258e-09
1.09102e-09
1.10474e-09
1.10172e-09
1.0809e-09
1.0424e-09
9.87707e-10
9.19568e-10
8.41642e-10
7.57997e-10
6.72571e-10
5.8874e-10
5.09077e-10
4.35306e-10
3.68379e-10
3.08634e-10
2.55961e-10
2.09947e-10
1.69998e-10
1.35423e-10
1.05493e-10
7.94757e-11
5.66454e-11
3.62867e-11
1.76697e-11
4.60289e-34
2.42875e-14
1.63759e-11
3.19486e-11
4.67738e-11
6.08852e-11
7.43153e-11
8.70956e-11
9.92564e-11
1.10827e-10
1.21835e-10
1.32307e-10
1.4227e-10
1.51747e-10
1.60763e-10
1.69338e-10
1.77496e-10
1.85256e-10
1.92638e-10
1.99661e-10
2.06341e-10
2.12695e-10
2.18741e-10
2.24492e-10
2.29963e-10
2.35169e-10
2.40121e-10
2.44833e-10
2.49317e-10
2.53582e-10
2.57641e-10
2.61504e-10
2.65179e-10
3.05437e-10
3.49221e-10
3.96696e-10
4.4798e-10
5.03124e-10
5.62075e-10
6.24646e-10
6.90469e-10
7.58938e-10
8.29155e-10
8.99871e-10
9.6943e-10
1.03574e-09
1.09629e-09
1.14818e-09
1.18832e-09
1.21364e-09
1.22146e-09
1.20989e-09
1.17823e-09
1.12726e-09
1.05931e-09
9.78012e-10
8.87833e-10
7.9341e-10
6.98973e-10
6.07936e-10
5.22726e-10
4.44819e-10
3.74895e-10
3.13029e-10
2.58887e-10
2.11874e-10
1.71257e-10
1.36241e-10
1.06022e-10
7.9813e-11
5.68548e-11
3.64073e-11
1.77245e-11
4.1966e-34
2.77079e-14
1.86782e-11
3.64401e-11
5.33489e-11
6.94429e-11
8.47591e-11
9.93335e-11
1.13201e-10
1.26393e-10
1.38944e-10
1.50883e-10
1.6224e-10
1.73043e-10
1.83318e-10
1.93092e-10
2.02389e-10
2.11231e-10
2.19642e-10
2.27642e-10
2.35252e-10
2.42491e-10
2.49377e-10
2.55927e-10
2.62158e-10
2.68086e-10
2.73725e-10
2.7909e-10
2.84194e-10
2.89051e-10
2.93671e-10
2.98068e-10
3.02251e-10
3.48055e-10
3.9783e-10
4.51745e-10
5.09909e-10
5.72343e-10
6.38948e-10
7.09451e-10
7.83363e-10
8.59906e-10
9.37956e-10
1.01597e-09
1.09194e-09
1.16337e-09
1.22727e-09
1.28032e-09
1.31901e-09
1.34001e-09
1.34058e-09
1.31903e-09
1.27518e-09
1.21059e-09
1.12856e-09
1.03366e-09
9.31119e-10
8.26087e-10
7.22982e-10
6.25156e-10
5.34816e-10
4.53149e-10
3.80538e-10
3.16796e-10
2.61369e-10
2.13492e-10
1.72304e-10
1.36915e-10
1.06453e-10
8.00868e-11
5.7024e-11
3.65044e-11
1.77686e-11
3.82395e-34
3.1371e-14
2.11433e-11
4.12489e-11
6.03884e-11
7.86048e-11
9.59401e-11
1.12435e-10
1.28128e-10
1.43057e-10
1.57259e-10
1.70767e-10
1.83616e-10
1.95837e-10
2.0746e-10
2.18515e-10
2.29029e-10
2.39029e-10
2.4854e-10
2.57586e-10
2.66189e-10
2.74373e-10
2.82157e-10
2.8956e-10
2.96603e-10
3.03302e-10
3.09675e-10
3.15738e-10
3.21505e-10
3.26992e-10
3.32212e-10
3.37179e-10
3.41905e-10
3.93627e-10
4.49788e-10
5.10556e-10
5.76028e-10
6.4619e-10
7.20878e-10
7.99727e-10
8.82101e-10
9.67031e-10
1.05313e-09
1.13854e-09
1.22085e-09
1.2971e-09
1.36385e-09
1.41729e-09
1.45352e-09
1.46899e-09
1.46097e-09
1.42809e-09
1.37084e-09
1.29169e-09
1.19495e-09
1.08619e-09
9.71367e-10
8.56028e-10
7.4468e-10
6.40523e-10
5.4548e-10
4.60417e-10
3.8541e-10
3.20015e-10
2.63468e-10
2.14848e-10
1.73172e-10
1.37468e-10
1.06805e-10
8.03082e-11
5.71601e-11
3.65822e-11
1.78038e-11
3.48274e-34
3.52539e-14
2.37555e-11
4.63449e-11
6.78481e-11
8.83135e-11
1.07788e-10
1.26317e-10
1.43945e-10
1.60713e-10
1.76663e-10
1.91834e-10
2.06262e-10
2.19985e-10
2.33035e-10
2.45446e-10
2.57249e-10
2.68474e-10
2.79149e-10
2.89301e-10
2.98956e-10
3.08139e-10
3.16873e-10
3.2518e-10
3.33081e-10
3.40596e-10
3.47744e-10
3.54544e-10
3.61013e-10
3.67166e-10
3.73021e-10
3.7859e-10
3.83889e-10
4.41862e-10
5.0476e-10
5.7275e-10
6.45907e-10
7.24176e-10
8.07321e-10
8.94862e-10
9.86005e-10
1.07956e-09
1.17385e-09
1.26666e-09
1.35515e-09
1.43588e-09
1.5049e-09
1.55792e-09
1.59068e-09
1.59943e-09
1.58154e-09
1.53612e-09
1.46441e-09
1.36993e-09
1.25809e-09
1.13541e-09
1.00853e-09
8.83296e-10
7.64189e-10
6.54177e-10
5.54853e-10
4.66739e-10
3.89607e-10
3.22761e-10
2.65242e-10
2.15981e-10
1.73891e-10
1.37922e-10
1.0709e-10
8.04865e-11
5.72689e-11
3.66442e-11
1.78317e-11
3.17076e-34
3.9329e-14
2.64963e-11
5.16915e-11
7.56746e-11
9.84994e-11
1.20218e-10
1.40881e-10
1.60538e-10
1.79236e-10
1.97019e-10
2.13932e-10
2.30017e-10
2.45313e-10
2.59859e-10
2.73692e-10
2.86846e-10
2.99354e-10
3.11249e-10
3.2256e-10
3.33317e-10
3.43547e-10
3.53276e-10
3.62528e-10
3.71328e-10
3.79698e-10
3.87658e-10
3.9523e-10
4.02433e-10
4.09284e-10
4.15801e-10
4.22001e-10
4.279e-10
4.92411e-10
5.62349e-10
6.37873e-10
7.19034e-10
8.05728e-10
8.97633e-10
9.94144e-10
1.09429e-09
1.19663e-09
1.29918e-09
1.39932e-09
1.49377e-09
1.57858e-09
1.64925e-09
1.70102e-09
1.72929e-09
1.73018e-09
1.70128e-09
1.64223e-09
1.55521e-09
1.44485e-09
1.3177e-09
1.18122e-09
1.04265e-09
9.08e-10
7.81652e-10
6.66266e-10
5.63067e-10
4.72227e-10
3.93216e-10
3.25099e-10
2.66737e-10
2.16927e-10
1.74484e-10
1.38292e-10
1.07321e-10
8.06292e-11
5.73554e-11
3.66933e-11
1.78538e-11
2.27003e-34
4.15995e-14
2.80231e-11
5.46699e-11
8.00345e-11
1.04173e-10
1.27142e-10
1.48994e-10
1.69781e-10
1.89553e-10
2.08357e-10
2.26241e-10
2.43248e-10
2.5942e-10
2.74799e-10
2.89423e-10
3.03328e-10
3.16551e-10
3.29125e-10
3.41081e-10
3.52451e-10
3.63264e-10
3.73546e-10
3.83324e-10
3.92624e-10
4.01469e-10
4.09881e-10
4.17883e-10
4.25493e-10
4.32732e-10
4.39619e-10
4.4617e-10
4.52401e-10
5.20547e-10
5.94394e-10
6.74097e-10
7.59694e-10
8.51047e-10
9.47786e-10
1.04923e-09
1.15431e-09
1.26143e-09
1.36845e-09
1.47251e-09
1.57007e-09
1.65688e-09
1.72818e-09
1.77894e-09
1.80438e-09
1.80059e-09
1.76529e-09
1.69849e-09
1.6029e-09
1.4838e-09
1.34837e-09
1.20455e-09
1.05984e-09
9.2033e-10
7.90293e-10
6.72199e-10
5.67069e-10
4.74881e-10
3.94949e-10
3.26214e-10
2.67445e-10
2.1737e-10
1.7476e-10
1.38463e-10
1.07426e-10
8.06938e-11
5.73944e-11
3.67153e-11
1.78637e-11
-3.65309e-33
4.33811e-14
2.92211e-11
5.70069e-11
8.34554e-11
1.08626e-10
1.32575e-10
1.55359e-10
1.77033e-10
1.97647e-10
2.17253e-10
2.35898e-10
2.53628e-10
2.70488e-10
2.8652e-10
3.01765e-10
3.1626e-10
3.30043e-10
3.43149e-10
3.55612e-10
3.67462e-10
3.78732e-10
3.89448e-10
3.99639e-10
4.09331e-10
4.18548e-10
4.27315e-10
4.35653e-10
4.43583e-10
4.51127e-10
4.58302e-10
4.65128e-10
4.71621e-10
5.42615e-10
6.19525e-10
7.02503e-10
7.91571e-10
8.86569e-10
9.87087e-10
1.09238e-09
1.2013e-09
1.31215e-09
1.42262e-09
1.52969e-09
1.62962e-09
1.71793e-09
1.78963e-09
1.83949e-09
1.86259e-09
1.85502e-09
1.81462e-09
1.7417e-09
1.63938e-09
1.51346e-09
1.3716e-09
1.22212e-09
1.07272e-09
9.29527e-10
7.96705e-10
6.76582e-10
5.7001e-10
4.76821e-10
3.96209e-10
3.27019e-10
2.67952e-10
2.17686e-10
1.74954e-10
1.38582e-10
1.07499e-10
8.07383e-11
5.74211e-11
3.67303e-11
1.78704e-11
-1.13015e-32
4.61839e-14
3.11056e-11
6.06831e-11
8.88365e-11
1.15629e-10
1.41121e-10
1.65372e-10
1.8844e-10
2.10381e-10
2.31246e-10
2.51088e-10
2.69957e-10
2.87898e-10
3.04957e-10
3.21178e-10
3.36601e-10
3.51265e-10
3.65208e-10
3.78466e-10
3.91073e-10
4.03061e-10
4.1446e-10
4.25299e-10
4.35608e-10
4.45411e-10
4.54735e-10
4.63602e-10
4.72036e-10
4.80057e-10
4.87688e-10
4.94946e-10
5.0185e-10
5.77322e-10
6.59047e-10
7.4717e-10
8.41692e-10
9.42413e-10
1.04886e-09
1.1602e-09
1.27513e-09
1.3918e-09
1.50767e-09
1.61943e-09
1.72302e-09
1.8136e-09
1.88583e-09
1.93418e-09
1.95351e-09
1.9399e-09
1.89138e-09
1.80874e-09
1.69581e-09
1.55917e-09
1.40725e-09
1.24896e-09
1.09229e-09
9.43403e-10
8.06308e-10
6.83086e-10
5.74329e-10
4.79636e-10
3.98008e-10
3.28148e-10
2.68648e-10
2.18108e-10
1.75207e-10
1.38732e-10
1.07588e-10
8.07913e-11
5.74522e-11
3.67476e-11
1.78781e-11
-1.4459e-32
4.77295e-14
3.21448e-11
6.27102e-11
9.18038e-11
1.1949e-10
1.45833e-10
1.70893e-10
1.9473e-10
2.17401e-10
2.38962e-10
2.59464e-10
2.7896e-10
2.97497e-10
3.15123e-10
3.31881e-10
3.47815e-10
3.62966e-10
3.77371e-10
3.91067e-10
4.04091e-10
4.16474e-10
4.28249e-10
4.39447e-10
4.50095e-10
4.60221e-10
4.69851e-10
4.7901e-10
4.87722e-10
4.96007e-10
5.03888e-10
5.11384e-10
5.18515e-10
5.96454e-10
6.80832e-10
7.71787e-10
8.69311e-10
9.7318e-10
1.08289e-09
1.19754e-09
1.31578e-09
1.43563e-09
1.55443e-09
1.66874e-09
1.77429e-09
1.86607e-09
1.93852e-09
1.98594e-09
2.00311e-09
1.98606e-09
1.93299e-09
1.84493e-09
1.7261e-09
1.58354e-09
1.42611e-09
1.26301e-09
1.1024e-09
9.50455e-10
8.11091e-10
6.86245e-10
5.76361e-10
4.80905e-10
3.98777e-10
3.28597e-10
2.68898e-10
2.1824e-10
1.75273e-10
1.38762e-10
1.07601e-10
8.07959e-11
5.74536e-11
3.67479e-11
1.78781e-11
-1.31453e-32
4.82708e-14
3.25087e-11
6.34201e-11
9.28429e-11
1.20843e-10
1.47483e-10
1.72827e-10
1.96933e-10
2.1986e-10
2.41663e-10
2.62397e-10
2.82112e-10
3.00858e-10
3.18682e-10
3.35629e-10
3.51742e-10
3.67062e-10
3.81629e-10
3.95479e-10
4.08648e-10
4.2117e-10
4.33077e-10
4.44399e-10
4.55166e-10
4.65406e-10
4.75143e-10
4.84404e-10
4.93212e-10
5.0159e-10
5.09558e-10
5.17138e-10
5.24348e-10
6.0315e-10
6.88454e-10
7.80398e-10
8.78968e-10
9.83933e-10
1.09477e-09
1.21058e-09
1.32995e-09
1.45089e-09
1.5707e-09
1.68586e-09
1.79206e-09
1.8842e-09
1.95665e-09
2.00368e-09
2.02e-09
2.00168e-09
1.94693e-09
1.8569e-09
1.73594e-09
1.59128e-09
1.43192e-09
1.26716e-09
1.10523e-09
9.52278e-10
8.12195e-10
6.86858e-10
5.76656e-10
4.81005e-10
3.98766e-10
3.28532e-10
2.68813e-10
2.18155e-10
1.75198e-10
1.38702e-10
1.07555e-10
8.07636e-11
5.74321e-11
3.67351e-11
1.78722e-11
-1.1947e-32
4.80382e-14
3.23522e-11
6.31148e-11
9.23961e-11
1.20261e-10
1.46774e-10
1.71995e-10
1.95986e-10
2.18802e-10
2.40501e-10
2.61135e-10
2.80756e-10
2.99412e-10
3.1715e-10
3.34016e-10
3.50052e-10
3.65299e-10
3.79796e-10
3.93579e-10
4.06686e-10
4.19148e-10
4.30998e-10
4.42266e-10
4.52982e-10
4.63172e-10
4.72863e-10
4.8208e-10
4.90846e-10
4.99184e-10
5.07115e-10
5.14658e-10
5.21834e-10
6.00262e-10
6.85162e-10
7.76675e-10
8.74786e-10
9.79267e-10
1.0896e-09
1.20489e-09
1.32374e-09
1.44417e-09
1.56349e-09
1.67822e-09
1.78404e-09
1.87592e-09
1.94824e-09
1.99529e-09
2.01181e-09
1.99387e-09
1.93967e-09
1.85034e-09
1.73018e-09
1.58636e-09
1.42781e-09
1.26381e-09
1.10254e-09
9.50147e-10
8.10522e-10
6.85554e-10
5.75646e-10
4.80228e-10
3.98172e-10
3.28082e-10
2.68476e-10
2.17906e-10
1.75017e-10
1.38573e-10
1.07466e-10
8.07034e-11
5.73935e-11
3.67124e-11
1.78618e-11
-1.08552e-32
4.72304e-14
3.1809e-11
6.20552e-11
9.08449e-11
1.18242e-10
1.4431e-10
1.69109e-10
1.92697e-10
2.15132e-10
2.36467e-10
2.56756e-10
2.76048e-10
2.94393e-10
3.11835e-10
3.28419e-10
3.44188e-10
3.5918e-10
3.73435e-10
3.8699e-10
3.99878e-10
4.12133e-10
4.23786e-10
4.34867e-10
4.45405e-10
4.55426e-10
4.64957e-10
4.74021e-10
4.82642e-10
4.90841e-10
4.98641e-10
5.06059e-10
5.13116e-10
5.90251e-10
6.73761e-10
7.63786e-10
8.60318e-10
9.63141e-10
1.07175e-09
1.18528e-09
1.30238e-09
1.4211e-09
1.53883e-09
1.65216e-09
1.75687e-09
1.84802e-09
1.9201e-09
1.96748e-09
1.98497e-09
1.96864e-09
1.91666e-09
1.83001e-09
1.71281e-09
1.57201e-09
1.41633e-09
1.25488e-09
1.09575e-09
9.45082e-10
8.06791e-10
6.8283e-10
5.7367e-10
4.78801e-10
3.97147e-10
3.27348e-10
2.67954e-10
2.17538e-10
1.74759e-10
1.38395e-10
1.07344e-10
8.06227e-11
5.73421e-11
3.66824e-11
1.78481e-11
-9.8613e-33
4.60126e-14
3.09901e-11
6.04577e-11
8.85065e-11
1.15199e-10
1.40596e-10
1.64758e-10
1.8774e-10
2.09598e-10
2.30386e-10
2.50155e-10
2.68952e-10
2.86827e-10
3.03822e-10
3.19982e-10
3.35347e-10
3.49957e-10
3.63848e-10
3.77056e-10
3.89616e-10
4.01558e-10
4.12915e-10
4.23714e-10
4.33983e-10
4.4375e-10
4.53038e-10
4.61872e-10
4.70274e-10
4.78266e-10
4.85867e-10
4.93098e-10
4.99976e-10
5.75163e-10
6.56577e-10
7.44361e-10
8.38517e-10
9.38844e-10
1.04487e-09
1.15575e-09
1.27021e-09
1.38638e-09
1.50172e-09
1.61296e-09
1.71602e-09
1.80609e-09
1.87785e-09
1.92577e-09
1.94478e-09
1.93094e-09
1.88234e-09
1.79978e-09
1.6871e-09
1.55087e-09
1.39953e-09
1.24192e-09
1.086e-09
9.37893e-10
8.01569e-10
6.79078e-10
5.70995e-10
4.76906e-10
3.95811e-10
3.2641e-10
2.67299e-10
2.17082e-10
1.74445e-10
1.3818e-10
1.072e-10
8.05273e-11
5.72817e-11
3.66472e-11
1.78321e-11
-8.95723e-33
4.45179e-14
2.9985e-11
5.84971e-11
8.56365e-11
1.11464e-10
1.36039e-10
1.59417e-10
1.81656e-10
2.02807e-10
2.22923e-10
2.42052e-10
2.60243e-10
2.77541e-10
2.93988e-10
3.09627e-10
3.24498e-10
3.38637e-10
3.52081e-10
3.64865e-10
3.77021e-10
3.8858e-10
3.99572e-10
4.10025e-10
4.19966e-10
4.2942e-10
4.38411e-10
4.46962e-10
4.55095e-10
4.62832e-10
4.7019e-10
4.7719e-10
4.83849e-10
5.56645e-10
6.35487e-10
7.20522e-10
8.11761e-10
9.09024e-10
1.01187e-09
1.11951e-09
1.23073e-09
1.34376e-09
1.45618e-09
1.56485e-09
1.66588e-09
1.75465e-09
1.82601e-09
1.87461e-09
1.89549e-09
1.88472e-09
1.8403e-09
1.76277e-09
1.65564e-09
1.52506e-09
1.37905e-09
1.22616e-09
1.07419e-09
9.29223e-10
7.95306e-10
6.74608e-10
5.67833e-10
4.74685e-10
3.94259e-10
3.25331e-10
2.66551e-10
2.16568e-10
1.74093e-10
1.37941e-10
1.07039e-10
8.04219e-11
5.7215e-11
3.66084e-11
1.78144e-11
-8.13528e-33
4.28512e-14
2.88642e-11
5.63107e-11
8.24361e-11
1.07299e-10
1.30956e-10
1.53462e-10
1.74871e-10
1.95234e-10
2.146e-10
2.33017e-10
2.50531e-10
2.67185e-10
2.83022e-10
2.9808e-10
3.12398e-10
3.26013e-10
3.3896e-10
3.5127e-10
3.62976e-10
3.74108e-10
3.84693e-10
3.9476e-10
4.04334e-10
4.13439e-10
4.22098e-10
4.30334e-10
4.38168e-10
4.4562e-10
4.52708e-10
4.5945e-10
4.65865e-10
5.35993e-10
6.11967e-10
6.93935e-10
7.8192e-10
8.75766e-10
9.75066e-10
1.07909e-09
1.1867e-09
1.29622e-09
1.40537e-09
1.51118e-09
1.60994e-09
1.69725e-09
1.76815e-09
1.8175e-09
1.84044e-09
1.83309e-09
1.79332e-09
1.72142e-09
1.62048e-09
1.49621e-09
1.35617e-09
1.20857e-09
1.06102e-09
9.19577e-10
7.88356e-10
6.69664e-10
5.6435e-10
4.72248e-10
3.92565e-10
3.24159e-10
2.65745e-10
2.16015e-10
1.73716e-10
1.37686e-10
1.06869e-10
8.03103e-11
5.71445e-11
3.65674e-11
1.77957e-11
-7.38832e-33
4.10928e-14
2.76818e-11
5.4004e-11
7.90596e-11
1.02905e-10
1.25594e-10
1.47179e-10
1.67713e-10
1.87244e-10
2.05819e-10
2.23485e-10
2.40285e-10
2.5626e-10
2.71452e-10
2.85897e-10
2.99633e-10
3.12695e-10
3.25116e-10
3.36926e-10
3.48158e-10
3.58838e-10
3.68995e-10
3.78655e-10
3.87841e-10
3.96578e-10
4.04888e-10
4.12792e-10
4.20309e-10
4.2746e-10
4.34263e-10
4.40734e-10
4.4689e-10
5.14204e-10
5.8715e-10
6.65882e-10
7.50433e-10
8.40671e-10
9.36228e-10
1.03643e-09
1.14022e-09
1.24603e-09
1.35173e-09
1.45451e-09
1.55086e-09
1.6366e-09
1.70701e-09
1.75713e-09
1.78223e-09
1.77847e-09
1.74359e-09
1.67762e-09
1.58322e-09
1.46561e-09
1.3319e-09
1.18991e-09
1.04706e-09
9.09349e-10
7.80996e-10
6.64437e-10
5.60674e-10
4.69685e-10
3.90788e-10
3.22934e-10
2.64904e-10
2.15441e-10
1.73326e-10
1.37423e-10
1.06693e-10
8.01954e-11
5.7072e-11
3.65253e-11
1.77765e-11
-3.36622e-33
3.92743e-14
2.64589e-11
5.16184e-11
7.55675e-11
9.83598e-11
1.20048e-10
1.40681e-10
1.6031e-10
1.7898e-10
1.96738e-10
2.13626e-10
2.29687e-10
2.4496e-10
2.59485e-10
2.73296e-10
2.8643e-10
2.9892e-10
3.10796e-10
3.2209e-10
3.3283e-10
3.43044e-10
3.52758e-10
3.61995e-10
3.70781e-10
3.79137e-10
3.87085e-10
3.94645e-10
4.01836e-10
4.08676e-10
4.15183e-10
4.21373e-10
4.27261e-10
4.91663e-10
5.61476e-10
6.36855e-10
7.17849e-10
8.04346e-10
8.96021e-10
9.92258e-10
1.09207e-09
1.19403e-09
1.29612e-09
1.39572e-09
1.48952e-09
1.57358e-09
1.6434e-09
1.69423e-09
1.7215e-09
1.72137e-09
1.69149e-09
1.63161e-09
1.54397e-09
1.43329e-09
1.30617e-09
1.17007e-09
1.03217e-09
8.98427e-10
7.73122e-10
6.58838e-10
5.56736e-10
4.66937e-10
3.88884e-10
3.21622e-10
2.64004e-10
2.14827e-10
1.72909e-10
1.37142e-10
1.06506e-10
8.00728e-11
5.69946e-11
3.64803e-11
1.7756e-11
3.13828e-34
3.73883e-14
2.51904e-11
4.9144e-11
7.19454e-11
9.36458e-11
1.14295e-10
1.33941e-10
1.5263e-10
1.70408e-10
1.87317e-10
2.03399e-10
2.18693e-10
2.33238e-10
2.47071e-10
2.60224e-10
2.72733e-10
2.84629e-10
2.95941e-10
3.06698e-10
3.16929e-10
3.26658e-10
3.35911e-10
3.44712e-10
3.53081e-10
3.61042e-10
3.68614e-10
3.75817e-10
3.82668e-10
3.89185e-10
3.95385e-10
4.01283e-10
4.06895e-10
4.68272e-10
5.34828e-10
6.06723e-10
6.84015e-10
7.66618e-10
8.54243e-10
9.46337e-10
1.042e-09
1.1399e-09
1.23818e-09
1.3344e-09
1.42547e-09
1.50767e-09
1.57674e-09
1.62817e-09
1.65751e-09
1.66101e-09
1.6362e-09
1.58256e-09
1.50192e-09
1.39847e-09
1.27831e-09
1.14847e-09
1.01587e-09
8.86415e-10
7.64429e-10
6.52637e-10
5.52361e-10
4.63878e-10
3.8676e-10
3.20156e-10
2.62998e-10
2.14139e-10
1.72442e-10
1.36827e-10
1.06296e-10
7.9935e-11
5.69076e-11
3.64297e-11
1.77329e-11
3.44772e-34
3.54424e-14
2.38815e-11
4.65906e-11
6.82077e-11
8.87813e-11
1.08359e-10
1.26985e-10
1.44706e-10
1.61562e-10
1.77595e-10
1.92845e-10
2.07348e-10
2.21141e-10
2.34259e-10
2.46734e-10
2.58597e-10
2.69879e-10
2.80609e-10
2.90812e-10
3.00517e-10
3.09746e-10
3.18523e-10
3.26872e-10
3.34812e-10
3.42365e-10
3.49549e-10
3.56382e-10
3.62883e-10
3.69067e-10
3.74949e-10
3.80546e-10
3.85871e-10
4.44122e-10
5.07312e-10
5.75602e-10
6.49062e-10
7.27629e-10
8.11053e-10
8.98839e-10
9.90171e-10
1.08383e-09
1.17812e-09
1.27076e-09
1.3589e-09
1.43904e-09
1.5072e-09
1.55907e-09
1.59039e-09
1.59746e-09
1.57774e-09
1.53045e-09
1.457e-09
1.36107e-09
1.2482e-09
1.12498e-09
9.98059e-10
8.73217e-10
7.54836e-10
6.45768e-10
5.475e-10
4.6047e-10
3.84388e-10
3.18516e-10
2.6187e-10
2.13367e-10
1.71917e-10
1.36473e-10
1.06059e-10
7.978e-11
5.68097e-11
3.63728e-11
1.7707e-11
3.78705e-34
3.34459e-14
2.25384e-11
4.39705e-11
6.43722e-11
8.37895e-11
1.02267e-10
1.19848e-10
1.36573e-10
1.52484e-10
1.67618e-10
1.82014e-10
1.95705e-10
2.08726e-10
2.2111e-10
2.32888e-10
2.44089e-10
2.54741e-10
2.64872e-10
2.74507e-10
2.83671e-10
2.92386e-10
3.00676e-10
3.0856e-10
3.16059e-10
3.23192e-10
3.29978e-10
3.36432e-10
3.42573e-10
3.48414e-10
3.53971e-10
3.59258e-10
3.64288e-10
4.19327e-10
4.79056e-10
5.43637e-10
6.13152e-10
6.87558e-10
7.66645e-10
8.49976e-10
9.36818e-10
1.02607e-09
1.11617e-09
1.20505e-09
1.29005e-09
1.36794e-09
1.43498e-09
1.48712e-09
1.52028e-09
1.53083e-09
1.51618e-09
1.4753e-09
1.40919e-09
1.321e-09
1.21573e-09
1.0995e-09
9.78614e-10
8.58731e-10
7.44256e-10
6.38161e-10
5.42099e-10
4.56672e-10
3.8174e-10
3.16681e-10
2.60606e-10
2.12501e-10
1.71327e-10
1.36074e-10
1.05793e-10
7.96053e-11
5.66993e-11
3.63086e-11
1.76777e-11
2.33507e-34
3.31045e-14
2.23088e-11
4.35225e-11
6.37164e-11
8.2936e-11
1.01225e-10
1.18627e-10
1.35183e-10
1.50932e-10
1.65913e-10
1.80161e-10
1.93714e-10
2.06603e-10
2.18862e-10
2.3052e-10
2.41608e-10
2.52152e-10
2.62181e-10
2.71719e-10
2.8079e-10
2.89418e-10
2.97623e-10
3.05428e-10
3.12852e-10
3.19914e-10
3.26631e-10
3.33021e-10
3.39099e-10
3.44882e-10
3.50383e-10
3.55617e-10
3.60596e-10
4.15086e-10
4.74222e-10
5.38168e-10
6.07007e-10
6.80699e-10
7.59042e-10
8.41608e-10
9.27677e-10
1.01617e-09
1.10555e-09
1.19377e-09
1.27822e-09
1.35571e-09
1.42255e-09
1.47471e-09
1.50816e-09
1.51929e-09
1.50548e-09
1.46568e-09
1.40083e-09
1.31397e-09
1.21001e-09
1.09499e-09
9.75162e-10
8.56151e-10
7.42366e-10
6.36799e-10
5.41129e-10
4.55989e-10
3.81262e-10
3.1635e-10
2.60377e-10
2.12345e-10
1.71221e-10
1.36002e-10
1.05745e-10
7.95737e-11
5.66793e-11
3.6297e-11
1.76724e-11
2.17713e-34
3.14095e-14
2.11683e-11
4.12978e-11
6.04597e-11
7.86975e-11
9.60528e-11
1.12566e-10
1.28277e-10
1.43223e-10
1.57441e-10
1.70964e-10
1.83826e-10
1.9606e-10
2.07695e-10
2.18761e-10
2.29286e-10
2.39296e-10
2.48816e-10
2.57871e-10
2.66482e-10
2.74673e-10
2.82464e-10
2.89875e-10
2.96924e-10
3.03629e-10
3.10007e-10
3.16074e-10
3.21847e-10
3.27338e-10
3.32562e-10
3.37533e-10
3.42262e-10
3.9402e-10
4.5021e-10
5.10997e-10
5.76472e-10
6.46613e-10
7.21247e-10
7.99995e-10
8.82206e-10
9.6689e-10
1.05264e-09
1.13756e-09
1.21923e-09
1.29466e-09
1.36038e-09
1.41258e-09
1.44739e-09
1.46129e-09
1.45162e-09
1.41714e-09
1.35847e-09
1.27823e-09
1.18084e-09
1.07191e-09
9.57428e-10
8.42855e-10
7.32599e-10
6.29742e-10
5.36098e-10
4.52439e-10
3.78779e-10
3.14625e-10
2.59187e-10
2.11528e-10
1.70664e-10
1.35625e-10
1.05492e-10
7.94082e-11
5.65747e-11
3.62361e-11
1.76446e-11
4.21332e-34
2.93458e-14
1.97796e-11
3.85887e-11
5.6494e-11
7.35361e-11
8.9754e-11
1.05186e-10
1.19868e-10
1.33836e-10
1.47123e-10
1.59762e-10
1.71785e-10
1.8322e-10
1.94096e-10
2.0444e-10
2.14279e-10
2.23637e-10
2.32538e-10
2.41004e-10
2.49056e-10
2.56715e-10
2.64e-10
2.70929e-10
2.77521e-10
2.83792e-10
2.89757e-10
2.95432e-10
3.0083e-10
3.05966e-10
3.10853e-10
3.15503e-10
3.19926e-10
3.68352e-10
4.20948e-10
4.77878e-10
5.39241e-10
6.05037e-10
6.75127e-10
7.49188e-10
8.26649e-10
9.06633e-10
9.87878e-10
1.06867e-09
1.14682e-09
1.21958e-09
1.28375e-09
1.33578e-09
1.37202e-09
1.38906e-09
1.38423e-09
1.35609e-09
1.30489e-09
1.23272e-09
1.14344e-09
1.04214e-09
9.34395e-10
8.25483e-10
7.1977e-10
6.2043e-10
5.29432e-10
4.47721e-10
3.75469e-10
3.12321e-10
2.57594e-10
2.10433e-10
1.69916e-10
1.35119e-10
1.05153e-10
7.91854e-11
5.64338e-11
3.61541e-11
1.76072e-11
5.01271e-34
2.72685e-14
1.83816e-11
3.58614e-11
5.25016e-11
6.83398e-11
8.34127e-11
9.77553e-11
1.11402e-10
1.24385e-10
1.36736e-10
1.48485e-10
1.5966e-10
1.70291e-10
1.80403e-10
1.9002e-10
1.99168e-10
2.0787e-10
2.16146e-10
2.24018e-10
2.31506e-10
2.38629e-10
2.45405e-10
2.5185e-10
2.57981e-10
2.63813e-10
2.69362e-10
2.74641e-10
2.79663e-10
2.84442e-10
2.88988e-10
2.93313e-10
2.97429e-10
3.42495e-10
3.91463e-10
4.44497e-10
5.01704e-10
5.63101e-10
6.28583e-10
6.9788e-10
7.70501e-10
8.45673e-10
9.2228e-10
9.98795e-10
1.07323e-09
1.1431e-09
1.20549e-09
1.2571e-09
1.29451e-09
1.31445e-09
1.31425e-09
1.29231e-09
1.24852e-09
1.18449e-09
1.1035e-09
1.01009e-09
9.09419e-10
8.06512e-10
7.05672e-10
6.10141e-10
5.22032e-10
4.42462e-10
3.71768e-10
3.09737e-10
2.55803e-10
2.092e-10
1.69073e-10
1.34546e-10
1.0477e-10
7.89333e-11
5.62741e-11
3.60611e-11
1.75647e-11
5.50095e-34
2.51925e-14
1.69843e-11
3.31355e-11
4.85112e-11
6.31462e-11
7.70743e-11
9.03281e-11
1.02939e-10
1.14937e-10
1.26352e-10
1.37211e-10
1.47541e-10
1.57367e-10
1.66714e-10
1.75604e-10
1.84061e-10
1.92106e-10
1.99758e-10
2.07037e-10
2.1396e-10
2.20547e-10
2.26812e-10
2.32773e-10
2.38443e-10
2.43837e-10
2.48969e-10
2.53852e-10
2.58497e-10
2.62917e-10
2.67123e-10
2.71124e-10
2.74932e-10
3.16632e-10
3.61965e-10
4.11093e-10
4.64127e-10
5.21101e-10
5.81942e-10
6.46431e-10
7.14148e-10
7.84429e-10
8.56292e-10
9.28387e-10
9.9894e-10
1.06573e-09
1.12609e-09
1.177e-09
1.21528e-09
1.23782e-09
1.24198e-09
1.22603e-09
1.18953e-09
1.13363e-09
1.06103e-09
9.75726e-10
8.82416e-10
7.85844e-10
6.90207e-10
5.98786e-10
5.13823e-10
4.36602e-10
3.67629e-10
3.06839e-10
2.53788e-10
2.0781e-10
1.6812e-10
1.33899e-10
1.04335e-10
7.86475e-11
5.6093e-11
3.59555e-11
1.75165e-11
6.03475e-34
2.31338e-14
1.55983e-11
3.04317e-11
4.4553e-11
5.79945e-11
7.07871e-11
8.29608e-11
9.45445e-11
1.05566e-10
1.16052e-10
1.26027e-10
1.35517e-10
1.44545e-10
1.53133e-10
1.61302e-10
1.69073e-10
1.76466e-10
1.83498e-10
1.90187e-10
1.96551e-10
2.02605e-10
2.08364e-10
2.13843e-10
2.19055e-10
2.24014e-10
2.28732e-10
2.33221e-10
2.37492e-10
2.41556e-10
2.45423e-10
2.49103e-10
2.52604e-10
2.9096e-10
3.32677e-10
3.77916e-10
4.26791e-10
4.79352e-10
5.35553e-10
5.95221e-10
6.58009e-10
7.23348e-10
7.90391e-10
8.57957e-10
9.2448e-10
9.8798e-10
1.04607e-09
1.096e-09
1.13482e-09
1.15961e-09
1.16779e-09
1.15753e-09
1.12811e-09
1.08024e-09
1.01606e-09
9.39018e-10
8.53321e-10
7.63391e-10
6.7328e-10
5.86274e-10
5.04726e-10
4.30077e-10
3.63001e-10
3.03586e-10
2.51521e-10
2.06241e-10
1.67043e-10
1.33167e-10
1.03843e-10
7.83231e-11
5.58873e-11
3.58355e-11
1.74617e-11
6.61783e-34
2.11085e-14
1.42346e-11
2.77713e-11
4.06584e-11
5.29254e-11
6.46006e-11
7.57114e-11
8.6284e-11
9.6344e-11
1.05915e-10
1.15022e-10
1.23685e-10
1.31927e-10
1.39768e-10
1.47227e-10
1.54322e-10
1.61073e-10
1.67494e-10
1.73603e-10
1.79415e-10
1.84944e-10
1.90204e-10
1.95209e-10
1.9997e-10
2.045e-10
2.08811e-10
2.12912e-10
2.16814e-10
2.20527e-10
2.24061e-10
2.27423e-10
2.30623e-10
2.6568e-10
3.0383e-10
3.45228e-10
3.89991e-10
4.3818e-10
4.89777e-10
5.4465e-10
6.02517e-10
6.62902e-10
7.25082e-10
7.88039e-10
8.50406e-10
9.10439e-10
9.66011e-10
1.01465e-09
1.05367e-09
1.08032e-09
1.09212e-09
1.08718e-09
1.06454e-09
1.0245e-09
9.68694e-10
8.99986e-10
8.22095e-10
7.39081e-10
6.54803e-10
5.72518e-10
4.94661e-10
4.22818e-10
3.57828e-10
2.99937e-10
2.48969e-10
2.04471e-10
1.65825e-10
1.32336e-10
1.03284e-10
7.79542e-11
5.56531e-11
3.56988e-11
1.73992e-11
7.25405e-34
1.9133e-14
1.29041e-11
2.51757e-11
3.68586e-11
4.79797e-11
5.85645e-11
6.8638e-11
7.82241e-11
8.73457e-11
9.60248e-11
1.04283e-10
1.12139e-10
1.19614e-10
1.26725e-10
1.3349e-10
1.39927e-10
1.4605e-10
1.51875e-10
1.57418e-10
1.6269e-10
1.67707e-10
1.7248e-10
1.77021e-10
1.81342e-10
1.85453e-10
1.89365e-10
1.93087e-10
1.96629e-10
1.99999e-10
2.03206e-10
2.06258e-10
2.09163e-10
2.40995e-10
2.75654e-10
3.1329e-10
3.5402e-10
3.97916e-10
4.44981e-10
4.95122e-10
5.48116e-10
6.03573e-10
6.60886e-10
7.19187e-10
7.77301e-10
8.3371e-10
8.8654e-10
9.33594e-10
9.72429e-10
1.00052e-09
1.01549e-09
1.01542e-09
9.99166e-10
9.66669e-10
9.19073e-10
8.58692e-10
7.88733e-10
7.1286e-10
6.34698e-10
5.57431e-10
4.83544e-10
4.14752e-10
3.5205e-10
2.95844e-10
2.46096e-10
2.02472e-10
1.64446e-10
1.31394e-10
1.02648e-10
7.75344e-11
5.53862e-11
3.55429e-11
1.73278e-11
7.94735e-34
1.72228e-14
1.16175e-11
2.26656e-11
3.3184e-11
4.31967e-11
5.2727e-11
6.17973e-11
7.0429e-11
7.86429e-11
8.64587e-11
9.38955e-11
1.00971e-10
1.07704e-10
1.14109e-10
1.20203e-10
1.26001e-10
1.31517e-10
1.36766e-10
1.41759e-10
1.4651e-10
1.51031e-10
1.55332e-10
1.59424e-10
1.63318e-10
1.67023e-10
1.70549e-10
1.73904e-10
1.77097e-10
1.80135e-10
1.83026e-10
1.85778e-10
1.88396e-10
2.17103e-10
2.48376e-10
2.82358e-10
3.19167e-10
3.58882e-10
4.01524e-10
4.47035e-10
4.95244e-10
5.45838e-10
5.98318e-10
6.51957e-10
7.05755e-10
7.58409e-10
8.08291e-10
8.53463e-10
8.91741e-10
9.20816e-10
9.38449e-10
9.42737e-10
9.324e-10
9.07059e-10
8.67414e-10
8.15255e-10
7.53272e-10
6.84705e-10
6.12905e-10
5.40934e-10
4.71296e-10
4.05805e-10
3.45605e-10
2.91255e-10
2.42862e-10
2.00214e-10
1.62883e-10
1.30323e-10
1.01925e-10
7.70558e-11
5.50816e-11
3.53647e-11
1.72463e-11
8.70171e-34
1.53929e-14
1.03846e-11
2.02604e-11
2.96628e-11
3.86135e-11
4.71332e-11
5.5242e-11
6.29591e-11
7.0303e-11
7.72913e-11
8.39411e-11
9.02684e-11
9.62889e-11
1.02017e-10
1.07468e-10
1.12654e-10
1.17588e-10
1.22283e-10
1.2675e-10
1.31e-10
1.35045e-10
1.38893e-10
1.42555e-10
1.46039e-10
1.49355e-10
1.5251e-10
1.55513e-10
1.5837e-10
1.6109e-10
1.63678e-10
1.66141e-10
1.68485e-10
1.94188e-10
2.22207e-10
2.52674e-10
2.85705e-10
3.21384e-10
3.59749e-10
4.00768e-10
4.4432e-10
4.90159e-10
5.37882e-10
5.86891e-10
6.3635e-10
6.85154e-10
7.31907e-10
7.74922e-10
8.12269e-10
8.41863e-10
8.61627e-10
8.69705e-10
8.64726e-10
8.46057e-10
8.14e-10
7.69853e-10
7.15798e-10
6.5463e-10
5.89385e-10
5.22963e-10
4.5784e-10
3.95904e-10
3.38427e-10
2.86116e-10
2.39224e-10
1.97663e-10
1.61112e-10
1.29107e-10
1.01101e-10
7.65098e-11
5.47336e-11
3.5161e-11
1.7153e-11
9.52103e-34
1.36565e-14
9.21449e-12
1.79776e-11
2.63208e-11
3.42635e-11
4.18239e-11
4.902e-11
5.58688e-11
6.23866e-11
6.85893e-11
7.44917e-11
8.01083e-11
8.54528e-11
9.05383e-11
9.53773e-11
9.99818e-11
1.04363e-10
1.08532e-10
1.12499e-10
1.16274e-10
1.19866e-10
1.23284e-10
1.26536e-10
1.29631e-10
1.32577e-10
1.3538e-10
1.38048e-10
1.40586e-10
1.43002e-10
1.45302e-10
1.4749e-10
1.49573e-10
1.72421e-10
1.97339e-10
2.24455e-10
2.5388e-10
2.85702e-10
3.19967e-10
3.56671e-10
3.9573e-10
4.36961e-10
4.80046e-10
5.24501e-10
5.69639e-10
6.14537e-10
6.58014e-10
6.98625e-10
7.34682e-10
7.64332e-10
7.85672e-10
7.96929e-10
7.96687e-10
7.84118e-10
7.59184e-10
7.22731e-10
6.76452e-10
6.2269e-10
5.64133e-10
5.03472e-10
4.43111e-10
3.84978e-10
3.30448e-10
2.8037e-10
2.35134e-10
1.94783e-10
1.59106e-10
1.27725e-10
1.00162e-10
7.58863e-11
5.43356e-11
3.49277e-11
1.7046e-11
1.0409e-33
1.20249e-14
8.11479e-12
1.58321e-11
2.31799e-11
3.01751e-11
3.68339e-11
4.3172e-11
4.92045e-11
5.49458e-11
6.04097e-11
6.56095e-11
7.05577e-11
7.52665e-11
7.97474e-11
8.40113e-11
8.80688e-11
9.19299e-11
9.56041e-11
9.91004e-11
1.02428e-10
1.05594e-10
1.08607e-10
1.11474e-10
1.14203e-10
1.168e-10
1.19271e-10
1.21623e-10
1.23862e-10
1.25993e-10
1.2802e-10
1.29951e-10
1.31788e-10
1.51943e-10
1.73939e-10
1.97892e-10
2.23908e-10
2.52076e-10
2.82451e-10
3.15048e-10
3.49817e-10
3.86625e-10
4.2523e-10
4.65248e-10
5.06126e-10
5.47107e-10
5.87206e-10
6.25199e-10
6.59638e-10
6.88894e-10
7.11251e-10
7.2505e-10
7.28875e-10
7.2176e-10
7.03385e-10
6.74201e-10
6.3544e-10
5.88995e-10
5.3718e-10
4.82439e-10
4.27057e-10
3.72961e-10
3.21605e-10
2.73957e-10
2.30543e-10
1.91535e-10
1.56833e-10
1.26153e-10
9.90921e-11
7.51738e-11
5.38798e-11
3.46602e-11
1.69233e-11
1.13689e-33
1.05072e-14
7.09162e-12
1.3836e-11
2.02575e-11
2.6371e-11
3.21908e-11
3.77305e-11
4.30033e-11
4.80219e-11
5.27982e-11
5.73439e-11
6.16699e-11
6.57868e-11
6.97047e-11
7.34332e-11
7.69813e-11
8.03579e-11
8.35712e-11
8.66292e-11
8.95393e-11
9.23088e-11
9.49445e-11
9.74529e-11
9.98402e-11
1.02112e-10
1.04275e-10
1.06333e-10
1.08292e-10
1.10156e-10
1.11931e-10
1.1362e-10
1.15228e-10
1.32873e-10
1.5214e-10
1.73136e-10
1.95963e-10
2.20705e-10
2.47425e-10
2.76152e-10
3.06863e-10
3.39468e-10
3.7379e-10
4.09532e-10
4.46256e-10
4.83353e-10
5.20015e-10
5.55225e-10
5.87754e-10
6.16196e-10
6.39028e-10
6.54727e-10
6.61916e-10
6.59548e-10
6.47087e-10
6.24644e-10
5.93033e-10
5.5371e-10
5.08606e-10
4.59876e-10
4.09648e-10
3.59802e-10
3.11837e-10
2.66819e-10
2.254e-10
1.87875e-10
1.5426e-10
1.24367e-10
9.7872e-11
7.43593e-11
5.33578e-11
3.43533e-11
1.67824e-11
1.24034e-33
9.10975e-15
6.14936e-12
1.19977e-11
1.75662e-11
2.28677e-11
2.79147e-11
3.2719e-11
3.7292e-11
4.16447e-11
4.57876e-11
4.97306e-11
5.34833e-11
5.70548e-11
6.04539e-11
6.36887e-11
6.67674e-11
6.96973e-11
7.24857e-11
7.51395e-11
7.76651e-11
8.00689e-11
8.23566e-11
8.45339e-11
8.66063e-11
8.85787e-11
9.0456e-11
9.22429e-11
9.39437e-11
9.55625e-11
9.71035e-11
9.85703e-11
9.99666e-11
1.15294e-10
1.32039e-10
1.50301e-10
1.70172e-10
1.91736e-10
2.15057e-10
2.40174e-10
2.67086e-10
2.9574e-10
3.26008e-10
3.57671e-10
3.9039e-10
4.23683e-10
4.56901e-10
4.89211e-10
5.1959e-10
5.4684e-10
5.69637e-10
5.86607e-10
5.96449e-10
5.98085e-10
5.90825e-10
5.74503e-10
5.49568e-10
5.17066e-10
4.7854e-10
4.35837e-10
3.90881e-10
3.45464e-10
3.01091e-10
2.58901e-10
2.19653e-10
1.8376e-10
1.51351e-10
1.2234e-10
9.64814e-11
7.34281e-11
5.27595e-11
3.40009e-11
1.66204e-11
1.35143e-33
7.83642e-15
5.29057e-12
1.03222e-11
1.51132e-11
1.96746e-11
2.40171e-11
2.8151e-11
3.20861e-11
3.58318e-11
3.93971e-11
4.27906e-11
4.60204e-11
4.90945e-11
5.20203e-11
5.4805e-11
5.74553e-11
5.99777e-11
6.23785e-11
6.46635e-11
6.68382e-11
6.89081e-11
7.08782e-11
7.27534e-11
7.45382e-11
7.6237e-11
7.78541e-11
7.93933e-11
8.08584e-11
8.2253e-11
8.35805e-11
8.48443e-11
8.60472e-11
9.92562e-11
1.13696e-10
1.29454e-10
1.46616e-10
1.6526e-10
1.85453e-10
2.07239e-10
2.30633e-10
2.55609e-10
2.82084e-10
3.09899e-10
3.388e-10
3.68415e-10
3.98232e-10
4.27581e-10
4.55625e-10
4.81363e-10
5.03661e-10
5.21307e-10
5.33103e-10
5.37985e-10
5.35167e-10
5.24275e-10
5.05444e-10
4.79355e-10
4.47174e-10
4.10422e-10
3.70789e-10
3.29934e-10
2.89329e-10
2.50153e-10
2.13251e-10
1.79144e-10
1.48069e-10
1.2004e-10
9.48976e-11
7.23639e-11
5.20739e-11
3.35964e-11
1.64341e-11
1.4702e-33
6.68818e-15
4.516e-12
8.81102e-12
1.29007e-11
1.67945e-11
2.05016e-11
2.40307e-11
2.73903e-11
3.05883e-11
3.36324e-11
3.65299e-11
3.92879e-11
4.19131e-11
4.44118e-11
4.679e-11
4.90536e-11
5.12082e-11
5.32589e-11
5.52109e-11
5.70687e-11
5.88371e-11
6.05204e-11
6.21226e-11
6.36477e-11
6.50994e-11
6.64812e-11
6.77966e-11
6.90487e-11
7.02407e-11
7.13754e-11
7.24555e-11
7.34838e-11
8.47776e-11
9.713e-11
1.1062e-10
1.25324e-10
1.41317e-10
1.5866e-10
1.77404e-10
1.97574e-10
2.19166e-10
2.4213e-10
2.66356e-10
2.91661e-10
3.17765e-10
3.44272e-10
3.70655e-10
3.96241e-10
4.20209e-10
4.41608e-10
4.59388e-10
4.72474e-10
4.79854e-10
4.80701e-10
4.74492e-10
4.61116e-10
4.40932e-10
4.14757e-10
3.83786e-10
3.49447e-10
3.1323e-10
2.76532e-10
2.40538e-10
2.06151e-10
1.73983e-10
1.44375e-10
1.17436e-10
9.30962e-11
7.11488e-11
5.12887e-11
3.31319e-11
1.622e-11
1.59649e-33
5.66349e-15
3.82462e-12
7.46214e-12
1.09258e-11
1.42237e-11
1.73635e-11
2.03527e-11
2.31984e-11
2.59074e-11
2.84861e-11
3.09408e-11
3.32775e-11
3.55016e-11
3.76188e-11
3.9634e-11
4.15522e-11
4.3378e-11
4.5116e-11
4.67703e-11
4.8345e-11
4.9844e-11
5.12708e-11
5.2629e-11
5.39219e-11
5.51526e-11
5.63242e-11
5.74395e-11
5.85012e-11
5.95119e-11
6.04741e-11
6.13901e-11
6.22621e-11
7.18422e-11
8.23257e-11
9.37822e-11
1.06281e-10
1.19888e-10
1.34664e-10
1.5066e-10
1.67908e-10
1.86419e-10
2.06168e-10
2.27087e-10
2.49047e-10
2.71842e-10
2.95176e-10
3.18643e-10
3.41711e-10
3.63722e-10
3.83892e-10
4.01332e-10
4.15101e-10
4.24266e-10
4.28005e-10
4.25707e-10
4.17076e-10
4.02205e-10
3.81599e-10
3.56138e-10
3.26976e-10
2.95404e-10
2.62705e-10
2.3003e-10
1.98314e-10
1.68237e-10
1.40231e-10
1.14497e-10
9.10511e-11
6.97632e-11
5.03901e-11
3.2599e-11
1.59738e-11
1.72993e-33
4.75848e-15
3.21388e-12
6.27055e-12
9.18119e-12
1.19526e-11
1.45912e-11
1.71034e-11
1.94951e-11
2.17719e-11
2.39394e-11
2.60027e-11
2.79669e-11
2.98366e-11
3.16165e-11
3.33107e-11
3.49235e-11
3.64587e-11
3.79201e-11
3.93112e-11
4.06355e-11
4.18961e-11
4.30961e-11
4.42384e-11
4.53259e-11
4.63611e-11
4.73467e-11
4.82849e-11
4.9178e-11
5.00283e-11
5.08379e-11
5.16086e-11
5.23423e-11
6.04049e-11
6.92322e-11
7.88849e-11
8.9424e-11
1.00909e-10
1.13397e-10
1.26936e-10
1.41565e-10
1.57302e-10
1.74142e-10
1.92048e-10
2.10932e-10
2.30652e-10
2.5099e-10
2.71639e-10
2.92192e-10
3.12129e-10
3.30818e-10
3.47524e-10
3.6144e-10
3.71735e-10
3.77627e-10
3.78468e-10
3.73838e-10
3.63623e-10
3.48063e-10
3.27745e-10
3.03552e-10
2.76554e-10
2.47886e-10
2.18629e-10
1.89715e-10
1.61872e-10
1.356e-10
1.11188e-10
8.87353e-11
6.81862e-11
4.93633e-11
3.19883e-11
1.56912e-11
1.86979e-33
3.9673e-15
2.67984e-12
5.22862e-12
7.65567e-12
9.96667e-12
1.2167e-11
1.4262e-11
1.62565e-11
1.81554e-11
1.99632e-11
2.16841e-11
2.33224e-11
2.48821e-11
2.63668e-11
2.77802e-11
2.91257e-11
3.04065e-11
3.16259e-11
3.27866e-11
3.38916e-11
3.49436e-11
3.5945e-11
3.68983e-11
3.78059e-11
3.867e-11
3.94925e-11
4.02756e-11
4.10212e-11
4.1731e-11
4.24068e-11
4.30502e-11
4.36627e-11
5.03954e-11
5.77701e-11
6.58391e-11
7.46559e-11
8.42733e-11
9.47426e-11
1.0611e-10
1.18414e-10
1.31682e-10
1.4592e-10
1.61112e-10
1.77205e-10
1.94104e-10
2.11653e-10
2.29629e-10
2.47724e-10
2.65539e-10
2.82574e-10
2.98235e-10
3.11849e-10
3.22695e-10
3.30057e-10
3.33294e-10
3.31916e-10
3.2566e-10
3.14551e-10
2.98925e-10
2.79401e-10
2.56821e-10
2.32148e-10
2.06359e-10
1.80349e-10
1.54862e-10
1.30453e-10
1.07481e-10
8.61219e-11
6.63964e-11
4.81926e-11
3.12896e-11
1.53672e-11
2.01496e-33
3.28251e-15
2.21753e-12
4.32663e-12
6.33504e-12
8.24744e-12
1.00684e-11
1.18021e-11
1.34528e-11
1.50244e-11
1.65206e-11
1.7945e-11
1.93011e-11
2.05922e-11
2.18212e-11
2.29913e-11
2.41052e-11
2.51657e-11
2.61753e-11
2.71364e-11
2.80514e-11
2.89225e-11
2.97518e-11
3.05413e-11
3.1293e-11
3.20086e-11
3.26899e-11
3.33385e-11
3.39561e-11
3.45441e-11
3.51039e-11
3.56369e-11
3.61443e-11
4.17231e-11
4.78366e-11
5.45295e-11
6.18477e-11
6.98377e-11
7.85449e-11
8.80123e-11
9.82776e-11
1.0937e-10
1.21306e-10
1.34083e-10
1.47674e-10
1.62018e-10
1.7701e-10
1.92491e-10
2.08235e-10
2.23943e-10
2.39229e-10
2.53622e-10
2.66575e-10
2.7748e-10
2.85707e-10
2.9065e-10
2.91796e-10
2.88789e-10
2.81495e-10
2.70035e-10
2.54797e-10
2.36396e-10
2.15607e-10
1.93277e-10
1.70231e-10
1.47199e-10
1.24766e-10
1.03346e-10
8.31852e-11
6.43722e-11
4.68617e-11
3.04922e-11
1.49965e-11
2.16381e-33
2.69556e-15
1.8212e-12
3.55338e-12
5.20287e-12
6.77355e-12
8.26913e-12
9.69315e-12
1.1049e-11
1.23399e-11
1.3569e-11
1.47391e-11
1.58532e-11
1.69138e-11
1.79236e-11
1.8885e-11
1.98002e-11
2.06716e-11
2.15012e-11
2.2291e-11
2.30429e-11
2.37588e-11
2.44404e-11
2.50893e-11
2.57071e-11
2.62953e-11
2.68553e-11
2.73885e-11
2.78962e-11
2.83796e-11
2.88398e-11
2.9278e-11
2.96952e-11
3.42827e-11
3.9312e-11
4.48209e-11
5.08484e-11
5.74347e-11
6.46196e-11
7.24418e-11
8.09367e-11
9.01342e-11
1.00055e-10
1.10708e-10
1.22083e-10
1.34144e-10
1.46824e-10
1.60015e-10
1.73555e-10
1.87224e-10
2.00734e-10
2.1372e-10
2.25747e-10
2.36317e-10
2.44891e-10
2.50925e-10
2.53917e-10
2.53467e-10
2.49329e-10
2.41464e-10
2.30057e-10
2.15515e-10
1.98423e-10
1.79476e-10
1.59403e-10
1.38891e-10
1.18529e-10
9.87657e-11
7.99028e-11
6.20931e-11
4.53545e-11
2.95851e-11
1.45736e-11
2.31407e-33
2.19719e-15
1.48464e-12
2.89671e-12
4.2414e-12
5.52187e-12
6.74114e-12
7.9021e-12
9.00752e-12
1.006e-11
1.10621e-11
1.20163e-11
1.29247e-11
1.37896e-11
1.4613e-11
1.5397e-11
1.61435e-11
1.68541e-11
1.75307e-11
1.81749e-11
1.87883e-11
1.93722e-11
1.99282e-11
2.04576e-11
2.09616e-11
2.14414e-11
2.18983e-11
2.23334e-11
2.27476e-11
2.31419e-11
2.35175e-11
2.3875e-11
2.42155e-11
2.79596e-11
3.20658e-11
3.65658e-11
4.14924e-11
4.68798e-11
5.27625e-11
5.91745e-11
6.61482e-11
7.37124e-11
8.18902e-11
9.06958e-11
1.0013e-10
1.10177e-10
1.20797e-10
1.31917e-10
1.43428e-10
1.55173e-10
1.66939e-10
1.78453e-10
1.89377e-10
1.99314e-10
2.07818e-10
2.14416e-10
2.18647e-10
2.20102e-10
2.18473e-10
2.13604e-10
2.05523e-10
1.94453e-10
1.80795e-10
1.65087e-10
1.4794e-10
1.29972e-10
1.11746e-10
9.37282e-11
7.62577e-11
5.95412e-11
4.36556e-11
2.85576e-11
1.4093e-11
2.46276e-33
1.77787e-15
1.20141e-12
2.34411e-12
3.4323e-12
4.46853e-12
5.45526e-12
6.39482e-12
7.28946e-12
8.1413e-12
8.95238e-12
9.72464e-12
1.04599e-11
1.116e-11
1.18266e-11
1.24613e-11
1.30655e-11
1.36409e-11
1.41887e-11
1.47102e-11
1.52068e-11
1.56796e-11
1.61298e-11
1.65585e-11
1.69666e-11
1.73552e-11
1.77252e-11
1.80775e-11
1.8413e-11
1.87324e-11
1.90365e-11
1.93261e-11
1.96018e-11
2.26349e-11
2.59626e-11
2.96109e-11
3.36073e-11
3.79805e-11
4.27599e-11
4.7975e-11
5.36545e-11
5.98252e-11
6.65102e-11
7.37265e-11
8.14827e-11
8.97746e-11
9.85811e-11
1.07859e-10
1.17534e-10
1.275e-10
1.37604e-10
1.47646e-10
1.5737e-10
1.66469e-10
1.74583e-10
1.81317e-10
1.86265e-10
1.89038e-10
1.89305e-10
1.86839e-10
1.81551e-10
1.73513e-10
1.62963e-10
1.50282e-10
1.35952e-10
1.20501e-10
1.04444e-10
8.82368e-11
7.22409e-11
5.67032e-11
4.1752e-11
2.73998e-11
1.35495e-11
2.60604e-33
1.42812e-15
9.65146e-13
1.88313e-12
2.75733e-12
3.58981e-12
4.38253e-12
5.13738e-12
5.85615e-12
6.54056e-12
7.19223e-12
7.81274e-12
8.40357e-12
8.96612e-12
9.50176e-12
1.00118e-11
1.04974e-11
1.09597e-11
1.14e-11
1.18192e-11
1.22183e-11
1.25983e-11
1.29602e-11
1.33047e-11
1.36328e-11
1.39452e-11
1.42426e-11
1.45258e-11
1.47955e-11
1.50523e-11
1.52968e-11
1.55296e-11
1.57513e-11
1.81903e-11
2.0867e-11
2.38027e-11
2.70203e-11
3.05434e-11
3.43967e-11
3.86055e-11
4.31946e-11
4.8188e-11
5.36076e-11
5.94715e-11
6.57919e-11
7.25726e-11
7.98052e-11
8.74656e-11
9.55085e-11
1.03862e-10
1.12421e-10
1.21042e-10
1.29539e-10
1.37676e-10
1.45175e-10
1.51715e-10
1.56952e-10
1.60537e-10
1.62146e-10
1.61517e-10
1.58485e-10
1.53009e-10
1.45189e-10
1.35264e-10
1.23582e-10
1.10569e-10
9.66701e-11
8.23114e-11
6.78545e-11
5.35723e-11
3.96344e-11
2.61036e-11
1.29384e-11
2.73915e-33
1.13882e-15
7.69686e-13
1.50177e-12
2.19894e-12
2.86284e-12
3.49505e-12
4.09707e-12
4.67033e-12
5.21619e-12
5.73597e-12
6.23089e-12
6.70216e-12
7.15089e-12
7.57816e-12
7.985e-12
8.37238e-12
8.74124e-12
9.09246e-12
9.42688e-12
9.74532e-12
1.00485e-11
1.03372e-11
1.06121e-11
1.08739e-11
1.11232e-11
1.13605e-11
1.15865e-11
1.18017e-11
1.20066e-11
1.22018e-11
1.23876e-11
1.25645e-11
1.45112e-11
1.66483e-11
1.89931e-11
2.15641e-11
2.43808e-11
2.74637e-11
3.08339e-11
3.45127e-11
3.85211e-11
4.28787e-11
4.76033e-11
5.27086e-11
5.82027e-11
6.40858e-11
7.03467e-11
7.69591e-11
8.38776e-11
9.10322e-11
9.83236e-11
1.05618e-10
1.12742e-10
1.19485e-10
1.25595e-10
1.3079e-10
1.3477e-10
1.3724e-10
1.37933e-10
1.36642e-10
1.33251e-10
1.27753e-10
1.20262e-10
1.11005e-10
1.00296e-10
8.85004e-11
7.59921e-11
6.31151e-11
5.01511e-11
3.72988e-11
2.46637e-11
1.22565e-11
2.85638e-33
9.01399e-16
6.09263e-13
1.18876e-12
1.74063e-12
2.26617e-12
2.76664e-12
3.24321e-12
3.69702e-12
4.12916e-12
4.54065e-12
4.93248e-12
5.30558e-12
5.66086e-12
5.99915e-12
6.32128e-12
6.62801e-12
6.92008e-12
7.19818e-12
7.463e-12
7.71516e-12
7.95527e-12
8.18391e-12
8.40162e-12
8.60893e-12
8.80634e-12
8.99431e-12
9.17331e-12
9.34375e-12
9.50606e-12
9.66062e-12
9.80779e-12
9.94794e-12
1.14901e-11
1.31835e-11
1.50421e-11
1.70808e-11
1.93155e-11
2.17629e-11
2.44404e-11
2.7366e-11
3.05574e-11
3.40321e-11
3.78063e-11
4.18937e-11
4.63047e-11
5.10441e-11
5.61092e-11
6.14866e-11
6.71495e-11
7.30531e-11
7.91308e-11
8.52895e-11
9.14056e-11
9.73222e-11
1.02848e-10
1.07761e-10
1.11813e-10
1.14748e-10
1.16314e-10
1.16294e-10
1.14525e-10
1.10929e-10
1.0552e-10
9.84187e-11
8.98319e-11
8.00361e-11
6.93413e-11
5.80559e-11
4.64537e-11
3.47486e-11
2.3079e-11
1.15021e-11
2.95112e-33
7.08023e-16
4.78587e-13
9.33795e-13
1.3673e-12
1.78014e-12
2.17327e-12
2.54765e-12
2.90415e-12
3.24363e-12
3.5669e-12
3.87473e-12
4.16786e-12
4.44698e-12
4.71277e-12
4.96586e-12
5.20686e-12
5.43635e-12
5.65487e-12
5.86296e-12
6.0611e-12
6.24978e-12
6.42945e-12
6.60054e-12
6.76345e-12
6.91859e-12
7.06631e-12
7.20699e-12
7.34094e-12
7.4685e-12
7.58998e-12
7.70565e-12
7.8158e-12
9.02804e-12
1.03594e-11
1.18211e-11
1.3425e-11
1.51839e-11
1.71113e-11
1.92214e-11
2.15289e-11
2.40488e-11
2.67959e-11
2.97845e-11
3.30276e-11
3.65361e-11
4.03171e-11
4.43728e-11
4.86985e-11
5.32795e-11
5.80889e-11
6.30837e-11
6.82012e-11
7.33552e-11
7.84331e-11
8.32932e-11
8.77651e-11
9.16525e-11
9.47408e-11
9.6809e-11
9.76471e-11
9.70767e-11
9.49726e-11
9.12817e-11
8.60345e-11
7.93458e-11
7.1403e-11
6.24444e-11
5.27293e-11
4.25085e-11
3.19968e-11
2.13541e-11
1.06761e-11
3.01602e-33
5.51643e-16
3.72901e-13
7.27587e-13
1.06537e-12
1.38704e-12
1.69337e-12
1.98509e-12
2.26288e-12
2.52742e-12
2.77932e-12
3.0192e-12
3.24763e-12
3.46515e-12
3.67228e-12
3.86952e-12
4.05734e-12
4.2362e-12
4.40651e-12
4.56869e-12
4.72312e-12
4.87018e-12
5.01022e-12
5.14357e-12
5.27056e-12
5.39148e-12
5.50663e-12
5.61629e-12
5.72071e-12
5.82015e-12
5.91484e-12
6.00502e-12
6.09089e-12
7.036e-12
8.07421e-12
9.2143e-12
1.04657e-11
1.18386e-11
1.33437e-11
1.49925e-11
1.67969e-11
1.87692e-11
2.09218e-11
2.32669e-11
2.58162e-11
2.85799e-11
3.15661e-11
3.47797e-11
3.82208e-11
4.18829e-11
4.57511e-11
4.97988e-11
5.39853e-11
5.82523e-11
6.2521e-11
6.66894e-11
7.06308e-11
7.41941e-11
7.72077e-11
7.94856e-11
8.08398e-11
8.10943e-11
8.0104e-11
7.77721e-11
7.40651e-11
6.90208e-11
6.27466e-11
5.54077e-11
4.72069e-11
3.83593e-11
2.90673e-11
1.95002e-11
9.78282e-12
3.04332e-33
4.26036e-16
2.88005e-13
5.61944e-13
8.22827e-13
1.07127e-12
1.30787e-12
1.53318e-12
1.74775e-12
1.95207e-12
2.14664e-12
2.33193e-12
2.50837e-12
2.6764e-12
2.8364e-12
2.98876e-12
3.13385e-12
3.27201e-12
3.40358e-12
3.52887e-12
3.64817e-12
3.76178e-12
3.86997e-12
3.973e-12
4.07111e-12
4.16453e-12
4.2535e-12
4.33823e-12
4.41891e-12
4.49574e-12
4.5689e-12
4.63858e-12
4.70493e-12
5.43525e-12
6.23766e-12
7.119e-12
8.08666e-12
9.14859e-12
1.03133e-11
1.15899e-11
1.29878e-11
1.45171e-11
1.61878e-11
1.80102e-11
1.99942e-11
2.2149e-11
2.44826e-11
2.7001e-11
2.97069e-11
3.25989e-11
3.56696e-11
3.89037e-11
4.22757e-11
4.57475e-11
4.92655e-11
5.27582e-11
5.6134e-11
5.92803e-11
6.20641e-11
6.43359e-11
6.59358e-11
6.67037e-11
6.64933e-11
6.51865e-11
6.27088e-11
5.90409e-11
5.42233e-11
4.83543e-11
4.15777e-11
3.40653e-11
2.5996e-11
1.75365e-11
8.8301e-12
3.0253e-33
3.25792e-16
2.20248e-13
4.29739e-13
6.29247e-13
8.19245e-13
1.00018e-12
1.17249e-12
1.33659e-12
1.49285e-12
1.64166e-12
1.78337e-12
1.91831e-12
2.04682e-12
2.16919e-12
2.28573e-12
2.3967e-12
2.50238e-12
2.60301e-12
2.69884e-12
2.7901e-12
2.877e-12
2.95976e-12
3.03857e-12
3.11362e-12
3.18509e-12
3.25314e-12
3.31796e-12
3.37967e-12
3.43845e-12
3.49442e-12
3.54773e-12
3.59849e-12
4.15724e-12
4.77124e-12
5.44576e-12
6.18651e-12
6.99968e-12
7.89188e-12
8.87019e-12
9.94212e-12
1.11155e-11
1.23986e-11
1.37996e-11
1.53269e-11
1.69883e-11
1.8791e-11
2.07411e-11
2.28427e-11
2.50969e-11
2.75012e-11
3.00474e-11
3.27204e-11
3.54962e-11
3.83393e-11
4.12009e-11
4.40167e-11
4.67048e-11
4.9166e-11
5.12838e-11
5.29286e-11
5.39635e-11
5.42532e-11
5.3676e-11
5.21364e-11
4.95777e-11
4.59905e-11
4.14165e-11
3.59444e-11
2.96998e-11
2.28305e-11
1.54904e-11
7.83004e-12
2.95491e-33
2.46266e-16
1.66491e-13
3.2485e-13
4.75664e-13
6.1929e-13
7.56069e-13
8.86326e-13
1.01037e-12
1.1285e-12
1.241e-12
1.34812e-12
1.45014e-12
1.54729e-12
1.63981e-12
1.72791e-12
1.81181e-12
1.89171e-12
1.96779e-12
2.04024e-12
2.10924e-12
2.17495e-12
2.23752e-12
2.29711e-12
2.35385e-12
2.40789e-12
2.45935e-12
2.50835e-12
2.55502e-12
2.59947e-12
2.64179e-12
2.6821e-12
2.72048e-12
3.14302e-12
3.60739e-12
4.11762e-12
4.67806e-12
5.29343e-12
5.96883e-12
6.70971e-12
7.52186e-12
8.41144e-12
9.38484e-12
1.04487e-11
1.16097e-11
1.28743e-11
1.42489e-11
1.57388e-11
1.73485e-11
1.90805e-11
2.09347e-11
2.29076e-11
2.49908e-11
2.71696e-11
2.94214e-11
3.17138e-11
3.40027e-11
3.62303e-11
3.83245e-11
4.01978e-11
4.17493e-11
4.28673e-11
4.3435e-11
4.3339e-11
4.24786e-11
4.07777e-11
3.81938e-11
3.47259e-11
3.0416e-11
2.53457e-11
1.9628e-11
1.33965e-11
6.79869e-12
2.82642e-33
1.83507e-16
1.24065e-13
2.42072e-13
3.54456e-13
4.61484e-13
5.6341e-13
6.60478e-13
7.52917e-13
8.40948e-13
9.24781e-13
1.00462e-12
1.08064e-12
1.15304e-12
1.22199e-12
1.28765e-12
1.35018e-12
1.40972e-12
1.46643e-12
1.52042e-12
1.57185e-12
1.62082e-12
1.66746e-12
1.71187e-12
1.75416e-12
1.79444e-12
1.83279e-12
1.86932e-12
1.9041e-12
1.93723e-12
1.96878e-12
1.99882e-12
2.02743e-12
2.3424e-12
2.68859e-12
3.06901e-12
3.48695e-12
3.94594e-12
4.44984e-12
5.00277e-12
5.60914e-12
6.27364e-12
7.00122e-12
7.79699e-12
8.66621e-12
9.61415e-12
1.06459e-11
1.17662e-11
1.29791e-11
1.42875e-11
1.56927e-11
1.71938e-11
1.87864e-11
2.04621e-11
2.2207e-11
2.40001e-11
2.58118e-11
2.76026e-11
2.93215e-11
3.09049e-11
3.22768e-11
3.33502e-11
3.40298e-11
3.4217e-11
3.38177e-11
3.27501e-11
3.09546e-11
2.84019e-11
2.50986e-11
2.10887e-11
1.64511e-11
1.12948e-11
5.75509e-12
2.63594e-33
1.34174e-16
9.07139e-14
1.76998e-13
2.59171e-13
3.37429e-13
4.11957e-13
4.82932e-13
5.50523e-13
6.14892e-13
6.76192e-13
7.34569e-13
7.90161e-13
8.43103e-13
8.9352e-13
9.41533e-13
9.87255e-13
1.0308e-12
1.07226e-12
1.11175e-12
1.14936e-12
1.18517e-12
1.21927e-12
1.25175e-12
1.28268e-12
1.31213e-12
1.34018e-12
1.3669e-12
1.39234e-12
1.41656e-12
1.43963e-12
1.46161e-12
1.48253e-12
1.71289e-12
1.96611e-12
2.2444e-12
2.55017e-12
2.88604e-12
3.25485e-12
3.65965e-12
4.10373e-12
4.59059e-12
5.12392e-12
5.70761e-12
6.34567e-12
7.04217e-12
7.80114e-12
8.62642e-12
9.52147e-12
1.04891e-11
1.1531e-11
1.26477e-11
1.38371e-11
1.50949e-11
1.64125e-11
1.7777e-11
1.91691e-11
2.05623e-11
2.19217e-11
2.32024e-11
2.43493e-11
2.52973e-11
2.59723e-11
2.62941e-11
2.61814e-11
2.55573e-11
2.43579e-11
2.2539e-11
2.00842e-11
1.70086e-11
1.33617e-11
9.22635e-12
4.71957e-12
2.38157e-33
9.54329e-17
6.45228e-14
1.25895e-13
1.84343e-13
2.40006e-13
2.93017e-13
3.43501e-13
3.91578e-13
4.37364e-13
4.80966e-13
5.2249e-13
5.62034e-13
5.99693e-13
6.35555e-13
6.69708e-13
7.02232e-13
7.33206e-13
7.62702e-13
7.90792e-13
8.17543e-13
8.43018e-13
8.67278e-13
8.90382e-13
9.12384e-13
9.33338e-13
9.53292e-13
9.72295e-13
9.90392e-13
1.00763e-12
1.02404e-12
1.03967e-12
1.05456e-12
1.21844e-12
1.3986e-12
1.59662e-12
1.81422e-12
2.05327e-12
2.31581e-12
2.60403e-12
2.92031e-12
3.26717e-12
3.6473e-12
4.06353e-12
4.51882e-12
5.01619e-12
5.55869e-12
6.14927e-12
6.79069e-12
7.48532e-12
8.23492e-12
9.04033e-12
9.90108e-12
1.08149e-11
1.17769e-11
1.27793e-11
1.38099e-11
1.48516e-11
1.58811e-11
1.68679e-11
1.77736e-11
1.85515e-11
1.91468e-11
1.94982e-11
1.95403e-11
1.92079e-11
1.84416e-11
1.71942e-11
1.54373e-11
1.31677e-11
1.04116e-11
7.22771e-12
3.71078e-12
2.06266e-33
6.48458e-17
4.38433e-14
8.55457e-14
1.25261e-13
1.63085e-13
1.99106e-13
2.3341e-13
2.6608e-13
2.97192e-13
3.2682e-13
3.55037e-13
3.81908e-13
4.07498e-13
4.31868e-13
4.55076e-13
4.77178e-13
4.98226e-13
5.1827e-13
5.37359e-13
5.55537e-13
5.72849e-13
5.89336e-13
6.05037e-13
6.19989e-13
6.34228e-13
6.47789e-13
6.60703e-13
6.73002e-13
6.84714e-13
6.95868e-13
7.06491e-13
7.16607e-13
8.27988e-13
9.50435e-13
1.08503e-12
1.23294e-12
1.39546e-12
1.57397e-12
1.76998e-12
1.98511e-12
2.2211e-12
2.47982e-12
2.76322e-12
3.07337e-12
3.41239e-12
3.78245e-12
4.18567e-12
4.62408e-12
5.09952e-12
5.61345e-12
6.16678e-12
6.75963e-12
7.39097e-12
8.05824e-12
8.7568e-12
9.47938e-12
1.02153e-11
1.09498e-11
1.1663e-11
1.23296e-11
1.29178e-11
1.33897e-11
1.37015e-11
1.38048e-11
1.36493e-11
1.31863e-11
1.23738e-11
1.11817e-11
9.59747e-12
7.63184e-12
5.323e-12
2.74179e-12
1.67762e-33
4.02232e-17
2.71958e-14
5.30637e-14
7.76993e-14
1.01161e-13
1.23505e-13
1.44784e-13
1.65049e-13
1.84348e-13
2.02727e-13
2.2023e-13
2.36899e-13
2.52773e-13
2.6789e-13
2.82286e-13
2.95997e-13
3.09053e-13
3.21487e-13
3.33329e-13
3.44605e-13
3.55345e-13
3.65572e-13
3.75312e-13
3.84587e-13
3.93421e-13
4.01833e-13
4.09844e-13
4.17474e-13
4.2474e-13
4.31659e-13
4.38249e-13
4.44525e-13
5.13623e-13
5.89589e-13
6.73095e-13
7.64872e-13
8.65718e-13
9.765e-13
1.09816e-12
1.2317e-12
1.37823e-12
1.5389e-12
1.71496e-12
1.9077e-12
2.11848e-12
2.34868e-12
2.59968e-12
2.87281e-12
3.16931e-12
3.4902e-12
3.83623e-12
4.20766e-12
4.60411e-12
5.02431e-12
5.46577e-12
5.92441e-12
6.39412e-12
6.86624e-12
7.32901e-12
7.76705e-12
8.16091e-12
8.48675e-12
8.71652e-12
8.81847e-12
8.75856e-12
8.50256e-12
8.01917e-12
7.28384e-12
6.28312e-12
5.01915e-12
3.51408e-12
1.81485e-12
1.21949e-33
1.94226e-17
1.31322e-14
2.56231e-14
3.75191e-14
4.88482e-14
5.96376e-14
6.99128e-14
7.96983e-14
8.90174e-14
9.78923e-14
1.06344e-13
1.14393e-13
1.22058e-13
1.29358e-13
1.3631e-13
1.42931e-13
1.49236e-13
1.5524e-13
1.60958e-13
1.66404e-13
1.7159e-13
1.76528e-13
1.81232e-13
1.85711e-13
1.89976e-13
1.94039e-13
1.97907e-13
2.01592e-13
2.051e-13
2.08442e-13
2.11624e-13
2.14655e-13
2.48023e-13
2.84709e-13
3.25038e-13
3.69363e-13
4.1807e-13
4.7158e-13
5.30348e-13
5.94865e-13
6.65662e-13
7.43306e-13
8.284e-13
9.2158e-13
1.02351e-12
1.13487e-12
1.25634e-12
1.3886e-12
1.53226e-12
1.68786e-12
1.85581e-12
2.03631e-12
2.22925e-12
2.43411e-12
2.64982e-12
2.87455e-12
3.10551e-12
3.33869e-12
3.56859e-12
3.78794e-12
3.9874e-12
4.15544e-12
4.27826e-12
4.34002e-12
4.32338e-12
4.2105e-12
3.98455e-12
3.63164e-12
3.14323e-12
2.51869e-12
1.768e-12
9.1474e-13
6.67796e-34
5.75851e-42
7.58171e-41
2.49364e-40
5.01027e-40
8.05047e-40
1.14085e-39
1.49216e-39
1.84629e-39
2.19348e-39
2.52641e-39
2.83972e-39
3.12966e-39
3.3938e-39
3.63073e-39
3.83986e-39
4.02125e-39
4.17547e-39
4.30343e-39
4.40636e-39
4.48563e-39
4.54278e-39
4.5794e-39
4.59713e-39
4.59758e-39
4.58237e-39
4.55304e-39
4.51109e-39
4.45794e-39
4.39493e-39
4.32333e-39
4.24431e-39
2.81094e-38
6.66219e-38
9.65233e-38
1.38345e-37
1.96487e-37
2.76898e-37
3.87606e-37
5.39421e-37
7.46872e-37
1.02945e-36
1.41327e-36
1.93321e-36
2.63581e-36
3.58302e-36
4.8571e-36
6.56698e-36
8.85647e-36
1.19148e-35
1.59897e-35
2.14043e-35
2.8577e-35
3.80457e-35
5.04957e-35
6.67897e-35
8.79979e-35
1.15423e-34
1.5061e-34
1.95329e-34
2.51506e-34
3.21073e-34
4.05695e-34
5.06313e-34
6.22461e-34
7.51285e-34
8.86237e-34
1.01547e-33
1.12005e-33
1.17219e-33
1.13408e-33
9.58043e-34
5.89634e-34
2.31373e-34
