-9.0043e-41
-1.18552e-39
-3.89918e-39
-7.8343e-39
-1.25881e-38
-1.78388e-38
-2.33321e-38
-2.88693e-38
-3.42981e-38
-3.95038e-38
-4.44026e-38
-4.89362e-38
-5.30662e-38
-5.67707e-38
-6.00406e-38
-6.28767e-38
-6.52879e-38
-6.72886e-38
-6.88977e-38
-7.01371e-38
-7.10305e-38
-7.16029e-38
-7.18799e-38
-7.18869e-38
-7.16489e-38
-7.11901e-38
-7.05341e-38
-6.97029e-38
-6.87176e-38
-6.75979e-38
-6.63622e-38
-4.39503e-37
-1.04165e-36
-1.50912e-36
-2.16292e-36
-3.0718e-36
-4.32869e-36
-6.05897e-36
-8.43142e-36
-1.16728e-35
-1.60873e-35
-2.20819e-35
-3.02002e-35
-4.11669e-35
-5.59453e-35
-7.58133e-35
-1.0246e-34
-1.38113e-34
-1.85693e-34
-2.49019e-34
-3.33048e-34
-4.44176e-34
-5.90584e-34
-7.82624e-34
-1.03323e-33
-1.35828e-33
-1.77686e-33
-2.31123e-33
-2.98633e-33
-3.82846e-33
-4.86265e-33
-6.10832e-33
-7.57244e-33
-9.23965e-33
-1.10591e-32
-1.29275e-32
-1.46705e-32
-1.60217e-32
-1.66047e-32
-1.59206e-32
-1.33483e-32
-8.17312e-33
-1.40082e-33
2.84836e-17
1.92583e-14
3.75761e-14
5.50214e-14
7.16354e-14
8.74578e-14
1.02526e-13
1.16876e-13
1.30542e-13
1.43557e-13
1.55951e-13
1.67754e-13
1.78995e-13
1.897e-13
1.99894e-13
2.09602e-13
2.18848e-13
2.27652e-13
2.36037e-13
2.44022e-13
2.51627e-13
2.58869e-13
2.65765e-13
2.72333e-13
2.78588e-13
2.84545e-13
2.90217e-13
2.9562e-13
3.00764e-13
3.05664e-13
3.1033e-13
3.14774e-13
3.637e-13
4.17487e-13
4.7661e-13
5.41586e-13
6.12978e-13
6.91398e-13
7.77507e-13
8.72021e-13
9.75705e-13
1.08938e-12
1.21391e-12
1.3502e-12
1.49919e-12
1.66185e-12
1.83911e-12
2.03188e-12
2.24097e-12
2.46705e-12
2.71055e-12
2.97154e-12
3.24961e-12
3.54367e-12
3.85174e-12
4.17067e-12
4.49581e-12
4.82071e-12
5.13669e-12
5.43254e-12
5.69429e-12
5.90505e-12
6.0453e-12
6.09342e-12
6.02687e-12
5.82382e-12
5.46544e-12
4.93841e-12
4.23757e-12
3.36826e-12
2.34812e-12
1.20898e-12
-8.6991e-33
5.95523e-17
4.0264e-14
7.85618e-14
1.15035e-13
1.49771e-13
1.82851e-13
2.14354e-13
2.44356e-13
2.72928e-13
3.00137e-13
3.2605e-13
3.50727e-13
3.74227e-13
3.96607e-13
4.1792e-13
4.38216e-13
4.57545e-13
4.75953e-13
4.93482e-13
5.10176e-13
5.26074e-13
5.41214e-13
5.55632e-13
5.69363e-13
5.82439e-13
5.94892e-13
6.06751e-13
6.18045e-13
6.288e-13
6.39043e-13
6.48797e-13
6.58087e-13
7.60366e-13
8.72803e-13
9.96388e-13
1.1322e-12
1.28141e-12
1.44529e-12
1.62523e-12
1.82269e-12
2.03927e-12
2.27667e-12
2.53667e-12
2.82113e-12
3.13198e-12
3.47114e-12
3.84053e-12
4.24194e-12
4.67693e-12
5.14672e-12
5.65199e-12
6.19262e-12
6.7674e-12
7.37365e-12
8.00669e-12
8.65938e-12
9.32135e-12
9.97842e-12
1.06119e-11
1.11978e-11
1.17069e-11
1.21043e-11
1.23506e-11
1.24031e-11
1.22185e-11
1.17566e-11
1.09843e-11
9.88107e-12
8.44261e-12
6.68466e-12
4.64517e-12
2.38637e-12
-1.58204e-32
9.74298e-17
6.58723e-14
1.28528e-13
1.88199e-13
2.45026e-13
2.99145e-13
3.50684e-13
3.99767e-13
4.46509e-13
4.91023e-13
5.33415e-13
5.73785e-13
6.1223e-13
6.48841e-13
6.83707e-13
7.1691e-13
7.4853e-13
7.78642e-13
8.07318e-13
8.34627e-13
8.60634e-13
8.854e-13
9.08986e-13
9.31447e-13
9.52837e-13
9.73207e-13
9.92606e-13
1.01108e-12
1.02867e-12
1.04543e-12
1.06138e-12
1.07658e-12
1.24388e-12
1.42778e-12
1.6299e-12
1.852e-12
2.09597e-12
2.3639e-12
2.65801e-12
2.9807e-12
3.33454e-12
3.72224e-12
4.14666e-12
4.61076e-12
5.11758e-12
5.67013e-12
6.27132e-12
6.92381e-12
7.62984e-12
8.39097e-12
9.20772e-12
1.00792e-11
1.10026e-11
1.19725e-11
1.29799e-11
1.40118e-11
1.50496e-11
1.60687e-11
1.7037e-11
1.79147e-11
1.86539e-11
1.91993e-11
1.94902e-11
1.94632e-11
1.90572e-11
1.82192e-11
1.69101e-11
1.51117e-11
1.28308e-11
1.01017e-11
6.98701e-12
3.57798e-12
-2.16272e-32
1.46213e-16
9.88523e-14
1.92877e-13
2.82422e-13
3.677e-13
4.48914e-13
5.26255e-13
5.9991e-13
6.70052e-13
7.3685e-13
8.00462e-13
8.6104e-13
9.18729e-13
9.73667e-13
1.02598e-12
1.07581e-12
1.12325e-12
1.16844e-12
1.21146e-12
1.25244e-12
1.29146e-12
1.32862e-12
1.36401e-12
1.39771e-12
1.4298e-12
1.46037e-12
1.48947e-12
1.51719e-12
1.54359e-12
1.56873e-12
1.59267e-12
1.61547e-12
1.86646e-12
2.14234e-12
2.44552e-12
2.77861e-12
3.14446e-12
3.54614e-12
3.98696e-12
4.47046e-12
5.00041e-12
5.5808e-12
6.21577e-12
6.9096e-12
7.66658e-12
8.49094e-12
9.38664e-12
1.03571e-11
1.14051e-11
1.25319e-11
1.37374e-11
1.50187e-11
1.63699e-11
1.77807e-11
1.92355e-11
2.07119e-11
2.21793e-11
2.35981e-11
2.49181e-11
2.60788e-11
2.70096e-11
2.7632e-11
2.78631e-11
2.76215e-11
2.68341e-11
2.54443e-11
2.34195e-11
2.07571e-11
1.74873e-11
1.36724e-11
9.40337e-12
4.79677e-12
-2.638e-32
2.10606e-16
1.42384e-13
2.77814e-13
4.06791e-13
5.29621e-13
6.46596e-13
7.57994e-13
8.64079e-13
9.65105e-13
1.06131e-12
1.15293e-12
1.24018e-12
1.32327e-12
1.40239e-12
1.47774e-12
1.54949e-12
1.61782e-12
1.68289e-12
1.74486e-12
1.80387e-12
1.86006e-12
1.91358e-12
1.96454e-12
2.01307e-12
2.05929e-12
2.1033e-12
2.14521e-12
2.18513e-12
2.22314e-12
2.25934e-12
2.29381e-12
2.32664e-12
2.68804e-12
3.08523e-12
3.52166e-12
4.00106e-12
4.5275e-12
5.10534e-12
5.73925e-12
6.43426e-12
7.19564e-12
8.02894e-12
8.93989e-12
9.93431e-12
1.10179e-11
1.21963e-11
1.34743e-11
1.4856e-11
1.63439e-11
1.79385e-11
1.96373e-11
2.1434e-11
2.33168e-11
2.52675e-11
2.72595e-11
2.92562e-11
3.12095e-11
3.30583e-11
3.47282e-11
3.61324e-11
3.71735e-11
3.77481e-11
3.77538e-11
3.70973e-11
3.57044e-11
3.35295e-11
3.05626e-11
2.6833e-11
2.24073e-11
1.73832e-11
1.18805e-11
6.03456e-12
-3.01786e-32
2.96477e-16
2.00431e-13
3.91073e-13
5.72631e-13
7.45534e-13
9.10194e-13
1.067e-12
1.21633e-12
1.35853e-12
1.49395e-12
1.62291e-12
1.74572e-12
1.86267e-12
1.97403e-12
2.08008e-12
2.18107e-12
2.27724e-12
2.36882e-12
2.45604e-12
2.53909e-12
2.61817e-12
2.69349e-12
2.76521e-12
2.83351e-12
2.89855e-12
2.96048e-12
3.01946e-12
3.07563e-12
3.12912e-12
3.18006e-12
3.22857e-12
3.27477e-12
3.78328e-12
4.34208e-12
4.95597e-12
5.63016e-12
6.37029e-12
7.18239e-12
8.07293e-12
9.04876e-12
1.01171e-11
1.12854e-11
1.25612e-11
1.39522e-11
1.54658e-11
1.71085e-11
1.88861e-11
2.08025e-11
2.28591e-11
2.50538e-11
2.73798e-11
2.9824e-11
3.23648e-11
3.49711e-11
3.75991e-11
4.0191e-11
4.26733e-11
4.49558e-11
4.69328e-11
4.84856e-11
4.9488e-11
4.98141e-11
4.93489e-11
4.80001e-11
4.571e-11
4.24635e-11
3.82932e-11
3.32761e-11
2.75256e-11
2.11782e-11
1.4379e-11
7.27127e-12
-3.30636e-32
4.11706e-16
2.78317e-13
5.43041e-13
7.95148e-13
1.03524e-12
1.26387e-12
1.48161e-12
1.68895e-12
1.8864e-12
2.07443e-12
2.25348e-12
2.42399e-12
2.58636e-12
2.74097e-12
2.88821e-12
3.02841e-12
3.16193e-12
3.28907e-12
3.41014e-12
3.52543e-12
3.63522e-12
3.73976e-12
3.83932e-12
3.93413e-12
4.02441e-12
4.11038e-12
4.19225e-12
4.27022e-12
4.34446e-12
4.41516e-12
4.48249e-12
4.54661e-12
5.25234e-12
6.02772e-12
6.87935e-12
7.81438e-12
8.84049e-12
9.96588e-12
1.11993e-11
1.25499e-11
1.40273e-11
1.56413e-11
1.74016e-11
1.93178e-11
2.13988e-11
2.36521e-11
2.60833e-11
2.86949e-11
3.14854e-11
3.44474e-11
3.75656e-11
4.08153e-11
4.41592e-11
4.75453e-11
5.0904e-11
5.41469e-11
5.71651e-11
5.98308e-11
6.20002e-11
6.35201e-11
6.4238e-11
6.4014e-11
6.27364e-11
6.03349e-11
5.67915e-11
5.21459e-11
4.64923e-11
3.99689e-11
3.27407e-11
2.49802e-11
1.6848e-11
8.48217e-12
-3.50713e-32
5.65946e-16
3.82563e-13
7.4644e-13
1.09297e-12
1.42298e-12
1.73724e-12
2.03651e-12
2.3215e-12
2.59289e-12
2.85131e-12
3.0974e-12
3.33174e-12
3.55488e-12
3.76737e-12
3.96971e-12
4.16238e-12
4.34586e-12
4.52057e-12
4.68694e-12
4.84536e-12
4.99622e-12
5.13987e-12
5.27666e-12
5.40692e-12
5.53097e-12
5.64909e-12
5.76157e-12
5.86869e-12
5.97069e-12
6.06782e-12
6.16032e-12
6.2484e-12
7.21783e-12
8.28269e-12
9.45196e-12
1.07353e-11
1.2143e-11
1.36861e-11
1.53762e-11
1.72254e-11
1.92461e-11
2.14508e-11
2.38517e-11
2.64603e-11
2.92865e-11
3.23379e-11
3.56186e-11
3.91275e-11
4.28567e-11
4.67887e-11
5.08945e-11
5.51298e-11
5.94324e-11
6.37189e-11
6.78824e-11
7.17915e-11
7.52912e-11
7.82073e-11
8.0354e-11
8.15462e-11
8.1615e-11
8.04255e-11
7.78941e-11
7.40016e-11
6.87993e-11
6.24053e-11
5.49918e-11
4.67641e-11
3.79361e-11
2.87059e-11
1.92362e-11
9.64308e-12
-3.62571e-32
7.59947e-16
5.13675e-13
1.00226e-12
1.46755e-12
1.91064e-12
2.3326e-12
2.73441e-12
3.11704e-12
3.4814e-12
3.82836e-12
4.15875e-12
4.47335e-12
4.77292e-12
5.05817e-12
5.3298e-12
5.58845e-12
5.83474e-12
6.06926e-12
6.29258e-12
6.50523e-12
6.70772e-12
6.90053e-12
7.08413e-12
7.25897e-12
7.42545e-12
7.58399e-12
7.73495e-12
7.8787e-12
8.01559e-12
8.14595e-12
8.27008e-12
8.38829e-12
9.6891e-12
1.11177e-11
1.26859e-11
1.44065e-11
1.62931e-11
1.83601e-11
2.06225e-11
2.30958e-11
2.57958e-11
2.8738e-11
3.19371e-11
3.54065e-11
3.91565e-11
4.31937e-11
4.7519e-11
5.21249e-11
5.69933e-11
6.20921e-11
6.73714e-11
7.27596e-11
7.81596e-11
8.34454e-11
8.84606e-11
9.3019e-11
9.69089e-11
9.99026e-11
1.01771e-10
1.02301e-10
1.01324e-10
9.87311e-11
9.44959e-11
8.86817e-11
8.14376e-11
7.29823e-11
6.35773e-11
5.34959e-11
4.29924e-11
3.22767e-11
2.14972e-11
1.07333e-11
-3.66993e-32
9.62316e-16
6.5044e-13
1.2691e-12
1.85827e-12
2.41933e-12
2.95362e-12
3.4624e-12
3.94689e-12
4.40823e-12
4.84754e-12
5.26585e-12
5.66418e-12
6.04347e-12
6.40463e-12
6.74853e-12
7.076e-12
7.38781e-12
7.68472e-12
7.96744e-12
8.23665e-12
8.49299e-12
8.73709e-12
8.96952e-12
9.19084e-12
9.4016e-12
9.60228e-12
9.79338e-12
9.97535e-12
1.01486e-11
1.03136e-11
1.04708e-11
1.06204e-11
1.22669e-11
1.40748e-11
1.60591e-11
1.82358e-11
2.06219e-11
2.32351e-11
2.60942e-11
2.92183e-11
3.26264e-11
3.63374e-11
4.03685e-11
4.47346e-11
4.94468e-11
5.45105e-11
5.99227e-11
6.56694e-11
7.17216e-11
7.80313e-11
8.45265e-11
9.11064e-11
9.76368e-11
1.03946e-10
1.09826e-10
1.15032e-10
1.19291e-10
1.22319e-10
1.23842e-10
1.23619e-10
1.21481e-10
1.17352e-10
1.11271e-10
1.03395e-10
9.39822e-11
8.33647e-11
7.19021e-11
5.99395e-11
4.77706e-11
3.56114e-11
2.35882e-11
1.17347e-11
-2.00592e-32
9.76753e-16
6.60198e-13
1.28814e-12
1.88615e-12
2.45563e-12
2.99793e-12
3.51434e-12
4.00609e-12
4.47436e-12
4.92025e-12
5.34484e-12
5.74914e-12
6.13412e-12
6.5007e-12
6.84976e-12
7.18213e-12
7.49862e-12
7.79998e-12
8.08694e-12
8.36019e-12
8.62037e-12
8.86813e-12
9.10404e-12
9.32869e-12
9.5426e-12
9.74629e-12
9.94026e-12
1.0125e-11
1.03008e-11
1.04683e-11
1.06278e-11
1.07797e-11
1.24508e-11
1.42858e-11
1.62999e-11
1.85091e-11
2.09308e-11
2.35831e-11
2.64848e-11
2.96554e-11
3.31143e-11
3.68803e-11
4.0971e-11
4.54014e-11
5.01828e-11
5.53204e-11
6.0811e-11
6.66402e-11
7.27783e-11
7.91762e-11
8.57605e-11
9.24284e-11
9.9043e-11
1.0543e-10
1.11377e-10
1.16634e-10
1.20926e-10
1.23964e-10
1.25468e-10
1.25197e-10
1.2298e-10
1.18744e-10
1.1253e-10
1.04503e-10
9.49297e-11
8.41499e-11
7.25316e-11
6.04261e-11
4.81304e-11
3.58617e-11
2.37446e-11
1.18094e-11
-1.61216e-33
1.17071e-15
7.91274e-13
1.54389e-12
2.26062e-12
2.94315e-12
3.59311e-12
4.21204e-12
4.8014e-12
5.36261e-12
5.897e-12
6.40586e-12
6.89039e-12
7.35176e-12
7.79107e-12
8.20938e-12
8.60769e-12
8.98697e-12
9.3481e-12
9.69198e-12
1.00194e-11
1.03312e-11
1.06281e-11
1.09108e-11
1.118e-11
1.14363e-11
1.16804e-11
1.19128e-11
1.21341e-11
1.23448e-11
1.25455e-11
1.27366e-11
1.29186e-11
1.49208e-11
1.71191e-11
1.95315e-11
2.21773e-11
2.50768e-11
2.82515e-11
3.17236e-11
3.55156e-11
3.96502e-11
4.41488e-11
4.90313e-11
5.43138e-11
6.00074e-11
6.61154e-11
7.26305e-11
7.95304e-11
8.67739e-11
9.42952e-11
1.01998e-10
1.09751e-10
1.17379e-10
1.24665e-10
1.31345e-10
1.37118e-10
1.41652e-10
1.4461e-10
1.45677e-10
1.44594e-10
1.412e-10
1.35458e-10
1.27478e-10
1.17512e-10
1.05932e-10
9.31775e-11
7.97037e-11
6.59241e-11
5.21678e-11
3.86534e-11
2.54812e-11
1.26364e-11
-3.56283e-34
1.44077e-15
9.7375e-13
1.89992e-12
2.78193e-12
3.62184e-12
4.42166e-12
5.18328e-12
5.90851e-12
6.59908e-12
7.25664e-12
7.88277e-12
8.47895e-12
9.04662e-12
9.58715e-12
1.01018e-11
1.05919e-11
1.10585e-11
1.15028e-11
1.19258e-11
1.23287e-11
1.27122e-11
1.30774e-11
1.34252e-11
1.37563e-11
1.40716e-11
1.43719e-11
1.46578e-11
1.493e-11
1.51892e-11
1.5436e-11
1.56711e-11
1.58949e-11
1.83573e-11
2.10603e-11
2.40257e-11
2.7277e-11
3.08386e-11
3.47362e-11
3.89962e-11
4.36451e-11
4.87089e-11
5.4212e-11
6.01757e-11
6.66161e-11
7.3542e-11
8.09512e-11
8.88267e-11
9.71317e-11
1.05804e-10
1.14748e-10
1.23832e-10
1.32876e-10
1.41651e-10
1.49875e-10
1.57218e-10
1.63307e-10
1.67753e-10
1.70173e-10
1.70234e-10
1.67689e-10
1.62427e-10
1.54497e-10
1.44121e-10
1.31676e-10
1.17655e-10
1.02606e-10
8.70597e-11
7.14744e-11
5.61886e-11
4.1403e-11
2.71772e-11
1.34396e-11
-3.6341e-34
1.77293e-15
1.19816e-12
2.33777e-12
3.42302e-12
4.45648e-12
5.44058e-12
6.37766e-12
7.26995e-12
8.11958e-12
8.92858e-12
9.69888e-12
1.04323e-11
1.11307e-11
1.17956e-11
1.24287e-11
1.30315e-11
1.36055e-11
1.4152e-11
1.46724e-11
1.51678e-11
1.56396e-11
1.60888e-11
1.65165e-11
1.69237e-11
1.73115e-11
1.76807e-11
1.80323e-11
1.8367e-11
1.86858e-11
1.89893e-11
1.92783e-11
1.95535e-11
2.25809e-11
2.59033e-11
2.95471e-11
3.35404e-11
3.79126e-11
4.26942e-11
4.79161e-11
5.3609e-11
5.98024e-11
6.65228e-11
7.37918e-11
8.16237e-11
9.00216e-11
9.89738e-11
1.08448e-10
1.18383e-10
1.28688e-10
1.39226e-10
1.49813e-10
1.60207e-10
1.70108e-10
1.79156e-10
1.86941e-10
1.9302e-10
1.96948e-10
1.98313e-10
1.96793e-10
1.92193e-10
1.84495e-10
1.73876e-10
1.607e-10
1.45489e-10
1.2886e-10
1.11451e-10
9.38459e-11
7.65203e-11
5.97994e-11
4.38476e-11
2.86736e-11
1.41448e-11
-2.12676e-34
1.84062e-15
1.24389e-12
2.427e-12
3.55367e-12
4.62656e-12
5.64822e-12
6.62105e-12
7.54739e-12
8.42942e-12
9.26928e-12
1.0069e-11
1.08304e-11
1.15553e-11
1.22456e-11
1.29029e-11
1.35287e-11
1.41245e-11
1.46918e-11
1.5232e-11
1.57463e-11
1.6236e-11
1.67023e-11
1.71463e-11
1.7569e-11
1.79716e-11
1.83548e-11
1.87198e-11
1.90673e-11
1.93982e-11
1.97132e-11
2.00132e-11
2.02989e-11
2.34414e-11
2.68898e-11
3.06717e-11
3.48158e-11
3.93528e-11
4.43139e-11
4.9731e-11
5.56355e-11
6.20575e-11
6.90238e-11
7.65559e-11
8.46674e-11
9.33602e-11
1.0262e-10
1.12411e-10
1.22667e-10
1.3329e-10
1.44135e-10
1.55006e-10
1.65648e-10
1.75746e-10
1.84926e-10
1.9276e-10
1.98795e-10
2.02574e-10
2.03687e-10
2.01812e-10
1.96773e-10
1.88572e-10
1.77412e-10
1.63689e-10
1.4795e-10
1.30834e-10
1.12992e-10
9.50178e-11
7.73846e-11
6.04138e-11
4.42613e-11
2.89258e-11
1.42634e-11
5.46173e-34
2.17797e-15
1.47177e-12
2.87162e-12
4.20467e-12
5.47409e-12
6.68285e-12
7.83384e-12
8.92979e-12
9.97331e-12
1.09669e-11
1.19129e-11
1.28137e-11
1.36713e-11
1.44878e-11
1.52653e-11
1.60055e-11
1.67103e-11
1.73813e-11
1.80202e-11
1.86285e-11
1.92077e-11
1.97592e-11
2.02843e-11
2.07842e-11
2.12602e-11
2.17134e-11
2.2145e-11
2.25559e-11
2.29472e-11
2.33197e-11
2.36745e-11
2.40122e-11
2.77275e-11
3.18034e-11
3.62719e-11
4.11666e-11
4.65224e-11
5.23751e-11
5.87607e-11
6.5714e-11
7.32675e-11
8.14487e-11
9.02779e-11
9.97644e-11
1.09902e-10
1.20662e-10
1.31989e-10
1.43792e-10
1.55932e-10
1.68218e-10
1.80399e-10
1.92153e-10
2.0309e-10
2.1276e-10
2.20667e-10
2.26297e-10
2.29165e-10
2.2886e-10
2.25106e-10
2.17811e-10
2.07095e-10
1.93302e-10
1.76967e-10
1.58761e-10
1.39412e-10
1.19628e-10
1.00017e-10
8.10447e-11
6.29992e-11
4.59938e-11
2.99783e-11
1.47569e-11
1.25505e-33
2.67736e-15
1.80906e-12
3.5297e-12
5.16823e-12
6.7285e-12
8.2142e-12
9.62884e-12
1.09758e-11
1.22583e-11
1.34793e-11
1.46419e-11
1.57488e-11
1.68027e-11
1.7806e-11
1.87613e-11
1.96708e-11
2.05367e-11
2.13611e-11
2.2146e-11
2.28933e-11
2.36049e-11
2.42823e-11
2.49272e-11
2.55413e-11
2.6126e-11
2.66827e-11
2.72127e-11
2.77174e-11
2.81979e-11
2.86554e-11
2.90911e-11
2.95059e-11
3.40675e-11
3.90701e-11
4.4552e-11
5.05532e-11
5.71151e-11
6.42793e-11
7.2087e-11
8.05771e-11
8.97839e-11
9.97345e-11
1.10445e-10
1.21915e-10
1.34122e-10
1.47014e-10
1.60501e-10
1.74444e-10
1.88645e-10
2.02838e-10
2.1668e-10
2.29752e-10
2.41555e-10
2.51537e-10
2.59111e-10
2.63706e-10
2.64819e-10
2.62082e-10
2.5532e-10
2.44596e-10
2.30223e-10
2.12747e-10
1.9289e-10
1.71469e-10
1.49307e-10
1.27148e-10
1.05595e-10
8.50734e-11
6.58134e-11
4.78632e-11
3.11067e-11
1.5284e-11
1.30712e-33
3.28369e-15
2.21852e-12
4.32858e-12
6.33792e-12
8.25125e-12
1.00731e-11
1.18077e-11
1.34593e-11
1.50318e-11
1.6529e-11
1.79543e-11
1.93114e-11
2.06033e-11
2.18333e-11
2.30043e-11
2.41192e-11
2.51805e-11
2.6191e-11
2.7153e-11
2.80689e-11
2.89408e-11
2.9771e-11
3.05613e-11
3.13138e-11
3.20302e-11
3.27123e-11
3.33617e-11
3.398e-11
3.45687e-11
3.51293e-11
3.56629e-11
3.61711e-11
4.17581e-11
4.78827e-11
5.45906e-11
6.19291e-11
6.99467e-11
7.86912e-11
8.82091e-11
9.85423e-11
1.09726e-10
1.21784e-10
1.34723e-10
1.48528e-10
1.63152e-10
1.78509e-10
1.94457e-10
2.10796e-10
2.27246e-10
2.43445e-10
2.58937e-10
2.73181e-10
2.85558e-10
2.95403e-10
3.02049e-10
3.04888e-10
3.03444e-10
2.97443e-10
2.86874e-10
2.7201e-10
2.53404e-10
2.31826e-10
2.08186e-10
1.83429e-10
1.58439e-10
1.33965e-10
1.10571e-10
8.8618e-11
6.82617e-11
4.94753e-11
3.20737e-11
1.57339e-11
1.22178e-33
4.01097e-15
2.70956e-12
5.28664e-12
7.74066e-12
1.00774e-11
1.23023e-11
1.44206e-11
1.64375e-11
1.83577e-11
2.01858e-11
2.19262e-11
2.3583e-11
2.51604e-11
2.6662e-11
2.80916e-11
2.94525e-11
3.0748e-11
3.19814e-11
3.31556e-11
3.42734e-11
3.53375e-11
3.63506e-11
3.73151e-11
3.82334e-11
3.91076e-11
3.99398e-11
4.07322e-11
4.14866e-11
4.22048e-11
4.28886e-11
4.35397e-11
4.41595e-11
5.09736e-11
5.844e-11
6.66126e-11
7.55472e-11
8.52994e-11
9.5924e-11
1.07472e-10
1.19986e-10
1.33501e-10
1.48033e-10
1.63575e-10
1.80088e-10
1.97489e-10
2.15643e-10
2.34344e-10
2.53304e-10
2.72141e-10
2.9037e-10
3.07402e-10
3.22552e-10
3.35069e-10
3.44182e-10
3.4916e-10
3.494e-10
3.44506e-10
3.34366e-10
3.19196e-10
2.99536e-10
2.76206e-10
2.50212e-10
2.22633e-10
1.94507e-10
1.66745e-10
1.40063e-10
1.14958e-10
9.17038e-11
7.03712e-11
5.08534e-11
3.28955e-11
1.61149e-11
1.13643e-33
4.8744e-15
3.29242e-12
6.42381e-12
9.40563e-12
1.22448e-11
1.49481e-11
1.75219e-11
1.99722e-11
2.23049e-11
2.45257e-11
2.66399e-11
2.86524e-11
3.05683e-11
3.23921e-11
3.41283e-11
3.5781e-11
3.73543e-11
3.8852e-11
4.02778e-11
4.1635e-11
4.2927e-11
4.4157e-11
4.53279e-11
4.64426e-11
4.75037e-11
4.8514e-11
4.94757e-11
5.03914e-11
5.12631e-11
5.2093e-11
5.28831e-11
5.36353e-11
6.19025e-11
7.09565e-11
8.08607e-11
9.16796e-11
1.03477e-10
1.16313e-10
1.30243e-10
1.45311e-10
1.61544e-10
1.78946e-10
1.97488e-10
2.17097e-10
2.37643e-10
2.58921e-10
2.8064e-10
3.02403e-10
3.23698e-10
3.43891e-10
3.62233e-10
3.77886e-10
3.89961e-10
3.97595e-10
4.0003e-10
3.96721e-10
3.87422e-10
3.72257e-10
3.51733e-10
3.26701e-10
2.98264e-10
2.67649e-10
2.36073e-10
2.04628e-10
1.74206e-10
1.45457e-10
1.18785e-10
9.43652e-11
7.21736e-11
5.20223e-11
3.35892e-11
1.64355e-11
1.05276e-33
5.88958e-15
3.97757e-12
7.76057e-12
1.13628e-11
1.47926e-11
1.80582e-11
2.11671e-11
2.41269e-11
2.69445e-11
2.96267e-11
3.21799e-11
3.46104e-11
3.6924e-11
3.91263e-11
4.12226e-11
4.32181e-11
4.51176e-11
4.69256e-11
4.86468e-11
5.02851e-11
5.18446e-11
5.33291e-11
5.47423e-11
5.60876e-11
5.73682e-11
5.85873e-11
5.97478e-11
6.08526e-11
6.19044e-11
6.29057e-11
6.38589e-11
6.47664e-11
7.47374e-11
8.56516e-11
9.75825e-11
1.10604e-10
1.24788e-10
1.402e-10
1.56897e-10
1.74919e-10
1.94285e-10
2.14977e-10
2.36937e-10
2.60042e-10
2.84096e-10
3.0881e-10
3.33777e-10
3.58466e-10
3.82205e-10
4.04186e-10
4.2348e-10
4.39083e-10
4.4998e-10
4.55243e-10
4.5414e-10
4.46254e-10
4.3157e-10
4.10523e-10
3.83966e-10
3.53091e-10
3.1928e-10
2.8395e-10
2.4841e-10
2.13761e-10
1.80833e-10
1.5018e-10
1.22094e-10
9.66422e-11
7.37025e-11
5.30073e-11
3.41709e-11
1.67036e-11
9.71953e-34
7.07182e-15
4.77529e-12
9.31693e-12
1.36414e-11
1.77589e-11
2.1679e-11
2.54109e-11
2.89636e-11
3.23455e-11
3.55647e-11
3.8629e-11
4.15457e-11
4.43221e-11
4.69646e-11
4.94799e-11
5.18741e-11
5.41529e-11
5.63219e-11
5.83865e-11
6.03517e-11
6.22222e-11
6.40027e-11
6.56975e-11
6.73108e-11
6.88465e-11
7.03083e-11
7.16998e-11
7.30244e-11
7.42854e-11
7.54858e-11
7.66286e-11
7.77165e-11
8.9666e-11
1.02738e-10
1.17018e-10
1.32588e-10
1.49529e-10
1.6791e-10
1.87787e-10
2.09194e-10
2.32131e-10
2.56554e-10
2.82358e-10
3.0936e-10
3.37276e-10
3.65703e-10
3.94098e-10
4.21761e-10
4.47833e-10
4.71302e-10
4.91048e-10
5.05899e-10
5.14733e-10
5.16606e-10
5.10879e-10
4.97348e-10
4.76315e-10
4.48593e-10
4.15432e-10
3.78366e-10
3.39033e-10
2.98996e-10
2.59604e-10
2.21915e-10
1.86663e-10
1.5428e-10
1.24934e-10
9.85765e-11
7.49908e-11
5.38324e-11
3.46561e-11
1.69266e-11
8.94844e-34
8.43522e-15
5.69504e-12
1.11114e-11
1.62686e-11
2.11788e-11
2.58535e-11
3.03035e-11
3.45396e-11
3.85719e-11
4.241e-11
4.60632e-11
4.95402e-11
5.28497e-11
5.59995e-11
5.89975e-11
6.18508e-11
6.45665e-11
6.71512e-11
6.96113e-11
7.19528e-11
7.41814e-11
7.63026e-11
7.83216e-11
8.02434e-11
8.20725e-11
8.38137e-11
8.5471e-11
8.70486e-11
8.85503e-11
8.99797e-11
9.13405e-11
9.26359e-11
1.0686e-10
1.22412e-10
1.39386e-10
1.57877e-10
1.7797e-10
1.99738e-10
2.23232e-10
2.48474e-10
2.75439e-10
3.04043e-10
3.34121e-10
3.65409e-10
3.97513e-10
4.29891e-10
4.61828e-10
4.92425e-10
5.20605e-10
5.45133e-10
5.64685e-10
5.77934e-10
5.83691e-10
5.81054e-10
5.69564e-10
5.49321e-10
5.2103e-10
4.85945e-10
4.45732e-10
4.02257e-10
3.57371e-10
3.12726e-10
2.69656e-10
2.29127e-10
1.91749e-10
1.57813e-10
1.27354e-10
1.0021e-10
7.60704e-11
5.45198e-11
3.50588e-11
1.71113e-11
8.21948e-34
9.99196e-15
6.74495e-12
1.31597e-11
1.92675e-11
2.50826e-11
3.06184e-11
3.58881e-11
4.09041e-11
4.56785e-11
5.02227e-11
5.45477e-11
5.8664e-11
6.25816e-11
6.631e-11
6.98583e-11
7.32353e-11
7.64492e-11
7.95078e-11
8.24188e-11
8.51893e-11
8.7826e-11
9.03355e-11
9.27239e-11
9.49971e-11
9.71608e-11
9.92201e-11
1.0118e-10
1.03046e-10
1.04822e-10
1.06512e-10
1.08121e-10
1.09653e-10
1.26467e-10
1.44837e-10
1.64872e-10
1.86674e-10
2.10335e-10
2.35927e-10
2.63493e-10
2.93033e-10
3.2449e-10
3.57725e-10
3.925e-10
4.28442e-10
4.65024e-10
5.01531e-10
5.37047e-10
5.70439e-10
6.00383e-10
6.25406e-10
6.43979e-10
6.54648e-10
6.56205e-10
6.47874e-10
6.29468e-10
6.01492e-10
5.65129e-10
5.2212e-10
4.74549e-10
4.24577e-10
3.74213e-10
3.25133e-10
2.78601e-10
2.35456e-10
1.96154e-10
1.60837e-10
1.29404e-10
1.01581e-10
7.69705e-11
5.50897e-11
3.53914e-11
1.72635e-11
7.5355e-34
1.17514e-14
7.93127e-12
1.54742e-11
2.2656e-11
2.94933e-11
3.60021e-11
4.21976e-11
4.80947e-11
5.37073e-11
5.9049e-11
6.41327e-11
6.89707e-11
7.35749e-11
7.79565e-11
8.21261e-11
8.60941e-11
8.98702e-11
9.34637e-11
9.68835e-11
1.00138e-10
1.03235e-10
1.06183e-10
1.08988e-10
1.11657e-10
1.14198e-10
1.16616e-10
1.18918e-10
1.21108e-10
1.23193e-10
1.25178e-10
1.27067e-10
1.28865e-10
1.48595e-10
1.70138e-10
1.93614e-10
2.19132e-10
2.46789e-10
2.76653e-10
3.08752e-10
3.43059e-10
3.7947e-10
4.17779e-10
4.57649e-10
4.9858e-10
5.39879e-10
5.80628e-10
6.19671e-10
6.55613e-10
6.86857e-10
7.11682e-10
7.28366e-10
7.35367e-10
7.3153e-10
7.16295e-10
6.89854e-10
6.53208e-10
6.08086e-10
5.56739e-10
5.01645e-10
4.4521e-10
3.8953e-10
3.36246e-10
2.86501e-10
2.40972e-10
1.99947e-10
1.63411e-10
1.31132e-10
1.02727e-10
7.77174e-11
5.55603e-11
3.5665e-11
1.73884e-11
6.89757e-34
1.37193e-14
9.25786e-12
1.80623e-11
2.6445e-11
3.44253e-11
4.20219e-11
4.92525e-11
5.61344e-11
6.2684e-11
6.89171e-11
7.48487e-11
8.04933e-11
8.58647e-11
9.0976e-11
9.58397e-11
1.00468e-10
1.04872e-10
1.09063e-10
1.13051e-10
1.16845e-10
1.20457e-10
1.23893e-10
1.27163e-10
1.30275e-10
1.33237e-10
1.36056e-10
1.38738e-10
1.41291e-10
1.43721e-10
1.46034e-10
1.48235e-10
1.5033e-10
1.73313e-10
1.98389e-10
2.25691e-10
2.55337e-10
2.87422e-10
3.22007e-10
3.591e-10
3.98635e-10
4.4045e-10
4.84252e-10
5.29586e-10
5.75797e-10
6.21994e-10
6.6702e-10
7.09447e-10
7.47586e-10
7.79551e-10
8.03368e-10
8.17149e-10
8.19319e-10
8.08858e-10
7.85528e-10
7.50005e-10
7.03874e-10
6.49456e-10
5.89509e-10
5.26864e-10
4.64105e-10
4.03345e-10
3.46126e-10
2.93431e-10
2.45751e-10
2.03195e-10
1.65593e-10
1.32582e-10
1.03681e-10
7.83346e-11
5.59471e-11
3.58891e-11
1.74905e-11
6.30547e-34
1.58975e-14
1.07258e-11
2.09261e-11
3.06376e-11
3.98826e-11
4.86827e-11
5.70584e-11
6.50297e-11
7.26157e-11
7.98346e-11
8.67039e-11
9.32404e-11
9.946e-11
1.05378e-10
1.11009e-10
1.16367e-10
1.21465e-10
1.26316e-10
1.30932e-10
1.35324e-10
1.39503e-10
1.43479e-10
1.47263e-10
1.50864e-10
1.54291e-10
1.57551e-10
1.60654e-10
1.63608e-10
1.66418e-10
1.69093e-10
1.71638e-10
1.74061e-10
2.00632e-10
2.29603e-10
2.61116e-10
2.95297e-10
3.32239e-10
3.71987e-10
4.14522e-10
4.5973e-10
5.07374e-10
5.57058e-10
6.08183e-10
6.59909e-10
7.11116e-10
7.60375e-10
8.0595e-10
8.45833e-10
8.77833e-10
8.99736e-10
9.09526e-10
9.0566e-10
8.87352e-10
8.54797e-10
8.09256e-10
7.52971e-10
6.8888e-10
6.20222e-10
5.50123e-10
4.81267e-10
4.15714e-10
3.54855e-10
2.99476e-10
2.49871e-10
2.05964e-10
1.67433e-10
1.33794e-10
1.04471e-10
7.88427e-11
5.62637e-11
3.60719e-11
1.75736e-11
5.75808e-34
1.8283e-14
1.2333e-11
2.40617e-11
3.5228e-11
4.58577e-11
5.59752e-11
6.56045e-11
7.47683e-11
8.34886e-11
9.17864e-11
9.96818e-11
1.07194e-10
1.14342e-10
1.21143e-10
1.27613e-10
1.33769e-10
1.39626e-10
1.45199e-10
1.50501e-10
1.55545e-10
1.60345e-10
1.64912e-10
1.69258e-10
1.73393e-10
1.77327e-10
1.81071e-10
1.84634e-10
1.88024e-10
1.9125e-10
1.94321e-10
1.97243e-10
2.00024e-10
2.3051e-10
2.63728e-10
2.99829e-10
3.3894e-10
3.8115e-10
4.26486e-10
4.74889e-10
5.26187e-10
5.80053e-10
6.35964e-10
6.93156e-10
7.50573e-10
8.06831e-10
8.60196e-10
9.08595e-10
9.49677e-10
9.80943e-10
9.99955e-10
1.00462e-09
9.93513e-10
9.66184e-10
9.2337e-10
8.67016e-10
8.0007e-10
7.26091e-10
6.48753e-10
5.71403e-10
4.96745e-10
4.2672e-10
3.62525e-10
3.04726e-10
2.53408e-10
2.08317e-10
1.68981e-10
1.34803e-10
1.05124e-10
7.92592e-11
5.6522e-11
3.62204e-11
1.7641e-11
5.25362e-34
2.08683e-14
1.40745e-11
2.7459e-11
4.02016e-11
5.23312e-11
6.38761e-11
7.48632e-11
8.53186e-11
9.52674e-11
1.04734e-10
1.1374e-10
1.22309e-10
1.30462e-10
1.38218e-10
1.45597e-10
1.52616e-10
1.59295e-10
1.65649e-10
1.71693e-10
1.77444e-10
1.82916e-10
1.88121e-10
1.93074e-10
1.97787e-10
2.0227e-10
2.06537e-10
2.10596e-10
2.14459e-10
2.18135e-10
2.21633e-10
2.24962e-10
2.2813e-10
2.62847e-10
3.00647e-10
3.41692e-10
3.86109e-10
4.33976e-10
4.85295e-10
5.39961e-10
5.97728e-10
6.58163e-10
7.20599e-10
7.84074e-10
8.47292e-10
9.08571e-10
9.65839e-10
1.01666e-09
1.05832e-09
1.08801e-09
1.10312e-09
1.10152e-09
1.082e-09
1.04456e-09
9.90585e-10
9.22781e-10
8.44838e-10
7.60911e-10
6.7505e-10
5.90735e-10
5.10617e-10
4.36461e-10
3.69234e-10
3.09268e-10
2.56436e-10
2.10309e-10
1.70278e-10
1.35641e-10
1.05661e-10
7.95995e-11
5.67317e-11
3.63406e-11
1.76954e-11
4.78993e-34
2.36412e-14
1.59418e-11
3.11019e-11
4.55344e-11
5.92724e-11
7.23474e-11
8.47902e-11
9.66302e-11
1.07896e-10
1.18614e-10
1.28812e-10
1.38513e-10
1.47742e-10
1.56522e-10
1.64874e-10
1.72819e-10
1.80377e-10
1.87567e-10
1.94407e-10
2.00914e-10
2.07105e-10
2.12994e-10
2.18597e-10
2.23928e-10
2.28999e-10
2.33825e-10
2.38416e-10
2.42785e-10
2.46941e-10
2.50897e-10
2.54661e-10
2.58242e-10
2.97483e-10
3.40177e-10
3.86496e-10
4.36564e-10
4.90444e-10
5.48104e-10
6.09385e-10
6.73955e-10
7.41257e-10
8.10455e-10
8.80372e-10
9.49433e-10
1.01563e-09
1.07653e-09
1.1293e-09
1.17086e-09
1.19811e-09
1.20828e-09
1.19931e-09
1.17028e-09
1.12175e-09
1.05587e-09
9.76146e-10
8.87037e-10
7.93246e-10
6.9912e-10
6.08193e-10
5.22988e-10
4.45047e-10
3.75082e-10
3.13185e-10
2.5902e-10
2.11992e-10
1.71363e-10
1.36335e-10
1.06101e-10
7.98764e-11
5.69014e-11
3.64373e-11
1.77391e-11
4.36462e-34
2.65849e-14
1.79237e-11
3.49683e-11
5.11945e-11
6.66393e-11
8.13382e-11
9.53256e-11
1.08635e-10
1.21298e-10
1.33344e-10
1.44805e-10
1.55707e-10
1.66078e-10
1.75943e-10
1.85327e-10
1.94254e-10
2.02745e-10
2.10822e-10
2.18505e-10
2.25813e-10
2.32766e-10
2.39379e-10
2.45671e-10
2.51657e-10
2.57351e-10
2.62769e-10
2.67923e-10
2.72827e-10
2.77494e-10
2.81933e-10
2.86158e-10
2.90178e-10
3.34205e-10
3.82076e-10
4.33963e-10
4.89989e-10
5.50195e-10
6.14511e-10
6.82711e-10
7.54364e-10
8.28773e-10
9.04914e-10
9.81363e-10
1.05625e-09
1.1272e-09
1.19139e-09
1.24559e-09
1.28634e-09
1.31027e-09
1.3145e-09
1.2971e-09
1.25756e-09
1.19712e-09
1.11873e-09
1.02681e-09
9.26516e-10
8.23068e-10
7.2102e-10
6.23877e-10
5.33973e-10
4.52588e-10
3.80166e-10
3.16555e-10
2.61221e-10
2.13411e-10
1.72268e-10
1.36907e-10
1.06461e-10
8.01009e-11
5.70379e-11
3.65148e-11
1.7774e-11
3.97519e-34
2.96791e-14
2.00065e-11
3.90314e-11
5.71425e-11
7.43807e-11
9.07858e-11
1.06396e-10
1.21249e-10
1.35379e-10
1.48822e-10
1.61609e-10
1.73773e-10
1.85343e-10
1.96348e-10
2.06815e-10
2.16772e-10
2.26242e-10
2.35249e-10
2.43817e-10
2.51967e-10
2.59719e-10
2.67093e-10
2.74107e-10
2.8078e-10
2.87128e-10
2.93166e-10
2.98912e-10
3.04377e-10
3.09578e-10
3.14525e-10
3.19233e-10
3.23712e-10
3.72756e-10
4.26046e-10
4.83757e-10
5.46004e-10
6.12804e-10
6.84038e-10
7.59406e-10
8.38364e-10
9.2006e-10
1.00326e-09
1.08627e-09
1.16689e-09
1.24238e-09
1.30949e-09
1.36456e-09
1.40377e-09
1.42351e-09
1.42084e-09
1.39406e-09
1.34315e-09
1.27011e-09
1.17881e-09
1.07455e-09
9.63206e-10
8.5041e-10
7.40846e-10
6.37908e-10
5.43693e-10
4.59193e-10
3.84574e-10
3.19449e-10
2.63092e-10
2.14605e-10
1.73021e-10
1.37379e-10
1.06755e-10
8.02821e-11
5.71473e-11
3.65766e-11
1.78017e-11
3.6191e-34
3.29002e-14
2.21742e-11
4.32601e-11
6.33328e-11
8.24376e-11
1.00618e-10
1.17917e-10
1.34376e-10
1.50033e-10
1.64928e-10
1.79095e-10
1.92571e-10
2.05388e-10
2.17578e-10
2.29173e-10
2.402e-10
2.50688e-10
2.60663e-10
2.70151e-10
2.79175e-10
2.87758e-10
2.95922e-10
3.03687e-10
3.11074e-10
3.18101e-10
3.24785e-10
3.31144e-10
3.37193e-10
3.42948e-10
3.48423e-10
3.53633e-10
3.58589e-10
4.12841e-10
4.7175e-10
5.35495e-10
6.04177e-10
6.77783e-10
7.56142e-10
8.38868e-10
9.25293e-10
1.01439e-09
1.1047e-09
1.19425e-09
1.28047e-09
1.36023e-09
1.42984e-09
1.48521e-09
1.52217e-09
1.5369e-09
1.52645e-09
1.48943e-09
1.42643e-09
1.34028e-09
1.23583e-09
1.11925e-09
9.97105e-10
8.75352e-10
7.58715e-10
6.50417e-10
5.52271e-10
4.64966e-10
3.88392e-10
3.21932e-10
2.64682e-10
2.15609e-10
1.73648e-10
1.37767e-10
1.06993e-10
8.04277e-11
5.72345e-11
3.66255e-11
1.78235e-11
2.59101e-34
3.46842e-14
2.33746e-11
4.56019e-11
6.67608e-11
8.68991e-11
1.06063e-10
1.24297e-10
1.41645e-10
1.58148e-10
1.73846e-10
1.88777e-10
2.02979e-10
2.16486e-10
2.29333e-10
2.41551e-10
2.53171e-10
2.64222e-10
2.74733e-10
2.8473e-10
2.94237e-10
3.0328e-10
3.11881e-10
3.20062e-10
3.27843e-10
3.35245e-10
3.42287e-10
3.48985e-10
3.55357e-10
3.61418e-10
3.67185e-10
3.72672e-10
3.77893e-10
4.35022e-10
4.97036e-10
5.6411e-10
6.3634e-10
7.13693e-10
7.95967e-10
8.82726e-10
9.73231e-10
1.06636e-09
1.16051e-09
1.25355e-09
1.34273e-09
1.42467e-09
1.49545e-09
1.55075e-09
1.58621e-09
1.5979e-09
1.58292e-09
1.54006e-09
1.47027e-09
1.37689e-09
1.26529e-09
1.14212e-09
1.01428e-09
8.87867e-10
7.67604e-10
6.5659e-10
5.56473e-10
4.67773e-10
3.90236e-10
3.23123e-10
2.65439e-10
2.16082e-10
1.73941e-10
1.37946e-10
1.07103e-10
8.04938e-11
5.72737e-11
3.66474e-11
1.78333e-11
-3.28379e-33
3.60806e-14
2.43141e-11
4.74347e-11
6.94438e-11
9.03909e-11
1.10324e-10
1.2929e-10
1.47334e-10
1.64498e-10
1.80825e-10
1.96355e-10
2.11125e-10
2.25172e-10
2.38532e-10
2.51238e-10
2.63322e-10
2.74814e-10
2.85744e-10
2.96138e-10
3.06024e-10
3.15427e-10
3.24369e-10
3.32875e-10
3.40966e-10
3.48662e-10
3.55982e-10
3.62945e-10
3.6957e-10
3.75871e-10
3.81867e-10
3.8757e-10
3.92997e-10
4.52378e-10
5.16818e-10
5.86495e-10
6.61495e-10
7.41774e-10
8.27102e-10
9.17003e-10
1.01068e-09
1.10694e-09
1.20407e-09
1.29981e-09
1.39125e-09
1.47483e-09
1.54646e-09
1.60162e-09
1.63582e-09
1.64505e-09
1.62645e-09
1.57896e-09
1.50384e-09
1.4048e-09
1.28764e-09
1.15939e-09
1.02718e-09
8.97226e-10
7.74218e-10
6.61161e-10
5.59568e-10
4.69831e-10
3.91579e-10
3.23985e-10
2.65983e-10
2.1642e-10
1.74147e-10
1.38071e-10
1.07178e-10
8.05391e-11
5.73005e-11
3.66622e-11
1.78399e-11
-1.02147e-32
3.8274e-14
2.57898e-11
5.03135e-11
7.36579e-11
9.58755e-11
1.17017e-10
1.37133e-10
1.56269e-10
1.74473e-10
1.91787e-10
2.08256e-10
2.23919e-10
2.38814e-10
2.52981e-10
2.66453e-10
2.79265e-10
2.91449e-10
3.03037e-10
3.14056e-10
3.24537e-10
3.34504e-10
3.43984e-10
3.53e-10
3.61575e-10
3.69732e-10
3.77491e-10
3.84871e-10
3.91892e-10
3.9857e-10
4.04924e-10
4.10968e-10
4.16719e-10
4.79633e-10
5.47882e-10
6.21643e-10
7.00991e-10
7.85857e-10
8.75972e-10
9.70798e-10
1.06945e-09
1.17059e-09
1.27237e-09
1.37231e-09
1.46725e-09
1.55337e-09
1.62625e-09
1.68112e-09
1.71326e-09
1.71854e-09
1.69417e-09
1.63934e-09
1.55579e-09
1.44786e-09
1.322e-09
1.18581e-09
1.04681e-09
9.11376e-10
7.84148e-10
6.67964e-10
5.64129e-10
4.72826e-10
3.93505e-10
3.25198e-10
2.66731e-10
2.16872e-10
1.74415e-10
1.38228e-10
1.07269e-10
8.05915e-11
5.73304e-11
3.66784e-11
1.7847e-11
-1.30682e-32
3.94808e-14
2.66017e-11
5.18973e-11
7.59764e-11
9.88931e-11
1.207e-10
1.41447e-10
1.61185e-10
1.7996e-10
1.97819e-10
2.14804e-10
2.30957e-10
2.4632e-10
2.6093e-10
2.74823e-10
2.88036e-10
3.00601e-10
3.1255e-10
3.23914e-10
3.34721e-10
3.44999e-10
3.54774e-10
3.6407e-10
3.72913e-10
3.81323e-10
3.89323e-10
3.96932e-10
4.04171e-10
4.11057e-10
4.17607e-10
4.23839e-10
4.29768e-10
4.94624e-10
5.64967e-10
6.40972e-10
7.22708e-10
8.10093e-10
9.02834e-10
1.00036e-09
1.10173e-09
1.20554e-09
1.30985e-09
1.41207e-09
1.5089e-09
1.59636e-09
1.66988e-09
1.72452e-09
1.75545e-09
1.75849e-09
1.73086e-09
1.67193e-09
1.5837e-09
1.47084e-09
1.34019e-09
1.19967e-09
1.05699e-09
9.18601e-10
7.89122e-10
6.71292e-10
5.66293e-10
4.74191e-10
3.94338e-10
3.25685e-10
2.67003e-10
2.17014e-10
1.74484e-10
1.38257e-10
1.07279e-10
8.0593e-11
5.73291e-11
3.66769e-11
1.78462e-11
-1.18803e-32
3.99013e-14
2.68845e-11
5.2449e-11
7.6784e-11
9.99441e-11
1.21982e-10
1.4295e-10
1.62897e-10
1.81872e-10
1.99919e-10
2.17084e-10
2.33409e-10
2.48934e-10
2.63698e-10
2.77738e-10
2.9109e-10
3.03788e-10
3.15863e-10
3.27346e-10
3.38267e-10
3.48653e-10
3.58531e-10
3.67925e-10
3.7686e-10
3.85359e-10
3.93443e-10
4.01132e-10
4.08446e-10
4.15404e-10
4.22023e-10
4.2832e-10
4.3431e-10
4.99843e-10
5.70913e-10
6.47697e-10
7.30262e-10
8.18519e-10
9.12168e-10
1.01062e-09
1.11292e-09
1.21765e-09
1.32283e-09
1.42581e-09
1.52326e-09
1.61115e-09
1.68483e-09
1.73934e-09
1.76978e-09
1.77195e-09
1.74312e-09
1.68269e-09
1.59277e-09
1.47816e-09
1.34583e-09
1.20381e-09
1.05987e-09
9.20507e-10
7.90306e-10
6.71969e-10
5.66633e-10
4.74319e-10
3.94342e-10
3.25626e-10
2.66916e-10
2.16924e-10
1.74402e-10
1.3819e-10
1.07227e-10
8.05558e-11
5.73042e-11
3.66619e-11
1.78392e-11
-1.07966e-32
3.97161e-14
2.67599e-11
5.22059e-11
7.64281e-11
9.94809e-11
1.21417e-10
1.42288e-10
1.62143e-10
1.81029e-10
1.98993e-10
2.16079e-10
2.32328e-10
2.47781e-10
2.62477e-10
2.76453e-10
2.89743e-10
3.02382e-10
3.14401e-10
3.25832e-10
3.36702e-10
3.4704e-10
3.56873e-10
3.66224e-10
3.75118e-10
3.83577e-10
3.91624e-10
3.99278e-10
4.06558e-10
4.13484e-10
4.20073e-10
4.26341e-10
4.32304e-10
4.97536e-10
5.68283e-10
6.44718e-10
7.26911e-10
8.14774e-10
9.08009e-10
1.00604e-09
1.1079e-09
1.21219e-09
1.31695e-09
1.41954e-09
1.51665e-09
1.60426e-09
1.67777e-09
1.73221e-09
1.76273e-09
1.76513e-09
1.73667e-09
1.67676e-09
1.58746e-09
1.47354e-09
1.34191e-09
1.20055e-09
1.05723e-09
9.18388e-10
7.88627e-10
6.7065e-10
5.65604e-10
4.73521e-10
3.93727e-10
3.25156e-10
2.66562e-10
2.1666e-10
1.74209e-10
1.38051e-10
1.0713e-10
8.04896e-11
5.72614e-11
3.66367e-11
1.78276e-11
-9.80934e-33
3.90809e-14
2.63324e-11
5.13721e-11
7.52075e-11
9.78923e-11
1.19478e-10
1.40016e-10
1.59554e-10
1.7814e-10
1.95818e-10
2.12631e-10
2.28622e-10
2.43829e-10
2.58291e-10
2.72045e-10
2.85124e-10
2.97563e-10
3.09391e-10
3.20641e-10
3.31339e-10
3.41513e-10
3.5119e-10
3.60393e-10
3.69147e-10
3.77472e-10
3.85392e-10
3.92925e-10
4.0009e-10
4.06907e-10
4.13392e-10
4.19561e-10
4.2543e-10
4.89637e-10
5.59278e-10
6.34527e-10
7.15456e-10
8.01984e-10
8.93823e-10
9.90411e-10
1.09082e-09
1.19368e-09
1.29705e-09
1.39839e-09
1.49444e-09
1.58126e-09
1.65432e-09
1.70877e-09
1.73978e-09
1.74322e-09
1.71632e-09
1.65842e-09
1.57146e-09
1.46004e-09
1.33088e-09
1.19181e-09
1.05048e-09
9.13282e-10
7.84825e-10
6.67851e-10
5.63559e-10
4.72036e-10
3.92655e-10
3.24384e-10
2.6601e-10
2.16268e-10
1.73933e-10
1.37859e-10
1.06998e-10
8.04021e-11
5.72055e-11
3.6604e-11
1.78127e-11
-8.91063e-33
3.81245e-14
2.5689e-11
5.01168e-11
7.33699e-11
9.55007e-11
1.1656e-10
1.36596e-10
1.55658e-10
1.7379e-10
1.91037e-10
2.07441e-10
2.23042e-10
2.3788e-10
2.5199e-10
2.6541e-10
2.78171e-10
2.90308e-10
3.01849e-10
3.12826e-10
3.23265e-10
3.33193e-10
3.42635e-10
3.51616e-10
3.60158e-10
3.68282e-10
3.7601e-10
3.83361e-10
3.90354e-10
3.97006e-10
4.03335e-10
4.09355e-10
4.15083e-10
4.77748e-10
5.45725e-10
6.1919e-10
6.98217e-10
7.82737e-10
8.7248e-10
9.66907e-10
1.06513e-09
1.16583e-09
1.26715e-09
1.36661e-09
1.46108e-09
1.54673e-09
1.61917e-09
1.67365e-09
1.70546e-09
1.7105e-09
1.68599e-09
1.63117e-09
1.54778e-09
1.44015e-09
1.31474e-09
1.17911e-09
1.04076e-09
9.06017e-10
7.79488e-10
6.63982e-10
5.60782e-10
4.70057e-10
3.91253e-10
3.23396e-10
2.65316e-10
2.15784e-10
1.73598e-10
1.37629e-10
1.06843e-10
8.02995e-11
5.71403e-11
3.6566e-11
1.77953e-11
-8.09315e-33
3.6951e-14
2.48993e-11
4.85764e-11
7.1115e-11
9.25658e-11
1.12978e-10
1.324e-10
1.50876e-10
1.68453e-10
1.85171e-10
2.01072e-10
2.16196e-10
2.30579e-10
2.44258e-10
2.57267e-10
2.69639e-10
2.81405e-10
2.92595e-10
3.03236e-10
3.13357e-10
3.22983e-10
3.32138e-10
3.40845e-10
3.49127e-10
3.57005e-10
3.64498e-10
3.71626e-10
3.78407e-10
3.84857e-10
3.90993e-10
3.96832e-10
4.02386e-10
4.63158e-10
5.29093e-10
6.00369e-10
6.77064e-10
7.59121e-10
8.4629e-10
9.38067e-10
1.03361e-09
1.13167e-09
1.23046e-09
1.32763e-09
1.42017e-09
1.50439e-09
1.57606e-09
1.63059e-09
1.66338e-09
1.6704e-09
1.64884e-09
1.59781e-09
1.51881e-09
1.41585e-09
1.29505e-09
1.16367e-09
1.02898e-09
8.97248e-10
7.73081e-10
6.59367e-10
5.57494e-10
4.67734e-10
3.89622e-10
3.22257e-10
2.64525e-10
2.15238e-10
1.73223e-10
1.37374e-10
1.06672e-10
8.01867e-11
5.70689e-11
3.65244e-11
1.77763e-11
-7.34999e-33
3.56419e-14
2.40185e-11
4.6858e-11
6.85996e-11
8.92921e-11
1.08983e-10
1.27718e-10
1.45543e-10
1.62499e-10
1.78627e-10
1.93968e-10
2.08558e-10
2.22435e-10
2.35633e-10
2.48184e-10
2.60121e-10
2.71474e-10
2.82271e-10
2.92539e-10
3.02305e-10
3.11593e-10
3.20428e-10
3.2883e-10
3.36822e-10
3.44425e-10
3.51656e-10
3.58535e-10
3.65079e-10
3.71304e-10
3.77227e-10
3.82861e-10
3.88222e-10
4.46882e-10
5.1054e-10
5.79373e-10
6.53466e-10
7.32774e-10
8.17072e-10
9.05892e-10
9.98446e-10
1.09355e-09
1.18952e-09
1.28413e-09
1.3745e-09
1.45713e-09
1.52794e-09
1.58251e-09
1.61639e-09
1.62561e-09
1.60735e-09
1.56055e-09
1.48645e-09
1.38871e-09
1.27306e-09
1.14643e-09
1.01586e-09
8.87491e-10
7.65969e-10
6.54261e-10
5.5387e-10
4.65185e-10
3.87841e-10
3.21021e-10
2.63672e-10
2.14651e-10
1.72823e-10
1.37103e-10
1.0649e-10
8.00676e-11
5.69936e-11
3.64806e-11
1.77564e-11
-6.67467e-33
3.42601e-14
2.30887e-11
4.50443e-11
6.59445e-11
8.58365e-11
1.04766e-10
1.22777e-10
1.39913e-10
1.56214e-10
1.7172e-10
1.86469e-10
2.00497e-10
2.13839e-10
2.26529e-10
2.38597e-10
2.50075e-10
2.60991e-10
2.71373e-10
2.81247e-10
2.90639e-10
2.99571e-10
3.08067e-10
3.16148e-10
3.23834e-10
3.31145e-10
3.381e-10
3.44716e-10
3.5101e-10
3.56998e-10
3.62695e-10
3.68114e-10
3.73271e-10
4.29701e-10
4.90956e-10
5.57209e-10
6.28554e-10
7.0496e-10
7.86225e-10
8.71919e-10
9.61312e-10
1.05329e-09
1.14629e-09
1.23818e-09
1.32626e-09
1.40718e-09
1.47708e-09
1.53168e-09
1.56669e-09
1.57822e-09
1.56342e-09
1.52108e-09
1.45216e-09
1.35994e-09
1.24975e-09
1.12815e-09
1.00193e-09
8.77148e-10
7.58438e-10
6.48863e-10
5.50047e-10
4.62503e-10
3.85974e-10
3.19729e-10
2.62783e-10
2.14043e-10
1.72409e-10
1.36823e-10
1.06304e-10
7.99454e-11
5.69165e-11
3.64358e-11
1.77359e-11
-3.02681e-33
3.28284e-14
2.21253e-11
4.31649e-11
6.31933e-11
8.22558e-11
1.00396e-10
1.17657e-10
1.34079e-10
1.49701e-10
1.64562e-10
1.78698e-10
1.92143e-10
2.04931e-10
2.17094e-10
2.28662e-10
2.39664e-10
2.50128e-10
2.6008e-10
2.69546e-10
2.78549e-10
2.87112e-10
2.95257e-10
3.03004e-10
3.10374e-10
3.17384e-10
3.24052e-10
3.30396e-10
3.36431e-10
3.42172e-10
3.47634e-10
3.52831e-10
3.57776e-10
4.11895e-10
4.70656e-10
5.34234e-10
6.02728e-10
6.7612e-10
7.54235e-10
8.36681e-10
9.22784e-10
1.01151e-09
1.1014e-09
1.19045e-09
1.27611e-09
1.35523e-09
1.42411e-09
1.47869e-09
1.51481e-09
1.52868e-09
1.5174e-09
1.47964e-09
1.41606e-09
1.32957e-09
1.22507e-09
1.10874e-09
9.87118e-10
8.66119e-10
7.50393e-10
6.43089e-10
5.45955e-10
4.59631e-10
3.83975e-10
3.18346e-10
2.61832e-10
2.13393e-10
1.71967e-10
1.36525e-10
1.06105e-10
7.98151e-11
5.68343e-11
3.63881e-11
1.77142e-11
3.13108e-34
3.13386e-14
2.11228e-11
4.1209e-11
6.03302e-11
7.85294e-11
9.58487e-11
1.12328e-10
1.28007e-10
1.42924e-10
1.57113e-10
1.70611e-10
1.83449e-10
1.9566e-10
2.07275e-10
2.18322e-10
2.28829e-10
2.38822e-10
2.48327e-10
2.57367e-10
2.65965e-10
2.74144e-10
2.81924e-10
2.89324e-10
2.96363e-10
3.03059e-10
3.09429e-10
3.15489e-10
3.21254e-10
3.26739e-10
3.31957e-10
3.36922e-10
3.41646e-10
3.93357e-10
4.49519e-10
5.10308e-10
5.75827e-10
6.46073e-10
7.20895e-10
7.99941e-10
8.82596e-10
9.67906e-10
1.05451e-09
1.14055e-09
1.22362e-09
1.30078e-09
1.36851e-09
1.42296e-09
1.46012e-09
1.47628e-09
1.46857e-09
1.4355e-09
1.37744e-09
1.29692e-09
1.1984e-09
1.08766e-09
9.70943e-10
8.54021e-10
7.41533e-10
6.36708e-10
5.41419e-10
4.56441e-10
3.81749e-10
3.16804e-10
2.6077e-10
2.12666e-10
1.71472e-10
1.36191e-10
1.05882e-10
7.9669e-11
5.67421e-11
3.63345e-11
1.76897e-11
3.43953e-34
2.97959e-14
2.00845e-11
3.91836e-11
5.73652e-11
7.46705e-11
9.11392e-11
1.0681e-10
1.2172e-10
1.35905e-10
1.49399e-10
1.62235e-10
1.74445e-10
1.86059e-10
1.97105e-10
2.07612e-10
2.17606e-10
2.27111e-10
2.36152e-10
2.44752e-10
2.52932e-10
2.60712e-10
2.68113e-10
2.75153e-10
2.8185e-10
2.88221e-10
2.94282e-10
3.00048e-10
3.05533e-10
3.10752e-10
3.15717e-10
3.20442e-10
3.24937e-10
3.74152e-10
4.27619e-10
4.85513e-10
5.47942e-10
6.14918e-10
6.86315e-10
7.61819e-10
8.40873e-10
9.22605e-10
1.00576e-09
1.08861e-09
1.16894e-09
1.24396e-09
1.3104e-09
1.36457e-09
1.40267e-09
1.42109e-09
1.41695e-09
1.38863e-09
1.33624e-09
1.26191e-09
1.16964e-09
1.0648e-09
9.53307e-10
8.40765e-10
7.31782e-10
6.29657e-10
5.36392e-10
4.52894e-10
3.79269e-10
3.15083e-10
2.59583e-10
2.11852e-10
1.70918e-10
1.35816e-10
1.05631e-10
7.9505e-11
5.66385e-11
3.62742e-11
1.76623e-11
3.77773e-34
2.8207e-14
1.9015e-11
3.70972e-11
5.4311e-11
7.06953e-11
8.62879e-11
1.01125e-10
1.15243e-10
1.28674e-10
1.41451e-10
1.53606e-10
1.65169e-10
1.76167e-10
1.86628e-10
1.96579e-10
2.06044e-10
2.15047e-10
2.2361e-10
2.31755e-10
2.39503e-10
2.46873e-10
2.53884e-10
2.60553e-10
2.66897e-10
2.72933e-10
2.78674e-10
2.84137e-10
2.89334e-10
2.94279e-10
2.98983e-10
3.0346e-10
3.07719e-10
3.54359e-10
4.05045e-10
4.59951e-10
5.19189e-10
5.82784e-10
6.50634e-10
7.22466e-10
7.97779e-10
8.75783e-10
9.55328e-10
1.03484e-09
1.11224e-09
1.18496e-09
1.24993e-09
1.30369e-09
1.3426e-09
1.36319e-09
1.36259e-09
1.33905e-09
1.29244e-09
1.22448e-09
1.13871e-09
1.04006e-09
9.34112e-10
8.26258e-10
7.21057e-10
6.21871e-10
5.30819e-10
4.48951e-10
3.76505e-10
3.13161e-10
2.58255e-10
2.1094e-10
1.70296e-10
1.35396e-10
1.0535e-10
7.93204e-11
5.65218e-11
3.62064e-11
1.76313e-11
2.32917e-34
2.79347e-14
1.88317e-11
3.67397e-11
5.37876e-11
7.0014e-11
8.54565e-11
1.00151e-10
1.14133e-10
1.27435e-10
1.40089e-10
1.52127e-10
1.63579e-10
1.74471e-10
1.84832e-10
1.94688e-10
2.04062e-10
2.12979e-10
2.2146e-10
2.29527e-10
2.37201e-10
2.44501e-10
2.51445e-10
2.5805e-10
2.64334e-10
2.70312e-10
2.75999e-10
2.8141e-10
2.86557e-10
2.91455e-10
2.96115e-10
3.00549e-10
3.04768e-10
3.50966e-10
4.01175e-10
4.55568e-10
5.14258e-10
5.77272e-10
6.44512e-10
7.15712e-10
7.90381e-10
8.67742e-10
9.46663e-10
1.02559e-09
1.10248e-09
1.1748e-09
1.23951e-09
1.29318e-09
1.33221e-09
1.35316e-09
1.35314e-09
1.33042e-09
1.28479e-09
1.21792e-09
1.13327e-09
1.03569e-09
9.3071e-10
8.23678e-10
7.19145e-10
6.20479e-10
5.2982e-10
4.48244e-10
3.76008e-10
3.12815e-10
2.58016e-10
2.10776e-10
1.70183e-10
1.3532e-10
1.05299e-10
7.9287e-11
5.65007e-11
3.61941e-11
1.76257e-11
2.17148e-34
2.65797e-14
1.79196e-11
3.49602e-11
5.11826e-11
6.66236e-11
8.13188e-11
9.53026e-11
1.08608e-10
1.21267e-10
1.33311e-10
1.44768e-10
1.55666e-10
1.66034e-10
1.75895e-10
1.85276e-10
1.94199e-10
2.02687e-10
2.1076e-10
2.1844e-10
2.25745e-10
2.32695e-10
2.39305e-10
2.45594e-10
2.51577e-10
2.57268e-10
2.62683e-10
2.67835e-10
2.72736e-10
2.774e-10
2.81837e-10
2.86059e-10
2.90077e-10
3.34076e-10
3.81908e-10
4.33746e-10
4.89705e-10
5.49823e-10
6.14021e-10
6.82064e-10
7.53511e-10
8.2765e-10
9.0344e-10
9.7944e-10
1.05376e-09
1.12401e-09
1.18734e-09
1.24051e-09
1.28008e-09
1.30271e-09
1.30557e-09
1.28681e-09
1.24604e-09
1.18459e-09
1.10554e-09
1.01336e-09
9.13261e-10
8.10405e-10
7.09276e-10
6.13277e-10
5.24644e-10
4.44568e-10
3.73424e-10
3.11013e-10
2.56768e-10
2.09918e-10
1.69597e-10
1.34923e-10
1.05033e-10
7.91125e-11
5.63904e-11
3.61299e-11
1.75964e-11
4.20208e-34
2.49233e-14
1.68044e-11
3.27846e-11
4.79978e-11
6.24783e-11
7.62598e-11
8.93744e-11
1.01853e-10
1.13726e-10
1.25022e-10
1.35769e-10
1.45992e-10
1.55716e-10
1.64967e-10
1.73767e-10
1.82138e-10
1.90101e-10
1.97676e-10
2.04882e-10
2.11736e-10
2.18257e-10
2.2446e-10
2.30361e-10
2.35975e-10
2.41316e-10
2.46398e-10
2.51233e-10
2.55833e-10
2.6021e-10
2.64375e-10
2.68338e-10
2.72109e-10
3.13415e-10
3.58337e-10
4.07043e-10
4.59653e-10
5.16216e-10
5.76674e-10
6.40832e-10
7.08304e-10
7.78458e-10
8.50359e-10
9.22704e-10
9.93768e-10
1.06137e-09
1.12288e-09
1.17528e-09
1.21534e-09
1.23985e-09
1.24605e-09
1.232e-09
1.19707e-09
1.14222e-09
1.07007e-09
9.8462e-10
8.90662e-10
7.93113e-10
6.96349e-10
6.038e-10
5.17804e-10
4.39695e-10
3.69988e-10
3.08611e-10
2.55102e-10
2.0877e-10
1.68812e-10
1.3439e-10
1.04676e-10
7.8878e-11
5.6242e-11
3.60435e-11
1.7557e-11
4.99878e-34
2.3248e-14
1.56764e-11
3.05841e-11
4.47764e-11
5.82855e-11
7.11427e-11
8.33781e-11
9.50208e-11
1.06099e-10
1.16638e-10
1.26665e-10
1.36205e-10
1.4528e-10
1.53913e-10
1.62125e-10
1.69937e-10
1.77369e-10
1.84439e-10
1.91164e-10
1.97563e-10
2.03649e-10
2.0944e-10
2.14949e-10
2.2019e-10
2.25176e-10
2.29921e-10
2.34435e-10
2.3873e-10
2.42817e-10
2.46706e-10
2.50406e-10
2.53928e-10
2.92507e-10
3.34479e-10
3.80009e-10
4.29219e-10
4.82168e-10
5.38822e-10
5.99019e-10
6.62428e-10
7.28496e-10
7.96391e-10
8.64948e-10
9.32609e-10
9.97392e-10
1.05689e-09
1.10832e-09
1.14865e-09
1.17485e-09
1.18422e-09
1.17476e-09
1.14562e-09
1.09742e-09
1.0323e-09
9.53776e-10
8.66232e-10
7.7429e-10
6.82189e-10
5.9336e-10
5.10233e-10
4.34278e-10
3.66155e-10
3.05924e-10
2.53233e-10
2.0748e-10
1.67928e-10
1.3379e-10
1.04273e-10
7.86131e-11
5.60742e-11
3.59457e-11
1.75124e-11
5.48496e-34
2.15655e-14
1.45434e-11
2.83737e-11
4.15405e-11
5.40738e-11
6.60025e-11
7.73547e-11
8.81572e-11
9.8436e-11
1.08216e-10
1.17521e-10
1.26373e-10
1.34794e-10
1.42806e-10
1.50428e-10
1.57679e-10
1.64577e-10
1.7114e-10
1.77382e-10
1.83322e-10
1.88972e-10
1.94348e-10
1.99462e-10
2.04329e-10
2.08958e-10
2.13364e-10
2.17555e-10
2.21543e-10
2.25339e-10
2.2895e-10
2.32386e-10
2.35657e-10
2.71491e-10
3.10494e-10
3.52825e-10
3.98607e-10
4.47909e-10
5.00716e-10
5.56901e-10
6.16184e-10
6.78088e-10
7.41883e-10
8.06535e-10
8.70653e-10
9.32452e-10
9.89746e-10
1.03998e-09
1.08036e-09
1.10802e-09
1.12033e-09
1.11528e-09
1.09183e-09
1.05024e-09
9.9222e-10
9.20794e-10
8.39904e-10
7.53851e-10
6.66708e-10
5.81875e-10
5.0186e-10
4.2826e-10
3.61881e-10
3.02917e-10
2.51136e-10
2.06029e-10
1.66932e-10
1.33112e-10
1.03818e-10
7.83134e-11
5.58842e-11
3.5835e-11
1.74618e-11
6.01636e-34
1.98881e-14
1.34136e-11
2.61696e-11
3.83139e-11
4.9874e-11
6.08769e-11
7.13482e-11
8.13129e-11
9.07948e-11
9.98167e-11
1.08401e-10
1.16568e-10
1.24338e-10
1.3173e-10
1.38763e-10
1.45454e-10
1.51819e-10
1.57875e-10
1.63636e-10
1.69118e-10
1.74333e-10
1.79294e-10
1.84015e-10
1.88507e-10
1.92781e-10
1.96847e-10
2.00717e-10
2.04399e-10
2.07903e-10
2.11237e-10
2.1441e-10
2.17429e-10
2.50523e-10
2.86557e-10
3.25688e-10
3.68039e-10
4.13685e-10
4.6263e-10
5.14779e-10
5.69901e-10
6.2759e-10
6.87214e-10
7.47867e-10
8.08319e-10
8.6698e-10
9.21881e-10
9.70706e-10
1.01088e-09
1.03972e-09
1.05472e-09
1.05383e-09
1.03588e-09
1.0008e-09
9.49886e-10
8.85666e-10
8.11629e-10
7.31724e-10
6.49821e-10
5.69264e-10
4.92612e-10
4.21579e-10
3.57115e-10
2.99553e-10
2.48783e-10
2.04396e-10
1.65809e-10
1.32347e-10
1.03303e-10
7.79738e-11
5.56688e-11
3.57093e-11
1.74043e-11
6.59665e-34
1.82286e-14
1.22957e-11
2.39888e-11
3.51213e-11
4.57185e-11
5.58051e-11
6.54048e-11
7.45403e-11
8.32336e-11
9.15054e-11
9.93761e-11
1.06865e-10
1.1399e-10
1.20769e-10
1.27218e-10
1.33354e-10
1.39192e-10
1.44747e-10
1.50031e-10
1.55059e-10
1.59843e-10
1.64395e-10
1.68726e-10
1.72846e-10
1.76767e-10
1.80499e-10
1.84049e-10
1.87428e-10
1.90643e-10
1.93702e-10
1.96614e-10
1.99385e-10
2.29762e-10
2.62852e-10
2.98807e-10
3.37748e-10
3.79757e-10
4.24854e-10
4.72972e-10
5.23927e-10
5.7738e-10
6.3279e-10
6.89375e-10
7.4606e-10
8.01442e-10
8.53767e-10
9.00952e-10
9.40648e-10
9.70375e-10
9.87741e-10
9.90726e-10
9.78012e-10
9.49278e-10
9.05394e-10
8.48421e-10
7.81381e-10
7.07848e-10
6.31452e-10
5.55445e-10
4.82412e-10
4.1417e-10
3.51804e-10
2.95789e-10
2.46141e-10
2.02558e-10
1.64541e-10
1.31481e-10
1.0272e-10
7.75887e-11
5.54242e-11
3.55665e-11
1.7339e-11
7.2296e-34
1.66003e-14
1.11987e-11
2.18486e-11
3.1988e-11
4.16402e-11
5.08276e-11
5.95717e-11
6.78933e-11
7.58124e-11
8.33479e-11
9.05183e-11
9.73409e-11
1.03833e-10
1.10009e-10
1.15886e-10
1.21477e-10
1.26797e-10
1.31859e-10
1.36675e-10
1.41258e-10
1.45618e-10
1.49767e-10
1.53715e-10
1.57471e-10
1.61046e-10
1.64447e-10
1.67684e-10
1.70764e-10
1.73696e-10
1.76485e-10
1.7914e-10
1.81667e-10
2.09372e-10
2.39567e-10
2.72393e-10
3.07973e-10
3.46392e-10
3.87684e-10
4.31809e-10
4.78623e-10
5.27849e-10
5.79035e-10
6.31513e-10
6.84354e-10
7.36336e-10
7.85915e-10
8.31235e-10
8.70175e-10
9.00461e-10
9.19841e-10
9.26339e-10
9.18544e-10
8.95895e-10
8.58889e-10
8.09129e-10
7.4917e-10
6.82187e-10
6.11537e-10
5.40342e-10
4.71185e-10
4.05964e-10
3.45891e-10
2.91579e-10
2.43174e-10
2.00488e-10
1.63109e-10
1.30501e-10
1.02058e-10
7.71512e-11
5.5146e-11
3.54039e-11
1.72647e-11
7.91908e-34
1.50161e-14
1.01312e-11
1.97661e-11
2.89393e-11
3.76718e-11
4.59841e-11
5.38956e-11
6.14252e-11
6.85907e-11
7.54096e-11
8.18983e-11
8.80725e-11
9.39476e-11
9.95377e-11
1.04857e-10
1.09918e-10
1.14734e-10
1.19316e-10
1.23676e-10
1.27825e-10
1.31772e-10
1.35529e-10
1.39103e-10
1.42504e-10
1.45741e-10
1.48822e-10
1.51753e-10
1.54543e-10
1.57197e-10
1.59724e-10
1.62129e-10
1.64418e-10
1.89518e-10
2.16887e-10
2.4666e-10
2.78954e-10
3.13859e-10
3.5142e-10
3.91619e-10
4.34351e-10
4.79395e-10
5.26378e-10
5.7474e-10
6.23692e-10
6.72179e-10
7.18859e-10
7.62096e-10
7.99998e-10
8.30499e-10
8.51505e-10
8.61107e-10
8.57839e-10
8.40941e-10
8.10574e-10
7.67909e-10
7.15041e-10
6.54729e-10
5.90027e-10
5.23889e-10
4.58859e-10
3.96893e-10
3.39315e-10
2.86874e-10
2.39845e-10
1.98155e-10
1.61491e-10
1.29391e-10
1.01307e-10
7.66538e-11
5.48292e-11
3.52186e-11
1.71798e-11
8.66898e-34
1.34887e-14
9.1018e-12
1.77578e-11
2.59991e-11
3.38448e-11
4.13131e-11
4.84215e-11
5.5187e-11
6.16258e-11
6.77532e-11
7.35843e-11
7.9133e-11
8.44131e-11
8.94375e-11
9.42184e-11
9.87677e-11
1.03097e-10
1.07216e-10
1.11136e-10
1.14865e-10
1.18415e-10
1.21792e-10
1.25006e-10
1.28065e-10
1.30976e-10
1.33746e-10
1.36382e-10
1.38891e-10
1.41279e-10
1.43551e-10
1.45715e-10
1.47773e-10
1.70357e-10
1.94993e-10
2.2181e-10
2.50921e-10
2.82416e-10
3.1635e-10
3.52724e-10
3.91466e-10
4.32406e-10
4.75243e-10
5.19517e-10
5.64564e-10
6.09491e-10
6.53142e-10
6.94096e-10
7.30682e-10
7.61046e-10
7.83264e-10
7.95519e-10
7.96324e-10
7.84765e-10
7.60712e-10
7.24936e-10
6.79085e-10
6.25499e-10
5.66898e-10
5.06031e-10
4.45367e-10
3.86889e-10
3.32016e-10
2.81621e-10
2.3611e-10
1.95528e-10
1.59663e-10
1.28132e-10
1.00453e-10
7.60876e-11
5.44681e-11
3.50071e-11
1.70829e-11
9.48308e-34
1.20295e-14
8.11825e-12
1.58389e-11
2.31899e-11
3.01881e-11
3.68499e-11
4.3191e-11
4.92264e-11
5.49705e-11
6.04371e-11
6.56395e-11
7.05904e-11
7.53018e-11
7.97851e-11
8.40515e-11
8.81115e-11
9.19749e-11
9.56513e-11
9.91499e-11
1.02479e-10
1.05648e-10
1.08663e-10
1.11532e-10
1.14263e-10
1.16861e-10
1.19335e-10
1.21689e-10
1.23929e-10
1.26061e-10
1.28091e-10
1.30022e-10
1.31861e-10
1.52034e-10
1.74053e-10
1.98035e-10
2.24089e-10
2.52306e-10
2.82745e-10
3.15425e-10
3.50303e-10
3.87251e-10
4.26035e-10
4.66282e-10
5.07446e-10
5.48779e-10
5.89302e-10
6.27795e-10
6.62801e-10
6.92678e-10
7.1568e-10
7.30103e-10
7.34477e-10
7.27777e-10
7.09627e-10
6.80442e-10
6.41448e-10
5.94563e-10
5.42155e-10
4.86733e-10
4.30651e-10
3.75887e-10
3.23931e-10
2.75766e-10
2.31925e-10
1.92571e-10
1.57597e-10
1.26706e-10
9.94832e-11
7.54425e-11
5.40559e-11
3.47654e-11
1.69721e-11
1.03649e-33
1.0649e-14
7.18751e-12
1.40231e-11
2.05315e-11
2.67277e-11
3.26262e-11
3.8241e-11
4.35852e-11
4.86718e-11
5.35129e-11
5.81203e-11
6.2505e-11
6.66779e-11
7.0649e-11
7.44282e-11
7.80246e-11
8.14472e-11
8.47043e-11
8.78039e-11
9.07537e-11
9.35611e-11
9.62328e-11
9.87755e-11
1.01195e-10
1.03499e-10
1.05691e-10
1.07777e-10
1.09763e-10
1.11653e-10
1.13452e-10
1.15164e-10
1.16794e-10
1.34682e-10
1.54215e-10
1.75504e-10
1.98652e-10
2.23745e-10
2.5085e-10
2.79997e-10
3.11165e-10
3.44268e-10
3.79126e-10
4.15444e-10
4.52782e-10
4.90524e-10
5.27854e-10
5.63738e-10
5.96925e-10
6.25977e-10
6.49333e-10
6.65423e-10
6.72821e-10
6.70436e-10
6.57701e-10
6.34719e-10
6.02326e-10
5.62032e-10
5.15839e-10
4.65985e-10
4.1467e-10
3.63831e-10
3.15e-10
2.69254e-10
2.27241e-10
1.89245e-10
1.55262e-10
1.25089e-10
9.838e-11
7.47071e-11
5.35852e-11
3.44889e-11
1.68452e-11
1.13177e-33
9.3557e-15
6.3154e-12
1.23216e-11
1.80405e-11
2.34852e-11
2.86684e-11
3.36025e-11
3.8299e-11
4.27693e-11
4.70241e-11
5.10736e-11
5.49276e-11
5.85956e-11
6.20865e-11
6.54087e-11
6.85705e-11
7.15796e-11
7.44434e-11
7.71689e-11
7.97628e-11
8.22314e-11
8.4581e-11
8.68172e-11
8.89455e-11
9.09712e-11
9.28993e-11
9.47345e-11
9.64812e-11
9.81439e-11
9.97265e-11
1.01233e-10
1.02667e-10
1.18408e-10
1.35607e-10
1.54363e-10
1.74772e-10
1.9692e-10
2.20874e-10
2.46673e-10
2.74317e-10
3.03749e-10
3.34841e-10
3.67365e-10
4.00971e-10
4.35164e-10
4.69273e-10
5.02436e-10
5.33595e-10
5.61509e-10
5.84803e-10
6.02052e-10
6.11906e-10
6.13249e-10
6.05372e-10
5.88119e-10
5.61979e-10
5.28073e-10
4.88035e-10
4.43809e-10
3.97404e-10
3.50677e-10
3.05168e-10
2.62029e-10
2.22011e-10
1.85509e-10
1.52628e-10
1.23256e-10
9.71255e-11
7.38685e-11
5.30472e-11
3.41725e-11
1.66999e-11
1.23439e-33
8.15625e-15
5.50644e-12
1.07434e-11
1.57298e-11
2.04773e-11
2.4997e-11
2.92995e-11
3.33951e-11
3.72936e-11
4.10042e-11
4.45361e-11
4.78976e-11
5.1097e-11
5.41421e-11
5.70402e-11
5.97985e-11
6.24237e-11
6.49223e-11
6.73004e-11
6.95637e-11
7.17179e-11
7.37682e-11
7.57198e-11
7.75772e-11
7.93452e-11
8.10281e-11
8.26299e-11
8.41547e-11
8.5606e-11
8.69876e-11
8.83027e-11
8.95546e-11
1.03301e-10
1.18326e-10
1.34723e-10
1.5258e-10
1.71978e-10
1.92983e-10
2.15642e-10
2.39969e-10
2.65936e-10
2.93451e-10
3.22346e-10
3.52352e-10
3.83076e-10
4.13977e-10
4.44349e-10
4.7331e-10
4.99808e-10
5.22649e-10
5.40562e-10
5.52296e-10
5.5675e-10
5.5312e-10
5.41048e-10
5.20723e-10
4.92908e-10
4.58878e-10
4.20265e-10
3.78859e-10
3.36395e-10
2.94391e-10
2.54041e-10
2.16185e-10
1.8132e-10
1.49658e-10
1.2118e-10
9.56993e-11
7.29122e-11
5.24322e-11
3.381e-11
1.65331e-11
1.34451e-33
7.05521e-15
4.76371e-12
9.29432e-12
1.36083e-11
1.77156e-11
2.1626e-11
2.53487e-11
2.88924e-11
3.22657e-11
3.54766e-11
3.85329e-11
4.1442e-11
4.4211e-11
4.68465e-11
4.93549e-11
5.17425e-11
5.4015e-11
5.61779e-11
5.82367e-11
6.01962e-11
6.20613e-11
6.38366e-11
6.55264e-11
6.71348e-11
6.86659e-11
7.01232e-11
7.15105e-11
7.2831e-11
7.40881e-11
7.52848e-11
7.64239e-11
7.75083e-11
8.94182e-11
1.02443e-10
1.16666e-10
1.32167e-10
1.49022e-10
1.67297e-10
1.87041e-10
2.08281e-10
2.31006e-10
2.5516e-10
2.80623e-10
3.07192e-10
3.34564e-10
3.62313e-10
3.89868e-10
4.16508e-10
4.41353e-10
4.63388e-10
4.81499e-10
4.94549e-10
5.01484e-10
5.01456e-10
4.93957e-10
4.78928e-10
4.56817e-10
4.28554e-10
3.95459e-10
3.59075e-10
3.20982e-10
2.82636e-10
2.45247e-10
2.09717e-10
1.76637e-10
1.46317e-10
1.18832e-10
9.40794e-11
7.18221e-11
5.17291e-11
3.33949e-11
1.63419e-11
1.46214e-33
6.05494e-15
4.08884e-12
7.97763e-12
1.16805e-11
1.52062e-11
1.85628e-11
2.17585e-11
2.48006e-11
2.76966e-11
3.04533e-11
3.30774e-11
3.55752e-11
3.79527e-11
4.02158e-11
4.237e-11
4.44204e-11
4.63721e-11
4.82298e-11
4.9998e-11
5.16812e-11
5.32833e-11
5.48084e-11
5.626e-11
5.76419e-11
5.89573e-11
6.02095e-11
6.14014e-11
6.25361e-11
6.36163e-11
6.46447e-11
6.56236e-11
6.65556e-11
7.67933e-11
8.7995e-11
1.00234e-10
1.13584e-10
1.28114e-10
1.43886e-10
1.60953e-10
1.79347e-10
1.99074e-10
2.20104e-10
2.42355e-10
2.65681e-10
2.89854e-10
3.14544e-10
3.39301e-10
3.63545e-10
3.86556e-10
4.0748e-10
4.25363e-10
4.39194e-10
4.47993e-10
4.50907e-10
4.4733e-10
4.37012e-10
4.20131e-10
3.97305e-10
3.69545e-10
3.38131e-10
3.04461e-10
2.69892e-10
2.35612e-10
2.02565e-10
1.71417e-10
1.42567e-10
1.16182e-10
9.22417e-11
7.05804e-11
5.09258e-11
3.29193e-11
1.61226e-11
1.58713e-33
5.15563e-15
3.48196e-12
6.7936e-12
9.947e-12
1.29495e-11
1.58082e-11
1.85298e-11
2.11208e-11
2.35874e-11
2.59355e-11
2.81707e-11
3.02985e-11
3.23239e-11
3.4252e-11
3.60872e-11
3.78342e-11
3.94972e-11
4.10801e-11
4.25869e-11
4.40213e-11
4.53867e-11
4.66864e-11
4.79237e-11
4.91015e-11
5.02227e-11
5.12901e-11
5.23062e-11
5.32735e-11
5.41944e-11
5.50711e-11
5.59057e-11
5.67003e-11
6.5431e-11
7.49883e-11
8.54369e-11
9.68421e-11
1.09267e-10
1.22771e-10
1.37404e-10
1.53204e-10
1.70188e-10
1.88345e-10
2.07624e-10
2.27926e-10
2.49082e-10
2.70845e-10
2.92868e-10
3.14692e-10
3.35738e-10
3.55306e-10
3.7259e-10
3.86714e-10
3.96787e-10
4.01989e-10
4.01665e-10
3.95426e-10
3.8323e-10
3.65425e-10
3.42728e-10
3.16153e-10
2.86892e-10
2.56169e-10
2.2512e-10
1.94698e-10
1.65624e-10
1.38373e-10
1.13199e-10
9.0161e-11
6.91682e-11
5.00087e-11
3.2375e-11
1.5871e-11
1.71905e-33
4.35543e-15
2.94187e-12
5.73987e-12
8.40421e-12
1.09411e-11
1.33566e-11
1.56563e-11
1.78457e-11
1.99301e-11
2.19144e-11
2.38035e-11
2.56017e-11
2.73136e-11
2.89432e-11
3.04945e-11
3.19713e-11
3.33771e-11
3.47153e-11
3.59892e-11
3.72019e-11
3.83563e-11
3.94553e-11
4.05015e-11
4.14975e-11
4.24457e-11
4.33483e-11
4.42077e-11
4.50258e-11
4.58047e-11
4.65462e-11
4.72521e-11
4.79243e-11
5.53109e-11
6.34006e-11
7.22498e-11
8.1916e-11
9.24561e-11
1.03924e-10
1.16369e-10
1.2983e-10
1.4433e-10
1.59874e-10
1.76436e-10
1.93949e-10
2.12297e-10
2.31297e-10
2.50689e-10
2.70119e-10
2.89129e-10
3.07157e-10
3.23536e-10
3.37522e-10
3.48329e-10
3.55195e-10
3.57456e-10
3.54637e-10
3.4653e-10
3.33253e-10
3.15263e-10
2.93313e-10
2.68373e-10
2.41509e-10
2.13773e-10
1.86095e-10
1.59225e-10
1.33701e-10
1.0985e-10
8.78112e-11
6.7565e-11
4.89634e-11
3.17526e-11
1.55829e-11
1.85717e-33
3.65071e-15
2.46614e-12
4.8117e-12
7.04524e-12
9.17201e-12
1.1197e-11
1.3125e-11
1.49607e-11
1.67083e-11
1.83721e-11
1.9956e-11
2.1464e-11
2.28995e-11
2.42661e-11
2.55671e-11
2.68057e-11
2.79847e-11
2.91072e-11
3.01757e-11
3.1193e-11
3.21614e-11
3.30834e-11
3.39611e-11
3.47967e-11
3.55922e-11
3.63496e-11
3.70706e-11
3.77571e-11
3.84107e-11
3.9033e-11
3.96254e-11
4.01895e-11
4.63898e-11
5.31831e-11
6.06183e-11
6.87455e-11
7.76151e-11
8.72761e-11
9.77738e-11
1.09147e-10
1.21425e-10
1.3462e-10
1.48723e-10
1.63697e-10
1.79463e-10
1.95891e-10
2.12792e-10
2.29897e-10
2.46856e-10
2.63222e-10
2.78459e-10
2.91947e-10
3.03011e-10
3.10966e-10
3.15172e-10
3.15112e-10
3.10465e-10
3.01168e-10
2.87452e-10
2.6983e-10
2.49046e-10
2.25991e-10
2.01601e-10
1.76753e-10
1.52201e-10
1.28523e-10
1.06108e-10
8.51666e-11
6.57501e-11
4.77745e-11
3.10423e-11
1.52533e-11
2.00035e-33
3.03633e-15
2.05133e-12
4.00237e-12
5.86027e-12
7.62938e-12
9.31388e-12
1.09178e-11
1.24448e-11
1.38987e-11
1.52829e-11
1.66008e-11
1.78554e-11
1.90499e-11
2.01871e-11
2.12697e-11
2.23003e-11
2.32816e-11
2.42157e-11
2.51051e-11
2.59517e-11
2.67578e-11
2.75252e-11
2.82558e-11
2.89514e-11
2.96137e-11
3.02442e-11
3.08445e-11
3.1416e-11
3.19602e-11
3.24783e-11
3.29716e-11
3.34413e-11
3.86051e-11
4.42651e-11
5.0463e-11
5.72422e-11
6.46467e-11
7.27199e-11
8.15034e-11
9.10345e-11
1.01343e-10
1.12449e-10
1.24356e-10
1.37044e-10
1.50465e-10
1.64533e-10
1.7911e-10
1.94002e-10
2.08943e-10
2.23589e-10
2.37517e-10
2.50223e-10
2.61141e-10
2.69674e-10
2.75231e-10
2.77292e-10
2.75469e-10
2.69568e-10
2.59634e-10
2.45967e-10
2.29098e-10
2.09731e-10
1.88663e-10
1.66692e-10
1.44546e-10
1.22819e-10
1.01947e-10
8.22029e-11
6.37028e-11
4.64263e-11
3.02336e-11
1.4877e-11
2.14694e-33
2.50599e-15
1.6932e-12
3.30363e-12
4.8372e-12
6.29752e-12
7.68802e-12
9.01201e-12
1.02726e-11
1.14729e-11
1.26157e-11
1.37037e-11
1.47395e-11
1.57258e-11
1.66647e-11
1.75587e-11
1.84098e-11
1.922e-11
1.99915e-11
2.0726e-11
2.14252e-11
2.2091e-11
2.27248e-11
2.33283e-11
2.39029e-11
2.44499e-11
2.49708e-11
2.54667e-11
2.59389e-11
2.63884e-11
2.68165e-11
2.7224e-11
2.76121e-11
3.18793e-11
3.65584e-11
4.16846e-11
4.72951e-11
5.34275e-11
6.01202e-11
6.74103e-11
7.53324e-11
8.39166e-11
9.31854e-11
1.0315e-10
1.13805e-10
1.25125e-10
1.37054e-10
1.49498e-10
1.62318e-10
1.7532e-10
1.88245e-10
2.00765e-10
2.12481e-10
2.22931e-10
2.31608e-10
2.37988e-10
2.41577e-10
2.41958e-10
2.38853e-10
2.32169e-10
2.22025e-10
2.08757e-10
1.92886e-10
1.75054e-10
1.55958e-10
1.36271e-10
1.1658e-10
9.73498e-11
7.88992e-11
6.14036e-11
4.4903e-11
2.93157e-11
1.44488e-11
2.29467e-33
2.05259e-15
1.38698e-12
2.70617e-12
3.96241e-12
5.15867e-12
6.29776e-12
7.38239e-12
8.41514e-12
9.39847e-12
1.03347e-11
1.12262e-11
1.20749e-11
1.2883e-11
1.36524e-11
1.43849e-11
1.50823e-11
1.57464e-11
1.63786e-11
1.69805e-11
1.75536e-11
1.80993e-11
1.86188e-11
1.91135e-11
1.95845e-11
2.00329e-11
2.04599e-11
2.08664e-11
2.12535e-11
2.1622e-11
2.1973e-11
2.23071e-11
2.26253e-11
2.61246e-11
2.99629e-11
3.41699e-11
3.87769e-11
4.38161e-11
4.93204e-11
5.53226e-11
6.1854e-11
6.89432e-11
7.66136e-11
8.4881e-11
9.37499e-11
1.03209e-10
1.13226e-10
1.23739e-10
1.34655e-10
1.45832e-10
1.57083e-10
1.68158e-10
1.7875e-10
1.8849e-10
1.96961e-10
2.03714e-10
2.08298e-10
2.10305e-10
2.09409e-10
2.05423e-10
1.98326e-10
1.88287e-10
1.7565e-10
1.60906e-10
1.44628e-10
1.27413e-10
1.09816e-10
9.2308e-11
7.52401e-11
5.88359e-11
4.31904e-11
2.82785e-11
1.39632e-11
2.44056e-33
1.66856e-15
1.12758e-12
2.20005e-12
3.22136e-12
4.19392e-12
5.12002e-12
6.00187e-12
6.84155e-12
7.64107e-12
8.40235e-12
9.1272e-12
9.81736e-12
1.04745e-11
1.11002e-11
1.16959e-11
1.22631e-11
1.28031e-11
1.33173e-11
1.38069e-11
1.42731e-11
1.47169e-11
1.51395e-11
1.55419e-11
1.5925e-11
1.62898e-11
1.66372e-11
1.69679e-11
1.72828e-11
1.75827e-11
1.78682e-11
1.81401e-11
1.8399e-11
2.12466e-11
2.43712e-11
2.77973e-11
3.1551e-11
3.56596e-11
4.0151e-11
4.50536e-11
5.0395e-11
5.62015e-11
6.2496e-11
6.92964e-11
7.66128e-11
8.44443e-11
9.27744e-11
1.01567e-10
1.10758e-10
1.20252e-10
1.29915e-10
1.39562e-10
1.48963e-10
1.5783e-10
1.6583e-10
1.72588e-10
1.77714e-10
1.80824e-10
1.81585e-10
1.79751e-10
1.75203e-10
1.67973e-10
1.58254e-10
1.46385e-10
1.3281e-10
1.18032e-10
1.02554e-10
8.68268e-11
7.12185e-11
5.59874e-11
4.12761e-11
2.71125e-11
1.34154e-11
2.58078e-33
1.3462e-15
9.09803e-13
1.77515e-12
2.59923e-12
3.38397e-12
4.13125e-12
4.84283e-12
5.52041e-12
6.16559e-12
6.77993e-12
7.36489e-12
7.92187e-12
8.4522e-12
8.95717e-12
9.43798e-12
9.89578e-12
1.03317e-11
1.07467e-11
1.11419e-11
1.15182e-11
1.18765e-11
1.22177e-11
1.25425e-11
1.28518e-11
1.31463e-11
1.34268e-11
1.36938e-11
1.39481e-11
1.41902e-11
1.44207e-11
1.46403e-11
1.48493e-11
1.71491e-11
1.96732e-11
2.24419e-11
2.54769e-11
2.88007e-11
3.24368e-11
3.64094e-11
4.07426e-11
4.54596e-11
5.05819e-11
5.61277e-11
6.211e-11
6.85344e-11
7.53955e-11
8.26734e-11
9.0329e-11
9.82987e-11
1.06489e-10
1.14769e-10
1.22967e-10
1.30869e-10
1.38212e-10
1.44695e-10
1.49989e-10
1.53756e-10
1.55674e-10
1.55476e-10
1.52978e-10
1.48113e-10
1.40949e-10
1.31687e-10
1.20646e-10
1.08221e-10
9.48428e-11
8.09279e-11
6.68382e-11
5.28528e-11
3.91517e-11
2.58102e-11
1.28008e-11
2.71061e-33
1.07793e-15
7.28547e-13
1.4215e-12
2.08141e-12
2.70983e-12
3.30826e-12
3.87811e-12
4.42074e-12
4.93744e-12
5.42945e-12
5.89795e-12
6.34405e-12
6.76882e-12
7.17328e-12
7.5584e-12
7.92511e-12
8.27428e-12
8.60676e-12
8.92334e-12
9.22479e-12
9.51182e-12
9.78514e-12
1.00454e-11
1.02932e-11
1.05292e-11
1.07539e-11
1.09678e-11
1.11716e-11
1.13656e-11
1.15503e-11
1.17262e-11
1.18937e-11
1.37368e-11
1.57602e-11
1.79805e-11
2.04153e-11
2.30833e-11
2.60038e-11
2.91973e-11
3.26841e-11
3.64846e-11
4.0618e-11
4.51018e-11
4.99501e-11
5.51718e-11
6.07687e-11
6.67321e-11
7.30398e-11
7.96517e-11
8.65051e-11
9.35097e-11
1.00543e-10
1.07445e-10
1.14018e-10
1.20026e-10
1.25202e-10
1.29257e-10
1.31901e-10
1.32869e-10
1.31946e-10
1.28999e-10
1.23999e-10
1.17035e-10
1.08305e-10
9.80976e-11
8.67593e-11
7.46528e-11
6.21171e-11
4.94359e-11
3.68141e-11
2.43669e-11
1.21166e-11
2.82442e-33
8.565e-16
5.78924e-13
1.12957e-12
1.65396e-12
2.15333e-12
2.62888e-12
3.08172e-12
3.51295e-12
3.92357e-12
4.31459e-12
4.68692e-12
5.04146e-12
5.37906e-12
5.70052e-12
6.00663e-12
6.2981e-12
6.57564e-12
6.83992e-12
7.09157e-12
7.3312e-12
7.55937e-12
7.77665e-12
7.98354e-12
8.18055e-12
8.36815e-12
8.54678e-12
8.71689e-12
8.87887e-12
9.03311e-12
9.17999e-12
9.31986e-12
9.45305e-12
1.09187e-11
1.25281e-11
1.42947e-11
1.62327e-11
1.83572e-11
2.06843e-11
2.32306e-11
2.60135e-11
2.905e-11
3.23572e-11
3.59509e-11
3.9845e-11
4.40499e-11
4.85715e-11
5.34083e-11
5.85496e-11
6.39716e-11
6.96344e-11
7.54773e-11
8.14149e-11
8.7333e-11
9.3085e-11
9.84915e-11
1.03341e-10
1.07399e-10
1.10413e-10
1.12139e-10
1.12357e-10
1.10897e-10
1.07665e-10
1.02661e-10
9.59789e-11
8.78074e-11
7.84037e-11
6.80642e-11
5.70898e-11
4.57521e-11
3.42679e-11
2.27822e-11
1.13614e-11
2.91571e-33
6.75167e-16
4.56383e-13
8.90473e-13
1.30387e-12
1.69755e-12
2.07245e-12
2.42946e-12
2.76943e-12
3.09317e-12
3.40145e-12
3.695e-12
3.97454e-12
4.24072e-12
4.49419e-12
4.73555e-12
4.96538e-12
5.18424e-12
5.39263e-12
5.59108e-12
5.78004e-12
5.95998e-12
6.13133e-12
6.29449e-12
6.44986e-12
6.59781e-12
6.7387e-12
6.87286e-12
7.00061e-12
7.12227e-12
7.23812e-12
7.34844e-12
7.4535e-12
8.60965e-12
9.87952e-12
1.12737e-11
1.28037e-11
1.44817e-11
1.63206e-11
1.83342e-11
2.05365e-11
2.29419e-11
2.55651e-11
2.84198e-11
3.15188e-11
3.48731e-11
3.84901e-11
4.23729e-11
4.65179e-11
5.09127e-11
5.55332e-11
6.03401e-11
6.5276e-11
7.02611e-11
7.51899e-11
7.99296e-11
8.43188e-11
8.81702e-11
9.12772e-11
9.34245e-11
9.44044e-11
9.40364e-11
9.2188e-11
8.87945e-11
8.38711e-11
7.75156e-11
6.98995e-11
6.12472e-11
5.18089e-11
4.18306e-11
3.15268e-11
2.10611e-11
1.05364e-11
2.97728e-33
5.27778e-16
3.56772e-13
6.96118e-13
1.01929e-12
1.32705e-12
1.62013e-12
1.89923e-12
2.16502e-12
2.41811e-12
2.65913e-12
2.88864e-12
3.10719e-12
3.31531e-12
3.51349e-12
3.7022e-12
3.88191e-12
4.05303e-12
4.21598e-12
4.37116e-12
4.51892e-12
4.65963e-12
4.79362e-12
4.92121e-12
5.04271e-12
5.15842e-12
5.2686e-12
5.37352e-12
5.47343e-12
5.56858e-12
5.65918e-12
5.74546e-12
5.82763e-12
6.73196e-12
7.72541e-12
8.8164e-12
1.0014e-11
1.13279e-11
1.27685e-11
1.43468e-11
1.60743e-11
1.79629e-11
2.00245e-11
2.22711e-11
2.47141e-11
2.73635e-11
3.02277e-11
3.33118e-11
3.66166e-11
4.01369e-11
4.38593e-11
4.77597e-11
5.18008e-11
5.59284e-11
6.00689e-11
6.41262e-11
6.79805e-11
7.14879e-11
7.44836e-11
7.67878e-11
7.8216e-11
7.85936e-11
7.7773e-11
7.56511e-11
7.21845e-11
6.73988e-11
6.13885e-11
5.43064e-11
4.63458e-11
3.77154e-11
2.86151e-11
1.92155e-11
9.6462e-12
3.00156e-33
4.08831e-16
2.76377e-13
5.39255e-13
7.89605e-13
1.02802e-12
1.25507e-12
1.47128e-12
1.67718e-12
1.87326e-12
2.05998e-12
2.23779e-12
2.40711e-12
2.56835e-12
2.7219e-12
2.86811e-12
3.00735e-12
3.13994e-12
3.2662e-12
3.38643e-12
3.50092e-12
3.60995e-12
3.71378e-12
3.81265e-12
3.9068e-12
3.99646e-12
4.08184e-12
4.16315e-12
4.24058e-12
4.31431e-12
4.38453e-12
4.45139e-12
4.51507e-12
5.21597e-12
5.98607e-12
6.83195e-12
7.76071e-12
8.78003e-12
9.89809e-12
1.11236e-11
1.24658e-11
1.39343e-11
1.55388e-11
1.72894e-11
1.91957e-11
2.12667e-11
2.35105e-11
2.5933e-11
2.85373e-11
3.13227e-11
3.42828e-11
3.74036e-11
4.06618e-11
4.40219e-11
4.74337e-11
5.08299e-11
5.41238e-11
5.7208e-11
5.99553e-11
6.22212e-11
6.38504e-11
6.46854e-11
6.45803e-11
6.34145e-11
6.1108e-11
5.76336e-11
5.30223e-11
4.73622e-11
4.07884e-11
3.34658e-11
2.55692e-11
1.7265e-11
8.69886e-12
2.98109e-33
3.13485e-16
2.11929e-13
4.13508e-13
6.0548e-13
7.88302e-13
9.62408e-13
1.12821e-12
1.28611e-12
1.43647e-12
1.57966e-12
1.71601e-12
1.84587e-12
1.96952e-12
2.08727e-12
2.19941e-12
2.30619e-12
2.40788e-12
2.50472e-12
2.59693e-12
2.68475e-12
2.76837e-12
2.84801e-12
2.92384e-12
2.99606e-12
3.06483e-12
3.13032e-12
3.19268e-12
3.25208e-12
3.30863e-12
3.3625e-12
3.41379e-12
3.46263e-12
4.00032e-12
4.59118e-12
5.2403e-12
5.95318e-12
6.73578e-12
7.5945e-12
8.53616e-12
9.56801e-12
1.06977e-11
1.19331e-11
1.32822e-11
1.47532e-11
1.63538e-11
1.80911e-11
1.9971e-11
2.19978e-11
2.41731e-11
2.64946e-11
2.89552e-11
3.15409e-11
3.42294e-11
3.69874e-11
3.97689e-11
4.25128e-11
4.51413e-11
4.7559e-11
4.96542e-11
5.1301e-11
5.23657e-11
5.27149e-11
5.22268e-11
5.08037e-11
4.83841e-11
4.49526e-11
4.05432e-11
3.52372e-11
2.9154e-11
2.24365e-11
1.52369e-11
7.70661e-12
2.90906e-33
2.37538e-16
1.60591e-13
3.13339e-13
4.58808e-13
5.97345e-13
7.29277e-13
8.54919e-13
9.74569e-13
1.08851e-12
1.19702e-12
1.30036e-12
1.39876e-12
1.49247e-12
1.58171e-12
1.66669e-12
1.74762e-12
1.82468e-12
1.89807e-12
1.96796e-12
2.03451e-12
2.09789e-12
2.15825e-12
2.21573e-12
2.27046e-12
2.32259e-12
2.37222e-12
2.4195e-12
2.46451e-12
2.50738e-12
2.54821e-12
2.58709e-12
2.62411e-12
3.0317e-12
3.47965e-12
3.97183e-12
4.51248e-12
5.10613e-12
5.75772e-12
6.47252e-12
7.25613e-12
8.11451e-12
9.05388e-12
1.00806e-11
1.12013e-11
1.24223e-11
1.37497e-11
1.51889e-11
1.67443e-11
1.84185e-11
2.02118e-11
2.21211e-11
2.41386e-11
2.62508e-11
2.84364e-11
3.06647e-11
3.28938e-11
3.50686e-11
3.712e-11
3.8964e-11
4.05027e-11
4.16276e-11
4.22243e-11
4.21803e-11
4.1395e-11
3.97899e-11
3.73192e-11
3.39766e-11
2.97985e-11
2.48613e-11
1.92733e-11
1.31658e-11
6.68546e-12
2.78004e-33
1.77381e-16
1.19924e-13
2.33992e-13
3.42625e-13
4.46081e-13
5.44606e-13
6.38434e-13
7.27788e-13
8.12881e-13
8.93917e-13
9.71087e-13
1.04458e-12
1.11456e-12
1.18121e-12
1.24468e-12
1.30512e-12
1.36268e-12
1.41749e-12
1.46969e-12
1.5194e-12
1.56673e-12
1.61181e-12
1.65474e-12
1.69563e-12
1.73456e-12
1.77163e-12
1.80694e-12
1.84057e-12
1.87259e-12
1.90308e-12
1.93213e-12
1.95978e-12
2.26425e-12
2.5989e-12
2.96665e-12
3.37067e-12
3.8144e-12
4.30155e-12
4.83613e-12
5.4224e-12
6.06491e-12
6.76846e-12
7.53803e-12
8.37872e-12
9.29568e-12
1.02939e-11
1.1378e-11
1.2552e-11
1.38188e-11
1.51799e-11
1.66345e-11
1.81788e-11
1.98049e-11
2.14995e-11
2.32429e-11
2.5007e-11
2.67539e-11
2.84348e-11
2.99884e-11
3.13414e-11
3.24091e-11
3.30986e-11
3.33132e-11
3.29591e-11
3.19545e-11
3.0238e-11
2.77773e-11
2.45752e-11
2.06715e-11
1.61414e-11
1.1091e-11
5.65429e-12
2.59041e-33
1.29935e-16
8.78482e-14
1.71407e-13
2.50984e-13
3.26769e-13
3.98943e-13
4.67676e-13
5.33132e-13
5.95468e-13
6.54832e-13
7.11365e-13
7.65202e-13
8.16471e-13
8.65296e-13
9.11792e-13
9.56071e-13
9.98238e-13
1.03839e-12
1.07664e-12
1.11305e-12
1.14773e-12
1.18076e-12
1.21221e-12
1.24217e-12
1.27069e-12
1.29786e-12
1.32373e-12
1.34836e-12
1.37182e-12
1.39417e-12
1.41544e-12
1.43571e-12
1.6588e-12
1.90403e-12
2.17354e-12
2.46967e-12
2.79496e-12
3.15216e-12
3.54423e-12
3.97436e-12
4.44594e-12
4.96257e-12
5.52802e-12
6.1462e-12
6.82106e-12
7.55655e-12
8.35643e-12
9.2241e-12
1.01623e-11
1.1173e-11
1.22564e-11
1.3411e-11
1.46326e-11
1.59132e-11
1.72405e-11
1.85961e-11
1.99547e-11
2.12826e-11
2.25367e-11
2.36639e-11
2.46007e-11
2.52751e-11
2.56087e-11
2.55212e-11
2.49364e-11
2.37897e-11
2.20358e-11
1.96557e-11
1.6662e-11
1.31009e-11
9.05277e-12
4.63308e-12
2.3385e-33
9.2562e-17
6.25819e-14
1.22108e-13
1.78798e-13
2.32787e-13
2.84203e-13
3.33168e-13
3.798e-13
4.24208e-13
4.66499e-13
5.06774e-13
5.45129e-13
5.81655e-13
6.16439e-13
6.49565e-13
6.81111e-13
7.11153e-13
7.39762e-13
7.67007e-13
7.92954e-13
8.17663e-13
8.41194e-13
8.63603e-13
8.84944e-13
9.05267e-13
9.24621e-13
9.43053e-13
9.60606e-13
9.77323e-13
9.93242e-13
1.0084e-12
1.02284e-12
1.1818e-12
1.35655e-12
1.54862e-12
1.75968e-12
1.99155e-12
2.24622e-12
2.5258e-12
2.83261e-12
3.16909e-12
3.53786e-12
3.94169e-12
4.38343e-12
4.86604e-12
5.39249e-12
5.96567e-12
6.58829e-12
7.26267e-12
7.9906e-12
8.77293e-12
9.60931e-12
1.04976e-11
1.14333e-11
1.24088e-11
1.34126e-11
1.44283e-11
1.54334e-11
1.63986e-11
1.72866e-11
1.80523e-11
1.86423e-11
1.89967e-11
1.90514e-11
1.87421e-11
1.80094e-11
1.68058e-11
1.51018e-11
1.28925e-11
1.02019e-11
7.08675e-12
3.64005e-12
2.02382e-33
6.29747e-17
4.25783e-14
8.30775e-14
1.21647e-13
1.58379e-13
1.93361e-13
2.26676e-13
2.58402e-13
2.88617e-13
3.17391e-13
3.44793e-13
3.70889e-13
3.95741e-13
4.19408e-13
4.41947e-13
4.63411e-13
4.83851e-13
5.03318e-13
5.21856e-13
5.3951e-13
5.56323e-13
5.72334e-13
5.87582e-13
6.02102e-13
6.15931e-13
6.29101e-13
6.41642e-13
6.53586e-13
6.64961e-13
6.75793e-13
6.8611e-13
6.95934e-13
8.04103e-13
9.2302e-13
1.05373e-12
1.19739e-12
1.35522e-12
1.52859e-12
1.71896e-12
1.92791e-12
2.15712e-12
2.40842e-12
2.6837e-12
2.98498e-12
3.31432e-12
3.67384e-12
4.06562e-12
4.49165e-12
4.95371e-12
5.45327e-12
5.99125e-12
6.56779e-12
7.18197e-12
7.83136e-12
8.51154e-12
9.21554e-12
9.93311e-12
1.065e-11
1.13471e-11
1.19998e-11
1.25774e-11
1.30429e-11
1.33536e-11
1.34622e-11
1.33192e-11
1.28764e-11
1.20919e-11
1.09352e-11
9.39282e-12
7.4742e-12
5.21604e-12
2.68779e-12
1.64496e-33
3.91e-17
2.64365e-14
5.15821e-14
7.55298e-14
9.83366e-14
1.20057e-13
1.40742e-13
1.60441e-13
1.79201e-13
1.97067e-13
2.14081e-13
2.30284e-13
2.45715e-13
2.6041e-13
2.74405e-13
2.87732e-13
3.00424e-13
3.12511e-13
3.24022e-13
3.34984e-13
3.45424e-13
3.55365e-13
3.64833e-13
3.7385e-13
3.82437e-13
3.90614e-13
3.98402e-13
4.05819e-13
4.12882e-13
4.19608e-13
4.26014e-13
4.32115e-13
4.99284e-13
5.73131e-13
6.54307e-13
7.43524e-13
8.41558e-13
9.49252e-13
1.06752e-12
1.19735e-12
1.3398e-12
1.49601e-12
1.66717e-12
1.85457e-12
2.05952e-12
2.28336e-12
2.52744e-12
2.79308e-12
3.08147e-12
3.39363e-12
3.73029e-12
4.09175e-12
4.47766e-12
4.88681e-12
5.31683e-12
5.7638e-12
6.22185e-12
6.68261e-12
7.13472e-12
7.56329e-12
7.94943e-12
8.26997e-12
8.49755e-12
8.60116e-12
8.54738e-12
8.30247e-12
7.8354e-12
7.12156e-12
6.14709e-12
4.91345e-12
3.44184e-12
1.77818e-12
1.19513e-33
1.8892e-17
1.27735e-14
2.49232e-14
3.64942e-14
4.75139e-14
5.80085e-14
6.8003e-14
7.75212e-14
8.65857e-14
9.52182e-14
1.03439e-13
1.11268e-13
1.18724e-13
1.25825e-13
1.32587e-13
1.39026e-13
1.45159e-13
1.51e-13
1.56561e-13
1.61858e-13
1.66903e-13
1.71706e-13
1.76281e-13
1.80638e-13
1.84787e-13
1.88739e-13
1.92502e-13
1.96085e-13
1.99498e-13
2.02749e-13
2.05844e-13
2.08792e-13
2.41249e-13
2.76934e-13
3.16161e-13
3.59277e-13
4.06655e-13
4.58706e-13
5.15871e-13
5.7863e-13
6.47499e-13
7.2303e-13
8.05811e-13
8.96462e-13
9.95628e-13
1.10397e-12
1.22217e-12
1.35086e-12
1.49067e-12
1.64211e-12
1.8056e-12
1.98133e-12
2.16921e-12
2.36875e-12
2.57893e-12
2.79799e-12
3.02324e-12
3.2508e-12
3.47536e-12
3.68987e-12
3.88526e-12
4.05032e-12
4.1716e-12
4.23362e-12
4.21939e-12
4.11137e-12
3.89292e-12
3.55019e-12
3.07452e-12
2.46498e-12
1.7311e-12
8.95945e-13
6.54232e-34
5.60252e-42
7.37633e-41
2.42609e-40
4.87455e-40
7.8324e-40
1.10994e-39
1.45174e-39
1.79628e-39
2.13407e-39
2.45797e-39
2.76279e-39
3.04489e-39
3.30187e-39
3.53238e-39
3.73585e-39
3.91233e-39
4.06237e-39
4.18687e-39
4.287e-39
4.36413e-39
4.41973e-39
4.45536e-39
4.4726e-39
4.47305e-39
4.45825e-39
4.42971e-39
4.3889e-39
4.33719e-39
4.27589e-39
4.20623e-39
4.12934e-39
2.7348e-38
6.48175e-38
9.39091e-38
1.34598e-37
1.91166e-37
2.694e-37
3.77112e-37
5.24819e-37
7.26658e-37
1.0016e-36
1.37504e-36
1.88093e-36
2.56456e-36
3.48622e-36
4.72596e-36
6.3898e-36
8.61774e-36
1.1594e-35
1.55598e-35
2.08297e-35
2.78114e-35
3.70289e-35
4.91501e-35
6.50161e-35
8.5671e-35
1.12386e-34
1.46671e-34
1.90258e-34
2.45032e-34
3.12892e-34
3.95479e-34
4.93738e-34
6.07245e-34
7.33247e-34
8.65383e-34
9.92097e-34
1.09486e-33
1.14645e-33
1.10973e-33
9.37872e-34
5.77386e-34
2.26619e-34
