-2.04673e-38
-2.69475e-37
-8.86307e-37
-1.78079e-36
-2.86135e-36
-4.05487e-36
-5.30352e-36
-6.56218e-36
-7.79617e-36
-8.97945e-36
-1.0093e-35
-1.11235e-35
-1.20623e-35
-1.29043e-35
-1.36476e-35
-1.42923e-35
-1.48403e-35
-1.52951e-35
-1.56609e-35
-1.59426e-35
-1.61457e-35
-1.62758e-35
-1.63388e-35
-1.63403e-35
-1.62862e-35
-1.6182e-35
-1.60328e-35
-1.58439e-35
-1.56199e-35
-1.53654e-35
-1.50846e-35
-9.99019e-35
-2.36773e-34
-3.43033e-34
-4.91647e-34
-6.98241e-34
-9.83941e-34
-1.37725e-33
-1.91653e-33
-2.65333e-33
-3.65679e-33
-5.01943e-33
-6.86483e-33
-9.3577e-33
-1.27171e-32
-1.72334e-32
-2.32908e-32
-3.13955e-32
-4.22118e-32
-5.66078e-32
-7.57109e-32
-1.00975e-31
-1.34262e-31
-1.77925e-31
-2.34907e-31
-3.08821e-31
-4.04009e-31
-5.25542e-31
-6.79098e-31
-8.70668e-31
-1.10597e-30
-1.38943e-30
-1.72266e-30
-2.10221e-30
-2.51652e-30
-2.94214e-30
-3.33934e-30
-3.64747e-30
-3.78077e-30
-3.62549e-30
-3.04005e-30
-1.86156e-30
-3.54612e-31
2.84836e-17
1.92583e-14
3.75761e-14
5.50214e-14
7.16354e-14
8.74578e-14
1.02526e-13
1.16876e-13
1.30542e-13
1.43557e-13
1.55951e-13
1.67754e-13
1.78995e-13
1.897e-13
1.99894e-13
2.09602e-13
2.18848e-13
2.27652e-13
2.36037e-13
2.44022e-13
2.51627e-13
2.58869e-13
2.65765e-13
2.72333e-13
2.78588e-13
2.84545e-13
2.90217e-13
2.9562e-13
3.00765e-13
3.05664e-13
3.1033e-13
3.14774e-13
3.637e-13
4.17487e-13
4.7661e-13
5.41586e-13
6.12978e-13
6.91398e-13
7.77507e-13
8.72021e-13
9.75705e-13
1.08938e-12
1.21391e-12
1.3502e-12
1.4992e-12
1.66185e-12
1.83911e-12
2.03188e-12
2.24097e-12
2.46705e-12
2.71055e-12
2.97154e-12
3.24961e-12
3.54367e-12
3.85174e-12
4.17067e-12
4.49581e-12
4.82071e-12
5.13669e-12
5.43254e-12
5.69429e-12
5.90505e-12
6.0453e-12
6.09342e-12
6.02687e-12
5.82382e-12
5.46544e-12
4.93841e-12
4.23757e-12
3.36826e-12
2.34812e-12
1.20898e-12
-1.99113e-30
5.95522e-17
4.02639e-14
7.85618e-14
1.15035e-13
1.49771e-13
1.82851e-13
2.14354e-13
2.44356e-13
2.72928e-13
3.00137e-13
3.2605e-13
3.50727e-13
3.74227e-13
3.96607e-13
4.1792e-13
4.38216e-13
4.57545e-13
4.75952e-13
4.93482e-13
5.10176e-13
5.26074e-13
5.41214e-13
5.55632e-13
5.69362e-13
5.82439e-13
5.94891e-13
6.0675e-13
6.18044e-13
6.288e-13
6.39043e-13
6.48797e-13
6.58087e-13
7.60365e-13
8.72803e-13
9.96388e-13
1.1322e-12
1.28141e-12
1.44529e-12
1.62523e-12
1.82269e-12
2.03927e-12
2.27667e-12
2.53667e-12
2.82113e-12
3.13197e-12
3.47114e-12
3.84053e-12
4.24194e-12
4.67693e-12
5.14672e-12
5.65199e-12
6.19262e-12
6.7674e-12
7.37364e-12
8.00669e-12
8.65937e-12
9.32135e-12
9.97842e-12
1.06119e-11
1.11978e-11
1.17069e-11
1.21043e-11
1.23506e-11
1.24031e-11
1.22185e-11
1.17566e-11
1.09843e-11
9.88107e-12
8.44261e-12
6.68466e-12
4.64517e-12
2.38637e-12
-3.62084e-30
9.74298e-17
6.58724e-14
1.28528e-13
1.88199e-13
2.45026e-13
2.99145e-13
3.50684e-13
3.99767e-13
4.46509e-13
4.91023e-13
5.33415e-13
5.73785e-13
6.1223e-13
6.48842e-13
6.83708e-13
7.16911e-13
7.48531e-13
7.78643e-13
8.07319e-13
8.34628e-13
8.60634e-13
8.85401e-13
9.08986e-13
9.31447e-13
9.52837e-13
9.73207e-13
9.92607e-13
1.01108e-12
1.02867e-12
1.04543e-12
1.06139e-12
1.07658e-12
1.24388e-12
1.42778e-12
1.6299e-12
1.852e-12
2.09597e-12
2.3639e-12
2.65801e-12
2.9807e-12
3.33454e-12
3.72224e-12
4.14666e-12
4.61077e-12
5.11759e-12
5.67013e-12
6.27132e-12
6.92381e-12
7.62985e-12
8.39097e-12
9.20773e-12
1.00792e-11
1.10026e-11
1.19725e-11
1.29799e-11
1.40118e-11
1.50497e-11
1.60687e-11
1.7037e-11
1.79147e-11
1.86539e-11
1.91993e-11
1.94902e-11
1.94632e-11
1.90572e-11
1.82192e-11
1.69101e-11
1.51117e-11
1.28308e-11
1.01017e-11
6.98701e-12
3.57798e-12
-4.94927e-30
1.46213e-16
9.88523e-14
1.92877e-13
2.82422e-13
3.677e-13
4.48914e-13
5.26255e-13
5.9991e-13
6.70052e-13
7.3685e-13
8.00462e-13
8.6104e-13
9.18729e-13
9.73667e-13
1.02598e-12
1.07581e-12
1.12325e-12
1.16844e-12
1.21146e-12
1.25244e-12
1.29146e-12
1.32862e-12
1.36401e-12
1.39771e-12
1.4298e-12
1.46037e-12
1.48947e-12
1.51719e-12
1.54359e-12
1.56873e-12
1.59267e-12
1.61547e-12
1.86646e-12
2.14234e-12
2.44552e-12
2.77861e-12
3.14446e-12
3.54614e-12
3.98696e-12
4.47046e-12
5.00041e-12
5.5808e-12
6.21577e-12
6.9096e-12
7.66658e-12
8.49095e-12
9.38664e-12
1.03571e-11
1.14051e-11
1.25319e-11
1.37374e-11
1.50187e-11
1.63699e-11
1.77807e-11
1.92355e-11
2.07119e-11
2.21793e-11
2.35981e-11
2.49182e-11
2.60789e-11
2.70096e-11
2.7632e-11
2.78631e-11
2.76215e-11
2.68341e-11
2.54443e-11
2.34195e-11
2.07571e-11
1.74873e-11
1.36724e-11
9.40337e-12
4.79677e-12
-6.03607e-30
2.10604e-16
1.42382e-13
2.77812e-13
4.06788e-13
5.29617e-13
6.46591e-13
7.57987e-13
8.64072e-13
9.65097e-13
1.0613e-12
1.15292e-12
1.24017e-12
1.32326e-12
1.40238e-12
1.47773e-12
1.54948e-12
1.61781e-12
1.68288e-12
1.74484e-12
1.80385e-12
1.86005e-12
1.91356e-12
1.96452e-12
2.01306e-12
2.05927e-12
2.10328e-12
2.1452e-12
2.18511e-12
2.22312e-12
2.25932e-12
2.29379e-12
2.32662e-12
2.68801e-12
3.0852e-12
3.52163e-12
4.00103e-12
4.52746e-12
5.10529e-12
5.73921e-12
6.43421e-12
7.19558e-12
8.02888e-12
8.93982e-12
9.93423e-12
1.10179e-11
1.21962e-11
1.34742e-11
1.48559e-11
1.63437e-11
1.79383e-11
1.96372e-11
2.14338e-11
2.33167e-11
2.52674e-11
2.72594e-11
2.92561e-11
3.12094e-11
3.30581e-11
3.47281e-11
3.61323e-11
3.71734e-11
3.77481e-11
3.77538e-11
3.70973e-11
3.57044e-11
3.35295e-11
3.05626e-11
2.6833e-11
2.24073e-11
1.73832e-11
1.18805e-11
6.03456e-12
-6.90416e-30
2.96497e-16
2.00444e-13
3.91099e-13
5.72668e-13
7.45582e-13
9.10252e-13
1.06707e-12
1.21641e-12
1.35862e-12
1.49405e-12
1.62302e-12
1.74583e-12
1.86279e-12
1.97416e-12
2.08022e-12
2.18121e-12
2.27739e-12
2.36898e-12
2.4562e-12
2.53925e-12
2.61834e-12
2.69366e-12
2.76539e-12
2.83369e-12
2.89873e-12
2.96067e-12
3.01966e-12
3.07583e-12
3.12933e-12
3.18027e-12
3.22878e-12
3.27498e-12
3.78352e-12
4.34236e-12
4.95629e-12
5.63052e-12
6.3707e-12
7.18285e-12
8.07344e-12
9.04933e-12
1.01177e-11
1.12861e-11
1.2562e-11
1.39531e-11
1.54667e-11
1.71095e-11
1.88872e-11
2.08036e-11
2.28603e-11
2.50551e-11
2.73812e-11
2.98253e-11
3.23662e-11
3.49725e-11
3.76005e-11
4.01923e-11
4.26744e-11
4.49568e-11
4.69336e-11
4.84863e-11
4.94885e-11
4.98144e-11
4.93491e-11
4.80003e-11
4.571e-11
4.24636e-11
3.82932e-11
3.32761e-11
2.75256e-11
2.11782e-11
1.4379e-11
7.27127e-12
-7.56297e-30
4.11575e-16
2.78229e-13
5.42869e-13
7.94896e-13
1.03491e-12
1.26347e-12
1.48114e-12
1.68842e-12
1.8858e-12
2.07377e-12
2.25277e-12
2.42322e-12
2.58554e-12
2.74011e-12
2.8873e-12
3.02746e-12
3.16093e-12
3.28803e-12
3.40906e-12
3.52432e-12
3.63407e-12
3.73858e-12
3.83811e-12
3.93289e-12
4.02314e-12
4.10909e-12
4.19093e-12
4.26887e-12
4.34309e-12
4.41377e-12
4.48108e-12
4.54518e-12
5.25069e-12
6.02583e-12
6.8772e-12
7.81194e-12
8.83773e-12
9.96278e-12
1.11958e-11
1.25461e-11
1.4023e-11
1.56365e-11
1.73964e-11
1.93121e-11
2.13926e-11
2.36454e-11
2.6076e-11
2.86872e-11
3.14773e-11
3.44388e-11
3.75568e-11
4.08064e-11
4.41503e-11
4.75365e-11
5.08957e-11
5.41392e-11
5.71582e-11
5.98249e-11
6.19954e-11
6.35165e-11
6.42354e-11
6.40123e-11
6.27354e-11
6.03343e-11
5.67912e-11
5.21458e-11
4.64923e-11
3.99689e-11
3.27407e-11
2.49802e-11
1.6848e-11
8.48217e-12
-8.02091e-30
5.66057e-16
3.82639e-13
7.46587e-13
1.09319e-12
1.42326e-12
1.73759e-12
2.03691e-12
2.32196e-12
2.59339e-12
2.85187e-12
3.09801e-12
3.33239e-12
3.55558e-12
3.76811e-12
3.97049e-12
4.1632e-12
4.34671e-12
4.52145e-12
4.68785e-12
4.84631e-12
4.99719e-12
5.14087e-12
5.27769e-12
5.40798e-12
5.53205e-12
5.65019e-12
5.7627e-12
5.86983e-12
5.97185e-12
6.069e-12
6.16152e-12
6.24962e-12
7.21923e-12
8.2843e-12
9.45379e-12
1.07374e-11
1.21453e-11
1.36887e-11
1.53791e-11
1.72286e-11
1.92496e-11
2.14546e-11
2.38559e-11
2.64648e-11
2.92913e-11
3.2343e-11
3.56239e-11
3.91329e-11
4.28621e-11
4.6794e-11
5.08994e-11
5.51342e-11
5.9436e-11
6.37214e-11
6.78837e-11
7.17913e-11
7.52895e-11
7.82041e-11
8.03496e-11
8.1541e-11
8.16095e-11
8.04202e-11
7.78896e-11
7.39981e-11
6.87968e-11
6.24037e-11
5.49909e-11
4.67637e-11
3.79359e-11
2.87059e-11
1.92361e-11
9.64307e-12
-8.29082e-30
7.73648e-16
5.22927e-13
1.02031e-12
1.49398e-12
1.94505e-12
2.3746e-12
2.78365e-12
3.17317e-12
3.54408e-12
3.89728e-12
4.2336e-12
4.55385e-12
4.85881e-12
5.14918e-12
5.42569e-12
5.68898e-12
5.93968e-12
6.17841e-12
6.40573e-12
6.62219e-12
6.8283e-12
7.02457e-12
7.21146e-12
7.38943e-12
7.55889e-12
7.72026e-12
7.87392e-12
8.02024e-12
8.15958e-12
8.29226e-12
8.41861e-12
8.53893e-12
9.86293e-12
1.13169e-11
1.29128e-11
1.46637e-11
1.65833e-11
1.8686e-11
2.09871e-11
2.35022e-11
2.62471e-11
2.92371e-11
3.24869e-11
3.60094e-11
3.98144e-11
4.39078e-11
4.82891e-11
5.29494e-11
5.78688e-11
6.30124e-11
6.83277e-11
7.37396e-11
7.91476e-11
8.44226e-11
8.94054e-11
9.39084e-11
9.77204e-11
1.00617e-10
1.02373e-10
1.02785e-10
1.01692e-10
9.89941e-11
9.46713e-11
8.87901e-11
8.14995e-11
7.3015e-11
6.35934e-11
5.35036e-11
4.2996e-11
3.22785e-11
2.14981e-11
1.07337e-11
-8.39119e-30
1.05283e-15
7.1157e-13
1.38837e-12
2.0329e-12
2.64668e-12
3.23116e-12
3.78772e-12
4.3177e-12
4.82235e-12
5.30288e-12
5.76044e-12
6.19612e-12
6.61097e-12
7.00598e-12
7.38211e-12
7.74024e-12
8.08126e-12
8.40596e-12
8.71514e-12
9.00953e-12
9.28985e-12
9.55676e-12
9.81092e-12
1.00529e-11
1.02834e-11
1.05028e-11
1.07117e-11
1.09107e-11
1.11001e-11
1.12805e-11
1.14523e-11
1.16159e-11
1.34157e-11
1.53915e-11
1.75593e-11
1.99363e-11
2.25406e-11
2.5391e-11
2.85072e-11
3.19088e-11
3.56153e-11
3.96451e-11
4.40146e-11
4.87366e-11
5.3819e-11
5.92622e-11
6.50563e-11
7.11777e-11
7.75853e-11
8.42155e-11
9.09782e-11
9.77516e-11
1.04379e-10
1.10667e-10
1.16389e-10
1.21286e-10
1.25087e-10
1.27519e-10
1.28336e-10
1.27342e-10
1.24422e-10
1.19554e-10
1.12825e-10
1.04424e-10
9.46185e-11
8.37317e-11
7.20999e-11
6.00401e-11
4.78198e-11
3.56351e-11
2.35993e-11
1.17392e-11
-4.58668e-30
1.07857e-15
7.28966e-13
1.42232e-12
2.0826e-12
2.71138e-12
3.31014e-12
3.88031e-12
4.42324e-12
4.94022e-12
5.43249e-12
5.90123e-12
6.34755e-12
6.77253e-12
7.17719e-12
7.5625e-12
7.92938e-12
8.27872e-12
8.61135e-12
8.92807e-12
9.22965e-12
9.5168e-12
9.79023e-12
1.00506e-11
1.02985e-11
1.05346e-11
1.07593e-11
1.09734e-11
1.11772e-11
1.13712e-11
1.1556e-11
1.1732e-11
1.18996e-11
1.37432e-11
1.5767e-11
1.79875e-11
2.04221e-11
2.30894e-11
2.60086e-11
2.91996e-11
3.26825e-11
3.6477e-11
4.06019e-11
4.50734e-11
4.99046e-11
5.51028e-11
6.06677e-11
6.65886e-11
7.28402e-11
7.93792e-11
8.61393e-11
9.30263e-11
9.99141e-11
1.06641e-10
1.13007e-10
1.18779e-10
1.23694e-10
1.27474e-10
1.29844e-10
1.30557e-10
1.2942e-10
1.26323e-10
1.21253e-10
1.14306e-10
1.05683e-10
9.56626e-11
8.45744e-11
7.27614e-11
6.05434e-11
4.81879e-11
3.58893e-11
2.37575e-11
1.18146e-11
-7.04946e-31
1.4281e-15
9.65104e-13
1.88305e-12
2.7572e-12
3.58963e-12
4.3823e-12
5.1371e-12
5.85581e-12
6.54016e-12
7.19177e-12
7.81221e-12
8.40296e-12
8.96544e-12
9.501e-12
1.00109e-11
1.04965e-11
1.09587e-11
1.13989e-11
1.1818e-11
1.2217e-11
1.2597e-11
1.29587e-11
1.33032e-11
1.36312e-11
1.39435e-11
1.42408e-11
1.4524e-11
1.47936e-11
1.50503e-11
1.52947e-11
1.55274e-11
1.57491e-11
1.81871e-11
2.08624e-11
2.37962e-11
2.70111e-11
3.05305e-11
3.43787e-11
3.85803e-11
4.31597e-11
4.814e-11
5.35418e-11
5.93818e-11
6.56703e-11
7.24087e-11
7.95859e-11
8.71743e-11
9.51244e-11
1.0336e-10
1.11772e-10
1.20212e-10
1.2849e-10
1.36371e-10
1.43576e-10
1.49795e-10
1.54693e-10
1.57939e-10
1.59236e-10
1.58347e-10
1.55133e-10
1.49575e-10
1.41784e-10
1.31998e-10
1.20552e-10
1.07848e-10
9.43063e-11
8.0326e-11
6.62471e-11
5.23278e-11
3.87305e-11
2.55172e-11
1.26507e-11
-7.80927e-31
1.93344e-15
1.30644e-12
2.54902e-12
3.73231e-12
4.85909e-12
5.93202e-12
6.95365e-12
7.9264e-12
8.85259e-12
9.73444e-12
1.05741e-11
1.13735e-11
1.21346e-11
1.28592e-11
1.35492e-11
1.4206e-11
1.48314e-11
1.54269e-11
1.59938e-11
1.65336e-11
1.70475e-11
1.75368e-11
1.80026e-11
1.84462e-11
1.88685e-11
1.92706e-11
1.96534e-11
2.0018e-11
2.03651e-11
2.06955e-11
2.10102e-11
2.13098e-11
2.46051e-11
2.82192e-11
3.21801e-11
3.6517e-11
4.12599e-11
4.64396e-11
5.20862e-11
5.82289e-11
6.48934e-11
7.2101e-11
7.98652e-11
8.81886e-11
9.70587e-11
1.06443e-10
1.16281e-10
1.26481e-10
1.36911e-10
1.47391e-10
1.57688e-10
1.67516e-10
1.76535e-10
1.84363e-10
1.90595e-10
1.94826e-10
1.96694e-10
1.95912e-10
1.92315e-10
1.85884e-10
1.76763e-10
1.65248e-10
1.5176e-10
1.36796e-10
1.20881e-10
1.04511e-10
8.81162e-11
7.20272e-11
5.64653e-11
4.15375e-11
2.72404e-11
1.34648e-11
-7.88372e-31
2.61487e-15
1.7666e-12
3.44684e-12
5.04686e-12
6.57043e-12
8.02112e-12
9.40239e-12
1.07175e-11
1.19696e-11
1.31617e-11
1.42967e-11
1.53772e-11
1.64059e-11
1.73853e-11
1.83176e-11
1.92053e-11
2.00503e-11
2.08548e-11
2.16208e-11
2.235e-11
2.30442e-11
2.37051e-11
2.43344e-11
2.49334e-11
2.55038e-11
2.60468e-11
2.65638e-11
2.70561e-11
2.75248e-11
2.7971e-11
2.83958e-11
2.88004e-11
3.32479e-11
3.81228e-11
4.34614e-11
4.9301e-11
5.56795e-11
6.26348e-11
7.02029e-11
7.84163e-11
8.73018e-11
9.68769e-11
1.07146e-10
1.18094e-10
1.29682e-10
1.41839e-10
1.54452e-10
1.6736e-10
1.80343e-10
1.93118e-10
2.05333e-10
2.16573e-10
2.26371e-10
2.34229e-10
2.39655e-10
2.42205e-10
2.41532e-10
2.37439e-10
2.29908e-10
2.19122e-10
2.05453e-10
1.89422e-10
1.71649e-10
1.52783e-10
1.33441e-10
1.14158e-10
9.53532e-11
7.73153e-11
6.02015e-11
4.40455e-11
2.87676e-11
1.41825e-11
-4.58186e-31
2.76284e-15
1.86651e-12
3.64177e-12
5.33227e-12
6.94197e-12
8.47468e-12
9.93402e-12
1.13235e-11
1.26463e-11
1.39058e-11
1.51048e-11
1.62463e-11
1.73331e-11
1.83677e-11
1.93527e-11
2.02904e-11
2.11831e-11
2.2033e-11
2.28421e-11
2.36124e-11
2.43457e-11
2.50439e-11
2.57086e-11
2.63414e-11
2.69438e-11
2.75174e-11
2.80635e-11
2.85835e-11
2.90785e-11
2.95498e-11
2.99985e-11
3.04258e-11
3.5123e-11
4.02711e-11
4.59078e-11
5.20722e-11
5.8804e-11
6.61421e-11
7.41237e-11
8.27817e-11
9.21426e-11
1.02222e-10
1.13023e-10
1.24525e-10
1.36682e-10
1.49414e-10
1.62595e-10
1.76048e-10
1.89532e-10
2.02742e-10
2.15299e-10
2.26762e-10
2.36638e-10
2.44408e-10
2.49567e-10
2.51668e-10
2.50379e-10
2.45525e-10
2.37128e-10
2.25416e-10
2.10808e-10
1.93872e-10
1.75261e-10
1.55649e-10
1.35666e-10
1.15849e-10
9.66093e-11
7.82254e-11
6.084e-11
4.44716e-11
2.90259e-11
1.43035e-11
-2.17042e-31
3.53235e-15
2.38599e-12
4.6553e-12
6.81622e-12
8.8738e-12
1.08329e-11
1.26981e-11
1.44739e-11
1.61645e-11
1.7774e-11
1.93062e-11
2.07648e-11
2.21533e-11
2.34752e-11
2.47335e-11
2.59314e-11
2.70717e-11
2.81572e-11
2.91906e-11
3.01743e-11
3.11108e-11
3.20023e-11
3.28511e-11
3.3659e-11
3.44282e-11
3.51605e-11
3.58576e-11
3.65213e-11
3.71532e-11
3.77548e-11
3.83275e-11
3.88728e-11
4.4866e-11
5.14303e-11
5.86121e-11
6.64586e-11
7.50166e-11
8.43312e-11
9.44432e-11
1.05386e-10
1.17183e-10
1.2984e-10
1.4334e-10
1.57637e-10
1.72644e-10
1.88226e-10
2.04185e-10
2.20253e-10
2.36082e-10
2.51241e-10
2.65221e-10
2.77449e-10
2.87313e-10
2.94208e-10
2.97592e-10
2.97043e-10
2.92321e-10
2.83412e-10
2.70549e-10
2.54197e-10
2.35006e-10
2.13743e-10
1.91212e-10
1.68177e-10
1.453e-10
1.23106e-10
1.01961e-10
8.20778e-11
6.35277e-11
4.62574e-11
3.01049e-11
1.48081e-11
-3.22247e-31
4.77107e-15
3.22195e-12
6.28628e-12
9.20415e-12
1.19824e-11
1.46274e-11
1.71456e-11
1.95429e-11
2.1825e-11
2.39973e-11
2.60652e-11
2.80337e-11
2.99073e-11
3.16908e-11
3.33885e-11
3.50044e-11
3.65425e-11
3.80066e-11
3.94003e-11
4.07268e-11
4.19895e-11
4.31915e-11
4.43357e-11
4.54248e-11
4.64616e-11
4.74486e-11
4.83881e-11
4.92825e-11
5.01339e-11
5.09445e-11
5.17161e-11
5.24507e-11
6.05211e-11
6.93525e-11
7.90035e-11
8.95324e-11
1.00995e-10
1.13443e-10
1.26919e-10
1.41451e-10
1.57049e-10
1.73694e-10
1.9133e-10
2.09852e-10
2.29096e-10
2.48819e-10
2.68693e-10
2.88292e-10
3.07086e-10
3.24449e-10
3.39674e-10
3.52011e-10
3.60716e-10
3.65122e-10
3.64713e-10
3.59199e-10
3.48571e-10
3.33123e-10
3.13437e-10
2.90321e-10
2.64728e-10
2.37651e-10
2.10035e-10
1.82697e-10
1.56287e-10
1.31263e-10
1.079e-10
8.63074e-11
6.64519e-11
4.81861e-11
3.12639e-11
1.53481e-11
-3.3636e-31
6.4472e-15
4.3526e-12
8.49217e-12
1.24337e-11
1.61864e-11
1.9759e-11
2.316e-11
2.63974e-11
2.94789e-11
3.2412e-11
3.52037e-11
3.78608e-11
4.03897e-11
4.27967e-11
4.50875e-11
4.72678e-11
4.93429e-11
5.13178e-11
5.31975e-11
5.49865e-11
5.66893e-11
5.83099e-11
5.98525e-11
6.13207e-11
6.27181e-11
6.40483e-11
6.53144e-11
6.65196e-11
6.76668e-11
6.87588e-11
6.97983e-11
7.07878e-11
8.16529e-11
9.35293e-11
1.06489e-10
1.20603e-10
1.35935e-10
1.52538e-10
1.70449e-10
1.89682e-10
2.10214e-10
2.31979e-10
2.5485e-10
2.78624e-10
3.03007e-10
3.27593e-10
3.51859e-10
3.75153e-10
3.96703e-10
4.15637e-10
4.3103e-10
4.41967e-10
4.47625e-10
4.47373e-10
4.40861e-10
4.28085e-10
4.0942e-10
3.85591e-10
3.57605e-10
3.26642e-10
2.93933e-10
2.60641e-10
2.27776e-10
1.96137e-10
1.66292e-10
1.38586e-10
1.13166e-10
9.00178e-11
6.89947e-11
4.98515e-11
3.22594e-11
1.58103e-11
-3.15057e-31
8.71799e-15
5.88356e-12
1.1479e-11
1.68065e-11
2.18784e-11
2.67065e-11
3.13022e-11
3.56764e-11
3.98395e-11
4.38015e-11
4.75721e-11
5.11604e-11
5.45751e-11
5.78247e-11
6.0917e-11
6.38597e-11
6.666e-11
6.93248e-11
7.18606e-11
7.42739e-11
7.65704e-11
7.87559e-11
8.08358e-11
8.28152e-11
8.4699e-11
8.64919e-11
8.81983e-11
8.98223e-11
9.1368e-11
9.28392e-11
9.42395e-11
9.55723e-11
1.10197e-10
1.26162e-10
1.43553e-10
1.62451e-10
1.82923e-10
2.05017e-10
2.2875e-10
2.54099e-10
2.80983e-10
3.09247e-10
3.38644e-10
3.6881e-10
3.99249e-10
4.29314e-10
4.582e-10
4.84953e-10
5.08496e-10
5.27686e-10
5.41391e-10
5.48598e-10
5.48533e-10
5.40769e-10
5.25315e-10
5.02643e-10
4.73663e-10
4.39631e-10
4.0201e-10
3.62322e-10
3.22004e-10
2.82297e-10
2.44185e-10
2.08364e-10
1.75263e-10
1.4507e-10
1.17779e-10
9.32381e-11
7.11851e-11
5.12775e-11
3.3108e-11
1.62033e-11
-2.93587e-31
1.17992e-14
7.95954e-12
1.5529e-11
2.27356e-11
2.95959e-11
3.61257e-11
4.23405e-11
4.82549e-11
5.38831e-11
5.92386e-11
6.43346e-11
6.91833e-11
7.37968e-11
7.81863e-11
8.23626e-11
8.63362e-11
9.01168e-11
9.37139e-11
9.71364e-11
1.00393e-10
1.03491e-10
1.06439e-10
1.09244e-10
1.11914e-10
1.14454e-10
1.16871e-10
1.1917e-10
1.21359e-10
1.23442e-10
1.25424e-10
1.27311e-10
1.29106e-10
1.4879e-10
1.7024e-10
1.93557e-10
2.18827e-10
2.4611e-10
2.75431e-10
3.06762e-10
3.40007e-10
3.74977e-10
4.1137e-10
4.48737e-10
4.86468e-10
5.23761e-10
5.59621e-10
5.92865e-10
6.22161e-10
6.4609e-10
6.6325e-10
6.7239e-10
6.72556e-10
6.6323e-10
6.44435e-10
6.16774e-10
5.81388e-10
5.39843e-10
4.93959e-10
4.45622e-10
3.96603e-10
3.48433e-10
3.02314e-10
2.59102e-10
2.19319e-10
1.83199e-10
1.50742e-10
1.21777e-10
9.60074e-11
7.30566e-11
5.24897e-11
3.38266e-11
1.65352e-11
-2.72408e-31
1.59875e-14
1.07791e-11
2.10296e-11
3.0788e-11
4.00764e-11
4.89164e-11
5.73285e-11
6.53328e-11
7.29484e-11
8.01937e-11
8.70864e-11
9.36435e-11
9.9881e-11
1.05814e-10
1.11459e-10
1.16827e-10
1.21935e-10
1.26793e-10
1.31414e-10
1.3581e-10
1.39992e-10
1.4397e-10
1.47755e-10
1.51356e-10
1.54781e-10
1.5804e-10
1.61141e-10
1.64091e-10
1.66898e-10
1.69569e-10
1.7211e-10
1.74529e-10
2.01018e-10
2.29824e-10
2.61056e-10
2.94791e-10
3.31064e-10
3.69845e-10
4.11016e-10
4.5435e-10
4.99473e-10
5.45834e-10
5.92677e-10
6.39011e-10
6.83599e-10
7.24974e-10
7.61479e-10
7.91349e-10
8.12846e-10
8.24416e-10
8.24882e-10
8.13614e-10
7.90656e-10
7.56777e-10
7.13413e-10
6.62523e-10
6.06376e-10
5.47308e-10
4.8751e-10
4.28864e-10
3.72846e-10
3.20499e-10
2.72457e-10
2.29001e-10
1.90135e-10
1.55653e-10
1.2521e-10
9.83697e-11
7.46443e-11
5.35136e-11
3.44317e-11
1.68141e-11
-2.51856e-31
2.16917e-14
1.46156e-11
2.85136e-11
4.17432e-11
5.43341e-11
6.63152e-11
7.77145e-11
8.85589e-11
9.88744e-11
1.08686e-10
1.18018e-10
1.26893e-10
1.35334e-10
1.43361e-10
1.50995e-10
1.58254e-10
1.65158e-10
1.71723e-10
1.77967e-10
1.83904e-10
1.89551e-10
1.94922e-10
2.0003e-10
2.04889e-10
2.0951e-10
2.13906e-10
2.18087e-10
2.22064e-10
2.25847e-10
2.29447e-10
2.32871e-10
2.36129e-10
2.71768e-10
3.10427e-10
3.52207e-10
3.97153e-10
4.45234e-10
4.96311e-10
5.50105e-10
6.06156e-10
6.63786e-10
7.22057e-10
7.79737e-10
8.35291e-10
8.8689e-10
9.32468e-10
9.69825e-10
9.96794e-10
1.01144e-09
1.01232e-09
9.98639e-10
9.70492e-10
9.28854e-10
8.75541e-10
8.13011e-10
7.44094e-10
6.71696e-10
5.98529e-10
5.2691e-10
4.58647e-10
3.9501e-10
3.36765e-10
2.84248e-10
2.37455e-10
1.96133e-10
1.59865e-10
1.28135e-10
1.00371e-10
7.59832e-11
5.4374e-11
3.49388e-11
1.70474e-11
-2.32164e-31
2.94773e-14
1.98456e-11
3.87155e-11
5.6676e-11
7.37668e-11
9.00267e-11
1.05494e-10
1.20204e-10
1.34193e-10
1.47496e-10
1.60144e-10
1.72169e-10
1.83602e-10
1.94471e-10
2.04804e-10
2.14627e-10
2.23966e-10
2.32844e-10
2.41285e-10
2.49309e-10
2.56939e-10
2.64192e-10
2.71089e-10
2.77647e-10
2.83883e-10
2.89813e-10
2.95452e-10
3.00814e-10
3.05914e-10
3.10765e-10
3.15378e-10
3.19766e-10
3.67701e-10
4.19534e-10
4.75331e-10
5.35057e-10
5.98548e-10
6.65463e-10
7.35239e-10
8.07036e-10
8.79688e-10
9.51666e-10
1.02105e-09
1.08556e-09
1.14261e-09
1.18945e-09
1.22337e-09
1.24195e-09
1.24339e-09
1.22674e-09
1.19211e-09
1.14078e-09
1.07504e-09
9.97981e-10
9.13148e-10
8.24164e-10
7.3439e-10
6.46683e-10
5.63259e-10
4.85664e-10
4.14819e-10
3.51116e-10
2.94535e-10
2.44758e-10
2.01273e-10
1.6345e-10
1.30609e-10
1.02056e-10
7.71063e-11
5.50935e-11
3.53619e-11
1.72418e-11
-2.13486e-31
4.01281e-14
2.69898e-11
5.26509e-11
7.70717e-11
1.00306e-10
1.22405e-10
1.43421e-10
1.63403e-10
1.82399e-10
2.00456e-10
2.17618e-10
2.33929e-10
2.49431e-10
2.64162e-10
2.78162e-10
2.91465e-10
3.04107e-10
3.16121e-10
3.27539e-10
3.38389e-10
3.48701e-10
3.58501e-10
3.67817e-10
3.7667e-10
3.85086e-10
3.93087e-10
4.00692e-10
4.07922e-10
4.14796e-10
4.21332e-10
4.27546e-10
4.33456e-10
4.97889e-10
5.67296e-10
6.41645e-10
7.20743e-10
8.04173e-10
8.91244e-10
9.80915e-10
1.07174e-09
1.1618e-09
1.24871e-09
1.3296e-09
1.40123e-09
1.46014e-09
1.50294e-09
1.52659e-09
1.52884e-09
1.50851e-09
1.46581e-09
1.40234e-09
1.32104e-09
1.22581e-09
1.12109e-09
1.01143e-09
9.00985e-10
7.93295e-10
6.91076e-10
5.96207e-10
5.0979e-10
4.32278e-10
3.63622e-10
3.03413e-10
2.5101e-10
2.05642e-10
1.6648e-10
1.32691e-10
1.03468e-10
7.8044e-11
5.56927e-11
3.57136e-11
1.74033e-11
-1.95912e-31
5.4735e-14
3.67702e-11
7.17266e-11
1.04988e-10
1.36626e-10
1.6671e-10
1.95309e-10
2.22491e-10
2.48322e-10
2.72866e-10
2.96183e-10
3.18333e-10
3.39374e-10
3.5936e-10
3.78343e-10
3.96373e-10
4.13499e-10
4.29766e-10
4.45218e-10
4.59895e-10
4.73837e-10
4.87082e-10
4.99665e-10
5.1162e-10
5.22979e-10
5.33771e-10
5.44027e-10
5.53773e-10
5.63035e-10
5.71839e-10
5.80206e-10
5.8816e-10
6.74689e-10
7.67458e-10
8.66237e-10
9.70523e-10
1.07947e-09
1.19177e-09
1.30564e-09
1.41869e-09
1.5279e-09
1.62967e-09
1.71993e-09
1.79432e-09
1.84853e-09
1.87878e-09
1.8822e-09
1.85737e-09
1.80457e-09
1.72589e-09
1.62506e-09
1.50703e-09
1.37742e-09
1.2419e-09
1.10568e-09
9.73118e-10
8.47559e-10
7.31281e-10
6.25601e-10
5.31033e-10
4.47478e-10
3.74405e-10
3.11005e-10
2.56319e-10
2.0933e-10
1.69025e-10
1.34432e-10
1.04645e-10
7.88238e-11
5.61899e-11
3.6005e-11
1.75369e-11
-1.79482e-31
7.48204e-14
5.01894e-11
9.78975e-11
1.43283e-10
1.86441e-10
2.27465e-10
2.66448e-10
3.03483e-10
3.38659e-10
3.72065e-10
4.03783e-10
4.33898e-10
4.62487e-10
4.89626e-10
5.15389e-10
5.39843e-10
5.63057e-10
5.85094e-10
6.06013e-10
6.25872e-10
6.44726e-10
6.62626e-10
6.79623e-10
6.95761e-10
7.11087e-10
7.25642e-10
7.39466e-10
7.52596e-10
7.65068e-10
7.76917e-10
7.88174e-10
7.9887e-10
9.14908e-10
1.03859e-09
1.16931e-09
1.30601e-09
1.4471e-09
1.59034e-09
1.73271e-09
1.87044e-09
1.99899e-09
2.11319e-09
2.20753e-09
2.27656e-09
2.31545e-09
2.32063e-09
2.29031e-09
2.22489e-09
2.12708e-09
2.00167e-09
1.85497e-09
1.69409e-09
1.52616e-09
1.3577e-09
1.19412e-09
1.03951e-09
8.96657e-10
7.67112e-10
6.51454e-10
5.49506e-10
4.60568e-10
3.83614e-10
3.17444e-10
2.60795e-10
2.12425e-10
1.71151e-10
1.35882e-10
1.05622e-10
7.94699e-11
5.66012e-11
3.62457e-11
1.76471e-11
-1.64201e-31
1.02517e-13
6.86446e-11
1.33886e-10
1.95935e-10
2.54918e-10
3.10961e-10
3.6419e-10
4.1473e-10
4.62704e-10
5.08234e-10
5.51435e-10
5.92423e-10
6.31306e-10
6.68191e-10
7.03178e-10
7.36365e-10
7.67845e-10
7.97705e-10
8.26031e-10
8.52902e-10
8.78394e-10
9.02581e-10
9.2553e-10
9.47306e-10
9.67972e-10
9.87585e-10
1.0062e-09
1.02387e-09
1.04065e-09
1.05658e-09
1.0717e-09
1.08607e-09
1.24136e-09
1.40569e-09
1.57776e-09
1.75561e-09
1.93641e-09
2.11641e-09
2.29081e-09
2.45388e-09
2.59905e-09
2.7193e-09
2.8077e-09
2.85809e-09
2.86591e-09
2.82894e-09
2.74774e-09
2.62584e-09
2.46941e-09
2.28653e-09
2.08624e-09
1.87757e-09
1.66867e-09
1.46628e-09
1.27545e-09
1.09952e-09
9.40362e-10
7.98589e-10
6.73908e-10
5.65395e-10
4.71734e-10
3.91415e-10
3.22865e-10
2.64546e-10
2.15007e-10
1.72919e-10
1.37084e-10
1.06431e-10
8.00034e-11
5.69403e-11
3.64439e-11
1.77379e-11
-1.50048e-31
1.40821e-13
9.40853e-11
1.8349e-10
2.68494e-10
3.49264e-10
4.25966e-10
4.98772e-10
5.67853e-10
6.33379e-10
6.95515e-10
7.54426e-10
8.10269e-10
8.63199e-10
9.13363e-10
9.60903e-10
1.00596e-09
1.04865e-09
1.08911e-09
1.12746e-09
1.16381e-09
1.19826e-09
1.23092e-09
1.26188e-09
1.29123e-09
1.31907e-09
1.34546e-09
1.3705e-09
1.39425e-09
1.41677e-09
1.43815e-09
1.45843e-09
1.47768e-09
1.6849e-09
1.90222e-09
2.12719e-09
2.35629e-09
2.58478e-09
2.8066e-09
3.01446e-09
3.19997e-09
3.35415e-09
3.4681e-09
3.53393e-09
3.5458e-09
3.50088e-09
3.39996e-09
3.24766e-09
3.05196e-09
2.82327e-09
2.57315e-09
2.31306e-09
2.05328e-09
1.80219e-09
1.56603e-09
1.34887e-09
1.15287e-09
9.78703e-10
8.25888e-10
6.93193e-10
5.78928e-10
4.81178e-10
3.97974e-10
3.27402e-10
2.67671e-10
2.17151e-10
1.74384e-10
1.38078e-10
1.07098e-10
8.04427e-11
5.72192e-11
3.66068e-11
1.78124e-11
-1.36986e-31
1.93956e-13
1.29238e-10
2.52018e-10
3.68713e-10
4.79535e-10
5.84709e-10
6.84466e-10
7.79039e-10
8.68663e-10
9.53569e-10
1.03398e-09
1.11013e-09
1.18223e-09
1.25048e-09
1.31509e-09
1.37626e-09
1.43415e-09
1.48896e-09
1.54085e-09
1.58997e-09
1.63648e-09
1.68052e-09
1.72223e-09
1.76174e-09
1.79916e-09
1.83462e-09
1.86821e-09
1.90005e-09
1.93022e-09
1.95883e-09
1.98595e-09
2.01166e-09
2.28707e-09
2.57271e-09
2.86419e-09
3.15551e-09
3.43901e-09
3.70536e-09
3.9438e-09
4.14278e-09
4.2908e-09
4.37766e-09
4.39579e-09
4.34155e-09
4.21603e-09
4.02529e-09
3.77972e-09
3.4928e-09
3.17942e-09
2.8542e-09
2.53014e-09
2.21775e-09
1.92471e-09
1.65596e-09
1.41405e-09
1.1996e-09
1.0119e-09
8.49297e-10
7.09593e-10
5.90357e-10
4.89107e-10
4.03454e-10
3.31176e-10
2.70262e-10
2.18925e-10
1.75592e-10
1.38896e-10
1.07646e-10
8.08034e-11
5.7448e-11
3.67403e-11
1.78735e-11
-1.24964e-31
2.67887e-13
1.77917e-10
3.46899e-10
5.07431e-10
6.59788e-10
8.04265e-10
9.41175e-10
1.07084e-09
1.19358e-09
1.30972e-09
1.41958e-09
1.52347e-09
1.62171e-09
1.71458e-09
1.80238e-09
1.88538e-09
1.96383e-09
2.038e-09
2.10812e-09
2.17442e-09
2.2371e-09
2.29639e-09
2.35246e-09
2.4055e-09
2.45568e-09
2.50316e-09
2.5481e-09
2.59064e-09
2.63091e-09
2.66905e-09
2.70517e-09
2.73938e-09
3.10345e-09
3.47584e-09
3.84902e-09
4.21321e-09
4.55646e-09
4.86493e-09
5.12361e-09
5.31756e-09
5.43345e-09
5.46138e-09
5.39656e-09
5.24046e-09
5.00105e-09
4.69194e-09
4.33073e-09
3.93668e-09
3.5286e-09
3.12301e-09
2.73313e-09
2.36847e-09
2.03501e-09
1.73567e-09
1.47104e-09
1.24e-09
1.04032e-09
8.69169e-10
7.23418e-10
5.99935e-10
4.95719e-10
4.08005e-10
3.343e-10
2.72401e-10
2.20385e-10
1.76585e-10
1.39567e-10
1.08095e-10
8.10986e-11
5.7635e-11
3.68495e-11
1.79234e-11
-1.13924e-31
3.71057e-13
2.45461e-10
4.7852e-10
6.998e-10
9.09648e-10
1.10845e-09
1.29663e-09
1.47463e-09
1.64289e-09
1.80188e-09
1.95204e-09
2.09382e-09
2.22766e-09
2.35399e-09
2.47321e-09
2.58572e-09
2.6919e-09
2.7921e-09
2.88667e-09
2.97594e-09
3.06021e-09
3.13978e-09
3.21491e-09
3.28588e-09
3.35291e-09
3.41625e-09
3.47611e-09
3.53269e-09
3.58618e-09
3.63676e-09
3.68461e-09
3.72988e-09
4.2077e-09
4.68804e-09
5.15843e-09
5.60352e-09
6.00536e-09
6.3444e-09
6.60102e-09
6.7576e-09
6.801e-09
6.72483e-09
6.53096e-09
6.22989e-09
5.83961e-09
5.38319e-09
4.88582e-09
4.37181e-09
3.86234e-09
3.3741e-09
2.91889e-09
2.50393e-09
2.13258e-09
1.80523e-09
1.52021e-09
1.27451e-09
1.0644e-09
8.85888e-10
7.34981e-10
6.07906e-10
5.012e-10
4.11765e-10
3.36874e-10
2.7416e-10
2.21582e-10
1.77398e-10
1.40116e-10
1.08462e-10
8.13396e-11
5.77877e-11
3.69384e-11
1.7964e-11
-1.03805e-31
5.15408e-13
3.39329e-10
6.61385e-10
9.66959e-10
1.25647e-09
1.53043e-09
1.7894e-09
2.03398e-09
2.26481e-09
2.48252e-09
2.68777e-09
2.88119e-09
3.06342e-09
3.23507e-09
3.39674e-09
3.54899e-09
3.69237e-09
3.82741e-09
3.9546e-09
4.0744e-09
4.18728e-09
4.29364e-09
4.39388e-09
4.48837e-09
4.57746e-09
4.66149e-09
4.74075e-09
4.81554e-09
4.88613e-09
4.95278e-09
5.01571e-09
5.07515e-09
5.69641e-09
6.30737e-09
6.88823e-09
7.41566e-09
7.86397e-09
8.20716e-09
8.42169e-09
8.48982e-09
8.40273e-09
8.16272e-09
7.78364e-09
7.28934e-09
6.71041e-09
6.08002e-09
5.42992e-09
4.78741e-09
4.17371e-09
3.60352e-09
3.08553e-09
2.62353e-09
2.21756e-09
1.86511e-09
1.56212e-09
1.30367e-09
1.08461e-09
8.99839e-10
7.44584e-10
6.145e-10
5.05719e-10
4.14856e-10
3.38985e-10
2.75599e-10
2.22561e-10
1.78062e-10
1.40563e-10
1.08761e-10
8.15358e-11
5.79118e-11
3.70108e-11
1.79971e-11
-9.45433e-32
7.178e-13
4.69897e-10
9.15665e-10
1.33827e-09
1.73823e-09
2.11616e-09
2.47283e-09
2.80908e-09
3.12578e-09
3.42386e-09
3.70424e-09
3.96785e-09
4.21562e-09
4.44843e-09
4.66715e-09
4.87262e-09
5.06564e-09
5.24696e-09
5.41731e-09
5.57738e-09
5.72781e-09
5.86922e-09
6.00216e-09
6.12719e-09
6.2448e-09
6.35547e-09
6.45963e-09
6.5577e-09
6.65007e-09
6.73709e-09
6.81909e-09
6.89641e-09
7.69433e-09
8.45738e-09
9.1551e-09
9.75354e-09
1.02179e-08
1.05163e-08
1.06243e-08
1.05294e-08
1.02341e-08
9.75663e-09
9.1288e-09
8.39155e-09
7.58902e-09
6.76305e-09
5.94921e-09
5.17463e-09
4.45769e-09
3.80888e-09
3.23231e-09
2.72742e-09
2.29051e-09
1.91601e-09
1.59745e-09
1.32809e-09
1.10143e-09
9.11396e-10
7.52507e-10
6.19922e-10
5.09424e-10
4.17385e-10
3.40709e-10
2.76772e-10
2.23359e-10
1.78601e-10
1.40927e-10
1.09004e-10
8.16951e-11
5.80125e-11
3.70695e-11
1.80239e-11
-6.77069e-32
8.58943e-13
5.60358e-10
1.09179e-09
1.59536e-09
2.07161e-09
2.52126e-09
2.94518e-09
3.34439e-09
3.71993e-09
4.07293e-09
4.40452e-09
4.71583e-09
5.00799e-09
5.28211e-09
5.53924e-09
5.78041e-09
6.00662e-09
6.21878e-09
6.4178e-09
6.60452e-09
6.77972e-09
6.94415e-09
7.09852e-09
7.24347e-09
7.37963e-09
7.50756e-09
7.62781e-09
7.74086e-09
7.8472e-09
7.94725e-09
8.04142e-09
8.13008e-09
9.03784e-09
9.89023e-09
1.06494e-08
1.12746e-08
1.17259e-08
1.19694e-08
1.19826e-08
1.17594e-08
1.13124e-08
1.0672e-08
9.88222e-09
8.99395e-09
8.05816e-09
7.12e-09
6.21536e-09
5.36969e-09
4.5986e-09
3.90945e-09
3.30339e-09
2.77726e-09
2.32524e-09
1.94008e-09
1.61406e-09
1.33952e-09
1.10927e-09
9.16766e-10
7.56179e-10
6.2243e-10
5.11135e-10
4.18551e-10
3.41503e-10
2.77312e-10
2.23725e-10
1.78849e-10
1.41094e-10
1.09115e-10
8.17681e-11
5.80587e-11
3.70963e-11
1.80361e-11
-7.63906e-31
1.00063e-12
6.50752e-10
1.26775e-09
1.85214e-09
2.40447e-09
2.92555e-09
3.41638e-09
3.87811e-09
4.31199e-09
4.71934e-09
5.1015e-09
5.45982e-09
5.79564e-09
6.11028e-09
6.40501e-09
6.68106e-09
6.93959e-09
7.18173e-09
7.40853e-09
7.62101e-09
7.82009e-09
8.00668e-09
8.18159e-09
8.34561e-09
8.49947e-09
8.64384e-09
8.77935e-09
8.90659e-09
9.02612e-09
9.13845e-09
9.24404e-09
9.34334e-09
1.03523e-08
1.12832e-08
1.20909e-08
1.27283e-08
1.31514e-08
1.33259e-08
1.32328e-08
1.28743e-08
1.22739e-08
1.14747e-08
1.0532e-08
9.50533e-09
8.45058e-09
7.41459e-09
6.43241e-09
5.52712e-09
4.7113e-09
3.98928e-09
3.35945e-09
2.81636e-09
2.35235e-09
1.9588e-09
1.62694e-09
1.34836e-09
1.11533e-09
9.20903e-10
7.59003e-10
6.24356e-10
5.12447e-10
4.19445e-10
3.42111e-10
2.77725e-10
2.24005e-10
1.79039e-10
1.41222e-10
1.092e-10
8.18239e-11
5.8094e-11
3.71169e-11
1.80455e-11
-2.24699e-30
1.39622e-12
9.01193e-10
1.75509e-09
2.56299e-09
3.3254e-09
4.04332e-09
4.71807e-09
5.35124e-09
5.9446e-09
6.50005e-09
7.01955e-09
7.50507e-09
7.95859e-09
8.38203e-09
8.7773e-09
9.14618e-09
9.49042e-09
9.81167e-09
1.01115e-08
1.03913e-08
1.06526e-08
1.08966e-08
1.11245e-08
1.13374e-08
1.15365e-08
1.17226e-08
1.18967e-08
1.20597e-08
1.22123e-08
1.23552e-08
1.24892e-08
1.26147e-08
1.38655e-08
1.4966e-08
1.5852e-08
1.64623e-08
1.67468e-08
1.66766e-08
1.62509e-08
1.55002e-08
1.44821e-08
1.32722e-08
1.19522e-08
1.05979e-08
9.27181e-09
8.01988e-09
6.87128e-09
5.84106e-09
4.93343e-09
4.14507e-09
3.46794e-09
2.89149e-09
2.40415e-09
1.9944e-09
1.65133e-09
1.36504e-09
1.12672e-09
9.28674e-10
7.64299e-10
6.27962e-10
5.14902e-10
4.21114e-10
3.43246e-10
2.78496e-10
2.24528e-10
1.79392e-10
1.41459e-10
1.09359e-10
8.19277e-11
5.81596e-11
3.71551e-11
1.8063e-11
-2.87604e-30
1.94926e-12
1.24754e-09
2.42877e-09
3.54496e-09
4.59652e-09
5.58457e-09
6.51086e-09
7.37761e-09
8.18733e-09
8.94275e-09
9.64675e-09
1.03022e-08
1.09121e-08
1.14793e-08
1.20065e-08
1.24964e-08
1.29517e-08
1.33747e-08
1.37677e-08
1.4133e-08
1.44725e-08
1.47881e-08
1.50817e-08
1.53548e-08
1.5609e-08
1.58457e-08
1.60661e-08
1.62716e-08
1.64631e-08
1.66418e-08
1.68086e-08
1.69644e-08
1.84761e-08
1.97216e-08
2.0614e-08
2.108e-08
2.10729e-08
2.05854e-08
1.96548e-08
1.83583e-08
1.68006e-08
1.50947e-08
1.33455e-08
1.16381e-08
1.00332e-08
8.56811e-09
7.26088e-09
6.11504e-09
5.12451e-09
4.27747e-09
3.55923e-09
2.95418e-09
2.44708e-09
2.02372e-09
1.67134e-09
1.37867e-09
1.136e-09
9.34984e-10
7.68589e-10
6.30879e-10
5.16884e-10
4.22461e-10
3.4416e-10
2.79116e-10
2.24948e-10
1.79677e-10
1.41651e-10
1.09486e-10
8.20111e-11
5.82123e-11
3.71857e-11
1.8077e-11
-2.61663e-30
2.71657e-12
1.72294e-09
3.35302e-09
4.8913e-09
6.33778e-09
7.69372e-09
8.96141e-09
1.01439e-08
1.12447e-08
1.22679e-08
1.32176e-08
1.40981e-08
1.49137e-08
1.56687e-08
1.63671e-08
1.7013e-08
1.76101e-08
1.81621e-08
1.86723e-08
1.9144e-08
1.95801e-08
1.99833e-08
2.03564e-08
2.07015e-08
2.10211e-08
2.1317e-08
2.15911e-08
2.18453e-08
2.2081e-08
2.22998e-08
2.25029e-08
2.26916e-08
2.44602e-08
2.57833e-08
2.65507e-08
2.66857e-08
2.61651e-08
2.50307e-08
2.33854e-08
2.13747e-08
1.91585e-08
1.68847e-08
1.46714e-08
1.26006e-08
1.07207e-08
9.05301e-09
7.5995e-09
6.34971e-09
5.28619e-09
4.38837e-09
3.63505e-09
3.00589e-09
2.48229e-09
2.04767e-09
1.68761e-09
1.38972e-09
1.1435e-09
9.40075e-10
7.72045e-10
6.33225e-10
5.18476e-10
4.23542e-10
3.44894e-10
2.79614e-10
2.25285e-10
1.79904e-10
1.41803e-10
1.09588e-10
8.20778e-11
5.82544e-11
3.72102e-11
1.80881e-11
-2.38024e-30
3.76951e-12
2.3693e-09
4.60913e-09
6.71998e-09
8.70109e-09
1.05538e-08
1.22809e-08
1.38867e-08
1.53762e-08
1.67551e-08
1.80294e-08
1.92055e-08
2.02895e-08
2.12878e-08
2.22063e-08
2.3051e-08
2.38275e-08
2.45409e-08
2.51964e-08
2.57985e-08
2.63516e-08
2.68598e-08
2.73268e-08
2.7756e-08
2.81506e-08
2.85136e-08
2.88476e-08
2.91551e-08
2.94383e-08
2.96993e-08
2.99399e-08
3.01619e-08
3.21434e-08
3.34105e-08
3.38345e-08
3.33581e-08
3.20182e-08
2.99476e-08
2.73498e-08
2.44556e-08
2.14786e-08
1.85875e-08
1.58957e-08
1.34669e-08
1.13263e-08
9.47252e-09
7.8881e-09
6.54724e-09
5.4209e-09
4.48001e-09
3.69727e-09
3.04809e-09
2.51088e-09
2.06704e-09
1.70073e-09
1.39861e-09
1.14952e-09
9.44156e-10
7.74811e-10
6.351e-10
5.19748e-10
4.24404e-10
3.45478e-10
2.8001e-10
2.25553e-10
1.80085e-10
1.41925e-10
1.09669e-10
8.21308e-11
5.82879e-11
3.72297e-11
1.8097e-11
-2.16493e-30
5.17985e-12
3.22974e-09
6.28086e-09
9.15274e-09
1.18434e-08
1.43541e-08
1.66884e-08
1.88519e-08
2.08516e-08
2.26955e-08
2.43922e-08
2.59506e-08
2.73798e-08
2.86888e-08
2.98863e-08
3.09808e-08
3.19804e-08
3.28927e-08
3.37251e-08
3.44841e-08
3.51762e-08
3.58071e-08
3.63822e-08
3.69065e-08
3.73844e-08
3.78202e-08
3.82177e-08
3.85804e-08
3.89113e-08
3.92134e-08
3.94894e-08
3.97415e-08
4.18353e-08
4.28242e-08
4.25781e-08
4.11012e-08
3.85511e-08
3.52099e-08
3.14167e-08
2.74913e-08
2.3683e-08
2.01547e-08
1.69925e-08
1.42257e-08
1.18469e-08
9.82764e-09
8.12934e-09
6.71068e-09
5.53143e-09
4.55468e-09
3.74768e-09
3.08213e-09
2.53386e-09
2.08256e-09
1.71122e-09
1.4057e-09
1.15431e-09
9.47401e-10
7.77008e-10
6.36588e-10
5.20756e-10
4.25087e-10
3.45942e-10
2.80324e-10
2.25766e-10
1.80228e-10
1.42021e-10
1.09733e-10
8.21727e-11
5.83143e-11
3.72451e-11
1.8104e-11
-1.96889e-30
7.04667e-12
4.37154e-09
8.49943e-09
1.23817e-08
1.60147e-08
1.93992e-08
2.25396e-08
2.54431e-08
2.81189e-08
3.05779e-08
3.28317e-08
3.48927e-08
3.67735e-08
3.84866e-08
4.00445e-08
4.14591e-08
4.2742e-08
4.39041e-08
4.49557e-08
4.59065e-08
4.67655e-08
4.75411e-08
4.82409e-08
4.88721e-08
4.94411e-08
4.99539e-08
5.04159e-08
5.08321e-08
5.12069e-08
5.15443e-08
5.18481e-08
5.21216e-08
5.41293e-08
5.4457e-08
5.3019e-08
4.99715e-08
4.56954e-08
4.06959e-08
3.54672e-08
3.03935e-08
2.57175e-08
2.15592e-08
1.79518e-08
1.48764e-08
1.22863e-08
1.01235e-08
8.3282e-09
6.84426e-09
5.62115e-09
4.61495e-09
3.7882e-09
3.10938e-09
2.55221e-09
2.09492e-09
1.71955e-09
1.41132e-09
1.15811e-09
9.49969e-10
7.78745e-10
6.37764e-10
5.21552e-10
4.25627e-10
3.46307e-10
2.80571e-10
2.25933e-10
1.80341e-10
1.42097e-10
1.09784e-10
8.22057e-11
5.83351e-11
3.72572e-11
1.81095e-11
-1.79045e-30
9.36144e-12
5.80567e-09
1.12875e-08
1.64426e-08
2.12654e-08
2.57561e-08
2.99196e-08
3.37645e-08
3.73022e-08
4.05461e-08
4.35112e-08
4.62137e-08
4.86699e-08
5.08968e-08
5.29109e-08
5.47286e-08
5.63656e-08
5.78371e-08
5.91574e-08
6.03401e-08
6.13976e-08
6.23419e-08
6.31838e-08
6.39333e-08
6.45995e-08
6.51909e-08
6.57151e-08
6.61791e-08
6.65891e-08
6.69509e-08
6.72695e-08
6.75497e-08
6.9177e-08
6.83137e-08
6.5006e-08
5.97061e-08
5.31562e-08
4.61501e-08
3.93187e-08
3.30502e-08
2.75224e-08
2.27738e-08
1.87647e-08
1.54188e-08
1.26478e-08
1.03643e-08
8.48874e-09
6.95137e-09
5.6927e-09
4.66281e-09
3.82025e-09
3.13087e-09
2.56665e-09
2.10463e-09
1.72609e-09
1.41573e-09
1.16108e-09
9.51976e-10
7.80102e-10
6.38682e-10
5.22174e-10
4.26047e-10
3.46592e-10
2.80764e-10
2.26063e-10
1.80429e-10
1.42156e-10
1.09823e-10
8.22314e-11
5.83513e-11
3.72666e-11
1.81138e-11
-1.62807e-30
1.09965e-11
6.82351e-09
1.32667e-08
1.93261e-08
2.49949e-08
3.02729e-08
3.51653e-08
3.96814e-08
4.38338e-08
4.76379e-08
5.11108e-08
5.42709e-08
5.71375e-08
5.97303e-08
6.20688e-08
6.41725e-08
6.60602e-08
6.77499e-08
6.92589e-08
7.06035e-08
7.17989e-08
7.28593e-08
7.37981e-08
7.46272e-08
7.53578e-08
7.60001e-08
7.65635e-08
7.70563e-08
7.74861e-08
7.78599e-08
7.81839e-08
7.84635e-08
7.975e-08
7.79484e-08
7.32173e-08
6.62467e-08
5.80571e-08
4.96497e-08
4.17367e-08
3.46869e-08
2.8617e-08
2.35011e-08
1.92465e-08
1.57377e-08
1.28589e-08
1.05042e-08
8.58163e-09
7.01314e-09
5.73385e-09
4.69027e-09
3.83861e-09
3.14317e-09
2.57489e-09
2.11017e-09
1.72981e-09
1.41824e-09
1.16278e-09
9.5312e-10
7.80875e-10
6.39204e-10
5.22527e-10
4.26287e-10
3.46754e-10
2.80874e-10
2.26138e-10
1.80479e-10
1.4219e-10
1.09845e-10
8.2246e-11
5.83605e-11
3.72719e-11
1.81163e-11
-1.48025e-30
1.01208e-11
6.26793e-09
1.21855e-08
1.77492e-08
2.29525e-08
2.77957e-08
3.22838e-08
3.64259e-08
4.02345e-08
4.37241e-08
4.69111e-08
4.98129e-08
5.24475e-08
5.48333e-08
5.69883e-08
5.89305e-08
6.0677e-08
6.22443e-08
6.36481e-08
6.4903e-08
6.60229e-08
6.70206e-08
6.79078e-08
6.86956e-08
6.93938e-08
7.00116e-08
7.05573e-08
7.10385e-08
7.14619e-08
7.18339e-08
7.21598e-08
7.24447e-08
7.39925e-08
7.28108e-08
6.89684e-08
6.29884e-08
5.57161e-08
4.80445e-08
4.06659e-08
3.39826e-08
2.81566e-08
2.32007e-08
1.90503e-08
1.56093e-08
1.27747e-08
1.04488e-08
8.54505e-09
6.98893e-09
5.71778e-09
4.67958e-09
3.83148e-09
3.1384e-09
2.5717e-09
2.10803e-09
1.72837e-09
1.41727e-09
1.16212e-09
9.52679e-10
7.80577e-10
6.39003e-10
5.22391e-10
4.26195e-10
3.46692e-10
2.80832e-10
2.26109e-10
1.8046e-10
1.42177e-10
1.09837e-10
8.22404e-11
5.8357e-11
3.72699e-11
1.81153e-11
-7.04732e-31
7.98395e-12
4.94317e-09
9.60999e-09
1.39977e-08
1.81019e-08
2.1923e-08
2.54658e-08
2.87384e-08
3.17512e-08
3.45163e-08
3.70472e-08
3.93579e-08
4.14628e-08
4.33763e-08
4.51127e-08
4.66857e-08
4.81086e-08
4.9394e-08
5.05537e-08
5.15989e-08
5.254e-08
5.33866e-08
5.41476e-08
5.48311e-08
5.54446e-08
5.59949e-08
5.64883e-08
5.69304e-08
5.73262e-08
5.76806e-08
5.79977e-08
5.82812e-08
6.02399e-08
6.02314e-08
5.81916e-08
5.43516e-08
4.9205e-08
4.33713e-08
3.74255e-08
3.1784e-08
2.66839e-08
2.22211e-08
1.8401e-08
1.51795e-08
1.249e-08
1.02601e-08
8.4198e-09
6.90565e-09
5.6623e-09
4.64255e-09
3.80672e-09
3.12182e-09
2.56058e-09
2.10055e-09
1.72334e-09
1.41388e-09
1.15984e-09
9.51136e-10
7.79535e-10
6.38298e-10
5.21914e-10
4.25872e-10
3.46473e-10
2.80684e-10
2.26009e-10
1.80393e-10
1.42132e-10
1.09807e-10
8.22208e-11
5.83447e-11
3.72627e-11
1.81121e-11
3.19973e-34
6.17722e-12
3.83808e-09
7.46275e-09
1.08726e-08
1.40649e-08
1.70404e-08
1.98035e-08
2.23607e-08
2.47202e-08
2.68917e-08
2.88854e-08
3.07122e-08
3.23832e-08
3.39092e-08
3.53009e-08
3.65688e-08
3.77225e-08
3.87717e-08
3.9725e-08
4.05907e-08
4.13766e-08
4.20897e-08
4.27366e-08
4.33233e-08
4.38554e-08
4.4338e-08
4.47757e-08
4.51726e-08
4.55327e-08
4.58594e-08
4.61558e-08
4.64249e-08
4.8544e-08
4.92701e-08
4.84812e-08
4.624e-08
4.28027e-08
3.85638e-08
3.3955e-08
2.93491e-08
2.50083e-08
2.10826e-08
1.76335e-08
1.46645e-08
1.21454e-08
1.00298e-08
8.26587e-09
6.80274e-09
5.59345e-09
4.59644e-09
3.77581e-09
3.10107e-09
2.54663e-09
2.09117e-09
1.71702e-09
1.40962e-09
1.15696e-09
9.49193e-10
7.78221e-10
6.37409e-10
5.21312e-10
4.25464e-10
3.46197e-10
2.80497e-10
2.25883e-10
1.80308e-10
1.42075e-10
1.09769e-10
8.2196e-11
5.8329e-11
3.72537e-11
1.81079e-11
3.5189e-34
4.70586e-12
2.94162e-09
5.72117e-09
8.33847e-09
1.0792e-08
1.3083e-08
1.5215e-08
1.7193e-08
1.90235e-08
2.07136e-08
2.22712e-08
2.37041e-08
2.50206e-08
2.62287e-08
2.73362e-08
2.83507e-08
2.92794e-08
3.01291e-08
3.09063e-08
3.1617e-08
3.22668e-08
3.28609e-08
3.34041e-08
3.39009e-08
3.43552e-08
3.47708e-08
3.51512e-08
3.54995e-08
3.58184e-08
3.61107e-08
3.63786e-08
3.66243e-08
3.87252e-08
3.98606e-08
3.98942e-08
3.87994e-08
3.6682e-08
3.37673e-08
3.03502e-08
2.67287e-08
2.31507e-08
1.97892e-08
1.67443e-08
1.40584e-08
1.17347e-08
9.75243e-09
8.07902e-09
6.677e-09
5.50888e-09
4.53956e-09
3.73754e-09
3.07531e-09
2.52928e-09
2.07947e-09
1.70914e-09
1.40429e-09
1.15336e-09
9.4676e-10
7.76575e-10
6.36295e-10
5.20558e-10
4.24953e-10
3.45851e-10
2.80262e-10
2.25724e-10
1.80201e-10
1.42003e-10
1.09721e-10
8.21648e-11
5.83094e-11
3.72422e-11
1.81027e-11
3.8697e-34
3.54254e-12
2.23109e-09
4.34063e-09
6.32929e-09
8.19652e-09
9.94364e-09
1.15734e-08
1.30899e-08
1.44976e-08
1.58021e-08
1.70089e-08
1.81237e-08
1.91526e-08
2.01012e-08
2.09752e-08
2.178e-08
2.25209e-08
2.32026e-08
2.38298e-08
2.44069e-08
2.49379e-08
2.54265e-08
2.58763e-08
2.62904e-08
2.66718e-08
2.70232e-08
2.73471e-08
2.76458e-08
2.79214e-08
2.81759e-08
2.84109e-08
2.86282e-08
3.05922e-08
3.19046e-08
3.24373e-08
3.21234e-08
3.09809e-08
2.91183e-08
2.67161e-08
2.39894e-08
2.11459e-08
1.83552e-08
1.5736e-08
1.33584e-08
1.12531e-08
9.42327e-09
7.85506e-09
6.5251e-09
5.40606e-09
4.47004e-09
3.69057e-09
3.04359e-09
2.50785e-09
2.065e-09
1.69935e-09
1.39768e-09
1.14889e-09
9.43731e-10
7.74524e-10
6.34905e-10
5.19616e-10
4.24315e-10
3.45418e-10
2.79969e-10
2.25526e-10
1.80067e-10
1.41913e-10
1.09661e-10
8.21257e-11
5.82847e-11
3.72279e-11
1.80962e-11
2.38813e-34
3.37347e-12
2.12746e-09
4.13927e-09
6.03617e-09
7.81775e-09
9.48533e-09
1.10416e-08
1.24903e-08
1.3836e-08
1.50836e-08
1.62386e-08
1.73063e-08
1.82924e-08
1.92023e-08
2.00414e-08
2.08146e-08
2.1527e-08
2.21832e-08
2.27875e-08
2.3344e-08
2.38566e-08
2.43287e-08
2.47637e-08
2.51647e-08
2.55343e-08
2.58753e-08
2.61899e-08
2.64803e-08
2.67486e-08
2.69966e-08
2.72259e-08
2.74381e-08
2.9371e-08
3.06959e-08
3.12875e-08
3.10754e-08
3.00673e-08
2.83566e-08
2.61071e-08
2.35205e-08
2.07961e-08
1.81007e-08
1.55546e-08
1.3231e-08
1.11646e-08
9.3623e-09
7.81331e-09
6.49663e-09
5.38671e-09
4.45691e-09
3.68168e-09
3.03757e-09
2.50378e-09
2.06224e-09
1.69748e-09
1.39642e-09
1.14803e-09
9.43152e-10
7.74131e-10
6.34639e-10
5.19436e-10
4.24193e-10
3.45335e-10
2.79913e-10
2.25488e-10
1.80041e-10
1.41896e-10
1.0965e-10
8.21182e-11
5.828e-11
3.72252e-11
1.8095e-11
2.22856e-34
2.64251e-12
1.67779e-09
3.26529e-09
4.76364e-09
6.17289e-09
7.49431e-09
8.73013e-09
9.88332e-09
1.09574e-08
1.19561e-08
1.28835e-08
1.37438e-08
1.45412e-08
1.52796e-08
1.59632e-08
1.65958e-08
1.71809e-08
1.77222e-08
1.82228e-08
1.86859e-08
1.91144e-08
1.95108e-08
1.98778e-08
2.02176e-08
2.05324e-08
2.08241e-08
2.10946e-08
2.13455e-08
2.15783e-08
2.17946e-08
2.19955e-08
2.21823e-08
2.39407e-08
2.52734e-08
2.60711e-08
2.62554e-08
2.57984e-08
2.47341e-08
2.31576e-08
2.12079e-08
1.90413e-08
1.68049e-08
1.46184e-08
1.2566e-08
1.06983e-08
9.03863e-09
7.59027e-09
6.34376e-09
5.28234e-09
4.38586e-09
3.6334e-09
3.00481e-09
2.48157e-09
2.04719e-09
1.68729e-09
1.38951e-09
1.14335e-09
9.39978e-10
7.7198e-10
6.3318e-10
5.18447e-10
4.23522e-10
3.4488e-10
2.79605e-10
2.25279e-10
1.799e-10
1.41801e-10
1.09587e-10
8.20771e-11
5.8254e-11
3.72101e-11
1.80881e-11
4.31706e-34
1.95803e-12
1.25333e-09
2.44003e-09
3.56144e-09
4.61793e-09
5.61065e-09
6.54137e-09
7.41228e-09
8.22594e-09
8.98508e-09
9.69258e-09
1.03514e-08
1.09644e-08
1.15344e-08
1.20644e-08
1.25569e-08
1.30146e-08
1.34399e-08
1.38351e-08
1.42024e-08
1.45438e-08
1.48612e-08
1.51565e-08
1.54311e-08
1.56868e-08
1.59249e-08
1.61466e-08
1.63533e-08
1.65461e-08
1.67259e-08
1.68937e-08
1.70505e-08
1.85721e-08
1.98268e-08
2.0727e-08
2.11984e-08
2.11938e-08
2.0705e-08
1.97687e-08
1.84628e-08
1.68925e-08
1.51725e-08
1.34089e-08
1.1688e-08
1.00713e-08
8.5966e-09
7.28172e-09
6.13003e-09
5.13515e-09
4.28494e-09
3.56443e-09
2.95778e-09
2.44955e-09
2.02542e-09
1.6725e-09
1.37947e-09
1.13654e-09
9.35352e-10
7.6884e-10
6.31049e-10
5.17e-10
4.2254e-10
3.44214e-10
2.79153e-10
2.24974e-10
1.79694e-10
1.41663e-10
1.09494e-10
8.20166e-11
5.82159e-11
3.71879e-11
1.80779e-11
5.14361e-34
1.44453e-12
9.31791e-10
1.81464e-09
2.64984e-09
3.43793e-09
4.1799e-09
4.87713e-09
5.53126e-09
6.14413e-09
6.71769e-09
7.25398e-09
7.75507e-09
8.22299e-09
8.65976e-09
9.06733e-09
9.44758e-09
9.80232e-09
1.01333e-08
1.0442e-08
1.07301e-08
1.0999e-08
1.125e-08
1.14844e-08
1.17034e-08
1.1908e-08
1.20993e-08
1.22782e-08
1.24455e-08
1.26022e-08
1.27489e-08
1.28863e-08
1.30151e-08
1.42958e-08
1.54174e-08
1.63136e-08
1.69213e-08
1.71898e-08
1.70908e-08
1.66255e-08
1.58277e-08
1.4759e-08
1.3499e-08
1.21324e-08
1.07372e-08
9.37705e-09
8.09774e-09
6.92788e-09
5.88163e-09
4.96216e-09
4.16523e-09
3.48198e-09
2.90121e-09
2.41085e-09
1.999e-09
1.65449e-09
1.3672e-09
1.12819e-09
9.29676e-10
7.64982e-10
6.28427e-10
5.15218e-10
4.2133e-10
3.43393e-10
2.78596e-10
2.24596e-10
1.79439e-10
1.41491e-10
1.0938e-10
8.19418e-11
5.81686e-11
3.71604e-11
1.80654e-11
5.6541e-34
1.06278e-12
6.90401e-10
1.34493e-09
1.96476e-09
2.55047e-09
3.10288e-09
3.62305e-09
4.1122e-09
4.57167e-09
5.00285e-09
5.40719e-09
5.78613e-09
6.1411e-09
6.47351e-09
6.78473e-09
7.07606e-09
7.34877e-09
7.60405e-09
7.84304e-09
8.06681e-09
8.27637e-09
8.47267e-09
8.65659e-09
8.82897e-09
8.99059e-09
9.14216e-09
9.28437e-09
9.41784e-09
9.54315e-09
9.66086e-09
9.77146e-09
9.87543e-09
1.09288e-08
1.18941e-08
1.27232e-08
1.33661e-08
1.37773e-08
1.39218e-08
1.37827e-08
1.33653e-08
1.26983e-08
1.18297e-08
1.082e-08
9.73236e-09
8.62507e-09
7.54575e-09
6.52913e-09
5.5973e-09
4.76156e-09
4.02488e-09
3.38445e-09
2.83378e-09
2.36443e-09
1.96714e-09
1.63267e-09
1.35229e-09
1.11802e-09
9.22743e-10
7.60259e-10
6.25212e-10
5.13031e-10
4.19842e-10
3.42382e-10
2.7791e-10
2.24131e-10
1.79124e-10
1.41279e-10
1.09239e-10
8.18495e-11
5.81103e-11
3.71265e-11
1.80499e-11
6.21426e-34
7.80742e-13
5.10384e-10
9.94502e-10
1.45338e-09
1.88753e-09
2.29764e-09
2.68452e-09
3.04908e-09
3.39228e-09
3.71512e-09
4.01863e-09
4.30382e-09
4.57171e-09
4.82327e-09
5.05946e-09
5.28119e-09
5.48936e-09
5.68479e-09
5.86827e-09
6.04058e-09
6.2024e-09
6.35442e-09
6.49726e-09
6.6315e-09
6.75771e-09
6.8764e-09
6.98804e-09
7.0931e-09
7.19199e-09
7.28511e-09
7.37282e-09
7.45546e-09
8.3056e-09
9.11252e-09
9.84244e-09
1.04582e-08
1.09224e-08
1.12017e-08
1.12719e-08
1.11228e-08
1.07608e-08
1.02094e-08
9.50618e-09
8.69692e-09
7.82948e-09
6.94785e-09
6.08822e-09
5.2773e-09
4.53234e-09
3.86245e-09
3.27034e-09
2.75419e-09
2.30922e-09
1.92901e-09
1.60644e-09
1.33429e-09
1.10569e-09
9.14315e-10
7.54505e-10
6.21288e-10
5.10357e-10
4.18021e-10
3.41143e-10
2.77068e-10
2.2356e-10
1.78738e-10
1.41019e-10
1.09066e-10
8.17359e-11
5.80386e-11
3.70847e-11
1.80309e-11
6.82856e-34
5.73212e-13
3.76781e-10
7.34336e-10
1.07351e-09
1.39476e-09
1.69864e-09
1.98575e-09
2.25677e-09
2.51241e-09
2.75338e-09
2.98041e-09
3.19422e-09
3.39553e-09
3.58501e-09
3.76335e-09
3.93119e-09
4.08914e-09
4.23779e-09
4.3777e-09
4.5094e-09
4.63339e-09
4.75015e-09
4.86011e-09
4.9637e-09
5.06131e-09
5.15331e-09
5.24004e-09
5.32182e-09
5.39897e-09
5.47176e-09
5.54045e-09
5.60531e-09
6.28075e-09
6.93986e-09
7.55982e-09
8.11416e-09
8.57427e-09
8.91196e-09
9.10272e-09
9.12948e-09
8.98593e-09
8.67842e-09
8.22591e-09
7.65748e-09
7.0083e-09
6.31484e-09
5.61071e-09
4.92373e-09
4.27466e-09
3.67713e-09
3.13852e-09
2.66126e-09
2.24419e-09
1.88377e-09
1.57511e-09
1.31268e-09
1.09083e-09
9.0412e-10
7.47524e-10
6.16515e-10
5.07098e-10
4.15798e-10
3.39629e-10
2.76037e-10
2.2286e-10
1.78264e-10
1.40701e-10
1.08853e-10
8.15965e-11
5.79504e-11
3.70334e-11
1.80074e-11
7.50179e-34
4.20871e-13
2.77954e-10
5.41828e-10
7.92308e-10
1.02977e-09
1.25464e-09
1.4674e-09
1.66854e-09
1.85857e-09
2.03801e-09
2.20738e-09
2.3672e-09
2.51796e-09
2.66016e-09
2.79427e-09
2.92073e-09
3.04e-09
3.15247e-09
3.25855e-09
3.35861e-09
3.453e-09
3.54206e-09
3.6261e-09
3.70542e-09
3.78031e-09
3.85102e-09
3.9178e-09
3.98088e-09
4.04049e-09
4.09683e-09
4.15009e-09
4.20044e-09
4.7302e-09
5.25874e-09
5.77115e-09
6.24931e-09
6.67249e-09
7.01863e-09
7.26634e-09
7.39741e-09
7.39958e-09
7.26892e-09
7.01113e-09
6.64132e-09
6.18212e-09
5.66062e-09
5.1049e-09
4.54088e-09
3.99017e-09
3.46904e-09
2.98834e-09
2.55407e-09
2.16838e-09
1.83057e-09
1.538e-09
1.28693e-09
1.07303e-09
8.91855e-10
7.39096e-10
6.10735e-10
5.03142e-10
4.13095e-10
3.37784e-10
2.74781e-10
2.22006e-10
1.77686e-10
1.4031e-10
1.08593e-10
8.14256e-11
5.78423e-11
3.69704e-11
1.79787e-11
8.23898e-34
3.09177e-13
2.05009e-10
3.99698e-10
5.84609e-10
7.60048e-10
9.26349e-10
1.08387e-09
1.23297e-09
1.37404e-09
1.50744e-09
1.63355e-09
1.75274e-09
1.86536e-09
1.97176e-09
2.07228e-09
2.16724e-09
2.25694e-09
2.34168e-09
2.42174e-09
2.49738e-09
2.56886e-09
2.63642e-09
2.70027e-09
2.76063e-09
2.8177e-09
2.87168e-09
2.92273e-09
2.97102e-09
3.01672e-09
3.05997e-09
3.10091e-09
3.13967e-09
3.5508e-09
3.9684e-09
4.38304e-09
4.78274e-09
5.15314e-09
5.47799e-09
5.74022e-09
5.92348e-09
6.0141e-09
6.00313e-09
5.88808e-09
5.67381e-09
5.37232e-09
5.00125e-09
4.58164e-09
4.13523e-09
3.68219e-09
3.23946e-09
2.81986e-09
2.43209e-09
2.08106e-09
1.76865e-09
1.49443e-09
1.25647e-09
1.05184e-09
8.77184e-10
7.28972e-10
6.03769e-10
4.98359e-10
4.09818e-10
3.35543e-10
2.73252e-10
2.20965e-10
1.7698e-10
1.39834e-10
1.08274e-10
8.12168e-11
5.77101e-11
3.68934e-11
1.79435e-11
9.04538e-34
2.27312e-13
1.51236e-10
2.94898e-10
4.3141e-10
5.61015e-10
6.8397e-10
8.00542e-10
9.11005e-10
1.01563e-09
1.1147e-09
1.20847e-09
1.29722e-09
1.38119e-09
1.46063e-09
1.53579e-09
1.60689e-09
1.67416e-09
1.73779e-09
1.79799e-09
1.85496e-09
1.90886e-09
1.95987e-09
2.00815e-09
2.05385e-09
2.09712e-09
2.13809e-09
2.17689e-09
2.21364e-09
2.24845e-09
2.28143e-09
2.31269e-09
2.34231e-09
2.65867e-09
2.9847e-09
3.31466e-09
3.6409e-09
3.95383e-09
4.24206e-09
4.49284e-09
4.69288e-09
4.82962e-09
4.89266e-09
4.87538e-09
4.77616e-09
4.59906e-09
4.35356e-09
4.05349e-09
3.71524e-09
3.3558e-09
2.99098e-09
2.63411e-09
2.29539e-09
1.98182e-09
1.69741e-09
1.44379e-09
1.22075e-09
1.02682e-09
8.59752e-10
7.1688e-10
5.95413e-10
4.92603e-10
4.05863e-10
3.32832e-10
2.71398e-10
2.19701e-10
1.76121e-10
1.39254e-10
1.07886e-10
8.0962e-11
5.75488e-11
3.67993e-11
1.79005e-11
9.92642e-34
1.67292e-13
1.11618e-10
2.17672e-10
3.18486e-10
4.14253e-10
5.05167e-10
5.9143e-10
6.73245e-10
7.50813e-10
8.24333e-10
8.93999e-10
9.60003e-10
1.02253e-09
1.08175e-09
1.13785e-09
1.19098e-09
1.2413e-09
1.28896e-09
1.33411e-09
1.37688e-09
1.41739e-09
1.45577e-09
1.49214e-09
1.52661e-09
1.55927e-09
1.59024e-09
1.61959e-09
1.64741e-09
1.6738e-09
1.69882e-09
1.72256e-09
1.74507e-09
1.98683e-09
2.23895e-09
2.49805e-09
2.75944e-09
3.01693e-09
3.26286e-09
3.48818e-09
3.68284e-09
3.83647e-09
3.93933e-09
3.98346e-09
3.96386e-09
3.87946e-09
3.7336e-09
3.53377e-09
3.29085e-09
3.01769e-09
2.72763e-09
2.43313e-09
2.14476e-09
1.87069e-09
1.61653e-09
1.3856e-09
1.1793e-09
9.97528e-10
8.39191e-10
7.02532e-10
5.85447e-10
4.85707e-10
4.01109e-10
3.29564e-10
2.69158e-10
2.1817e-10
1.75079e-10
1.38549e-10
1.07415e-10
8.06518e-11
5.73522e-11
3.66847e-11
1.78481e-11
1.08875e-33
1.23258e-13
8.24318e-11
1.60769e-10
2.35261e-10
3.06055e-10
3.733e-10
4.37148e-10
4.97747e-10
5.55246e-10
6.0979e-10
6.61523e-10
7.1058e-10
7.57097e-10
8.012e-10
8.43014e-10
8.82656e-10
9.20239e-10
9.55872e-10
9.89656e-10
1.02169e-09
1.05206e-09
1.08087e-09
1.10819e-09
1.1341e-09
1.15868e-09
1.18199e-09
1.20412e-09
1.22511e-09
1.24503e-09
1.26393e-09
1.28188e-09
1.29891e-09
1.48265e-09
1.67613e-09
1.87746e-09
2.08385e-09
2.29148e-09
2.49536e-09
2.68937e-09
2.86628e-09
3.01818e-09
3.13692e-09
3.21489e-09
3.24594e-09
3.22627e-09
3.15515e-09
3.03528e-09
2.8726e-09
2.67569e-09
2.45468e-09
2.2201e-09
1.98183e-09
1.7483e-09
1.52603e-09
1.31959e-09
1.1317e-09
9.63556e-10
8.15143e-10
6.85627e-10
5.73633e-10
4.77492e-10
3.9542e-10
3.25639e-10
2.66459e-10
2.16322e-10
1.73819e-10
1.37696e-10
1.06842e-10
8.0275e-11
5.71132e-11
3.65451e-11
1.77843e-11
1.19341e-33
9.09195e-14
6.09235e-11
1.1883e-10
1.73909e-10
2.26274e-10
2.76037e-10
3.23311e-10
3.68207e-10
4.10834e-10
4.513e-10
4.89707e-10
5.26157e-10
5.60745e-10
5.93566e-10
6.24707e-10
6.54255e-10
6.82291e-10
7.08893e-10
7.34136e-10
7.58089e-10
7.8082e-10
8.02392e-10
8.22867e-10
8.42301e-10
8.60748e-10
8.78261e-10
8.94888e-10
9.10675e-10
9.25666e-10
9.39903e-10
9.53424e-10
9.66266e-10
1.10532e-09
1.25289e-09
1.40801e-09
1.56911e-09
1.73391e-09
1.89929e-09
2.06124e-09
2.21483e-09
2.35433e-09
2.47344e-09
2.56574e-09
2.62527e-09
2.64723e-09
2.62869e-09
2.56913e-09
2.47073e-09
2.33823e-09
2.17839e-09
1.99924e-09
1.80914e-09
1.61595e-09
1.42641e-09
1.24578e-09
1.07776e-09
9.24595e-10
7.87284e-10
6.65875e-10
5.59729e-10
4.67765e-10
3.88649e-10
3.20948e-10
2.63223e-10
2.14099e-10
1.72299e-10
1.36664e-10
1.06149e-10
7.98184e-11
5.68232e-11
3.63757e-11
1.77068e-11
1.30711e-33
6.71437e-14
4.50644e-11
8.79027e-11
1.28659e-10
1.67418e-10
2.04266e-10
2.39286e-10
2.72562e-10
3.04173e-10
3.34199e-10
3.62714e-10
3.89793e-10
4.15506e-10
4.39921e-10
4.63102e-10
4.85111e-10
5.06008e-10
5.2585e-10
5.4469e-10
5.62579e-10
5.79566e-10
5.95697e-10
6.11017e-10
6.25567e-10
6.39387e-10
6.52514e-10
6.64984e-10
6.76831e-10
6.88086e-10
6.9878e-10
7.08942e-10
7.18598e-10
8.23472e-10
9.35494e-10
1.05422e-09
1.17882e-09
1.30799e-09
1.43989e-09
1.57197e-09
1.70099e-09
1.82301e-09
1.93344e-09
2.02726e-09
2.0994e-09
2.14514e-09
2.16073e-09
2.14388e-09
2.09422e-09
2.01349e-09
1.90546e-09
1.77553e-09
1.63005e-09
1.47569e-09
1.31873e-09
1.16458e-09
1.01749e-09
8.80466e-10
7.55358e-10
6.43013e-10
5.43499e-10
4.56327e-10
3.8064e-10
3.1537e-10
2.59358e-10
2.11434e-10
1.70473e-10
1.35421e-10
1.05313e-10
7.92662e-11
5.64721e-11
3.61704e-11
1.76128e-11
1.43029e-33
4.96415e-14
3.33619e-11
6.50792e-11
9.52603e-11
1.2397e-10
1.51273e-10
1.77231e-10
2.01906e-10
2.25357e-10
2.47643e-10
2.68819e-10
2.88938e-10
3.08052e-10
3.26211e-10
3.43461e-10
3.59849e-10
3.75417e-10
3.90207e-10
4.04258e-10
4.17606e-10
4.30289e-10
4.42339e-10
4.53788e-10
4.64667e-10
4.75006e-10
4.8483e-10
4.94168e-10
5.03042e-10
5.11477e-10
5.19495e-10
5.27117e-10
5.34363e-10
6.13252e-10
6.97964e-10
7.88349e-10
8.84019e-10
9.84287e-10
1.08808e-09
1.19388e-09
1.29964e-09
1.40273e-09
1.49997e-09
1.58769e-09
1.6619e-09
1.71855e-09
1.75391e-09
1.765e-09
1.75003e-09
1.70873e-09
1.6425e-09
1.55434e-09
1.44854e-09
1.33019e-09
1.2046e-09
1.07682e-09
9.512e-10
8.31185e-10
7.19224e-10
6.16834e-10
5.24727e-10
4.42986e-10
3.71231e-10
3.08778e-10
2.54767e-10
2.08256e-10
1.68286e-10
1.33929e-10
1.04306e-10
7.86003e-11
5.60481e-11
3.59222e-11
1.7499e-11
1.56331e-33
3.67409e-14
2.4719e-11
4.82215e-11
7.05892e-11
9.1871e-11
1.12115e-10
1.31368e-10
1.49675e-10
1.67081e-10
1.83628e-10
1.99358e-10
2.14309e-10
2.28519e-10
2.42025e-10
2.54862e-10
2.67061e-10
2.78656e-10
2.89676e-10
3.0015e-10
3.10105e-10
3.19567e-10
3.28561e-10
3.37111e-10
3.45238e-10
3.52964e-10
3.60309e-10
3.67292e-10
3.73932e-10
3.80245e-10
3.86247e-10
3.91956e-10
3.97384e-10
4.56607e-10
5.20477e-10
5.88998e-10
6.62032e-10
7.39252e-10
8.20084e-10
9.0365e-10
9.88705e-10
1.07358e-09
1.15616e-09
1.23388e-09
1.3038e-09
1.36271e-09
1.40738e-09
1.43484e-09
1.44274e-09
1.42964e-09
1.39535e-09
1.34098e-09
1.26894e-09
1.18266e-09
1.08619e-09
9.83817e-10
8.79585e-10
7.77014e-10
6.78892e-10
5.87221e-10
5.03247e-10
4.27568e-10
3.60264e-10
3.01039e-10
2.49345e-10
2.04483e-10
1.65679e-10
1.32143e-10
1.03098e-10
7.77997e-11
5.55373e-11
3.56228e-11
1.73617e-11
1.70634e-33
2.72199e-14
1.83298e-11
3.57589e-11
5.23484e-11
6.81352e-11
8.31555e-11
9.74439e-11
1.11034e-10
1.2396e-10
1.36251e-10
1.47939e-10
1.59053e-10
1.69619e-10
1.79666e-10
1.89218e-10
1.983e-10
2.06934e-10
2.15144e-10
2.22949e-10
2.30371e-10
2.37427e-10
2.44137e-10
2.50517e-10
2.56584e-10
2.62354e-10
2.6784e-10
2.73059e-10
2.78021e-10
2.82741e-10
2.87231e-10
2.91501e-10
2.95563e-10
3.39953e-10
3.87997e-10
4.3977e-10
4.95267e-10
5.54365e-10
6.16789e-10
6.82063e-10
7.49465e-10
8.17977e-10
8.86246e-10
9.52556e-10
1.01484e-09
1.07072e-09
1.11763e-09
1.15298e-09
1.17441e-09
1.18001e-09
1.16866e-09
1.14021e-09
1.09554e-09
1.03659e-09
9.6609e-10
8.87316e-10
8.03697e-10
7.18502e-10
6.34576e-10
5.54186e-10
4.78964e-10
4.09936e-10
3.47598e-10
2.92026e-10
2.42985e-10
2.00031e-10
1.62588e-10
1.30017e-10
1.01655e-10
7.68401e-11
5.49238e-11
3.52626e-11
1.71964e-11
1.85935e-33
2.01841e-14
1.3602e-11
2.65364e-11
3.88491e-11
5.05676e-11
6.17191e-11
7.23294e-11
8.24238e-11
9.20265e-11
1.01161e-10
1.09849e-10
1.18112e-10
1.25971e-10
1.33446e-10
1.40555e-10
1.47316e-10
1.53745e-10
1.59861e-10
1.65677e-10
1.71208e-10
1.76469e-10
1.81473e-10
1.86232e-10
1.90759e-10
1.95066e-10
1.99162e-10
2.03058e-10
2.06765e-10
2.10292e-10
2.13647e-10
2.16838e-10
2.19875e-10
2.53108e-10
2.8918e-10
3.28195e-10
3.70211e-10
4.15215e-10
4.63101e-10
5.13636e-10
5.66428e-10
6.20882e-10
6.76169e-10
7.31186e-10
7.84542e-10
8.34566e-10
8.79341e-10
9.168e-10
9.44862e-10
9.61623e-10
9.6557e-10
9.55799e-10
9.32179e-10
8.95435e-10
8.47108e-10
7.89402e-10
7.24946e-10
6.56505e-10
5.8672e-10
5.179e-10
4.51887e-10
3.90014e-10
3.33122e-10
2.81622e-10
2.35583e-10
1.94811e-10
1.58942e-10
1.27497e-10
9.99371e-11
7.56945e-11
5.41895e-11
3.48306e-11
1.69978e-11
2.022e-33
1.49787e-14
1.01002e-11
1.97052e-11
2.88492e-11
3.7553e-11
4.58368e-11
5.372e-11
6.12213e-11
6.83586e-11
7.51492e-11
8.16096e-11
8.77556e-11
9.36025e-11
9.91646e-11
1.04456e-10
1.09489e-10
1.14277e-10
1.18832e-10
1.23165e-10
1.27288e-10
1.31209e-10
1.3494e-10
1.38489e-10
1.41866e-10
1.45079e-10
1.48136e-10
1.51044e-10
1.53811e-10
1.56445e-10
1.5895e-10
1.61334e-10
1.63603e-10
1.8846e-10
2.15504e-10
2.44843e-10
2.76557e-10
3.1069e-10
3.47226e-10
3.86072e-10
4.27036e-10
4.69791e-10
5.1385e-10
5.58535e-10
6.02947e-10
6.45959e-10
6.86213e-10
7.22163e-10
7.52139e-10
7.74464e-10
7.87604e-10
7.90343e-10
7.81953e-10
7.62328e-10
7.32049e-10
6.92355e-10
6.45021e-10
5.92164e-10
5.36019e-10
4.78726e-10
4.22156e-10
3.67809e-10
3.16774e-10
2.69739e-10
2.27044e-10
1.88741e-10
1.54672e-10
1.24528e-10
9.79034e-11
7.43328e-11
5.33139e-11
3.43143e-11
1.67602e-11
2.19354e-33
1.11229e-14
7.50399e-12
1.46403e-11
2.14346e-11
2.79025e-11
3.40589e-11
3.99185e-11
4.5495e-11
5.08018e-11
5.58517e-11
6.0657e-11
6.52294e-11
6.958e-11
7.37195e-11
7.76583e-11
8.14059e-11
8.49716e-11
8.83644e-11
9.15926e-11
9.46643e-11
9.7587e-11
1.00368e-10
1.03014e-10
1.05533e-10
1.07929e-10
1.10209e-10
1.12379e-10
1.14444e-10
1.16409e-10
1.1828e-10
1.2006e-10
1.21754e-10
1.40331e-10
1.60582e-10
1.82606e-10
2.06488e-10
2.3229e-10
2.60044e-10
2.89734e-10
3.2128e-10
3.54521e-10
3.89188e-10
4.24881e-10
4.61045e-10
4.96947e-10
5.3167e-10
5.64114e-10
5.93024e-10
6.17049e-10
6.34836e-10
6.45144e-10
6.46992e-10
6.39791e-10
6.23454e-10
5.98448e-10
5.6577e-10
5.26851e-10
4.834e-10
4.37227e-10
3.90066e-10
3.43436e-10
2.98561e-10
2.56327e-10
2.17296e-10
1.81743e-10
1.49709e-10
1.21053e-10
9.55094e-11
7.27222e-11
5.22744e-11
3.36997e-11
1.64768e-11
2.37267e-33
8.26366e-15
5.57732e-12
1.08815e-11
1.59318e-11
2.07399e-11
2.53169e-11
2.96736e-11
3.38204e-11
3.77672e-11
4.15236e-11
4.50984e-11
4.85006e-11
5.17382e-11
5.48194e-11
5.77515e-11
6.05418e-11
6.31972e-11
6.57241e-11
6.81289e-11
7.04174e-11
7.25954e-11
7.4668e-11
7.66406e-11
7.85179e-11
8.03046e-11
8.20051e-11
8.36235e-11
8.51639e-11
8.66301e-11
8.80256e-11
8.93539e-11
9.06182e-11
1.04493e-10
1.19643e-10
1.36151e-10
1.54098e-10
1.7355e-10
1.94556e-10
2.1714e-10
2.41285e-10
2.66924e-10
2.93923e-10
3.22059e-10
3.51003e-10
3.803e-10
4.09355e-10
4.37418e-10
4.63596e-10
4.86869e-10
5.06143e-10
5.20321e-10
5.28398e-10
5.2958e-10
5.23389e-10
5.09751e-10
4.89043e-10
4.62066e-10
4.29977e-10
3.94159e-10
3.56077e-10
3.17138e-10
2.78577e-10
2.41391e-10
2.06299e-10
1.7376e-10
1.43991e-10
1.17017e-10
9.27103e-11
7.08286e-11
5.1047e-11
3.29716e-11
1.61404e-11
2.55739e-33
6.14126e-15
4.14626e-12
8.08961e-12
1.18444e-11
1.54192e-11
1.88226e-11
2.20624e-11
2.51465e-11
2.80822e-11
3.08765e-11
3.35362e-11
3.60677e-11
3.84771e-11
4.07704e-11
4.2953e-11
4.50304e-11
4.70075e-11
4.88893e-11
5.06804e-11
5.23851e-11
5.40077e-11
5.5552e-11
5.70219e-11
5.8421e-11
5.97528e-11
6.10204e-11
6.2227e-11
6.33756e-11
6.44689e-11
6.55096e-11
6.65003e-11
6.74434e-11
7.77996e-11
8.91218e-11
1.0148e-10
1.14943e-10
1.29573e-10
1.45424e-10
1.62535e-10
1.80921e-10
2.00568e-10
2.21419e-10
2.43361e-10
2.6621e-10
2.89698e-10
3.1345e-10
3.3698e-10
3.59676e-10
3.80811e-10
3.99555e-10
4.1502e-10
4.26314e-10
4.32622e-10
4.33298e-10
4.27953e-10
4.16525e-10
3.99316e-10
3.76972e-10
3.50428e-10
3.20803e-10
2.89287e-10
2.57021e-10
2.25009e-10
1.9406e-10
1.64759e-10
1.37474e-10
1.12373e-10
8.94633e-11
6.86176e-11
4.96063e-11
3.21138e-11
1.5743e-11
2.74483e-33
4.5643e-15
3.08243e-12
6.01408e-12
8.80562e-12
1.14636e-11
1.39942e-11
1.64034e-11
1.86969e-11
2.08803e-11
2.29588e-11
2.49373e-11
2.68207e-11
2.86135e-11
3.03199e-11
3.19443e-11
3.34905e-11
3.49623e-11
3.63633e-11
3.76968e-11
3.89662e-11
4.01745e-11
4.13248e-11
4.24197e-11
4.34619e-11
4.44541e-11
4.53986e-11
4.62978e-11
4.71537e-11
4.79685e-11
4.87443e-11
4.94828e-11
5.01858e-11
5.79102e-11
6.63641e-11
7.56044e-11
8.56875e-11
9.66682e-11
1.08597e-10
1.21516e-10
1.35456e-10
1.50429e-10
1.6642e-10
1.83382e-10
2.0122e-10
2.19783e-10
2.38849e-10
2.58112e-10
2.77172e-10
2.95531e-10
3.12595e-10
3.27688e-10
3.40087e-10
3.49065e-10
3.5396e-10
3.54244e-10
3.49601e-10
3.39976e-10
3.25611e-10
3.07029e-10
2.84985e-10
2.60387e-10
2.34198e-10
2.07345e-10
1.80643e-10
1.54748e-10
1.30131e-10
1.07084e-10
8.57307e-11
6.60566e-11
4.79274e-11
3.11095e-11
1.52765e-11
2.93107e-33
3.39158e-15
2.29098e-12
4.46992e-12
6.54479e-12
8.52046e-12
1.04016e-11
1.21926e-11
1.38977e-11
1.55211e-11
1.70665e-11
1.85378e-11
1.99384e-11
2.12718e-11
2.25411e-11
2.37495e-11
2.48998e-11
2.59948e-11
2.70373e-11
2.80297e-11
2.89744e-11
2.98738e-11
3.07299e-11
3.1545e-11
3.2321e-11
3.30597e-11
3.3763e-11
3.44325e-11
3.507e-11
3.56768e-11
3.62546e-11
3.68047e-11
3.73284e-11
4.30849e-11
4.93907e-11
5.62906e-11
6.38304e-11
7.20558e-11
8.10108e-11
9.07359e-11
1.01265e-10
1.12621e-10
1.24813e-10
1.37828e-10
1.51625e-10
1.66126e-10
1.81206e-10
1.96681e-10
2.123e-10
2.27735e-10
2.4258e-10
2.56348e-10
2.68487e-10
2.78408e-10
2.85517e-10
2.89274e-10
2.89248e-10
2.8518e-10
2.77021e-10
2.64966e-10
2.49436e-10
2.31042e-10
2.10519e-10
1.88648e-10
1.66182e-10
1.4378e-10
1.2197e-10
1.01131e-10
8.14851e-11
6.31176e-11
4.5987e-11
2.99427e-11
1.47326e-11
3.11093e-33
2.51878e-15
1.70173e-12
3.32027e-12
4.86154e-12
6.32917e-12
7.72661e-12
9.05719e-12
1.0324e-11
1.15302e-11
1.26786e-11
1.37719e-11
1.48128e-11
1.58038e-11
1.67473e-11
1.76455e-11
1.85006e-11
1.93147e-11
2.00898e-11
2.08277e-11
2.15302e-11
2.2199e-11
2.28358e-11
2.3442e-11
2.40192e-11
2.45687e-11
2.50919e-11
2.559e-11
2.60643e-11
2.65158e-11
2.69458e-11
2.73551e-11
2.77449e-11
3.20302e-11
3.67278e-11
4.18728e-11
4.75013e-11
5.36504e-11
6.0357e-11
6.76564e-11
7.5581e-11
8.41575e-11
9.34044e-11
1.03327e-10
1.13915e-10
1.25133e-10
1.36915e-10
1.49158e-10
1.6171e-10
1.74365e-10
1.86854e-10
1.98842e-10
2.09933e-10
2.19674e-10
2.27584e-10
2.33177e-10
2.36011e-10
2.35733e-10
2.3213e-10
2.25159e-10
2.14975e-10
2.01917e-10
1.86479e-10
1.69257e-10
1.50883e-10
1.31966e-10
1.13038e-10
9.45219e-11
7.67142e-11
5.97812e-11
4.3766e-11
2.85988e-11
1.41036e-11
3.27789e-33
1.86875e-15
1.26275e-12
2.46378e-12
3.6075e-12
4.6966e-12
5.73366e-12
6.72114e-12
7.66138e-12
8.55662e-12
9.40901e-12
1.02206e-11
1.09933e-11
1.1729e-11
1.24294e-11
1.30964e-11
1.37313e-11
1.43358e-11
1.49114e-11
1.54594e-11
1.59812e-11
1.64779e-11
1.69509e-11
1.74013e-11
1.783e-11
1.82383e-11
1.8627e-11
1.89971e-11
1.93495e-11
1.9685e-11
2.00045e-11
2.03087e-11
2.05983e-11
2.3784e-11
2.72782e-11
3.1108e-11
3.53016e-11
3.98886e-11
4.48987e-11
5.03616e-11
5.63058e-11
6.27571e-11
6.97366e-11
7.72585e-11
8.53269e-11
9.39312e-11
1.03042e-10
1.12604e-10
1.22532e-10
1.32699e-10
1.42937e-10
1.53024e-10
1.62686e-10
1.71595e-10
1.79383e-10
1.85653e-10
1.9001e-10
1.92089e-10
1.91601e-10
1.88368e-10
1.82355e-10
1.73682e-10
1.62623e-10
1.49577e-10
1.35024e-10
1.19477e-10
1.03426e-10
8.72975e-11
7.14268e-11
5.60404e-11
4.12523e-11
2.70669e-11
1.33834e-11
3.42395e-33
1.38432e-15
9.35528e-13
1.82534e-12
2.67271e-12
3.47963e-12
4.24802e-12
4.97969e-12
5.67639e-12
6.33978e-12
6.97144e-12
7.57288e-12
8.14555e-12
8.69081e-12
9.20998e-12
9.70431e-12
1.0175e-11
1.06231e-11
1.10498e-11
1.14561e-11
1.18429e-11
1.22113e-11
1.2562e-11
1.28959e-11
1.32139e-11
1.35166e-11
1.38049e-11
1.40794e-11
1.43407e-11
1.45896e-11
1.48266e-11
1.50522e-11
1.52671e-11
1.76307e-11
2.02246e-11
2.30692e-11
2.61866e-11
2.95996e-11
3.33319e-11
3.74076e-11
4.18506e-11
4.66836e-11
5.19272e-11
5.7598e-11
6.3707e-11
7.02564e-11
7.72369e-11
8.46231e-11
9.23691e-11
1.00403e-10
1.08621e-10
1.16884e-10
1.25007e-10
1.32767e-10
1.39893e-10
1.46084e-10
1.51013e-10
1.54355e-10
1.55811e-10
1.55143e-10
1.52201e-10
1.46955e-10
1.39499e-10
1.30053e-10
1.18938e-10
1.06541e-10
9.32761e-11
7.95351e-11
6.5658e-11
5.19053e-11
3.84437e-11
2.53413e-11
1.25677e-11
3.53973e-33
1.02312e-15
6.91502e-13
1.34922e-12
1.97557e-12
2.57204e-12
3.14003e-12
3.6809e-12
4.19594e-12
4.68636e-12
5.15335e-12
5.59802e-12
6.02142e-12
6.42458e-12
6.80847e-12
7.174e-12
7.52205e-12
7.85346e-12
8.16902e-12
8.46949e-12
8.7556e-12
9.02803e-12
9.28743e-12
9.53444e-12
9.76963e-12
9.99359e-12
1.02068e-11
1.04099e-11
1.06033e-11
1.07874e-11
1.09627e-11
1.11297e-11
1.12887e-11
1.30379e-11
1.49582e-11
1.70653e-11
1.93759e-11
2.19075e-11
2.46788e-11
2.77086e-11
3.10165e-11
3.46215e-11
3.85418e-11
4.27936e-11
4.739e-11
5.23392e-11
5.76423e-11
6.32906e-11
6.92624e-11
7.55192e-11
8.20008e-11
8.86212e-11
9.52641e-11
1.01779e-10
1.07979e-10
1.13644e-10
1.18523e-10
1.22349e-10
1.24854e-10
1.25792e-10
1.24965e-10
1.22249e-10
1.17614e-10
1.11135e-10
1.02989e-10
9.34314e-11
8.27757e-11
7.13518e-11
5.94734e-11
4.74073e-11
3.53517e-11
2.34239e-11
1.16559e-11
3.6147e-33
7.53699e-16
5.09447e-13
9.94006e-13
1.45546e-12
1.89491e-12
2.31339e-12
2.7119e-12
3.09137e-12
3.45273e-12
3.79683e-12
4.12448e-12
4.43649e-12
4.73359e-12
5.01649e-12
5.28587e-12
5.54238e-12
5.78663e-12
6.01921e-12
6.24068e-12
6.45157e-12
6.65238e-12
6.84359e-12
7.02568e-12
7.19906e-12
7.36416e-12
7.52138e-12
7.67109e-12
7.81365e-12
7.9494e-12
8.07867e-12
8.20177e-12
8.31899e-12
9.60897e-12
1.10256e-11
1.25806e-11
1.42867e-11
1.61572e-11
1.82064e-11
2.0449e-11
2.29005e-11
2.55762e-11
2.84914e-11
3.16605e-11
3.50962e-11
3.88087e-11
4.28038e-11
4.70819e-11
5.16349e-11
5.64441e-11
6.14767e-11
6.66825e-11
7.19897e-11
7.73017e-11
8.24938e-11
8.7412e-11
9.18737e-11
9.56729e-11
9.85886e-11
1.004e-10
1.00902e-10
9.99332e-11
9.73879e-11
9.32395e-11
8.75459e-11
8.04467e-11
7.21487e-11
6.29019e-11
5.29701e-11
4.26016e-11
3.20039e-11
2.13264e-11
1.06516e-11
3.63767e-33
5.52656e-16
3.73582e-13
7.28916e-13
1.06731e-12
1.38957e-12
1.69646e-12
1.98871e-12
2.267e-12
2.53202e-12
2.78438e-12
3.02469e-12
3.25353e-12
3.47144e-12
3.67894e-12
3.87654e-12
4.06469e-12
4.24386e-12
4.41447e-12
4.57694e-12
4.73165e-12
4.87897e-12
5.01925e-12
5.15284e-12
5.28005e-12
5.40118e-12
5.51653e-12
5.62638e-12
5.73098e-12
5.83059e-12
5.92545e-12
6.01578e-12
6.1018e-12
7.04852e-12
8.08846e-12
9.23039e-12
1.04837e-11
1.18586e-11
1.33658e-11
1.50167e-11
1.6823e-11
1.87971e-11
2.09511e-11
2.32972e-11
2.58465e-11
2.86091e-11
3.15926e-11
3.48011e-11
3.82341e-11
4.18842e-11
4.5735e-11
4.97588e-11
5.39131e-11
5.8138e-11
6.23529e-11
6.64545e-11
7.0315e-11
7.37834e-11
7.66893e-11
7.88503e-11
8.00832e-11
8.02199e-11
7.91239e-11
7.67081e-11
7.29479e-11
6.7888e-11
6.16395e-11
5.43682e-11
4.62741e-11
3.75678e-11
2.84459e-11
1.90718e-11
9.56396e-12
3.59745e-33
4.02584e-16
2.72152e-13
5.31012e-13
7.77534e-13
1.0123e-12
1.23588e-12
1.44879e-12
1.65154e-12
1.84462e-12
2.02848e-12
2.20357e-12
2.3703e-12
2.52907e-12
2.68027e-12
2.82424e-12
2.96135e-12
3.09191e-12
3.21623e-12
3.33462e-12
3.44736e-12
3.55472e-12
3.65696e-12
3.75431e-12
3.84702e-12
3.9353e-12
4.01938e-12
4.09944e-12
4.17568e-12
4.24828e-12
4.31742e-12
4.38326e-12
4.44596e-12
5.13609e-12
5.89434e-12
6.72718e-12
7.64159e-12
8.6451e-12
9.74576e-12
1.09521e-11
1.22732e-11
1.37184e-11
1.52973e-11
1.70196e-11
1.88947e-11
2.09313e-11
2.3137e-11
2.55175e-11
2.80754e-11
3.08096e-11
3.3713e-11
3.67715e-11
3.99611e-11
4.3246e-11
4.6576e-11
4.98837e-11
5.30831e-11
5.60681e-11
5.87137e-11
6.08788e-11
6.24126e-11
6.31636e-11
6.29926e-11
6.17865e-11
5.94725e-11
5.6029e-11
5.14908e-11
4.59473e-11
3.95321e-11
3.24065e-11
2.47407e-11
1.66949e-11
8.40786e-12
3.48385e-33
2.90485e-16
1.9638e-13
3.8317e-13
5.61058e-13
7.30467e-13
8.91799e-13
1.04544e-12
1.19175e-12
1.33108e-12
1.46376e-12
1.59012e-12
1.71044e-12
1.82503e-12
1.93414e-12
2.03805e-12
2.137e-12
2.23123e-12
2.32096e-12
2.40641e-12
2.48778e-12
2.56527e-12
2.63907e-12
2.70934e-12
2.77626e-12
2.83998e-12
2.90067e-12
2.95846e-12
3.0135e-12
3.06591e-12
3.11582e-12
3.16335e-12
3.20861e-12
3.70686e-12
4.25439e-12
4.85591e-12
5.51652e-12
6.24176e-12
7.03754e-12
7.91021e-12
8.86649e-12
9.91346e-12
1.10585e-11
1.2309e-11
1.36725e-11
1.51563e-11
1.6767e-11
1.85101e-11
2.03898e-11
2.24075e-11
2.45614e-11
2.68449e-11
2.92456e-11
3.17428e-11
3.43061e-11
3.68932e-11
3.94478e-11
4.18982e-11
4.41565e-11
4.61189e-11
4.76689e-11
4.86819e-11
4.90333e-11
4.86082e-11
4.73138e-11
4.50902e-11
4.19198e-11
3.78315e-11
3.28988e-11
2.72319e-11
2.09646e-11
1.42406e-11
7.20363e-12
3.28849e-33
2.06614e-16
1.39685e-13
2.72549e-13
3.99081e-13
5.19584e-13
6.34342e-13
7.43628e-13
8.47704e-13
9.46815e-13
1.0412e-12
1.13108e-12
1.21668e-12
1.29819e-12
1.37581e-12
1.44973e-12
1.52013e-12
1.58716e-12
1.651e-12
1.7118e-12
1.76969e-12
1.82482e-12
1.87732e-12
1.92732e-12
1.97493e-12
2.02027e-12
2.06345e-12
2.10457e-12
2.14373e-12
2.18102e-12
2.21653e-12
2.25035e-12
2.28256e-12
2.63712e-12
3.02679e-12
3.45497e-12
3.92531e-12
4.44181e-12
5.00874e-12
5.63071e-12
6.31264e-12
7.05972e-12
7.87741e-12
8.77134e-12
9.74724e-12
1.08108e-11
1.19674e-11
1.3222e-11
1.45786e-11
1.60397e-11
1.7606e-11
1.92752e-11
2.10411e-11
2.28924e-11
2.48116e-11
2.67727e-11
2.87402e-11
3.0667e-11
3.24935e-11
3.41469e-11
3.55419e-11
3.65825e-11
3.71668e-11
3.7193e-11
3.65682e-11
3.52175e-11
3.3094e-11
3.01857e-11
2.65193e-11
2.21589e-11
1.71998e-11
1.17603e-11
5.97531e-12
3.00535e-33
1.43604e-16
9.70886e-14
1.89436e-13
2.77384e-13
3.6114e-13
4.40905e-13
5.16867e-13
5.89207e-13
6.58098e-13
7.23704e-13
7.86182e-13
8.45679e-13
9.0234e-13
9.56298e-13
1.00768e-12
1.05662e-12
1.10322e-12
1.14759e-12
1.18985e-12
1.2301e-12
1.26842e-12
1.30492e-12
1.33968e-12
1.37278e-12
1.4043e-12
1.43432e-12
1.46291e-12
1.49013e-12
1.51606e-12
1.54075e-12
1.56426e-12
1.58665e-12
1.83317e-12
2.10414e-12
2.40191e-12
2.72908e-12
3.08842e-12
3.48296e-12
3.91595e-12
4.39087e-12
4.91143e-12
5.48156e-12
6.10533e-12
6.78695e-12
7.53066e-12
8.34063e-12
9.22076e-12
1.01745e-11
1.12045e-11
1.23122e-11
1.34975e-11
1.47577e-11
1.6087e-11
1.74755e-11
1.89081e-11
2.03627e-11
2.18098e-11
2.32103e-11
2.45153e-11
2.56653e-11
2.65908e-11
2.72144e-11
2.74544e-11
2.72297e-11
2.64675e-11
2.51107e-11
2.31256e-11
2.05083e-11
1.72871e-11
1.35225e-11
9.30401e-12
4.74741e-12
2.63031e-33
9.57776e-17
6.47554e-14
1.26349e-13
1.85007e-13
2.40871e-13
2.94073e-13
3.44738e-13
3.92988e-13
4.38938e-13
4.82698e-13
5.2437e-13
5.64056e-13
6.01849e-13
6.3784e-13
6.72115e-13
7.04755e-13
7.35839e-13
7.65441e-13
7.93631e-13
8.20477e-13
8.46042e-13
8.70389e-13
8.93575e-13
9.15655e-13
9.36683e-13
9.56708e-13
9.75778e-13
9.93939e-13
1.01123e-12
1.02771e-12
1.04339e-12
1.05833e-12
1.22279e-12
1.40358e-12
1.60228e-12
1.82061e-12
2.06046e-12
2.32386e-12
2.613e-12
2.93024e-12
3.27811e-12
3.65928e-12
4.07657e-12
4.53289e-12
5.03124e-12
5.57457e-12
6.16578e-12
6.80749e-12
7.50193e-12
8.25065e-12
9.05422e-12
9.91182e-12
1.08207e-11
1.17756e-11
1.27679e-11
1.37846e-11
1.48079e-11
1.58135e-11
1.67699e-11
1.76382e-11
1.83711e-11
1.89144e-11
1.92079e-11
1.9189e-11
1.8797e-11
1.79788e-11
1.66952e-11
1.4927e-11
1.268e-11
9.98737e-12
6.91047e-12
3.53968e-12
2.15886e-33
5.85819e-17
3.96079e-14
7.72818e-14
1.13161e-13
1.4733e-13
1.79872e-13
2.10862e-13
2.40375e-13
2.68481e-13
2.95247e-13
3.20738e-13
3.45013e-13
3.6813e-13
3.90145e-13
4.11111e-13
4.31077e-13
4.50091e-13
4.68198e-13
4.85442e-13
5.01864e-13
5.17503e-13
5.32396e-13
5.4658e-13
5.60087e-13
5.7295e-13
5.852e-13
5.96866e-13
6.07976e-13
6.18556e-13
6.28632e-13
6.38228e-13
6.47366e-13
7.4798e-13
8.58586e-13
9.8016e-13
1.11376e-12
1.26055e-12
1.42176e-12
1.59877e-12
1.79303e-12
2.0061e-12
2.23965e-12
2.49544e-12
2.77531e-12
3.08115e-12
3.41486e-12
3.77834e-12
4.17333e-12
4.60142e-12
5.06379e-12
5.56115e-12
6.09338e-12
6.65935e-12
7.25643e-12
7.88008e-12
8.52331e-12
9.17599e-12
9.82421e-12
1.04496e-11
1.10288e-11
1.15328e-11
1.19274e-11
1.21738e-11
1.22296e-11
1.2052e-11
1.1601e-11
1.08435e-11
9.75859e-12
8.34148e-12
6.60719e-12
4.59285e-12
2.36004e-12
1.5807e-33
2.80317e-17
1.89527e-14
3.698e-14
5.41485e-14
7.0499e-14
8.60703e-14
1.009e-13
1.15022e-13
1.28471e-13
1.41279e-13
1.53477e-13
1.65093e-13
1.76155e-13
1.8669e-13
1.96723e-13
2.06277e-13
2.15376e-13
2.24041e-13
2.32293e-13
2.40151e-13
2.47635e-13
2.54762e-13
2.61549e-13
2.68013e-13
2.74169e-13
2.80031e-13
2.85614e-13
2.9093e-13
2.95993e-13
3.00815e-13
3.05407e-13
3.09781e-13
3.57931e-13
4.10865e-13
4.69051e-13
5.32997e-13
6.03258e-13
6.80436e-13
7.65183e-13
8.58202e-13
9.60247e-13
1.07213e-12
1.19469e-12
1.32884e-12
1.47549e-12
1.63559e-12
1.81008e-12
1.99984e-12
2.20569e-12
2.42828e-12
2.66804e-12
2.92505e-12
3.19893e-12
3.48861e-12
3.79216e-12
4.1065e-12
4.42709e-12
4.74759e-12
5.05949e-12
5.35178e-12
5.61072e-12
5.81969e-12
5.95943e-12
6.0086e-12
5.94488e-12
5.74662e-12
5.395e-12
4.87665e-12
4.18618e-12
3.3286e-12
2.32119e-12
1.19537e-12
8.69728e-34
8.28245e-42
1.09048e-40
3.58659e-40
7.20625e-40
1.15789e-39
1.64087e-39
2.14616e-39
2.6555e-39
3.15486e-39
3.63369e-39
4.08431e-39
4.50133e-39
4.88123e-39
5.22198e-39
5.52276e-39
5.78364e-39
6.00543e-39
6.18947e-39
6.33749e-39
6.45149e-39
6.53368e-39
6.58634e-39
6.61182e-39
6.61247e-39
6.59057e-39
6.54838e-39
6.48804e-39
6.41158e-39
6.32096e-39
6.21797e-39
6.10431e-39
4.04276e-38
9.58161e-38
1.38818e-37
1.9896e-37
2.82567e-37
3.98191e-37
5.57367e-37
7.75627e-37
1.07384e-36
1.48e-36
2.03157e-36
2.7786e-36
3.78781e-36
5.14796e-36
6.97678e-36
9.42999e-36
1.27129e-35
1.70953e-35
2.29295e-35
3.06739e-35
4.09203e-35
5.44264e-35
7.21531e-35
9.53029e-35
1.25356e-34
1.64098e-34
2.13619e-34
2.76274e-34
3.54566e-34
4.50909e-34
5.67229e-34
7.04321e-34
8.60927e-34
1.03246e-33
1.20941e-33
1.37544e-33
1.50539e-33
1.56344e-33
1.50187e-33
1.26117e-33
7.73018e-34
3.02356e-34
