-3.75166e-41
-4.93947e-40
-1.6246e-39
-3.26418e-39
-5.24485e-39
-7.43257e-39
-9.72134e-39
-1.20284e-38
-1.42904e-38
-1.64593e-38
-1.85004e-38
-2.03893e-38
-2.21101e-38
-2.36536e-38
-2.5016e-38
-2.61977e-38
-2.72023e-38
-2.80359e-38
-2.87063e-38
-2.92227e-38
-2.95949e-38
-2.98334e-38
-2.99489e-38
-2.99518e-38
-2.98526e-38
-2.96614e-38
-2.93881e-38
-2.90418e-38
-2.86312e-38
-2.81647e-38
-2.76499e-38
-1.83119e-37
-4.34003e-37
-6.28776e-37
-9.01181e-37
-1.27986e-36
-1.80354e-36
-2.52446e-36
-3.51293e-36
-4.86344e-36
-6.7027e-36
-9.20028e-36
-1.25827e-35
-1.71517e-35
-2.33088e-35
-3.15862e-35
-4.26877e-35
-5.75408e-35
-7.73625e-35
-1.03743e-34
-1.38747e-34
-1.85037e-34
-2.4602e-34
-3.26005e-34
-4.30373e-34
-5.65734e-34
-7.40024e-34
-9.62499e-34
-1.24352e-33
-1.59401e-33
-2.02434e-33
-2.54255e-33
-3.15146e-33
-3.8446e-33
-4.60074e-33
-5.37691e-33
-6.10051e-33
-6.66091e-33
-6.90183e-33
-6.6162e-33
-5.54634e-33
-3.39566e-33
-4.90353e-34
2.84835e-17
1.92582e-14
3.75761e-14
5.50213e-14
7.16354e-14
8.74577e-14
1.02526e-13
1.16876e-13
1.30542e-13
1.43557e-13
1.55951e-13
1.67754e-13
1.78995e-13
1.89699e-13
1.99894e-13
2.09602e-13
2.18847e-13
2.27652e-13
2.36037e-13
2.44022e-13
2.51626e-13
2.58868e-13
2.65765e-13
2.72333e-13
2.78588e-13
2.84544e-13
2.90217e-13
2.95619e-13
3.00764e-13
3.05664e-13
3.1033e-13
3.14773e-13
3.63699e-13
4.17486e-13
4.76609e-13
5.41585e-13
6.12977e-13
6.91397e-13
7.77506e-13
8.7202e-13
9.75704e-13
1.08938e-12
1.21391e-12
1.3502e-12
1.49919e-12
1.66185e-12
1.83911e-12
2.03187e-12
2.24097e-12
2.46705e-12
2.71054e-12
2.97153e-12
3.2496e-12
3.54367e-12
3.85174e-12
4.17067e-12
4.49581e-12
4.82071e-12
5.13669e-12
5.43254e-12
5.69429e-12
5.90505e-12
6.0453e-12
6.09342e-12
6.02687e-12
5.82382e-12
5.46544e-12
4.93841e-12
4.23757e-12
3.36826e-12
2.34812e-12
1.20898e-12
-3.58899e-33
5.95524e-17
4.02641e-14
7.8562e-14
1.15035e-13
1.49771e-13
1.82851e-13
2.14355e-13
2.44357e-13
2.72929e-13
3.00138e-13
3.26051e-13
3.50728e-13
3.74228e-13
3.96608e-13
4.17921e-13
4.38218e-13
4.57546e-13
4.75954e-13
4.93483e-13
5.10177e-13
5.26075e-13
5.41215e-13
5.55633e-13
5.69364e-13
5.8244e-13
5.94893e-13
6.06752e-13
6.18046e-13
6.28802e-13
6.39044e-13
6.48799e-13
6.58089e-13
7.60368e-13
8.72805e-13
9.96391e-13
1.1322e-12
1.28141e-12
1.4453e-12
1.62523e-12
1.82269e-12
2.03928e-12
2.27668e-12
2.53667e-12
2.82114e-12
3.13198e-12
3.47115e-12
3.84054e-12
4.24195e-12
4.67694e-12
5.14673e-12
5.652e-12
6.19263e-12
6.76741e-12
7.37366e-12
8.00671e-12
8.65939e-12
9.32136e-12
9.97843e-12
1.06119e-11
1.11978e-11
1.17069e-11
1.21043e-11
1.23506e-11
1.24031e-11
1.22185e-11
1.17566e-11
1.09843e-11
9.88107e-12
8.44261e-12
6.68466e-12
4.64517e-12
2.38637e-12
-6.52775e-33
9.74294e-17
6.58721e-14
1.28527e-13
1.88198e-13
2.45025e-13
2.99144e-13
3.50683e-13
3.99765e-13
4.46508e-13
4.91021e-13
5.33413e-13
5.73782e-13
6.12227e-13
6.48839e-13
6.83705e-13
7.16908e-13
7.48527e-13
7.78639e-13
8.07315e-13
8.34624e-13
8.6063e-13
8.85397e-13
9.08982e-13
9.31443e-13
9.52833e-13
9.73203e-13
9.92602e-13
1.01108e-12
1.02867e-12
1.04542e-12
1.06138e-12
1.07658e-12
1.24387e-12
1.42778e-12
1.6299e-12
1.85199e-12
2.09597e-12
2.36389e-12
2.658e-12
2.98069e-12
3.33452e-12
3.72222e-12
4.14664e-12
4.61075e-12
5.11757e-12
5.67011e-12
6.2713e-12
6.92379e-12
7.62982e-12
8.39094e-12
9.2077e-12
1.00792e-11
1.10026e-11
1.19725e-11
1.29799e-11
1.40118e-11
1.50496e-11
1.60687e-11
1.7037e-11
1.79147e-11
1.86539e-11
1.91993e-11
1.94901e-11
1.94632e-11
1.90572e-11
1.82192e-11
1.69101e-11
1.51117e-11
1.28308e-11
1.01017e-11
6.98701e-12
3.57798e-12
-8.9252e-33
1.4621e-16
9.88504e-14
1.92874e-13
2.82417e-13
3.67693e-13
4.48905e-13
5.26245e-13
5.99898e-13
6.70039e-13
7.36836e-13
8.00447e-13
8.61024e-13
9.18712e-13
9.73649e-13
1.02597e-12
1.07579e-12
1.12323e-12
1.16841e-12
1.21144e-12
1.25242e-12
1.29144e-12
1.3286e-12
1.36398e-12
1.39768e-12
1.42978e-12
1.46034e-12
1.48945e-12
1.51716e-12
1.54356e-12
1.5687e-12
1.59264e-12
1.61544e-12
1.86642e-12
2.1423e-12
2.44547e-12
2.77856e-12
3.1444e-12
3.54607e-12
3.98688e-12
4.47037e-12
5.00032e-12
5.58069e-12
6.21565e-12
6.90947e-12
7.66645e-12
8.4908e-12
9.38648e-12
1.0357e-11
1.14049e-11
1.25317e-11
1.37372e-11
1.50185e-11
1.63697e-11
1.77805e-11
1.92353e-11
2.07116e-11
2.21791e-11
2.35979e-11
2.49179e-11
2.60787e-11
2.70095e-11
2.76318e-11
2.7863e-11
2.76214e-11
2.68341e-11
2.54443e-11
2.34195e-11
2.07571e-11
1.74873e-11
1.36724e-11
9.40337e-12
4.79677e-12
-1.08888e-32
2.10658e-16
1.42419e-13
2.77883e-13
4.06892e-13
5.29752e-13
6.46756e-13
7.58181e-13
8.64293e-13
9.65345e-13
1.06158e-12
1.15322e-12
1.24049e-12
1.32359e-12
1.40274e-12
1.4781e-12
1.54987e-12
1.61822e-12
1.68331e-12
1.74529e-12
1.80431e-12
1.86052e-12
1.91405e-12
1.96503e-12
2.01357e-12
2.0598e-12
2.10382e-12
2.14575e-12
2.18567e-12
2.22369e-12
2.2599e-12
2.29438e-12
2.32721e-12
2.6887e-12
3.08599e-12
3.52252e-12
4.00205e-12
4.52861e-12
5.10659e-12
5.74066e-12
6.43582e-12
7.19738e-12
8.03087e-12
8.94203e-12
9.93666e-12
1.10205e-11
1.21991e-11
1.34774e-11
1.48593e-11
1.63474e-11
1.79422e-11
1.96413e-11
2.14381e-11
2.33211e-11
2.52719e-11
2.72639e-11
2.92606e-11
3.12136e-11
3.30621e-11
3.47317e-11
3.61354e-11
3.71759e-11
3.77501e-11
3.77553e-11
3.70983e-11
3.5705e-11
3.35299e-11
3.05628e-11
2.68332e-11
2.24074e-11
1.73832e-11
1.18805e-11
6.03456e-12
-1.24595e-32
2.96189e-16
2.00236e-13
3.90693e-13
5.72074e-13
7.44809e-13
9.09308e-13
1.06596e-12
1.21515e-12
1.35721e-12
1.4925e-12
1.62134e-12
1.74402e-12
1.86085e-12
1.97211e-12
2.07806e-12
2.17895e-12
2.27503e-12
2.36652e-12
2.45365e-12
2.53662e-12
2.61563e-12
2.69087e-12
2.76252e-12
2.83075e-12
2.89573e-12
2.95761e-12
3.01653e-12
3.07265e-12
3.12609e-12
3.17697e-12
3.22544e-12
3.27159e-12
3.77961e-12
4.33787e-12
4.95117e-12
5.62472e-12
6.36415e-12
7.17548e-12
8.06519e-12
9.04012e-12
1.01075e-11
1.12747e-11
1.25494e-11
1.39392e-11
1.54515e-11
1.7093e-11
1.88692e-11
2.07842e-11
2.28395e-11
2.50329e-11
2.73578e-11
2.98009e-11
3.23411e-11
3.4947e-11
3.75751e-11
4.01676e-11
4.26509e-11
4.49352e-11
4.69145e-11
4.84701e-11
4.94755e-11
4.98046e-11
4.93422e-11
4.79958e-11
4.57074e-11
4.24622e-11
3.82926e-11
3.32758e-11
2.75255e-11
2.11782e-11
1.4379e-11
7.27126e-12
-1.36538e-32
4.05472e-16
2.74106e-13
5.34825e-13
7.83118e-13
1.01957e-12
1.24475e-12
1.45919e-12
1.6634e-12
1.85787e-12
2.04305e-12
2.2194e-12
2.38733e-12
2.54725e-12
2.69953e-12
2.84454e-12
2.98263e-12
3.11413e-12
3.23936e-12
3.3586e-12
3.47215e-12
3.58029e-12
3.68326e-12
3.78132e-12
3.8747e-12
3.96362e-12
4.0483e-12
4.12894e-12
4.20573e-12
4.27885e-12
4.34849e-12
4.41481e-12
4.47796e-12
5.17309e-12
5.93686e-12
6.77577e-12
7.69689e-12
8.7078e-12
9.81663e-12
1.1032e-11
1.23631e-11
1.38194e-11
1.54106e-11
1.71466e-11
1.90369e-11
2.10905e-11
2.33152e-11
2.5717e-11
2.82988e-11
3.10597e-11
3.39932e-11
3.70853e-11
4.03125e-11
4.36392e-11
4.7015e-11
5.03724e-11
5.36243e-11
5.66634e-11
5.93621e-11
6.15762e-11
6.31506e-11
6.39293e-11
6.37686e-11
6.25517e-11
6.02041e-11
5.67049e-11
5.20925e-11
4.64617e-11
3.99526e-11
3.27326e-11
2.49763e-11
1.68463e-11
8.4815e-12
-1.4485e-32
5.31004e-16
3.58957e-13
7.00381e-13
1.02553e-12
1.33518e-12
1.63006e-12
1.91087e-12
2.17829e-12
2.43294e-12
2.67543e-12
2.90636e-12
3.12625e-12
3.33565e-12
3.53505e-12
3.72493e-12
3.90575e-12
4.07793e-12
4.24189e-12
4.39802e-12
4.5467e-12
4.68828e-12
4.8231e-12
4.95148e-12
5.07374e-12
5.19016e-12
5.30102e-12
5.4066e-12
5.50713e-12
5.60287e-12
5.69404e-12
5.78086e-12
5.86354e-12
6.77352e-12
7.77323e-12
8.87115e-12
1.00764e-11
1.13989e-11
1.2849e-11
1.4438e-11
1.61774e-11
1.80793e-11
2.0156e-11
2.24198e-11
2.48822e-11
2.7554e-11
3.04438e-11
3.35574e-11
3.68963e-11
4.04562e-11
4.42244e-11
4.8178e-11
5.22801e-11
5.64773e-11
6.06959e-11
6.48393e-11
6.87853e-11
7.23866e-11
7.54725e-11
7.78552e-11
7.93407e-11
7.97439e-11
7.89078e-11
7.67234e-11
7.31473e-11
6.82123e-11
6.20272e-11
5.47639e-11
4.66357e-11
3.78682e-11
2.86722e-11
1.92205e-11
9.63709e-12
-1.49707e-32
6.50511e-16
4.39735e-13
8.57992e-13
1.25631e-12
1.63564e-12
1.99688e-12
2.34088e-12
2.66846e-12
2.98041e-12
3.27747e-12
3.56034e-12
3.82971e-12
4.08622e-12
4.33048e-12
4.56308e-12
4.78456e-12
4.99547e-12
5.19631e-12
5.38756e-12
5.56968e-12
5.7431e-12
5.90825e-12
6.0655e-12
6.21525e-12
6.35785e-12
6.49365e-12
6.62296e-12
6.7461e-12
6.86337e-12
6.97504e-12
7.08138e-12
7.18264e-12
8.29719e-12
9.52155e-12
1.08661e-11
1.23419e-11
1.39611e-11
1.57362e-11
1.76809e-11
1.98092e-11
2.21357e-11
2.46751e-11
2.74418e-11
3.04496e-11
3.37108e-11
3.72349e-11
4.10279e-11
4.50898e-11
4.9413e-11
5.39796e-11
5.87579e-11
6.36987e-11
6.87317e-11
7.37612e-11
7.86628e-11
8.32809e-11
8.74295e-11
9.0896e-11
9.34501e-11
9.4859e-11
9.49078e-11
9.34249e-11
9.03072e-11
8.55405e-11
7.92099e-11
7.14941e-11
6.26436e-11
5.29466e-11
4.26894e-11
3.21201e-11
2.14228e-11
1.07043e-11
-1.5129e-32
7.32814e-16
4.95371e-13
9.66546e-13
1.41526e-12
1.84258e-12
2.24952e-12
2.63705e-12
3.00608e-12
3.35749e-12
3.69214e-12
4.0108e-12
4.31425e-12
4.60321e-12
4.87837e-12
5.1404e-12
5.38991e-12
5.6275e-12
5.85375e-12
6.0692e-12
6.27436e-12
6.46972e-12
6.65576e-12
6.83291e-12
7.00161e-12
7.16225e-12
7.31523e-12
7.4609e-12
7.59962e-12
7.73172e-12
7.85752e-12
7.97731e-12
8.09139e-12
9.34695e-12
1.07262e-11
1.22408e-11
1.39034e-11
1.57274e-11
1.77271e-11
1.99178e-11
2.23153e-11
2.49361e-11
2.77966e-11
3.09132e-11
3.43013e-11
3.79747e-11
4.19442e-11
4.62163e-11
5.0791e-11
5.56596e-11
6.08017e-11
6.6181e-11
7.17419e-11
7.74042e-11
8.30592e-11
8.8565e-11
9.37445e-11
9.83855e-11
1.02245e-10
1.0506e-10
1.06564e-10
1.06513e-10
1.04711e-10
1.01044e-10
9.55052e-11
8.82044e-11
7.9364e-11
6.9292e-11
5.83396e-11
4.68512e-11
3.51185e-11
2.33468e-11
1.1639e-11
-8.24899e-33
7.36847e-16
4.98097e-13
9.71865e-13
1.42305e-12
1.85272e-12
2.2619e-12
2.65156e-12
3.02262e-12
3.37597e-12
3.71246e-12
4.03288e-12
4.338e-12
4.62855e-12
4.90523e-12
5.16869e-12
5.41958e-12
5.65848e-12
5.88598e-12
6.10261e-12
6.3089e-12
6.50534e-12
6.6924e-12
6.87053e-12
7.04015e-12
7.20168e-12
7.3555e-12
7.50198e-12
7.64146e-12
7.77429e-12
7.90078e-12
8.02123e-12
8.13594e-12
9.39842e-12
1.07853e-11
1.23083e-11
1.398e-11
1.58141e-11
1.78249e-11
2.00277e-11
2.24385e-11
2.50739e-11
2.79503e-11
3.10844e-11
3.44916e-11
3.81858e-11
4.21778e-11
4.64744e-11
5.10756e-11
5.59727e-11
6.11452e-11
6.6557e-11
7.21521e-11
7.78502e-11
8.35419e-11
8.90848e-11
9.43009e-11
9.89766e-11
1.02868e-10
1.05709e-10
1.07232e-10
1.07189e-10
1.05383e-10
1.017e-10
9.61287e-11
8.87809e-11
7.988e-11
6.97372e-11
5.87076e-11
4.71397e-11
3.5329e-11
2.3483e-11
1.17056e-11
1.94862e-34
7.97e-16
5.3876e-13
1.0512e-12
1.53922e-12
2.00397e-12
2.44655e-12
2.86802e-12
3.26937e-12
3.65157e-12
4.01552e-12
4.3621e-12
4.69213e-12
5.0064e-12
5.30566e-12
5.59064e-12
5.862e-12
6.12041e-12
6.36647e-12
6.60079e-12
6.82392e-12
7.03639e-12
7.23872e-12
7.43139e-12
7.61487e-12
7.78958e-12
7.95595e-12
8.11439e-12
8.26526e-12
8.40893e-12
8.54574e-12
8.67603e-12
8.8001e-12
1.01656e-11
1.16657e-11
1.3313e-11
1.51212e-11
1.71049e-11
1.92798e-11
2.16624e-11
2.42699e-11
2.71202e-11
3.02312e-11
3.36208e-11
3.73057e-11
4.13008e-11
4.56179e-11
5.02641e-11
5.52393e-11
6.05342e-11
6.61263e-11
7.19763e-11
7.80234e-11
8.41805e-11
9.03287e-11
9.63136e-11
1.01942e-10
1.06982e-10
1.11168e-10
1.14212e-10
1.15823e-10
1.15731e-10
1.13722e-10
1.09672e-10
1.03572e-10
9.55455e-11
8.58437e-11
7.48148e-11
6.28578e-11
5.03645e-11
3.76653e-11
2.49884e-11
1.24387e-11
1.62772e-33
8.91764e-16
6.02809e-13
1.17617e-12
1.72221e-12
2.2422e-12
2.73739e-12
3.20896e-12
3.65801e-12
4.08564e-12
4.49284e-12
4.88061e-12
5.24985e-12
5.60147e-12
5.93629e-12
6.25512e-12
6.55872e-12
6.84783e-12
7.12312e-12
7.38527e-12
7.6349e-12
7.87261e-12
8.09897e-12
8.31452e-12
8.51978e-12
8.71524e-12
8.90136e-12
9.07861e-12
9.24739e-12
9.40812e-12
9.56117e-12
9.70692e-12
9.84572e-12
1.13733e-11
1.30512e-11
1.48937e-11
1.6916e-11
1.91343e-11
2.15659e-11
2.42293e-11
2.71434e-11
3.03278e-11
3.38023e-11
3.75861e-11
4.16972e-11
4.61514e-11
5.09604e-11
5.61305e-11
6.16597e-11
6.75347e-11
7.37273e-11
8.01896e-11
8.68493e-11
9.3604e-11
1.00316e-10
1.06807e-10
1.12859e-10
1.1821e-10
1.22567e-10
1.25614e-10
1.27039e-10
1.26562e-10
1.23971e-10
1.19155e-10
1.12136e-10
1.03079e-10
9.22836e-11
8.01461e-11
6.711e-11
5.36019e-11
3.99735e-11
2.64583e-11
1.31494e-11
1.62874e-33
1.01152e-15
6.83744e-13
1.33409e-12
1.95343e-12
2.54324e-12
3.1049e-12
3.63977e-12
4.1491e-12
4.63412e-12
5.09598e-12
5.53578e-12
5.95457e-12
6.35336e-12
6.7331e-12
7.0947e-12
7.43903e-12
7.7669e-12
8.07912e-12
8.37642e-12
8.65952e-12
8.9291e-12
9.18581e-12
9.43025e-12
9.66302e-12
9.88468e-12
1.00958e-11
1.02967e-11
1.04881e-11
1.06704e-11
1.0844e-11
1.10092e-11
1.11666e-11
1.28987e-11
1.48012e-11
1.68899e-11
1.9182e-11
2.16958e-11
2.44507e-11
2.74671e-11
3.07662e-11
3.43696e-11
3.82988e-11
4.25746e-11
4.72161e-11
5.22392e-11
5.7655e-11
6.34675e-11
6.96707e-11
7.62447e-11
8.31519e-11
9.03312e-11
9.76929e-11
1.05113e-10
1.12425e-10
1.19423e-10
1.25852e-10
1.31415e-10
1.35788e-10
1.38628e-10
1.39609e-10
1.38453e-10
1.34968e-10
1.29082e-10
1.20871e-10
1.10563e-10
9.85154e-11
8.51793e-11
7.1036e-11
5.65346e-11
4.20328e-11
2.77551e-11
1.37719e-11
9.41041e-34
1.03583e-15
7.00171e-13
1.36614e-12
2.00036e-12
2.60433e-12
3.17949e-12
3.72721e-12
4.24877e-12
4.74544e-12
5.21838e-12
5.66874e-12
6.09759e-12
6.50596e-12
6.89481e-12
7.26509e-12
7.61768e-12
7.95343e-12
8.27314e-12
8.57757e-12
8.86746e-12
9.14351e-12
9.40637e-12
9.65668e-12
9.89503e-12
1.0122e-11
1.03381e-11
1.05439e-11
1.07399e-11
1.09266e-11
1.11043e-11
1.12735e-11
1.14347e-11
1.32083e-11
1.51563e-11
1.72949e-11
1.96417e-11
2.22154e-11
2.50358e-11
2.81237e-11
3.15007e-11
3.51888e-11
3.92098e-11
4.35849e-11
4.83332e-11
5.34707e-11
5.90082e-11
6.49492e-11
7.12865e-11
7.79991e-11
8.5047e-11
9.23664e-11
9.98637e-11
1.0741e-10
1.14834e-10
1.21922e-10
1.28412e-10
1.34003e-10
1.38361e-10
1.4114e-10
1.42014e-10
1.40705e-10
1.37026e-10
1.30917e-10
1.22465e-10
1.11909e-10
9.96211e-11
8.60604e-11
7.1715e-11
5.70364e-11
4.23821e-11
2.79736e-11
1.38764e-11
1.07604e-33
1.15579e-15
7.81237e-13
1.52431e-12
2.23196e-12
2.90585e-12
3.54759e-12
4.1587e-12
4.74063e-12
5.29478e-12
5.82245e-12
6.32492e-12
6.80339e-12
7.25899e-12
7.69283e-12
8.10593e-12
8.4993e-12
8.87387e-12
9.23054e-12
9.57017e-12
9.89357e-12
1.02015e-11
1.04948e-11
1.0774e-11
1.10399e-11
1.12931e-11
1.15342e-11
1.17638e-11
1.19824e-11
1.21906e-11
1.23888e-11
1.25776e-11
1.27574e-11
1.47357e-11
1.69082e-11
1.92931e-11
2.19096e-11
2.47785e-11
2.79215e-11
3.13615e-11
3.51219e-11
3.92266e-11
4.36991e-11
4.85615e-11
5.38336e-11
5.95309e-11
6.56629e-11
7.22296e-11
7.92189e-11
8.66015e-11
9.43262e-11
1.02314e-10
1.10452e-10
1.18587e-10
1.26519e-10
1.34002e-10
1.4074e-10
1.46399e-10
1.50616e-10
1.5303e-10
1.53308e-10
1.51188e-10
1.46519e-10
1.39291e-10
1.29653e-10
1.1791e-10
1.0449e-10
8.98943e-11
7.46362e-11
5.9174e-11
4.38577e-11
2.88911e-11
1.43132e-11
2.0267e-33
1.32811e-15
8.97676e-13
1.7515e-12
2.56461e-12
3.33893e-12
4.0763e-12
4.77847e-12
5.4471e-12
6.0838e-12
6.69008e-12
7.26738e-12
7.8171e-12
8.34055e-12
8.83897e-12
9.31358e-12
9.76549e-12
1.01958e-11
1.06056e-11
1.09957e-11
1.13672e-11
1.1721e-11
1.20579e-11
1.23786e-11
1.2684e-11
1.29749e-11
1.32518e-11
1.35156e-11
1.37667e-11
1.40058e-11
1.42335e-11
1.44503e-11
1.46568e-11
1.69289e-11
1.94237e-11
2.21617e-11
2.51651e-11
2.8457e-11
3.20621e-11
3.60059e-11
4.03146e-11
4.50144e-11
5.01305e-11
5.56866e-11
6.17025e-11
6.81926e-11
7.51632e-11
8.26089e-11
9.05083e-11
9.88193e-11
1.07473e-10
1.16366e-10
1.25355e-10
1.34251e-10
1.42812e-10
1.50743e-10
1.57703e-10
1.63313e-10
1.67177e-10
1.68916e-10
1.68205e-10
1.64817e-10
1.58663e-10
1.49815e-10
1.38517e-10
1.25162e-10
1.10253e-10
9.43403e-11
7.79579e-11
6.15618e-11
4.54813e-11
2.98887e-11
1.47847e-11
2.10698e-33
1.52766e-15
1.03251e-12
2.01457e-12
2.9498e-12
3.84041e-12
4.68851e-12
5.49611e-12
6.26513e-12
6.99741e-12
7.69469e-12
8.35865e-12
8.99086e-12
9.59284e-12
1.0166e-11
1.07118e-11
1.12315e-11
1.17264e-11
1.21976e-11
1.26462e-11
1.30734e-11
1.34802e-11
1.38676e-11
1.42364e-11
1.45876e-11
1.4922e-11
1.52404e-11
1.55436e-11
1.58324e-11
1.61073e-11
1.63691e-11
1.66184e-11
1.68558e-11
1.94677e-11
2.23353e-11
2.54817e-11
2.89321e-11
3.27127e-11
3.68512e-11
4.13762e-11
4.63166e-11
5.17011e-11
5.75568e-11
6.39081e-11
7.07746e-11
7.81685e-11
8.60913e-11
9.45297e-11
1.03451e-10
1.12795e-10
1.2247e-10
1.32344e-10
1.42236e-10
1.51912e-10
1.6108e-10
1.69394e-10
1.76457e-10
1.81847e-10
1.85139e-10
1.85945e-10
1.83964e-10
1.79023e-10
1.71115e-10
1.60416e-10
1.47277e-10
1.32189e-10
1.15724e-10
9.84761e-11
8.09878e-11
6.37007e-11
4.69133e-11
3.0758e-11
1.51922e-11
1.96695e-33
1.75379e-15
1.18529e-12
2.31266e-12
3.38627e-12
4.40865e-12
5.38221e-12
6.30927e-12
7.19204e-12
8.03261e-12
8.833e-12
9.59511e-12
1.03208e-11
1.10117e-11
1.16697e-11
1.22961e-11
1.28926e-11
1.34605e-11
1.40013e-11
1.45162e-11
1.50065e-11
1.54733e-11
1.59179e-11
1.63411e-11
1.67441e-11
1.71279e-11
1.74933e-11
1.78412e-11
1.81726e-11
1.8488e-11
1.87884e-11
1.90745e-11
1.93469e-11
2.23437e-11
2.56331e-11
2.92416e-11
3.31975e-11
3.75305e-11
4.22716e-11
4.74525e-11
5.31052e-11
5.92605e-11
6.59474e-11
7.31907e-11
8.10088e-11
8.94104e-11
9.83905e-11
1.07926e-10
1.17967e-10
1.28434e-10
1.39207e-10
1.50117e-10
1.60939e-10
1.71389e-10
1.81116e-10
1.89715e-10
1.96737e-10
2.01713e-10
2.04196e-10
2.03806e-10
2.00281e-10
1.93524e-10
1.83631e-10
1.70896e-10
1.55788e-10
1.38891e-10
1.20847e-10
1.02277e-10
8.3723e-11
6.55997e-11
4.81662e-11
3.15097e-11
1.55418e-11
1.82823e-33
2.00586e-15
1.35558e-12
2.64493e-12
3.87277e-12
5.04201e-12
6.15541e-12
7.21562e-12
8.22515e-12
9.18641e-12
1.01017e-11
1.09732e-11
1.1803e-11
1.25932e-11
1.33455e-11
1.40618e-11
1.47438e-11
1.53932e-11
1.60115e-11
1.66003e-11
1.71608e-11
1.76946e-11
1.82028e-11
1.86867e-11
1.91474e-11
1.95862e-11
2.00039e-11
2.04017e-11
2.07804e-11
2.11411e-11
2.14845e-11
2.18115e-11
2.21228e-11
2.55482e-11
2.93073e-11
3.34301e-11
3.79485e-11
4.28956e-11
4.83062e-11
5.42152e-11
6.06575e-11
6.76665e-11
7.52722e-11
8.34994e-11
9.23642e-11
1.01871e-10
1.12005e-10
1.2273e-10
1.33979e-10
1.45646e-10
1.57575e-10
1.69557e-10
1.81315e-10
1.92506e-10
2.02717e-10
2.11481e-10
2.1829e-10
2.2264e-10
2.24069e-10
2.2222e-10
2.16891e-10
2.08081e-10
1.96009e-10
1.81099e-10
1.63937e-10
1.45202e-10
1.25588e-10
1.05735e-10
8.61702e-11
6.72725e-11
4.92548e-11
3.21557e-11
1.58401e-11
1.69304e-33
2.28302e-15
1.54281e-12
3.01023e-12
4.40765e-12
5.73835e-12
7.00549e-12
8.21208e-12
9.36097e-12
1.04549e-11
1.14965e-11
1.24883e-11
1.34326e-11
1.43317e-11
1.51878e-11
1.60029e-11
1.67789e-11
1.75178e-11
1.82214e-11
1.88912e-11
1.9529e-11
2.01363e-11
2.07145e-11
2.12651e-11
2.17893e-11
2.22884e-11
2.27636e-11
2.32162e-11
2.3647e-11
2.40573e-11
2.44479e-11
2.48199e-11
2.51741e-11
2.90703e-11
3.33452e-11
3.80326e-11
4.3168e-11
4.87887e-11
5.49329e-11
6.16391e-11
6.89451e-11
7.68862e-11
8.54936e-11
9.4791e-11
1.04791e-10
1.15492e-10
1.26868e-10
1.38867e-10
1.51399e-10
1.64325e-10
1.77454e-10
1.90524e-10
2.03203e-10
2.1508e-10
2.25678e-10
2.34461e-10
2.4087e-10
2.44368e-10
2.44495e-10
2.40932e-10
2.33559e-10
2.22492e-10
2.08086e-10
1.90903e-10
1.71647e-10
1.51078e-10
1.29933e-10
1.08854e-10
8.83434e-11
6.87364e-11
5.0195e-11
3.27077e-11
1.60931e-11
1.56299e-33
2.5841e-15
1.74618e-12
3.40703e-12
4.98863e-12
6.49471e-12
7.92884e-12
9.29441e-12
1.05947e-11
1.18327e-11
1.30115e-11
1.41339e-11
1.52025e-11
1.622e-11
1.71887e-11
1.81111e-11
1.89892e-11
1.98254e-11
2.06214e-11
2.13794e-11
2.2101e-11
2.27881e-11
2.34423e-11
2.40652e-11
2.46583e-11
2.5223e-11
2.57607e-11
2.62726e-11
2.67601e-11
2.72242e-11
2.76661e-11
2.80869e-11
2.84876e-11
3.28947e-11
3.77292e-11
4.30289e-11
4.88333e-11
5.51837e-11
6.21222e-11
6.96906e-11
7.79296e-11
8.68765e-11
9.65626e-11
1.0701e-10
1.18227e-10
1.30202e-10
1.42898e-10
1.56243e-10
1.70118e-10
1.84352e-10
1.98704e-10
2.12861e-10
2.26425e-10
2.38915e-10
2.49781e-10
2.58423e-10
2.64232e-10
2.66648e-10
2.65227e-10
2.59711e-10
2.50082e-10
2.36589e-10
2.19735e-10
2.00224e-10
1.78868e-10
1.565e-10
1.33882e-10
1.11647e-10
9.02611e-11
7.00101e-11
5.10028e-11
3.31771e-11
1.63067e-11
1.43917e-33
2.90753e-15
1.96464e-12
3.83325e-12
5.61269e-12
7.30715e-12
8.92063e-12
1.0457e-11
1.19198e-11
1.33126e-11
1.46388e-11
1.59014e-11
1.71035e-11
1.82481e-11
1.93379e-11
2.03754e-11
2.13632e-11
2.23037e-11
2.31991e-11
2.40516e-11
2.48633e-11
2.56361e-11
2.63719e-11
2.70725e-11
2.77395e-11
2.83746e-11
2.89793e-11
2.9555e-11
3.01032e-11
3.06252e-11
3.11221e-11
3.15953e-11
3.20459e-11
3.70013e-11
4.24362e-11
4.83926e-11
5.49142e-11
6.20464e-11
6.98352e-11
7.83259e-11
8.75618e-11
9.75817e-11
1.08417e-10
1.20086e-10
1.32592e-10
1.45913e-10
1.59996e-10
1.74745e-10
1.90012e-10
2.05583e-10
2.2117e-10
2.36395e-10
2.5079e-10
2.63802e-10
2.74803e-10
2.83131e-10
2.88133e-10
2.89239e-10
2.86039e-10
2.78352e-10
2.66284e-10
2.50234e-10
2.3086e-10
2.09001e-10
1.85573e-10
1.61463e-10
1.37447e-10
1.14133e-10
9.19444e-11
7.11134e-11
5.16939e-11
3.35745e-11
1.64863e-11
1.32227e-33
3.25133e-15
2.19683e-12
4.28629e-12
6.27602e-12
8.17071e-12
9.97483e-12
1.16927e-11
1.33283e-11
1.48856e-11
1.63683e-11
1.778e-11
1.91241e-11
2.04037e-11
2.1622e-11
2.27819e-11
2.38863e-11
2.49377e-11
2.59387e-11
2.68917e-11
2.7799e-11
2.86629e-11
2.94854e-11
3.02685e-11
3.1014e-11
3.17239e-11
3.23998e-11
3.30433e-11
3.3656e-11
3.42393e-11
3.47948e-11
3.53237e-11
3.58272e-11
4.13649e-11
4.74373e-11
5.40906e-11
6.13731e-11
6.93342e-11
7.80238e-11
8.74907e-11
9.77806e-11
1.08933e-10
1.20979e-10
1.33933e-10
1.4779e-10
1.62517e-10
1.78042e-10
1.94242e-10
2.10935e-10
2.27861e-10
2.44675e-10
2.60933e-10
2.76092e-10
2.8952e-10
3.00514e-10
3.08349e-10
3.12339e-10
3.11916e-10
3.06722e-10
2.96676e-10
2.82022e-10
2.63322e-10
2.41392e-10
2.17201e-10
1.91754e-10
1.65978e-10
1.40646e-10
1.16335e-10
9.34156e-11
7.20652e-11
5.2283e-11
3.39098e-11
1.66367e-11
1.21264e-33
3.61317e-15
2.44119e-12
4.76305e-12
6.97408e-12
9.07948e-12
1.10842e-11
1.2993e-11
1.48105e-11
1.65409e-11
1.81884e-11
1.97569e-11
2.12503e-11
2.2672e-11
2.40256e-11
2.53143e-11
2.65412e-11
2.77093e-11
2.88213e-11
2.988e-11
3.0888e-11
3.18477e-11
3.27613e-11
3.36312e-11
3.44594e-11
3.52479e-11
3.59987e-11
3.67134e-11
3.7394e-11
3.80419e-11
3.86589e-11
3.92463e-11
3.98056e-11
4.59556e-11
5.26981e-11
6.00838e-11
6.81653e-11
7.69965e-11
8.66311e-11
9.71212e-11
1.08515e-10
1.20852e-10
1.34161e-10
1.48452e-10
1.63713e-10
1.79894e-10
1.96902e-10
2.14587e-10
2.32726e-10
2.51009e-10
2.6903e-10
2.86273e-10
3.02116e-10
3.15844e-10
3.26681e-10
3.33846e-10
3.36625e-10
3.34471e-10
3.27093e-10
3.1453e-10
2.9718e-10
2.75775e-10
2.51288e-10
2.2481e-10
1.97417e-10
1.70063e-10
1.43504e-10
1.18277e-10
9.4697e-11
7.28838e-11
5.27836e-11
3.41917e-11
1.67622e-11
1.11041e-33
3.99035e-15
2.6959e-12
5.26001e-12
7.70171e-12
1.00267e-11
1.22406e-11
1.43484e-11
1.63554e-11
1.82662e-11
2.00854e-11
2.18174e-11
2.34664e-11
2.50362e-11
2.65308e-11
2.79537e-11
2.93083e-11
3.05979e-11
3.18257e-11
3.29946e-11
3.41074e-11
3.51669e-11
3.61755e-11
3.71358e-11
3.80501e-11
3.89205e-11
3.97493e-11
4.05383e-11
4.12895e-11
4.20048e-11
4.26858e-11
4.33342e-11
4.39515e-11
5.07392e-11
5.81794e-11
6.63274e-11
7.52403e-11
8.49762e-11
9.55928e-11
1.07145e-10
1.19683e-10
1.33246e-10
1.47861e-10
1.63533e-10
1.80237e-10
1.97908e-10
2.16431e-10
2.3562e-10
2.55211e-10
2.74841e-10
2.94035e-10
3.12203e-10
3.2864e-10
3.42549e-10
3.5308e-10
3.59401e-10
3.60785e-10
3.56717e-10
3.46994e-10
3.31789e-10
3.11671e-10
2.87541e-10
2.60527e-10
2.31828e-10
2.02579e-10
1.73742e-10
1.46048e-10
1.19985e-10
9.581e-11
7.3586e-11
5.32079e-11
3.44282e-11
1.68667e-11
1.01551e-33
4.37996e-15
2.95898e-12
5.77329e-12
8.45324e-12
1.10051e-11
1.34349e-11
1.57484e-11
1.7951e-11
2.00481e-11
2.20447e-11
2.39455e-11
2.57551e-11
2.7478e-11
2.91181e-11
3.06795e-11
3.2166e-11
3.35812e-11
3.49285e-11
3.62111e-11
3.74321e-11
3.85946e-11
3.97014e-11
4.0755e-11
4.17581e-11
4.27132e-11
4.36224e-11
4.44881e-11
4.53123e-11
4.6097e-11
4.68441e-11
4.75554e-11
4.82327e-11
5.56785e-11
6.38386e-11
7.27728e-11
8.25428e-11
9.3211e-11
1.04839e-10
1.17484e-10
1.31198e-10
1.4602e-10
1.61974e-10
1.79056e-10
1.97232e-10
2.16418e-10
2.3647e-10
2.57171e-10
2.78209e-10
2.99161e-10
3.19485e-10
3.3851e-10
3.55447e-10
3.69414e-10
3.79493e-10
3.84807e-10
3.84628e-10
3.78488e-10
3.66289e-10
3.48355e-10
3.25429e-10
2.98589e-10
2.69103e-10
2.38269e-10
2.07263e-10
1.77044e-10
1.48306e-10
1.21483e-10
9.67748e-11
7.41873e-11
5.35668e-11
3.46261e-11
1.69534e-11
9.27739e-34
4.77889e-15
3.22834e-12
6.29883e-12
9.22269e-12
1.20068e-11
1.46577e-11
1.71817e-11
1.95847e-11
2.18725e-11
2.40506e-11
2.61243e-11
2.80984e-11
2.99778e-11
3.17669e-11
3.34702e-11
3.50917e-11
3.66353e-11
3.81049e-11
3.95039e-11
4.08357e-11
4.21037e-11
4.33108e-11
4.446e-11
4.5554e-11
4.65956e-11
4.75873e-11
4.85314e-11
4.94302e-11
5.0286e-11
5.11008e-11
5.18765e-11
5.26151e-11
6.07342e-11
6.96305e-11
7.93687e-11
9.00147e-11
1.01635e-10
1.14295e-10
1.28055e-10
1.42968e-10
1.59071e-10
1.76385e-10
1.94898e-10
2.14562e-10
2.35273e-10
2.56861e-10
2.79069e-10
3.01534e-10
3.23776e-10
3.45177e-10
3.64984e-10
3.82322e-10
3.96229e-10
4.05717e-10
4.09877e-10
4.07987e-10
3.99646e-10
3.84872e-10
3.64154e-10
3.38415e-10
3.08905e-10
2.77026e-10
2.44156e-10
2.11499e-10
1.79998e-10
1.50304e-10
1.22795e-10
9.76098e-11
7.47015e-11
5.387e-11
3.47913e-11
1.70252e-11
8.46812e-34
5.18396e-15
3.50182e-12
6.83241e-12
1.00039e-11
1.30238e-11
1.58992e-11
1.86369e-11
2.12434e-11
2.37248e-11
2.60873e-11
2.83363e-11
3.04774e-11
3.25157e-11
3.44561e-11
3.63034e-11
3.80619e-11
3.9736e-11
4.13296e-11
4.28468e-11
4.42911e-11
4.56661e-11
4.6975e-11
4.82212e-11
4.94075e-11
5.0537e-11
5.16122e-11
5.26359e-11
5.36106e-11
5.45384e-11
5.54219e-11
5.6263e-11
5.70637e-11
6.58659e-11
7.55092e-11
8.60625e-11
9.75966e-11
1.10182e-10
1.23887e-10
1.38775e-10
1.54899e-10
1.72296e-10
1.9098e-10
2.10933e-10
2.32089e-10
2.54326e-10
2.77442e-10
3.0114e-10
3.25006e-10
3.48494e-10
3.70912e-10
3.91424e-10
4.09067e-10
4.22797e-10
4.31569e-10
4.34442e-10
4.30719e-10
4.20075e-10
4.0266e-10
3.79135e-10
3.50608e-10
3.18493e-10
2.84315e-10
2.49518e-10
2.15319e-10
1.82636e-10
1.52071e-10
1.23942e-10
9.83318e-11
7.51406e-11
5.41256e-11
3.4929e-11
1.70845e-11
7.72382e-34
5.59201e-15
3.77731e-12
7.36989e-12
1.07909e-11
1.40483e-11
1.71498e-11
2.01027e-11
2.29141e-11
2.55906e-11
2.81387e-11
3.05644e-11
3.28737e-11
3.5072e-11
3.71648e-11
3.9157e-11
4.10535e-11
4.28589e-11
4.45776e-11
4.62137e-11
4.77713e-11
4.9254e-11
5.06655e-11
5.20093e-11
5.32886e-11
5.45065e-11
5.56659e-11
5.67698e-11
5.78206e-11
5.88211e-11
5.97737e-11
6.06806e-11
6.1544e-11
7.10338e-11
8.14287e-11
9.28022e-11
1.05229e-10
1.18785e-10
1.3354e-10
1.49561e-10
1.66899e-10
1.85592e-10
2.05647e-10
2.27036e-10
2.4968e-10
2.73431e-10
2.98057e-10
3.23218e-10
3.48447e-10
3.73132e-10
3.96504e-10
4.1764e-10
4.35494e-10
4.48942e-10
4.56883e-10
4.58359e-10
4.52704e-10
4.39683e-10
4.19592e-10
3.93268e-10
3.62003e-10
3.27368e-10
2.90998e-10
2.54388e-10
2.18757e-10
1.84988e-10
1.53631e-10
1.24944e-10
9.89558e-11
7.55154e-11
5.4341e-11
3.50436e-11
1.71333e-11
7.04072e-34
5.99997e-15
4.05271e-12
7.90722e-12
1.15776e-11
1.50725e-11
1.84e-11
2.15681e-11
2.45843e-11
2.74558e-11
3.01894e-11
3.27918e-11
3.52691e-11
3.76275e-11
3.98725e-11
4.20096e-11
4.40441e-11
4.59807e-11
4.78243e-11
4.95794e-11
5.12501e-11
5.28405e-11
5.43546e-11
5.57959e-11
5.7168e-11
5.84743e-11
5.97179e-11
6.09018e-11
6.20289e-11
6.31019e-11
6.41235e-11
6.50961e-11
6.60221e-11
7.6199e-11
8.73446e-11
9.95371e-11
1.12856e-10
1.27379e-10
1.43182e-10
1.60331e-10
1.78879e-10
1.98861e-10
2.20277e-10
2.43091e-10
2.67205e-10
2.92448e-10
3.18557e-10
3.45146e-10
3.71694e-10
3.9752e-10
4.21778e-10
4.43461e-10
4.61436e-10
4.74505e-10
4.81518e-10
4.81505e-10
4.73845e-10
4.58404e-10
4.35629e-10
4.0654e-10
3.72608e-10
3.35554e-10
2.97107e-10
2.588e-10
2.21844e-10
1.87082e-10
1.55007e-10
1.2582e-10
9.94949e-11
7.58354e-11
5.45224e-11
3.51388e-11
1.71735e-11
6.41484e-34
6.40494e-15
4.32608e-12
8.44058e-12
1.23585e-11
1.60891e-11
1.9641e-11
2.30226e-11
2.62421e-11
2.93071e-11
3.22249e-11
3.50026e-11
3.76468e-11
4.01639e-11
4.25601e-11
4.4841e-11
4.70123e-11
4.90793e-11
5.10469e-11
5.29199e-11
5.47029e-11
5.64002e-11
5.80159e-11
5.95541e-11
6.10184e-11
6.24123e-11
6.37394e-11
6.50027e-11
6.62055e-11
6.73505e-11
6.84406e-11
6.94784e-11
7.04665e-11
8.13249e-11
9.32151e-11
1.0622e-10
1.20422e-10
1.35905e-10
1.52744e-10
1.7101e-10
1.90755e-10
2.12009e-10
2.34769e-10
2.58985e-10
2.84544e-10
3.1125e-10
3.38804e-10
3.66778e-10
3.94594e-10
4.21503e-10
4.46579e-10
4.68733e-10
4.86746e-10
4.99352e-10
5.05354e-10
5.03784e-10
4.9407e-10
4.76191e-10
4.50751e-10
4.18952e-10
3.82444e-10
3.43082e-10
3.02677e-10
2.6279e-10
2.24614e-10
1.88945e-10
1.56221e-10
1.26585e-10
9.99608e-11
7.61084e-11
5.46751e-11
3.52178e-11
1.72064e-11
5.8422e-34
6.80425e-15
4.59562e-12
8.96646e-12
1.31285e-11
1.70914e-11
2.08645e-11
2.44568e-11
2.78767e-11
3.11325e-11
3.42319e-11
3.71823e-11
3.9991e-11
4.26647e-11
4.52098e-11
4.76325e-11
4.99388e-11
5.21341e-11
5.42239e-11
5.62132e-11
5.81069e-11
5.99095e-11
6.16256e-11
6.32591e-11
6.48142e-11
6.62946e-11
6.7704e-11
6.90456e-11
7.03229e-11
7.15388e-11
7.26965e-11
7.37986e-11
7.48478e-11
8.63778e-11
9.90017e-11
1.12806e-10
1.27879e-10
1.44305e-10
1.62165e-10
1.81529e-10
2.02449e-10
2.24953e-10
2.4903e-10
2.74619e-10
3.01588e-10
3.29718e-10
3.58675e-10
3.87985e-10
4.17013e-10
4.44942e-10
4.7077e-10
4.93322e-10
5.11299e-10
5.23369e-10
5.28297e-10
5.2512e-10
5.13327e-10
4.93014e-10
4.64951e-10
4.3052e-10
3.91538e-10
3.49986e-10
3.07747e-10
2.66394e-10
2.27096e-10
1.90601e-10
1.57291e-10
1.27254e-10
1.00364e-10
7.63415e-11
5.48036e-11
3.52833e-11
1.72334e-11
4.18374e-34
7.01678e-15
4.73908e-12
9.24635e-12
1.35383e-11
1.76249e-11
2.15157e-11
2.522e-11
2.87467e-11
3.2104e-11
3.53e-11
3.83424e-11
4.12387e-11
4.39956e-11
4.662e-11
4.91182e-11
5.14962e-11
5.37599e-11
5.59147e-11
5.79659e-11
5.99185e-11
6.17772e-11
6.35466e-11
6.52309e-11
6.68343e-11
6.83607e-11
6.98138e-11
7.11972e-11
7.25141e-11
7.37678e-11
7.49613e-11
7.60977e-11
7.71795e-11
8.90667e-11
1.02081e-10
1.16311e-10
1.31846e-10
1.48774e-10
1.67177e-10
1.87124e-10
2.08668e-10
2.31835e-10
2.56609e-10
2.82924e-10
3.1064e-10
3.39521e-10
3.69215e-10
3.99224e-10
4.28883e-10
4.57338e-10
4.83545e-10
5.06283e-10
5.24213e-10
5.35968e-10
5.40294e-10
5.36235e-10
5.23316e-10
5.01699e-10
4.72242e-10
4.36426e-10
3.96154e-10
3.53471e-10
3.10291e-10
2.68192e-10
2.28328e-10
1.91419e-10
1.57816e-10
1.2758e-10
1.00558e-10
7.6453e-11
5.48644e-11
3.53138e-11
1.72458e-11
-1.305e-33
7.18022e-15
4.84939e-12
9.46159e-12
1.38534e-11
1.80351e-11
2.20165e-11
2.5807e-11
2.94156e-11
3.2851e-11
3.61214e-11
3.92345e-11
4.21981e-11
4.50191e-11
4.77044e-11
5.02606e-11
5.26939e-11
5.50101e-11
5.72149e-11
5.93137e-11
6.13116e-11
6.32134e-11
6.50238e-11
6.67471e-11
6.83877e-11
6.99495e-11
7.14362e-11
7.28516e-11
7.4199e-11
7.54817e-11
7.67029e-11
7.78655e-11
7.89724e-11
9.11343e-11
1.04448e-10
1.19005e-10
1.34896e-10
1.5221e-10
1.71029e-10
1.91425e-10
2.13448e-10
2.37123e-10
2.62434e-10
2.89306e-10
3.17593e-10
3.47049e-10
3.77307e-10
4.0785e-10
4.37989e-10
4.66842e-10
4.93331e-10
5.16204e-10
5.34088e-10
5.45589e-10
5.49441e-10
5.44694e-10
5.30901e-10
5.08278e-10
4.77749e-10
4.40872e-10
3.99616e-10
3.56074e-10
3.12183e-10
2.69524e-10
2.29234e-10
1.92016e-10
1.58197e-10
1.27813e-10
1.00696e-10
7.65305e-11
5.49056e-11
3.53341e-11
1.72539e-11
-4.37913e-33
7.43365e-15
5.02045e-12
9.79533e-12
1.4342e-11
1.86712e-11
2.2793e-11
2.67171e-11
3.0453e-11
3.40094e-11
3.7395e-11
4.06178e-11
4.36857e-11
4.6606e-11
4.93859e-11
5.20321e-11
5.45509e-11
5.69486e-11
5.9231e-11
6.14035e-11
6.34716e-11
6.54402e-11
6.73142e-11
6.90981e-11
7.07963e-11
7.24129e-11
7.39518e-11
7.54169e-11
7.68115e-11
7.81393e-11
7.94033e-11
8.06067e-11
8.17523e-11
9.43401e-11
1.08119e-10
1.23183e-10
1.39626e-10
1.57537e-10
1.77002e-10
1.98091e-10
2.20857e-10
2.45321e-10
2.7146e-10
2.99195e-10
3.28365e-10
3.58709e-10
3.89837e-10
4.21202e-10
4.52077e-10
4.81537e-10
5.08454e-10
5.31522e-10
5.49318e-10
5.60408e-10
5.63508e-10
5.57675e-10
5.42512e-10
5.18314e-10
4.86117e-10
4.47594e-10
4.04818e-10
3.59955e-10
3.14975e-10
2.71462e-10
2.30532e-10
1.92852e-10
1.58713e-10
1.28117e-10
1.00864e-10
7.66176e-11
5.49468e-11
3.53514e-11
1.72597e-11
-5.60182e-33
7.56994e-15
5.11244e-12
9.9748e-12
1.46048e-11
1.90133e-11
2.32105e-11
2.72065e-11
3.10108e-11
3.46323e-11
3.80798e-11
4.13617e-11
4.44857e-11
4.74594e-11
5.02901e-11
5.29846e-11
5.55495e-11
5.7991e-11
6.0315e-11
6.25273e-11
6.46331e-11
6.66377e-11
6.85459e-11
7.03623e-11
7.20915e-11
7.37376e-11
7.53045e-11
7.67963e-11
7.82164e-11
7.95683e-11
8.08553e-11
8.20806e-11
8.32471e-11
9.60639e-11
1.10093e-10
1.2543e-10
1.42168e-10
1.60401e-10
1.80212e-10
2.01674e-10
2.24838e-10
2.49724e-10
2.76308e-10
3.04504e-10
3.34146e-10
3.64964e-10
3.96555e-10
4.28355e-10
4.59619e-10
4.89395e-10
5.16529e-10
5.39686e-10
5.57416e-10
5.68266e-10
5.70939e-10
5.64501e-10
5.4858e-10
5.23519e-10
4.90414e-10
4.51e-10
4.07409e-10
3.61842e-10
3.16291e-10
2.72337e-10
2.31083e-10
1.93176e-10
1.58886e-10
1.28196e-10
1.00889e-10
7.66157e-11
5.4935e-11
3.53394e-11
1.72526e-11
-5.0908e-33
7.61419e-15
5.1423e-12
1.00331e-11
1.46901e-11
1.91243e-11
2.33461e-11
2.73654e-11
3.11918e-11
3.48345e-11
3.83022e-11
4.16031e-11
4.47453e-11
4.77364e-11
5.05836e-11
5.32938e-11
5.58736e-11
5.83293e-11
6.06669e-11
6.2892e-11
6.50101e-11
6.70263e-11
6.89456e-11
7.07726e-11
7.25118e-11
7.41674e-11
7.57435e-11
7.72439e-11
7.86722e-11
8.0032e-11
8.13265e-11
8.25589e-11
8.37322e-11
9.66232e-11
1.10733e-10
1.26158e-10
1.42993e-10
1.61329e-10
1.81252e-10
2.02835e-10
2.26127e-10
2.51149e-10
2.77875e-10
3.06218e-10
3.3601e-10
3.66977e-10
3.98712e-10
4.30646e-10
4.62026e-10
4.91893e-10
5.19082e-10
5.4225e-10
5.59938e-10
5.70685e-10
5.73193e-10
5.66532e-10
5.50339e-10
5.24975e-10
4.91557e-10
4.51845e-10
4.07987e-10
3.622e-10
3.16478e-10
2.72401e-10
2.31066e-10
1.93111e-10
1.58799e-10
1.28105e-10
1.00806e-10
7.65471e-11
5.48835e-11
3.53056e-11
1.72361e-11
-4.62394e-33
7.58802e-15
5.12464e-12
9.9986e-12
1.46397e-11
1.90586e-11
2.32659e-11
2.72714e-11
3.10847e-11
3.47149e-11
3.81706e-11
4.14602e-11
4.45917e-11
4.75725e-11
5.04099e-11
5.31108e-11
5.56818e-11
5.81291e-11
6.04586e-11
6.26761e-11
6.47869e-11
6.67962e-11
6.87089e-11
7.05297e-11
7.22629e-11
7.39129e-11
7.54836e-11
7.69788e-11
7.84022e-11
7.97574e-11
8.10474e-11
8.22756e-11
8.34449e-11
9.62917e-11
1.10354e-10
1.25726e-10
1.42503e-10
1.60777e-10
1.80633e-10
2.02143e-10
2.25357e-10
2.50295e-10
2.76932e-10
3.05183e-10
3.34879e-10
3.65747e-10
3.97383e-10
4.29221e-10
4.6051e-10
4.90296e-10
5.17418e-10
5.40539e-10
5.58203e-10
5.68955e-10
5.71501e-10
5.6491e-10
5.48818e-10
5.23581e-10
4.90308e-10
4.50749e-10
4.07044e-10
3.61402e-10
3.15813e-10
2.71854e-10
2.30622e-10
1.92756e-10
1.58519e-10
1.27889e-10
1.00644e-10
7.64293e-11
5.48029e-11
3.52559e-11
1.72125e-11
-4.19825e-33
7.50955e-15
5.07167e-12
9.89525e-12
1.44883e-11
1.88616e-11
2.30254e-11
2.69896e-11
3.07635e-11
3.43561e-11
3.77762e-11
4.10318e-11
4.41309e-11
4.7081e-11
4.98891e-11
5.25622e-11
5.51066e-11
5.75287e-11
5.98342e-11
6.20288e-11
6.41179e-11
6.61065e-11
6.79995e-11
6.98015e-11
7.15168e-11
7.31498e-11
7.47043e-11
7.61842e-11
7.7593e-11
7.89341e-11
8.02109e-11
8.14264e-11
8.25837e-11
9.52985e-11
1.09216e-10
1.24431e-10
1.41037e-10
1.59125e-10
1.7878e-10
2.00074e-10
2.23056e-10
2.47748e-10
2.74126e-10
3.02105e-10
3.31522e-10
3.62108e-10
3.93465e-10
4.25035e-10
4.5608e-10
4.85657e-10
5.12622e-10
5.35651e-10
5.53307e-10
5.64145e-10
5.66879e-10
5.60577e-10
5.44864e-10
5.20072e-10
4.87283e-10
4.48214e-10
4.04973e-10
3.59749e-10
3.14519e-10
2.70857e-10
2.29864e-10
1.92188e-10
1.58098e-10
1.27582e-10
1.00424e-10
7.62762e-11
5.47014e-11
3.51948e-11
1.71841e-11
-3.81068e-33
7.39354e-15
4.99336e-12
9.74247e-12
1.42646e-11
1.85704e-11
2.267e-11
2.65729e-11
3.02886e-11
3.38258e-11
3.71931e-11
4.03986e-11
4.34499e-11
4.63545e-11
4.91193e-11
5.17512e-11
5.42564e-11
5.66412e-11
5.89112e-11
6.1072e-11
6.31289e-11
6.50869e-11
6.69508e-11
6.87251e-11
7.04141e-11
7.20219e-11
7.35525e-11
7.50096e-11
7.63967e-11
7.77173e-11
7.89745e-11
8.01713e-11
8.13108e-11
9.38305e-11
1.07535e-10
1.22517e-10
1.3887e-10
1.56685e-10
1.76043e-10
1.97017e-10
2.19658e-10
2.43987e-10
2.69981e-10
2.97561e-10
3.26568e-10
3.56739e-10
3.87687e-10
4.18868e-10
4.49558e-10
4.78834e-10
5.05576e-10
5.28483e-10
5.4614e-10
5.57122e-10
5.60151e-10
5.54294e-10
5.39159e-10
5.15043e-10
4.82982e-10
4.44644e-10
4.02092e-10
3.57482e-10
3.12774e-10
2.69538e-10
2.28883e-10
1.91468e-10
1.57577e-10
1.2721e-10
1.00163e-10
7.60987e-11
5.45858e-11
3.5126e-11
1.71522e-11
-3.45823e-33
7.25184e-15
4.89771e-12
9.55585e-12
1.39914e-11
1.82147e-11
2.22358e-11
2.6064e-11
2.97086e-11
3.31781e-11
3.6481e-11
3.96251e-11
4.2618e-11
4.54671e-11
4.81791e-11
5.07606e-11
5.3218e-11
5.55571e-11
5.77838e-11
5.99033e-11
6.1921e-11
6.38416e-11
6.56699e-11
6.74103e-11
6.90671e-11
7.06442e-11
7.21457e-11
7.3575e-11
7.49357e-11
7.6231e-11
7.74643e-11
7.86383e-11
7.9756e-11
9.20374e-11
1.05482e-10
1.2018e-10
1.36224e-10
1.53704e-10
1.727e-10
1.93285e-10
2.15509e-10
2.39394e-10
2.64921e-10
2.92014e-10
3.20519e-10
3.50186e-10
3.80636e-10
4.11342e-10
4.41601e-10
4.70514e-10
4.96987e-10
5.1975e-10
5.37414e-10
5.48577e-10
5.51975e-10
5.4667e-10
5.32248e-10
5.08965e-10
4.778e-10
4.4036e-10
3.98652e-10
3.54791e-10
3.10717e-10
2.67998e-10
2.27749e-10
1.90645e-10
1.56989e-10
1.26795e-10
9.98764e-11
7.59053e-11
5.4461e-11
3.50524e-11
1.71184e-11
-3.138e-33
7.09377e-15
4.79101e-12
9.34767e-12
1.36866e-11
1.7818e-11
2.17514e-11
2.54963e-11
2.90615e-11
3.24555e-11
3.56865e-11
3.87622e-11
4.169e-11
4.44771e-11
4.71301e-11
4.96555e-11
5.20595e-11
5.43478e-11
5.65261e-11
5.85996e-11
6.05734e-11
6.24523e-11
6.42409e-11
6.59436e-11
6.75644e-11
6.91074e-11
7.05762e-11
7.19745e-11
7.33057e-11
7.4573e-11
7.57795e-11
7.69281e-11
7.80216e-11
9.00372e-11
1.03191e-10
1.17573e-10
1.33273e-10
1.50378e-10
1.68971e-10
1.89121e-10
2.10879e-10
2.3427e-10
2.59276e-10
2.85826e-10
3.13773e-10
3.42876e-10
3.72771e-10
4.02949e-10
4.32728e-10
4.61237e-10
4.87412e-10
5.10014e-10
5.27688e-10
5.39056e-10
5.42868e-10
5.38183e-10
5.2456e-10
5.02211e-10
4.72049e-10
4.35613e-10
3.94849e-10
3.51827e-10
3.08461e-10
2.66316e-10
2.26517e-10
1.89757e-10
1.56358e-10
1.26354e-10
9.95738e-11
7.57028e-11
5.43312e-11
3.49762e-11
1.70834e-11
-2.84724e-33
6.92652e-15
4.67812e-12
9.12741e-12
1.33641e-11
1.73981e-11
2.12389e-11
2.48956e-11
2.83769e-11
3.1691e-11
3.48459e-11
3.78492e-11
4.07082e-11
4.34297e-11
4.60203e-11
4.84863e-11
5.08338e-11
5.30683e-11
5.51954e-11
5.72202e-11
5.91477e-11
6.09825e-11
6.27291e-11
6.43918e-11
6.59745e-11
6.74813e-11
6.89157e-11
7.02812e-11
7.15812e-11
7.28188e-11
7.3997e-11
7.51187e-11
7.61866e-11
8.79208e-11
1.00767e-10
1.14814e-10
1.3015e-10
1.4686e-10
1.65025e-10
1.84715e-10
2.05982e-10
2.28849e-10
2.53304e-10
2.79279e-10
3.06635e-10
3.35142e-10
3.6445e-10
3.94068e-10
4.23339e-10
4.5142e-10
4.77279e-10
4.99712e-10
5.17397e-10
5.28982e-10
5.33232e-10
5.29203e-10
5.16428e-10
4.95068e-10
4.65971e-10
4.30601e-10
3.90839e-10
3.48705e-10
3.0609e-10
2.64554e-10
2.25231e-10
1.88834e-10
1.55706e-10
1.25901e-10
9.92639e-11
7.54965e-11
5.41995e-11
3.48991e-11
1.70482e-11
-1.21045e-33
6.7511e-15
4.5597e-12
8.89638e-12
1.30259e-11
1.69578e-11
2.07014e-11
2.42656e-11
2.76588e-11
3.08891e-11
3.39642e-11
3.68916e-11
3.96783e-11
4.2331e-11
4.48562e-11
4.726e-11
4.95481e-11
5.17263e-11
5.37997e-11
5.57734e-11
5.76522e-11
5.94407e-11
6.11433e-11
6.2764e-11
6.43069e-11
6.57757e-11
6.71739e-11
6.8505e-11
6.97723e-11
7.09787e-11
7.21272e-11
7.32207e-11
7.42617e-11
8.57009e-11
9.82252e-11
1.1192e-10
1.26873e-10
1.43169e-10
1.60886e-10
1.80093e-10
2.00843e-10
2.23161e-10
2.47037e-10
2.72408e-10
2.99144e-10
3.27023e-10
3.55713e-10
3.84742e-10
4.13477e-10
4.41104e-10
4.66627e-10
4.88877e-10
5.06565e-10
5.18371e-10
5.23075e-10
5.19728e-10
5.07838e-10
4.87513e-10
4.59534e-10
4.25287e-10
3.86582e-10
3.4539e-10
3.03571e-10
2.62681e-10
2.23865e-10
1.87855e-10
1.55014e-10
1.2542e-10
9.89361e-11
7.52785e-11
5.40606e-11
3.4818e-11
1.70111e-11
3.01062e-34
6.56447e-15
4.43372e-12
8.65058e-12
1.2666e-11
1.64893e-11
2.01295e-11
2.35953e-11
2.68948e-11
3.00359e-11
3.30261e-11
3.58728e-11
3.85826e-11
4.11621e-11
4.36177e-11
4.59552e-11
4.81803e-11
5.02984e-11
5.23146e-11
5.4234e-11
5.60611e-11
5.78003e-11
5.9456e-11
6.10322e-11
6.25326e-11
6.3961e-11
6.53208e-11
6.66153e-11
6.78476e-11
6.90209e-11
7.01379e-11
7.12013e-11
7.22137e-11
8.33389e-11
9.55201e-11
1.08841e-10
1.23387e-10
1.39241e-10
1.5648e-10
1.75174e-10
1.95373e-10
2.17106e-10
2.40364e-10
2.65091e-10
2.91163e-10
3.18372e-10
3.46401e-10
3.74797e-10
4.02954e-10
4.30091e-10
4.55244e-10
4.77287e-10
4.94966e-10
5.06992e-10
5.12163e-10
5.09529e-10
4.98569e-10
4.79342e-10
4.52552e-10
4.19506e-10
3.81938e-10
3.41762e-10
3.00808e-10
2.60622e-10
2.2236e-10
1.86773e-10
1.5425e-10
1.24888e-10
9.85729e-11
7.50369e-11
5.39065e-11
3.47279e-11
1.69699e-11
3.30384e-34
6.36653e-15
4.3001e-12
8.38989e-12
1.22843e-11
1.59924e-11
1.9523e-11
2.28843e-11
2.60844e-11
2.9131e-11
3.20312e-11
3.47922e-11
3.74204e-11
3.99224e-11
4.23041e-11
4.45713e-11
4.67294e-11
4.87839e-11
5.07396e-11
5.26012e-11
5.43734e-11
5.60605e-11
5.76664e-11
5.91953e-11
6.06507e-11
6.20362e-11
6.33552e-11
6.46108e-11
6.58063e-11
6.69443e-11
6.80278e-11
6.90593e-11
7.00414e-11
8.08335e-11
9.26508e-11
1.05575e-10
1.19689e-10
1.35074e-10
1.51807e-10
1.69954e-10
1.89569e-10
2.10679e-10
2.33281e-10
2.57322e-10
2.82688e-10
3.09182e-10
3.36503e-10
3.64222e-10
3.91759e-10
4.18364e-10
4.43115e-10
4.64923e-10
4.82577e-10
4.94819e-10
5.00468e-10
4.98574e-10
4.8859e-10
4.70519e-10
4.44992e-10
4.13226e-10
3.76878e-10
3.37798e-10
2.9778e-10
2.5836e-10
2.20703e-10
1.8558e-10
1.53404e-10
1.24299e-10
9.81704e-11
7.47688e-11
5.37353e-11
3.46277e-11
1.69241e-11
3.62462e-34
6.15731e-15
4.15887e-12
8.11433e-12
1.18808e-11
1.54672e-11
1.88818e-11
2.21328e-11
2.52279e-11
2.81745e-11
3.09796e-11
3.36499e-11
3.6192e-11
3.86119e-11
4.09155e-11
4.31084e-11
4.51958e-11
4.7183e-11
4.90746e-11
5.08753e-11
5.25895e-11
5.42213e-11
5.57747e-11
5.72535e-11
5.86613e-11
6.00015e-11
6.12773e-11
6.2492e-11
6.36483e-11
6.47492e-11
6.57972e-11
6.67951e-11
6.7745e-11
7.81849e-11
8.96174e-11
1.02122e-10
1.15779e-10
1.30668e-10
1.46864e-10
1.64434e-10
1.83429e-10
2.03881e-10
2.25787e-10
2.49101e-10
2.73717e-10
2.99451e-10
3.26019e-10
3.53014e-10
3.79885e-10
4.05918e-10
4.30229e-10
4.51773e-10
4.6938e-10
4.81831e-10
4.87965e-10
4.86835e-10
4.77868e-10
4.61011e-10
4.36817e-10
4.06414e-10
3.71369e-10
3.33467e-10
2.94462e-10
2.55874e-10
2.18878e-10
1.84263e-10
1.5247e-10
1.23647e-10
9.7724e-11
7.44711e-11
5.35452e-11
3.45164e-11
1.68732e-11
2.23286e-34
6.12088e-15
4.13427e-12
8.06635e-12
1.18106e-11
1.53757e-11
1.87702e-11
2.2002e-11
2.50788e-11
2.80079e-11
3.07964e-11
3.3451e-11
3.59781e-11
3.83837e-11
4.06737e-11
4.28536e-11
4.49288e-11
4.69042e-11
4.87847e-11
5.05748e-11
5.22788e-11
5.3901e-11
5.54453e-11
5.69154e-11
5.83149e-11
5.96472e-11
6.09155e-11
6.2123e-11
6.32725e-11
6.43669e-11
6.54088e-11
6.64008e-11
6.73452e-11
7.77237e-11
8.90892e-11
1.01521e-10
1.15098e-10
1.29901e-10
1.46004e-10
1.63473e-10
1.8236e-10
2.02697e-10
2.24481e-10
2.47668e-10
2.72153e-10
2.97755e-10
3.24191e-10
3.51059e-10
3.77813e-10
4.03745e-10
4.27978e-10
4.49474e-10
4.67071e-10
4.79556e-10
4.85773e-10
4.84774e-10
4.75982e-10
4.59336e-10
4.35374e-10
4.05208e-10
3.70393e-10
3.32698e-10
2.93871e-10
2.55431e-10
2.18552e-10
1.84028e-10
1.52303e-10
1.2353e-10
9.7644e-11
7.44177e-11
5.3511e-11
3.44964e-11
1.6864e-11
2.0799e-34
5.93697e-15
4.01012e-12
7.82412e-12
1.14559e-11
1.4914e-11
1.82066e-11
2.13414e-11
2.43258e-11
2.71671e-11
2.98719e-11
3.24469e-11
3.48982e-11
3.72317e-11
3.94531e-11
4.15677e-11
4.35806e-11
4.54969e-11
4.7321e-11
4.90575e-11
5.07106e-11
5.22842e-11
5.37823e-11
5.52084e-11
5.6566e-11
5.78585e-11
5.90889e-11
6.02603e-11
6.13754e-11
6.24371e-11
6.34479e-11
6.44102e-11
6.53264e-11
7.53953e-11
8.64223e-11
9.84845e-11
1.1166e-10
1.26027e-10
1.41657e-10
1.58618e-10
1.7696e-10
1.96715e-10
2.17886e-10
2.40431e-10
2.64254e-10
2.89182e-10
3.1495e-10
3.41175e-10
3.67334e-10
3.92751e-10
4.16582e-10
4.37829e-10
4.55366e-10
4.68013e-10
4.74635e-10
4.74288e-10
4.66374e-10
4.50787e-10
4.27996e-10
3.99035e-10
3.65381e-10
3.28743e-10
2.9083e-10
2.53145e-10
2.16868e-10
1.8281e-10
1.51436e-10
1.22925e-10
9.72288e-11
7.41404e-11
5.33337e-11
3.43925e-11
1.68164e-11
4.02106e-34
5.70584e-15
3.85408e-12
7.51968e-12
1.10102e-11
1.43338e-11
1.74983e-11
2.05111e-11
2.33795e-11
2.61103e-11
2.871e-11
3.11849e-11
3.3541e-11
3.57838e-11
3.79189e-11
3.99514e-11
4.18862e-11
4.37281e-11
4.54814e-11
4.71506e-11
4.87395e-11
5.02521e-11
5.16921e-11
5.30629e-11
5.43679e-11
5.56103e-11
5.6793e-11
5.7919e-11
5.8991e-11
6.00116e-11
6.09832e-11
6.19083e-11
6.2789e-11
7.24685e-11
8.307e-11
9.4668e-11
1.07338e-10
1.21156e-10
1.36193e-10
1.52513e-10
1.70168e-10
1.89192e-10
2.09589e-10
2.31325e-10
2.5431e-10
2.78388e-10
3.03309e-10
3.28715e-10
3.54116e-10
3.78871e-10
4.02181e-10
4.23094e-10
4.40533e-10
4.53359e-10
4.60466e-10
4.60915e-10
4.54086e-10
4.39817e-10
4.18496e-10
3.91057e-10
3.58881e-10
3.23595e-10
2.86857e-10
2.5015e-10
2.14656e-10
1.81206e-10
1.50294e-10
1.22124e-10
9.66791e-11
7.37729e-11
5.30983e-11
3.42545e-11
1.67532e-11
4.77667e-34
5.46442e-15
3.6911e-12
7.20169e-12
1.05446e-11
1.37277e-11
1.67584e-11
1.96439e-11
2.23911e-11
2.50065e-11
2.74964e-11
2.98667e-11
3.21233e-11
3.42714e-11
3.63164e-11
3.82631e-11
4.01163e-11
4.18805e-11
4.35599e-11
4.51586e-11
4.66805e-11
4.81294e-11
4.95087e-11
5.08218e-11
5.20718e-11
5.32618e-11
5.43948e-11
5.54734e-11
5.65002e-11
5.74778e-11
5.84086e-11
5.92947e-11
6.01384e-11
6.94111e-11
7.95679e-11
9.06807e-11
1.02823e-10
1.16066e-10
1.30482e-10
1.46132e-10
1.63069e-10
1.81327e-10
2.00913e-10
2.21798e-10
2.43905e-10
2.67087e-10
2.91115e-10
3.15656e-10
3.4025e-10
3.64296e-10
3.87041e-10
4.07581e-10
4.2489e-10
4.37872e-10
4.45454e-10
4.46706e-10
4.40987e-10
4.2808e-10
4.0829e-10
3.8245e-10
3.51836e-10
3.17993e-10
2.82517e-10
2.46866e-10
2.12223e-10
1.79437e-10
1.49029e-10
1.21237e-10
9.60687e-11
7.33641e-11
5.28362e-11
3.41006e-11
1.66827e-11
5.23267e-34
5.21343e-15
3.52164e-12
6.87108e-12
1.00605e-11
1.30975e-11
1.59891e-11
1.87422e-11
2.13634e-11
2.38588e-11
2.62345e-11
2.84962e-11
3.06492e-11
3.26989e-11
3.46502e-11
3.65077e-11
3.8276e-11
3.99594e-11
4.15619e-11
4.30874e-11
4.45397e-11
4.59223e-11
4.72384e-11
4.84914e-11
4.96843e-11
5.08199e-11
5.19011e-11
5.29304e-11
5.39103e-11
5.48432e-11
5.57315e-11
5.65771e-11
5.73823e-11
6.62318e-11
7.59261e-11
8.65341e-11
9.81262e-11
1.10773e-10
1.24542e-10
1.39494e-10
1.55682e-10
1.73141e-10
1.9188e-10
2.11878e-10
2.33065e-10
2.55308e-10
2.78399e-10
3.02027e-10
3.25767e-10
3.49057e-10
3.7119e-10
3.91314e-10
4.08455e-10
4.21566e-10
4.29606e-10
4.31659e-10
4.27065e-10
4.15556e-10
3.97353e-10
3.73184e-10
3.44218e-10
3.11905e-10
2.7778e-10
2.43268e-10
2.09547e-10
1.77485e-10
1.47631e-10
1.20253e-10
9.53906e-11
7.29092e-11
5.25442e-11
3.3929e-11
1.6604e-11
5.72933e-34
4.95377e-15
3.34633e-12
6.52904e-12
9.55975e-12
1.24456e-11
1.51933e-11
1.78094e-11
2.03001e-11
2.26714e-11
2.4929e-11
2.70782e-11
2.91242e-11
3.1072e-11
3.29263e-11
3.46915e-11
3.6372e-11
3.79718e-11
3.94947e-11
4.09445e-11
4.23247e-11
4.36387e-11
4.48895e-11
4.60804e-11
4.72141e-11
4.82934e-11
4.93209e-11
5.02992e-11
5.12306e-11
5.21173e-11
5.29615e-11
5.37653e-11
5.45305e-11
6.29422e-11
7.21577e-11
8.22431e-11
9.32659e-11
1.05294e-10
1.18392e-10
1.32622e-10
1.48033e-10
1.64662e-10
1.82523e-10
2.01598e-10
2.21826e-10
2.4309e-10
2.65199e-10
2.8787e-10
3.10709e-10
3.33195e-10
3.54668e-10
3.7433e-10
3.91262e-10
4.04466e-10
4.1294e-10
4.15783e-10
4.1232e-10
4.02236e-10
3.85666e-10
3.63233e-10
3.35995e-10
3.05303e-10
2.72619e-10
2.39329e-10
2.06607e-10
1.75333e-10
1.46085e-10
1.19162e-10
9.4637e-11
7.24027e-11
5.22185e-11
3.37374e-11
1.6516e-11
6.26955e-34
4.68658e-15
3.16593e-12
6.17706e-12
9.0444e-12
1.17747e-11
1.43743e-11
1.68494e-11
1.9206e-11
2.14495e-11
2.35855e-11
2.5619e-11
2.75549e-11
2.93978e-11
3.11523e-11
3.28225e-11
3.44126e-11
3.59263e-11
3.73674e-11
3.87392e-11
4.00452e-11
4.12886e-11
4.24722e-11
4.35991e-11
4.46719e-11
4.56932e-11
4.66656e-11
4.75914e-11
4.84727e-11
4.93118e-11
5.01108e-11
5.08714e-11
5.15956e-11
5.95564e-11
6.8279e-11
7.78261e-11
8.82626e-11
9.96532e-11
1.12061e-10
1.25545e-10
1.40154e-10
1.55927e-10
1.72879e-10
1.90999e-10
2.10234e-10
2.30482e-10
2.51569e-10
2.73239e-10
2.95131e-10
3.16764e-10
3.3753e-10
3.56682e-10
3.73358e-10
3.86613e-10
3.95488e-10
3.99099e-10
3.96763e-10
3.88117e-10
3.73217e-10
3.52579e-10
3.27143e-10
2.98156e-10
2.67003e-10
2.35024e-10
2.03378e-10
1.72961e-10
1.44375e-10
1.17953e-10
9.37993e-11
7.18385e-11
5.18551e-11
3.35233e-11
1.64176e-11
6.85625e-34
4.4132e-15
2.98135e-12
5.81692e-12
8.5171e-12
1.10882e-11
1.35363e-11
1.58672e-11
1.80864e-11
2.01993e-11
2.22108e-11
2.41259e-11
2.5949e-11
2.76847e-11
2.93371e-11
3.09101e-11
3.24077e-11
3.38333e-11
3.51905e-11
3.64826e-11
3.77127e-11
3.88838e-11
3.99986e-11
4.106e-11
4.20705e-11
4.30325e-11
4.39484e-11
4.48204e-11
4.56506e-11
4.6441e-11
4.71936e-11
4.79101e-11
4.85923e-11
5.60916e-11
6.43094e-11
7.33055e-11
8.31413e-11
9.38788e-11
1.05579e-10
1.18297e-10
1.32085e-10
1.46978e-10
1.62996e-10
1.80133e-10
1.98345e-10
2.17542e-10
2.3757e-10
2.58199e-10
2.791e-10
2.99835e-10
3.19843e-10
3.38434e-10
3.54804e-10
3.68063e-10
3.77294e-10
3.81642e-10
3.80416e-10
3.7321e-10
3.60003e-10
3.41205e-10
3.17638e-10
2.90439e-10
2.60904e-10
2.30324e-10
1.99838e-10
1.70349e-10
1.42484e-10
1.16611e-10
9.28678e-11
7.12098e-11
5.14494e-11
3.32839e-11
1.63076e-11
7.49229e-34
4.1352e-15
2.79363e-12
5.45068e-12
7.98086e-12
1.03901e-11
1.26841e-11
1.48683e-11
1.69479e-11
1.89278e-11
2.08128e-11
2.26074e-11
2.4316e-11
2.59425e-11
2.7491e-11
2.89652e-11
3.03686e-11
3.17047e-11
3.29767e-11
3.41876e-11
3.53405e-11
3.6438e-11
3.74829e-11
3.84777e-11
3.94248e-11
4.03264e-11
4.11849e-11
4.20022e-11
4.27803e-11
4.35212e-11
4.42266e-11
4.48982e-11
4.55376e-11
5.25674e-11
6.02716e-11
6.87067e-11
7.7931e-11
8.80034e-11
9.89819e-11
1.10921e-10
1.2387e-10
1.37865e-10
1.52929e-10
1.69059e-10
1.86222e-10
2.04339e-10
2.23277e-10
2.42828e-10
2.62698e-10
2.8249e-10
3.01692e-10
3.19669e-10
3.35678e-10
3.48885e-10
3.58423e-10
3.63463e-10
3.63314e-10
3.57535e-10
3.46031e-10
3.29106e-10
3.07465e-10
2.82127e-10
2.54297e-10
2.25203e-10
1.9596e-10
1.67475e-10
1.40396e-10
1.15124e-10
9.18319e-11
7.05088e-11
5.09961e-11
3.30161e-11
1.61842e-11
8.1804e-34
3.85434e-15
2.60398e-12
5.08065e-12
7.43908e-12
9.68481e-12
1.18231e-11
1.38591e-11
1.57976e-11
1.76432e-11
1.94003e-11
2.10732e-11
2.26659e-11
2.41822e-11
2.56257e-11
2.7e-11
2.83083e-11
2.95539e-11
3.07397e-11
3.18687e-11
3.29435e-11
3.39667e-11
3.49409e-11
3.58683e-11
3.67513e-11
3.7592e-11
3.83924e-11
3.91544e-11
3.988e-11
4.05707e-11
4.12284e-11
4.18546e-11
4.24508e-11
4.90059e-11
5.61909e-11
6.40587e-11
7.26645e-11
8.20639e-11
9.23121e-11
1.03462e-10
1.1556e-10
1.28644e-10
1.42739e-10
1.57846e-10
1.73939e-10
1.90954e-10
2.08774e-10
2.27216e-10
2.46019e-10
2.64827e-10
2.83174e-10
3.00485e-10
3.16075e-10
3.2917e-10
3.38953e-10
3.44628e-10
3.45511e-10
3.4113e-10
3.3132e-10
3.16287e-10
2.96614e-10
2.73203e-10
2.47156e-10
2.19634e-10
1.9172e-10
1.64316e-10
1.38091e-10
1.13476e-10
9.06802e-11
6.97272e-11
5.04895e-11
3.27163e-11
1.6046e-11
8.92306e-34
3.57254e-15
2.41368e-12
4.70936e-12
6.89545e-12
8.9771e-12
1.09592e-11
1.28464e-11
1.46433e-11
1.63542e-11
1.7983e-11
1.95338e-11
2.10102e-11
2.24158e-11
2.3754e-11
2.5028e-11
2.62409e-11
2.73957e-11
2.8495e-11
2.95417e-11
3.05381e-11
3.14868e-11
3.239e-11
3.32499e-11
3.40685e-11
3.4848e-11
3.55901e-11
3.62966e-11
3.69694e-11
3.76098e-11
3.82197e-11
3.88003e-11
3.93531e-11
4.54317e-11
5.20952e-11
5.93933e-11
6.73776e-11
7.61006e-11
8.56146e-11
9.59697e-11
1.07212e-10
1.19378e-10
1.32494e-10
1.46567e-10
1.61578e-10
1.77474e-10
1.94155e-10
2.11464e-10
2.29169e-10
2.46954e-10
2.64402e-10
2.80994e-10
2.96104e-10
3.09021e-10
3.1898e-10
3.25222e-10
3.27076e-10
3.24045e-10
3.15903e-10
3.02762e-10
2.85085e-10
2.63652e-10
2.39461e-10
2.13594e-10
1.87092e-10
1.60849e-10
1.35548e-10
1.1165e-10
8.93998e-11
6.88556e-11
4.99232e-11
3.23804e-11
1.5891e-11
9.72233e-34
3.29187e-15
2.22413e-12
4.33953e-12
6.35397e-12
8.27216e-12
1.00986e-11
1.18377e-11
1.34936e-11
1.50702e-11
1.65712e-11
1.80003e-11
1.93609e-11
2.06563e-11
2.18895e-11
2.30637e-11
2.41815e-11
2.52457e-11
2.62589e-11
2.72236e-11
2.8142e-11
2.90163e-11
2.98488e-11
3.06414e-11
3.1396e-11
3.21144e-11
3.27984e-11
3.34497e-11
3.40698e-11
3.46602e-11
3.52223e-11
3.57575e-11
3.62671e-11
4.18707e-11
4.80145e-11
5.47445e-11
6.2109e-11
7.01571e-11
7.8938e-11
8.84995e-11
9.88855e-11
1.10133e-10
1.22269e-10
1.35305e-10
1.49228e-10
1.63995e-10
1.79525e-10
1.95681e-10
2.12263e-10
2.28993e-10
2.45502e-10
2.61323e-10
2.75893e-10
2.8856e-10
2.98618e-10
3.05348e-10
3.08095e-10
3.0635e-10
2.99831e-10
2.8856e-10
2.72889e-10
2.53472e-10
2.31196e-10
2.0706e-10
1.82053e-10
1.57051e-10
1.32748e-10
1.0963e-10
8.79771e-11
6.78838e-11
4.929e-11
3.20041e-11
1.57171e-11
1.05797e-33
3.01446e-15
2.03678e-12
3.97399e-12
5.81876e-12
7.5754e-12
9.24807e-12
1.08407e-11
1.23572e-11
1.3801e-11
1.51757e-11
1.64845e-11
1.77306e-11
1.8917e-11
2.00466e-11
2.1122e-11
2.21458e-11
2.31206e-11
2.40486e-11
2.49322e-11
2.57734e-11
2.65743e-11
2.73368e-11
2.80628e-11
2.8754e-11
2.94122e-11
3.00388e-11
3.06353e-11
3.12034e-11
3.17442e-11
3.22592e-11
3.27495e-11
3.32164e-11
3.83503e-11
4.39798e-11
5.01477e-11
5.68987e-11
6.42785e-11
7.23332e-11
8.11079e-11
9.06447e-11
1.0098e-10
1.12142e-10
1.24143e-10
1.3698e-10
1.50618e-10
1.64991e-10
1.79984e-10
1.95426e-10
2.11075e-10
2.26607e-10
2.4161e-10
2.55579e-10
2.67924e-10
2.77997e-10
2.85124e-10
2.88675e-10
2.88131e-10
2.83169e-10
2.73727e-10
2.60049e-10
2.42668e-10
2.22355e-10
2.00016e-10
1.76581e-10
1.52899e-10
1.29669e-10
1.07397e-10
8.63975e-11
6.68008e-11
4.85822e-11
3.15824e-11
1.5522e-11
1.14957e-33
2.7425e-15
1.8531e-12
3.61562e-12
5.29403e-12
6.89228e-12
8.41414e-12
9.86322e-12
1.1243e-11
1.25567e-11
1.38075e-11
1.49984e-11
1.61322e-11
1.72118e-11
1.82396e-11
1.92181e-11
2.01498e-11
2.10368e-11
2.18813e-11
2.26854e-11
2.34509e-11
2.41798e-11
2.48737e-11
2.55344e-11
2.61635e-11
2.67624e-11
2.73327e-11
2.78757e-11
2.83927e-11
2.88849e-11
2.93536e-11
2.97999e-11
3.02248e-11
3.48979e-11
4.00229e-11
4.56391e-11
5.17876e-11
5.85109e-11
6.58519e-11
7.38528e-11
8.25538e-11
9.19902e-11
1.0219e-10
1.1317e-10
1.2493e-10
1.37447e-10
1.50667e-10
1.64496e-10
1.78788e-10
1.93337e-10
2.07863e-10
2.22004e-10
2.35313e-10
2.47263e-10
2.57261e-10
2.64687e-10
2.68937e-10
2.69494e-10
2.66e-10
2.58324e-10
2.46604e-10
2.31258e-10
2.12938e-10
1.92451e-10
1.70657e-10
1.48372e-10
1.26289e-10
1.04933e-10
8.46454e-11
6.55945e-11
4.7791e-11
3.11099e-11
1.53029e-11
1.24699e-33
2.47814e-15
1.67453e-12
3.26723e-12
4.78392e-12
6.22819e-12
7.60344e-12
8.91295e-12
1.01598e-11
1.1347e-11
1.24774e-11
1.35536e-11
1.45783e-11
1.5554e-11
1.64829e-11
1.73673e-11
1.82093e-11
1.9011e-11
1.97743e-11
2.0501e-11
2.1193e-11
2.18517e-11
2.2479e-11
2.30762e-11
2.36448e-11
2.41862e-11
2.47017e-11
2.51925e-11
2.56599e-11
2.61048e-11
2.65285e-11
2.69319e-11
2.73161e-11
3.15409e-11
3.61749e-11
4.12542e-11
4.68162e-11
5.29001e-11
5.95455e-11
6.67917e-11
7.46767e-11
8.32346e-11
9.24935e-11
1.02472e-10
1.13175e-10
1.24586e-10
1.36666e-10
1.49337e-10
1.6248e-10
1.7592e-10
1.89416e-10
2.02658e-10
2.15253e-10
2.26734e-10
2.36569e-10
2.44187e-10
2.49021e-10
2.50563e-10
2.48429e-10
2.4243e-10
2.32611e-10
2.19275e-10
2.02957e-10
1.8436e-10
1.64269e-10
1.43453e-10
1.2259e-10
1.02218e-10
8.2705e-11
6.42522e-11
4.69074e-11
3.05806e-11
1.5057e-11
1.35003e-33
2.22342e-15
1.50248e-12
2.93153e-12
4.2924e-12
5.5883e-12
6.82228e-12
7.99728e-12
9.11608e-12
1.01814e-11
1.11957e-11
1.21614e-11
1.30809e-11
1.39564e-11
1.479e-11
1.55837e-11
1.63393e-11
1.70588e-11
1.77438e-11
1.8396e-11
1.9017e-11
1.96082e-11
2.01712e-11
2.07072e-11
2.12175e-11
2.17035e-11
2.21662e-11
2.26067e-11
2.30262e-11
2.34256e-11
2.38059e-11
2.4168e-11
2.45128e-11
2.83053e-11
3.24659e-11
3.70271e-11
4.20232e-11
4.74896e-11
5.34629e-11
5.99796e-11
6.7075e-11
7.47818e-11
8.31277e-11
9.21327e-11
1.01805e-10
1.12137e-10
1.23099e-10
1.3463e-10
1.46632e-10
1.58962e-10
1.71416e-10
1.83728e-10
1.9556e-10
2.06503e-10
2.16084e-10
2.23785e-10
2.29079e-10
2.31475e-10
2.30576e-10
2.26143e-10
2.1814e-10
2.06765e-10
1.92437e-10
1.75753e-10
1.5741e-10
1.38125e-10
1.18554e-10
9.92356e-11
8.056e-11
6.27609e-11
4.59215e-11
2.99881e-11
1.47812e-11
1.45829e-33
1.98025e-15
1.33821e-12
2.61102e-12
3.82311e-12
4.97734e-12
6.07644e-12
7.12301e-12
8.11954e-12
9.06841e-12
9.97189e-12
1.08321e-11
1.16512e-11
1.24311e-11
1.31736e-11
1.38806e-11
1.45538e-11
1.51947e-11
1.5805e-11
1.6386e-11
1.69392e-11
1.7466e-11
1.79675e-11
1.8445e-11
1.88997e-11
1.93327e-11
1.97449e-11
2.01374e-11
2.05111e-11
2.0867e-11
2.12059e-11
2.15285e-11
2.18358e-11
2.52153e-11
2.89234e-11
3.29894e-11
3.74441e-11
4.23198e-11
4.76498e-11
5.34675e-11
5.98057e-11
6.66953e-11
7.41634e-11
8.22308e-11
9.09089e-11
1.00196e-10
1.1007e-10
1.20487e-10
1.31369e-10
1.42597e-10
1.54005e-10
1.65367e-10
1.76396e-10
1.86738e-10
1.95978e-10
2.03652e-10
2.09276e-10
2.12384e-10
2.12577e-10
2.09578e-10
2.03283e-10
1.93794e-10
1.81419e-10
1.66646e-10
1.50083e-10
1.32382e-10
1.14166e-10
9.59681e-11
7.81947e-11
6.1107e-11
4.48231e-11
2.93257e-11
1.44721e-11
1.57113e-33
1.75027e-15
1.18284e-12
2.30789e-12
3.37927e-12
4.39951e-12
5.37103e-12
6.29613e-12
7.17701e-12
8.01578e-12
8.81443e-12
9.57488e-12
1.02989e-11
1.09884e-11
1.16448e-11
1.22698e-11
1.28649e-11
1.34315e-11
1.3971e-11
1.44847e-11
1.49739e-11
1.54396e-11
1.5883e-11
1.63052e-11
1.67073e-11
1.70901e-11
1.74545e-11
1.78016e-11
1.81321e-11
1.84467e-11
1.87464e-11
1.90317e-11
1.93034e-11
2.2292e-11
2.55718e-11
2.91688e-11
3.31107e-11
3.74266e-11
4.21464e-11
4.73006e-11
5.29195e-11
5.9032e-11
6.56639e-11
7.28365e-11
8.05634e-11
8.88472e-11
9.76753e-11
1.07015e-10
1.16805e-10
1.26952e-10
1.37319e-10
1.47721e-10
1.57916e-10
1.67602e-10
1.76419e-10
1.83958e-10
1.89782e-10
1.93455e-10
1.94584e-10
1.92869e-10
1.88151e-10
1.80445e-10
1.69958e-10
1.57072e-10
1.423e-10
1.2622e-10
1.09415e-10
9.24018e-11
7.55942e-11
5.92774e-11
4.36018e-11
2.85862e-11
1.41262e-11
1.68759e-33
1.53488e-15
1.03733e-12
2.02397e-12
2.96355e-12
3.8583e-12
4.71032e-12
5.52164e-12
6.2942e-12
7.02982e-12
7.73028e-12
8.39723e-12
9.03229e-12
9.63697e-12
1.02127e-11
1.07609e-11
1.12829e-11
1.17799e-11
1.22532e-11
1.27038e-11
1.31328e-11
1.35414e-11
1.39303e-11
1.43007e-11
1.46534e-11
1.49892e-11
1.5309e-11
1.56135e-11
1.59034e-11
1.61794e-11
1.64423e-11
1.66926e-11
1.6931e-11
1.95532e-11
2.24314e-11
2.55886e-11
2.90494e-11
3.28397e-11
3.69864e-11
4.15171e-11
4.64593e-11
5.18397e-11
5.76828e-11
6.40098e-11
7.08355e-11
7.81664e-11
8.59964e-11
9.43028e-11
1.03041e-10
1.12136e-10
1.21481e-10
1.30924e-10
1.40264e-10
1.49248e-10
1.5757e-10
1.64873e-10
1.70769e-10
1.74856e-10
1.76757e-10
1.76161e-10
1.72867e-10
1.66818e-10
1.5813e-10
1.47081e-10
1.34087e-10
1.1965e-10
1.04299e-10
8.85265e-11
7.27458e-11
5.72596e-11
4.22472e-11
2.77626e-11
1.37398e-11
1.80636e-33
1.33515e-15
9.02379e-13
1.76067e-12
2.57803e-12
3.35639e-12
4.09759e-12
4.80339e-12
5.47547e-12
6.11544e-12
6.72482e-12
7.30507e-12
7.85757e-12
8.38365e-12
8.88458e-12
9.36155e-12
9.81571e-12
1.02482e-11
1.06599e-11
1.1052e-11
1.14253e-11
1.17808e-11
1.21193e-11
1.24415e-11
1.27484e-11
1.30407e-11
1.33189e-11
1.35839e-11
1.38362e-11
1.40764e-11
1.43052e-11
1.4523e-11
1.47304e-11
1.70127e-11
1.9518e-11
2.22668e-11
2.52807e-11
2.85826e-11
3.21964e-11
3.61467e-11
4.04584e-11
4.5156e-11
5.02625e-11
5.5798e-11
6.17785e-11
6.8213e-11
7.51006e-11
8.24272e-11
9.01603e-11
9.82445e-11
1.06595e-10
1.1509e-10
1.23568e-10
1.31818e-10
1.39584e-10
1.4656e-10
1.52405e-10
1.56757e-10
1.59263e-10
1.59612e-10
1.57572e-10
1.53032e-10
1.46025e-10
1.36735e-10
1.25484e-10
1.12691e-10
9.88221e-11
8.43374e-11
6.964e-11
5.50429e-11
4.07497e-11
2.68476e-11
1.33092e-11
1.92567e-33
1.1518e-15
7.78488e-13
1.51894e-12
2.22409e-12
2.8956e-12
3.53505e-12
4.14397e-12
4.72382e-12
5.27595e-12
5.80171e-12
6.30234e-12
6.77904e-12
7.23295e-12
7.66516e-12
8.07671e-12
8.46859e-12
8.84173e-12
9.19703e-12
9.53534e-12
9.85749e-12
1.01642e-11
1.04563e-11
1.07344e-11
1.09993e-11
1.12515e-11
1.14916e-11
1.17202e-11
1.1938e-11
1.21453e-11
1.23427e-11
1.25307e-11
1.27098e-11
1.46796e-11
1.68423e-11
1.92157e-11
2.18186e-11
2.46711e-11
2.77943e-11
3.12099e-11
3.49403e-11
3.90075e-11
4.34327e-11
4.82352e-11
5.3431e-11
5.90308e-11
6.50377e-11
7.14444e-11
7.82289e-11
8.53505e-11
9.27443e-11
1.00316e-10
1.07935e-10
1.15433e-10
1.22594e-10
1.29164e-10
1.34847e-10
1.39324e-10
1.4227e-10
1.43382e-10
1.42416e-10
1.39217e-10
1.33751e-10
1.26118e-10
1.16547e-10
1.05374e-10
9.29991e-11
7.98368e-11
6.62717e-11
5.2619e-11
3.91011e-11
2.5835e-11
1.2831e-11
2.04323e-33
9.85187e-16
6.65903e-13
1.29927e-12
1.90245e-12
2.47685e-12
3.02384e-12
3.54472e-12
4.04073e-12
4.51305e-12
4.9628e-12
5.39107e-12
5.79887e-12
6.18718e-12
6.55694e-12
6.90902e-12
7.24428e-12
7.56352e-12
7.8675e-12
8.15695e-12
8.43257e-12
8.69501e-12
8.94492e-12
9.18289e-12
9.40949e-12
9.62526e-12
9.83073e-12
1.00264e-11
1.02127e-11
1.03901e-11
1.0559e-11
1.07199e-11
1.08731e-11
1.25588e-11
1.44099e-11
1.64417e-11
1.86705e-11
2.11138e-11
2.37899e-11
2.6718e-11
2.99177e-11
3.34088e-11
3.72106e-11
4.1341e-11
4.58158e-11
5.06465e-11
5.58391e-11
6.13914e-11
6.72898e-11
7.35056e-11
7.99909e-11
8.66734e-11
9.34515e-11
1.0019e-10
1.06715e-10
1.12814e-10
1.18238e-10
1.22709e-10
1.25936e-10
1.27635e-10
1.27556e-10
1.25517e-10
1.21432e-10
1.15327e-10
1.07349e-10
9.7749e-11
8.68568e-11
7.50359e-11
6.26417e-11
4.99835e-11
3.72951e-11
2.47193e-11
1.23021e-11
2.1562e-33
8.35335e-16
5.64637e-13
1.10169e-12
1.61314e-12
2.1002e-12
2.56402e-12
3.0057e-12
3.4263e-12
3.82682e-12
4.2082e-12
4.57137e-12
4.91719e-12
5.24649e-12
5.56006e-12
5.85864e-12
6.14296e-12
6.4137e-12
6.6715e-12
6.91699e-12
7.15074e-12
7.37333e-12
7.58529e-12
7.78712e-12
7.97931e-12
8.16233e-12
8.3366e-12
8.50255e-12
8.66058e-12
8.81106e-12
8.95436e-12
9.09082e-12
9.22077e-12
1.06508e-11
1.22213e-11
1.39454e-11
1.58372e-11
1.79116e-11
2.01845e-11
2.26725e-11
2.53929e-11
2.8363e-11
3.16002e-11
3.5121e-11
3.89401e-11
4.30697e-11
4.75174e-11
5.22848e-11
5.73647e-11
6.2738e-11
6.83705e-11
7.42084e-11
8.0174e-11
8.61612e-11
9.20317e-11
9.76129e-11
1.02698e-10
1.0705e-10
1.10412e-10
1.12525e-10
1.13147e-10
1.12081e-10
1.09201e-10
1.04475e-10
9.79759e-11
8.98773e-11
8.04353e-11
6.99563e-11
5.87589e-11
4.71369e-11
3.53286e-11
2.34966e-11
1.17201e-11
2.26112e-33
7.01934e-16
4.74483e-13
9.25789e-13
1.35558e-12
1.76488e-12
2.15465e-12
2.52582e-12
2.87928e-12
3.21587e-12
3.53638e-12
3.84159e-12
4.13222e-12
4.40897e-12
4.67251e-12
4.92345e-12
5.16241e-12
5.38996e-12
5.60664e-12
5.81297e-12
6.00944e-12
6.19653e-12
6.37469e-12
6.54434e-12
6.70589e-12
6.85972e-12
7.00621e-12
7.14571e-12
7.27855e-12
7.40505e-12
7.52551e-12
7.64022e-12
7.74945e-12
8.95166e-12
1.02722e-11
1.17221e-11
1.33133e-11
1.50587e-11
1.69717e-11
1.90666e-11
2.13584e-11
2.38623e-11
2.65936e-11
2.9567e-11
3.27964e-11
3.62936e-11
4.00674e-11
4.41217e-11
4.8454e-11
5.30529e-11
5.78948e-11
6.29409e-11
6.81332e-11
7.33905e-11
7.86047e-11
8.36379e-11
8.83215e-11
9.24579e-11
9.58268e-11
9.81962e-11
9.93395e-11
9.90566e-11
9.71978e-11
9.36859e-11
8.85315e-11
8.18374e-11
7.3789e-11
6.46319e-11
5.46411e-11
4.40865e-11
3.32024e-11
2.21656e-11
1.10835e-11
2.3539e-33
5.8439e-16
3.95041e-13
7.70786e-13
1.12862e-12
1.4694e-12
1.79392e-12
2.10295e-12
2.39724e-12
2.67749e-12
2.94436e-12
3.19848e-12
3.44048e-12
3.67092e-12
3.89035e-12
4.09931e-12
4.29829e-12
4.48777e-12
4.6682e-12
4.84002e-12
5.00363e-12
5.15943e-12
5.30779e-12
5.44907e-12
5.58361e-12
5.71172e-12
5.83372e-12
5.94989e-12
6.06052e-12
6.16587e-12
6.26619e-12
6.36173e-12
6.45271e-12
7.45403e-12
8.55404e-12
9.76203e-12
1.10881e-11
1.25429e-11
1.4138e-11
1.58855e-11
1.77982e-11
1.98891e-11
2.21717e-11
2.4659e-11
2.73635e-11
3.02966e-11
3.34671e-11
3.68808e-11
4.05383e-11
4.44338e-11
4.85519e-11
5.28657e-11
5.73331e-11
6.18932e-11
6.64633e-11
7.09355e-11
7.51751e-11
7.90204e-11
8.22863e-11
8.47713e-11
8.62694e-11
8.65873e-11
8.55636e-11
8.30902e-11
7.91288e-11
7.37209e-11
6.69862e-11
5.91094e-11
5.03168e-11
4.08472e-11
3.09232e-11
2.07279e-11
1.03925e-11
2.42986e-33
4.81868e-16
3.25747e-13
6.35584e-13
9.30655e-13
1.21166e-12
1.47926e-12
1.7341e-12
1.97678e-12
2.20787e-12
2.42795e-12
2.63751e-12
2.83707e-12
3.02711e-12
3.20808e-12
3.3804e-12
3.5445e-12
3.70077e-12
3.84958e-12
3.99128e-12
4.12622e-12
4.25471e-12
4.37708e-12
4.4936e-12
4.60456e-12
4.71023e-12
4.81085e-12
4.90667e-12
4.99792e-12
5.08482e-12
5.16757e-12
5.24637e-12
5.32142e-12
6.14741e-12
7.05492e-12
8.05167e-12
9.14602e-12
1.0347e-11
1.16641e-11
1.31076e-11
1.46884e-11
1.64174e-11
1.83062e-11
2.03663e-11
2.26088e-11
2.50439e-11
2.76805e-11
3.05251e-11
3.35805e-11
3.68446e-11
4.03085e-11
4.39541e-11
4.77518e-11
5.16572e-11
5.56083e-11
5.95225e-11
6.32942e-11
6.6794e-11
6.98696e-11
7.23503e-11
7.40546e-11
7.4803e-11
7.44336e-11
7.28199e-11
6.98884e-11
6.56307e-11
6.01086e-11
5.34485e-11
4.5826e-11
3.74432e-11
2.85035e-11
1.91894e-11
9.64906e-12
2.4839e-33
3.93345e-16
2.65913e-13
5.18839e-13
7.59712e-13
9.89102e-13
1.20755e-12
1.41559e-12
1.6137e-12
1.80236e-12
1.98201e-12
2.1531e-12
2.31602e-12
2.47116e-12
2.6189e-12
2.75959e-12
2.89357e-12
3.02115e-12
3.14264e-12
3.25833e-12
3.3685e-12
3.47342e-12
3.57332e-12
3.66846e-12
3.75906e-12
3.84534e-12
3.9275e-12
4.00574e-12
4.08025e-12
4.1512e-12
4.21877e-12
4.28312e-12
4.3444e-12
5.0189e-12
5.76006e-12
6.57422e-12
7.46826e-12
8.4496e-12
9.52619e-12
1.07065e-11
1.19996e-11
1.34147e-11
1.49616e-11
1.66502e-11
1.84901e-11
2.04905e-11
2.26598e-11
2.50044e-11
2.75287e-11
3.0233e-11
3.31129e-11
3.61569e-11
3.93451e-11
4.26458e-11
4.60138e-11
4.9387e-11
5.26845e-11
5.58048e-11
5.86254e-11
6.1005e-11
6.27885e-11
6.38151e-11
6.39305e-11
6.30016e-11
6.09322e-11
5.76766e-11
5.32483e-11
4.77209e-11
4.12203e-11
3.39085e-11
2.59637e-11
1.75605e-11
8.85734e-12
2.51062e-33
3.1767e-16
2.1476e-13
4.19032e-13
6.1357e-13
7.98836e-13
9.75268e-13
1.14329e-12
1.30329e-12
1.45567e-12
1.60077e-12
1.73895e-12
1.87054e-12
1.99585e-12
2.11518e-12
2.22882e-12
2.33704e-12
2.44009e-12
2.53822e-12
2.63167e-12
2.72067e-12
2.80541e-12
2.88611e-12
2.96297e-12
3.03615e-12
3.10585e-12
3.17222e-12
3.23542e-12
3.29561e-12
3.35293e-12
3.40752e-12
3.4595e-12
3.509e-12
4.05393e-12
4.65277e-12
5.31067e-12
6.03325e-12
6.82655e-12
7.69707e-12
8.65178e-12
9.69806e-12
1.08437e-11
1.20968e-11
1.34657e-11
1.49585e-11
1.65835e-11
1.83481e-11
2.02586e-11
2.23197e-11
2.45336e-11
2.68987e-11
2.94084e-11
3.20498e-11
3.48011e-11
3.76299e-11
4.04909e-11
4.33232e-11
4.60489e-11
4.85717e-11
5.07775e-11
5.2537e-11
5.37111e-11
5.41592e-11
5.37505e-11
5.23779e-11
4.99703e-11
4.65041e-11
4.2008e-11
3.65618e-11
3.02868e-11
2.33318e-11
1.58571e-11
8.02429e-12
2.5047e-33
2.53612e-16
1.71458e-13
3.34542e-13
4.89856e-13
6.37768e-13
7.78628e-13
9.12772e-13
1.04052e-12
1.16217e-12
1.27803e-12
1.38835e-12
1.49342e-12
1.59347e-12
1.68875e-12
1.77948e-12
1.86588e-12
1.94817e-12
2.02652e-12
2.10114e-12
2.1722e-12
2.23987e-12
2.30431e-12
2.36568e-12
2.42412e-12
2.47977e-12
2.53277e-12
2.58324e-12
2.6313e-12
2.67707e-12
2.72066e-12
2.76217e-12
2.80171e-12
3.23688e-12
3.71516e-12
4.24068e-12
4.81794e-12
5.45181e-12
6.14755e-12
6.9108e-12
7.74756e-12
8.66419e-12
9.66735e-12
1.07639e-11
1.19608e-11
1.3265e-11
1.46829e-11
1.62205e-11
1.78824e-11
1.96717e-11
2.15886e-11
2.363e-11
2.57878e-11
2.80477e-11
3.03871e-11
3.27735e-11
3.51623e-11
3.74949e-11
3.96971e-11
4.16791e-11
4.3336e-11
4.4551e-11
4.52007e-11
4.5164e-11
4.43317e-11
4.26191e-11
3.99765e-11
3.63973e-11
3.19211e-11
2.66307e-11
2.06434e-11
1.41005e-11
7.15967e-12
2.46128e-33
1.99907e-16
1.35153e-13
2.63705e-13
3.86133e-13
5.02726e-13
6.13762e-13
7.19504e-13
8.20205e-13
9.16103e-13
1.00743e-12
1.0944e-12
1.17722e-12
1.25609e-12
1.3312e-12
1.40273e-12
1.47084e-12
1.53571e-12
1.59748e-12
1.65631e-12
1.71233e-12
1.76567e-12
1.81648e-12
1.86486e-12
1.91093e-12
1.95481e-12
1.99659e-12
2.03638e-12
2.07428e-12
2.11036e-12
2.14473e-12
2.17746e-12
2.20863e-12
2.55175e-12
2.92888e-12
3.34331e-12
3.7986e-12
4.29864e-12
4.84759e-12
5.44996e-12
6.11056e-12
6.8345e-12
7.62717e-12
8.49416e-12
9.4412e-12
1.0474e-11
1.15982e-11
1.2819e-11
1.41407e-11
1.55666e-11
1.70982e-11
1.87343e-11
2.04705e-11
2.22975e-11
2.42003e-11
2.6156e-11
2.81325e-11
3.00868e-11
3.19632e-11
3.36923e-11
3.51914e-11
3.63651e-11
3.71093e-11
3.73163e-11
3.68828e-11
3.57196e-11
3.37617e-11
3.09772e-11
2.73736e-11
2.29993e-11
1.79409e-11
1.23173e-11
6.27597e-12
2.37635e-33
1.553e-16
1.04997e-13
2.04867e-13
2.99979e-13
3.90559e-13
4.76821e-13
5.58971e-13
6.37205e-13
7.11709e-13
7.8266e-13
8.50228e-13
9.14574e-13
9.75851e-13
1.03421e-12
1.08978e-12
1.1427e-12
1.1931e-12
1.24109e-12
1.2868e-12
1.33032e-12
1.37177e-12
1.41124e-12
1.44884e-12
1.48463e-12
1.51873e-12
1.55119e-12
1.58211e-12
1.61155e-12
1.63959e-12
1.6663e-12
1.69173e-12
1.71595e-12
1.98257e-12
2.27565e-12
2.59774e-12
2.95163e-12
3.34035e-12
3.76718e-12
4.23566e-12
4.74956e-12
5.31294e-12
5.93007e-12
6.60543e-12
7.34362e-12
8.14934e-12
9.02721e-12
9.98162e-12
1.10165e-11
1.2135e-11
1.33391e-11
1.4629e-11
1.60024e-11
1.74538e-11
1.89733e-11
2.05453e-11
2.21474e-11
2.37485e-11
2.53077e-11
2.67728e-11
2.808e-11
2.91539e-11
2.99093e-11
3.02546e-11
3.00972e-11
2.9351e-11
2.79447e-11
2.5831e-11
2.29942e-11
1.94546e-11
1.52706e-11
1.05375e-11
5.38792e-12
2.24727e-33
1.18572e-16
8.01673e-14
1.5642e-13
2.2904e-13
2.98199e-13
3.64063e-13
4.26787e-13
4.86521e-13
5.43408e-13
5.97582e-13
6.49173e-13
6.98305e-13
7.45093e-13
7.89651e-13
8.32084e-13
8.72493e-13
9.10975e-13
9.47623e-13
9.82523e-13
1.01576e-12
1.04741e-12
1.07755e-12
1.10626e-12
1.13359e-12
1.15963e-12
1.18442e-12
1.20803e-12
1.23051e-12
1.25192e-12
1.27232e-12
1.29174e-12
1.31023e-12
1.51384e-12
1.73767e-12
1.98368e-12
2.254e-12
2.55097e-12
2.8771e-12
3.23513e-12
3.62797e-12
4.05877e-12
4.53084e-12
5.04769e-12
5.61296e-12
6.23036e-12
6.90364e-12
7.63638e-12
8.43195e-12
9.29317e-12
1.02221e-11
1.12196e-11
1.22848e-11
1.34146e-11
1.46028e-11
1.58391e-11
1.7108e-11
1.83876e-11
1.96487e-11
2.08529e-11
2.19522e-11
2.28888e-11
2.35953e-11
2.39966e-11
2.40138e-11
2.35691e-11
2.25926e-11
2.10303e-11
1.88517e-11
1.60566e-11
1.26796e-11
8.79321e-12
4.51145e-12
2.07293e-33
8.85549e-17
5.98732e-14
1.16823e-13
1.71059e-13
2.22711e-13
2.71902e-13
3.18749e-13
3.63362e-13
4.05849e-13
4.4631e-13
4.84843e-13
5.21538e-13
5.56484e-13
5.89763e-13
6.21456e-13
6.51638e-13
6.80381e-13
7.07753e-13
7.3382e-13
7.58645e-13
7.82286e-13
8.04799e-13
8.2624e-13
8.46658e-13
8.66103e-13
8.84621e-13
9.02256e-13
9.19051e-13
9.35045e-13
9.50276e-13
9.64782e-13
9.78596e-13
1.13069e-12
1.2979e-12
1.48168e-12
1.68365e-12
1.90555e-12
2.14928e-12
2.41689e-12
2.71059e-12
3.03274e-12
3.38587e-12
3.77266e-12
4.19588e-12
4.65842e-12
5.16318e-12
5.71303e-12
6.31067e-12
6.95852e-12
7.65846e-12
8.4116e-12
9.21792e-12
1.00758e-11
1.09814e-11
1.19282e-11
1.29059e-11
1.38994e-11
1.48881e-11
1.58448e-11
1.67344e-11
1.75137e-11
1.81313e-11
1.85283e-11
1.86404e-11
1.84014e-11
1.77482e-11
1.66272e-11
1.50013e-11
1.2857e-11
1.02108e-11
7.11454e-12
3.66213e-12
1.85368e-33
6.41319e-17
4.33609e-14
8.46046e-14
1.23883e-13
1.61291e-13
1.96916e-13
2.30843e-13
2.63153e-13
2.93923e-13
3.23227e-13
3.51133e-13
3.77709e-13
4.03018e-13
4.27121e-13
4.50074e-13
4.71933e-13
4.92751e-13
5.12575e-13
5.31455e-13
5.49434e-13
5.66556e-13
5.82862e-13
5.98391e-13
6.1318e-13
6.27263e-13
6.40676e-13
6.53449e-13
6.65613e-13
6.77197e-13
6.88229e-13
6.98736e-13
7.08741e-13
8.18907e-13
9.40021e-13
1.07315e-12
1.21947e-12
1.38024e-12
1.55685e-12
1.75078e-12
1.96366e-12
2.19722e-12
2.4533e-12
2.73389e-12
3.04103e-12
3.37687e-12
3.74359e-12
4.14337e-12
4.57831e-12
5.05031e-12
5.56097e-12
6.11138e-12
6.70189e-12
7.33178e-12
7.99887e-12
8.69904e-12
9.42558e-12
1.01686e-11
1.09139e-11
1.16428e-11
1.23306e-11
1.29462e-11
1.34519e-11
1.38034e-11
1.39512e-11
1.38422e-11
1.34237e-11
1.26476e-11
1.1477e-11
9.89187e-12
7.89651e-12
5.52581e-12
2.8529e-12
1.59052e-33
4.42232e-17
2.99006e-14
5.83411e-14
8.54268e-14
1.11222e-13
1.35788e-13
1.59184e-13
1.81464e-13
2.02683e-13
2.2289e-13
2.42134e-13
2.60461e-13
2.77914e-13
2.94535e-13
3.10363e-13
3.25438e-13
3.39793e-13
3.53464e-13
3.66484e-13
3.78883e-13
3.9069e-13
4.01935e-13
4.12644e-13
4.22843e-13
4.32555e-13
4.41805e-13
4.50613e-13
4.59002e-13
4.66991e-13
4.74599e-13
4.81845e-13
4.88745e-13
5.64721e-13
6.48251e-13
7.40074e-13
8.40996e-13
9.51897e-13
1.07373e-12
1.20754e-12
1.35443e-12
1.51562e-12
1.6924e-12
1.88615e-12
2.0983e-12
2.33036e-12
2.58389e-12
2.86045e-12
3.16154e-12
3.48859e-12
3.84282e-12
4.22515e-12
4.63602e-12
5.07519e-12
5.54149e-12
6.03245e-12
6.54392e-12
7.06956e-12
7.60027e-12
8.12355e-12
8.6229e-12
9.07718e-12
9.46022e-12
9.74077e-12
9.88289e-12
9.84725e-12
9.59324e-12
9.08229e-12
8.2823e-12
7.17293e-12
5.75159e-12
4.03993e-12
2.09123e-12
1.28326e-33
2.77402e-17
1.87561e-14
3.65963e-14
5.35867e-14
6.97676e-14
8.51776e-14
9.98532e-14
1.13829e-13
1.2714e-13
1.39815e-13
1.51887e-13
1.63383e-13
1.74331e-13
1.84758e-13
1.94687e-13
2.04143e-13
2.13148e-13
2.21724e-13
2.29892e-13
2.37669e-13
2.45077e-13
2.52131e-13
2.58849e-13
2.65246e-13
2.71339e-13
2.77141e-13
2.82667e-13
2.8793e-13
2.92941e-13
2.97714e-13
3.02259e-13
3.06588e-13
3.5425e-13
4.06653e-13
4.64261e-13
5.2758e-13
5.97163e-13
6.73612e-13
7.57579e-13
8.49771e-13
9.50949e-13
1.06193e-12
1.18358e-12
1.31683e-12
1.46262e-12
1.62197e-12
1.79586e-12
1.98528e-12
2.19118e-12
2.41437e-12
2.65551e-12
2.91498e-12
3.19276e-12
3.48825e-12
3.8001e-12
4.12594e-12
4.46205e-12
4.80299e-12
5.14123e-12
5.46666e-12
5.7662e-12
6.0234e-12
6.21836e-12
6.3278e-12
6.32567e-12
6.18446e-12
5.87719e-12
5.38031e-12
4.67746e-12
3.76391e-12
2.65171e-12
1.37552e-12
9.26922e-34
1.3493e-17
9.12314e-15
1.78008e-14
2.60651e-14
3.39357e-14
4.14313e-14
4.85697e-14
5.5368e-14
6.18422e-14
6.80079e-14
7.38797e-14
7.94716e-14
8.4797e-14
8.98686e-14
9.46984e-14
9.9298e-14
1.03678e-13
1.0785e-13
1.11823e-13
1.15606e-13
1.19209e-13
1.2264e-13
1.25908e-13
1.2902e-13
1.31984e-13
1.34806e-13
1.37494e-13
1.40054e-13
1.42492e-13
1.44813e-13
1.47024e-13
1.4913e-13
1.72315e-13
1.97806e-13
2.25829e-13
2.56632e-13
2.90484e-13
3.27677e-13
3.6853e-13
4.13388e-13
4.62623e-13
5.16633e-13
5.75844e-13
6.40708e-13
7.11696e-13
7.89298e-13
8.7401e-13
9.66323e-13
1.06671e-12
1.17558e-12
1.29329e-12
1.42005e-12
1.55588e-12
1.70056e-12
1.85348e-12
2.01356e-12
2.17907e-12
2.34747e-12
2.51519e-12
2.6774e-12
2.82779e-12
2.95839e-12
3.05942e-12
3.11932e-12
3.12502e-12
3.06246e-12
2.91761e-12
2.67785e-12
2.33398e-12
1.88262e-12
1.329e-12
6.90371e-13
5.05474e-34
4.01155e-42
5.28165e-41
1.73714e-40
3.49031e-40
5.60821e-40
7.94751e-40
1.03949e-39
1.28619e-39
1.52806e-39
1.75999e-39
1.97825e-39
2.18024e-39
2.36425e-39
2.52931e-39
2.675e-39
2.80137e-39
2.90881e-39
2.99796e-39
3.06966e-39
3.12489e-39
3.16471e-39
3.19022e-39
3.20258e-39
3.2029e-39
3.1923e-39
3.17188e-39
3.14265e-39
3.10563e-39
3.06174e-39
3.01186e-39
2.95681e-39
1.95826e-38
4.64131e-38
6.72455e-38
9.63836e-38
1.36894e-37
1.92923e-37
2.70067e-37
3.75863e-37
5.20444e-37
7.17409e-37
9.84972e-37
1.34749e-36
1.83747e-36
2.4982e-36
3.38722e-36
4.58077e-36
6.17966e-36
8.31664e-36
1.11659e-35
1.49551e-35
1.99796e-35
2.66205e-35
3.53651e-35
4.68298e-35
6.17839e-35
8.11708e-35
1.06121e-34
1.37945e-34
1.78097e-34
2.28077e-34
2.89244e-34
3.62501e-34
4.4779e-34
5.43356e-34
6.44724e-34
7.43394e-34
8.25316e-34
8.69361e-34
8.46214e-34
7.18523e-34
4.43772e-34
1.74622e-34
