-3.3341e-41
-4.38971e-40
-1.44378e-39
-2.90088e-39
-4.6611e-39
-6.60533e-39
-8.63936e-39
-1.06897e-38
-1.26998e-38
-1.46274e-38
-1.64413e-38
-1.812e-38
-1.96493e-38
-2.1021e-38
-2.22317e-38
-2.32819e-38
-2.41747e-38
-2.49155e-38
-2.55113e-38
-2.59702e-38
-2.6301e-38
-2.6513e-38
-2.66156e-38
-2.66181e-38
-2.653e-38
-2.63601e-38
-2.61172e-38
-2.58094e-38
-2.54446e-38
-2.503e-38
-2.45725e-38
-1.62738e-37
-3.85698e-37
-5.58793e-37
-8.0088e-37
-1.13741e-36
-1.60281e-36
-2.24348e-36
-3.12194e-36
-4.32213e-36
-5.95668e-36
-8.17626e-36
-1.11822e-35
-1.52426e-35
-2.07144e-35
-2.80704e-35
-3.79361e-35
-5.11357e-35
-6.87508e-35
-9.21942e-35
-1.23301e-34
-1.64437e-34
-2.18629e-34
-2.89706e-34
-3.8245e-34
-5.02731e-34
-6.57601e-34
-8.55283e-34
-1.10498e-33
-1.41638e-33
-1.79871e-33
-2.25909e-33
-2.80001e-33
-3.41573e-33
-4.08733e-33
-4.77667e-33
-5.41924e-33
-5.91678e-33
-6.13051e-33
-5.87655e-33
-4.92613e-33
-3.01588e-33
-4.17976e-34
2.84835e-17
1.92582e-14
3.75761e-14
5.50213e-14
7.16354e-14
8.74577e-14
1.02526e-13
1.16876e-13
1.30542e-13
1.43557e-13
1.55951e-13
1.67754e-13
1.78995e-13
1.89699e-13
1.99894e-13
2.09602e-13
2.18847e-13
2.27652e-13
2.36037e-13
2.44022e-13
2.51626e-13
2.58868e-13
2.65765e-13
2.72333e-13
2.78588e-13
2.84544e-13
2.90217e-13
2.95619e-13
3.00764e-13
3.05664e-13
3.1033e-13
3.14773e-13
3.63699e-13
4.17486e-13
4.76609e-13
5.41585e-13
6.12977e-13
6.91397e-13
7.77506e-13
8.7202e-13
9.75704e-13
1.08938e-12
1.21391e-12
1.3502e-12
1.49919e-12
1.66185e-12
1.83911e-12
2.03187e-12
2.24097e-12
2.46705e-12
2.71054e-12
2.97153e-12
3.2496e-12
3.54367e-12
3.85174e-12
4.17067e-12
4.49581e-12
4.82071e-12
5.13669e-12
5.43254e-12
5.69429e-12
5.90505e-12
6.04529e-12
6.09342e-12
6.02687e-12
5.82382e-12
5.46544e-12
4.93841e-12
4.23757e-12
3.36826e-12
2.34812e-12
1.20898e-12
-3.18277e-33
5.95525e-17
4.02641e-14
7.85621e-14
1.15036e-13
1.49771e-13
1.82852e-13
2.14355e-13
2.44357e-13
2.72929e-13
3.00139e-13
3.26051e-13
3.50728e-13
3.74229e-13
3.96609e-13
4.17922e-13
4.38218e-13
4.57547e-13
4.75955e-13
4.93484e-13
5.10178e-13
5.26076e-13
5.41216e-13
5.55634e-13
5.69365e-13
5.82441e-13
5.94894e-13
6.06753e-13
6.18047e-13
6.28803e-13
6.39046e-13
6.488e-13
6.5809e-13
7.60369e-13
8.72807e-13
9.96393e-13
1.1322e-12
1.28142e-12
1.4453e-12
1.62523e-12
1.8227e-12
2.03928e-12
2.27668e-12
2.53668e-12
2.82114e-12
3.13199e-12
3.47116e-12
3.84055e-12
4.24195e-12
4.67695e-12
5.14674e-12
5.65201e-12
6.19264e-12
6.76742e-12
7.37367e-12
8.00672e-12
8.6594e-12
9.32137e-12
9.97844e-12
1.06119e-11
1.11978e-11
1.17069e-11
1.21043e-11
1.23506e-11
1.24031e-11
1.22185e-11
1.17566e-11
1.09843e-11
9.88107e-12
8.44261e-12
6.68466e-12
4.64517e-12
2.38637e-12
-5.78904e-33
9.74283e-17
6.58713e-14
1.28526e-13
1.88196e-13
2.45022e-13
2.9914e-13
3.50679e-13
3.99761e-13
4.46502e-13
4.91016e-13
5.33406e-13
5.73776e-13
6.1222e-13
6.48831e-13
6.83697e-13
7.16899e-13
7.48519e-13
7.7863e-13
8.07306e-13
8.34614e-13
8.6062e-13
8.85386e-13
9.08972e-13
9.31432e-13
9.52822e-13
9.73192e-13
9.92591e-13
1.01106e-12
1.02866e-12
1.04541e-12
1.06137e-12
1.07656e-12
1.24386e-12
1.42776e-12
1.62988e-12
1.85197e-12
2.09594e-12
2.36386e-12
2.65797e-12
2.98066e-12
3.33449e-12
3.72218e-12
4.1466e-12
4.6107e-12
5.11751e-12
5.67005e-12
6.27123e-12
6.92372e-12
7.62974e-12
8.39086e-12
9.20761e-12
1.00791e-11
1.10025e-11
1.19724e-11
1.29798e-11
1.40117e-11
1.50495e-11
1.60686e-11
1.70369e-11
1.79146e-11
1.86538e-11
1.91992e-11
1.94901e-11
1.94631e-11
1.90572e-11
1.82192e-11
1.69101e-11
1.51117e-11
1.28308e-11
1.01017e-11
6.98701e-12
3.57798e-12
-7.91547e-33
1.46217e-16
9.88552e-14
1.92883e-13
2.82431e-13
3.67711e-13
4.48927e-13
5.26271e-13
5.99927e-13
6.70072e-13
7.36871e-13
8.00485e-13
8.61065e-13
9.18756e-13
9.73695e-13
1.02601e-12
1.07584e-12
1.12329e-12
1.16847e-12
1.2115e-12
1.25248e-12
1.2915e-12
1.32866e-12
1.36405e-12
1.39775e-12
1.42985e-12
1.46041e-12
1.48952e-12
1.51724e-12
1.54363e-12
1.56877e-12
1.59271e-12
1.61551e-12
1.86651e-12
2.1424e-12
2.44559e-12
2.77869e-12
3.14455e-12
3.54624e-12
3.98707e-12
4.47059e-12
5.00055e-12
5.58095e-12
6.21594e-12
6.90979e-12
7.66679e-12
8.49118e-12
9.38689e-12
1.03574e-11
1.14054e-11
1.25322e-11
1.37377e-11
1.5019e-11
1.63702e-11
1.77811e-11
1.92359e-11
2.07122e-11
2.21796e-11
2.35984e-11
2.49184e-11
2.60791e-11
2.70098e-11
2.76321e-11
2.78631e-11
2.76215e-11
2.68342e-11
2.54443e-11
2.34195e-11
2.07571e-11
1.74873e-11
1.36724e-11
9.40337e-12
4.79677e-12
-9.65735e-33
2.10657e-16
1.42418e-13
2.77881e-13
4.0689e-13
5.29749e-13
6.46753e-13
7.58177e-13
8.64288e-13
9.65339e-13
1.06157e-12
1.15321e-12
1.24048e-12
1.32359e-12
1.40273e-12
1.47809e-12
1.54987e-12
1.61821e-12
1.6833e-12
1.74528e-12
1.8043e-12
1.86051e-12
1.91404e-12
1.96502e-12
2.01356e-12
2.05979e-12
2.10381e-12
2.14573e-12
2.18566e-12
2.22368e-12
2.25988e-12
2.29436e-12
2.3272e-12
2.68869e-12
3.08597e-12
3.5225e-12
4.00203e-12
4.52859e-12
5.10656e-12
5.74063e-12
6.43579e-12
7.19735e-12
8.03083e-12
8.94198e-12
9.93661e-12
1.10205e-11
1.21991e-11
1.34773e-11
1.48592e-11
1.63474e-11
1.79422e-11
1.96413e-11
2.14381e-11
2.33212e-11
2.5272e-11
2.7264e-11
2.92607e-11
3.12138e-11
3.30623e-11
3.4732e-11
3.61357e-11
3.71763e-11
3.77504e-11
3.77556e-11
3.70986e-11
3.57053e-11
3.35301e-11
3.0563e-11
2.68332e-11
2.24074e-11
1.73832e-11
1.18805e-11
6.03457e-12
-1.1051e-32
2.95598e-16
1.99837e-13
3.89914e-13
5.70933e-13
7.43324e-13
9.07495e-13
1.06384e-12
1.21272e-12
1.35451e-12
1.48953e-12
1.6181e-12
1.74055e-12
1.85715e-12
1.96818e-12
2.07392e-12
2.17461e-12
2.2705e-12
2.36181e-12
2.44876e-12
2.53157e-12
2.61042e-12
2.68551e-12
2.75702e-12
2.82512e-12
2.88997e-12
2.95172e-12
3.01053e-12
3.06653e-12
3.11986e-12
3.17065e-12
3.21902e-12
3.26508e-12
3.77209e-12
4.32925e-12
4.94134e-12
5.61357e-12
6.35155e-12
7.16131e-12
8.04931e-12
9.02237e-12
1.00877e-11
1.12527e-11
1.25251e-11
1.39125e-11
1.54221e-11
1.70608e-11
1.88341e-11
2.07462e-11
2.27985e-11
2.49891e-11
2.73113e-11
2.9752e-11
3.22903e-11
3.48949e-11
3.75225e-11
4.01154e-11
4.26004e-11
4.48875e-11
4.68709e-11
4.84316e-11
4.94429e-11
4.97783e-11
4.93221e-11
4.79814e-11
4.56979e-11
4.24563e-11
3.82892e-11
3.32741e-11
2.75247e-11
2.11778e-11
1.43788e-11
7.2712e-12
-1.21107e-32
4.01927e-16
2.7171e-13
5.3015e-13
7.76274e-13
1.01066e-12
1.23388e-12
1.44644e-12
1.64887e-12
1.84164e-12
2.0252e-12
2.20001e-12
2.36648e-12
2.525e-12
2.67595e-12
2.8197e-12
2.95659e-12
3.08694e-12
3.21107e-12
3.32927e-12
3.44184e-12
3.54903e-12
3.6511e-12
3.74831e-12
3.84087e-12
3.92902e-12
4.01296e-12
4.0929e-12
4.16902e-12
4.24151e-12
4.31055e-12
4.37629e-12
4.43889e-12
5.12798e-12
5.88512e-12
6.71678e-12
7.62995e-12
8.63217e-12
9.73152e-12
1.09366e-11
1.22564e-11
1.37005e-11
1.52786e-11
1.70004e-11
1.88756e-11
2.09131e-11
2.31209e-11
2.5505e-11
2.80686e-11
3.08112e-11
3.37266e-11
3.68014e-11
4.00128e-11
4.33261e-11
4.66918e-11
5.00436e-11
5.32956e-11
5.63413e-11
5.90539e-11
6.12894e-11
6.28923e-11
6.37052e-11
6.35823e-11
6.24043e-11
6.00937e-11
5.6627e-11
5.20411e-11
4.64301e-11
3.99344e-11
3.27229e-11
2.49715e-11
1.68441e-11
8.48066e-12
-1.28476e-32
5.19966e-16
3.51498e-13
6.85828e-13
1.00422e-12
1.30744e-12
1.59619e-12
1.87117e-12
2.13303e-12
2.38239e-12
2.61986e-12
2.84598e-12
3.06132e-12
3.26637e-12
3.46163e-12
3.64757e-12
3.82464e-12
3.99325e-12
4.15381e-12
4.3067e-12
4.4523e-12
4.59094e-12
4.72297e-12
4.84869e-12
4.96842e-12
5.08242e-12
5.19099e-12
5.29438e-12
5.39283e-12
5.48659e-12
5.57587e-12
5.66089e-12
5.74186e-12
6.63303e-12
7.6121e-12
8.68739e-12
9.8679e-12
1.11633e-11
1.25838e-11
1.41405e-11
1.58448e-11
1.77086e-11
1.97441e-11
2.19635e-11
2.43783e-11
2.69994e-11
2.98356e-11
3.28931e-11
3.6174e-11
3.96748e-11
4.33843e-11
4.72809e-11
5.13301e-11
5.54809e-11
5.96626e-11
6.37821e-11
6.77208e-11
7.13345e-11
7.44553e-11
7.68967e-11
7.84641e-11
7.89694e-11
7.82498e-11
7.61888e-11
7.27341e-11
6.79101e-11
6.18189e-11
5.46293e-11
4.65543e-11
3.78223e-11
2.8648e-11
1.9209e-11
9.63257e-12
-1.32751e-32
6.27332e-16
4.24072e-13
8.27431e-13
1.21156e-12
1.57738e-12
1.92575e-12
2.2575e-12
2.57342e-12
2.87427e-12
3.16075e-12
3.43356e-12
3.69334e-12
3.94072e-12
4.17629e-12
4.40061e-12
4.61422e-12
4.81763e-12
5.01133e-12
5.19578e-12
5.37143e-12
5.53868e-12
5.69796e-12
5.84963e-12
5.99406e-12
6.13159e-12
6.26256e-12
6.38728e-12
6.50605e-12
6.61915e-12
6.72685e-12
6.82942e-12
6.92709e-12
8.0021e-12
9.18308e-12
1.04801e-11
1.19038e-11
1.34659e-11
1.51788e-11
1.70556e-11
1.91099e-11
2.1356e-11
2.38083e-11
2.64811e-11
2.9388e-11
3.25415e-11
3.59514e-11
3.96243e-11
4.35615e-11
4.77571e-11
5.21954e-11
5.68479e-11
6.16696e-11
6.65955e-11
7.1536e-11
7.63736e-11
8.09604e-11
8.51178e-11
8.86394e-11
9.1299e-11
9.28641e-11
9.31156e-11
9.18721e-11
8.90157e-11
8.45146e-11
7.84352e-11
7.09405e-11
6.22708e-11
5.27108e-11
4.25498e-11
3.20434e-11
2.13844e-11
1.06889e-11
-1.34052e-32
6.96061e-16
4.70533e-13
9.18084e-13
1.3443e-12
1.7502e-12
2.13674e-12
2.50484e-12
2.85537e-12
3.18918e-12
3.50705e-12
3.80975e-12
4.098e-12
4.37248e-12
4.63386e-12
4.88276e-12
5.11978e-12
5.34547e-12
5.5604e-12
5.76506e-12
5.95995e-12
6.14553e-12
6.32226e-12
6.49055e-12
6.6508e-12
6.80341e-12
6.94873e-12
7.08712e-12
7.2189e-12
7.3444e-12
7.4639e-12
7.57771e-12
7.68608e-12
8.8789e-12
1.01893e-11
1.16284e-11
1.32083e-11
1.49417e-11
1.68424e-11
1.8925e-11
2.12048e-11
2.36974e-11
2.6419e-11
2.93856e-11
3.26122e-11
3.61127e-11
3.98984e-11
4.39764e-11
4.83485e-11
5.30084e-11
5.79388e-11
6.31083e-11
6.84673e-11
7.39434e-11
7.94373e-11
8.48181e-11
8.99206e-11
9.4545e-11
9.84595e-11
1.01409e-10
1.03131e-10
1.03378e-10
1.01941e-10
9.86887e-11
9.35849e-11
8.67104e-11
7.82598e-11
6.85199e-11
5.7831e-11
4.65372e-11
3.49383e-11
2.32532e-11
1.16004e-11
-7.3023e-33
6.99108e-16
4.72594e-13
9.22104e-13
1.35019e-12
1.75787e-12
2.1461e-12
2.51581e-12
2.86788e-12
3.20314e-12
3.52241e-12
3.82643e-12
4.11594e-12
4.39163e-12
4.65416e-12
4.90415e-12
5.1422e-12
5.36889e-12
5.58475e-12
5.79031e-12
5.98605e-12
6.17245e-12
6.34995e-12
6.51898e-12
6.67994e-12
6.83321e-12
6.97917e-12
7.11817e-12
7.25053e-12
7.37657e-12
7.4966e-12
7.61091e-12
7.71976e-12
8.91781e-12
1.0234e-11
1.16794e-11
1.32662e-11
1.50073e-11
1.69164e-11
1.90082e-11
2.12981e-11
2.38018e-11
2.65356e-11
2.95155e-11
3.27567e-11
3.62732e-11
4.00762e-11
4.41733e-11
4.8566e-11
5.32482e-11
5.82027e-11
6.33981e-11
6.87848e-11
7.42903e-11
7.98148e-11
8.52273e-11
9.03619e-11
9.50179e-11
9.89623e-11
1.01939e-10
1.03683e-10
1.03944e-10
1.02513e-10
9.92537e-11
9.41303e-11
8.72225e-11
7.87253e-11
6.89275e-11
5.81726e-11
4.68082e-11
3.51381e-11
2.33837e-11
1.16645e-11
3.35534e-34
7.46549e-16
5.04665e-13
9.8468e-13
1.44182e-12
1.87716e-12
2.29174e-12
2.68654e-12
3.0625e-12
3.42052e-12
3.76145e-12
4.08611e-12
4.39526e-12
4.68966e-12
4.97e-12
5.23696e-12
5.49117e-12
5.73324e-12
5.96376e-12
6.18327e-12
6.3923e-12
6.59135e-12
6.7809e-12
6.9614e-12
7.13328e-12
7.29696e-12
7.45283e-12
7.60125e-12
7.7426e-12
7.8772e-12
8.00538e-12
8.12744e-12
8.24368e-12
9.52305e-12
1.09286e-11
1.24722e-11
1.41667e-11
1.6026e-11
1.80648e-11
2.02988e-11
2.27443e-11
2.54184e-11
2.83382e-11
3.1521e-11
3.49831e-11
3.87395e-11
4.28024e-11
4.71797e-11
5.18736e-11
5.68775e-11
6.21734e-11
6.77281e-11
7.34888e-11
7.93786e-11
8.52914e-11
9.10872e-11
9.65893e-11
1.01583e-10
1.05818e-10
1.09021e-10
1.10904e-10
1.11199e-10
1.09676e-10
1.06186e-10
1.00687e-10
9.3262e-11
8.41225e-11
7.35848e-11
6.2028e-11
4.98389e-11
3.73559e-11
2.4824e-11
1.23697e-11
1.77553e-33
8.24605e-16
5.57423e-13
1.08762e-12
1.59254e-12
2.07339e-12
2.53131e-12
2.96738e-12
3.38264e-12
3.77808e-12
4.15464e-12
4.51323e-12
4.85469e-12
5.17985e-12
5.48949e-12
5.78434e-12
6.06511e-12
6.33247e-12
6.58707e-12
6.82951e-12
7.06037e-12
7.28021e-12
7.48956e-12
7.68891e-12
7.87874e-12
8.05952e-12
8.23166e-12
8.39559e-12
8.55169e-12
8.70035e-12
8.84191e-12
8.97671e-12
9.10508e-12
1.0518e-11
1.20701e-11
1.37747e-11
1.56457e-11
1.76985e-11
1.99491e-11
2.24149e-11
2.51136e-11
2.80638e-11
3.12842e-11
3.47934e-11
3.86089e-11
4.27465e-11
4.72186e-11
5.2033e-11
5.71904e-11
6.26815e-11
6.84843e-11
7.4559e-11
8.08443e-11
8.72513e-11
9.36591e-11
9.99096e-11
1.05804e-10
1.11105e-10
1.15538e-10
1.18803e-10
1.20595e-10
1.2063e-10
1.18677e-10
1.14594e-10
1.08357e-10
1.00081e-10
9.00145e-11
7.85153e-11
6.60019e-11
5.2894e-11
3.95528e-11
2.62328e-11
1.30539e-11
1.77418e-33
9.24612e-16
6.25012e-13
1.21949e-12
1.78564e-12
2.32479e-12
2.83822e-12
3.32715e-12
3.79275e-12
4.23612e-12
4.65833e-12
5.06037e-12
5.44322e-12
5.80778e-12
6.15493e-12
6.48551e-12
6.80029e-12
7.10004e-12
7.38547e-12
7.65728e-12
7.9161e-12
8.16256e-12
8.39726e-12
8.62074e-12
8.83356e-12
9.03621e-12
9.2292e-12
9.41296e-12
9.58796e-12
9.75461e-12
9.9133e-12
1.00644e-11
1.02083e-11
1.17921e-11
1.35319e-11
1.54422e-11
1.75388e-11
1.98387e-11
2.23598e-11
2.5121e-11
2.81421e-11
3.14434e-11
3.50452e-11
3.89676e-11
4.32291e-11
4.78459e-11
5.28302e-11
5.81883e-11
6.39179e-11
7.00052e-11
7.64207e-11
8.31145e-11
9.00115e-11
9.70054e-11
1.03954e-10
1.10672e-10
1.16934e-10
1.22471e-10
1.26978e-10
1.30133e-10
1.31614e-10
1.31133e-10
1.28469e-10
1.2351e-10
1.16274e-10
1.06927e-10
9.57687e-11
8.32056e-11
6.96928e-11
5.56737e-11
4.15187e-11
2.74779e-11
1.36541e-11
1.02421e-33
9.44967e-16
6.38769e-13
1.24634e-12
1.82494e-12
2.37596e-12
2.90069e-12
3.40038e-12
3.87622e-12
4.32935e-12
4.76084e-12
5.17173e-12
5.563e-12
5.93558e-12
6.29037e-12
6.62821e-12
6.94991e-12
7.25625e-12
7.54796e-12
7.82574e-12
8.09025e-12
8.34213e-12
8.58198e-12
8.81038e-12
9.02788e-12
9.23498e-12
9.4322e-12
9.62001e-12
9.79885e-12
9.96916e-12
1.01313e-11
1.02858e-11
1.04328e-11
1.20514e-11
1.38293e-11
1.57814e-11
1.7924e-11
2.02741e-11
2.28501e-11
2.56713e-11
2.87578e-11
3.21303e-11
3.58095e-11
3.98155e-11
4.41671e-11
4.88806e-11
5.3968e-11
5.94352e-11
6.52794e-11
7.14854e-11
7.80221e-11
8.48375e-11
9.18535e-11
9.896e-11
1.0601e-10
1.12813e-10
1.19138e-10
1.24708e-10
1.29216e-10
1.32333e-10
1.33734e-10
1.33133e-10
1.30314e-10
1.25169e-10
1.17727e-10
1.08165e-10
9.67946e-11
8.40301e-11
7.03333e-11
5.61506e-11
4.18528e-11
2.76881e-11
1.37549e-11
1.10976e-33
1.04553e-15
7.0673e-13
1.37894e-12
2.0191e-12
2.62873e-12
3.20928e-12
3.76212e-12
4.28857e-12
4.78989e-12
5.26727e-12
5.72185e-12
6.15472e-12
6.56691e-12
6.95941e-12
7.33316e-12
7.68906e-12
8.02795e-12
8.35066e-12
8.65795e-12
8.95056e-12
9.22919e-12
9.49452e-12
9.74718e-12
9.98776e-12
1.02169e-11
1.0435e-11
1.06428e-11
1.08406e-11
1.1029e-11
1.12084e-11
1.13792e-11
1.15419e-11
1.33321e-11
1.52984e-11
1.74572e-11
1.98261e-11
2.2424e-11
2.52711e-11
2.83882e-11
3.17972e-11
3.55205e-11
3.958e-11
4.39972e-11
4.87915e-11
5.39791e-11
5.95712e-11
6.55714e-11
7.19729e-11
7.87548e-11
8.5877e-11
9.32758e-11
1.00857e-10
1.08492e-10
1.16009e-10
1.23192e-10
1.29779e-10
1.35465e-10
1.39916e-10
1.42783e-10
1.43736e-10
1.42492e-10
1.38861e-10
1.32775e-10
1.24315e-10
1.13714e-10
1.01335e-10
8.76346e-11
7.31002e-11
5.81889e-11
4.32681e-11
2.8572e-11
1.41771e-11
2.07195e-33
1.18986e-15
8.04258e-13
1.56923e-12
2.29773e-12
2.99148e-12
3.65213e-12
4.28124e-12
4.88032e-12
5.45079e-12
5.99401e-12
6.51128e-12
7.00384e-12
7.47286e-12
7.91947e-12
8.34474e-12
8.74969e-12
9.13529e-12
9.50246e-12
9.85209e-12
1.0185e-11
1.0502e-11
1.08039e-11
1.10914e-11
1.13651e-11
1.16257e-11
1.18739e-11
1.21103e-11
1.23353e-11
1.25496e-11
1.27537e-11
1.2948e-11
1.31331e-11
1.51696e-11
1.7406e-11
1.98609e-11
2.25542e-11
2.55072e-11
2.87422e-11
3.22826e-11
3.61526e-11
4.03766e-11
4.49785e-11
4.9981e-11
5.54042e-11
6.12637e-11
6.75686e-11
7.43187e-11
8.15004e-11
8.90829e-11
9.70123e-11
1.05206e-10
1.13546e-10
1.21874e-10
1.29982e-10
1.37616e-10
1.44471e-10
1.50204e-10
1.54445e-10
1.56826e-10
1.57013e-10
1.54747e-10
1.49882e-10
1.42416e-10
1.32512e-10
1.2048e-10
1.06758e-10
9.185e-11
7.62708e-11
6.04811e-11
4.48341e-11
2.95379e-11
1.46346e-11
2.15283e-33
1.35633e-15
9.16745e-13
1.7887e-12
2.61909e-12
3.40986e-12
4.16289e-12
4.87997e-12
5.5628e-12
6.21302e-12
6.83217e-12
7.42174e-12
7.98313e-12
8.51769e-12
9.0267e-12
9.51138e-12
9.97289e-12
1.04123e-11
1.08308e-11
1.12292e-11
1.16086e-11
1.19699e-11
1.23139e-11
1.26415e-11
1.29534e-11
1.32504e-11
1.35332e-11
1.38025e-11
1.4059e-11
1.43032e-11
1.45357e-11
1.47572e-11
1.4968e-11
1.72883e-11
1.98359e-11
2.2632e-11
2.56989e-11
2.90604e-11
3.27416e-11
3.67686e-11
4.1168e-11
4.59664e-11
5.11896e-11
5.68615e-11
6.30021e-11
6.9626e-11
7.67392e-11
8.43357e-11
9.23932e-11
1.00868e-10
1.09688e-10
1.18748e-10
1.279e-10
1.36949e-10
1.45647e-10
1.53692e-10
1.60735e-10
1.66389e-10
1.70252e-10
1.71941e-10
1.71131e-10
1.67598e-10
1.61262e-10
1.52205e-10
1.40681e-10
1.27095e-10
1.11952e-10
9.58051e-11
7.91862e-11
6.25493e-11
4.6224e-11
3.03838e-11
1.50318e-11
2.00898e-33
1.54388e-15
1.04347e-12
2.03596e-12
2.98113e-12
3.88119e-12
4.7383e-12
5.55447e-12
6.33166e-12
7.07172e-12
7.77641e-12
8.44741e-12
9.08634e-12
9.69471e-12
1.0274e-11
1.08256e-11
1.13508e-11
1.18509e-11
1.23271e-11
1.27805e-11
1.32123e-11
1.36234e-11
1.40148e-11
1.43876e-11
1.47425e-11
1.50805e-11
1.54023e-11
1.57087e-11
1.60005e-11
1.62784e-11
1.6543e-11
1.67949e-11
1.70348e-11
1.96745e-11
2.25725e-11
2.57525e-11
2.92395e-11
3.30604e-11
3.7243e-11
4.18162e-11
4.68093e-11
5.22513e-11
5.81696e-11
6.45889e-11
7.1529e-11
7.90022e-11
8.70103e-11
9.55397e-11
1.04557e-10
1.14002e-10
1.23781e-10
1.33761e-10
1.43759e-10
1.53537e-10
1.62799e-10
1.71194e-10
1.78321e-10
1.83751e-10
1.87054e-10
1.8784e-10
1.85807e-10
1.80783e-10
1.72769e-10
1.61948e-10
1.48678e-10
1.33455e-10
1.16855e-10
9.94699e-11
8.18384e-11
6.43986e-11
4.74476e-11
3.11194e-11
1.53743e-11
1.86689e-33
1.75152e-15
1.18376e-12
2.30968e-12
3.38191e-12
4.40297e-12
5.37528e-12
6.30115e-12
7.18278e-12
8.02228e-12
8.82164e-12
9.58279e-12
1.03075e-11
1.09976e-11
1.16547e-11
1.22803e-11
1.28761e-11
1.34433e-11
1.39834e-11
1.44977e-11
1.49873e-11
1.54536e-11
1.58975e-11
1.63203e-11
1.67228e-11
1.71061e-11
1.7471e-11
1.78185e-11
1.81494e-11
1.84645e-11
1.87646e-11
1.90503e-11
1.93223e-11
2.23154e-11
2.56009e-11
2.92052e-11
3.31566e-11
3.74848e-11
4.22209e-11
4.73967e-11
5.30442e-11
5.91946e-11
6.58769e-11
7.31163e-11
8.09315e-11
8.93319e-11
9.83131e-11
1.07852e-10
1.17902e-10
1.28383e-10
1.39175e-10
1.50113e-10
1.60971e-10
1.71465e-10
1.81247e-10
1.89909e-10
1.96998e-10
2.02046e-10
2.04598e-10
2.04271e-10
2.00798e-10
1.9408e-10
1.84213e-10
1.71493e-10
1.56389e-10
1.39488e-10
1.21429e-10
1.0283e-10
8.42294e-11
6.60391e-11
4.85175e-11
3.17549e-11
1.56679e-11
1.72868e-33
1.97813e-15
1.33686e-12
2.60839e-12
3.81927e-12
4.97237e-12
6.07039e-12
7.11597e-12
8.11157e-12
9.05957e-12
9.96224e-12
1.08217e-11
1.16401e-11
1.24193e-11
1.31613e-11
1.38677e-11
1.45404e-11
1.51808e-11
1.57906e-11
1.63713e-11
1.69241e-11
1.74506e-11
1.79518e-11
1.8429e-11
1.88835e-11
1.93162e-11
1.97282e-11
2.01205e-11
2.0494e-11
2.08497e-11
2.11884e-11
2.1511e-11
2.18181e-11
2.51965e-11
2.89044e-11
3.29712e-11
3.74285e-11
4.23092e-11
4.76477e-11
5.34788e-11
5.98371e-11
6.67562e-11
7.42663e-11
8.23925e-11
9.11519e-11
1.00549e-10
1.10574e-10
1.2119e-10
1.32334e-10
1.43903e-10
1.55749e-10
1.67665e-10
1.79382e-10
1.90563e-10
2.008e-10
2.09629e-10
2.16545e-10
2.2104e-10
2.22649e-10
2.21003e-10
2.15891e-10
2.073e-10
1.95439e-10
1.80723e-10
1.63735e-10
1.45147e-10
1.25652e-10
1.05884e-10
8.63686e-11
6.74847e-11
4.94474e-11
3.2301e-11
1.59181e-11
1.59588e-33
2.22238e-15
1.50186e-12
2.93032e-12
4.29064e-12
5.58603e-12
6.81955e-12
7.99412e-12
9.11254e-12
1.01775e-11
1.11915e-11
1.2157e-11
1.30762e-11
1.39515e-11
1.47849e-11
1.55784e-11
1.63339e-11
1.70533e-11
1.77382e-11
1.83904e-11
1.90113e-11
1.96025e-11
2.01654e-11
2.07014e-11
2.12118e-11
2.16977e-11
2.21604e-11
2.2601e-11
2.30205e-11
2.34199e-11
2.38003e-11
2.41625e-11
2.45073e-11
2.83008e-11
3.24634e-11
3.70281e-11
4.20297e-11
4.75046e-11
5.34904e-11
6.00252e-11
6.71463e-11
7.4889e-11
8.32848e-11
9.23582e-11
1.02123e-10
1.1258e-10
1.23708e-10
1.35458e-10
1.47747e-10
1.60445e-10
1.7337e-10
1.86272e-10
1.98832e-10
2.10652e-10
2.21266e-10
2.30149e-10
2.36745e-10
2.40515e-10
2.40989e-10
2.37832e-10
2.30901e-10
2.20287e-10
2.06323e-10
1.89551e-10
1.70661e-10
1.50406e-10
1.29519e-10
1.08639e-10
8.82701e-11
6.87514e-11
5.02515e-11
3.2768e-11
1.61304e-11
1.46955e-33
2.48267e-15
1.67769e-12
3.27338e-12
4.79295e-12
6.23997e-12
7.61787e-12
8.9299e-12
1.01792e-11
1.13687e-11
1.25013e-11
1.35797e-11
1.46065e-11
1.55842e-11
1.6515e-11
1.74012e-11
1.82451e-11
1.90485e-11
1.98134e-11
2.05417e-11
2.12352e-11
2.18954e-11
2.25241e-11
2.31227e-11
2.36926e-11
2.42352e-11
2.47519e-11
2.52439e-11
2.57123e-11
2.61583e-11
2.65831e-11
2.69874e-11
2.73725e-11
3.1608e-11
3.62547e-11
4.13492e-11
4.69298e-11
5.30365e-11
5.97103e-11
6.69923e-11
7.49226e-11
8.35381e-11
9.2871e-11
1.02944e-10
1.13769e-10
1.25339e-10
1.37621e-10
1.50552e-10
1.64024e-10
1.7788e-10
1.91896e-10
2.05778e-10
2.19149e-10
2.3155e-10
2.4245e-10
2.51264e-10
2.5739e-10
2.60262e-10
2.5942e-10
2.54575e-10
2.4567e-10
2.32914e-10
2.16772e-10
1.97914e-10
1.77135e-10
1.55255e-10
1.33035e-10
1.1111e-10
8.99515e-11
6.98563e-11
5.0944e-11
3.31658e-11
1.63099e-11
1.35031e-33
2.75717e-15
1.8631e-12
3.63515e-12
5.32265e-12
6.92956e-12
8.4597e-12
9.91668e-12
1.1304e-11
1.26249e-11
1.38826e-11
1.508e-11
1.62202e-11
1.73057e-11
1.83393e-11
1.93233e-11
2.02602e-11
2.11522e-11
2.20015e-11
2.28101e-11
2.358e-11
2.43131e-11
2.5011e-11
2.56755e-11
2.63082e-11
2.69106e-11
2.74842e-11
2.80304e-11
2.85504e-11
2.90455e-11
2.9517e-11
2.99659e-11
3.03933e-11
3.50945e-11
4.02513e-11
4.59038e-11
5.2094e-11
5.88655e-11
6.62628e-11
7.433e-11
8.31097e-11
9.26405e-11
1.02954e-10
1.14073e-10
1.26003e-10
1.38729e-10
1.52206e-10
1.66353e-10
1.81037e-10
1.96066e-10
2.11175e-10
2.26016e-10
2.40155e-10
2.53068e-10
2.64155e-10
2.72774e-10
2.78279e-10
2.80088e-10
2.77761e-10
2.71072e-10
2.60066e-10
2.4508e-10
2.26717e-10
2.05774e-10
1.83142e-10
1.59696e-10
1.36213e-10
1.13314e-10
9.14319e-11
7.08164e-11
5.15381e-11
3.35034e-11
1.6461e-11
1.23853e-33
3.04381e-15
2.05671e-12
4.01289e-12
5.87572e-12
7.64959e-12
9.33868e-12
1.0947e-11
1.24784e-11
1.39364e-11
1.53247e-11
1.66465e-11
1.7905e-11
1.91031e-11
2.02439e-11
2.133e-11
2.23641e-11
2.33486e-11
2.4286e-11
2.51784e-11
2.60281e-11
2.68371e-11
2.76073e-11
2.83407e-11
2.90389e-11
2.97037e-11
3.03367e-11
3.09394e-11
3.15132e-11
3.20596e-11
3.25798e-11
3.30752e-11
3.35468e-11
3.87339e-11
4.44228e-11
5.06572e-11
5.74829e-11
6.49472e-11
7.30979e-11
8.19822e-11
9.1645e-11
1.02126e-10
1.13457e-10
1.25658e-10
1.38729e-10
1.52645e-10
1.67348e-10
1.82736e-10
1.98647e-10
2.14853e-10
2.31043e-10
2.46816e-10
2.6167e-10
2.75016e-10
2.86188e-10
2.94484e-10
2.99222e-10
2.99813e-10
2.95852e-10
2.87188e-10
2.73981e-10
2.56708e-10
2.36112e-10
2.13111e-10
1.88681e-10
1.63741e-10
1.39074e-10
1.15272e-10
9.27308e-11
7.1648e-11
5.20466e-11
3.37891e-11
1.65879e-11
1.13428e-33
3.34033e-15
2.25697e-12
4.40362e-12
6.44782e-12
8.39438e-12
1.02479e-11
1.20127e-11
1.36931e-11
1.52931e-11
1.68164e-11
1.82668e-11
1.96476e-11
2.09623e-11
2.2214e-11
2.34056e-11
2.45402e-11
2.56204e-11
2.66488e-11
2.76279e-11
2.85601e-11
2.94476e-11
3.02926e-11
3.10972e-11
3.18631e-11
3.25924e-11
3.32868e-11
3.39479e-11
3.45774e-11
3.51768e-11
3.57474e-11
3.62908e-11
3.68082e-11
4.24975e-11
4.87363e-11
5.5572e-11
6.3054e-11
7.12334e-11
8.01614e-11
8.98881e-11
1.00461e-10
1.1192e-10
1.24296e-10
1.37606e-10
1.51844e-10
1.66975e-10
1.82924e-10
1.99566e-10
2.16709e-10
2.34087e-10
2.51338e-10
2.68001e-10
2.83511e-10
2.97208e-10
3.0836e-10
3.16209e-10
3.20044e-10
3.19279e-10
3.13553e-10
3.02809e-10
2.87332e-10
2.67745e-10
2.44929e-10
2.19919e-10
1.93762e-10
1.67409e-10
1.41637e-10
1.17007e-10
9.38674e-11
7.23668e-11
5.24806e-11
3.40304e-11
1.66941e-11
1.03751e-33
3.64434e-15
2.46229e-12
4.80421e-12
7.03435e-12
9.15795e-12
1.118e-11
1.31053e-11
1.49385e-11
1.66839e-11
1.83457e-11
1.99278e-11
2.14341e-11
2.28682e-11
2.42336e-11
2.55334e-11
2.6771e-11
2.79492e-11
2.9071e-11
3.01389e-11
3.11557e-11
3.21237e-11
3.30453e-11
3.39228e-11
3.47582e-11
3.55536e-11
3.63109e-11
3.70319e-11
3.77184e-11
3.83721e-11
3.89944e-11
3.9587e-11
4.01512e-11
4.63551e-11
5.31572e-11
6.06085e-11
6.87624e-11
7.76736e-11
8.73965e-11
9.79841e-11
1.09485e-10
1.21942e-10
1.35383e-10
1.49821e-10
1.65243e-10
1.81603e-10
1.98807e-10
2.16707e-10
2.35078e-10
2.5361e-10
2.71891e-10
2.894e-10
3.05501e-10
3.19465e-10
3.30494e-10
3.3778e-10
3.40586e-10
3.38343e-10
3.30748e-10
3.17846e-10
3.00059e-10
2.78156e-10
2.53159e-10
2.26204e-10
1.98402e-10
1.70724e-10
1.43928e-10
1.1854e-10
9.486e-11
7.29868e-11
5.28504e-11
3.42336e-11
1.67829e-11
9.47987e-34
3.95341e-15
2.671e-12
5.21143e-12
7.63059e-12
9.93416e-12
1.21276e-11
1.4216e-11
1.62045e-11
1.80977e-11
1.99002e-11
2.16163e-11
2.32501e-11
2.48056e-11
2.62865e-11
2.76964e-11
2.90386e-11
3.03165e-11
3.1533e-11
3.26913e-11
3.3794e-11
3.48438e-11
3.58433e-11
3.67949e-11
3.77008e-11
3.85634e-11
3.93846e-11
4.01665e-11
4.0911e-11
4.16198e-11
4.22946e-11
4.29372e-11
4.3549e-11
5.02757e-11
5.76499e-11
6.57264e-11
7.45624e-11
8.4216e-11
9.47451e-11
1.06205e-10
1.18647e-10
1.32112e-10
1.46629e-10
1.62205e-10
1.78819e-10
1.96411e-10
2.14871e-10
2.34022e-10
2.53606e-10
2.73269e-10
2.92543e-10
3.10845e-10
3.2747e-10
3.41617e-10
3.52425e-10
3.5904e-10
3.6071e-10
3.56887e-10
3.47341e-10
3.3223e-10
3.12118e-10
2.87925e-10
2.60803e-10
2.31983e-10
2.02625e-10
1.73709e-10
1.4597e-10
1.19892e-10
9.57255e-11
7.35211e-11
5.31652e-11
3.44046e-11
1.68569e-11
8.65432e-34
4.2651e-15
2.88148e-12
5.62209e-12
8.23186e-12
1.07169e-11
1.30831e-11
1.53361e-11
1.74811e-11
1.95234e-11
2.14678e-11
2.3319e-11
2.50814e-11
2.67593e-11
2.83566e-11
2.98774e-11
3.13251e-11
3.27035e-11
3.40157e-11
3.52649e-11
3.64542e-11
3.75865e-11
3.86645e-11
3.96908e-11
4.06679e-11
4.15982e-11
4.24839e-11
4.33271e-11
4.413e-11
4.48944e-11
4.56221e-11
4.63151e-11
4.69748e-11
5.42285e-11
6.21791e-11
7.08855e-11
8.04083e-11
9.08094e-11
1.0215e-10
1.14487e-10
1.27874e-10
1.42352e-10
1.57947e-10
1.74661e-10
1.92465e-10
2.11286e-10
2.30992e-10
2.51379e-10
2.72153e-10
2.92914e-10
3.13138e-10
3.32178e-10
3.49258e-10
3.63508e-10
3.74005e-10
3.79854e-10
3.80294e-10
3.74812e-10
3.63258e-10
3.45912e-10
3.23486e-10
2.97048e-10
2.67873e-10
2.37276e-10
2.06457e-10
1.76392e-10
1.47788e-10
1.21083e-10
9.64796e-11
7.3981e-11
5.34328e-11
3.45482e-11
1.69184e-11
7.8949e-34
4.57704e-15
3.09212e-12
6.03306e-12
8.83359e-12
1.15003e-11
1.40394e-11
1.6457e-11
1.87587e-11
2.09502e-11
2.30366e-11
2.50229e-11
2.6914e-11
2.87143e-11
3.04282e-11
3.20599e-11
3.36133e-11
3.50921e-11
3.65e-11
3.78403e-11
3.91163e-11
4.03311e-11
4.14876e-11
4.25887e-11
4.3637e-11
4.46349e-11
4.55851e-11
4.64897e-11
4.7351e-11
4.8171e-11
4.89517e-11
4.96951e-11
5.04028e-11
5.81835e-11
6.67106e-11
7.60466e-11
8.6256e-11
9.74038e-11
1.09554e-10
1.22767e-10
1.37097e-10
1.52584e-10
1.69251e-10
1.87097e-10
2.06081e-10
2.26117e-10
2.47051e-10
2.68651e-10
2.90585e-10
3.12406e-10
3.33533e-10
3.53253e-10
3.70721e-10
3.84998e-10
3.95102e-10
4.00103e-10
3.99239e-10
3.92039e-10
3.78443e-10
3.58861e-10
3.34153e-10
3.05531e-10
2.74388e-10
2.42111e-10
2.09925e-10
1.78798e-10
1.49403e-10
1.22131e-10
9.71362e-11
7.43768e-11
5.36602e-11
3.46687e-11
1.69696e-11
7.19775e-34
4.887e-15
3.30141e-12
6.44141e-12
9.43147e-12
1.22786e-11
1.49895e-11
1.75707e-11
2.00281e-11
2.23678e-11
2.45953e-11
2.67159e-11
2.87348e-11
3.06567e-11
3.24865e-11
3.42284e-11
3.58867e-11
3.74653e-11
3.89682e-11
4.0399e-11
4.17611e-11
4.30579e-11
4.42924e-11
4.54677e-11
4.65866e-11
4.76519e-11
4.86661e-11
4.96317e-11
5.0551e-11
5.14262e-11
5.22595e-11
5.30529e-11
5.38083e-11
6.21124e-11
7.12119e-11
8.1173e-11
9.20637e-11
1.03952e-10
1.16906e-10
1.30987e-10
1.4625e-10
1.62735e-10
1.80463e-10
1.99425e-10
2.19572e-10
2.40801e-10
2.62938e-10
2.8572e-10
3.08779e-10
3.31616e-10
3.53596e-10
3.73939e-10
3.9173e-10
4.05964e-10
4.15604e-10
4.1969e-10
4.17464e-10
4.08508e-10
3.92859e-10
3.7106e-10
3.44121e-10
3.13393e-10
2.80374e-10
2.46515e-10
2.13059e-10
1.80955e-10
1.50838e-10
1.23054e-10
9.7708e-11
7.47174e-11
5.38533e-11
3.47698e-11
1.7012e-11
6.55885e-34
5.19291e-15
3.50796e-12
6.84439e-12
1.00215e-11
1.30467e-11
1.59272e-11
1.86697e-11
2.12808e-11
2.37668e-11
2.61335e-11
2.83866e-11
3.05316e-11
3.25736e-11
3.45176e-11
3.63683e-11
3.81301e-11
3.98073e-11
4.1404e-11
4.2924e-11
4.4371e-11
4.57486e-11
4.70601e-11
4.83087e-11
4.94974e-11
5.0629e-11
5.17064e-11
5.27321e-11
5.37086e-11
5.46384e-11
5.55236e-11
5.63663e-11
5.71687e-11
6.5989e-11
7.56531e-11
8.62305e-11
9.77928e-11
1.10412e-10
1.24156e-10
1.39092e-10
1.55273e-10
1.72739e-10
1.91509e-10
2.11566e-10
2.32851e-10
2.55246e-10
2.78553e-10
3.02482e-10
3.26623e-10
3.50431e-10
3.73212e-10
3.9412e-10
4.12174e-10
4.26302e-10
4.35417e-10
4.38535e-10
4.34908e-10
4.24178e-10
4.06485e-10
3.82506e-10
3.53402e-10
3.20655e-10
2.85861e-10
2.5052e-10
2.15886e-10
1.82884e-10
1.52111e-10
1.23865e-10
9.82059e-11
7.50106e-11
5.40174e-11
3.48545e-11
1.70472e-11
5.97417e-34
5.49291e-15
3.71051e-12
7.23957e-12
1.06001e-11
1.38e-11
1.68467e-11
1.97475e-11
2.25093e-11
2.51386e-11
2.76418e-11
3.00249e-11
3.22935e-11
3.44533e-11
3.65093e-11
3.84666e-11
4.03299e-11
4.21037e-11
4.37923e-11
4.53998e-11
4.69302e-11
4.83871e-11
4.9774e-11
5.10944e-11
5.23514e-11
5.35481e-11
5.46874e-11
5.57721e-11
5.68048e-11
5.77879e-11
5.87239e-11
5.96151e-11
6.04636e-11
6.97899e-11
8.00072e-11
9.11886e-11
1.03409e-10
1.16742e-10
1.31262e-10
1.47033e-10
1.64112e-10
1.82538e-10
2.02324e-10
2.23448e-10
2.45841e-10
2.69367e-10
2.93808e-10
3.18842e-10
3.44021e-10
3.6875e-10
3.92279e-10
4.13698e-10
4.31958e-10
4.45926e-10
4.54467e-10
4.56577e-10
4.51527e-10
4.39023e-10
4.19311e-10
3.93208e-10
3.62016e-10
3.27345e-10
2.90878e-10
2.54156e-10
2.18433e-10
1.84611e-10
1.53241e-10
1.24579e-10
9.86398e-11
7.52631e-11
5.41568e-11
3.49254e-11
1.70762e-11
4.27872e-34
5.65195e-15
3.81788e-12
7.44907e-12
1.09068e-11
1.41993e-11
1.73341e-11
2.03188e-11
2.31605e-11
2.58658e-11
2.84414e-11
3.08933e-11
3.32276e-11
3.54497e-11
3.75651e-11
3.95789e-11
4.1496e-11
4.3321e-11
4.50584e-11
4.67123e-11
4.82868e-11
4.97857e-11
5.12126e-11
5.2571e-11
5.38643e-11
5.50955e-11
5.62676e-11
5.73835e-11
5.84459e-11
5.94574e-11
6.04204e-11
6.13372e-11
6.22101e-11
7.18046e-11
8.23151e-11
9.38164e-11
1.06385e-10
1.20097e-10
1.35027e-10
1.51241e-10
1.68795e-10
1.87727e-10
2.0805e-10
2.29738e-10
2.52715e-10
2.76837e-10
3.01873e-10
3.27486e-10
3.53205e-10
3.78412e-10
4.02323e-10
4.23996e-10
4.42345e-10
4.56206e-10
4.64421e-10
4.65975e-10
4.60153e-10
4.46695e-10
4.25909e-10
3.98685e-10
3.66402e-10
3.30733e-10
2.93404e-10
2.55977e-10
2.19703e-10
1.85466e-10
1.53798e-10
1.24929e-10
9.88506e-11
7.53847e-11
5.42233e-11
3.49588e-11
1.70898e-11
-1.14634e-33
5.77401e-15
3.90029e-12
7.60986e-12
1.11423e-11
1.45057e-11
1.77082e-11
2.07573e-11
2.36603e-11
2.6424e-11
2.90551e-11
3.15599e-11
3.39444e-11
3.62145e-11
3.83755e-11
4.04327e-11
4.2391e-11
4.42553e-11
4.60301e-11
4.77196e-11
4.9328e-11
5.08591e-11
5.23167e-11
5.37044e-11
5.50254e-11
5.62831e-11
5.74804e-11
5.86203e-11
5.97055e-11
6.07387e-11
6.17224e-11
6.26589e-11
6.35506e-11
7.33509e-11
8.40863e-11
9.58331e-11
1.08669e-10
1.22672e-10
1.37916e-10
1.54469e-10
1.72388e-10
1.91709e-10
2.12443e-10
2.34563e-10
2.57986e-10
2.82564e-10
3.08055e-10
3.34109e-10
3.6024e-10
3.85809e-10
4.10009e-10
4.31869e-10
4.50281e-10
4.64052e-10
4.72007e-10
4.73126e-10
4.66704e-10
4.5251e-10
4.30897e-10
4.02813e-10
3.69696e-10
3.33268e-10
2.95287e-10
2.57328e-10
2.20639e-10
1.86093e-10
1.54203e-10
1.2518e-10
9.90004e-11
7.54696e-11
5.42687e-11
3.49811e-11
1.70986e-11
-3.90805e-33
5.96293e-15
4.02784e-12
7.8587e-12
1.15066e-11
1.49801e-11
1.82873e-11
2.1436e-11
2.44338e-11
2.72878e-11
3.00049e-11
3.25915e-11
3.50539e-11
3.7398e-11
3.96296e-11
4.17539e-11
4.37762e-11
4.57013e-11
4.75339e-11
4.92785e-11
5.09393e-11
5.25203e-11
5.40254e-11
5.54583e-11
5.68224e-11
5.8121e-11
5.93573e-11
6.05343e-11
6.16549e-11
6.27217e-11
6.37373e-11
6.47043e-11
6.5625e-11
7.57437e-11
8.68272e-11
9.89539e-11
1.12204e-10
1.26656e-10
1.42387e-10
1.59464e-10
1.77946e-10
1.97868e-10
2.19238e-10
2.42024e-10
2.66138e-10
2.91418e-10
3.1761e-10
3.44343e-10
3.71106e-10
3.97228e-10
4.21865e-10
4.44008e-10
4.62503e-10
4.76121e-10
4.8366e-10
4.8409e-10
4.76724e-10
4.61377e-10
4.38475e-10
4.09056e-10
3.74649e-10
3.37052e-10
2.98071e-10
2.593e-10
2.21985e-10
1.86975e-10
1.54757e-10
1.2551e-10
9.91859e-11
7.55666e-11
5.43149e-11
3.50005e-11
1.71051e-11
-4.99931e-33
6.06412e-15
4.09615e-12
7.99198e-12
1.17017e-11
1.52341e-11
1.85973e-11
2.17995e-11
2.48481e-11
2.77505e-11
3.05136e-11
3.3144e-11
3.56481e-11
3.80319e-11
4.03012e-11
4.24615e-11
4.4518e-11
4.64756e-11
4.83393e-11
5.01134e-11
5.18022e-11
5.341e-11
5.49405e-11
5.63976e-11
5.77847e-11
5.91053e-11
6.03625e-11
6.15593e-11
6.26988e-11
6.37836e-11
6.48164e-11
6.57997e-11
6.67359e-11
7.70251e-11
8.8295e-11
1.00625e-10
1.14096e-10
1.28789e-10
1.4478e-10
1.62138e-10
1.80921e-10
2.01163e-10
2.22873e-10
2.46014e-10
2.70495e-10
2.96149e-10
3.22713e-10
3.49805e-10
3.769e-10
4.03311e-10
4.28173e-10
4.50455e-10
4.6898e-10
4.825e-10
4.89799e-10
4.89842e-10
4.8195e-10
4.65968e-10
4.42362e-10
4.1222e-10
3.77119e-10
3.38898e-10
2.9939e-10
2.60198e-10
2.22563e-10
1.87323e-10
1.54948e-10
1.25601e-10
9.92176e-11
7.55676e-11
5.43038e-11
3.49882e-11
1.70977e-11
-4.54314e-33
6.09647e-15
4.11799e-12
8.03459e-12
1.17641e-11
1.53153e-11
1.86965e-11
2.19157e-11
2.49806e-11
2.78984e-11
3.06762e-11
3.33206e-11
3.5838e-11
3.82346e-11
4.05159e-11
4.26877e-11
4.47551e-11
4.67232e-11
4.85967e-11
5.03802e-11
5.20781e-11
5.36944e-11
5.52331e-11
5.66979e-11
5.80923e-11
5.94199e-11
6.06838e-11
6.1887e-11
6.30325e-11
6.4123e-11
6.51613e-11
6.61498e-11
6.7091e-11
7.74346e-11
8.8764e-11
1.01159e-10
1.14701e-10
1.2947e-10
1.45544e-10
1.62991e-10
1.81869e-10
2.02214e-10
2.2403e-10
2.47283e-10
2.71879e-10
2.97649e-10
3.24328e-10
3.51529e-10
3.78723e-10
4.05216e-10
4.30139e-10
4.52451e-10
4.70969e-10
4.84438e-10
4.91637e-10
4.91532e-10
4.83449e-10
4.67242e-10
4.43391e-10
4.13003e-10
3.77674e-10
3.39255e-10
2.99586e-10
2.60274e-10
2.22557e-10
1.87266e-10
1.54865e-10
1.25511e-10
9.91336e-11
7.54967e-11
5.42497e-11
3.49524e-11
1.708e-11
-4.1262e-33
6.07622e-15
4.10431e-12
8.00791e-12
1.1725e-11
1.52644e-11
1.86344e-11
2.18429e-11
2.48976e-11
2.78057e-11
3.05743e-11
3.321e-11
3.5719e-11
3.81076e-11
4.03814e-11
4.2546e-11
4.46065e-11
4.65681e-11
4.84354e-11
5.0213e-11
5.19052e-11
5.35161e-11
5.50497e-11
5.65097e-11
5.78995e-11
5.92227e-11
6.04823e-11
6.16816e-11
6.28233e-11
6.39102e-11
6.49451e-11
6.59303e-11
6.68683e-11
7.71777e-11
8.84696e-11
1.00824e-10
1.14321e-10
1.29041e-10
1.45062e-10
1.62453e-10
1.81269e-10
2.01548e-10
2.23294e-10
2.46473e-10
2.70991e-10
2.96681e-10
3.23277e-10
3.50397e-10
3.77512e-10
4.03932e-10
4.2879e-10
4.5105e-10
4.69533e-10
4.82989e-10
4.90198e-10
4.9013e-10
4.82111e-10
4.65992e-10
4.42249e-10
4.11983e-10
3.7678e-10
3.38486e-10
2.98936e-10
2.59732e-10
2.22111e-10
1.86906e-10
1.54578e-10
1.25288e-10
9.89638e-11
7.53727e-11
5.41641e-11
3.48993e-11
1.70547e-11
-3.74594e-33
6.01688e-15
4.06425e-12
7.92974e-12
1.16106e-11
1.51154e-11
1.84525e-11
2.16297e-11
2.46546e-11
2.75344e-11
3.0276e-11
3.28859e-11
3.53705e-11
3.77358e-11
3.99874e-11
4.21309e-11
4.41714e-11
4.61138e-11
4.79629e-11
4.97232e-11
5.1399e-11
5.29942e-11
5.45129e-11
5.59586e-11
5.73349e-11
5.86452e-11
5.98926e-11
6.10802e-11
6.22108e-11
6.32872e-11
6.4312e-11
6.52876e-11
6.62165e-11
7.64258e-11
8.76082e-11
9.98426e-11
1.13209e-10
1.27788e-10
1.43656e-10
1.60881e-10
1.79519e-10
1.99607e-10
2.21151e-10
2.44117e-10
2.68415e-10
2.93878e-10
3.20247e-10
3.47144e-10
3.74049e-10
4.00279e-10
4.2498e-10
4.47127e-10
4.65555e-10
4.79024e-10
4.86327e-10
4.86433e-10
4.78669e-10
4.62871e-10
4.39498e-10
4.09624e-10
3.74812e-10
3.36884e-10
2.9766e-10
2.58734e-10
2.21343e-10
1.86323e-10
1.54142e-10
1.24967e-10
9.87322e-11
7.52105e-11
5.40561e-11
3.48339e-11
1.70241e-11
-3.39969e-33
5.9295e-15
4.00525e-12
7.81463e-12
1.14421e-11
1.4896e-11
1.81847e-11
2.13158e-11
2.42968e-11
2.71348e-11
2.98366e-11
3.24087e-11
3.48573e-11
3.71883e-11
3.94073e-11
4.15197e-11
4.35306e-11
4.54449e-11
4.72672e-11
4.9002e-11
5.06535e-11
5.22257e-11
5.37223e-11
5.51471e-11
5.65036e-11
5.77949e-11
5.90243e-11
6.01946e-11
6.13089e-11
6.23697e-11
6.33797e-11
6.43412e-11
6.52567e-11
7.53186e-11
8.63397e-11
9.83982e-11
1.11573e-10
1.25944e-10
1.41585e-10
1.58567e-10
1.76943e-10
1.96751e-10
2.17999e-10
2.40653e-10
2.64627e-10
2.89759e-10
3.15796e-10
3.42369e-10
3.68967e-10
3.94925e-10
4.19402e-10
4.41392e-10
4.5975e-10
4.73253e-10
4.80707e-10
4.81087e-10
4.73713e-10
4.58404e-10
4.3559e-10
4.06305e-10
3.72073e-10
3.34684e-10
2.95935e-10
2.5741e-10
2.20344e-10
1.85582e-10
1.536e-10
1.24577e-10
9.84573e-11
7.5022e-11
5.39327e-11
3.47602e-11
1.699e-11
-3.0848e-33
5.8229e-15
3.93327e-12
7.6742e-12
1.12365e-11
1.46284e-11
1.78579e-11
2.09328e-11
2.38603e-11
2.66473e-11
2.93006e-11
3.18265e-11
3.42312e-11
3.65203e-11
3.86995e-11
4.0774e-11
4.27489e-11
4.46288e-11
4.64185e-11
4.81222e-11
4.97441e-11
5.12881e-11
5.27579e-11
5.41572e-11
5.54894e-11
5.67576e-11
5.79649e-11
5.91144e-11
6.02087e-11
6.12505e-11
6.22424e-11
6.31867e-11
6.40858e-11
7.39679e-11
8.47924e-11
9.66362e-11
1.09577e-10
1.23694e-10
1.3906e-10
1.55744e-10
1.73801e-10
1.93269e-10
2.14155e-10
2.36429e-10
2.60009e-10
2.84738e-10
3.10371e-10
3.36549e-10
3.62777e-10
3.88403e-10
4.1261e-10
4.34414e-10
4.52691e-10
4.66241e-10
4.73884e-10
4.74605e-10
4.67715e-10
4.53011e-10
4.30884e-10
4.02322e-10
3.68803e-10
3.32072e-10
2.93902e-10
2.55862e-10
2.19188e-10
1.84733e-10
1.52988e-10
1.24141e-10
9.8154e-11
7.48164e-11
5.37995e-11
3.46813e-11
1.69536e-11
-2.79872e-33
5.70402e-15
3.85301e-12
7.51761e-12
1.10072e-11
1.43299e-11
1.74936e-11
2.05057e-11
2.33735e-11
2.61037e-11
2.87029e-11
3.11773e-11
3.3533e-11
3.57755e-11
3.79103e-11
3.99425e-11
4.18772e-11
4.37189e-11
4.54721e-11
4.71411e-11
4.873e-11
5.02426e-11
5.16825e-11
5.30534e-11
5.43584e-11
5.56008e-11
5.67836e-11
5.79097e-11
5.89818e-11
6.00024e-11
6.09742e-11
6.18994e-11
6.27802e-11
7.24617e-11
8.3067e-11
9.46715e-11
1.07352e-10
1.21185e-10
1.36244e-10
1.52597e-10
1.70298e-10
1.89385e-10
2.09868e-10
2.3172e-10
2.5486e-10
2.7914e-10
3.04323e-10
3.30061e-10
3.55876e-10
3.81135e-10
4.05042e-10
4.26638e-10
4.44827e-10
4.58431e-10
4.6629e-10
4.67394e-10
4.61046e-10
4.4702e-10
4.25663e-10
3.97912e-10
3.65188e-10
3.29195e-10
2.9167e-10
2.5417e-10
2.17932e-10
1.83817e-10
1.5233e-10
1.23678e-10
9.78338e-11
7.4601e-11
5.36608e-11
3.45997e-11
1.69161e-11
-2.53898e-33
5.57825e-15
3.7681e-12
7.35193e-12
1.07646e-11
1.40141e-11
1.71081e-11
2.00539e-11
2.28585e-11
2.55285e-11
2.80705e-11
3.04905e-11
3.27943e-11
3.49874e-11
3.70753e-11
3.90628e-11
4.09549e-11
4.27561e-11
4.44708e-11
4.61031e-11
4.76571e-11
4.91364e-11
5.05447e-11
5.18855e-11
5.31618e-11
5.4377e-11
5.55338e-11
5.66352e-11
5.76837e-11
5.8682e-11
5.96324e-11
6.05373e-11
6.13988e-11
7.08682e-11
8.12415e-11
9.25927e-11
1.04997e-10
1.18531e-10
1.33265e-10
1.49267e-10
1.66592e-10
1.85277e-10
2.05333e-10
2.26737e-10
2.49412e-10
2.73217e-10
2.97923e-10
3.23197e-10
3.48575e-10
3.73445e-10
3.97035e-10
4.18412e-10
4.36508e-10
4.5017e-10
4.58257e-10
4.59767e-10
4.53995e-10
4.40687e-10
4.20147e-10
3.93256e-10
3.61378e-10
3.26165e-10
2.89325e-10
2.52398e-10
2.1662e-10
1.82864e-10
1.5165e-10
1.23201e-10
9.75056e-11
7.43813e-11
5.35201e-11
3.45171e-11
1.68783e-11
-1.06511e-33
5.44618e-15
3.67893e-12
7.17796e-12
1.05099e-11
1.36825e-11
1.67033e-11
1.95794e-11
2.23176e-11
2.49246e-11
2.74065e-11
2.97692e-11
3.20186e-11
3.41599e-11
3.61984e-11
3.8139e-11
3.99864e-11
4.17451e-11
4.34193e-11
4.50131e-11
4.65304e-11
4.79748e-11
4.93499e-11
5.0659e-11
5.19053e-11
5.30918e-11
5.42214e-11
5.52968e-11
5.63206e-11
5.72954e-11
5.82234e-11
5.9107e-11
5.99482e-11
6.91947e-11
7.93245e-11
9.04098e-11
1.02525e-10
1.15743e-10
1.30136e-10
1.4577e-10
1.62699e-10
1.80961e-10
2.0057e-10
2.21502e-10
2.43688e-10
2.66993e-10
2.91198e-10
3.15982e-10
3.40899e-10
3.65358e-10
3.88612e-10
4.09755e-10
4.27748e-10
4.41466e-10
4.49788e-10
4.51719e-10
4.46548e-10
4.33992e-10
4.14309e-10
3.88323e-10
3.57336e-10
3.2295e-10
2.86835e-10
2.50516e-10
2.15227e-10
1.81853e-10
1.50929e-10
1.22696e-10
9.71587e-11
7.41495e-11
5.33718e-11
3.44303e-11
1.68386e-11
2.98115e-34
5.30536e-15
3.58385e-12
6.99245e-12
1.02383e-11
1.33289e-11
1.62717e-11
1.90735e-11
2.1741e-11
2.42806e-11
2.66984e-11
2.90002e-11
3.11914e-11
3.32775e-11
3.52634e-11
3.7154e-11
3.89537e-11
4.0667e-11
4.22981e-11
4.38508e-11
4.5329e-11
4.67362e-11
4.80759e-11
4.93513e-11
5.05655e-11
5.17214e-11
5.28219e-11
5.38696e-11
5.48671e-11
5.58168e-11
5.67209e-11
5.75818e-11
5.84014e-11
6.74103e-11
7.72802e-11
8.80818e-11
9.98876e-11
1.1277e-10
1.26799e-10
1.4204e-10
1.58546e-10
1.76357e-10
1.95487e-10
2.15916e-10
2.3758e-10
2.60349e-10
2.84017e-10
3.08275e-10
3.32696e-10
3.56711e-10
3.79598e-10
4.00484e-10
4.18358e-10
4.32125e-10
4.40685e-10
4.43056e-10
4.38515e-10
4.26755e-10
4.07983e-10
3.82964e-10
3.52934e-10
3.19439e-10
2.84109e-10
2.4845e-10
2.13696e-10
1.80739e-10
1.50133e-10
1.22137e-10
9.6775e-11
7.38928e-11
5.32074e-11
3.43339e-11
1.67944e-11
3.27085e-34
5.15564e-15
3.48276e-12
6.79522e-12
9.9495e-12
1.2953e-11
1.58127e-11
1.85356e-11
2.11279e-11
2.35959e-11
2.59456e-11
2.81825e-11
3.03121e-11
3.23394e-11
3.42694e-11
3.61067e-11
3.78558e-11
3.95209e-11
4.1106e-11
4.26151e-11
4.40517e-11
4.54193e-11
4.67213e-11
4.79609e-11
4.91409e-11
5.02644e-11
5.13339e-11
5.23522e-11
5.33217e-11
5.42447e-11
5.51235e-11
5.59601e-11
5.67567e-11
6.55129e-11
7.51065e-11
8.56065e-11
9.70835e-11
1.09609e-10
1.2325e-10
1.38073e-10
1.5413e-10
1.7146e-10
1.90079e-10
2.09972e-10
2.31078e-10
2.53276e-10
2.76369e-10
3.00064e-10
3.23952e-10
3.47488e-10
3.69979e-10
3.90581e-10
4.08318e-10
4.22124e-10
4.30925e-10
4.33748e-10
4.29868e-10
4.18944e-10
4.01139e-10
3.77148e-10
3.48143e-10
3.15606e-10
2.81125e-10
2.46184e-10
2.12011e-10
1.79511e-10
1.49255e-10
1.2152e-10
9.63503e-11
7.36084e-11
5.30252e-11
3.4227e-11
1.67455e-11
3.58767e-34
4.99698e-15
3.37563e-12
6.5862e-12
9.64346e-12
1.25546e-11
1.53264e-11
1.79655e-11
2.04781e-11
2.28703e-11
2.51477e-11
2.73159e-11
2.938e-11
3.13451e-11
3.32158e-11
3.49967e-11
3.66921e-11
3.83061e-11
3.98426e-11
4.13054e-11
4.26979e-11
4.40236e-11
4.52857e-11
4.64872e-11
4.76311e-11
4.87201e-11
4.97569e-11
5.0744e-11
5.16838e-11
5.25785e-11
5.34304e-11
5.42414e-11
5.50136e-11
6.3502e-11
7.28026e-11
8.29827e-11
9.41112e-11
1.06257e-10
1.19488e-10
1.33867e-10
1.49446e-10
1.66266e-10
1.84344e-10
2.03667e-10
2.24179e-10
2.45768e-10
2.68249e-10
2.91343e-10
3.1466e-10
3.37681e-10
3.59742e-10
3.80032e-10
3.9761e-10
4.11443e-10
4.20484e-10
4.23773e-10
4.20578e-10
4.10533e-10
3.93746e-10
3.70848e-10
3.42936e-10
3.11428e-10
2.77863e-10
2.43699e-10
2.1016e-10
1.78159e-10
1.48285e-10
1.20838e-10
9.588e-11
7.32932e-11
5.28229e-11
3.41083e-11
1.66911e-11
2.20973e-34
4.96931e-15
3.35694e-12
6.54975e-12
9.59009e-12
1.24851e-11
1.52416e-11
1.78661e-11
2.03648e-11
2.27437e-11
2.50086e-11
2.71648e-11
2.92175e-11
3.11717e-11
3.30321e-11
3.48031e-11
3.64891e-11
3.80942e-11
3.96223e-11
4.10769e-11
4.24618e-11
4.37802e-11
4.50353e-11
4.62302e-11
4.73678e-11
4.84508e-11
4.94819e-11
5.04635e-11
5.13981e-11
5.22879e-11
5.31351e-11
5.39416e-11
5.47096e-11
6.31512e-11
7.24008e-11
8.25251e-11
9.35928e-11
1.05673e-10
1.18832e-10
1.33133e-10
1.48629e-10
1.6536e-10
1.83344e-10
2.02567e-10
2.22975e-10
2.44458e-10
2.66831e-10
2.8982e-10
3.13037e-10
3.35968e-10
3.57952e-10
3.78186e-10
3.95735e-10
4.09572e-10
4.18652e-10
4.22021e-10
4.18945e-10
4.09051e-10
3.92442e-10
3.69734e-10
3.42014e-10
3.10686e-10
2.77283e-10
2.43256e-10
2.0983e-10
1.77917e-10
1.48112e-10
1.20716e-10
9.57958e-11
7.32366e-11
5.27866e-11
3.4087e-11
1.66813e-11
2.05802e-34
4.82941e-15
3.26248e-12
6.36544e-12
9.32023e-12
1.21338e-11
1.48127e-11
1.73634e-11
1.97919e-11
2.21039e-11
2.43051e-11
2.64007e-11
2.83957e-11
3.0295e-11
3.21031e-11
3.38244e-11
3.5463e-11
3.70231e-11
3.85082e-11
3.9922e-11
4.1268e-11
4.25494e-11
4.37693e-11
4.49307e-11
4.60364e-11
4.7089e-11
4.80912e-11
4.90453e-11
4.99537e-11
5.08186e-11
5.1642e-11
5.2426e-11
5.31724e-11
6.13779e-11
7.03691e-11
8.02112e-11
9.09713e-11
1.02717e-10
1.15513e-10
1.29423e-10
1.44498e-10
1.60778e-10
1.78282e-10
1.97001e-10
2.16884e-10
2.37827e-10
2.59656e-10
2.82109e-10
3.04817e-10
3.27286e-10
3.48881e-10
3.68829e-10
3.86224e-10
4.00069e-10
4.09345e-10
4.13108e-10
4.10622e-10
4.01492e-10
3.85776e-10
3.64034e-10
3.37284e-10
3.06877e-10
2.74298e-10
2.40975e-10
2.08125e-10
1.76669e-10
1.47215e-10
1.20083e-10
9.53592e-11
7.29435e-11
5.25984e-11
3.39764e-11
1.66306e-11
3.97805e-34
4.65308e-15
3.14342e-12
6.13314e-12
8.98011e-12
1.1691e-11
1.42722e-11
1.67298e-11
1.90697e-11
2.12975e-11
2.34184e-11
2.54376e-11
2.73599e-11
2.91899e-11
3.09321e-11
3.25908e-11
3.41697e-11
3.5673e-11
3.7104e-11
3.84664e-11
3.97634e-11
4.09982e-11
4.21737e-11
4.32928e-11
4.43583e-11
4.53727e-11
4.63384e-11
4.72578e-11
4.81332e-11
4.89667e-11
4.97602e-11
5.05157e-11
5.1235e-11
5.91426e-11
6.7808e-11
7.72944e-11
8.76666e-11
9.89903e-11
1.1133e-10
1.24744e-10
1.39287e-10
1.54998e-10
1.71897e-10
1.89978e-10
2.09197e-10
2.29456e-10
2.50595e-10
2.72368e-10
2.94427e-10
3.16303e-10
3.37397e-10
3.56969e-10
3.74154e-10
3.87993e-10
3.97496e-10
4.01738e-10
3.99979e-10
3.91799e-10
3.77202e-10
3.56677e-10
3.31161e-10
3.01928e-10
2.70408e-10
2.37993e-10
2.05891e-10
1.75029e-10
1.46034e-10
1.19249e-10
9.47822e-11
7.25556e-11
5.2349e-11
3.38297e-11
1.65632e-11
4.7243e-34
4.4683e-15
3.01864e-12
5.8897e-12
8.62367e-12
1.1227e-11
1.37057e-11
1.60659e-11
1.83129e-11
2.04523e-11
2.24891e-11
2.44282e-11
2.62743e-11
2.80318e-11
2.9705e-11
3.12979e-11
3.28143e-11
3.4258e-11
3.56324e-11
3.69408e-11
3.81864e-11
3.93723e-11
4.05013e-11
4.15762e-11
4.25995e-11
4.35738e-11
4.45013e-11
4.53844e-11
4.62252e-11
4.70257e-11
4.77878e-11
4.85134e-11
4.92043e-11
5.67997e-11
6.51236e-11
7.4237e-11
8.42025e-11
9.50838e-11
1.06943e-10
1.19839e-10
1.33823e-10
1.48936e-10
1.652e-10
1.8261e-10
2.01128e-10
2.20668e-10
2.41078e-10
2.6213e-10
2.83499e-10
3.04744e-10
3.25298e-10
3.4446e-10
3.61405e-10
3.75215e-10
3.84932e-10
3.89652e-10
3.88635e-10
3.81433e-10
3.68001e-10
3.4875e-10
3.24537e-10
2.96553e-10
2.66166e-10
2.3473e-10
2.03438e-10
1.73223e-10
1.4473e-10
1.18326e-10
9.41427e-11
7.21249e-11
5.20717e-11
3.36664e-11
1.64883e-11
5.1737e-34
4.27549e-15
2.88844e-12
5.63567e-12
8.25174e-12
1.07428e-11
1.31147e-11
1.5373e-11
1.75232e-11
1.95704e-11
2.15194e-11
2.3375e-11
2.51415e-11
2.68234e-11
2.84245e-11
2.99488e-11
3.13999e-11
3.27815e-11
3.40967e-11
3.53488e-11
3.65409e-11
3.76758e-11
3.87562e-11
3.97849e-11
4.07642e-11
4.16966e-11
4.25843e-11
4.34294e-11
4.42341e-11
4.50002e-11
4.57296e-11
4.6424e-11
4.70853e-11
5.43548e-11
6.23222e-11
7.10461e-11
8.0587e-11
9.10062e-11
1.02364e-10
1.14718e-10
1.28118e-10
1.42606e-10
1.58204e-10
1.74911e-10
1.92696e-10
2.11478e-10
2.31122e-10
2.51415e-10
2.72053e-10
2.92626e-10
3.12601e-10
3.31316e-10
3.47988e-10
3.61742e-10
3.71655e-10
3.76847e-10
3.76579e-10
3.7038e-10
3.58151e-10
3.4023e-10
3.17386e-10
2.90726e-10
2.61548e-10
2.31163e-10
2.00746e-10
1.71235e-10
1.43291e-10
1.17305e-10
9.34337e-11
7.16467e-11
5.17634e-11
3.34847e-11
1.64048e-11
5.66283e-34
4.07525e-15
2.75323e-12
5.37185e-12
7.86546e-12
1.02399e-11
1.25008e-11
1.46535e-11
1.67031e-11
1.86545e-11
2.05123e-11
2.22811e-11
2.39651e-11
2.55683e-11
2.70945e-11
2.85476e-11
2.99309e-11
3.12479e-11
3.25017e-11
3.36954e-11
3.48318e-11
3.59137e-11
3.69437e-11
3.79244e-11
3.8858e-11
3.97469e-11
4.05931e-11
4.13989e-11
4.2166e-11
4.28964e-11
4.35918e-11
4.42539e-11
4.48843e-11
5.18153e-11
5.94123e-11
6.77315e-11
7.6831e-11
8.67698e-11
9.76063e-11
1.09396e-10
1.22189e-10
1.36025e-10
1.5093e-10
1.66905e-10
1.83923e-10
2.01914e-10
2.20755e-10
2.40249e-10
2.60118e-10
2.79978e-10
2.99333e-10
3.17561e-10
3.33926e-10
3.47592e-10
3.57679e-10
3.63329e-10
3.6381e-10
3.58629e-10
3.47637e-10
3.31096e-10
3.09683e-10
2.8442e-10
2.56527e-10
2.27269e-10
1.97797e-10
1.69049e-10
1.41703e-10
1.16175e-10
9.26475e-11
7.11153e-11
5.14202e-11
3.32822e-11
1.63117e-11
6.19446e-34
3.86834e-15
2.6135e-12
5.09923e-12
7.4663e-12
9.72027e-12
1.18664e-11
1.39099e-11
1.58556e-11
1.7708e-11
1.94716e-11
2.11507e-11
2.27493e-11
2.42713e-11
2.57202e-11
2.70997e-11
2.84129e-11
2.96632e-11
3.08535e-11
3.19868e-11
3.30656e-11
3.40928e-11
3.50707e-11
3.60017e-11
3.68881e-11
3.7732e-11
3.85355e-11
3.93005e-11
4.00288e-11
4.07223e-11
4.13825e-11
4.20112e-11
4.26097e-11
4.91908e-11
5.64048e-11
6.43056e-11
7.29486e-11
8.23905e-11
9.26876e-11
1.03894e-10
1.16057e-10
1.29219e-10
1.43404e-10
1.58619e-10
1.74841e-10
1.92008e-10
2.10011e-10
2.2867e-10
2.4773e-10
2.66838e-10
2.85532e-10
3.03234e-10
3.1925e-10
3.32794e-10
3.43025e-10
3.49113e-10
3.50336e-10
3.46181e-10
3.36449e-10
3.2133e-10
3.01408e-10
2.77609e-10
2.51079e-10
2.23023e-10
1.94567e-10
1.66646e-10
1.39952e-10
1.14925e-10
9.17756e-11
7.05247e-11
5.10382e-11
3.30565e-11
1.62078e-11
6.77135e-34
3.6557e-15
2.4699e-12
4.81905e-12
7.05607e-12
9.18621e-12
1.12145e-11
1.31457e-11
1.49845e-11
1.67352e-11
1.8402e-11
1.9989e-11
2.14998e-11
2.29383e-11
2.43077e-11
2.56115e-11
2.68527e-11
2.80344e-11
2.91595e-11
3.02306e-11
3.12503e-11
3.22212e-11
3.31455e-11
3.40255e-11
3.48634e-11
3.56611e-11
3.64205e-11
3.71436e-11
3.78321e-11
3.84876e-11
3.91117e-11
3.9706e-11
4.02718e-11
4.6493e-11
5.33133e-11
6.07837e-11
6.89572e-11
7.78879e-11
8.76298e-11
9.82347e-11
1.0975e-10
1.22216e-10
1.35659e-10
1.50089e-10
1.65487e-10
1.81802e-10
1.98934e-10
2.16725e-10
2.34939e-10
2.53255e-10
2.71248e-10
2.8838e-10
3.04008e-10
3.1739e-10
3.27729e-10
3.34228e-10
3.36175e-10
3.33042e-10
3.24587e-10
3.10921e-10
2.92541e-10
2.70273e-10
2.45178e-10
2.18401e-10
1.91035e-10
1.64007e-10
1.38022e-10
1.13543e-10
9.08086e-11
6.98682e-11
5.06126e-11
3.28047e-11
1.60917e-11
7.3962e-34
3.43843e-15
2.32316e-12
4.53276e-12
6.63689e-12
8.6405e-12
1.05483e-11
1.23649e-11
1.40945e-11
1.57412e-11
1.73091e-11
1.88018e-11
2.0223e-11
2.15761e-11
2.28643e-11
2.40908e-11
2.52584e-11
2.637e-11
2.74284e-11
2.8436e-11
2.93953e-11
3.03086e-11
3.11782e-11
3.20061e-11
3.27943e-11
3.35448e-11
3.42593e-11
3.49396e-11
3.55873e-11
3.6204e-11
3.67912e-11
3.73502e-11
3.78826e-11
4.3736e-11
5.01537e-11
5.71841e-11
6.48774e-11
7.32851e-11
8.24587e-11
9.24483e-11
1.033e-10
1.15053e-10
1.27735e-10
1.41358e-10
1.55909e-10
1.71345e-10
1.87579e-10
2.04468e-10
2.21803e-10
2.39291e-10
2.56541e-10
2.73063e-10
2.88257e-10
3.01434e-10
3.1184e-10
3.18713e-10
3.21357e-10
3.19233e-10
3.12056e-10
2.99868e-10
2.8307e-10
2.62391e-10
2.38802e-10
2.13379e-10
1.87177e-10
1.61111e-10
1.35895e-10
1.12014e-10
8.97362e-11
6.91381e-11
5.01384e-11
3.25236e-11
1.59621e-11
8.07152e-34
3.2178e-15
2.17415e-12
4.24203e-12
6.21121e-12
8.08633e-12
9.87182e-12
1.15719e-11
1.31906e-11
1.47318e-11
1.61992e-11
1.75963e-11
1.89264e-11
2.01928e-11
2.13985e-11
2.25464e-11
2.36393e-11
2.46798e-11
2.56704e-11
2.66135e-11
2.75114e-11
2.83663e-11
2.91802e-11
2.99552e-11
3.0693e-11
3.13955e-11
3.20643e-11
3.27011e-11
3.33074e-11
3.38847e-11
3.44344e-11
3.49577e-11
3.54561e-11
4.09358e-11
4.69445e-11
5.35277e-11
6.07328e-11
6.86088e-11
7.72045e-11
8.65678e-11
9.67434e-11
1.0777e-10
1.19676e-10
1.32475e-10
1.4616e-10
1.60696e-10
1.76007e-10
1.91968e-10
2.08392e-10
2.25016e-10
2.41486e-10
2.57354e-10
2.7207e-10
2.84993e-10
2.95419e-10
3.02622e-10
3.05925e-10
3.04784e-10
2.98875e-10
2.88174e-10
2.72989e-10
2.5395e-10
2.3193e-10
2.07935e-10
1.82972e-10
1.57939e-10
1.33554e-10
1.10325e-10
8.85471e-11
6.83263e-11
4.96099e-11
3.22097e-11
1.58171e-11
8.79956e-34
2.99523e-15
2.02383e-12
3.94874e-12
5.78178e-12
7.52728e-12
9.18934e-12
1.07719e-11
1.22788e-11
1.37135e-11
1.50795e-11
1.63801e-11
1.76183e-11
1.87973e-11
1.99197e-11
2.09884e-11
2.20058e-11
2.29745e-11
2.38967e-11
2.47748e-11
2.56108e-11
2.64067e-11
2.71645e-11
2.7886e-11
2.8573e-11
2.9227e-11
2.98497e-11
3.04427e-11
3.10072e-11
3.15447e-11
3.20565e-11
3.25438e-11
3.30078e-11
3.81105e-11
4.37063e-11
4.9838e-11
5.65501e-11
6.38888e-11
7.19005e-11
8.06307e-11
9.01223e-11
1.00413e-10
1.11532e-10
1.23496e-10
1.36301e-10
1.4992e-10
1.64289e-10
1.79299e-10
1.94786e-10
2.10515e-10
2.26169e-10
2.41341e-10
2.55532e-10
2.68151e-10
2.78542e-10
2.86022e-10
2.89936e-10
2.89738e-10
2.85074e-10
2.75855e-10
2.62301e-10
2.4494e-10
2.24547e-10
2.02048e-10
1.78397e-10
1.54468e-10
1.30981e-10
1.08461e-10
8.72291e-11
6.74236e-11
4.90206e-11
3.18591e-11
1.5655e-11
9.58213e-34
2.77228e-15
1.87324e-12
3.65493e-12
5.35159e-12
6.96722e-12
8.50565e-12
9.97051e-12
1.13653e-11
1.26933e-11
1.39577e-11
1.51616e-11
1.63079e-11
1.73992e-11
1.84382e-11
1.94275e-11
2.03693e-11
2.1266e-11
2.21198e-11
2.29327e-11
2.37066e-11
2.44434e-11
2.5145e-11
2.58129e-11
2.64489e-11
2.70544e-11
2.7631e-11
2.81799e-11
2.87026e-11
2.92003e-11
2.96741e-11
3.01253e-11
3.05549e-11
3.52796e-11
4.04615e-11
4.61405e-11
5.23582e-11
5.9158e-11
6.65835e-11
7.46779e-11
8.34823e-11
9.30334e-11
1.03361e-10
1.14482e-10
1.26399e-10
1.3909e-10
1.52503e-10
1.66545e-10
1.81073e-10
1.9588e-10
2.10685e-10
2.25123e-10
2.38741e-10
2.51003e-10
2.61302e-10
2.68997e-10
2.73462e-10
2.74155e-10
2.70696e-10
2.62938e-10
2.51018e-10
2.3536e-10
2.16642e-10
1.95701e-10
1.73431e-10
1.50678e-10
1.28156e-10
1.06404e-10
8.57692e-11
6.64202e-11
4.83637e-11
3.14673e-11
1.54735e-11
1.04204e-33
2.55058e-15
1.7235e-12
3.36276e-12
4.92381e-12
6.41031e-12
7.82578e-12
9.17358e-12
1.04569e-11
1.16788e-11
1.28423e-11
1.395e-11
1.50047e-11
1.60089e-11
1.69649e-11
1.78752e-11
1.87419e-11
1.95671e-11
2.03527e-11
2.11007e-11
2.18129e-11
2.2491e-11
2.31366e-11
2.37513e-11
2.43366e-11
2.48938e-11
2.54244e-11
2.59296e-11
2.64106e-11
2.68686e-11
2.73047e-11
2.772e-11
2.81154e-11
3.2464e-11
3.7234e-11
4.24625e-11
4.81881e-11
5.44511e-11
6.12925e-11
6.87532e-11
7.6872e-11
8.56847e-11
9.52203e-11
1.05499e-10
1.16525e-10
1.28284e-10
1.40734e-10
1.53797e-10
1.6735e-10
1.81214e-10
1.95141e-10
2.08808e-10
2.21809e-10
2.33659e-10
2.43803e-10
2.51645e-10
2.56591e-10
2.5811e-10
2.558e-10
2.49466e-10
2.39163e-10
2.2522e-10
2.08209e-10
1.88879e-10
1.68057e-10
1.4655e-10
1.2506e-10
1.04138e-10
8.41536e-11
6.53054e-11
4.76315e-11
3.10296e-11
1.52705e-11
1.13147e-33
2.33186e-15
1.57575e-12
3.07449e-12
4.50173e-12
5.86082e-12
7.15498e-12
8.38728e-12
9.56064e-12
1.06779e-11
1.17416e-11
1.27545e-11
1.37188e-11
1.4637e-11
1.55113e-11
1.63436e-11
1.71361e-11
1.78906e-11
1.86091e-11
1.92931e-11
1.99443e-11
2.05644e-11
2.11548e-11
2.17169e-11
2.22522e-11
2.27618e-11
2.3247e-11
2.3709e-11
2.41489e-11
2.45678e-11
2.49667e-11
2.53464e-11
2.5708e-11
2.96854e-11
3.40488e-11
3.88322e-11
4.40716e-11
4.98042e-11
5.60683e-11
6.29019e-11
7.03422e-11
7.84231e-11
8.71737e-11
9.66145e-11
1.06754e-10
1.17584e-10
1.2907e-10
1.41151e-10
1.5372e-10
1.66625e-10
1.79651e-10
1.92514e-10
2.04855e-10
2.16238e-10
2.26162e-10
2.34077e-10
2.39426e-10
2.4169e-10
2.40459e-10
2.35492e-10
2.26774e-10
2.14538e-10
1.99254e-10
1.81578e-10
1.62261e-10
1.42065e-10
1.21675e-10
1.01645e-10
8.23677e-11
6.40679e-11
4.68158e-11
3.05407e-11
1.50433e-11
1.22643e-33
2.11782e-15
1.43117e-12
2.79239e-12
4.08868e-12
5.32308e-12
6.49852e-12
7.61778e-12
8.68352e-12
9.69829e-12
1.06645e-11
1.15845e-11
1.24604e-11
1.32945e-11
1.40886e-11
1.48446e-11
1.55645e-11
1.62499e-11
1.69025e-11
1.75239e-11
1.81155e-11
1.86788e-11
1.92152e-11
1.97259e-11
2.02121e-11
2.06751e-11
2.11159e-11
2.15356e-11
2.19353e-11
2.23159e-11
2.26782e-11
2.30233e-11
2.33518e-11
2.69657e-11
3.09308e-11
3.52784e-11
4.00413e-11
4.5254e-11
5.09517e-11
5.71701e-11
6.3944e-11
7.13057e-11
7.92837e-11
8.78993e-11
9.71638e-11
1.07073e-10
1.17604e-10
1.28705e-10
1.40289e-10
1.52227e-10
1.64335e-10
1.76366e-10
1.88007e-10
1.98872e-10
2.08509e-10
2.16419e-10
2.22082e-10
2.25001e-10
2.24762e-10
2.21089e-10
2.13902e-10
2.03346e-10
1.89791e-10
1.73795e-10
1.56032e-10
1.37208e-10
1.17983e-10
9.89102e-11
8.03968e-11
6.26956e-11
4.59079e-11
2.99948e-11
1.47891e-11
1.32666e-33
1.91016e-15
1.29088e-12
2.51867e-12
3.6879e-12
4.80132e-12
5.86156e-12
6.87114e-12
7.83246e-12
8.74781e-12
9.61938e-12
1.04492e-11
1.12394e-11
1.19918e-11
1.27081e-11
1.33902e-11
1.40396e-11
1.46579e-11
1.52466e-11
1.58072e-11
1.63409e-11
1.68491e-11
1.7333e-11
1.77937e-11
1.82324e-11
1.86501e-11
1.90479e-11
1.94266e-11
1.97872e-11
2.01305e-11
2.04575e-11
2.07688e-11
2.10652e-11
2.43262e-11
2.79046e-11
3.18288e-11
3.61289e-11
4.08362e-11
4.59833e-11
5.16031e-11
5.77279e-11
6.43887e-11
7.16127e-11
7.94219e-11
8.78295e-11
9.68361e-11
1.06425e-10
1.16558e-10
1.27163e-10
1.38133e-10
1.49313e-10
1.60493e-10
1.71399e-10
1.81695e-10
1.90981e-10
1.98804e-10
2.04688e-10
2.08162e-10
2.08813e-10
2.06342e-10
2.00613e-10
1.91689e-10
1.79846e-10
1.65542e-10
1.49367e-10
1.31968e-10
1.1397e-10
9.59159e-11
7.8226e-11
6.11764e-11
4.48983e-11
2.93858e-11
1.4505e-11
1.43176e-33
1.71047e-15
1.15597e-12
2.25545e-12
3.3025e-12
4.29957e-12
5.24902e-12
6.15312e-12
7.01401e-12
7.83374e-12
8.61427e-12
9.35747e-12
1.00651e-11
1.07389e-11
1.13805e-11
1.19913e-11
1.2573e-11
1.31268e-11
1.36541e-11
1.41561e-11
1.46342e-11
1.50894e-11
1.55228e-11
1.59355e-11
1.63284e-11
1.67026e-11
1.70588e-11
1.73981e-11
1.77211e-11
1.80287e-11
1.83215e-11
1.86004e-11
1.8866e-11
2.17874e-11
2.49936e-11
2.85102e-11
3.23645e-11
3.6585e-11
4.12013e-11
4.62437e-11
5.17422e-11
5.77257e-11
6.42204e-11
7.12483e-11
7.88239e-11
8.6952e-11
9.56224e-11
1.04806e-10
1.14446e-10
1.24457e-10
1.34707e-10
1.45021e-10
1.55165e-10
1.64848e-10
1.73719e-10
1.81376e-10
1.87383e-10
1.91302e-10
1.92731e-10
1.91354e-10
1.86989e-10
1.79629e-10
1.69458e-10
1.56839e-10
1.42273e-10
1.2634e-10
1.09623e-10
9.26484e-11
7.58413e-11
5.94977e-11
4.37775e-11
2.87072e-11
1.41876e-11
1.54103e-33
1.52021e-15
1.02742e-12
2.00465e-12
2.93527e-12
3.82147e-12
4.66537e-12
5.46896e-12
6.23415e-12
6.96277e-12
7.65655e-12
8.31716e-12
8.94618e-12
9.54511e-12
1.01154e-11
1.06584e-11
1.11754e-11
1.16677e-11
1.21365e-11
1.25828e-11
1.30078e-11
1.34125e-11
1.37978e-11
1.41647e-11
1.4514e-11
1.48466e-11
1.51634e-11
1.5465e-11
1.57522e-11
1.60256e-11
1.6286e-11
1.6534e-11
1.67701e-11
1.93677e-11
2.2219e-11
2.53468e-11
2.87758e-11
3.25316e-11
3.6641e-11
4.11317e-11
4.60311e-11
5.13661e-11
5.71617e-11
6.34394e-11
7.02148e-11
7.74955e-11
8.5277e-11
9.35384e-11
1.02237e-10
1.11303e-10
1.20632e-10
1.30075e-10
1.39437e-10
1.48469e-10
1.56867e-10
1.64278e-10
1.70312e-10
1.74563e-10
1.76647e-10
1.7624e-10
1.73129e-10
1.67242e-10
1.58681e-10
1.47718e-10
1.34765e-10
1.20326e-10
1.04935e-10
8.90959e-11
7.32296e-11
5.76477e-11
4.25358e-11
2.79525e-11
1.38337e-11
1.65351e-33
1.34066e-15
9.06104e-13
1.76794e-12
2.58867e-12
3.37025e-12
4.11451e-12
4.82323e-12
5.4981e-12
6.14072e-12
6.75262e-12
7.33527e-12
7.89007e-12
8.41834e-12
8.92134e-12
9.4003e-12
9.85635e-12
1.02906e-11
1.07041e-11
1.10978e-11
1.14726e-11
1.18296e-11
1.21695e-11
1.24931e-11
1.28013e-11
1.30948e-11
1.33742e-11
1.36402e-11
1.38936e-11
1.41348e-11
1.43646e-11
1.45833e-11
1.47916e-11
1.70835e-11
1.95995e-11
2.236e-11
2.5387e-11
2.87033e-11
3.23332e-11
3.63015e-11
4.06334e-11
4.53534e-11
5.04852e-11
5.60493e-11
6.20621e-11
6.85333e-11
7.54628e-11
8.28372e-11
9.06251e-11
9.87719e-11
1.07193e-10
1.1577e-10
1.24338e-10
1.3269e-10
1.40565e-10
1.47658e-10
1.53621e-10
1.58089e-10
1.60698e-10
1.6113e-10
1.59143e-10
1.54619e-10
1.47586e-10
1.38227e-10
1.26868e-10
1.13936e-10
9.99069e-11
8.52508e-11
7.03802e-11
5.56153e-11
4.1164e-11
2.71149e-11
1.34397e-11
1.76786e-33
1.17284e-15
7.92715e-13
1.5467e-12
2.26474e-12
2.94851e-12
3.59966e-12
4.21971e-12
4.81015e-12
5.37238e-12
5.90775e-12
6.41753e-12
6.90294e-12
7.36515e-12
7.80527e-12
8.22434e-12
8.62338e-12
9.00335e-12
9.36515e-12
9.70965e-12
1.00377e-11
1.035e-11
1.06475e-11
1.09307e-11
1.12004e-11
1.14572e-11
1.17017e-11
1.19345e-11
1.21562e-11
1.23674e-11
1.25684e-11
1.27598e-11
1.29421e-11
1.4948e-11
1.71504e-11
1.95673e-11
2.22179e-11
2.51229e-11
2.83035e-11
3.17821e-11
3.55814e-11
3.97239e-11
4.42313e-11
4.91233e-11
5.44164e-11
6.01217e-11
6.62426e-11
7.27717e-11
7.9687e-11
8.69474e-11
9.44869e-11
1.0221e-10
1.09983e-10
1.17635e-10
1.24945e-10
1.31653e-10
1.37456e-10
1.42027e-10
1.45032e-10
1.46159e-10
1.45157e-10
1.41867e-10
1.36256e-10
1.28429e-10
1.18625e-10
1.07192e-10
9.45445e-11
8.11109e-11
6.72858e-11
5.33914e-11
3.96533e-11
2.61881e-11
1.30024e-11
1.88231e-33
1.01757e-15
6.87789e-13
1.34198e-12
1.96497e-12
2.55825e-12
3.12322e-12
3.66122e-12
4.17353e-12
4.66137e-12
5.1259e-12
5.56824e-12
5.98945e-12
6.39052e-12
6.77243e-12
7.13608e-12
7.48236e-12
7.81208e-12
8.12605e-12
8.42501e-12
8.70968e-12
8.98076e-12
9.23888e-12
9.48466e-12
9.71871e-12
9.94157e-12
1.01538e-11
1.03559e-11
1.05483e-11
1.07315e-11
1.0906e-11
1.10722e-11
1.12304e-11
1.29715e-11
1.48834e-11
1.69819e-11
1.92839e-11
2.18073e-11
2.45712e-11
2.75953e-11
3.08998e-11
3.45052e-11
3.84314e-11
4.26967e-11
4.73173e-11
5.23052e-11
5.76663e-11
6.3398e-11
6.94861e-11
7.59006e-11
8.25914e-11
8.94832e-11
9.64703e-11
1.03411e-10
1.10126e-10
1.16394e-10
1.21955e-10
1.26521e-10
1.29791e-10
1.3147e-10
1.31302e-10
1.29104e-10
1.24791e-10
1.18399e-10
1.10088e-10
1.00128e-10
8.88651e-11
7.66808e-11
6.39432e-11
5.09695e-11
3.79968e-11
2.51664e-11
1.25186e-11
1.99459e-33
8.75335e-16
5.91672e-13
1.15444e-12
1.69038e-12
2.20076e-12
2.68678e-12
3.14961e-12
3.59035e-12
4.01003e-12
4.40968e-12
4.79023e-12
5.15261e-12
5.49767e-12
5.82624e-12
6.13912e-12
6.43705e-12
6.72074e-12
6.99088e-12
7.24811e-12
7.49305e-12
7.72629e-12
7.94839e-12
8.15988e-12
8.36127e-12
8.55304e-12
8.73565e-12
8.90954e-12
9.07513e-12
9.23281e-12
9.38296e-12
9.52595e-12
9.66211e-12
1.11605e-11
1.28061e-11
1.46126e-11
1.65947e-11
1.87681e-11
2.11493e-11
2.37557e-11
2.66054e-11
2.97164e-11
3.31068e-11
3.67936e-11
4.07922e-11
4.51149e-11
4.97695e-11
5.47569e-11
6.0069e-11
6.56851e-11
7.15681e-11
7.76606e-11
8.38795e-11
9.01119e-11
9.62111e-11
1.01994e-10
1.07242e-10
1.11706e-10
1.15117e-10
1.17204e-10
1.17718e-10
1.16457e-10
1.13302e-10
1.08228e-10
1.01326e-10
9.27897e-11
8.28966e-11
7.19737e-11
6.03557e-11
4.83467e-11
3.61895e-11
2.40451e-11
1.19856e-11
2.10192e-33
7.46379e-16
5.04523e-13
9.84401e-13
1.4414e-12
1.87661e-12
2.29106e-12
2.68573e-12
3.06156e-12
3.41945e-12
3.76025e-12
4.08477e-12
4.3938e-12
4.68807e-12
4.96828e-12
5.2351e-12
5.48919e-12
5.73113e-12
5.96152e-12
6.1809e-12
6.3898e-12
6.58873e-12
6.77816e-12
6.95854e-12
7.1303e-12
7.29387e-12
7.44962e-12
7.59794e-12
7.73918e-12
7.87368e-12
8.00176e-12
8.12372e-12
8.23986e-12
9.51807e-12
1.0922e-11
1.24635e-11
1.41551e-11
1.60105e-11
1.80439e-11
2.02706e-11
2.27062e-11
2.53668e-11
2.82685e-11
3.14268e-11
3.48561e-11
3.85687e-11
4.25731e-11
4.68731e-11
5.14651e-11
5.63359e-11
6.14591e-11
6.67918e-11
7.22704e-11
7.78065e-11
8.32826e-11
8.85499e-11
9.34269e-11
9.77021e-11
1.01141e-10
1.03499e-10
1.04541e-10
1.0406e-10
1.01909e-10
9.80214e-11
9.24231e-11
8.52391e-11
7.66792e-11
6.70125e-11
5.65335e-11
4.55255e-11
3.42295e-11
2.28213e-11
1.14014e-11
2.20091e-33
6.30659e-16
4.26314e-13
8.31805e-13
1.21797e-12
1.58572e-12
1.93593e-12
2.26943e-12
2.58701e-12
2.88944e-12
3.17742e-12
3.45166e-12
3.71281e-12
3.96148e-12
4.19828e-12
4.42378e-12
4.6385e-12
4.84297e-12
5.03767e-12
5.22308e-12
5.39964e-12
5.56776e-12
5.72786e-12
5.88031e-12
6.02548e-12
6.16373e-12
6.29537e-12
6.42073e-12
6.54011e-12
6.65379e-12
6.76205e-12
6.86514e-12
6.96331e-12
8.04378e-12
9.23068e-12
1.0534e-11
1.19647e-11
1.35341e-11
1.52548e-11
1.71396e-11
1.92023e-11
2.14568e-11
2.39174e-11
2.6598e-11
2.95118e-11
3.26704e-11
3.6083e-11
3.9755e-11
4.36862e-11
4.78691e-11
5.22859e-11
5.69055e-11
6.16805e-11
6.65428e-11
7.14005e-11
7.61345e-11
8.0597e-11
8.46119e-11
8.79787e-11
9.04819e-11
9.19038e-11
9.20437e-11
9.07398e-11
8.78908e-11
8.34732e-11
7.75499e-11
7.0266e-11
6.18317e-11
5.2496e-11
4.25145e-11
3.21192e-11
2.14945e-11
1.07651e-11
2.28761e-33
5.27884e-16
3.56851e-13
6.96271e-13
1.01952e-12
1.32735e-12
1.6205e-12
1.89967e-12
2.16551e-12
2.41867e-12
2.65975e-12
2.88932e-12
3.10793e-12
3.31611e-12
3.51435e-12
3.70312e-12
3.88288e-12
4.05406e-12
4.21706e-12
4.37228e-12
4.5201e-12
4.66085e-12
4.79489e-12
4.92253e-12
5.04408e-12
5.15982e-12
5.27004e-12
5.37501e-12
5.47496e-12
5.57014e-12
5.66079e-12
5.7471e-12
5.8293e-12
6.73404e-12
7.72803e-12
8.8197e-12
1.00182e-11
1.13333e-11
1.27755e-11
1.43559e-11
1.60861e-11
1.79784e-11
2.0045e-11
2.22983e-11
2.47501e-11
2.74113e-11
3.0291e-11
3.33956e-11
3.67273e-11
4.02827e-11
4.40506e-11
4.80094e-11
5.21246e-11
5.63451e-11
6.06004e-11
6.47971e-11
6.88169e-11
7.25158e-11
7.57263e-11
7.82622e-11
7.99287e-11
8.05364e-11
7.99196e-11
7.79552e-11
7.45812e-11
6.98084e-11
6.37228e-11
5.64773e-11
4.82723e-11
3.93299e-11
2.98661e-11
2.00674e-11
1.00773e-11
2.35753e-33
4.37543e-16
2.95788e-13
5.7713e-13
8.45063e-13
1.10022e-12
1.34322e-12
1.57462e-12
1.79499e-12
2.00484e-12
2.20467e-12
2.39497e-12
2.57619e-12
2.74876e-12
2.91309e-12
3.06958e-12
3.2186e-12
3.3605e-12
3.49563e-12
3.62432e-12
3.74686e-12
3.86355e-12
3.97467e-12
4.08049e-12
4.18126e-12
4.27722e-12
4.3686e-12
4.45563e-12
4.5385e-12
4.61741e-12
4.69256e-12
4.76413e-12
4.83229e-12
5.58246e-12
6.40673e-12
7.31213e-12
8.30629e-12
9.39743e-12
1.05943e-11
1.19064e-11
1.33435e-11
1.49159e-11
1.66343e-11
1.85094e-11
2.05517e-11
2.2771e-11
2.51762e-11
2.77738e-11
3.05677e-11
3.35573e-11
3.67364e-11
4.00908e-11
4.35959e-11
4.72146e-11
5.08937e-11
5.45615e-11
5.81253e-11
6.14697e-11
6.44572e-11
6.69309e-11
6.87208e-11
6.96543e-11
6.95698e-11
6.83339e-11
6.58575e-11
6.21101e-11
5.7127e-11
5.10072e-11
4.39023e-11
3.59966e-11
2.7484e-11
1.85464e-11
9.34025e-12
2.40581e-33
3.58944e-16
2.4266e-13
4.73469e-13
6.93279e-13
9.02611e-13
1.10196e-12
1.29181e-12
1.4726e-12
1.64476e-12
1.80871e-12
1.96484e-12
2.11352e-12
2.2551e-12
2.38993e-12
2.51833e-12
2.64059e-12
2.75702e-12
2.8679e-12
2.97348e-12
3.07403e-12
3.16978e-12
3.26096e-12
3.34779e-12
3.43047e-12
3.50921e-12
3.5842e-12
3.65561e-12
3.72361e-12
3.78836e-12
3.85003e-12
3.90876e-12
3.96469e-12
4.58032e-12
5.25681e-12
6e-12
6.81617e-12
7.71213e-12
8.6952e-12
9.77318e-12
1.09543e-11
1.22474e-11
1.36613e-11
1.52052e-11
1.68884e-11
1.87195e-11
2.07066e-11
2.28564e-11
2.51733e-11
2.76589e-11
3.03103e-11
3.31187e-11
3.60676e-11
3.91304e-11
4.22682e-11
4.5427e-11
4.85355e-11
5.15031e-11
5.42193e-11
5.65547e-11
5.8365e-11
5.94973e-11
5.98012e-11
5.91415e-11
5.74136e-11
5.45568e-11
5.05651e-11
4.54901e-11
3.94363e-11
3.25485e-11
2.49936e-11
1.69427e-11
8.55869e-12
2.42738e-33
2.91257e-16
1.96906e-13
3.84195e-13
5.6256e-13
7.32424e-13
8.94189e-13
1.04824e-12
1.19495e-12
1.33466e-12
1.4677e-12
1.5944e-12
1.71505e-12
1.82995e-12
1.93936e-12
2.04355e-12
2.14278e-12
2.23727e-12
2.32725e-12
2.41293e-12
2.49453e-12
2.57224e-12
2.64624e-12
2.71671e-12
2.78382e-12
2.84772e-12
2.90858e-12
2.96654e-12
3.02173e-12
3.07429e-12
3.12434e-12
3.172e-12
3.2174e-12
3.71709e-12
4.26624e-12
4.8696e-12
5.53231e-12
6.25995e-12
7.05851e-12
7.93443e-12
8.89452e-12
9.94602e-12
1.10965e-11
1.23535e-11
1.37251e-11
1.52188e-11
1.68417e-11
1.86002e-11
2.0499e-11
2.25408e-11
2.47251e-11
2.70469e-11
2.94956e-11
3.20529e-11
3.46909e-11
3.73698e-11
4.0036e-11
4.26198e-11
4.50341e-11
4.71749e-11
4.89221e-11
5.01449e-11
5.07078e-11
5.04819e-11
4.93562e-11
4.72511e-11
4.41293e-11
4.0003e-11
3.49342e-11
2.90285e-11
2.2423e-11
1.52725e-11
7.73976e-12
2.41728e-33
2.33554e-16
1.57899e-13
3.08087e-13
4.51118e-13
5.87333e-13
7.17055e-13
8.40592e-13
9.58239e-13
1.07027e-12
1.17697e-12
1.27857e-12
1.37533e-12
1.46747e-12
1.55522e-12
1.63878e-12
1.71835e-12
1.79413e-12
1.86629e-12
1.93502e-12
2.00046e-12
2.06278e-12
2.12213e-12
2.17865e-12
2.23247e-12
2.28373e-12
2.33254e-12
2.37902e-12
2.42329e-12
2.46544e-12
2.50559e-12
2.54382e-12
2.58023e-12
2.98104e-12
3.42156e-12
3.90561e-12
4.43736e-12
5.0213e-12
5.66229e-12
6.36556e-12
7.13667e-12
7.98154e-12
8.90635e-12
9.91753e-12
1.10216e-11
1.22251e-11
1.35342e-11
1.49547e-11
1.64912e-11
1.81469e-11
1.99227e-11
2.18164e-11
2.38216e-11
2.5926e-11
2.81102e-11
3.03457e-11
3.25928e-11
3.4799e-11
3.68975e-11
3.88058e-11
4.04272e-11
4.16522e-11
4.23635e-11
4.24432e-11
4.17821e-11
4.02913e-11
3.79127e-11
3.4628e-11
3.04631e-11
2.54874e-11
1.98073e-11
1.35571e-11
6.89328e-12
2.37104e-33
1.84851e-16
1.24975e-13
2.43847e-13
3.57055e-13
4.64868e-13
5.67543e-13
6.65323e-13
7.58441e-13
8.47119e-13
9.31568e-13
1.01199e-12
1.08858e-12
1.16151e-12
1.23096e-12
1.29711e-12
1.36009e-12
1.42008e-12
1.4772e-12
1.5316e-12
1.5834e-12
1.63273e-12
1.67972e-12
1.72445e-12
1.76706e-12
1.80764e-12
1.84627e-12
1.88307e-12
1.91811e-12
1.95149e-12
1.98327e-12
2.01353e-12
2.04236e-12
2.35967e-12
2.70844e-12
3.09172e-12
3.51282e-12
3.97532e-12
4.4831e-12
5.04035e-12
5.65154e-12
6.32143e-12
7.05503e-12
7.8576e-12
8.73449e-12
9.69114e-12
1.07328e-11
1.18645e-11
1.30906e-11
1.44142e-11
1.58372e-11
1.73591e-11
1.89762e-11
2.06808e-11
2.24598e-11
2.42931e-11
2.61522e-11
2.79982e-11
2.97808e-11
3.14364e-11
3.28887e-11
3.40487e-11
3.48178e-11
3.50927e-11
3.4772e-11
3.37655e-11
3.20037e-11
2.94473e-11
2.6094e-11
2.19818e-11
1.71872e-11
1.18223e-11
6.0316e-12
2.28508e-33
1.44142e-16
9.74538e-14
1.90149e-13
2.78427e-13
3.62499e-13
4.42565e-13
5.18813e-13
5.91427e-13
6.60579e-13
7.26434e-13
7.89148e-13
8.48872e-13
9.05748e-13
9.59911e-13
1.01149e-12
1.06061e-12
1.10739e-12
1.15194e-12
1.19436e-12
1.23476e-12
1.27323e-12
1.30987e-12
1.34477e-12
1.37799e-12
1.40964e-12
1.43977e-12
1.46847e-12
1.4958e-12
1.52183e-12
1.54661e-12
1.57022e-12
1.5927e-12
1.84019e-12
2.11223e-12
2.41122e-12
2.73974e-12
3.10061e-12
3.49689e-12
3.93185e-12
4.40905e-12
4.93224e-12
5.50543e-12
6.13281e-12
6.8187e-12
7.56753e-12
8.38368e-12
9.27133e-12
1.02343e-11
1.12757e-11
1.23975e-11
1.36004e-11
1.48825e-11
1.62393e-11
1.76621e-11
1.91372e-11
2.06444e-11
2.21558e-11
2.3634e-11
2.50315e-11
2.62891e-11
2.73366e-11
2.80939e-11
2.84735e-11
2.83858e-11
2.77456e-11
2.64802e-11
2.45381e-11
2.18973e-11
1.85702e-11
1.46073e-11
1.00974e-11
5.16906e-12
2.15712e-33
1.10423e-16
7.46581e-14
1.45671e-13
2.133e-13
2.77707e-13
3.39044e-13
3.97458e-13
4.53088e-13
5.06065e-13
5.56517e-13
6.04564e-13
6.50319e-13
6.93893e-13
7.35389e-13
7.74907e-13
8.1254e-13
8.48379e-13
8.82509e-13
9.15011e-13
9.45964e-13
9.75441e-13
1.00351e-12
1.03025e-12
1.0557e-12
1.07995e-12
1.10304e-12
1.12503e-12
1.14597e-12
1.16591e-12
1.1849e-12
1.20299e-12
1.22021e-12
1.40984e-12
1.6183e-12
1.84743e-12
2.09921e-12
2.37582e-12
2.6796e-12
3.01312e-12
3.37909e-12
3.78046e-12
4.22033e-12
4.70199e-12
5.22886e-12
5.80445e-12
6.43227e-12
7.11577e-12
7.85815e-12
8.66216e-12
9.52987e-12
1.04623e-11
1.14589e-11
1.2517e-11
1.36313e-11
1.47926e-11
1.5987e-11
1.71946e-11
1.83888e-11
1.95343e-11
2.05869e-11
2.14924e-11
2.21877e-11
2.26017e-11
2.26584e-11
2.22821e-11
2.14032e-11
1.9966e-11
1.79364e-11
1.53088e-11
1.2112e-11
8.41277e-12
4.32096e-12
1.9864e-33
8.27134e-17
5.59238e-14
1.09117e-13
1.59776e-13
2.08021e-13
2.53967e-13
2.97724e-13
3.39395e-13
3.79079e-13
4.16872e-13
4.52863e-13
4.87138e-13
5.1978e-13
5.50864e-13
5.80467e-13
6.08659e-13
6.35506e-13
6.61073e-13
6.85421e-13
7.08609e-13
7.30691e-13
7.5172e-13
7.71747e-13
7.90819e-13
8.08982e-13
8.26279e-13
8.42751e-13
8.58439e-13
8.73378e-13
8.87606e-13
9.01155e-13
9.14059e-13
1.05613e-12
1.21231e-12
1.38399e-12
1.57266e-12
1.77995e-12
2.00764e-12
2.25765e-12
2.53205e-12
2.83306e-12
3.16304e-12
3.52451e-12
3.92008e-12
4.35247e-12
4.82442e-12
5.33866e-12
5.89776e-12
6.50405e-12
7.15939e-12
7.86493e-12
8.62079e-12
9.42566e-12
1.02762e-11
1.11666e-11
1.20874e-11
1.30251e-11
1.39608e-11
1.48692e-11
1.57181e-11
1.64671e-11
1.70679e-11
1.74649e-11
1.75968e-11
1.73995e-11
1.68113e-11
1.57784e-11
1.4262e-11
1.22456e-11
9.74135e-12
6.79693e-12
3.50205e-12
1.7735e-33
6.00535e-17
4.06036e-14
7.92245e-14
1.16006e-13
1.51034e-13
1.84394e-13
2.16164e-13
2.46419e-13
2.75233e-13
3.02673e-13
3.28805e-13
3.53691e-13
3.77391e-13
3.99961e-13
4.21456e-13
4.41925e-13
4.61418e-13
4.79983e-13
4.97662e-13
5.14498e-13
5.30532e-13
5.45802e-13
5.60343e-13
5.74192e-13
5.8738e-13
5.9994e-13
6.11901e-13
6.23292e-13
6.3414e-13
6.44471e-13
6.54309e-13
6.63679e-13
7.66842e-13
8.80261e-13
1.00494e-12
1.14196e-12
1.29252e-12
1.45792e-12
1.63955e-12
1.83894e-12
2.0577e-12
2.29759e-12
2.56044e-12
2.8482e-12
3.16289e-12
3.50657e-12
3.88131e-12
4.28909e-12
4.73175e-12
5.21084e-12
5.72745e-12
6.28198e-12
6.87389e-12
7.50126e-12
8.1604e-12
8.84523e-12
9.54667e-12
1.02518e-11
1.09432e-11
1.1598e-11
1.21872e-11
1.26754e-11
1.30209e-11
1.31764e-11
1.30912e-11
1.27139e-11
1.19975e-11
1.09043e-11
9.413e-12
7.52512e-12
5.27235e-12
2.72438e-12
1.51956e-33
4.14973e-17
2.80576e-14
5.47451e-14
8.01614e-14
1.04367e-13
1.27419e-13
1.49372e-13
1.70279e-13
1.9019e-13
2.09152e-13
2.2721e-13
2.44407e-13
2.60784e-13
2.76381e-13
2.91234e-13
3.0538e-13
3.1885e-13
3.31679e-13
3.43896e-13
3.55531e-13
3.66611e-13
3.77163e-13
3.87212e-13
3.96782e-13
4.05896e-13
4.14576e-13
4.22842e-13
4.30713e-13
4.3821e-13
4.4535e-13
4.52149e-13
4.58624e-13
5.29919e-13
6.08303e-13
6.94471e-13
7.89179e-13
8.93252e-13
1.00759e-12
1.13316e-12
1.27103e-12
1.42232e-12
1.58825e-12
1.77011e-12
1.96926e-12
2.18714e-12
2.4252e-12
2.68491e-12
2.96772e-12
3.27499e-12
3.60788e-12
3.9673e-12
4.35371e-12
4.76696e-12
5.20601e-12
5.66865e-12
6.1511e-12
6.64753e-12
7.14955e-12
7.64558e-12
8.12026e-12
8.55384e-12
8.92177e-12
9.19457e-12
9.33815e-12
9.31492e-12
9.08576e-12
8.61308e-12
7.86502e-12
6.82066e-12
5.47597e-12
3.85043e-12
1.99463e-12
1.22452e-33
2.60718e-17
1.76281e-14
3.43954e-14
5.0364e-14
6.55718e-14
8.0055e-14
9.38481e-14
1.06984e-13
1.19494e-13
1.31407e-13
1.42753e-13
1.53558e-13
1.63847e-13
1.73647e-13
1.82979e-13
1.91866e-13
2.0033e-13
2.0839e-13
2.16067e-13
2.23377e-13
2.30339e-13
2.36969e-13
2.43282e-13
2.49295e-13
2.55022e-13
2.60475e-13
2.65669e-13
2.70615e-13
2.75325e-13
2.79811e-13
2.84083e-13
2.88152e-13
3.32949e-13
3.82202e-13
4.36347e-13
4.95861e-13
5.61263e-13
6.33121e-13
7.12047e-13
7.98706e-13
8.93816e-13
9.98145e-13
1.11251e-12
1.23779e-12
1.37487e-12
1.52471e-12
1.68825e-12
1.86642e-12
2.06012e-12
2.27015e-12
2.49712e-12
2.74143e-12
3.00308e-12
3.28157e-12
3.57567e-12
3.8832e-12
4.20074e-12
4.52327e-12
4.84377e-12
5.15283e-12
5.4382e-12
5.68446e-12
5.87281e-12
5.98121e-12
5.98484e-12
5.85731e-12
5.57249e-12
5.10728e-12
4.44523e-12
3.58094e-12
2.52516e-12
1.31074e-12
8.83647e-34
1.26948e-17
8.58342e-15
1.67477e-14
2.45231e-14
3.19281e-14
3.89803e-14
4.56964e-14
5.20924e-14
5.81837e-14
6.39846e-14
6.95091e-14
7.47702e-14
7.97806e-14
8.45521e-14
8.90962e-14
9.34238e-14
9.7545e-14
1.0147e-13
1.05208e-13
1.08767e-13
1.12157e-13
1.15385e-13
1.1846e-13
1.21388e-13
1.24176e-13
1.26832e-13
1.29361e-13
1.31769e-13
1.34063e-13
1.36247e-13
1.38327e-13
1.40308e-13
1.62122e-13
1.86106e-13
2.12472e-13
2.41454e-13
2.73305e-13
3.083e-13
3.4674e-13
3.88949e-13
4.35278e-13
4.86102e-13
5.41823e-13
6.02867e-13
6.6968e-13
7.42723e-13
8.22467e-13
9.09377e-13
1.0039e-12
1.10644e-12
1.21732e-12
1.33677e-12
1.46481e-12
1.60125e-12
1.74553e-12
1.89668e-12
2.05309e-12
2.21241e-12
2.3713e-12
2.52527e-12
2.6684e-12
2.7932e-12
2.89046e-12
2.94922e-12
2.95705e-12
2.9005e-12
2.76602e-12
2.54133e-12
2.21729e-12
1.79024e-12
1.26485e-12
6.57441e-13
4.81574e-34
3.77571e-42
4.97114e-41
1.63502e-40
3.28511e-40
5.2785e-40
7.48028e-40
9.78377e-40
1.21057e-39
1.43822e-39
1.65652e-39
1.86195e-39
2.05207e-39
2.22526e-39
2.38061e-39
2.51774e-39
2.63668e-39
2.7378e-39
2.82172e-39
2.8892e-39
2.94119e-39
2.97866e-39
3.00268e-39
3.01431e-39
3.01461e-39
3.00464e-39
2.98541e-39
2.95791e-39
2.92306e-39
2.88175e-39
2.83481e-39
2.783e-39
1.84315e-38
4.36848e-38
6.32927e-38
9.07183e-38
1.28848e-37
1.81585e-37
2.54196e-37
3.53778e-37
4.89868e-37
6.75268e-37
9.27126e-37
1.26838e-36
1.72962e-36
2.35163e-36
3.18858e-36
4.31229e-36
5.81771e-36
7.82994e-36
1.05132e-35
1.40819e-35
1.88148e-35
2.50713e-35
3.33116e-35
4.41178e-35
5.82172e-35
7.65029e-35
1.00046e-34
1.30091e-34
1.68023e-34
2.15274e-34
2.73153e-34
3.42543e-34
4.23431e-34
5.14198e-34
6.10649e-34
7.04753e-34
7.83168e-34
8.25754e-34
8.04488e-34
6.83611e-34
4.2243e-34
1.66292e-34
