-2.95451e-41
-3.88994e-40
-1.27941e-39
-2.57061e-39
-4.13043e-39
-5.8533e-39
-7.65576e-39
-9.47266e-39
-1.1254e-38
-1.2962e-38
-1.45695e-38
-1.6057e-38
-1.74122e-38
-1.86277e-38
-1.97006e-38
-2.06312e-38
-2.14224e-38
-2.20788e-38
-2.26068e-38
-2.30135e-38
-2.33066e-38
-2.34945e-38
-2.35853e-38
-2.35876e-38
-2.35095e-38
-2.3359e-38
-2.31437e-38
-2.2871e-38
-2.25477e-38
-2.21803e-38
-2.17749e-38
-1.4421e-37
-3.41786e-37
-4.95174e-37
-7.09698e-37
-1.00792e-36
-1.42032e-36
-1.98806e-36
-2.76649e-36
-3.83004e-36
-5.27848e-36
-7.24534e-36
-9.909e-36
-1.35071e-35
-1.83558e-35
-2.48743e-35
-3.36166e-35
-4.5313e-35
-6.09221e-35
-8.16955e-35
-1.09259e-34
-1.4571e-34
-1.93728e-34
-2.56707e-34
-3.38883e-34
-4.45456e-34
-5.82672e-34
-7.57813e-34
-9.79031e-34
-1.25491e-33
-1.5936e-33
-2.0014e-33
-2.48052e-33
-3.02584e-33
-3.62061e-33
-4.23101e-33
-4.79991e-33
-5.2403e-33
-5.4293e-33
-5.20415e-33
-4.36231e-33
-2.67063e-33
-3.52178e-34
2.84836e-17
1.92583e-14
3.75762e-14
5.50214e-14
7.16355e-14
8.74578e-14
1.02526e-13
1.16876e-13
1.30542e-13
1.43557e-13
1.55951e-13
1.67754e-13
1.78995e-13
1.897e-13
1.99894e-13
2.09602e-13
2.18848e-13
2.27652e-13
2.36037e-13
2.44022e-13
2.51627e-13
2.58869e-13
2.65765e-13
2.72333e-13
2.78588e-13
2.84545e-13
2.90217e-13
2.9562e-13
3.00765e-13
3.05664e-13
3.1033e-13
3.14774e-13
3.637e-13
4.17487e-13
4.7661e-13
5.41586e-13
6.12978e-13
6.91398e-13
7.77507e-13
8.72021e-13
9.75705e-13
1.08938e-12
1.21391e-12
1.3502e-12
1.4992e-12
1.66185e-12
1.83911e-12
2.03188e-12
2.24097e-12
2.46705e-12
2.71055e-12
2.97154e-12
3.24961e-12
3.54367e-12
3.85174e-12
4.17067e-12
4.49581e-12
4.82071e-12
5.13669e-12
5.43254e-12
5.69429e-12
5.90505e-12
6.0453e-12
6.09342e-12
6.02687e-12
5.82382e-12
5.46544e-12
4.93841e-12
4.23757e-12
3.36826e-12
2.34812e-12
1.20898e-12
-2.81347e-33
5.95524e-17
4.02641e-14
7.8562e-14
1.15035e-13
1.49771e-13
1.82851e-13
2.14355e-13
2.44357e-13
2.72929e-13
3.00138e-13
3.26051e-13
3.50728e-13
3.74228e-13
3.96608e-13
4.17921e-13
4.38218e-13
4.57547e-13
4.75954e-13
4.93483e-13
5.10177e-13
5.26075e-13
5.41215e-13
5.55633e-13
5.69364e-13
5.8244e-13
5.94893e-13
6.06752e-13
6.18046e-13
6.28802e-13
6.39044e-13
6.48799e-13
6.58089e-13
7.60368e-13
8.72805e-13
9.96391e-13
1.1322e-12
1.28141e-12
1.4453e-12
1.62523e-12
1.82269e-12
2.03928e-12
2.27668e-12
2.53667e-12
2.82114e-12
3.13198e-12
3.47115e-12
3.84054e-12
4.24195e-12
4.67694e-12
5.14673e-12
5.652e-12
6.19263e-12
6.76742e-12
7.37366e-12
8.00671e-12
8.65939e-12
9.32136e-12
9.97844e-12
1.06119e-11
1.11978e-11
1.17069e-11
1.21043e-11
1.23506e-11
1.24031e-11
1.22185e-11
1.17566e-11
1.09843e-11
9.88107e-12
8.44261e-12
6.68466e-12
4.64517e-12
2.38637e-12
-5.11748e-33
9.74276e-17
6.58709e-14
1.28525e-13
1.88194e-13
2.4502e-13
2.99138e-13
3.50676e-13
3.99758e-13
4.46499e-13
4.91012e-13
5.33403e-13
5.73772e-13
6.12216e-13
6.48827e-13
6.83692e-13
7.16895e-13
7.48514e-13
7.78625e-13
8.07301e-13
8.34609e-13
8.60615e-13
8.8538e-13
9.08966e-13
9.31426e-13
9.52816e-13
9.73185e-13
9.92584e-13
1.01106e-12
1.02865e-12
1.04541e-12
1.06136e-12
1.07656e-12
1.24385e-12
1.42775e-12
1.62987e-12
1.85196e-12
2.09593e-12
2.36385e-12
2.65795e-12
2.98064e-12
3.33446e-12
3.72216e-12
4.14657e-12
4.61067e-12
5.11748e-12
5.67001e-12
6.27119e-12
6.92367e-12
7.62969e-12
8.39081e-12
9.20756e-12
1.00791e-11
1.10025e-11
1.19723e-11
1.29797e-11
1.40116e-11
1.50495e-11
1.60685e-11
1.70369e-11
1.79146e-11
1.86538e-11
1.91992e-11
1.94901e-11
1.94631e-11
1.90572e-11
1.82191e-11
1.69101e-11
1.51117e-11
1.28308e-11
1.01017e-11
6.98701e-12
3.57798e-12
-6.99752e-33
1.46229e-16
9.88631e-14
1.92898e-13
2.82453e-13
3.67741e-13
4.48963e-13
5.26313e-13
5.99975e-13
6.70126e-13
7.3693e-13
8.0055e-13
8.61134e-13
9.1883e-13
9.73774e-13
1.0261e-12
1.07592e-12
1.12338e-12
1.16856e-12
1.2116e-12
1.25258e-12
1.2916e-12
1.32877e-12
1.36416e-12
1.39786e-12
1.42996e-12
1.46053e-12
1.48964e-12
1.51736e-12
1.54376e-12
1.5689e-12
1.59284e-12
1.61564e-12
1.86666e-12
2.14257e-12
2.44578e-12
2.77891e-12
3.1448e-12
3.54653e-12
3.98739e-12
4.47094e-12
5.00095e-12
5.58139e-12
6.21643e-12
6.91032e-12
7.66738e-12
8.49182e-12
9.38759e-12
1.03582e-11
1.14062e-11
1.25331e-11
1.37386e-11
1.502e-11
1.63713e-11
1.77821e-11
1.92369e-11
2.07133e-11
2.21807e-11
2.35993e-11
2.49193e-11
2.60798e-11
2.70105e-11
2.76326e-11
2.78636e-11
2.76218e-11
2.68343e-11
2.54445e-11
2.34196e-11
2.07571e-11
1.74873e-11
1.36724e-11
9.40337e-12
4.79677e-12
-8.53784e-33
2.10596e-16
1.42377e-13
2.778e-13
4.06771e-13
5.29595e-13
6.46564e-13
7.57956e-13
8.64037e-13
9.65058e-13
1.06126e-12
1.15288e-12
1.24012e-12
1.3232e-12
1.40232e-12
1.47766e-12
1.54941e-12
1.61774e-12
1.68281e-12
1.74477e-12
1.80378e-12
1.85997e-12
1.91348e-12
1.96444e-12
2.01297e-12
2.05919e-12
2.1032e-12
2.14511e-12
2.18502e-12
2.22303e-12
2.25923e-12
2.2937e-12
2.32653e-12
2.68791e-12
3.08508e-12
3.52148e-12
4.00087e-12
4.52728e-12
5.10509e-12
5.73898e-12
6.43395e-12
7.1953e-12
8.02856e-12
8.93947e-12
9.93384e-12
1.10174e-11
1.21957e-11
1.34737e-11
1.48553e-11
1.63432e-11
1.79377e-11
1.96365e-11
2.14331e-11
2.3316e-11
2.52667e-11
2.72587e-11
2.92555e-11
3.12088e-11
3.30576e-11
3.47277e-11
3.61321e-11
3.71733e-11
3.77481e-11
3.77539e-11
3.70975e-11
3.57046e-11
3.35297e-11
3.05628e-11
2.68332e-11
2.24074e-11
1.73832e-11
1.18805e-11
6.03457e-12
-9.77044e-33
2.94588e-16
1.99154e-13
3.88582e-13
5.68983e-13
7.40785e-13
9.04396e-13
1.0602e-12
1.20858e-12
1.34988e-12
1.48444e-12
1.61258e-12
1.7346e-12
1.85081e-12
1.96146e-12
2.06684e-12
2.16719e-12
2.26275e-12
2.35375e-12
2.44041e-12
2.52293e-12
2.60151e-12
2.67635e-12
2.74762e-12
2.81548e-12
2.88011e-12
2.94165e-12
3.00026e-12
3.05607e-12
3.10922e-12
3.15984e-12
3.20804e-12
3.25394e-12
3.75924e-12
4.31451e-12
4.92454e-12
5.5945e-12
6.33001e-12
7.13707e-12
8.02211e-12
8.99198e-12
1.00538e-11
1.12151e-11
1.24835e-11
1.38665e-11
1.53716e-11
1.70054e-11
1.87738e-11
2.06807e-11
2.27278e-11
2.49132e-11
2.72305e-11
2.96667e-11
3.22012e-11
3.4803e-11
3.7429e-11
4.00221e-11
4.25091e-11
4.48002e-11
4.67899e-11
4.83588e-11
4.93801e-11
4.97264e-11
4.92814e-11
4.79513e-11
4.56769e-11
4.24428e-11
3.82811e-11
3.32695e-11
2.75223e-11
2.11767e-11
1.43783e-11
7.27101e-12
-1.07077e-32
3.97218e-16
2.68529e-13
5.23942e-13
7.67184e-13
9.98829e-13
1.21943e-12
1.42951e-12
1.62956e-12
1.82008e-12
2.0015e-12
2.17426e-12
2.33878e-12
2.49544e-12
2.64463e-12
2.7867e-12
2.92199e-12
3.05082e-12
3.1735e-12
3.29032e-12
3.40157e-12
3.50751e-12
3.60839e-12
3.70446e-12
3.79595e-12
3.88307e-12
3.96603e-12
4.04503e-12
4.12027e-12
4.19191e-12
4.26014e-12
4.32511e-12
4.38699e-12
5.06805e-12
5.81639e-12
6.63839e-12
7.541e-12
8.53166e-12
9.61838e-12
1.08097e-11
1.21146e-11
1.35424e-11
1.51029e-11
1.68058e-11
1.86607e-11
2.06766e-11
2.28615e-11
2.52217e-11
2.77606e-11
3.04781e-11
3.33684e-11
3.6419e-11
3.9608e-11
4.29016e-11
4.62519e-11
4.95938e-11
5.2843e-11
5.58944e-11
5.86225e-11
6.08837e-11
6.25222e-11
6.33795e-11
6.3307e-11
6.21821e-11
5.99234e-11
5.65039e-11
5.19575e-11
4.63769e-11
3.99029e-11
3.27055e-11
2.49625e-11
1.68399e-11
8.47904e-12
-1.13585e-32
5.07065e-16
3.4278e-13
6.68819e-13
9.79318e-13
1.27501e-12
1.55661e-12
1.82477e-12
2.08014e-12
2.32332e-12
2.5549e-12
2.77542e-12
2.98542e-12
3.18539e-12
3.37582e-12
3.55715e-12
3.72983e-12
3.89427e-12
4.05085e-12
4.19996e-12
4.34196e-12
4.47717e-12
4.60593e-12
4.72855e-12
4.84531e-12
4.9565e-12
5.06238e-12
5.16321e-12
5.25923e-12
5.35067e-12
5.43775e-12
5.52067e-12
5.59963e-12
6.4688e-12
7.42373e-12
8.47255e-12
9.62407e-12
1.08877e-11
1.22736e-11
1.37925e-11
1.54556e-11
1.72747e-11
1.92618e-11
2.14289e-11
2.37877e-11
2.63489e-11
2.91216e-11
3.21125e-11
3.53242e-11
3.87543e-11
4.23927e-11
4.62198e-11
5.02034e-11
5.42954e-11
5.84286e-11
6.25138e-11
6.64367e-11
7.00573e-11
7.32111e-11
7.57137e-11
7.73707e-11
7.79913e-11
7.74072e-11
7.5493e-11
7.21863e-11
6.75011e-11
6.15306e-11
5.44382e-11
4.64356e-11
3.77534e-11
2.86109e-11
1.91907e-11
9.62535e-12
-1.17317e-32
6.02295e-16
4.07153e-13
7.94418e-13
1.16323e-12
1.51445e-12
1.84893e-12
2.16744e-12
2.47077e-12
2.75961e-12
3.03467e-12
3.2966e-12
3.54603e-12
3.78355e-12
4.00973e-12
4.22511e-12
4.43021e-12
4.62552e-12
4.8115e-12
4.9886e-12
5.15725e-12
5.31785e-12
5.47078e-12
5.61641e-12
5.75509e-12
5.88715e-12
6.01291e-12
6.13267e-12
6.24671e-12
6.35531e-12
6.45873e-12
6.55722e-12
6.651e-12
7.68328e-12
8.81737e-12
1.00629e-11
1.14303e-11
1.29308e-11
1.45763e-11
1.63794e-11
1.83536e-11
2.05125e-11
2.28704e-11
2.54411e-11
2.82383e-11
3.12744e-11
3.45595e-11
3.81009e-11
4.19009e-11
4.59553e-11
5.02508e-11
5.47622e-11
5.94488e-11
6.42508e-11
6.90852e-11
7.38421e-11
7.83819e-11
8.25343e-11
8.61003e-11
8.88593e-11
9.05805e-11
9.10419e-11
9.00531e-11
8.74817e-11
8.32766e-11
7.74837e-11
7.02472e-11
6.17938e-11
5.24022e-11
4.23628e-11
3.19381e-11
2.13307e-11
1.0667e-11
-1.18347e-32
6.58346e-16
4.45045e-13
8.68353e-13
1.27149e-12
1.6554e-12
2.021e-12
2.36917e-12
2.70072e-12
3.01645e-12
3.31711e-12
3.60342e-12
3.87607e-12
4.1357e-12
4.38293e-12
4.61836e-12
4.84255e-12
5.05604e-12
5.25934e-12
5.45293e-12
5.63727e-12
5.81282e-12
5.97999e-12
6.13918e-12
6.29077e-12
6.43513e-12
6.5726e-12
6.70351e-12
6.82817e-12
6.94688e-12
7.05993e-12
7.16758e-12
7.2701e-12
8.3985e-12
9.63823e-12
1.09998e-11
1.24947e-11
1.4135e-11
1.5934e-11
1.79054e-11
2.0064e-11
2.24247e-11
2.50033e-11
2.7815e-11
3.08748e-11
3.41964e-11
3.77913e-11
4.16677e-11
4.58285e-11
5.02696e-11
5.4977e-11
5.99237e-11
6.50662e-11
7.03397e-11
7.56542e-11
8.08899e-11
8.58941e-11
9.04799e-11
9.44279e-11
9.74932e-11
9.94186e-11
9.99543e-11
9.88842e-11
9.60559e-11
9.14081e-11
8.49903e-11
7.69666e-11
6.75989e-11
5.72123e-11
4.61471e-11
3.47097e-11
2.31323e-11
1.15497e-11
-6.43918e-33
6.60506e-16
4.46506e-13
8.71203e-13
1.27566e-12
1.66083e-12
2.02764e-12
2.37694e-12
2.70958e-12
3.02635e-12
3.328e-12
3.61525e-12
3.88879e-12
4.14927e-12
4.39732e-12
4.63352e-12
4.85845e-12
5.07264e-12
5.2766e-12
5.47083e-12
5.65579e-12
5.83191e-12
5.99963e-12
6.15934e-12
6.31143e-12
6.45627e-12
6.59419e-12
6.72552e-12
6.8506e-12
6.9697e-12
7.08312e-12
7.19113e-12
7.29399e-12
8.4261e-12
9.66992e-12
1.1036e-11
1.25358e-11
1.41816e-11
1.59865e-11
1.79646e-11
2.01303e-11
2.2499e-11
2.50863e-11
2.79076e-11
3.09779e-11
3.43111e-11
3.79187e-11
4.1809e-11
4.59851e-11
5.04428e-11
5.51684e-11
6.0135e-11
6.52989e-11
7.05955e-11
7.59347e-11
8.11966e-11
8.62282e-11
9.0842e-11
9.48177e-11
9.79096e-11
9.98586e-11
1.00413e-10
9.93553e-11
9.653e-11
9.18741e-11
8.54358e-11
7.73787e-11
6.79659e-11
5.75247e-11
4.63985e-11
3.48973e-11
2.32559e-11
1.16108e-11
4.61664e-34
6.96462e-16
4.70814e-13
9.18632e-13
1.34511e-12
1.75125e-12
2.13802e-12
2.50635e-12
2.8571e-12
3.19111e-12
3.50919e-12
3.81208e-12
4.10051e-12
4.37518e-12
4.63673e-12
4.8858e-12
5.12298e-12
5.34883e-12
5.5639e-12
5.76871e-12
5.96374e-12
6.14945e-12
6.32631e-12
6.49472e-12
6.65509e-12
6.80782e-12
6.95325e-12
7.09174e-12
7.22362e-12
7.34922e-12
7.46882e-12
7.58271e-12
7.69117e-12
8.88497e-12
1.01966e-11
1.16371e-11
1.32187e-11
1.49544e-11
1.68579e-11
1.8944e-11
2.12282e-11
2.37267e-11
2.64559e-11
2.94322e-11
3.26718e-11
3.61891e-11
3.99968e-11
4.41038e-11
4.85136e-11
5.32226e-11
5.82166e-11
6.34681e-11
6.89318e-11
7.45406e-11
8.02004e-11
8.57857e-11
9.11361e-11
9.6054e-11
1.00307e-10
1.03634e-10
1.0576e-10
1.06413e-10
1.05357e-10
1.02421e-10
9.75285e-11
9.07246e-11
8.21786e-11
7.21709e-11
6.10562e-11
4.92114e-11
3.69792e-11
2.46203e-11
1.22829e-11
1.90488e-33
7.59358e-16
5.13328e-13
1.00158e-12
1.46657e-12
1.90938e-12
2.33108e-12
2.73266e-12
3.11508e-12
3.47925e-12
3.82604e-12
4.15627e-12
4.47074e-12
4.7702e-12
5.05536e-12
5.32691e-12
5.58549e-12
5.83173e-12
6.06621e-12
6.2895e-12
6.50212e-12
6.7046e-12
6.89741e-12
7.08102e-12
7.25586e-12
7.42236e-12
7.58091e-12
7.7319e-12
7.87568e-12
8.0126e-12
8.14299e-12
8.26715e-12
8.3854e-12
9.68685e-12
1.11167e-11
1.2687e-11
1.4411e-11
1.63027e-11
1.83772e-11
2.06505e-11
2.31393e-11
2.5861e-11
2.88335e-11
3.20743e-11
3.56005e-11
3.94276e-11
4.35685e-11
4.80322e-11
5.28216e-11
5.79311e-11
6.33439e-11
6.90277e-11
7.49311e-11
8.09782e-11
8.70635e-11
9.30477e-11
9.87534e-11
1.03964e-10
1.08427e-10
1.1186e-10
1.1397e-10
1.14471e-10
1.1312e-10
1.09746e-10
1.04284e-10
9.68001e-11
8.7491e-11
7.66698e-11
6.47245e-11
5.20622e-11
3.9049e-11
2.59578e-11
1.2936e-11
1.9001e-33
8.41499e-16
5.68844e-13
1.1099e-12
1.62517e-12
2.11587e-12
2.58317e-12
3.02817e-12
3.45194e-12
3.85549e-12
4.23977e-12
4.6057e-12
4.95416e-12
5.28599e-12
5.60197e-12
5.90286e-12
6.18939e-12
6.46223e-12
6.72205e-12
6.96946e-12
7.20505e-12
7.4294e-12
7.64304e-12
7.84648e-12
8.0402e-12
8.22468e-12
8.40035e-12
8.56764e-12
8.72695e-12
8.87865e-12
9.02311e-12
9.16068e-12
9.29169e-12
1.07336e-11
1.23176e-11
1.40571e-11
1.59665e-11
1.80615e-11
2.03585e-11
2.2875e-11
2.56294e-11
2.86405e-11
3.19276e-11
3.55097e-11
3.94047e-11
4.36288e-11
4.81949e-11
5.31111e-11
5.83784e-11
6.39878e-11
6.9917e-11
7.61263e-11
8.25536e-11
8.91092e-11
9.56709e-11
1.02078e-10
1.08131e-10
1.13587e-10
1.18167e-10
1.21568e-10
1.23477e-10
1.23604e-10
1.21708e-10
1.17638e-10
1.1136e-10
1.02979e-10
9.27376e-11
8.09893e-11
6.81566e-11
5.46705e-11
4.09084e-11
2.71432e-11
1.35098e-11
1.09575e-33
8.58292e-16
5.80194e-13
1.13205e-12
1.6576e-12
2.15809e-12
2.63471e-12
3.08859e-12
3.52081e-12
3.9324e-12
4.32435e-12
4.69758e-12
5.05299e-12
5.39144e-12
5.71372e-12
6.02061e-12
6.31285e-12
6.59113e-12
6.85612e-12
7.10846e-12
7.34875e-12
7.57757e-12
7.79547e-12
8.00296e-12
8.20054e-12
8.3887e-12
8.56787e-12
8.73849e-12
8.90097e-12
9.05569e-12
9.20303e-12
9.34334e-12
9.47695e-12
1.09475e-11
1.2563e-11
1.43371e-11
1.62845e-11
1.84209e-11
2.07633e-11
2.33294e-11
2.61379e-11
2.92081e-11
3.25592e-11
3.62107e-11
4.01806e-11
4.44852e-11
4.91373e-11
5.41449e-11
5.95083e-11
6.52179e-11
7.125e-11
7.75633e-11
8.40932e-11
9.07474e-11
9.73995e-11
1.03885e-10
1.09999e-10
1.15493e-10
1.20084e-10
1.23464e-10
1.25319e-10
1.25355e-10
1.23337e-10
1.19116e-10
1.12667e-10
1.04104e-10
9.36784e-11
8.17525e-11
6.87547e-11
5.51194e-11
4.12252e-11
2.73436e-11
1.36064e-11
1.13665e-33
9.41441e-16
6.36388e-13
1.24169e-12
1.81814e-12
2.3671e-12
2.88988e-12
3.38771e-12
3.86178e-12
4.31322e-12
4.74311e-12
5.15247e-12
5.54229e-12
5.91349e-12
6.26696e-12
6.60355e-12
6.92406e-12
7.22926e-12
7.51989e-12
7.79664e-12
8.06018e-12
8.31112e-12
8.55009e-12
8.77764e-12
8.99433e-12
9.20068e-12
9.39717e-12
9.58428e-12
9.76246e-12
9.93214e-12
1.00937e-11
1.02476e-11
1.03941e-11
1.20067e-11
1.37781e-11
1.57232e-11
1.7858e-11
2.01997e-11
2.27666e-11
2.5578e-11
2.8654e-11
3.20153e-11
3.56826e-11
3.96762e-11
4.4015e-11
4.87155e-11
5.37901e-11
5.92452e-11
6.50784e-11
7.12757e-11
7.78069e-11
8.46214e-11
9.16427e-11
9.87628e-11
1.05837e-10
1.12677e-10
1.19055e-10
1.24697e-10
1.29295e-10
1.32522e-10
1.34053e-10
1.33597e-10
1.3093e-10
1.25936e-10
1.18631e-10
1.09175e-10
9.78667e-11
8.51068e-11
7.13509e-11
5.70462e-11
4.25717e-11
2.8189e-11
1.40116e-11
2.10602e-33
1.06084e-15
7.17075e-13
1.39912e-12
2.04865e-12
2.66721e-12
3.25626e-12
3.81719e-12
4.35135e-12
4.86001e-12
5.34437e-12
5.8056e-12
6.24481e-12
6.66303e-12
7.06128e-12
7.4405e-12
7.8016e-12
8.14546e-12
8.47288e-12
8.78467e-12
9.08156e-12
9.36428e-12
9.63348e-12
9.88984e-12
1.01339e-11
1.03664e-11
1.05878e-11
1.07985e-11
1.09993e-11
1.11904e-11
1.13724e-11
1.15457e-11
1.17108e-11
1.35272e-11
1.55223e-11
1.77126e-11
2.01161e-11
2.27521e-11
2.56407e-11
2.88033e-11
3.2262e-11
3.60395e-11
4.01581e-11
4.46395e-11
4.95033e-11
5.4766e-11
6.04387e-11
6.65252e-11
7.30184e-11
7.98967e-11
8.71196e-11
9.46221e-11
1.02309e-10
1.10048e-10
1.17666e-10
1.24943e-10
1.31615e-10
1.37372e-10
1.41875e-10
1.44774e-10
1.45736e-10
1.44478e-10
1.40809e-10
1.34665e-10
1.26125e-10
1.15422e-10
1.02919e-10
8.90672e-11
7.4352e-11
5.92299e-11
4.40716e-11
2.91179e-11
1.44528e-11
2.18678e-33
1.19814e-15
8.09862e-13
1.58016e-12
2.31374e-12
3.01232e-12
3.67757e-12
4.31107e-12
4.91433e-12
5.48877e-12
6.03578e-12
6.55665e-12
7.05265e-12
7.52494e-12
7.97466e-12
8.4029e-12
8.81067e-12
9.19896e-12
9.56869e-12
9.92076e-12
1.0256e-11
1.05752e-11
1.08792e-11
1.11687e-11
1.14443e-11
1.17068e-11
1.19567e-11
1.21947e-11
1.24213e-11
1.26371e-11
1.28426e-11
1.30383e-11
1.32247e-11
1.52753e-11
1.75274e-11
1.99995e-11
2.27116e-11
2.56853e-11
2.89429e-11
3.25082e-11
3.64055e-11
4.06593e-11
4.52938e-11
5.03319e-11
5.57938e-11
6.16953e-11
6.80458e-11
7.4845e-11
8.20795e-11
8.97183e-11
9.77072e-11
1.05963e-10
1.14368e-10
1.22761e-10
1.30935e-10
1.38631e-10
1.45545e-10
1.51329e-10
1.55611e-10
1.58022e-10
1.58226e-10
1.55963e-10
1.51087e-10
1.436e-10
1.33663e-10
1.21587e-10
1.07805e-10
9.28187e-11
7.71366e-11
6.12166e-11
4.54125e-11
2.99366e-11
1.4838e-11
2.03973e-33
1.35206e-15
9.13867e-13
1.78309e-12
2.61086e-12
3.39915e-12
4.14982e-12
4.86465e-12
5.54535e-12
6.19353e-12
6.81074e-12
7.39847e-12
7.9581e-12
8.49099e-12
8.99841e-12
9.48158e-12
9.94165e-12
1.03797e-11
1.07969e-11
1.11941e-11
1.15723e-11
1.19324e-11
1.22754e-11
1.26019e-11
1.29129e-11
1.3209e-11
1.34909e-11
1.37594e-11
1.4015e-11
1.42585e-11
1.44903e-11
1.4711e-11
1.49213e-11
1.72343e-11
1.97742e-11
2.25617e-11
2.56194e-11
2.89708e-11
3.26412e-11
3.66565e-11
4.10434e-11
4.58286e-11
5.1038e-11
5.66955e-11
6.28214e-11
6.94307e-11
7.65297e-11
8.4113e-11
9.21591e-11
1.00625e-10
1.09441e-10
1.18501e-10
1.27659e-10
1.36723e-10
1.45444e-10
1.53523e-10
1.6061e-10
1.66317e-10
1.70243e-10
1.72001e-10
1.71265e-10
1.67808e-10
1.61545e-10
1.52559e-10
1.41099e-10
1.27565e-10
1.12459e-10
9.63258e-11
7.96918e-11
6.30073e-11
4.66017e-11
3.06531e-11
1.51721e-11
1.89498e-33
1.52139e-15
1.02828e-12
2.00632e-12
2.93772e-12
3.82469e-12
4.66932e-12
5.47362e-12
6.2395e-12
6.96879e-12
7.66323e-12
8.32448e-12
8.95412e-12
9.55365e-12
1.01245e-11
1.06681e-11
1.11857e-11
1.16785e-11
1.21478e-11
1.25947e-11
1.30201e-11
1.34253e-11
1.38111e-11
1.41784e-11
1.45282e-11
1.48613e-11
1.51784e-11
1.54804e-11
1.5768e-11
1.60418e-11
1.63026e-11
1.65509e-11
1.67873e-11
1.93889e-11
2.22451e-11
2.53793e-11
2.88164e-11
3.25827e-11
3.67061e-11
4.1215e-11
4.61385e-11
5.15055e-11
5.73434e-11
6.36771e-11
7.05266e-11
7.79052e-11
8.58152e-11
9.42449e-11
1.03163e-10
1.12511e-10
1.22201e-10
1.32101e-10
1.42035e-10
1.51769e-10
1.61014e-10
1.69423e-10
1.76599e-10
1.82114e-10
1.85539e-10
1.86481e-10
1.84629e-10
1.79807e-10
1.72004e-10
1.61393e-10
1.48323e-10
1.33281e-10
1.16836e-10
9.95685e-11
8.20143e-11
6.46082e-11
4.76489e-11
3.12762e-11
1.546e-11
1.75449e-33
1.70489e-15
1.15226e-12
2.24823e-12
3.29192e-12
4.28582e-12
5.23227e-12
6.13351e-12
6.9917e-12
7.80888e-12
8.58699e-12
9.32791e-12
1.00334e-11
1.07051e-11
1.13448e-11
1.19538e-11
1.25337e-11
1.30859e-11
1.36116e-11
1.41123e-11
1.45889e-11
1.50428e-11
1.5475e-11
1.58865e-11
1.62784e-11
1.66515e-11
1.70068e-11
1.73451e-11
1.76672e-11
1.7974e-11
1.82661e-11
1.85442e-11
1.88091e-11
2.1723e-11
2.49218e-11
2.84312e-11
3.2279e-11
3.64941e-11
4.11072e-11
4.61493e-11
5.16521e-11
5.76465e-11
6.41615e-11
7.12223e-11
7.88485e-11
8.70507e-11
9.58264e-11
1.05156e-10
1.14995e-10
1.25271e-10
1.35871e-10
1.46635e-10
1.5735e-10
1.67742e-10
1.77472e-10
1.86144e-10
1.93313e-10
1.98513e-10
2.01291e-10
2.01255e-10
1.98126e-10
1.91788e-10
1.82316e-10
1.69987e-10
1.55252e-10
1.38683e-10
1.20909e-10
1.02539e-10
8.41089e-11
6.60299e-11
4.85656e-11
3.1815e-11
1.5707e-11
1.61971e-33
1.90122e-15
1.2849e-12
2.50702e-12
3.67085e-12
4.77914e-12
5.83451e-12
6.83947e-12
7.7964e-12
8.70759e-12
9.57521e-12
1.04013e-11
1.1188e-11
1.1937e-11
1.26501e-11
1.33292e-11
1.39757e-11
1.45914e-11
1.51775e-11
1.57357e-11
1.62671e-11
1.67731e-11
1.72549e-11
1.77137e-11
1.81505e-11
1.85665e-11
1.89626e-11
1.93397e-11
1.96988e-11
2.00407e-11
2.03663e-11
2.06764e-11
2.09716e-11
2.42196e-11
2.77845e-11
3.16949e-11
3.59814e-11
4.06758e-11
4.58114e-11
5.14224e-11
5.75426e-11
6.4205e-11
7.14398e-11
7.92727e-11
8.77219e-11
9.67945e-11
1.06482e-10
1.16756e-10
1.27558e-10
1.38794e-10
1.50328e-10
1.61967e-10
1.73458e-10
1.84481e-10
1.94646e-10
2.03504e-10
2.10564e-10
2.15321e-10
2.17308e-10
2.16142e-10
2.11589e-10
2.03605e-10
1.92366e-10
1.78256e-10
1.61829e-10
1.4374e-10
1.24667e-10
1.05241e-10
8.59855e-11
6.72853e-11
4.93641e-11
3.22789e-11
1.59178e-11
1.49159e-33
2.10886e-15
1.42518e-12
2.78073e-12
4.07161e-12
5.30088e-12
6.47145e-12
7.58608e-12
8.64744e-12
9.65806e-12
1.06203e-11
1.15366e-11
1.2409e-11
1.32397e-11
1.40306e-11
1.47837e-11
1.55007e-11
1.61834e-11
1.68335e-11
1.74524e-11
1.80418e-11
1.86029e-11
1.91372e-11
1.96459e-11
2.01303e-11
2.05915e-11
2.10307e-11
2.14489e-11
2.18471e-11
2.22262e-11
2.25872e-11
2.2931e-11
2.32584e-11
2.68594e-11
3.08112e-11
3.51453e-11
3.9895e-11
4.50954e-11
5.07825e-11
5.69932e-11
6.3764e-11
7.11295e-11
7.91212e-11
8.77644e-11
9.70756e-11
1.07058e-10
1.17696e-10
1.28949e-10
1.40743e-10
1.52965e-10
1.65446e-10
1.77961e-10
1.90211e-10
2.01827e-10
2.12367e-10
2.21328e-10
2.2817e-10
2.32359e-10
2.33416e-10
2.30981e-10
2.24875e-10
2.15141e-10
2.02061e-10
1.86135e-10
1.68016e-10
1.48434e-10
1.2811e-10
1.07682e-10
8.76578e-11
6.83886e-11
5.00567e-11
3.26767e-11
1.6097e-11
1.37074e-33
2.32619e-15
1.572e-12
3.06718e-12
4.49103e-12
5.84691e-12
7.13803e-12
8.36745e-12
9.53809e-12
1.06527e-11
1.17141e-11
1.27246e-11
1.36868e-11
1.4603e-11
1.54753e-11
1.63058e-11
1.70966e-11
1.78495e-11
1.85664e-11
1.92489e-11
1.98988e-11
2.05176e-11
2.11068e-11
2.16678e-11
2.2202e-11
2.27106e-11
2.31949e-11
2.3656e-11
2.4095e-11
2.45131e-11
2.49112e-11
2.52902e-11
2.56512e-11
2.96214e-11
3.39779e-11
3.87549e-11
4.39888e-11
4.97177e-11
5.59807e-11
6.28173e-11
7.02663e-11
7.83643e-11
8.71434e-11
9.66285e-11
1.06833e-10
1.17756e-10
1.29374e-10
1.41632e-10
1.54441e-10
1.6766e-10
1.81093e-10
1.94473e-10
2.07456e-10
2.19621e-10
2.30469e-10
2.39444e-10
2.45962e-10
2.49459e-10
2.49458e-10
2.4563e-10
2.37864e-10
2.263e-10
2.11336e-10
1.93583e-10
1.73794e-10
1.52764e-10
1.31245e-10
1.09876e-10
8.91415e-11
6.93546e-11
5.06553e-11
3.30166e-11
1.6249e-11
1.25747e-33
2.55143e-15
1.72415e-12
3.36404e-12
4.92569e-12
6.41279e-12
7.82884e-12
9.17721e-12
1.04611e-11
1.16836e-11
1.28476e-11
1.39558e-11
1.50111e-11
1.60158e-11
1.69724e-11
1.78831e-11
1.87503e-11
1.9576e-11
2.03621e-11
2.11106e-11
2.18233e-11
2.25018e-11
2.31479e-11
2.3763e-11
2.43487e-11
2.49064e-11
2.54374e-11
2.5943e-11
2.64244e-11
2.68828e-11
2.73192e-11
2.77348e-11
2.81305e-11
3.24833e-11
3.72587e-11
4.24943e-11
4.82294e-11
5.45051e-11
6.13635e-11
6.8847e-11
7.69964e-11
8.58501e-11
9.54405e-11
1.05792e-10
1.16914e-10
1.28801e-10
1.41419e-10
1.547e-10
1.68534e-10
1.82756e-10
1.97134e-10
2.1136e-10
2.25043e-10
2.37705e-10
2.48791e-10
2.57691e-10
2.63779e-10
2.66471e-10
2.65296e-10
2.5997e-10
2.50459e-10
2.3701e-10
2.20141e-10
2.00575e-10
1.79156e-10
1.56735e-10
1.34086e-10
1.1184e-10
9.04532e-11
7.01978e-11
5.11714e-11
3.33064e-11
1.63774e-11
1.15184e-33
2.78273e-15
1.88039e-12
3.66888e-12
5.37204e-12
6.99387e-12
8.53821e-12
1.00087e-11
1.14089e-11
1.27421e-11
1.40115e-11
1.52201e-11
1.63708e-11
1.74664e-11
1.85096e-11
1.95028e-11
2.04484e-11
2.13488e-11
2.2206e-11
2.30221e-11
2.37992e-11
2.45391e-11
2.52435e-11
2.59143e-11
2.65529e-11
2.71609e-11
2.77399e-11
2.82911e-11
2.8816e-11
2.93158e-11
2.97916e-11
3.02447e-11
3.06762e-11
3.54214e-11
4.06268e-11
4.63327e-11
5.25818e-11
5.94181e-11
6.68867e-11
7.50325e-11
8.38988e-11
9.3525e-11
1.03944e-10
1.15178e-10
1.27235e-10
1.401e-10
1.5373e-10
1.68043e-10
1.82905e-10
1.98125e-10
2.13434e-10
2.28482e-10
2.42824e-10
2.55927e-10
2.67178e-10
2.75916e-10
2.81477e-10
2.8326e-10
2.80811e-10
2.739e-10
2.62582e-10
2.47218e-10
2.28446e-10
2.071e-10
1.84105e-10
1.6036e-10
1.36651e-10
1.13593e-10
9.16098e-11
7.09322e-11
5.16154e-11
3.35529e-11
1.64857e-11
1.05376e-33
3.01821e-15
2.03944e-12
3.97921e-12
5.82641e-12
7.5854e-12
9.26033e-12
1.08552e-11
1.23737e-11
1.38196e-11
1.51963e-11
1.6507e-11
1.7755e-11
1.89432e-11
2.00744e-11
2.11515e-11
2.2177e-11
2.31533e-11
2.40829e-11
2.49679e-11
2.58106e-11
2.66128e-11
2.73767e-11
2.8104e-11
2.87964e-11
2.94558e-11
3.00835e-11
3.06812e-11
3.12503e-11
3.17922e-11
3.23082e-11
3.27994e-11
3.32672e-11
3.84118e-11
4.40545e-11
5.02389e-11
5.70105e-11
6.44166e-11
7.25051e-11
8.13235e-11
9.09171e-11
1.01326e-10
1.12584e-10
1.24712e-10
1.37712e-10
1.51562e-10
1.66209e-10
1.81552e-10
1.97438e-10
2.13643e-10
2.29862e-10
2.45698e-10
2.60654e-10
2.7414e-10
2.85486e-10
2.9398e-10
2.98922e-10
2.99705e-10
2.959e-10
2.8734e-10
2.74176e-10
2.56889e-10
2.36236e-10
2.13158e-10
1.88653e-10
1.63656e-10
1.38958e-10
1.15153e-10
9.26275e-11
7.15708e-11
5.19968e-11
3.37621e-11
1.65769e-11
9.6303e-34
3.25598e-15
2.20004e-12
4.29254e-12
6.28519e-12
8.18266e-12
9.98945e-12
1.17098e-11
1.33479e-11
1.49075e-11
1.63925e-11
1.78064e-11
1.91525e-11
2.04341e-11
2.16543e-11
2.28161e-11
2.39221e-11
2.49752e-11
2.59778e-11
2.69324e-11
2.78412e-11
2.87065e-11
2.95303e-11
3.03147e-11
3.10615e-11
3.17726e-11
3.24496e-11
3.30942e-11
3.37079e-11
3.42923e-11
3.48487e-11
3.53785e-11
3.5883e-11
4.14306e-11
4.75146e-11
5.41816e-11
6.14802e-11
6.94608e-11
7.8174e-11
8.76698e-11
9.79954e-11
1.09192e-10
1.21293e-10
1.34316e-10
1.4826e-10
1.63096e-10
1.78755e-10
1.95122e-10
2.12018e-10
2.29189e-10
2.46291e-10
2.62878e-10
2.78402e-10
2.92212e-10
3.03584e-10
3.11756e-10
3.16001e-10
3.15708e-10
3.10482e-10
3.00227e-10
2.852e-10
2.66e-10
2.43507e-10
2.18759e-10
1.92816e-10
1.66645e-10
1.4103e-10
1.16539e-10
9.35217e-11
7.21253e-11
5.23239e-11
3.39396e-11
1.66535e-11
8.79337e-34
3.49421e-15
2.36094e-12
4.60648e-12
6.74484e-12
8.78107e-12
1.072e-11
1.25661e-11
1.43239e-11
1.59975e-11
1.7591e-11
1.91082e-11
2.05526e-11
2.19279e-11
2.32372e-11
2.44837e-11
2.56705e-11
2.68005e-11
2.78762e-11
2.89004e-11
2.98756e-11
3.0804e-11
3.16879e-11
3.25294e-11
3.33307e-11
3.40936e-11
3.48199e-11
3.55115e-11
3.61699e-11
3.67969e-11
3.73938e-11
3.79622e-11
3.85034e-11
4.44546e-11
5.09805e-11
5.81306e-11
6.59567e-11
7.45119e-11
8.38498e-11
9.40228e-11
1.0508e-10
1.17063e-10
1.30004e-10
1.43919e-10
1.58802e-10
1.74614e-10
1.91275e-10
2.08651e-10
2.26538e-10
2.4465e-10
2.62601e-10
2.799e-10
2.95942e-10
3.1002e-10
3.21353e-10
3.29136e-10
3.32615e-10
3.31184e-10
3.2449e-10
3.12516e-10
2.95626e-10
2.74545e-10
2.50265e-10
2.23917e-10
1.96616e-10
1.69347e-10
1.42885e-10
1.17769e-10
9.43066e-11
7.26065e-11
5.26044e-11
3.40899e-11
1.67178e-11
8.02329e-34
3.73118e-15
2.52098e-12
4.91872e-12
7.20203e-12
9.37625e-12
1.14465e-11
1.34178e-11
1.52947e-11
1.70817e-11
1.87831e-11
2.0403e-11
2.19452e-11
2.34135e-11
2.48115e-11
2.61424e-11
2.74095e-11
2.86158e-11
2.97643e-11
3.08578e-11
3.18988e-11
3.289e-11
3.38336e-11
3.47321e-11
3.55875e-11
3.64019e-11
3.71773e-11
3.79155e-11
3.86185e-11
3.92877e-11
3.9925e-11
4.05317e-11
4.11094e-11
4.74619e-11
5.44269e-11
6.20572e-11
7.04074e-11
7.95335e-11
8.94917e-11
1.00337e-10
1.12119e-10
1.24881e-10
1.38654e-10
1.53452e-10
1.69262e-10
1.86036e-10
2.03682e-10
2.22046e-10
2.40898e-10
2.5992e-10
2.78685e-10
2.96652e-10
3.13163e-10
3.27454e-10
3.3869e-10
3.46024e-10
3.48681e-10
3.46067e-10
3.37875e-10
3.24176e-10
3.05443e-10
2.82524e-10
2.56524e-10
2.28652e-10
2.00075e-10
1.71786e-10
1.44545e-10
1.18858e-10
9.49953e-11
7.3024e-11
5.28447e-11
3.42172e-11
1.67716e-11
7.31615e-34
3.96527e-15
2.67907e-12
5.22717e-12
7.65364e-12
9.96419e-12
1.21643e-11
1.42591e-11
1.62536e-11
1.81526e-11
1.99606e-11
2.16819e-11
2.33208e-11
2.48811e-11
2.63665e-11
2.77807e-11
2.91271e-11
3.0409e-11
3.16294e-11
3.27912e-11
3.38974e-11
3.49505e-11
3.59531e-11
3.69077e-11
3.78166e-11
3.86819e-11
3.95057e-11
4.02901e-11
4.10369e-11
4.1748e-11
4.2425e-11
4.30696e-11
4.36834e-11
5.0432e-11
5.78308e-11
6.5935e-11
7.48023e-11
8.44916e-11
9.50616e-11
1.06569e-10
1.19066e-10
1.32595e-10
1.47187e-10
1.62851e-10
1.7957e-10
1.97287e-10
2.15895e-10
2.3522e-10
2.55008e-10
2.74905e-10
2.94445e-10
3.13038e-10
3.2997e-10
3.44422e-10
3.55508e-10
3.62342e-10
3.64134e-10
3.60306e-10
3.50605e-10
3.35189e-10
3.14649e-10
2.89949e-10
2.62301e-10
2.3299e-10
2.03217e-10
1.73984e-10
1.46029e-10
1.19823e-10
9.55994e-11
7.33862e-11
5.30508e-11
3.43249e-11
1.68168e-11
6.66792e-34
4.19503e-15
2.83423e-12
5.52991e-12
8.0969e-12
1.05412e-11
1.28687e-11
1.50848e-11
1.71947e-11
1.92036e-11
2.11163e-11
2.29372e-11
2.46709e-11
2.63214e-11
2.78927e-11
2.93887e-11
3.08129e-11
3.21689e-11
3.34597e-11
3.46887e-11
3.58588e-11
3.69727e-11
3.80332e-11
3.90429e-11
4.00042e-11
4.09195e-11
4.17909e-11
4.26205e-11
4.34104e-11
4.41625e-11
4.48785e-11
4.55603e-11
4.62094e-11
5.33468e-11
6.11709e-11
6.974e-11
7.91145e-11
8.93559e-11
1.00526e-10
1.12682e-10
1.25878e-10
1.40158e-10
1.5555e-10
1.72061e-10
1.89666e-10
2.08301e-10
2.27842e-10
2.48098e-10
2.68787e-10
2.89523e-10
3.09797e-10
3.2897e-10
3.46278e-10
3.60844e-10
3.71735e-10
3.78029e-10
3.78925e-10
3.73865e-10
3.62657e-10
3.4555e-10
3.23249e-10
2.96836e-10
2.67619e-10
2.36953e-10
2.06068e-10
1.75963e-10
1.47354e-10
1.20678e-10
9.61294e-11
7.37005e-11
5.32274e-11
3.44161e-11
1.68545e-11
6.07453e-34
4.4192e-15
2.98561e-12
5.82526e-12
8.52935e-12
1.11042e-11
1.35559e-11
1.58903e-11
1.81129e-11
2.0229e-11
2.22437e-11
2.41618e-11
2.5988e-11
2.77265e-11
2.93816e-11
3.09574e-11
3.24575e-11
3.38857e-11
3.52454e-11
3.65398e-11
3.77722e-11
3.89455e-11
4.00625e-11
4.11259e-11
4.21384e-11
4.31023e-11
4.40201e-11
4.48938e-11
4.57257e-11
4.65178e-11
4.72719e-11
4.799e-11
4.86736e-11
5.61901e-11
6.4429e-11
7.34513e-11
8.33201e-11
9.40997e-11
1.05853e-10
1.18642e-10
1.32519e-10
1.47529e-10
1.63698e-10
1.81031e-10
1.99497e-10
2.19019e-10
2.39463e-10
2.60615e-10
2.82168e-10
3.03702e-10
3.24668e-10
3.44379e-10
3.62018e-10
3.76657e-10
3.87315e-10
3.93037e-10
3.93017e-10
3.86722e-10
3.74022e-10
3.55261e-10
3.31258e-10
3.03205e-10
2.72505e-10
2.40568e-10
2.0865e-10
1.77742e-10
1.48537e-10
1.21436e-10
9.65946e-11
7.39736e-11
5.33789e-11
3.44933e-11
1.68861e-11
4.35118e-34
4.53759e-15
3.06556e-12
5.98125e-12
8.75774e-12
1.14015e-11
1.39189e-11
1.63158e-11
1.85979e-11
2.07706e-11
2.28392e-11
2.48086e-11
2.66836e-11
2.84686e-11
3.0168e-11
3.17858e-11
3.33261e-11
3.47924e-11
3.61884e-11
3.75174e-11
3.87827e-11
3.99873e-11
4.11341e-11
4.22259e-11
4.32654e-11
4.42551e-11
4.51973e-11
4.60944e-11
4.69485e-11
4.77617e-11
4.85359e-11
4.92731e-11
4.9975e-11
5.76916e-11
6.61495e-11
7.5411e-11
8.55408e-11
9.66043e-11
1.08666e-10
1.21788e-10
1.36024e-10
1.51419e-10
1.67998e-10
1.85763e-10
2.04681e-10
2.2467e-10
2.45587e-10
2.67208e-10
2.89211e-10
3.1116e-10
3.32482e-10
3.52466e-10
3.70267e-10
3.84929e-10
3.95447e-10
4.00851e-10
4.00332e-10
3.93372e-10
3.79877e-10
3.60242e-10
3.35345e-10
3.0644e-10
2.74973e-10
2.42385e-10
2.09941e-10
1.78628e-10
1.49123e-10
1.21808e-10
9.6822e-11
7.41059e-11
5.34516e-11
3.45299e-11
1.6901e-11
-1.00181e-33
4.62829e-15
3.12681e-12
6.10075e-12
8.93271e-12
1.16293e-11
1.4197e-11
1.66417e-11
1.89694e-11
2.11855e-11
2.32954e-11
2.53041e-11
2.72165e-11
2.90371e-11
3.07704e-11
3.24205e-11
3.39915e-11
3.5487e-11
3.69108e-11
3.82664e-11
3.95568e-11
4.07854e-11
4.19551e-11
4.30687e-11
4.41288e-11
4.51382e-11
4.60992e-11
4.70141e-11
4.78852e-11
4.87146e-11
4.95042e-11
5.0256e-11
5.09719e-11
5.88418e-11
6.74674e-11
7.69122e-11
8.72419e-11
9.85228e-11
1.10821e-10
1.24198e-10
1.38709e-10
1.54398e-10
1.7129e-10
1.89387e-10
2.0865e-10
2.28995e-10
2.50273e-10
2.72251e-10
2.94598e-10
3.16861e-10
3.38453e-10
3.58642e-10
3.76561e-10
3.91236e-10
4.0164e-10
4.06794e-10
4.05886e-10
3.98412e-10
3.84304e-10
3.63998e-10
3.38419e-10
3.08864e-10
2.76816e-10
2.43736e-10
2.10896e-10
1.79279e-10
1.4955e-10
1.22077e-10
9.69842e-11
7.41988e-11
5.35017e-11
3.45545e-11
1.69107e-11
-3.47753e-33
4.76838e-15
3.22141e-12
6.28531e-12
9.20293e-12
1.19811e-11
1.46264e-11
1.71451e-11
1.95431e-11
2.18262e-11
2.39999e-11
2.60693e-11
2.80395e-11
2.99151e-11
3.17007e-11
3.34007e-11
3.50191e-11
3.65598e-11
3.80266e-11
3.9423e-11
4.07524e-11
4.2018e-11
4.3223e-11
4.43701e-11
4.54623e-11
4.65021e-11
4.7492e-11
4.84345e-11
4.93318e-11
5.01862e-11
5.09996e-11
5.17741e-11
5.25115e-11
6.06182e-11
6.95028e-11
7.92306e-11
8.98687e-11
1.01485e-10
1.14147e-10
1.27918e-10
1.42853e-10
1.58997e-10
1.76373e-10
1.94979e-10
2.14775e-10
2.35669e-10
2.57502e-10
2.80029e-10
3.02902e-10
3.25646e-10
3.47648e-10
3.68146e-10
3.86241e-10
4.00923e-10
4.11141e-10
4.15895e-10
4.14374e-10
4.06093e-10
3.91028e-10
3.69679e-10
3.43042e-10
3.12484e-10
2.79543e-10
2.45712e-10
2.12272e-10
1.80198e-10
1.50136e-10
1.22433e-10
9.71874e-11
7.43066e-11
5.35537e-11
3.45766e-11
1.69181e-11
-4.44872e-33
4.84306e-15
3.27183e-12
6.3837e-12
9.347e-12
1.21687e-11
1.48554e-11
1.74134e-11
1.9849e-11
2.21678e-11
2.43755e-11
2.64772e-11
2.84782e-11
3.03832e-11
3.21967e-11
3.39232e-11
3.55669e-11
3.71317e-11
3.86214e-11
4.00396e-11
4.13897e-11
4.26751e-11
4.38989e-11
4.50639e-11
4.61731e-11
4.72291e-11
4.82345e-11
4.91917e-11
5.0103e-11
5.09707e-11
5.17968e-11
5.25833e-11
5.33322e-11
6.1565e-11
7.05877e-11
8.04662e-11
9.12688e-11
1.03064e-10
1.1592e-10
1.29901e-10
1.45062e-10
1.61446e-10
1.79079e-10
1.97957e-10
2.18035e-10
2.39219e-10
2.61346e-10
2.84163e-10
3.07311e-10
3.30306e-10
3.5252e-10
3.73174e-10
3.9135e-10
4.06024e-10
4.16128e-10
4.20653e-10
4.18788e-10
4.10061e-10
3.94472e-10
3.72555e-10
3.45347e-10
3.14254e-10
2.8084e-10
2.46617e-10
2.12869e-10
1.80567e-10
1.50345e-10
1.22536e-10
9.72264e-11
7.43112e-11
5.35438e-11
3.45644e-11
1.69105e-11
-4.04271e-33
4.86652e-15
3.28767e-12
6.4146e-12
9.39223e-12
1.22276e-11
1.49272e-11
1.74977e-11
1.9945e-11
2.22751e-11
2.44934e-11
2.66053e-11
2.8616e-11
3.05301e-11
3.23524e-11
3.40873e-11
3.57389e-11
3.73112e-11
3.88081e-11
4.02332e-11
4.15898e-11
4.28814e-11
4.41111e-11
4.52817e-11
4.63963e-11
4.74573e-11
4.84676e-11
4.94294e-11
5.03451e-11
5.12169e-11
5.2047e-11
5.28373e-11
5.35898e-11
6.18623e-11
7.09282e-11
8.0854e-11
9.1708e-11
1.03559e-10
1.16476e-10
1.30522e-10
1.45753e-10
1.62213e-10
1.79926e-10
1.98887e-10
2.19052e-10
2.40325e-10
2.6254e-10
2.85444e-10
3.08673e-10
3.3174e-10
3.54011e-10
3.74703e-10
3.92892e-10
4.07547e-10
4.17597e-10
4.2203e-10
4.20035e-10
4.11146e-10
3.95373e-10
3.73261e-10
3.45864e-10
3.14598e-10
2.81039e-10
2.46701e-10
2.12872e-10
1.80517e-10
1.50267e-10
1.22448e-10
9.71416e-11
7.42383e-11
5.34874e-11
3.45267e-11
1.68917e-11
-3.67144e-33
4.85085e-15
3.27709e-12
6.39395e-12
9.362e-12
1.21882e-11
1.48792e-11
1.74414e-11
1.98808e-11
2.22034e-11
2.44146e-11
2.65197e-11
2.85239e-11
3.04319e-11
3.22483e-11
3.39776e-11
3.56239e-11
3.71912e-11
3.86832e-11
4.01037e-11
4.1456e-11
4.27435e-11
4.39691e-11
4.5136e-11
4.6247e-11
4.73047e-11
4.83116e-11
4.92704e-11
5.01831e-11
5.10522e-11
5.18796e-11
5.26674e-11
5.34174e-11
6.16633e-11
7.07002e-11
8.05941e-11
9.14134e-11
1.03227e-10
1.16102e-10
1.30104e-10
1.45287e-10
1.61695e-10
1.79352e-10
1.98253e-10
2.18356e-10
2.39564e-10
2.61712e-10
2.84548e-10
3.07711e-10
3.30713e-10
3.52924e-10
3.73565e-10
3.91714e-10
4.06343e-10
4.16385e-10
4.20832e-10
4.18872e-10
4.1004e-10
3.94343e-10
3.72323e-10
3.45026e-10
3.13865e-10
2.80408e-10
2.46168e-10
2.12428e-10
1.80153e-10
1.49974e-10
1.22218e-10
9.69653e-11
7.41083e-11
5.3397e-11
3.44702e-11
1.68648e-11
-3.33271e-33
4.80612e-15
3.24688e-12
6.33502e-12
9.27571e-12
1.20759e-11
1.47421e-11
1.72806e-11
1.96976e-11
2.19988e-11
2.41896e-11
2.62754e-11
2.82611e-11
3.01515e-11
3.19512e-11
3.36646e-11
3.52957e-11
3.68486e-11
3.83269e-11
3.97343e-11
4.10742e-11
4.23498e-11
4.35642e-11
4.47204e-11
4.58211e-11
4.68691e-11
4.78668e-11
4.88167e-11
4.97211e-11
5.05821e-11
5.14019e-11
5.21825e-11
5.29256e-11
6.10959e-11
7.00499e-11
7.98533e-11
9.05739e-11
1.0228e-10
1.15039e-10
1.28913e-10
1.4396e-10
1.60222e-10
1.77722e-10
1.96459e-10
2.16389e-10
2.37417e-10
2.59383e-10
2.82036e-10
3.05021e-10
3.27857e-10
3.49923e-10
3.70446e-10
3.88516e-10
4.03115e-10
4.13185e-10
4.17723e-10
4.15922e-10
4.0731e-10
3.91882e-10
3.70166e-10
3.43186e-10
3.12335e-10
2.79166e-10
2.4518e-10
2.11656e-10
1.7956e-10
1.49525e-10
1.21884e-10
9.67226e-11
7.39372e-11
5.32824e-11
3.44005e-11
1.6832e-11
-3.02424e-33
4.74053e-15
3.20259e-12
6.2486e-12
9.14918e-12
1.19111e-11
1.4541e-11
1.70449e-11
1.9429e-11
2.16987e-11
2.38597e-11
2.5917e-11
2.78757e-11
2.97404e-11
3.15156e-11
3.32056e-11
3.48145e-11
3.63462e-11
3.78044e-11
3.91927e-11
4.05143e-11
4.17726e-11
4.29705e-11
4.41109e-11
4.51966e-11
4.62304e-11
4.72145e-11
4.81515e-11
4.90436e-11
4.98929e-11
5.07016e-11
5.14715e-11
5.22046e-11
6.02639e-11
6.90965e-11
7.87673e-11
8.9343e-11
1.00891e-10
1.13479e-10
1.27169e-10
1.42016e-10
1.58063e-10
1.75336e-10
1.93831e-10
2.13508e-10
2.34275e-10
2.55975e-10
2.78363e-10
3.01091e-10
3.2369e-10
3.45546e-10
3.65904e-10
3.83867e-10
3.98433e-10
4.08555e-10
4.13242e-10
4.11686e-10
4.03411e-10
3.88393e-10
3.67133e-10
3.40625e-10
3.10233e-10
2.77485e-10
2.43866e-10
2.1065e-10
1.78803e-10
1.48966e-10
1.21478e-10
9.64338e-11
7.37378e-11
5.31511e-11
3.43217e-11
1.67954e-11
-2.7437e-33
4.66064e-15
3.14864e-12
6.14334e-12
8.99506e-12
1.17105e-11
1.4296e-11
1.67578e-11
1.91017e-11
2.13333e-11
2.34579e-11
2.54806e-11
2.74063e-11
2.92396e-11
3.09849e-11
3.26465e-11
3.42283e-11
3.57343e-11
3.7168e-11
3.85329e-11
3.98323e-11
4.10694e-11
4.22472e-11
4.33685e-11
4.4436e-11
4.54524e-11
4.642e-11
4.73412e-11
4.82183e-11
4.90534e-11
4.98485e-11
5.06055e-11
5.13263e-11
5.92504e-11
6.79352e-11
7.74444e-11
8.78439e-11
9.92005e-11
1.1158e-10
1.25044e-10
1.39648e-10
1.55435e-10
1.7243e-10
1.90632e-10
2.10001e-10
2.30451e-10
2.51827e-10
2.73893e-10
2.96311e-10
3.18621e-10
3.40226e-10
3.60385e-10
3.78221e-10
3.92751e-10
4.02943e-10
4.07816e-10
4.06567e-10
3.98708e-10
3.84195e-10
3.63496e-10
3.37569e-10
3.07738e-10
2.75502e-10
2.42329e-10
2.09484e-10
1.77936e-10
1.48332e-10
1.21023e-10
9.61145e-11
7.35199e-11
5.30091e-11
3.42374e-11
1.67565e-11
-2.48883e-33
4.5716e-15
3.08851e-12
6.02602e-12
8.82329e-12
1.14869e-11
1.40231e-11
1.64379e-11
1.8737e-11
2.0926e-11
2.301e-11
2.49941e-11
2.68831e-11
2.86814e-11
3.03935e-11
3.20234e-11
3.35751e-11
3.50523e-11
3.64587e-11
3.77976e-11
3.90723e-11
4.02858e-11
4.14412e-11
4.25411e-11
4.35883e-11
4.45853e-11
4.55345e-11
4.64382e-11
4.72986e-11
4.81178e-11
4.88978e-11
4.96404e-11
5.03475e-11
5.8121e-11
6.6641e-11
7.59701e-11
8.61732e-11
9.73159e-11
1.09463e-10
1.22676e-10
1.37009e-10
1.52506e-10
1.69192e-10
1.87066e-10
2.06093e-10
2.26189e-10
2.47205e-10
2.68914e-10
2.90986e-10
3.12975e-10
3.343e-10
3.5424e-10
3.71937e-10
3.86428e-10
3.967e-10
4.01784e-10
4.00879e-10
3.93487e-10
3.79541e-10
3.59471e-10
3.34193e-10
3.04989e-10
2.73326e-10
2.40649e-10
2.08216e-10
1.76998e-10
1.47652e-10
1.20539e-10
9.5777e-11
7.32915e-11
5.28614e-11
3.41501e-11
1.67163e-11
-2.25746e-33
4.47741e-15
3.0249e-12
5.90191e-12
8.64157e-12
1.12503e-11
1.37343e-11
1.60994e-11
1.83512e-11
2.04951e-11
2.25362e-11
2.44795e-11
2.63296e-11
2.8091e-11
2.97678e-11
3.13642e-11
3.2884e-11
3.43309e-11
3.57084e-11
3.70198e-11
3.82682e-11
3.94569e-11
4.05885e-11
4.16658e-11
4.26915e-11
4.3668e-11
4.45977e-11
4.54829e-11
4.63257e-11
4.71281e-11
4.7892e-11
4.86194e-11
4.9312e-11
5.69262e-11
6.52718e-11
7.44105e-11
8.44058e-11
9.53223e-11
1.07224e-10
1.20171e-10
1.34218e-10
1.49408e-10
1.65766e-10
1.83295e-10
2.0196e-10
2.21681e-10
2.42317e-10
2.63647e-10
2.85353e-10
3.07003e-10
3.28033e-10
3.4774e-10
3.6529e-10
3.79741e-10
3.90098e-10
3.95407e-10
3.94867e-10
3.87971e-10
3.74626e-10
3.55224e-10
3.30634e-10
3.02096e-10
2.7104e-10
2.38888e-10
2.06891e-10
1.76023e-10
1.46947e-10
1.2004e-10
9.54311e-11
7.30585e-11
5.27113e-11
3.40618e-11
1.66757e-11
-9.32767e-34
4.37839e-15
2.95803e-12
5.77145e-12
8.45056e-12
1.10016e-11
1.34307e-11
1.57435e-11
1.79456e-11
2.00422e-11
2.20382e-11
2.39386e-11
2.57478e-11
2.74703e-11
2.91101e-11
3.06713e-11
3.21576e-11
3.35725e-11
3.49196e-11
3.62021e-11
3.7423e-11
3.85854e-11
3.96921e-11
4.07457e-11
4.17488e-11
4.27038e-11
4.3613e-11
4.44787e-11
4.53029e-11
4.60876e-11
4.68348e-11
4.75462e-11
4.82235e-11
5.56702e-11
6.38326e-11
7.27709e-11
8.25478e-11
9.32265e-11
1.0487e-10
1.17538e-10
1.31283e-10
1.4615e-10
1.62164e-10
1.79329e-10
1.97612e-10
2.1694e-10
2.37175e-10
2.58106e-10
2.79426e-10
3.00718e-10
3.21435e-10
3.40897e-10
3.58289e-10
3.72693e-10
3.83137e-10
3.88677e-10
3.88519e-10
3.82142e-10
3.69427e-10
3.50727e-10
3.26863e-10
2.99028e-10
2.68614e-10
2.3702e-10
2.05486e-10
1.74988e-10
1.46201e-10
1.19512e-10
9.50656e-11
7.28127e-11
5.25533e-11
3.39689e-11
1.66331e-11
2.94606e-34
4.27259e-15
2.88659e-12
5.63205e-12
8.24645e-12
1.07359e-11
1.31063e-11
1.53633e-11
1.75122e-11
1.95582e-11
2.15061e-11
2.33606e-11
2.51262e-11
2.68071e-11
2.84074e-11
2.99309e-11
3.13813e-11
3.27622e-11
3.40768e-11
3.53283e-11
3.65199e-11
3.76543e-11
3.87343e-11
3.97625e-11
4.07414e-11
4.16735e-11
4.25608e-11
4.34057e-11
4.421e-11
4.49759e-11
4.5705e-11
4.63993e-11
4.70603e-11
5.43281e-11
6.22946e-11
7.10189e-11
8.05622e-11
9.09867e-11
1.02354e-10
1.14723e-10
1.28147e-10
1.42668e-10
1.58313e-10
1.75088e-10
1.92964e-10
2.11869e-10
2.31674e-10
2.52176e-10
2.73081e-10
2.93987e-10
3.14366e-10
3.33558e-10
3.50776e-10
3.65123e-10
3.75651e-10
3.81431e-10
3.81671e-10
3.75842e-10
3.63796e-10
3.45845e-10
3.2276e-10
2.95682e-10
2.65962e-10
2.34973e-10
2.03944e-10
1.7385e-10
1.45378e-10
1.18929e-10
9.46618e-11
7.25408e-11
5.23784e-11
3.3866e-11
1.65859e-11
3.23166e-34
4.15985e-15
2.81045e-12
5.4835e-12
8.02896e-12
1.04528e-11
1.27607e-11
1.49582e-11
1.70504e-11
1.90424e-11
2.0939e-11
2.27446e-11
2.44637e-11
2.61003e-11
2.76585e-11
2.91419e-11
3.05541e-11
3.18986e-11
3.31786e-11
3.43973e-11
3.55574e-11
3.6662e-11
3.77136e-11
3.87148e-11
3.9668e-11
4.05755e-11
4.14395e-11
4.22621e-11
4.30454e-11
4.37911e-11
4.45011e-11
4.51771e-11
4.58208e-11
5.28978e-11
6.06555e-11
6.91517e-11
7.8446e-11
8.85995e-11
9.96724e-11
1.11723e-10
1.24803e-10
1.38955e-10
1.54208e-10
1.70566e-10
1.88006e-10
2.06459e-10
2.25804e-10
2.45847e-10
2.66306e-10
2.86796e-10
3.06809e-10
3.25708e-10
3.42732e-10
3.57011e-10
3.67618e-10
3.73642e-10
3.74298e-10
3.69045e-10
3.57708e-10
3.40554e-10
3.183e-10
2.92035e-10
2.63064e-10
2.32731e-10
2.0225e-10
1.72599e-10
1.44472e-10
1.18286e-10
9.42155e-11
7.224e-11
5.21847e-11
3.3752e-11
1.65336e-11
3.54385e-34
4.04008e-15
2.72956e-12
5.32568e-12
7.79787e-12
1.01519e-11
1.23934e-11
1.45277e-11
1.65598e-11
1.84945e-11
2.03365e-11
2.20902e-11
2.37599e-11
2.53494e-11
2.68628e-11
2.83036e-11
2.96752e-11
3.09811e-11
3.22244e-11
3.3408e-11
3.45349e-11
3.56077e-11
3.66291e-11
3.76016e-11
3.85274e-11
3.94089e-11
4.02481e-11
4.10472e-11
4.18079e-11
4.25323e-11
4.32219e-11
4.38786e-11
4.45038e-11
5.13781e-11
5.89139e-11
6.71676e-11
7.61974e-11
8.60627e-11
9.68227e-11
1.08534e-10
1.21249e-10
1.35009e-10
1.49843e-10
1.65758e-10
1.82733e-10
2.00705e-10
2.19558e-10
2.3911e-10
2.59093e-10
2.79136e-10
2.98753e-10
3.17334e-10
3.34142e-10
3.48337e-10
3.59018e-10
3.65291e-10
3.66378e-10
3.61728e-10
3.51137e-10
3.34827e-10
3.13459e-10
2.88065e-10
2.59901e-10
2.30277e-10
2.00391e-10
1.71222e-10
1.43473e-10
1.17576e-10
9.37221e-11
7.19071e-11
5.19701e-11
3.36256e-11
1.64755e-11
2.18235e-34
4.01915e-15
2.71543e-12
5.29811e-12
7.75751e-12
1.00994e-11
1.23293e-11
1.44525e-11
1.64741e-11
1.83988e-11
2.02313e-11
2.19759e-11
2.36369e-11
2.52183e-11
2.67238e-11
2.81571e-11
2.95217e-11
3.08208e-11
3.20577e-11
3.32352e-11
3.43562e-11
3.54236e-11
3.64397e-11
3.74071e-11
3.83282e-11
3.92051e-11
4.004e-11
4.08349e-11
4.15918e-11
4.23124e-11
4.29985e-11
4.36517e-11
4.42737e-11
5.11126e-11
5.86097e-11
6.6821e-11
7.58046e-11
8.56196e-11
9.63249e-11
1.07977e-10
1.20628e-10
1.34319e-10
1.4908e-10
1.64918e-10
1.81812e-10
1.99699e-10
2.18466e-10
2.37932e-10
2.57831e-10
2.77795e-10
2.97343e-10
3.15867e-10
3.32637e-10
3.46817e-10
3.57508e-10
3.63824e-10
3.64985e-10
3.60439e-10
3.49977e-10
3.33815e-10
3.12603e-10
2.87361e-10
2.59339e-10
2.2984e-10
2.0006e-10
1.70976e-10
1.43294e-10
1.17449e-10
9.36338e-11
7.18475e-11
5.19317e-11
3.36029e-11
1.64651e-11
2.03215e-34
3.91323e-15
2.64389e-12
5.15854e-12
7.55315e-12
9.83335e-12
1.20045e-11
1.40718e-11
1.60401e-11
1.79142e-11
1.96984e-11
2.13972e-11
2.30145e-11
2.45542e-11
2.60201e-11
2.74158e-11
2.87444e-11
3.00094e-11
3.12137e-11
3.23603e-11
3.34519e-11
3.44911e-11
3.54806e-11
3.64226e-11
3.73195e-11
3.81734e-11
3.89864e-11
3.97604e-11
4.04974e-11
4.11991e-11
4.18672e-11
4.25033e-11
4.31089e-11
4.97685e-11
5.70694e-11
6.50662e-11
7.38156e-11
8.33757e-11
9.3804e-11
1.05156e-10
1.17483e-10
1.30828e-10
1.45218e-10
1.60662e-10
1.77143e-10
1.94603e-10
2.12934e-10
2.31962e-10
2.51434e-10
2.70998e-10
2.90191e-10
3.08425e-10
3.24995e-10
3.3909e-10
3.49835e-10
3.56358e-10
3.57888e-10
3.53865e-10
3.44057e-10
3.28639e-10
3.08213e-10
2.83748e-10
2.5645e-10
2.27592e-10
1.98352e-10
1.69708e-10
1.42372e-10
1.16792e-10
9.31766e-11
7.15385e-11
5.17322e-11
3.34853e-11
1.64111e-11
3.92726e-34
3.77936e-15
2.55349e-12
4.98215e-12
7.29489e-12
9.49713e-12
1.15941e-11
1.35907e-11
1.54918e-11
1.73018e-11
1.9025e-11
2.06657e-11
2.22278e-11
2.3715e-11
2.51308e-11
2.64788e-11
2.77621e-11
2.89839e-11
3.01472e-11
3.12546e-11
3.23089e-11
3.33128e-11
3.42685e-11
3.51783e-11
3.60446e-11
3.68694e-11
3.76547e-11
3.84024e-11
3.91142e-11
3.9792e-11
4.04373e-11
4.10518e-11
4.16368e-11
4.80698e-11
5.51225e-11
6.28481e-11
7.13016e-11
8.05393e-11
9.06174e-11
1.0159e-10
1.13508e-10
1.26412e-10
1.40333e-10
1.5528e-10
1.71238e-10
1.88155e-10
2.05931e-10
2.24403e-10
2.43331e-10
2.62383e-10
2.81118e-10
2.98977e-10
3.15284e-10
3.2926e-10
3.40058e-10
3.46829e-10
3.48812e-10
3.45438e-10
3.36446e-10
3.21965e-10
3.02536e-10
2.79062e-10
2.52692e-10
2.24657e-10
1.96118e-10
1.68044e-10
1.41159e-10
1.15926e-10
9.25733e-11
7.11302e-11
5.14684e-11
3.33296e-11
1.63395e-11
4.66261e-34
3.63863e-15
2.45844e-12
4.7967e-12
7.02336e-12
9.14365e-12
1.11626e-11
1.30849e-11
1.49152e-11
1.66579e-11
1.83171e-11
1.98968e-11
2.14007e-11
2.28326e-11
2.41958e-11
2.54937e-11
2.67294e-11
2.79058e-11
2.90258e-11
3.00921e-11
3.11073e-11
3.20738e-11
3.2994e-11
3.38702e-11
3.47043e-11
3.54985e-11
3.62546e-11
3.69746e-11
3.766e-11
3.83126e-11
3.8934e-11
3.95257e-11
4.00891e-11
4.62837e-11
5.30755e-11
6.05159e-11
6.86581e-11
7.75566e-11
8.72661e-11
9.78396e-11
1.09326e-10
1.21767e-10
1.35193e-10
1.49615e-10
1.65022e-10
1.81365e-10
1.98554e-10
2.16436e-10
2.34788e-10
2.53294e-10
2.71539e-10
2.88992e-10
3.05009e-10
3.18843e-10
3.29679e-10
3.36693e-10
3.39134e-10
3.36427e-10
3.28284e-10
3.14784e-10
2.96404e-10
2.73981e-10
2.48602e-10
2.21453e-10
1.93669e-10
1.66216e-10
1.39824e-10
1.14971e-10
9.1906e-11
7.06778e-11
5.11757e-11
3.31567e-11
1.62599e-11
5.1044e-34
3.49128e-15
2.35892e-12
4.60254e-12
6.73907e-12
8.77354e-12
1.07107e-11
1.25553e-11
1.43116e-11
1.59837e-11
1.75758e-11
1.90916e-11
2.05347e-11
2.19087e-11
2.32169e-11
2.44623e-11
2.5648e-11
2.67769e-11
2.78516e-11
2.88749e-11
2.9849e-11
3.07766e-11
3.16596e-11
3.25004e-11
3.33008e-11
3.4063e-11
3.47886e-11
3.54795e-11
3.61373e-11
3.67636e-11
3.73599e-11
3.79277e-11
3.84684e-11
4.44134e-11
5.0932e-11
5.80736e-11
6.58896e-11
7.44327e-11
8.37559e-11
9.39109e-11
1.04945e-10
1.16901e-10
1.29807e-10
1.43678e-10
1.58504e-10
1.74245e-10
1.90815e-10
2.08075e-10
2.25815e-10
2.43742e-10
2.61463e-10
2.78478e-10
2.94175e-10
3.07842e-10
3.187e-10
3.25947e-10
3.28847e-10
3.26821e-10
3.19553e-10
3.07074e-10
2.89795e-10
2.68482e-10
2.44158e-10
2.17958e-10
1.9099e-10
1.64209e-10
1.38353e-10
1.13917e-10
9.11677e-11
7.01764e-11
5.08508e-11
3.29645e-11
1.61714e-11
5.58489e-34
3.33769e-15
2.25518e-12
4.40013e-12
6.44271e-12
8.38773e-12
1.02398e-11
1.20032e-11
1.36823e-11
1.5281e-11
1.68031e-11
1.82523e-11
1.9632e-11
2.09457e-11
2.21963e-11
2.33871e-11
2.45207e-11
2.56e-11
2.66276e-11
2.76059e-11
2.85374e-11
2.94242e-11
3.02685e-11
3.10724e-11
3.18378e-11
3.25665e-11
3.32603e-11
3.39209e-11
3.45499e-11
3.51487e-11
3.5719e-11
3.62619e-11
3.67788e-11
4.24636e-11
4.86972e-11
5.55273e-11
6.3003e-11
7.11754e-11
8.00956e-11
8.98136e-11
1.00376e-10
1.11824e-10
1.24187e-10
1.37482e-10
1.51701e-10
1.66809e-10
1.8273e-10
1.99335e-10
2.16431e-10
2.33743e-10
2.50906e-10
2.6745e-10
2.82796e-10
2.9627e-10
3.07126e-10
3.14592e-10
3.17947e-10
3.1661e-10
3.1024e-10
2.98817e-10
2.82688e-10
2.62544e-10
2.39337e-10
2.14152e-10
1.8806e-10
1.62006e-10
1.36734e-10
1.12752e-10
9.03508e-11
6.96205e-11
5.04899e-11
3.27508e-11
1.60729e-11
6.10669e-34
3.17834e-15
2.14756e-12
4.19015e-12
6.13526e-12
7.98747e-12
9.75114e-12
1.14305e-11
1.30294e-11
1.45519e-11
1.60014e-11
1.73815e-11
1.86955e-11
1.99465e-11
2.11375e-11
2.22715e-11
2.33512e-11
2.43791e-11
2.53577e-11
2.62894e-11
2.71765e-11
2.80211e-11
2.88253e-11
2.95909e-11
3.03198e-11
3.10139e-11
3.16747e-11
3.23038e-11
3.29029e-11
3.34733e-11
3.40164e-11
3.45335e-11
3.50259e-11
4.04405e-11
4.63784e-11
5.2885e-11
6.00077e-11
6.77951e-11
7.62967e-11
8.55607e-11
9.56327e-11
1.06553e-10
1.18351e-10
1.31045e-10
1.44632e-10
1.59081e-10
1.74323e-10
1.90242e-10
2.0666e-10
2.23325e-10
2.39895e-10
2.55933e-10
2.70895e-10
2.84146e-10
2.94974e-10
3.02641e-10
3.06441e-10
3.05795e-10
3.00337e-10
2.9e-10
2.75064e-10
2.56144e-10
2.34118e-10
2.10012e-10
1.84859e-10
1.59591e-10
1.34952e-10
1.11468e-10
8.9447e-11
6.90041e-11
5.00891e-11
3.2513e-11
1.59632e-11
6.67241e-34
3.01388e-15
2.03648e-12
3.97341e-12
5.81792e-12
7.57433e-12
9.2468e-12
1.08393e-11
1.23556e-11
1.37993e-11
1.51739e-11
1.64827e-11
1.77288e-11
1.89151e-11
2.00447e-11
2.11201e-11
2.2144e-11
2.31188e-11
2.40469e-11
2.49305e-11
2.57719e-11
2.65729e-11
2.73355e-11
2.80616e-11
2.8753e-11
2.94112e-11
3.00379e-11
3.06347e-11
3.12028e-11
3.17438e-11
3.22589e-11
3.27494e-11
3.32164e-11
3.83522e-11
4.39847e-11
5.01573e-11
5.69152e-11
6.43049e-11
7.23739e-11
8.11687e-11
9.07335e-11
1.01107e-10
1.12321e-10
1.24393e-10
1.37324e-10
1.51087e-10
1.65623e-10
1.80827e-10
1.96536e-10
2.1252e-10
2.28464e-10
2.43961e-10
2.58505e-10
2.71499e-10
2.8227e-10
2.90112e-10
2.94342e-10
2.94381e-10
2.89843e-10
2.80615e-10
2.6691e-10
2.49264e-10
2.2848e-10
2.05517e-10
1.81369e-10
1.56946e-10
1.32994e-10
1.10051e-10
8.8447e-11
6.83205e-11
4.96436e-11
3.22484e-11
1.5841e-11
7.28454e-34
2.84507e-15
1.92245e-12
3.75094e-12
5.49217e-12
7.15026e-12
8.7291e-12
1.02325e-11
1.16639e-11
1.30268e-11
1.43245e-11
1.55601e-11
1.67364e-11
1.78565e-11
1.89228e-11
1.99381e-11
2.09047e-11
2.18251e-11
2.27013e-11
2.35356e-11
2.43299e-11
2.50861e-11
2.58062e-11
2.64918e-11
2.71445e-11
2.7766e-11
2.83577e-11
2.89211e-11
2.94576e-11
2.99684e-11
3.04547e-11
3.09178e-11
3.13588e-11
3.62082e-11
4.15272e-11
4.73568e-11
5.37399e-11
6.0721e-11
6.83454e-11
7.66578e-11
8.57008e-11
9.55127e-11
1.06124e-10
1.17555e-10
1.29809e-10
1.42864e-10
1.56668e-10
1.7113e-10
1.86101e-10
2.01373e-10
2.16657e-10
2.31578e-10
2.45668e-10
2.58369e-10
2.6905e-10
2.77037e-10
2.81673e-10
2.82383e-10
2.78764e-10
2.70659e-10
2.58216e-10
2.41889e-10
2.22402e-10
2.00646e-10
1.77567e-10
1.54052e-10
1.30842e-10
1.08488e-10
8.73411e-11
6.75623e-11
4.91485e-11
3.19538e-11
1.57047e-11
7.94539e-34
2.6728e-15
1.80609e-12
3.52391e-12
5.15976e-12
6.7175e-12
8.2008e-12
9.61319e-12
1.0958e-11
1.22385e-11
1.34577e-11
1.46185e-11
1.57238e-11
1.67761e-11
1.7778e-11
1.87319e-11
1.96401e-11
2.05048e-11
2.13281e-11
2.2112e-11
2.28583e-11
2.35689e-11
2.42455e-11
2.48896e-11
2.5503e-11
2.60869e-11
2.6643e-11
2.71724e-11
2.76765e-11
2.81564e-11
2.86134e-11
2.90486e-11
2.94629e-11
3.40201e-11
3.90189e-11
4.44982e-11
5.04986e-11
5.70623e-11
6.42324e-11
7.20516e-11
8.0561e-11
8.97979e-11
9.97929e-11
1.10567e-10
1.22125e-10
1.34452e-10
1.47504e-10
1.61199e-10
1.75406e-10
1.89936e-10
2.04528e-10
2.18839e-10
2.32438e-10
2.44809e-10
2.5536e-10
2.63458e-10
2.68468e-10
2.69827e-10
2.67116e-10
2.60139e-10
2.48977e-10
2.34007e-10
2.15869e-10
1.9538e-10
1.73436e-10
1.50891e-10
1.28481e-10
1.06767e-10
8.61182e-11
6.67215e-11
4.8598e-11
3.16256e-11
1.55528e-11
8.65696e-34
2.49812e-15
1.68809e-12
3.29368e-12
4.82266e-12
6.27864e-12
7.66506e-12
8.9852e-12
1.02422e-11
1.14391e-11
1.25787e-11
1.36637e-11
1.46968e-11
1.56804e-11
1.66169e-11
1.75086e-11
1.83576e-11
1.91659e-11
1.99355e-11
2.06683e-11
2.13659e-11
2.20302e-11
2.26626e-11
2.32648e-11
2.38382e-11
2.43841e-11
2.49039e-11
2.53988e-11
2.58701e-11
2.63188e-11
2.6746e-11
2.71529e-11
2.75402e-11
3.18009e-11
3.64748e-11
4.15986e-11
4.72106e-11
5.33506e-11
6.00593e-11
6.73775e-11
7.53445e-11
8.39965e-11
9.33639e-11
1.03468e-10
1.14317e-10
1.25901e-10
1.38182e-10
1.51089e-10
1.64509e-10
1.78271e-10
1.92141e-10
2.05808e-10
2.1888e-10
2.30881e-10
2.41262e-10
2.49428e-10
2.54775e-10
2.5675e-10
2.54926e-10
2.49069e-10
2.39199e-10
2.25614e-10
2.08868e-10
1.89703e-10
1.68954e-10
1.47443e-10
1.25893e-10
1.04871e-10
8.47668e-11
6.57893e-11
4.79861e-11
3.126e-11
1.53833e-11
9.42078e-34
2.32216e-15
1.56922e-12
3.06176e-12
4.48309e-12
5.83656e-12
7.12537e-12
8.35259e-12
9.52112e-12
1.06338e-11
1.16932e-11
1.27019e-11
1.36623e-11
1.45767e-11
1.54474e-11
1.62763e-11
1.70656e-11
1.78171e-11
1.85326e-11
1.92138e-11
1.98625e-11
2.04801e-11
2.10681e-11
2.1628e-11
2.2161e-11
2.26686e-11
2.31519e-11
2.36121e-11
2.40503e-11
2.44675e-11
2.48647e-11
2.5243e-11
2.56032e-11
2.9565e-11
3.39116e-11
3.86771e-11
4.38974e-11
4.961e-11
5.58533e-11
6.26658e-11
7.00851e-11
7.8146e-11
8.68786e-11
9.6305e-11
1.06435e-10
1.17263e-10
1.2876e-10
1.40864e-10
1.53477e-10
1.66448e-10
1.7957e-10
1.92562e-10
2.0507e-10
2.16659e-10
2.26826e-10
2.35013e-10
2.4065e-10
2.43201e-10
2.4223e-10
2.37473e-10
2.28893e-10
2.16709e-10
2.01391e-10
1.83599e-10
1.64106e-10
1.43691e-10
1.23061e-10
1.02788e-10
8.32746e-11
6.47562e-11
4.73059e-11
3.08527e-11
1.51942e-11
1.02378e-33
2.14616e-15
1.45033e-12
2.82979e-12
4.14344e-12
5.39438e-12
6.58557e-12
7.71983e-12
8.79986e-12
9.82824e-12
1.08074e-11
1.17398e-11
1.26275e-11
1.34727e-11
1.42775e-11
1.50437e-11
1.57733e-11
1.64679e-11
1.71293e-11
1.7759e-11
1.83586e-11
1.89295e-11
1.9473e-11
1.99906e-11
2.04834e-11
2.09526e-11
2.13994e-11
2.18248e-11
2.22298e-11
2.26155e-11
2.29828e-11
2.33325e-11
2.36655e-11
2.73282e-11
3.13472e-11
3.5754e-11
4.05822e-11
4.58668e-11
5.16438e-11
5.79495e-11
6.48195e-11
7.22873e-11
8.03823e-11
8.9127e-11
9.85337e-11
1.086e-10
1.19303e-10
1.30593e-10
1.42384e-10
1.54546e-10
1.66895e-10
1.79184e-10
1.91093e-10
2.0223e-10
2.12135e-10
2.20293e-10
2.26166e-10
2.2924e-10
2.29078e-10
2.25389e-10
2.18082e-10
2.07304e-10
1.93437e-10
1.7706e-10
1.58875e-10
1.39617e-10
1.19968e-10
1.00499e-10
8.16286e-11
6.36121e-11
4.65502e-11
3.0399e-11
1.49832e-11
1.11079e-33
1.97145e-15
1.3323e-12
2.5995e-12
3.80625e-12
4.9554e-12
6.04966e-12
7.09164e-12
8.08381e-12
9.02854e-12
9.92808e-12
1.07846e-11
1.16001e-11
1.23766e-11
1.3116e-11
1.38199e-11
1.44902e-11
1.51284e-11
1.5736e-11
1.63146e-11
1.68654e-11
1.739e-11
1.78894e-11
1.83649e-11
1.88177e-11
1.92488e-11
1.96593e-11
2.00502e-11
2.04224e-11
2.07768e-11
2.11142e-11
2.14356e-11
2.17415e-11
2.51073e-11
2.88008e-11
3.28512e-11
3.72898e-11
4.21489e-11
4.74621e-11
5.32636e-11
5.95868e-11
6.64638e-11
7.3923e-11
8.19871e-11
9.06702e-11
9.99734e-11
1.0988e-10
1.20349e-10
1.3131e-10
1.42649e-10
1.54208e-10
1.65767e-10
1.77045e-10
1.8769e-10
1.97285e-10
2.05357e-10
2.11408e-10
2.14944e-10
2.15534e-10
2.12865e-10
2.06801e-10
1.97417e-10
1.85013e-10
1.70082e-10
1.53252e-10
1.35206e-10
1.16598e-10
9.79919e-11
7.98153e-11
6.23463e-11
4.57109e-11
2.98938e-11
1.47478e-11
1.203e-33
1.79937e-15
1.21604e-12
2.37267e-12
3.47412e-12
4.52301e-12
5.5218e-12
6.47288e-12
7.37851e-12
8.24084e-12
9.06193e-12
9.84375e-12
1.05882e-11
1.1297e-11
1.19719e-11
1.26145e-11
1.32263e-11
1.38089e-11
1.43636e-11
1.48917e-11
1.53946e-11
1.58735e-11
1.63294e-11
1.67635e-11
1.71769e-11
1.75705e-11
1.79452e-11
1.83021e-11
1.86419e-11
1.89654e-11
1.92735e-11
1.95669e-11
1.98462e-11
2.29194e-11
2.6292e-11
2.99912e-11
3.40455e-11
3.84849e-11
4.33406e-11
4.86443e-11
5.44274e-11
6.07202e-11
6.75502e-11
7.49402e-11
8.29054e-11
9.14499e-11
1.00563e-10
1.10212e-10
1.20339e-10
1.30848e-10
1.41602e-10
1.52411e-10
1.63029e-10
1.73143e-10
1.82378e-10
1.90308e-10
1.9647e-10
2.00399e-10
2.01672e-10
1.99964e-10
1.95096e-10
1.8708e-10
1.76134e-10
1.62667e-10
1.4723e-10
1.30447e-10
1.12936e-10
9.52497e-11
7.78213e-11
6.09475e-11
4.47799e-11
2.93316e-11
1.44854e-11
1.30015e-33
1.63127e-15
1.10247e-12
2.15108e-12
3.14968e-12
4.10061e-12
5.00615e-12
5.86843e-12
6.68951e-12
7.47134e-12
8.21579e-12
8.92464e-12
9.59959e-12
1.02423e-11
1.08542e-11
1.14368e-11
1.19916e-11
1.25198e-11
1.30228e-11
1.35017e-11
1.39577e-11
1.43919e-11
1.48054e-11
1.5199e-11
1.55738e-11
1.59308e-11
1.62706e-11
1.65942e-11
1.69024e-11
1.71958e-11
1.74752e-11
1.77412e-11
1.79945e-11
2.07816e-11
2.38407e-11
2.71964e-11
3.0875e-11
3.49038e-11
3.93117e-11
4.41279e-11
4.93818e-11
5.51018e-11
6.13143e-11
6.80417e-11
7.53002e-11
8.30965e-11
9.14247e-11
1.0026e-10
1.09556e-10
1.19233e-10
1.29175e-10
1.3922e-10
1.49152e-10
1.58699e-10
1.67529e-10
1.75257e-10
1.8146e-10
1.85705e-10
1.87583e-10
1.86761e-10
1.83026e-10
1.76334e-10
1.66827e-10
1.54828e-10
1.40809e-10
1.25331e-10
1.0897e-10
9.2259e-11
7.56333e-11
5.94044e-11
4.37483e-11
2.87066e-11
1.41929e-11
1.40176e-33
1.46849e-15
9.92487e-13
1.93648e-12
2.83546e-12
3.69154e-12
4.50675e-12
5.28303e-12
6.02222e-12
6.72608e-12
7.3963e-12
8.03448e-12
8.64214e-12
9.22074e-12
9.77168e-12
1.02963e-11
1.07958e-11
1.12714e-11
1.17242e-11
1.21554e-11
1.2566e-11
1.2957e-11
1.33292e-11
1.36837e-11
1.40212e-11
1.43426e-11
1.46486e-11
1.494e-11
1.52175e-11
1.54817e-11
1.57333e-11
1.59728e-11
1.6201e-11
1.87109e-11
2.14661e-11
2.44889e-11
2.78031e-11
3.14337e-11
3.54071e-11
3.975e-11
4.44898e-11
4.96529e-11
5.52644e-11
6.13461e-11
6.79146e-11
7.49792e-11
8.25378e-11
9.05732e-11
9.90479e-11
1.07898e-10
1.17027e-10
1.26297e-10
1.35525e-10
1.44474e-10
1.52853e-10
1.6032e-10
1.66494e-10
1.70972e-10
1.73367e-10
1.73344e-10
1.70665e-10
1.65237e-10
1.57129e-10
1.46585e-10
1.33997e-10
1.19856e-10
1.0469e-10
8.90078e-11
7.32387e-11
5.77059e-11
4.26074e-11
2.80127e-11
1.38675e-11
1.50714e-33
1.31225e-15
8.8692e-13
1.73051e-12
2.53387e-12
3.2989e-12
4.02741e-12
4.72114e-12
5.38173e-12
6.01075e-12
6.60972e-12
7.18005e-12
7.72313e-12
8.24023e-12
8.73262e-12
9.20146e-12
9.64788e-12
1.0073e-11
1.04777e-11
1.08631e-11
1.12301e-11
1.15795e-11
1.19123e-11
1.22291e-11
1.25308e-11
1.2818e-11
1.30916e-11
1.3352e-11
1.36e-11
1.38362e-11
1.40611e-11
1.42753e-11
1.44792e-11
1.67229e-11
1.91862e-11
2.18892e-11
2.48533e-11
2.81011e-11
3.16566e-11
3.55442e-11
3.97889e-11
4.44153e-11
4.9447e-11
5.49049e-11
6.0806e-11
6.7161e-11
7.39714e-11
8.12261e-11
8.88967e-11
9.69324e-11
1.05254e-10
1.13748e-10
1.22258e-10
1.30583e-10
1.38471e-10
1.45621e-10
1.51692e-10
1.56319e-10
1.59136e-10
1.59814e-10
1.581e-10
1.53856e-10
1.47091e-10
1.37972e-10
1.26811e-10
1.14026e-10
1.00093e-10
8.54869e-11
7.06265e-11
5.58412e-11
4.13481e-11
2.72438e-11
1.35058e-11
1.61529e-33
1.16368e-15
7.86531e-13
1.53464e-12
2.24707e-12
2.92552e-12
3.57159e-12
4.18681e-12
4.77265e-12
5.3305e-12
5.8617e-12
6.36752e-12
6.84916e-12
7.30778e-12
7.74448e-12
8.1603e-12
8.55625e-12
8.93327e-12
9.29226e-12
9.6341e-12
9.9596e-12
1.02695e-11
1.05647e-11
1.08457e-11
1.11133e-11
1.13681e-11
1.16107e-11
1.18418e-11
1.20618e-11
1.22713e-11
1.24708e-11
1.26607e-11
1.28416e-11
1.48321e-11
1.70177e-11
1.94162e-11
2.20469e-11
2.49302e-11
2.80875e-11
3.15409e-11
3.53133e-11
3.94273e-11
4.39046e-11
4.87655e-11
5.40267e-11
5.96999e-11
6.57897e-11
7.22897e-11
7.91796e-11
8.64202e-11
9.39482e-11
1.0167e-10
1.09457e-10
1.17139e-10
1.24501e-10
1.31282e-10
1.37181e-10
1.4187e-10
1.4501e-10
1.46283e-10
1.45427e-10
1.42274e-10
1.36778e-10
1.29035e-10
1.19278e-10
1.07854e-10
9.51808e-11
8.16912e-11
6.77879e-11
5.38009e-11
3.99623e-11
2.63938e-11
1.31048e-11
1.72486e-33
1.02376e-15
6.91977e-13
1.35015e-12
1.97694e-12
2.57384e-12
3.14225e-12
3.68352e-12
4.19896e-12
4.68977e-12
5.15714e-12
5.60218e-12
6.02595e-12
6.42948e-12
6.81372e-12
7.1796e-12
7.52799e-12
7.85973e-12
8.17562e-12
8.47641e-12
8.76283e-12
9.03556e-12
9.29526e-12
9.54256e-12
9.77804e-12
1.00023e-11
1.02158e-11
1.04191e-11
1.06127e-11
1.07971e-11
1.09726e-11
1.11398e-11
1.1299e-11
1.30509e-11
1.49746e-11
1.70861e-11
1.94024e-11
2.19418e-11
2.47232e-11
2.77667e-11
3.10928e-11
3.4722e-11
3.86746e-11
4.29693e-11
4.76227e-11
5.26472e-11
5.80492e-11
6.38267e-11
6.99659e-11
7.64377e-11
8.31925e-11
9.01555e-11
9.72214e-11
1.04249e-10
1.11056e-10
1.17422e-10
1.23084e-10
1.2775e-10
1.31111e-10
1.32868e-10
1.32757e-10
1.30587e-10
1.26267e-10
1.1983e-10
1.11438e-10
1.01364e-10
8.9962e-11
7.76207e-11
6.47177e-11
5.15774e-11
3.84424e-11
2.54569e-11
1.26614e-11
1.83408e-33
8.93259e-16
6.03789e-13
1.17808e-12
1.725e-12
2.24583e-12
2.74181e-12
3.21412e-12
3.66388e-12
4.09216e-12
4.49999e-12
4.88834e-12
5.25813e-12
5.61026e-12
5.94557e-12
6.26486e-12
6.56889e-12
6.85839e-12
7.13406e-12
7.39657e-12
7.64653e-12
7.88455e-12
8.1112e-12
8.32702e-12
8.53253e-12
8.72823e-12
8.91459e-12
9.09204e-12
9.26102e-12
9.42194e-12
9.57517e-12
9.72108e-12
9.86004e-12
1.13892e-11
1.30685e-11
1.49121e-11
1.69349e-11
1.91529e-11
2.15831e-11
2.42432e-11
2.71515e-11
3.03268e-11
3.37873e-11
3.75506e-11
4.16324e-11
4.60453e-11
5.07974e-11
5.58899e-11
6.13145e-11
6.70503e-11
7.30596e-11
7.92839e-11
8.56385e-11
9.20082e-11
9.82428e-11
1.04155e-10
1.0952e-10
1.14083e-10
1.17567e-10
1.19694e-10
1.20206e-10
1.18899e-10
1.15647e-10
1.10431e-10
1.03344e-10
9.45887e-11
8.44554e-11
7.32823e-11
6.14149e-11
4.91658e-11
3.67826e-11
2.44282e-11
1.21728e-11
1.94072e-33
7.72765e-16
5.22357e-13
1.0192e-12
1.49236e-12
1.94295e-12
2.37205e-12
2.78067e-12
3.16978e-12
3.54032e-12
3.89317e-12
4.22917e-12
4.54911e-12
4.85378e-12
5.1439e-12
5.42015e-12
5.68321e-12
5.93371e-12
6.17224e-12
6.39937e-12
6.61566e-12
6.82162e-12
7.01774e-12
7.20449e-12
7.38233e-12
7.55168e-12
7.71294e-12
7.8665e-12
8.01273e-12
8.15197e-12
8.28458e-12
8.41085e-12
8.5311e-12
9.85446e-12
1.1308e-11
1.29039e-11
1.46553e-11
1.65761e-11
1.86813e-11
2.09865e-11
2.35079e-11
2.62622e-11
2.92659e-11
3.25352e-11
3.60848e-11
3.99272e-11
4.40714e-11
4.8521e-11
5.3272e-11
5.83105e-11
6.36088e-11
6.9122e-11
7.47836e-11
8.05011e-11
8.61522e-11
9.15814e-11
9.65997e-11
1.00987e-10
1.04499e-10
1.06883e-10
1.07894e-10
1.07323e-10
1.0502e-10
1.0092e-10
9.5059e-11
8.75741e-11
7.86897e-11
6.86906e-11
5.78845e-11
4.65651e-11
3.49792e-11
2.3304e-11
1.16368e-11
2.04205e-33
6.62635e-16
4.47927e-13
8.73976e-13
1.27972e-12
1.66611e-12
2.03407e-12
2.38448e-12
2.71816e-12
3.03592e-12
3.3385e-12
3.62664e-12
3.90103e-12
4.1623e-12
4.41111e-12
4.64803e-12
4.87363e-12
5.08846e-12
5.29303e-12
5.48784e-12
5.67334e-12
5.84998e-12
6.01819e-12
6.17837e-12
6.3309e-12
6.47614e-12
6.61446e-12
6.74617e-12
6.8716e-12
6.99103e-12
7.10477e-12
7.21308e-12
7.31623e-12
8.45142e-12
9.69841e-12
1.10677e-11
1.25707e-11
1.42195e-11
1.6027e-11
1.80069e-11
2.01735e-11
2.25414e-11
2.51255e-11
2.79403e-11
3.09995e-11
3.43151e-11
3.78964e-11
4.17489e-11
4.58719e-11
5.02568e-11
5.48843e-11
5.97207e-11
6.47152e-11
6.97949e-11
7.48618e-11
7.97893e-11
8.44203e-11
8.85685e-11
9.20228e-11
9.45567e-11
9.59436e-11
9.59766e-11
9.44918e-11
9.13914e-11
8.66612e-11
8.03782e-11
7.27048e-11
6.38698e-11
5.41386e-11
4.37794e-11
3.30318e-11
2.20822e-11
1.10517e-11
2.13478e-33
5.63011e-16
3.80594e-13
7.42599e-13
1.08735e-12
1.41566e-12
1.72832e-12
2.02606e-12
2.30959e-12
2.57959e-12
2.83671e-12
3.08155e-12
3.3147e-12
3.53673e-12
3.74815e-12
3.94947e-12
4.14119e-12
4.32375e-12
4.4976e-12
4.66314e-12
4.82078e-12
4.9709e-12
5.11385e-12
5.24997e-12
5.3796e-12
5.50304e-12
5.62059e-12
5.73253e-12
5.83913e-12
5.94064e-12
6.03731e-12
6.12936e-12
6.21702e-12
7.18189e-12
8.2419e-12
9.40605e-12
1.06841e-11
1.20863e-11
1.3624e-11
1.5309e-11
1.71535e-11
1.91705e-11
2.1373e-11
2.37739e-11
2.63859e-11
2.92201e-11
3.2286e-11
3.55898e-11
3.91335e-11
4.29126e-11
4.69142e-11
5.11143e-11
5.54746e-11
5.99391e-11
6.44307e-11
6.88479e-11
7.30628e-11
7.69202e-11
8.02405e-11
8.28258e-11
8.44703e-11
8.49771e-11
8.41766e-11
8.1948e-11
7.82378e-11
7.30709e-11
6.65521e-11
5.88544e-11
5.01974e-11
4.08186e-11
3.09439e-11
2.07633e-11
1.04172e-11
2.21511e-33
4.7382e-16
3.2031e-13
6.24975e-13
9.15121e-13
1.19143e-12
1.45457e-12
1.70516e-12
1.94379e-12
2.17103e-12
2.38743e-12
2.59351e-12
2.78974e-12
2.97661e-12
3.15456e-12
3.32402e-12
3.48539e-12
3.63905e-12
3.78538e-12
3.92472e-12
4.05742e-12
4.18378e-12
4.3041e-12
4.41869e-12
4.52781e-12
4.63172e-12
4.73067e-12
4.8249e-12
4.91463e-12
5.00008e-12
5.08146e-12
5.15895e-12
5.23275e-12
6.04504e-12
6.93753e-12
7.91782e-12
8.99417e-12
1.01754e-11
1.14711e-11
1.28912e-11
1.44465e-11
1.61481e-11
1.80072e-11
2.00354e-11
2.22438e-11
2.46429e-11
2.72416e-11
3.00469e-11
3.30621e-11
3.62859e-11
3.97106e-11
4.33194e-11
4.70846e-11
5.0964e-11
5.48982e-11
5.88074e-11
6.25891e-11
6.61166e-11
6.92399e-11
7.17891e-11
7.35824e-11
7.44373e-11
7.41867e-11
7.26966e-11
6.98846e-11
6.57327e-11
6.02943e-11
5.36895e-11
4.60907e-11
3.77002e-11
2.87243e-11
1.93508e-11
9.73433e-12
2.27877e-33
3.94799e-16
2.66897e-13
5.2076e-13
7.62524e-13
9.92764e-13
1.21203e-12
1.42083e-12
1.61967e-12
1.80903e-12
1.98936e-12
2.16108e-12
2.3246e-12
2.48032e-12
2.62861e-12
2.76982e-12
2.9043e-12
3.03235e-12
3.1543e-12
3.27042e-12
3.381e-12
3.48631e-12
3.58659e-12
3.68208e-12
3.77302e-12
3.85962e-12
3.94209e-12
4.02062e-12
4.09541e-12
4.16663e-12
4.23445e-12
4.29904e-12
4.36055e-12
5.03759e-12
5.78155e-12
6.5988e-12
7.49627e-12
8.4814e-12
9.56221e-12
1.07472e-11
1.20455e-11
1.34665e-11
1.502e-11
1.67159e-11
1.85641e-11
2.0574e-11
2.27541e-11
2.51112e-11
2.76496e-11
3.03704e-11
3.32694e-11
3.63357e-11
3.95498e-11
4.28806e-11
4.62835e-11
4.96969e-11
5.30403e-11
5.62119e-11
5.9089e-11
6.15288e-11
6.33741e-11
6.44608e-11
6.46304e-11
6.37446e-11
6.1702e-11
5.8452e-11
5.40043e-11
4.84309e-11
4.18577e-11
3.44492e-11
2.63875e-11
1.78519e-11
9.0058e-12
2.32116e-33
3.25516e-16
2.20065e-13
4.29383e-13
6.28726e-13
8.18567e-13
9.99358e-13
1.17153e-12
1.33549e-12
1.49162e-12
1.64031e-12
1.78191e-12
1.91675e-12
2.04515e-12
2.16743e-12
2.28388e-12
2.39477e-12
2.50036e-12
2.60092e-12
2.69668e-12
2.78787e-12
2.87471e-12
2.95741e-12
3.03616e-12
3.11116e-12
3.18258e-12
3.25059e-12
3.31535e-12
3.37703e-12
3.43577e-12
3.4917e-12
3.54497e-12
3.59569e-12
4.15409e-12
4.76773e-12
5.44191e-12
6.18237e-12
6.99531e-12
7.88739e-12
8.86577e-12
9.93802e-12
1.11121e-11
1.23964e-11
1.37994e-11
1.53296e-11
1.69952e-11
1.88041e-11
2.07628e-11
2.28762e-11
2.51465e-11
2.75722e-11
3.01469e-11
3.28573e-11
3.56813e-11
3.85859e-11
4.15247e-11
4.44355e-11
4.72385e-11
4.98348e-11
5.21071e-11
5.39225e-11
5.51374e-11
5.56065e-11
5.51948e-11
5.37911e-11
5.1322e-11
4.77628e-11
4.31437e-11
3.75473e-11
3.10996e-11
2.39547e-11
1.62783e-11
8.23664e-12
2.33753e-33
2.65402e-16
1.79429e-13
3.50095e-13
5.12629e-13
6.67417e-13
8.14826e-13
9.55206e-13
1.08889e-12
1.2162e-12
1.33744e-12
1.4529e-12
1.56284e-12
1.66755e-12
1.76725e-12
1.8622e-12
1.95263e-12
2.03873e-12
2.12073e-12
2.19882e-12
2.27318e-12
2.344e-12
2.41143e-12
2.47565e-12
2.53681e-12
2.59505e-12
2.65051e-12
2.70333e-12
2.75362e-12
2.80152e-12
2.84714e-12
2.89058e-12
2.93195e-12
3.38735e-12
3.88786e-12
4.43779e-12
5.04188e-12
5.7052e-12
6.43326e-12
7.23196e-12
8.10757e-12
9.06674e-12
1.01164e-11
1.12638e-11
1.25162e-11
1.38807e-11
1.53642e-11
1.69728e-11
1.87114e-11
2.0583e-11
2.25879e-11
2.47227e-11
2.69789e-11
2.93412e-11
3.17859e-11
3.42788e-11
3.67729e-11
3.92064e-11
4.15017e-11
4.35642e-11
4.52841e-11
4.65388e-11
4.71998e-11
4.71406e-11
4.62485e-11
4.44365e-11
4.16551e-11
3.79004e-11
3.32167e-11
2.7693e-11
2.14537e-11
1.46465e-11
7.43423e-12
2.32331e-33
2.13784e-16
1.44534e-13
2.8201e-13
4.12936e-13
5.37622e-13
6.56365e-13
7.69447e-13
8.77137e-13
9.79692e-13
1.07736e-12
1.17036e-12
1.25893e-12
1.34328e-12
1.4236e-12
1.50009e-12
1.57293e-12
1.6423e-12
1.70836e-12
1.77127e-12
1.83118e-12
1.88823e-12
1.94255e-12
1.99429e-12
2.04356e-12
2.09048e-12
2.13517e-12
2.17772e-12
2.21824e-12
2.25683e-12
2.29358e-12
2.32858e-12
2.36191e-12
2.72884e-12
3.13214e-12
3.57531e-12
4.06217e-12
4.59687e-12
5.18385e-12
5.82794e-12
6.53427e-12
7.30829e-12
8.15573e-12
9.08256e-12
1.00949e-11
1.11988e-11
1.24002e-11
1.37046e-11
1.51165e-11
1.66394e-11
1.82746e-11
2.00208e-11
2.18729e-11
2.38208e-11
2.58479e-11
2.79294e-11
3.00305e-11
3.21047e-11
3.40918e-11
3.59175e-11
3.74929e-11
3.87163e-11
3.9477e-11
3.96614e-11
3.91615e-11
3.78851e-11
3.57668e-11
3.27774e-11
2.89294e-11
2.42783e-11
1.89188e-11
1.29774e-11
6.60841e-12
2.27444e-33
1.69914e-16
1.14877e-13
2.24144e-13
3.28206e-13
4.27308e-13
5.21687e-13
6.11567e-13
6.97162e-13
7.78676e-13
8.56303e-13
9.30228e-13
1.00063e-12
1.06767e-12
1.13151e-12
1.19231e-12
1.25021e-12
1.30535e-12
1.35786e-12
1.40787e-12
1.45549e-12
1.50084e-12
1.54402e-12
1.58515e-12
1.62432e-12
1.66161e-12
1.69713e-12
1.73096e-12
1.76317e-12
1.79385e-12
1.82307e-12
1.85089e-12
1.87738e-12
2.16908e-12
2.48972e-12
2.84209e-12
3.22924e-12
3.65449e-12
4.1214e-12
4.63385e-12
5.19597e-12
5.81216e-12
6.48708e-12
7.2256e-12
8.03273e-12
8.91356e-12
9.87308e-12
1.0916e-11
1.20466e-11
1.3268e-11
1.45824e-11
1.59896e-11
1.7487e-11
1.90681e-11
2.07217e-11
2.24303e-11
2.41687e-11
2.59023e-11
2.75858e-11
2.91618e-11
3.056e-11
3.16981e-11
3.24837e-11
3.28182e-11
3.26029e-11
3.17474e-11
3.01788e-11
2.78508e-11
2.47519e-11
2.09092e-11
1.63893e-11
1.12964e-11
5.77133e-12
2.18776e-33
1.33004e-16
8.9924e-14
1.75457e-13
2.56915e-13
3.34491e-13
4.0837e-13
4.78728e-13
5.45732e-13
6.09541e-13
6.70308e-13
7.28178e-13
7.83288e-13
8.35771e-13
8.8575e-13
9.33346e-13
9.78673e-13
1.02184e-12
1.06294e-12
1.10209e-12
1.13937e-12
1.17487e-12
1.20868e-12
1.24088e-12
1.27154e-12
1.30074e-12
1.32855e-12
1.35503e-12
1.38025e-12
1.40427e-12
1.42714e-12
1.44892e-12
1.46967e-12
1.69805e-12
1.9491e-12
2.22502e-12
2.52821e-12
2.86128e-12
3.22703e-12
3.62853e-12
4.06905e-12
4.55209e-12
5.08137e-12
5.66077e-12
6.29436e-12
6.98627e-12
7.74062e-12
8.56138e-12
9.45221e-12
1.04162e-11
1.14554e-11
1.25706e-11
1.37607e-11
1.50217e-11
1.63464e-11
1.77226e-11
1.91325e-11
2.05512e-11
2.19449e-11
2.32703e-11
2.44733e-11
2.54889e-11
2.62421e-11
2.66501e-11
2.66269e-11
2.60887e-11
2.49619e-11
2.31916e-11
2.07495e-11
1.76407e-11
1.39074e-11
9.63144e-12
4.93684e-12
2.06138e-33
1.02244e-16
6.91282e-14
1.34881e-13
1.97501e-13
2.57137e-13
3.13932e-13
3.68019e-13
4.19529e-13
4.68583e-13
5.15298e-13
5.59786e-13
6.02153e-13
6.42501e-13
6.80924e-13
7.17515e-13
7.52362e-13
7.85547e-13
8.17149e-13
8.47245e-13
8.75906e-13
9.03201e-13
9.29194e-13
9.53948e-13
9.77521e-13
9.99971e-13
1.02135e-12
1.04171e-12
1.0611e-12
1.07957e-12
1.09715e-12
1.1139e-12
1.12985e-12
1.30545e-12
1.49848e-12
1.71066e-12
1.94382e-12
2.19998e-12
2.48133e-12
2.79023e-12
3.12922e-12
3.50102e-12
3.90854e-12
4.35484e-12
4.84311e-12
5.37663e-12
5.95873e-12
6.59265e-12
7.28144e-12
8.02778e-12
8.83371e-12
9.70036e-12
1.06275e-11
1.16129e-11
1.2652e-11
1.37368e-11
1.48548e-11
1.59882e-11
1.71129e-11
1.81967e-11
1.91989e-11
2.00697e-11
2.07498e-11
2.11724e-11
2.12651e-11
2.09544e-11
2.01715e-11
1.88594e-11
1.69807e-11
1.4525e-11
1.15149e-11
8.01138e-12
4.11956e-12
1.89484e-33
7.68207e-17
5.19399e-14
1.01344e-13
1.48394e-13
1.93202e-13
2.35875e-13
2.76515e-13
3.15217e-13
3.52075e-13
3.87176e-13
4.20603e-13
4.52437e-13
4.82753e-13
5.11624e-13
5.39118e-13
5.65302e-13
5.90237e-13
6.13983e-13
6.36598e-13
6.58134e-13
6.78643e-13
6.98175e-13
7.16776e-13
7.34489e-13
7.51359e-13
7.67424e-13
7.82724e-13
7.97294e-13
8.1117e-13
8.24384e-13
8.36969e-13
8.48954e-13
9.80909e-13
1.12598e-12
1.28544e-12
1.46068e-12
1.65323e-12
1.86474e-12
2.09699e-12
2.35192e-12
2.63158e-12
2.93819e-12
3.27409e-12
3.64174e-12
4.04367e-12
4.48246e-12
4.96069e-12
5.48081e-12
6.04503e-12
6.65517e-12
7.31243e-12
8.01705e-12
8.76801e-12
9.56244e-12
1.03951e-11
1.12577e-11
1.2138e-11
1.30187e-11
1.38768e-11
1.46825e-11
1.53986e-11
1.59799e-11
1.63743e-11
1.65234e-11
1.63659e-11
1.58416e-11
1.48968e-11
1.34915e-11
1.16061e-11
9.2489e-12
6.46285e-12
3.33335e-12
1.68893e-33
5.59215e-17
3.781e-14
7.37737e-14
1.08024e-13
1.40643e-13
1.71707e-13
2.01291e-13
2.29466e-13
2.56297e-13
2.81849e-13
3.06183e-13
3.29358e-13
3.51427e-13
3.72445e-13
3.9246e-13
4.11522e-13
4.29674e-13
4.46961e-13
4.63425e-13
4.79103e-13
4.94034e-13
5.08253e-13
5.21794e-13
5.3469e-13
5.46972e-13
5.58667e-13
5.69806e-13
5.80413e-13
5.90515e-13
6.00136e-13
6.09298e-13
6.18023e-13
7.14092e-13
8.19712e-13
9.35816e-13
1.06342e-12
1.20364e-12
1.35768e-12
1.52685e-12
1.71256e-12
1.91633e-12
2.13978e-12
2.38466e-12
2.65277e-12
2.946e-12
3.26631e-12
3.61562e-12
3.99583e-12
4.40868e-12
4.85568e-12
5.33789e-12
5.85578e-12
6.40895e-12
6.99576e-12
7.61292e-12
8.25496e-12
8.91364e-12
9.5772e-12
1.02296e-11
1.08497e-11
1.14108e-11
1.18797e-11
1.22173e-11
1.2379e-11
1.23163e-11
1.19797e-11
1.1323e-11
1.03084e-11
8.9132e-12
7.13642e-12
5.00646e-12
2.58932e-12
1.44493e-33
3.87256e-17
2.61836e-14
5.10886e-14
7.48073e-14
9.7396e-14
1.18908e-13
1.39396e-13
1.58907e-13
1.77488e-13
1.95183e-13
2.12035e-13
2.28083e-13
2.43367e-13
2.57922e-13
2.71783e-13
2.84984e-13
2.97555e-13
3.09527e-13
3.20929e-13
3.31786e-13
3.42127e-13
3.51974e-13
3.61352e-13
3.70283e-13
3.78789e-13
3.86888e-13
3.94602e-13
4.01949e-13
4.08945e-13
4.15608e-13
4.21953e-13
4.27996e-13
4.94531e-13
5.67683e-13
6.48099e-13
7.36487e-13
8.33618e-13
9.4033e-13
1.05753e-12
1.18621e-12
1.32743e-12
1.48232e-12
1.65209e-12
1.83803e-12
2.04146e-12
2.26376e-12
2.50633e-12
2.77052e-12
3.05762e-12
3.36875e-12
3.7048e-12
4.06625e-12
4.453e-12
4.86417e-12
5.29778e-12
5.75043e-12
6.21679e-12
6.68918e-12
7.15694e-12
7.60586e-12
8.0176e-12
8.36926e-12
8.63317e-12
8.7772e-12
8.76562e-12
8.5609e-12
8.12661e-12
7.43129e-12
6.45357e-12
5.18805e-12
3.65206e-12
1.89337e-12
1.16289e-33
2.43707e-17
1.64779e-14
3.21512e-14
4.70779e-14
6.12934e-14
7.48317e-14
8.77248e-14
1.00003e-13
1.11697e-13
1.22833e-13
1.33439e-13
1.43539e-13
1.53157e-13
1.62317e-13
1.71041e-13
1.79348e-13
1.8726e-13
1.94794e-13
2.0197e-13
2.08803e-13
2.1531e-13
2.21508e-13
2.2741e-13
2.33031e-13
2.38384e-13
2.43481e-13
2.48336e-13
2.5296e-13
2.57363e-13
2.61556e-13
2.65549e-13
2.69352e-13
3.11227e-13
3.57268e-13
4.07882e-13
4.63516e-13
5.24656e-13
5.91831e-13
6.65615e-13
7.46632e-13
8.35552e-13
9.33096e-13
1.04003e-12
1.15717e-12
1.28537e-12
1.4255e-12
1.57847e-12
1.74516e-12
1.9264e-12
2.12297e-12
2.33546e-12
2.56426e-12
2.80941e-12
3.07047e-12
3.34634e-12
3.63506e-12
3.93348e-12
4.237e-12
4.53913e-12
4.83114e-12
5.10165e-12
5.33626e-12
5.51734e-12
5.62412e-12
5.63308e-12
5.51901e-12
5.25674e-12
4.82373e-12
4.20352e-12
3.39009e-12
2.39292e-12
1.24296e-12
8.3833e-34
1.18793e-17
8.03205e-15
1.56719e-14
2.29479e-14
2.98772e-14
3.64763e-14
4.2761e-14
4.87463e-14
5.44462e-14
5.98746e-14
6.50442e-14
6.99674e-14
7.46559e-14
7.9121e-14
8.33732e-14
8.74228e-14
9.12793e-14
9.49521e-14
9.84497e-14
1.01781e-13
1.04953e-13
1.07974e-13
1.10851e-13
1.13591e-13
1.162e-13
1.18685e-13
1.21052e-13
1.23305e-13
1.25452e-13
1.27496e-13
1.29442e-13
1.31296e-13
1.51709e-13
1.74153e-13
1.98826e-13
2.25948e-13
2.55754e-13
2.88504e-13
3.24478e-13
3.63981e-13
4.0734e-13
4.54909e-13
5.07063e-13
5.64203e-13
6.26747e-13
6.9513e-13
7.69793e-13
8.51177e-13
9.39705e-13
1.03576e-12
1.13966e-12
1.25161e-12
1.37166e-12
1.49964e-12
1.63507e-12
1.77703e-12
1.92407e-12
2.07401e-12
2.22376e-12
2.36916e-12
2.5047e-12
2.62338e-12
2.71654e-12
2.7739e-12
2.78366e-12
2.73302e-12
2.60899e-12
2.39963e-12
2.09592e-12
1.69398e-12
1.1979e-12
6.2303e-13
4.56577e-34
3.53461e-42
4.65371e-41
1.53061e-40
3.07534e-40
4.94145e-40
7.00263e-40
9.15904e-40
1.13327e-39
1.34639e-39
1.55074e-39
1.74306e-39
1.92104e-39
2.08317e-39
2.22861e-39
2.35698e-39
2.46833e-39
2.56299e-39
2.64154e-39
2.70472e-39
2.75339e-39
2.78847e-39
2.81096e-39
2.82184e-39
2.82213e-39
2.81279e-39
2.7948e-39
2.76905e-39
2.73643e-39
2.69776e-39
2.65381e-39
2.60531e-39
1.72547e-38
4.08957e-38
5.92518e-38
8.49267e-38
1.20622e-37
1.69993e-37
2.37971e-37
3.31199e-37
4.58608e-37
6.32183e-37
8.67984e-37
1.18748e-36
1.61935e-36
2.20175e-36
2.98545e-36
4.03772e-36
5.44754e-36
7.33213e-36
9.84542e-36
1.31885e-35
1.76229e-35
2.34858e-35
3.12094e-35
4.13407e-35
5.45638e-35
7.17193e-35
9.38174e-35
1.22034e-34
1.57681e-34
2.0212e-34
2.56603e-34
3.21994e-34
3.98317e-34
4.84094e-34
5.75413e-34
6.64726e-34
7.39428e-34
7.80416e-34
7.61031e-34
6.47196e-34
4.00146e-34
1.57588e-34
