-2.60943e-41
-3.4356e-40
-1.12997e-39
-2.27037e-39
-3.648e-39
-5.16965e-39
-6.76158e-39
-8.36627e-39
-9.93951e-39
-1.14481e-38
-1.28678e-38
-1.41816e-38
-1.53785e-38
-1.6452e-38
-1.73996e-38
-1.82215e-38
-1.89203e-38
-1.95001e-38
-1.99664e-38
-2.03255e-38
-2.05844e-38
-2.07503e-38
-2.08306e-38
-2.08326e-38
-2.07636e-38
-2.06307e-38
-2.04406e-38
-2.01997e-38
-1.99142e-38
-1.95897e-38
-1.92316e-38
-1.27367e-37
-3.01866e-37
-4.37338e-37
-6.26806e-37
-8.90192e-37
-1.25443e-36
-1.75585e-36
-2.44336e-36
-3.38269e-36
-4.66194e-36
-6.39906e-36
-8.75158e-36
-1.19294e-35
-1.62117e-35
-2.19687e-35
-2.96897e-35
-4.00197e-35
-5.38051e-35
-7.21514e-35
-9.64941e-35
-1.28685e-34
-1.71091e-34
-2.26709e-34
-2.99277e-34
-3.93388e-34
-5.14555e-34
-6.69206e-34
-8.64533e-34
-1.10811e-33
-1.40713e-33
-1.76714e-33
-2.19007e-33
-2.6714e-33
-3.19631e-33
-3.73495e-33
-4.23688e-33
-4.62531e-33
-4.79184e-33
-4.59287e-33
-3.84974e-33
-2.35676e-33
-2.92362e-34
2.84837e-17
1.92583e-14
3.75763e-14
5.50215e-14
7.16356e-14
8.7458e-14
1.02526e-13
1.16876e-13
1.30543e-13
1.43557e-13
1.55951e-13
1.67755e-13
1.78995e-13
1.897e-13
1.99894e-13
2.09603e-13
2.18848e-13
2.27653e-13
2.36038e-13
2.44023e-13
2.51627e-13
2.58869e-13
2.65766e-13
2.72334e-13
2.78589e-13
2.84545e-13
2.90218e-13
2.9562e-13
3.00765e-13
3.05665e-13
3.10331e-13
3.14775e-13
3.63701e-13
4.17488e-13
4.76611e-13
5.41587e-13
6.1298e-13
6.914e-13
7.77509e-13
8.72023e-13
9.75708e-13
1.08938e-12
1.21391e-12
1.3502e-12
1.4992e-12
1.66185e-12
1.83911e-12
2.03188e-12
2.24097e-12
2.46706e-12
2.71055e-12
2.97154e-12
3.24961e-12
3.54368e-12
3.85175e-12
4.17068e-12
4.49582e-12
4.82072e-12
5.13669e-12
5.43255e-12
5.69429e-12
5.90505e-12
6.0453e-12
6.09342e-12
6.02687e-12
5.82382e-12
5.46544e-12
4.93841e-12
4.23757e-12
3.36826e-12
2.34812e-12
1.20898e-12
-2.47775e-33
5.9552e-17
4.02638e-14
7.85615e-14
1.15035e-13
1.4977e-13
1.8285e-13
2.14353e-13
2.44355e-13
2.72927e-13
3.00136e-13
3.26048e-13
3.50725e-13
3.74226e-13
3.96605e-13
4.17918e-13
4.38215e-13
4.57543e-13
4.75951e-13
4.9348e-13
5.10174e-13
5.26072e-13
5.41211e-13
5.5563e-13
5.6936e-13
5.82436e-13
5.94889e-13
6.06748e-13
6.18042e-13
6.28797e-13
6.3904e-13
6.48795e-13
6.58084e-13
7.60363e-13
8.72799e-13
9.96384e-13
1.1322e-12
1.28141e-12
1.44529e-12
1.62522e-12
1.82268e-12
2.03927e-12
2.27666e-12
2.53666e-12
2.82112e-12
3.13196e-12
3.47113e-12
3.84052e-12
4.24192e-12
4.67691e-12
5.1467e-12
5.65197e-12
6.1926e-12
6.76738e-12
7.37362e-12
8.00667e-12
8.65935e-12
9.32133e-12
9.9784e-12
1.06118e-11
1.11978e-11
1.17069e-11
1.21043e-11
1.23506e-11
1.24031e-11
1.22185e-11
1.17566e-11
1.09843e-11
9.88107e-12
8.44261e-12
6.68466e-12
4.64517e-12
2.38637e-12
-4.50697e-33
9.74287e-17
6.58716e-14
1.28527e-13
1.88197e-13
2.45023e-13
2.99142e-13
3.5068e-13
3.99762e-13
4.46504e-13
4.91018e-13
5.33409e-13
5.73778e-13
6.12223e-13
6.48834e-13
6.837e-13
7.16903e-13
7.48522e-13
7.78634e-13
8.0731e-13
8.34618e-13
8.60624e-13
8.85391e-13
9.08976e-13
9.31437e-13
9.52827e-13
9.73197e-13
9.92595e-13
1.01107e-12
1.02866e-12
1.04542e-12
1.06137e-12
1.07657e-12
1.24386e-12
1.42777e-12
1.62988e-12
1.85198e-12
2.09595e-12
2.36388e-12
2.65798e-12
2.98067e-12
3.3345e-12
3.7222e-12
4.14661e-12
4.61072e-12
5.11753e-12
5.67007e-12
6.27126e-12
6.92374e-12
7.62977e-12
8.39089e-12
9.20764e-12
1.00791e-11
1.10026e-11
1.19724e-11
1.29798e-11
1.40117e-11
1.50496e-11
1.60686e-11
1.70369e-11
1.79146e-11
1.86538e-11
1.91992e-11
1.94901e-11
1.94631e-11
1.90572e-11
1.82191e-11
1.69101e-11
1.51117e-11
1.28308e-11
1.01017e-11
6.98701e-12
3.57798e-12
-6.16303e-33
1.4624e-16
9.88705e-14
1.92913e-13
2.82475e-13
3.67768e-13
4.48996e-13
5.26352e-13
6.0002e-13
6.70176e-13
7.36986e-13
8.00609e-13
8.61199e-13
9.18899e-13
9.73847e-13
1.02617e-12
1.07601e-12
1.12346e-12
1.16865e-12
1.21169e-12
1.25267e-12
1.2917e-12
1.32887e-12
1.36426e-12
1.39797e-12
1.43007e-12
1.46064e-12
1.48975e-12
1.51747e-12
1.54387e-12
1.56902e-12
1.59296e-12
1.61576e-12
1.8668e-12
2.14273e-12
2.44597e-12
2.77912e-12
3.14504e-12
3.54679e-12
3.98768e-12
4.47127e-12
5.00131e-12
5.5818e-12
6.21688e-12
6.91082e-12
7.66793e-12
8.49242e-12
9.38825e-12
1.03589e-11
1.1407e-11
1.25339e-11
1.37395e-11
1.50209e-11
1.63722e-11
1.77831e-11
1.9238e-11
2.07143e-11
2.21817e-11
2.36003e-11
2.49202e-11
2.60807e-11
2.70112e-11
2.76332e-11
2.78641e-11
2.76222e-11
2.68346e-11
2.54446e-11
2.34197e-11
2.07572e-11
1.74873e-11
1.36725e-11
9.40338e-12
4.79678e-12
-7.5201e-33
2.10417e-16
1.42256e-13
2.77565e-13
4.06427e-13
5.29147e-13
6.46017e-13
7.57315e-13
8.63305e-13
9.64241e-13
1.06036e-12
1.1519e-12
1.23907e-12
1.32208e-12
1.40113e-12
1.47641e-12
1.5481e-12
1.61637e-12
1.68139e-12
1.7433e-12
1.80225e-12
1.8584e-12
1.91187e-12
1.96278e-12
2.01127e-12
2.05745e-12
2.10142e-12
2.1433e-12
2.18317e-12
2.22115e-12
2.25732e-12
2.29176e-12
2.32456e-12
2.68563e-12
3.08247e-12
3.51851e-12
3.9975e-12
4.52347e-12
5.1008e-12
5.73417e-12
6.42858e-12
7.18931e-12
8.02192e-12
8.93211e-12
9.92573e-12
1.10085e-11
1.2186e-11
1.3463e-11
1.48437e-11
1.63307e-11
1.79243e-11
1.96223e-11
2.14181e-11
2.33003e-11
2.52505e-11
2.72423e-11
2.92391e-11
3.11927e-11
3.30424e-11
3.47136e-11
3.61194e-11
3.71625e-11
3.77392e-11
3.7747e-11
3.70925e-11
3.57012e-11
3.35276e-11
3.05616e-11
2.68325e-11
2.24071e-11
1.73831e-11
1.18804e-11
6.03455e-12
-8.60631e-33
2.93016e-16
1.98092e-13
3.8651e-13
5.6595e-13
7.36836e-13
8.99575e-13
1.05455e-12
1.20214e-12
1.34269e-12
1.47653e-12
1.60399e-12
1.72536e-12
1.84095e-12
1.95101e-12
2.05583e-12
2.15564e-12
2.2507e-12
2.34121e-12
2.42741e-12
2.50949e-12
2.58766e-12
2.6621e-12
2.73298e-12
2.80049e-12
2.86477e-12
2.92599e-12
2.98429e-12
3.0398e-12
3.09267e-12
3.14302e-12
3.19097e-12
3.23663e-12
3.73924e-12
4.29157e-12
4.89838e-12
5.56482e-12
6.29647e-12
7.09931e-12
7.97977e-12
8.94463e-12
1.00011e-11
1.11565e-11
1.24185e-11
1.37948e-11
1.52926e-11
1.69188e-11
1.86792e-11
2.05779e-11
2.26166e-11
2.47936e-11
2.71028e-11
2.95316e-11
3.20594e-11
3.4656e-11
3.72788e-11
3.9871e-11
4.23599e-11
4.46563e-11
4.66547e-11
4.82357e-11
4.92719e-11
4.96353e-11
4.92083e-11
4.78957e-11
4.56371e-11
4.2416e-11
3.82644e-11
3.32598e-11
2.75171e-11
2.11741e-11
1.43771e-11
7.27055e-12
-9.43212e-33
3.91201e-16
2.64463e-13
5.16009e-13
7.55568e-13
9.83707e-13
1.20097e-12
1.40787e-12
1.6049e-12
1.79252e-12
1.9712e-12
2.14135e-12
2.30338e-12
2.45768e-12
2.60461e-12
2.74453e-12
2.87777e-12
3.00465e-12
3.12548e-12
3.24054e-12
3.35011e-12
3.45445e-12
3.55381e-12
3.64843e-12
3.73853e-12
3.82433e-12
3.90604e-12
3.98386e-12
4.05796e-12
4.12852e-12
4.19572e-12
4.25971e-12
4.32065e-12
4.99145e-12
5.72853e-12
6.53819e-12
7.42727e-12
8.40315e-12
9.4737e-12
1.06474e-11
1.1933e-11
1.334e-11
1.48779e-11
1.65565e-11
1.83852e-11
2.03732e-11
2.25285e-11
2.48576e-11
2.73643e-11
3.00487e-11
3.2906e-11
3.59242e-11
3.90826e-11
4.23488e-11
4.56766e-11
4.90027e-11
5.22447e-11
5.52997e-11
5.80437e-11
6.03341e-11
6.20151e-11
6.2927e-11
6.29185e-11
6.18629e-11
5.96738e-11
5.63191e-11
5.18286e-11
4.62927e-11
3.98515e-11
3.26762e-11
2.4947e-11
1.68324e-11
8.47611e-12
-1.00038e-32
4.92305e-16
3.32806e-13
6.49357e-13
9.50822e-13
1.23791e-12
1.51132e-12
1.77168e-12
2.01962e-12
2.25573e-12
2.48057e-12
2.69468e-12
2.89857e-12
3.09273e-12
3.27763e-12
3.45369e-12
3.62135e-12
3.78101e-12
3.93305e-12
4.07783e-12
4.2157e-12
4.34698e-12
4.47201e-12
4.59106e-12
4.70444e-12
4.8124e-12
4.91521e-12
5.01311e-12
5.10635e-12
5.19513e-12
5.27968e-12
5.3602e-12
5.43688e-12
6.28085e-12
7.20814e-12
8.22666e-12
9.34496e-12
1.05723e-11
1.19184e-11
1.33939e-11
1.50098e-11
1.67775e-11
1.8709e-11
2.0816e-11
2.31101e-11
2.56022e-11
2.83014e-11
3.12148e-11
3.43459e-11
3.76929e-11
4.12475e-11
4.49918e-11
4.88962e-11
5.29158e-11
5.69874e-11
6.10262e-11
6.49229e-11
6.85423e-11
7.17244e-11
7.42881e-11
7.60399e-11
7.6787e-11
7.63555e-11
7.46112e-11
7.148e-11
6.69632e-11
6.11431e-11
5.41753e-11
4.62681e-11
3.76537e-11
2.85557e-11
1.9163e-11
9.61419e-12
-1.03266e-32
5.75602e-16
3.89113e-13
7.59222e-13
1.11169e-12
1.44736e-12
1.76701e-12
2.07142e-12
2.36131e-12
2.63737e-12
2.90025e-12
3.15058e-12
3.38897e-12
3.61597e-12
3.83214e-12
4.03799e-12
4.23401e-12
4.42068e-12
4.59843e-12
4.7677e-12
4.92889e-12
5.08238e-12
5.22855e-12
5.36775e-12
5.50029e-12
5.62652e-12
5.74672e-12
5.86118e-12
5.97018e-12
6.07399e-12
6.17283e-12
6.26697e-12
6.35661e-12
7.3433e-12
8.42737e-12
9.61807e-12
1.09254e-11
1.236e-11
1.39335e-11
1.5658e-11
1.75464e-11
1.96121e-11
2.18688e-11
2.43302e-11
2.70095e-11
2.99193e-11
3.30699e-11
3.6469e-11
4.01202e-11
4.40208e-11
4.81598e-11
5.25152e-11
5.70507e-11
6.1712e-11
6.64229e-11
7.10815e-11
7.55568e-11
7.9688e-11
8.32847e-11
8.6133e-11
8.80058e-11
8.86795e-11
8.79561e-11
8.56889e-11
8.18075e-11
7.63352e-11
6.93944e-11
6.11951e-11
5.20063e-11
4.21175e-11
3.17967e-11
2.1257e-11
1.06365e-11
-1.04033e-32
6.19982e-16
4.19117e-13
8.17763e-13
1.19741e-12
1.55896e-12
1.90327e-12
2.23115e-12
2.54339e-12
2.84074e-12
3.12389e-12
3.39353e-12
3.6503e-12
3.89481e-12
4.12766e-12
4.34938e-12
4.56053e-12
4.76159e-12
4.95306e-12
5.13538e-12
5.30901e-12
5.47435e-12
5.63179e-12
5.78172e-12
5.9245e-12
6.06046e-12
6.18993e-12
6.31323e-12
6.43064e-12
6.54246e-12
6.64893e-12
6.75033e-12
6.84689e-12
7.90974e-12
9.07752e-12
1.03602e-11
1.17685e-11
1.33141e-11
1.50094e-11
1.68675e-11
1.89024e-11
2.11286e-11
2.35609e-11
2.62143e-11
2.91033e-11
3.22415e-11
3.56405e-11
3.93091e-11
4.32514e-11
4.74655e-11
5.19402e-11
5.6653e-11
6.15658e-11
6.66214e-11
7.1739e-11
7.681e-11
8.16942e-11
8.62183e-11
9.01761e-11
9.33344e-11
9.54433e-11
9.62544e-11
9.55444e-11
9.31442e-11
8.89675e-11
8.30322e-11
7.54696e-11
6.65132e-11
5.64687e-11
4.56688e-11
3.44238e-11
2.29782e-11
1.14843e-11
-5.6521e-33
6.21355e-16
4.20046e-13
8.19576e-13
1.20007e-12
1.56242e-12
1.90749e-12
2.2361e-12
2.54903e-12
2.84703e-12
3.13082e-12
3.40106e-12
3.6584e-12
3.90345e-12
4.13681e-12
4.35903e-12
4.57064e-12
4.77215e-12
4.96405e-12
5.14678e-12
5.32079e-12
5.48649e-12
5.64429e-12
5.79455e-12
5.93765e-12
6.07391e-12
6.20367e-12
6.32724e-12
6.44492e-12
6.55698e-12
6.66369e-12
6.76532e-12
6.86209e-12
7.92731e-12
9.09769e-12
1.03832e-11
1.17947e-11
1.33438e-11
1.50429e-11
1.69052e-11
1.89448e-11
2.11761e-11
2.36141e-11
2.62738e-11
2.91697e-11
3.23155e-11
3.57229e-11
3.94009e-11
4.33537e-11
4.75792e-11
5.20667e-11
5.67936e-11
6.1722e-11
6.67949e-11
7.19316e-11
7.70233e-11
8.193e-11
8.6478e-11
9.04608e-11
9.36443e-11
9.57775e-11
9.66104e-11
9.59178e-11
9.35285e-11
8.93536e-11
8.34094e-11
7.5826e-11
6.68369e-11
5.67493e-11
4.58984e-11
3.45975e-11
2.30939e-11
1.15419e-11
5.74028e-34
6.47085e-16
4.37442e-13
8.53519e-13
1.24977e-12
1.62712e-12
1.98649e-12
2.32871e-12
2.65461e-12
2.96495e-12
3.26049e-12
3.54193e-12
3.80993e-12
4.06514e-12
4.30817e-12
4.53959e-12
4.75997e-12
4.96984e-12
5.16968e-12
5.35999e-12
5.54121e-12
5.71378e-12
5.87812e-12
6.03461e-12
6.18364e-12
6.32555e-12
6.46069e-12
6.58939e-12
6.71194e-12
6.82865e-12
6.93979e-12
7.04563e-12
7.14642e-12
8.25582e-12
9.47477e-12
1.08137e-11
1.22838e-11
1.38974e-11
1.56672e-11
1.76073e-11
1.97321e-11
2.2057e-11
2.45974e-11
2.73692e-11
3.03878e-11
3.36677e-11
3.72213e-11
4.10582e-11
4.51836e-11
4.95959e-11
5.42847e-11
5.92276e-11
6.43862e-11
6.97025e-11
7.5094e-11
8.04492e-11
8.56233e-11
9.04367e-11
9.46742e-11
9.8091e-11
1.00422e-10
1.01402e-10
1.00787e-10
9.83887e-11
9.41013e-11
8.79304e-11
8.00032e-11
7.0561e-11
5.99291e-11
4.84695e-11
3.65254e-11
2.43704e-11
1.2175e-11
2.01618e-33
6.96406e-16
4.70781e-13
9.18568e-13
1.34501e-12
1.75113e-12
2.13788e-12
2.50618e-12
2.85691e-12
3.19091e-12
3.50897e-12
3.81185e-12
4.10027e-12
4.37492e-12
4.63647e-12
4.88553e-12
5.1227e-12
5.34855e-12
5.56361e-12
5.76842e-12
5.96344e-12
6.14916e-12
6.32601e-12
6.49443e-12
6.6548e-12
6.80752e-12
6.95296e-12
7.09145e-12
7.22334e-12
7.34893e-12
7.46854e-12
7.58243e-12
7.6909e-12
8.88476e-12
1.01965e-11
1.16372e-11
1.32192e-11
1.49553e-11
1.68595e-11
1.89466e-11
2.12323e-11
2.37329e-11
2.6465e-11
2.94453e-11
3.26903e-11
3.62152e-11
4.00329e-11
4.41535e-11
4.85815e-11
5.33145e-11
5.83404e-11
6.36334e-11
6.91512e-11
7.48294e-11
8.05774e-11
8.62734e-11
9.17601e-11
9.6843e-11
1.01291e-10
1.04842e-10
1.07215e-10
1.0813e-10
1.07335e-10
1.04636e-10
9.99328e-11
9.3242e-11
8.47093e-11
7.45997e-11
6.32652e-11
5.10939e-11
3.84514e-11
2.56259e-11
1.27917e-11
2.00687e-33
7.62582e-16
5.15509e-13
1.00584e-12
1.4728e-12
1.9175e-12
2.34099e-12
2.74428e-12
3.12832e-12
3.49404e-12
3.84231e-12
4.17395e-12
4.48977e-12
4.7905e-12
5.07688e-12
5.34959e-12
5.60927e-12
5.85656e-12
6.09204e-12
6.31629e-12
6.52982e-12
6.73317e-12
6.9268e-12
7.1112e-12
7.28679e-12
7.454e-12
7.61323e-12
7.76487e-12
7.90927e-12
8.04677e-12
8.17772e-12
8.30242e-12
8.42117e-12
9.72823e-12
1.11642e-11
1.27414e-11
1.44729e-11
1.6373e-11
1.84568e-11
2.07403e-11
2.32406e-11
2.59751e-11
2.89618e-11
3.22185e-11
3.57627e-11
3.96101e-11
4.3774e-11
4.8264e-11
5.30834e-11
5.82275e-11
6.36802e-11
6.94104e-11
7.53678e-11
8.14778e-11
8.76366e-11
9.37063e-11
9.95109e-11
1.04835e-10
1.09427e-10
1.13003e-10
1.15266e-10
1.15927e-10
1.14733e-10
1.11501e-10
1.06151e-10
9.87314e-11
8.94217e-11
7.85222e-11
6.64153e-11
5.35119e-11
4.01906e-11
2.67428e-11
1.33351e-11
1.15583e-33
7.76204e-16
5.24716e-13
1.0238e-12
1.4991e-12
1.95174e-12
2.38279e-12
2.79328e-12
3.18419e-12
3.55644e-12
3.91092e-12
4.24848e-12
4.56993e-12
4.87604e-12
5.16753e-12
5.4451e-12
5.70942e-12
5.96112e-12
6.20081e-12
6.42905e-12
6.64639e-12
6.85336e-12
7.05045e-12
7.23814e-12
7.41686e-12
7.58706e-12
7.74913e-12
7.90347e-12
8.05044e-12
8.1904e-12
8.32368e-12
8.4506e-12
8.57147e-12
9.90182e-12
1.13634e-11
1.29686e-11
1.47309e-11
1.66647e-11
1.87853e-11
2.11092e-11
2.36535e-11
2.6436e-11
2.94749e-11
3.27883e-11
3.63937e-11
4.03069e-11
4.45415e-11
4.91065e-11
5.40053e-11
5.92324e-11
6.47708e-11
7.05884e-11
7.66328e-11
8.28272e-11
8.90651e-11
9.5205e-11
1.01067e-10
1.06431e-10
1.11041e-10
1.14611e-10
1.16839e-10
1.17436e-10
1.16148e-10
1.12797e-10
1.07309e-10
9.97383e-11
9.02726e-11
7.92195e-11
6.6967e-11
5.39298e-11
4.04878e-11
2.6932e-11
1.34267e-11
1.1566e-33
8.43899e-16
5.70468e-13
1.11307e-12
1.62981e-12
2.12192e-12
2.59055e-12
3.03682e-12
3.4618e-12
3.8665e-12
4.25188e-12
4.61886e-12
4.96832e-12
5.3011e-12
5.61799e-12
5.91974e-12
6.20709e-12
6.48071e-12
6.74128e-12
6.9894e-12
7.22567e-12
7.45066e-12
7.66491e-12
7.86893e-12
8.06322e-12
8.24823e-12
8.42441e-12
8.59218e-12
8.75194e-12
8.90408e-12
9.04896e-12
9.18693e-12
9.31831e-12
1.07644e-11
1.23529e-11
1.40975e-11
1.60126e-11
1.81137e-11
2.04175e-11
2.29416e-11
2.57044e-11
2.87249e-11
3.20224e-11
3.5616e-11
3.9524e-11
4.37627e-11
4.83453e-11
5.32801e-11
5.85685e-11
6.4202e-11
7.01588e-11
7.63998e-11
8.28635e-11
8.94613e-11
9.60715e-11
1.02535e-10
1.08652e-10
1.14181e-10
1.18844e-10
1.22337e-10
1.24347e-10
1.2458e-10
1.22792e-10
1.18823e-10
1.12632e-10
1.0431e-10
9.40861e-11
8.23032e-11
6.93754e-11
5.5732e-11
4.17564e-11
2.77331e-11
1.38122e-11
2.12857e-33
9.41343e-16
6.36323e-13
1.24156e-12
1.81796e-12
2.36686e-12
2.88958e-12
3.38737e-12
3.86139e-12
4.31279e-12
4.74264e-12
5.15196e-12
5.54174e-12
5.9129e-12
6.26634e-12
6.60289e-12
6.92338e-12
7.22855e-12
7.51916e-12
7.79588e-12
8.05939e-12
8.31032e-12
8.54926e-12
8.7768e-12
8.99347e-12
9.19979e-12
9.39627e-12
9.58337e-12
9.76154e-12
9.9312e-12
1.00928e-11
1.02466e-11
1.03931e-11
1.20056e-11
1.37769e-11
1.57219e-11
1.78566e-11
2.01982e-11
2.27652e-11
2.55767e-11
2.86529e-11
3.20146e-11
3.56825e-11
3.96771e-11
4.40173e-11
4.87198e-11
5.37972e-11
5.92561e-11
6.50946e-11
7.12989e-11
7.78395e-11
8.46664e-11
9.17037e-11
9.88443e-11
1.05944e-10
1.12817e-10
1.19234e-10
1.24924e-10
1.29579e-10
1.32872e-10
1.34478e-10
1.34104e-10
1.31524e-10
1.26618e-10
1.19394e-10
1.10006e-10
9.87386e-11
8.59839e-11
7.21879e-11
5.77933e-11
4.31808e-11
2.86195e-11
1.42345e-11
2.20847e-33
1.05322e-15
7.11931e-13
1.38909e-12
2.03396e-12
2.64808e-12
3.2329e-12
3.78981e-12
4.32014e-12
4.82516e-12
5.30605e-12
5.76398e-12
6.20004e-12
6.61527e-12
7.01066e-12
7.38717e-12
7.74569e-12
8.08708e-12
8.41217e-12
8.72173e-12
9.0165e-12
9.29719e-12
9.56447e-12
9.81899e-12
1.00614e-11
1.02922e-11
1.05119e-11
1.07212e-11
1.09205e-11
1.11103e-11
1.1291e-11
1.14631e-11
1.1627e-11
1.34305e-11
1.54113e-11
1.75861e-11
1.99727e-11
2.25901e-11
2.54585e-11
2.85992e-11
3.20341e-11
3.57859e-11
3.98769e-11
4.43287e-11
4.91611e-11
5.43907e-11
6.00291e-11
6.60802e-11
7.25377e-11
7.9381e-11
8.65706e-11
9.40429e-11
1.01704e-10
1.09425e-10
1.17035e-10
1.24316e-10
1.31005e-10
1.36796e-10
1.41353e-10
1.44325e-10
1.45378e-10
1.44229e-10
1.40684e-10
1.34671e-10
1.26264e-10
1.15685e-10
1.03287e-10
8.95077e-11
7.48242e-11
5.96864e-11
4.44651e-11
2.94066e-11
1.46058e-11
2.05884e-33
1.17811e-15
7.96327e-13
1.55375e-12
2.27507e-12
2.96198e-12
3.61612e-12
4.23904e-12
4.83221e-12
5.39707e-12
5.93494e-12
6.44712e-12
6.93483e-12
7.39924e-12
7.84146e-12
8.26255e-12
8.66352e-12
9.04534e-12
9.4089e-12
9.7551e-12
1.00848e-11
1.03987e-11
1.06976e-11
1.09822e-11
1.12533e-11
1.15113e-11
1.17571e-11
1.19911e-11
1.2214e-11
1.24262e-11
1.26283e-11
1.28207e-11
1.3004e-11
1.50206e-11
1.72352e-11
1.96664e-11
2.23337e-11
2.52584e-11
2.84627e-11
3.19698e-11
3.5804e-11
3.99894e-11
4.45502e-11
4.95092e-11
5.48867e-11
6.06988e-11
6.69554e-11
7.36572e-11
8.07921e-11
8.83308e-11
9.6222e-11
1.04386e-10
1.12707e-10
1.21031e-10
1.29154e-10
1.36825e-10
1.43743e-10
1.49565e-10
1.53925e-10
1.56451e-10
1.56808e-10
1.5473e-10
1.50066e-10
1.42806e-10
1.33098e-10
1.21244e-10
1.07659e-10
9.28338e-11
7.72662e-11
6.14082e-11
4.56136e-11
3.01006e-11
1.49299e-11
1.91213e-33
1.31474e-15
8.88651e-13
1.73389e-12
2.53883e-12
3.30537e-12
4.03533e-12
4.73044e-12
5.39237e-12
6.02267e-12
6.62287e-12
7.19439e-12
7.7386e-12
8.2568e-12
8.75024e-12
9.2201e-12
9.6675e-12
1.00935e-11
1.04992e-11
1.08854e-11
1.12532e-11
1.16035e-11
1.1937e-11
1.22545e-11
1.25569e-11
1.28449e-11
1.31191e-11
1.33802e-11
1.36288e-11
1.38655e-11
1.4091e-11
1.43057e-11
1.45101e-11
1.67597e-11
1.92299e-11
2.19412e-11
2.49154e-11
2.81757e-11
3.17466e-11
3.56537e-11
3.99231e-11
4.4581e-11
4.96532e-11
5.51635e-11
6.11324e-11
6.75754e-11
7.44998e-11
8.19021e-11
8.97632e-11
9.80437e-11
1.06678e-10
1.15566e-10
1.24571e-10
1.33506e-10
1.42133e-10
1.50163e-10
1.57255e-10
1.63028e-10
1.67085e-10
1.69041e-10
1.68564e-10
1.65417e-10
1.59501e-10
1.50881e-10
1.39787e-10
1.26601e-10
1.11807e-10
9.59368e-11
7.9506e-11
6.2961e-11
4.66332e-11
3.07086e-11
1.52112e-11
1.77014e-33
1.46185e-15
9.88055e-13
1.92784e-12
2.82281e-12
3.67509e-12
4.48668e-12
5.25953e-12
5.99547e-12
6.69625e-12
7.36354e-12
7.99895e-12
8.60399e-12
9.1801e-12
9.72867e-12
1.0251e-11
1.07484e-11
1.1222e-11
1.1673e-11
1.21024e-11
1.25112e-11
1.29006e-11
1.32713e-11
1.36243e-11
1.39605e-11
1.42805e-11
1.45853e-11
1.48756e-11
1.51519e-11
1.54151e-11
1.56657e-11
1.59043e-11
1.61315e-11
1.86318e-11
2.1377e-11
2.43896e-11
2.76938e-11
3.13149e-11
3.52798e-11
3.96164e-11
4.43529e-11
4.95176e-11
5.51376e-11
6.12376e-11
6.78383e-11
7.49537e-11
8.25882e-11
9.07328e-11
9.93602e-11
1.08419e-10
1.17827e-10
1.27463e-10
1.37162e-10
1.46705e-10
1.55816e-10
1.64163e-10
1.71364e-10
1.77001e-10
1.80648e-10
1.81911e-10
1.80471e-10
1.7613e-10
1.68852e-10
1.58785e-10
1.46248e-10
1.31704e-10
1.157e-10
9.8804e-11
8.15433e-11
6.43516e-11
4.7533e-11
3.12384e-11
1.54541e-11
1.63414e-33
1.61816e-15
1.09367e-12
2.1339e-12
3.12453e-12
4.0679e-12
4.96623e-12
5.82166e-12
6.63623e-12
7.41188e-12
8.15046e-12
8.85373e-12
9.52339e-12
1.0161e-11
1.07682e-11
1.13463e-11
1.18968e-11
1.24209e-11
1.292e-11
1.33952e-11
1.38477e-11
1.42786e-11
1.46888e-11
1.50795e-11
1.54515e-11
1.58057e-11
1.6143e-11
1.64641e-11
1.677e-11
1.70612e-11
1.73385e-11
1.76025e-11
1.7854e-11
2.06205e-11
2.36576e-11
2.69902e-11
3.06444e-11
3.46483e-11
3.90311e-11
4.38228e-11
4.90541e-11
5.4755e-11
6.09541e-11
6.76768e-11
7.49433e-11
8.27659e-11
9.11454e-11
1.00066e-10
1.09491e-10
1.19356e-10
1.29559e-10
1.39956e-10
1.50351e-10
1.60488e-10
1.70052e-10
1.78666e-10
1.85905e-10
1.91315e-10
1.94446e-10
1.949e-10
1.9238e-10
1.86737e-10
1.78009e-10
1.66433e-10
1.52421e-10
1.36515e-10
1.19319e-10
1.01432e-10
8.33839e-11
6.55897e-11
4.83229e-11
3.16979e-11
1.56629e-11
1.505e-33
1.78231e-15
1.20458e-12
2.3503e-12
3.44138e-12
4.48039e-12
5.46981e-12
6.41196e-12
7.3091e-12
8.16337e-12
8.9768e-12
9.75133e-12
1.04888e-11
1.11911e-11
1.18597e-11
1.24964e-11
1.31026e-11
1.36798e-11
1.42294e-11
1.47527e-11
1.5251e-11
1.57255e-11
1.61773e-11
1.66075e-11
1.70171e-11
1.74071e-11
1.77785e-11
1.81322e-11
1.84689e-11
1.87895e-11
1.90949e-11
1.93856e-11
1.96625e-11
2.27084e-11
2.6052e-11
2.97201e-11
3.37416e-11
3.81469e-11
4.29676e-11
4.82361e-11
5.39853e-11
6.02471e-11
6.70513e-11
7.44238e-11
8.23841e-11
9.09421e-11
1.00094e-10
1.09817e-10
1.20064e-10
1.30753e-10
1.41764e-10
1.52925e-10
1.64007e-10
1.74717e-10
1.84696e-10
1.93521e-10
2.00723e-10
2.05815e-10
2.08328e-10
2.07866e-10
2.04163e-10
1.97129e-10
1.86886e-10
1.73763e-10
1.58267e-10
1.41014e-10
1.2266e-10
1.03826e-10
8.50374e-11
6.66867e-11
4.90136e-11
3.2095e-11
1.58418e-11
1.38326e-33
1.95289e-15
1.31982e-12
2.57515e-12
3.77061e-12
4.90902e-12
5.99307e-12
7.02533e-12
8.00827e-12
8.94422e-12
9.83542e-12
1.0684e-11
1.1492e-11
1.22613e-11
1.29939e-11
1.36914e-11
1.43555e-11
1.49878e-11
1.55899e-11
1.61632e-11
1.67091e-11
1.72289e-11
1.77238e-11
1.8195e-11
1.86437e-11
1.9071e-11
1.94778e-11
1.98652e-11
2.0234e-11
2.05853e-11
2.09197e-11
2.12382e-11
2.15414e-11
2.48776e-11
2.85393e-11
3.25559e-11
3.69586e-11
4.17803e-11
4.70551e-11
5.2818e-11
5.91038e-11
6.59461e-11
7.33761e-11
8.14196e-11
9.00953e-11
9.94101e-11
1.09355e-10
1.19899e-10
1.30982e-10
1.42506e-10
1.54329e-10
1.66249e-10
1.78004e-10
1.89258e-10
1.99607e-10
2.08583e-10
2.15674e-10
2.20361e-10
2.2216e-10
2.20686e-10
2.15713e-10
2.07219e-10
1.95416e-10
1.8073e-10
1.63759e-10
1.45191e-10
1.25725e-10
1.05995e-10
8.65162e-11
6.76549e-11
4.96154e-11
3.24369e-11
1.59946e-11
1.26919e-33
2.12843e-15
1.43841e-12
2.80654e-12
4.10941e-12
5.35009e-12
6.53153e-12
7.65652e-12
8.72774e-12
9.74774e-12
1.0719e-11
1.16437e-11
1.25243e-11
1.33627e-11
1.41609e-11
1.4921e-11
1.56447e-11
1.63338e-11
1.69899e-11
1.76146e-11
1.82094e-11
1.87758e-11
1.93151e-11
1.98286e-11
2.03175e-11
2.0783e-11
2.12263e-11
2.16484e-11
2.20503e-11
2.24329e-11
2.27973e-11
2.31443e-11
2.34747e-11
2.71094e-11
3.10983e-11
3.54731e-11
4.02677e-11
4.55173e-11
5.12587e-11
5.75291e-11
6.43654e-11
7.18029e-11
7.98737e-11
8.86038e-11
9.80102e-11
1.08096e-10
1.18848e-10
1.30223e-10
1.42151e-10
1.54513e-10
1.67144e-10
1.79812e-10
1.92216e-10
2.0398e-10
2.14652e-10
2.23718e-10
2.30625e-10
2.34824e-10
2.35823e-10
2.33255e-10
2.26942e-10
2.16939e-10
2.03551e-10
1.87306e-10
1.68887e-10
1.49048e-10
1.28522e-10
1.07951e-10
8.78338e-11
6.8507e-11
5.01385e-11
3.27307e-11
1.61246e-11
1.16282e-33
2.30745e-15
1.55936e-12
3.04251e-12
4.45491e-12
5.7999e-12
7.08064e-12
8.30019e-12
9.46144e-12
1.05672e-11
1.162e-11
1.26224e-11
1.35769e-11
1.44857e-11
1.53511e-11
1.61749e-11
1.69594e-11
1.77063e-11
1.84175e-11
1.90946e-11
1.97394e-11
2.03532e-11
2.09377e-11
2.14943e-11
2.20242e-11
2.25287e-11
2.30092e-11
2.34666e-11
2.39022e-11
2.4317e-11
2.47119e-11
2.50879e-11
2.5446e-11
2.9385e-11
3.37073e-11
3.84472e-11
4.3641e-11
4.93264e-11
5.55427e-11
6.23295e-11
6.97256e-11
7.77681e-11
8.64895e-11
9.59157e-11
1.06062e-10
1.16928e-10
1.28492e-10
1.40703e-10
1.53475e-10
1.66672e-10
1.80101e-10
1.93498e-10
2.06525e-10
2.18761e-10
2.29707e-10
2.38802e-10
2.45455e-10
2.4909e-10
2.49214e-10
2.45485e-10
2.37779e-10
2.26237e-10
2.1126e-10
1.93475e-10
1.73648e-10
1.52591e-10
1.31065e-10
1.0971e-10
8.90047e-11
6.9255e-11
5.0592e-11
3.29826e-11
1.62352e-11
1.06405e-33
2.48849e-15
1.68165e-12
3.28112e-12
4.80429e-12
6.25475e-12
7.63591e-12
8.95107e-12
1.02034e-11
1.13957e-11
1.25311e-11
1.36121e-11
1.46414e-11
1.56214e-11
1.65545e-11
1.74429e-11
1.82888e-11
1.90942e-11
1.9861e-11
2.05911e-11
2.12863e-11
2.19482e-11
2.25784e-11
2.31785e-11
2.37499e-11
2.42939e-11
2.48119e-11
2.53051e-11
2.57747e-11
2.62219e-11
2.66477e-11
2.70531e-11
2.74392e-11
3.16857e-11
3.6345e-11
4.14538e-11
4.70508e-11
5.31764e-11
5.98722e-11
6.718e-11
7.51408e-11
8.37927e-11
9.31693e-11
1.03296e-10
1.14185e-10
1.25832e-10
1.38209e-10
1.51254e-10
1.64865e-10
1.78885e-10
1.93095e-10
2.07199e-10
2.20817e-10
2.33485e-10
2.44655e-10
2.53722e-10
2.60057e-10
2.63062e-10
2.62248e-10
2.57304e-10
2.48172e-10
2.35078e-10
2.18524e-10
1.99233e-10
1.78049e-10
1.55834e-10
1.33368e-10
1.11286e-10
9.00428e-11
6.99105e-11
5.09848e-11
3.31983e-11
1.63291e-11
9.72659e-34
2.67011e-15
1.80434e-12
3.52051e-12
5.1548e-12
6.71106e-12
8.19297e-12
9.60405e-12
1.09477e-11
1.2227e-11
1.34451e-11
1.46049e-11
1.57092e-11
1.67606e-11
1.77617e-11
1.87148e-11
1.96223e-11
2.04864e-11
2.13091e-11
2.20923e-11
2.28381e-11
2.35482e-11
2.42243e-11
2.4868e-11
2.5481e-11
2.60646e-11
2.66202e-11
2.71493e-11
2.76531e-11
2.81328e-11
2.85895e-11
2.90244e-11
2.94386e-11
3.39935e-11
3.89907e-11
4.44693e-11
5.04704e-11
5.70371e-11
6.42131e-11
7.20426e-11
8.05684e-11
8.98299e-11
9.9861e-11
1.10686e-10
1.22315e-10
1.3474e-10
1.47924e-10
1.61794e-10
1.76232e-10
1.9106e-10
2.0603e-10
2.20813e-10
2.34988e-10
2.48046e-10
2.59393e-10
2.68377e-10
2.74336e-10
2.76655e-10
2.74853e-10
2.68659e-10
2.58081e-10
2.43438e-10
2.25334e-10
2.04583e-10
1.82101e-10
1.58793e-10
1.3545e-10
1.12696e-10
9.09618e-11
7.04844e-11
5.13247e-11
3.33827e-11
1.64086e-11
8.88336e-34
2.85098e-15
1.92652e-12
3.75889e-12
5.50383e-12
7.16545e-12
8.74768e-12
1.02543e-11
1.16888e-11
1.30547e-11
1.43552e-11
1.55935e-11
1.67725e-11
1.7895e-11
1.89638e-11
1.99814e-11
2.09502e-11
2.18727e-11
2.2751e-11
2.35872e-11
2.43833e-11
2.51414e-11
2.58631e-11
2.65503e-11
2.72046e-11
2.78276e-11
2.84208e-11
2.89856e-11
2.95234e-11
3.00354e-11
3.0523e-11
3.09872e-11
3.14293e-11
3.62913e-11
4.16248e-11
4.74713e-11
5.38746e-11
6.08799e-11
6.85334e-11
7.68815e-11
8.59685e-11
9.58351e-11
1.06515e-10
1.18033e-10
1.30395e-10
1.43588e-10
1.57567e-10
1.72248e-10
1.87495e-10
2.0311e-10
2.18815e-10
2.34247e-10
2.48944e-10
2.62351e-10
2.73827e-10
2.8268e-10
2.88213e-10
2.89801e-10
2.86974e-10
2.79506e-10
2.6748e-10
2.51307e-10
2.31691e-10
2.09535e-10
1.8582e-10
1.61484e-10
1.37326e-10
1.13956e-10
9.17745e-11
7.09864e-11
5.16185e-11
3.35404e-11
1.64759e-11
8.10724e-34
3.02984e-15
2.04734e-12
3.99461e-12
5.84897e-12
7.61478e-12
9.29621e-12
1.08972e-11
1.24217e-11
1.38732e-11
1.52552e-11
1.65711e-11
1.78239e-11
1.90168e-11
2.01525e-11
2.12338e-11
2.22633e-11
2.32435e-11
2.41767e-11
2.50653e-11
2.59112e-11
2.67167e-11
2.74836e-11
2.82138e-11
2.8909e-11
2.95709e-11
3.02012e-11
3.08013e-11
3.13727e-11
3.19167e-11
3.24347e-11
3.2928e-11
3.33977e-11
3.85631e-11
4.4229e-11
5.04392e-11
5.72398e-11
6.46784e-11
7.28035e-11
8.16634e-11
9.13041e-11
1.01767e-10
1.13087e-10
1.25286e-10
1.38369e-10
1.52316e-10
1.67074e-10
1.82547e-10
1.98583e-10
2.14958e-10
2.3137e-10
2.47418e-10
2.626e-10
2.76316e-10
2.87879e-10
2.96556e-10
3.01623e-10
3.02444e-10
2.98568e-10
2.89818e-10
2.76355e-10
2.58683e-10
2.37604e-10
2.14104e-10
1.89224e-10
1.63927e-10
1.39015e-10
1.1508e-10
9.24927e-11
7.14254e-11
5.18725e-11
3.36751e-11
1.65329e-11
7.39434e-34
3.20557e-15
2.16603e-12
4.22619e-12
6.18805e-12
8.05621e-12
9.83509e-12
1.15289e-11
1.31417e-11
1.46773e-11
1.61394e-11
1.75315e-11
1.88569e-11
2.01188e-11
2.13202e-11
2.24641e-11
2.35532e-11
2.45901e-11
2.55774e-11
2.65173e-11
2.74122e-11
2.82642e-11
2.90755e-11
2.98479e-11
3.05833e-11
3.12835e-11
3.19502e-11
3.25849e-11
3.31893e-11
3.37648e-11
3.43127e-11
3.48345e-11
3.53312e-11
4.07947e-11
4.6787e-11
5.33543e-11
6.05449e-11
6.84087e-11
7.69965e-11
8.63584e-11
9.65421e-11
1.0759e-10
1.19536e-10
1.32402e-10
1.46188e-10
1.60871e-10
1.76388e-10
1.9263e-10
2.09428e-10
2.26537e-10
2.43624e-10
2.60254e-10
2.75885e-10
2.8987e-10
3.01482e-10
3.09946e-10
3.14513e-10
3.14542e-10
3.09605e-10
2.99578e-10
2.84699e-10
2.6557e-10
2.43085e-10
2.18309e-10
1.92332e-10
1.66141e-10
1.40534e-10
1.16082e-10
9.31274e-11
7.18093e-11
5.20921e-11
3.37902e-11
1.65811e-11
6.7406e-34
3.37716e-15
2.28193e-12
4.45232e-12
6.51913e-12
8.48724e-12
1.03613e-11
1.21457e-11
1.38447e-11
1.54625e-11
1.70027e-11
1.84692e-11
1.98655e-11
2.11948e-11
2.24604e-11
2.36654e-11
2.48127e-11
2.5905e-11
2.69449e-11
2.79351e-11
2.88777e-11
2.97753e-11
3.06298e-11
3.14434e-11
3.2218e-11
3.29556e-11
3.36578e-11
3.43264e-11
3.4963e-11
3.55692e-11
3.61463e-11
3.66959e-11
3.72191e-11
4.29735e-11
4.92844e-11
5.62001e-11
6.37712e-11
7.20499e-11
8.1089e-11
9.09403e-11
1.01653e-10
1.1327e-10
1.25826e-10
1.3934e-10
1.53811e-10
1.69206e-10
1.85458e-10
2.02443e-10
2.19975e-10
2.37787e-10
2.55517e-10
2.72694e-10
2.88737e-10
3.02957e-10
3.14582e-10
3.22802e-10
3.26844e-10
3.26066e-10
3.20067e-10
3.08777e-10
2.92517e-10
2.7198e-10
2.48152e-10
2.22169e-10
1.95165e-10
1.68145e-10
1.41899e-10
1.16975e-10
9.36881e-11
7.21452e-11
5.22821e-11
3.38886e-11
1.66219e-11
6.14198e-34
3.54375e-15
2.39445e-12
4.67186e-12
6.84059e-12
8.90572e-12
1.08722e-11
1.27445e-11
1.45273e-11
1.62247e-11
1.78409e-11
1.93796e-11
2.08446e-11
2.22395e-11
2.35674e-11
2.48318e-11
2.60355e-11
2.71815e-11
2.82727e-11
2.93115e-11
3.03005e-11
3.12422e-11
3.21387e-11
3.29923e-11
3.38051e-11
3.45789e-11
3.53156e-11
3.60171e-11
3.6685e-11
3.73209e-11
3.79264e-11
3.85029e-11
3.90519e-11
4.50886e-11
5.17087e-11
5.89626e-11
6.69029e-11
7.5584e-11
8.50607e-11
9.53866e-11
1.06612e-10
1.18781e-10
1.31927e-10
1.46068e-10
1.61199e-10
1.77283e-10
1.94242e-10
2.11942e-10
2.30178e-10
2.4866e-10
2.66998e-10
2.84688e-10
3.01108e-10
3.15529e-10
3.27137e-10
3.35087e-10
3.38588e-10
3.36998e-10
3.29945e-10
3.17418e-10
2.99818e-10
2.7793e-10
2.52825e-10
2.25705e-10
1.97744e-10
1.69956e-10
1.43124e-10
1.17771e-10
9.41838e-11
7.24393e-11
5.24466e-11
3.39728e-11
1.66564e-11
4.4002e-34
3.63143e-15
2.45367e-12
4.7874e-12
7.00976e-12
9.12596e-12
1.1141e-11
1.30597e-11
1.48865e-11
1.66259e-11
1.8282e-11
1.98588e-11
2.136e-11
2.27892e-11
2.415e-11
2.54456e-11
2.6679e-11
2.78533e-11
2.89714e-11
3.00359e-11
3.10493e-11
3.20142e-11
3.29329e-11
3.38075e-11
3.46403e-11
3.54331e-11
3.6188e-11
3.69068e-11
3.75912e-11
3.82428e-11
3.88632e-11
3.94539e-11
4.00164e-11
4.62017e-11
5.29845e-11
6.04162e-11
6.85508e-11
7.74436e-11
8.71504e-11
9.77257e-11
1.09221e-10
1.21679e-10
1.35135e-10
1.49605e-10
1.65083e-10
1.81528e-10
1.98858e-10
2.1693e-10
2.35532e-10
2.54363e-10
2.73015e-10
2.90968e-10
3.07579e-10
3.22095e-10
3.33682e-10
3.41479e-10
3.44682e-10
3.42654e-10
3.35038e-10
3.21856e-10
3.03552e-10
2.80959e-10
2.55193e-10
2.27488e-10
1.99038e-10
1.70861e-10
1.43733e-10
1.18165e-10
9.44273e-11
7.25827e-11
5.25261e-11
3.40131e-11
1.66728e-11
-8.70202e-34
3.69848e-15
2.49895e-12
4.87576e-12
7.13913e-12
9.29438e-12
1.13466e-11
1.33007e-11
1.51612e-11
1.69327e-11
1.86193e-11
2.02252e-11
2.1754e-11
2.32097e-11
2.45955e-11
2.59149e-11
2.71711e-11
2.83671e-11
2.95057e-11
3.05898e-11
3.16219e-11
3.26045e-11
3.35401e-11
3.44308e-11
3.52789e-11
3.60864e-11
3.68552e-11
3.75872e-11
3.82841e-11
3.89477e-11
3.95795e-11
4.01811e-11
4.07539e-11
4.70528e-11
5.396e-11
6.15277e-11
6.98107e-11
7.88653e-11
8.8748e-11
9.9514e-11
1.11215e-10
1.23895e-10
1.37588e-10
1.52309e-10
1.68051e-10
1.84772e-10
2.02383e-10
2.2074e-10
2.39621e-10
2.58716e-10
2.77607e-10
2.95757e-10
3.12511e-10
3.27096e-10
3.38663e-10
3.46337e-10
3.49308e-10
3.4694e-10
3.3889e-10
3.25204e-10
3.06361e-10
2.83231e-10
2.56962e-10
2.28816e-10
1.99997e-10
1.71528e-10
1.44178e-10
1.1845e-10
9.46016e-11
7.26838e-11
5.25811e-11
3.40403e-11
1.66836e-11
-3.0838e-33
3.8018e-15
2.56873e-12
5.01191e-12
7.33847e-12
9.5539e-12
1.16634e-11
1.3672e-11
1.55845e-11
1.74054e-11
1.91391e-11
2.07897e-11
2.23613e-11
2.38575e-11
2.5282e-11
2.66382e-11
2.79294e-11
2.91586e-11
3.0329e-11
3.14433e-11
3.25041e-11
3.35142e-11
3.44758e-11
3.53913e-11
3.6263e-11
3.7093e-11
3.78832e-11
3.86355e-11
3.93518e-11
4.00339e-11
4.06833e-11
4.13016e-11
4.18903e-11
4.83643e-11
5.54631e-11
6.32403e-11
7.17521e-11
8.10559e-11
9.12095e-11
1.02269e-10
1.14287e-10
1.27308e-10
1.41365e-10
1.56473e-10
1.72622e-10
1.89766e-10
2.07811e-10
2.26603e-10
2.45912e-10
2.65411e-10
2.84664e-10
3.03115e-10
3.2008e-10
3.34764e-10
3.4629e-10
3.53765e-10
3.56367e-10
3.53464e-10
3.44735e-10
3.30265e-10
3.10586e-10
2.86626e-10
2.59584e-10
2.30761e-10
2.01382e-10
1.72472e-10
1.44793e-10
1.1883e-10
9.48224e-11
7.2803e-11
5.26397e-11
3.40656e-11
1.66923e-11
-3.9452e-33
3.85659e-15
2.60574e-12
5.08411e-12
7.44418e-12
9.69152e-12
1.18314e-11
1.3869e-11
1.5809e-11
1.76561e-11
1.94147e-11
2.10891e-11
2.26833e-11
2.4201e-11
2.5646e-11
2.70217e-11
2.83314e-11
2.95784e-11
3.07656e-11
3.18959e-11
3.2972e-11
3.39965e-11
3.4972e-11
3.59007e-11
3.67849e-11
3.76267e-11
3.84283e-11
3.91914e-11
3.9918e-11
4.06098e-11
4.12686e-11
4.18957e-11
4.24929e-11
4.90597e-11
5.626e-11
6.41483e-11
7.27813e-11
8.22172e-11
9.25143e-11
1.03729e-10
1.15915e-10
1.29116e-10
1.43366e-10
1.58679e-10
1.75042e-10
1.92408e-10
2.10682e-10
2.29703e-10
2.49235e-10
2.68943e-10
2.88384e-10
3.06987e-10
3.24056e-10
3.38783e-10
3.50276e-10
3.57632e-10
3.60024e-10
3.56822e-10
3.47719e-10
3.32822e-10
3.1269e-10
2.88284e-10
2.60832e-10
2.31655e-10
2.01987e-10
1.72856e-10
1.45016e-10
1.18944e-10
9.48689e-11
7.28117e-11
5.26314e-11
3.40538e-11
1.66846e-11
-3.58512e-33
3.87343e-15
2.61711e-12
5.10629e-12
7.47667e-12
9.73381e-12
1.1883e-11
1.39295e-11
1.58779e-11
1.77331e-11
1.94994e-11
2.11811e-11
2.27822e-11
2.43065e-11
2.57578e-11
2.71395e-11
2.8455e-11
2.97074e-11
3.08997e-11
3.20349e-11
3.31157e-11
3.41447e-11
3.51244e-11
3.60571e-11
3.69452e-11
3.77907e-11
3.85957e-11
3.93622e-11
4.00919e-11
4.07868e-11
4.14483e-11
4.20783e-11
4.2678e-11
4.92733e-11
5.65048e-11
6.44271e-11
7.30973e-11
8.25736e-11
9.29146e-11
1.04177e-10
1.16414e-10
1.2967e-10
1.43978e-10
1.59353e-10
1.75781e-10
1.93214e-10
2.11555e-10
2.30643e-10
2.50239e-10
2.70007e-10
2.89498e-10
3.0814e-10
3.25231e-10
3.39957e-10
3.51425e-10
3.58727e-10
3.61036e-10
3.57723e-10
3.48485e-10
3.3344e-10
3.13156e-10
2.88605e-10
2.61025e-10
2.31743e-10
2.01996e-10
1.72812e-10
1.44942e-10
1.18858e-10
9.4784e-11
7.27373e-11
5.25731e-11
3.40143e-11
1.66648e-11
-3.25563e-33
3.86131e-15
2.60892e-12
5.09031e-12
7.45327e-12
9.70335e-12
1.18459e-11
1.38859e-11
1.58283e-11
1.76776e-11
1.94384e-11
2.11148e-11
2.27109e-11
2.42305e-11
2.56772e-11
2.70546e-11
2.8366e-11
2.96144e-11
3.08031e-11
3.19347e-11
3.30121e-11
3.40379e-11
3.50145e-11
3.59443e-11
3.68296e-11
3.76725e-11
3.8475e-11
3.92391e-11
3.99665e-11
4.06592e-11
4.13187e-11
4.19467e-11
4.25446e-11
4.91192e-11
5.63281e-11
6.42258e-11
7.28689e-11
8.23158e-11
9.26247e-11
1.03852e-10
1.16051e-10
1.29267e-10
1.43531e-10
1.58858e-10
1.75236e-10
1.92617e-10
2.10904e-10
2.29936e-10
2.49476e-10
2.69188e-10
2.88626e-10
3.07219e-10
3.24269e-10
3.38965e-10
3.50415e-10
3.57714e-10
3.60036e-10
3.56756e-10
3.47568e-10
3.32588e-10
3.12381e-10
2.87914e-10
2.60421e-10
2.31224e-10
2.01558e-10
1.72448e-10
1.44646e-10
1.18623e-10
9.46017e-11
7.26017e-11
5.24781e-11
3.39545e-11
1.66361e-11
-2.95493e-33
3.82768e-15
2.58621e-12
5.046e-12
7.38838e-12
9.61888e-12
1.17427e-11
1.3765e-11
1.56905e-11
1.75238e-11
1.92692e-11
2.09311e-11
2.25133e-11
2.40196e-11
2.54538e-11
2.68192e-11
2.81191e-11
2.93567e-11
3.0535e-11
3.16569e-11
3.27249e-11
3.37418e-11
3.47099e-11
3.56316e-11
3.65092e-11
3.73448e-11
3.81403e-11
3.88977e-11
3.96189e-11
4.03056e-11
4.09593e-11
4.15818e-11
4.21745e-11
4.86922e-11
5.58386e-11
6.36679e-11
7.22364e-11
8.16019e-11
9.18223e-11
1.02954e-10
1.15049e-10
1.28153e-10
1.42297e-10
1.57497e-10
1.7374e-10
1.9098e-10
2.09121e-10
2.28006e-10
2.474e-10
2.66972e-10
2.8628e-10
3.04761e-10
3.21723e-10
3.36364e-10
3.47801e-10
3.55135e-10
3.57545e-10
3.54404e-10
3.45404e-10
3.30647e-10
3.10688e-10
2.86475e-10
2.59228e-10
2.30257e-10
2.00791e-10
1.7185e-10
1.44188e-10
1.18278e-10
9.4349e-11
7.24221e-11
5.23568e-11
3.38804e-11
1.66012e-11
-2.68103e-33
3.77861e-15
2.55307e-12
4.98133e-12
7.2937e-12
9.49562e-12
1.15923e-11
1.35886e-11
1.54894e-11
1.72992e-11
1.90223e-11
2.06629e-11
2.22248e-11
2.37119e-11
2.51277e-11
2.64756e-11
2.77589e-11
2.89807e-11
3.0144e-11
3.12514e-11
3.23058e-11
3.33097e-11
3.42654e-11
3.51754e-11
3.60417e-11
3.68666e-11
3.7652e-11
3.83997e-11
3.91117e-11
3.97896e-11
4.0435e-11
4.10495e-11
4.16347e-11
4.80691e-11
5.51244e-11
6.28541e-11
7.13138e-11
8.05606e-11
9.06519e-11
1.01644e-10
1.13587e-10
1.26528e-10
1.40498e-10
1.55512e-10
1.7156e-10
1.88595e-10
2.06526e-10
2.25198e-10
2.44381e-10
2.63751e-10
2.82875e-10
3.01197e-10
3.18039e-10
3.32609e-10
3.44037e-10
3.51433e-10
3.53982e-10
3.51057e-10
3.42342e-10
3.27925e-10
3.08336e-10
2.845e-10
2.57614e-10
2.28971e-10
1.99788e-10
1.71085e-10
1.43615e-10
1.17858e-10
9.40471e-11
7.2212e-11
5.22177e-11
3.37966e-11
1.65621e-11
-2.43191e-33
3.71895e-15
2.51277e-12
4.90271e-12
7.17858e-12
9.34575e-12
1.14093e-11
1.33742e-11
1.5245e-11
1.70262e-11
1.87222e-11
2.03368e-11
2.18742e-11
2.33378e-11
2.47313e-11
2.60579e-11
2.7321e-11
2.85236e-11
2.96684e-11
3.07585e-11
3.17962e-11
3.27843e-11
3.3725e-11
3.46206e-11
3.54733e-11
3.62852e-11
3.70582e-11
3.77942e-11
3.8495e-11
3.91622e-11
3.97975e-11
4.04023e-11
4.09783e-11
4.73115e-11
5.42561e-11
6.18646e-11
7.0192e-11
7.92946e-11
8.9229e-11
1.00051e-10
1.1181e-10
1.24553e-10
1.38311e-10
1.531e-10
1.6891e-10
1.85698e-10
2.03374e-10
2.21788e-10
2.40716e-10
2.59842e-10
2.78742e-10
2.96874e-10
3.13572e-10
3.2806e-10
3.39481e-10
3.46957e-10
3.49682e-10
3.47026e-10
3.38665e-10
3.24665e-10
3.0553e-10
2.82156e-10
2.55711e-10
2.27465e-10
1.98626e-10
1.70206e-10
1.42964e-10
1.17386e-10
9.37128e-11
7.19822e-11
5.2067e-11
3.37066e-11
1.65204e-11
-2.2056e-33
3.65251e-15
2.46789e-12
4.81514e-12
7.05038e-12
9.17884e-12
1.12056e-11
1.31353e-11
1.49727e-11
1.67222e-11
1.83879e-11
1.99737e-11
2.14836e-11
2.29211e-11
2.42897e-11
2.55927e-11
2.68333e-11
2.80144e-11
2.91389e-11
3.02095e-11
3.12288e-11
3.21992e-11
3.31231e-11
3.40028e-11
3.48403e-11
3.56378e-11
3.6397e-11
3.71199e-11
3.78081e-11
3.84635e-11
3.90874e-11
3.96815e-11
4.02472e-11
4.64679e-11
5.32891e-11
6.07627e-11
6.89428e-11
7.78847e-11
8.76445e-11
9.82765e-11
1.09832e-10
1.22354e-10
1.35876e-10
1.50414e-10
1.6596e-10
1.82472e-10
1.99864e-10
2.17991e-10
2.36636e-10
2.55491e-10
2.74143e-10
2.92064e-10
3.08604e-10
3.23002e-10
3.34417e-10
3.41986e-10
3.44908e-10
3.42555e-10
3.3459e-10
3.21058e-10
3.02433e-10
2.79575e-10
2.53622e-10
2.2582e-10
1.97361e-10
1.69257e-10
1.42266e-10
1.16883e-10
9.33592e-11
7.17409e-11
5.191e-11
3.36135e-11
1.64774e-11
-2.00018e-33
3.58223e-15
2.42042e-12
4.72254e-12
6.91478e-12
9.00231e-12
1.09901e-11
1.28827e-11
1.46848e-11
1.64006e-11
1.80343e-11
1.95897e-11
2.10705e-11
2.24804e-11
2.38228e-11
2.51008e-11
2.63175e-11
2.74759e-11
2.85788e-11
2.96288e-11
3.06286e-11
3.15804e-11
3.24866e-11
3.33494e-11
3.41709e-11
3.4953e-11
3.56977e-11
3.64067e-11
3.70818e-11
3.77245e-11
3.83365e-11
3.89192e-11
3.94741e-11
4.55756e-11
5.22664e-11
5.95973e-11
6.76215e-11
7.63936e-11
8.59687e-11
9.64004e-11
1.07739e-10
1.20028e-10
1.33301e-10
1.47574e-10
1.6284e-10
1.7906e-10
1.96152e-10
2.13976e-10
2.32321e-10
2.5089e-10
2.69281e-10
2.86979e-10
3.03352e-10
3.17655e-10
3.29065e-10
3.36732e-10
3.39864e-10
3.37834e-10
3.30289e-10
3.17255e-10
2.9917e-10
2.7686e-10
2.51428e-10
2.24096e-10
1.96041e-10
1.68269e-10
1.41542e-10
1.16365e-10
9.29964e-11
7.14947e-11
5.17506e-11
3.35192e-11
1.64341e-11
-8.12291e-34
3.50829e-15
2.37048e-12
4.6251e-12
6.77211e-12
8.81657e-12
1.07633e-11
1.26169e-11
1.43819e-11
1.60623e-11
1.76623e-11
1.91856e-11
2.06359e-11
2.20168e-11
2.33314e-11
2.45831e-11
2.57748e-11
2.69093e-11
2.79895e-11
2.90179e-11
2.99971e-11
3.09293e-11
3.18168e-11
3.26619e-11
3.34664e-11
3.42325e-11
3.49618e-11
3.56563e-11
3.63175e-11
3.6947e-11
3.75464e-11
3.81172e-11
3.86606e-11
4.46367e-11
5.11902e-11
5.8371e-11
6.62313e-11
7.48247e-11
8.42053e-11
9.44261e-11
1.05537e-10
1.17581e-10
1.30591e-10
1.44585e-10
1.59556e-10
1.75469e-10
1.92245e-10
2.09749e-10
2.27778e-10
2.46044e-10
2.64159e-10
2.81622e-10
2.97816e-10
3.12018e-10
3.2342e-10
3.31188e-10
3.34539e-10
3.32845e-10
3.25742e-10
3.1323e-10
2.95714e-10
2.73983e-10
2.49103e-10
2.22269e-10
1.94641e-10
1.67222e-10
1.40776e-10
1.15816e-10
9.26134e-11
7.12352e-11
5.15828e-11
3.34202e-11
1.63885e-11
2.90426e-34
3.42913e-15
2.31701e-12
4.52077e-12
6.61936e-12
8.61771e-12
1.05206e-11
1.23324e-11
1.40575e-11
1.57001e-11
1.7264e-11
1.8753e-11
2.01706e-11
2.15203e-11
2.28054e-11
2.40289e-11
2.51937e-11
2.63027e-11
2.73586e-11
2.83638e-11
2.93209e-11
3.02321e-11
3.10997e-11
3.19258e-11
3.27122e-11
3.3461e-11
3.4174e-11
3.48528e-11
3.54991e-11
3.61145e-11
3.67005e-11
3.72584e-11
3.77896e-11
4.36315e-11
5.0038e-11
5.7058e-11
6.47427e-11
7.31446e-11
8.2317e-11
9.2312e-11
1.03179e-10
1.1496e-10
1.27688e-10
1.41383e-10
1.56038e-10
1.71622e-10
1.88057e-10
2.05218e-10
2.22907e-10
2.40847e-10
2.58663e-10
2.7587e-10
2.9187e-10
3.05957e-10
3.17344e-10
3.25215e-10
3.28794e-10
3.27454e-10
3.20819e-10
3.08863e-10
2.91958e-10
2.70848e-10
2.46564e-10
2.20268e-10
1.93106e-10
1.66071e-10
1.39933e-10
1.15212e-10
9.21908e-11
7.09485e-11
5.13972e-11
3.33106e-11
1.63381e-11
3.18506e-34
3.34459e-15
2.25991e-12
4.40936e-12
6.45623e-12
8.40534e-12
1.02613e-11
1.20285e-11
1.37111e-11
1.53132e-11
1.68386e-11
1.82909e-11
1.96737e-11
2.09902e-11
2.22436e-11
2.34369e-11
2.45731e-11
2.56548e-11
2.66847e-11
2.76653e-11
2.85988e-11
2.94876e-11
3.03339e-11
3.11396e-11
3.19067e-11
3.26371e-11
3.33326e-11
3.39947e-11
3.46252e-11
3.52254e-11
3.5797e-11
3.63412e-11
3.68594e-11
4.25579e-11
4.88074e-11
5.56557e-11
6.31528e-11
7.13502e-11
8.03001e-11
9.00536e-11
1.00659e-10
1.12159e-10
1.24587e-10
1.37961e-10
1.52279e-10
1.67509e-10
1.83581e-10
2.00372e-10
2.17696e-10
2.35285e-10
2.52779e-10
2.69708e-10
2.85495e-10
2.99454e-10
3.1082e-10
3.18791e-10
3.22607e-10
3.21638e-10
3.15498e-10
3.04134e-10
2.87879e-10
2.67436e-10
2.43793e-10
2.1808e-10
1.91423e-10
1.64808e-10
1.39006e-10
1.14546e-10
9.17244e-11
7.06317e-11
5.1192e-11
3.31892e-11
1.62823e-11
3.49184e-34
3.25455e-15
2.1991e-12
4.2907e-12
6.2825e-12
8.17917e-12
9.98519e-12
1.17048e-11
1.33422e-11
1.49012e-11
1.63856e-11
1.77989e-11
1.91444e-11
2.04256e-11
2.16453e-11
2.28066e-11
2.39122e-11
2.49649e-11
2.59671e-11
2.69213e-11
2.78298e-11
2.86947e-11
2.95183e-11
3.03024e-11
3.10489e-11
3.17597e-11
3.24365e-11
3.30809e-11
3.36944e-11
3.42786e-11
3.48348e-11
3.53644e-11
3.58687e-11
4.14145e-11
4.74968e-11
5.41621e-11
6.14594e-11
6.94389e-11
7.81517e-11
8.7648e-11
9.79754e-11
1.09176e-10
1.21283e-10
1.34315e-10
1.48272e-10
1.63125e-10
1.78808e-10
1.95204e-10
2.12137e-10
2.29349e-10
2.46495e-10
2.63124e-10
2.78678e-10
2.92494e-10
3.03828e-10
3.11899e-10
3.15957e-10
3.15376e-10
3.09756e-10
2.99018e-10
2.83456e-10
2.63726e-10
2.40772e-10
2.15689e-10
1.89579e-10
1.6342e-10
1.37985e-10
1.13813e-10
9.12095e-11
7.02816e-11
5.0965e-11
3.30549e-11
1.62204e-11
2.1499e-34
3.2388e-15
2.18846e-12
4.26995e-12
6.25211e-12
8.13961e-12
9.9369e-12
1.16482e-11
1.32777e-11
1.48292e-11
1.63064e-11
1.77128e-11
1.90519e-11
2.03268e-11
2.15406e-11
2.26963e-11
2.37966e-11
2.48442e-11
2.58416e-11
2.67911e-11
2.76953e-11
2.8556e-11
2.93756e-11
3.01559e-11
3.08989e-11
3.16062e-11
3.22797e-11
3.2921e-11
3.35316e-11
3.41129e-11
3.46665e-11
3.51935e-11
3.56954e-11
4.12145e-11
4.72675e-11
5.39008e-11
6.11631e-11
6.91045e-11
7.77758e-11
8.72271e-11
9.75058e-11
1.08654e-10
1.20704e-10
1.33677e-10
1.47571e-10
1.62358e-10
1.77972e-10
1.943e-10
2.11163e-10
2.2831e-10
2.45394e-10
2.6197e-10
2.77482e-10
2.91272e-10
3.026e-10
3.10688e-10
3.14788e-10
3.14273e-10
3.08744e-10
2.98115e-10
2.82673e-10
2.63069e-10
2.40236e-10
2.15264e-10
1.89251e-10
1.63173e-10
1.37803e-10
1.13681e-10
9.11175e-11
7.02189e-11
5.09243e-11
3.30309e-11
1.62093e-11
2.00153e-34
3.15896e-15
2.13453e-12
4.16472e-12
6.09804e-12
7.93903e-12
9.69204e-12
1.13612e-11
1.29505e-11
1.44638e-11
1.59046e-11
1.72764e-11
1.85825e-11
1.98261e-11
2.101e-11
2.21373e-11
2.32105e-11
2.42323e-11
2.52051e-11
2.61314e-11
2.70132e-11
2.78529e-11
2.86523e-11
2.94134e-11
3.01381e-11
3.08281e-11
3.1485e-11
3.21105e-11
3.27061e-11
3.32732e-11
3.38131e-11
3.43272e-11
3.48168e-11
4.02004e-11
4.61051e-11
5.25761e-11
5.96611e-11
6.74092e-11
7.58701e-11
8.50931e-11
9.51248e-11
1.06007e-10
1.17772e-10
1.30441e-10
1.44014e-10
1.58465e-10
1.73733e-10
1.89709e-10
2.06223e-10
2.23032e-10
2.39804e-10
2.56108e-10
2.71407e-10
2.85063e-10
2.96355e-10
3.04522e-10
3.08827e-10
3.08648e-10
3.03573e-10
2.93496e-10
2.78667e-10
2.59698e-10
2.37482e-10
2.13078e-10
1.87561e-10
1.61897e-10
1.36863e-10
1.13004e-10
9.06412e-11
6.98945e-11
5.07137e-11
3.29061e-11
1.61518e-11
3.86726e-34
3.0578e-15
2.0662e-12
4.0314e-12
5.90284e-12
7.6849e-12
9.3818e-12
1.09976e-11
1.2536e-11
1.40009e-11
1.53956e-11
1.67235e-11
1.79878e-11
1.91916e-11
2.03377e-11
2.14289e-11
2.24678e-11
2.3457e-11
2.43987e-11
2.52954e-11
2.61491e-11
2.69619e-11
2.77358e-11
2.84726e-11
2.91741e-11
2.98421e-11
3.04781e-11
3.10836e-11
3.16602e-11
3.22091e-11
3.27319e-11
3.32296e-11
3.37035e-11
3.89155e-11
4.46322e-11
5.08975e-11
5.77578e-11
6.52608e-11
7.3455e-11
8.23885e-11
9.2107e-11
1.02652e-10
1.14055e-10
1.26338e-10
1.39504e-10
1.53529e-10
1.68356e-10
1.83883e-10
1.99951e-10
2.16328e-10
2.327e-10
2.48654e-10
2.63676e-10
2.77153e-10
2.88389e-10
2.96646e-10
3.01201e-10
3.01437e-10
2.96929e-10
2.87544e-10
2.73492e-10
2.5533e-10
2.33905e-10
2.10229e-10
1.85352e-10
1.60226e-10
1.35628e-10
1.12112e-10
9.00137e-11
6.94666e-11
5.04355e-11
3.27412e-11
1.60758e-11
4.58989e-34
2.95113e-15
1.99414e-12
3.89081e-12
5.69699e-12
7.41691e-12
9.05465e-12
1.06141e-11
1.20989e-11
1.35127e-11
1.48588e-11
1.61405e-11
1.73607e-11
1.85226e-11
1.96288e-11
2.06819e-11
2.16847e-11
2.26394e-11
2.35484e-11
2.44138e-11
2.52378e-11
2.60223e-11
2.67692e-11
2.74804e-11
2.81576e-11
2.88023e-11
2.94162e-11
3.00006e-11
3.05572e-11
3.10871e-11
3.15916e-11
3.2072e-11
3.25295e-11
3.75605e-11
4.30788e-11
4.91272e-11
5.57504e-11
6.29948e-11
7.09076e-11
7.95356e-11
8.89234e-11
9.91115e-11
1.10133e-10
1.22009e-10
1.34743e-10
1.48317e-10
1.62677e-10
1.77728e-10
1.93322e-10
2.0924e-10
2.25183e-10
2.4076e-10
2.55481e-10
2.68758e-10
2.79923e-10
2.88261e-10
2.93066e-10
2.93726e-10
2.89806e-10
2.81145e-10
2.67909e-10
2.50603e-10
2.30019e-10
2.07124e-10
1.82937e-10
1.58394e-10
1.34271e-10
1.1113e-10
8.9321e-11
6.89933e-11
5.01273e-11
3.25583e-11
1.59914e-11
5.0229e-34
2.83907e-15
1.91845e-12
3.74313e-12
5.48075e-12
7.1354e-12
8.71098e-12
1.02112e-11
1.16397e-11
1.29999e-11
1.42949e-11
1.5528e-11
1.6702e-11
1.78198e-11
1.8884e-11
1.98973e-11
2.0862e-11
2.17805e-11
2.2655e-11
2.34877e-11
2.42805e-11
2.50353e-11
2.57539e-11
2.64382e-11
2.70897e-11
2.771e-11
2.83006e-11
2.8863e-11
2.93984e-11
2.99083e-11
3.03937e-11
3.0856e-11
3.12961e-11
3.61369e-11
4.14469e-11
4.72673e-11
5.36414e-11
6.0614e-11
6.82309e-11
7.65376e-11
8.55777e-11
9.53909e-11
1.0601e-10
1.17457e-10
1.29737e-10
1.42834e-10
1.56701e-10
1.7125e-10
1.86341e-10
2.0177e-10
2.17256e-10
2.32429e-10
2.46823e-10
2.59878e-10
2.70955e-10
2.79362e-10
2.84414e-10
2.85504e-10
2.8219e-10
2.7428e-10
2.61899e-10
2.45495e-10
2.25804e-10
2.03745e-10
1.80299e-10
1.56387e-10
1.3278e-10
1.10048e-10
8.85561e-11
6.84697e-11
4.97859e-11
3.23555e-11
1.58977e-11
5.49347e-34
2.72185e-15
1.83926e-12
3.58864e-12
5.25454e-12
6.84091e-12
8.35147e-12
9.78983e-12
1.11594e-11
1.24634e-11
1.37051e-11
1.48872e-11
1.60128e-11
1.70845e-11
1.81049e-11
1.90764e-11
2.00014e-11
2.0882e-11
2.17205e-11
2.25189e-11
2.3279e-11
2.40027e-11
2.46918e-11
2.53478e-11
2.59725e-11
2.65673e-11
2.71336e-11
2.76728e-11
2.81862e-11
2.86751e-11
2.91406e-11
2.95838e-11
3.00058e-11
3.46476e-11
3.97396e-11
4.53214e-11
5.14348e-11
5.81229e-11
6.54301e-11
7.34003e-11
8.20761e-11
9.14964e-11
1.01694e-10
1.1269e-10
1.24494e-10
1.37091e-10
1.50439e-10
1.64458e-10
1.79019e-10
1.93931e-10
2.0893e-10
2.2367e-10
2.3771e-10
2.5052e-10
2.61487e-10
2.69949e-10
2.75241e-10
2.76764e-10
2.74068e-10
2.66935e-10
2.55444e-10
2.39988e-10
2.21242e-10
2.00072e-10
1.77421e-10
1.54189e-10
1.31142e-10
1.08857e-10
8.77117e-11
6.78904e-11
4.94076e-11
3.21304e-11
1.57937e-11
6.00404e-34
2.59978e-15
1.7568e-12
3.42775e-12
5.01897e-12
6.53422e-12
7.97708e-12
9.35097e-12
1.06592e-11
1.19048e-11
1.30908e-11
1.422e-11
1.52952e-11
1.63188e-11
1.72935e-11
1.82215e-11
1.91051e-11
1.99463e-11
2.07473e-11
2.15099e-11
2.2236e-11
2.29273e-11
2.35856e-11
2.42123e-11
2.4809e-11
2.53772e-11
2.59182e-11
2.64333e-11
2.69238e-11
2.73908e-11
2.78355e-11
2.82589e-11
2.8662e-11
3.30965e-11
3.79614e-11
4.32947e-11
4.91363e-11
5.5528e-11
6.25123e-11
7.01317e-11
7.84276e-11
8.7438e-11
9.71951e-11
1.07722e-10
1.19027e-10
1.31101e-10
1.43905e-10
1.57368e-10
1.71371e-10
1.85737e-10
2.00222e-10
2.145e-10
2.28158e-10
2.40695e-10
2.5153e-10
2.60029e-10
2.6555e-10
2.67504e-10
2.65434e-10
2.59098e-10
2.48529e-10
2.34063e-10
2.16312e-10
1.96086e-10
1.74286e-10
1.51786e-10
1.29344e-10
1.07545e-10
8.67795e-11
6.72496e-11
4.89882e-11
3.18805e-11
1.56781e-11
6.55702e-34
2.47327e-15
1.67134e-12
3.26101e-12
4.77483e-12
6.21638e-12
7.58906e-12
8.89614e-12
1.01407e-11
1.13258e-11
1.24541e-11
1.35284e-11
1.45513e-11
1.55253e-11
1.64526e-11
1.73355e-11
1.81761e-11
1.89765e-11
1.97386e-11
2.04642e-11
2.1155e-11
2.18128e-11
2.24391e-11
2.30354e-11
2.36032e-11
2.41438e-11
2.46585e-11
2.51486e-11
2.56153e-11
2.60597e-11
2.64828e-11
2.68857e-11
2.72693e-11
3.14889e-11
3.61183e-11
4.11938e-11
4.67537e-11
5.28379e-11
5.94873e-11
6.67428e-11
7.46444e-11
8.32291e-11
9.25288e-11
1.02567e-10
1.13354e-10
1.24882e-10
1.3712e-10
1.50002e-10
1.6342e-10
1.77213e-10
1.91154e-10
2.0494e-10
2.18187e-10
2.30424e-10
2.41101e-10
2.49617e-10
2.55351e-10
2.57728e-10
2.56287e-10
2.50762e-10
2.41142e-10
2.27705e-10
2.10997e-10
1.91769e-10
1.70874e-10
1.49159e-10
1.27372e-10
1.06102e-10
8.57509e-11
6.65406e-11
4.85233e-11
3.16031e-11
1.55496e-11
7.15472e-34
2.34285e-15
1.58323e-12
3.08909e-12
4.52312e-12
5.88868e-12
7.18902e-12
8.42721e-12
9.60619e-12
1.07288e-11
1.17977e-11
1.28154e-11
1.37845e-11
1.47071e-11
1.55856e-11
1.6422e-11
1.72184e-11
1.79766e-11
1.86986e-11
1.9386e-11
2.00405e-11
2.06636e-11
2.1257e-11
2.18219e-11
2.23598e-11
2.2872e-11
2.33597e-11
2.3824e-11
2.42662e-11
2.46872e-11
2.50881e-11
2.54698e-11
2.58332e-11
2.98312e-11
3.42178e-11
3.90274e-11
4.42967e-11
5.00637e-11
5.63673e-11
6.32471e-11
7.07415e-11
7.88864e-11
8.77133e-11
9.72457e-11
1.07496e-10
1.18459e-10
1.30109e-10
1.42386e-10
1.55195e-10
1.68388e-10
1.81757e-10
1.95023e-10
2.07829e-10
2.19736e-10
2.30228e-10
2.38733e-10
2.44661e-10
2.47447e-10
2.46632e-10
2.41926e-10
2.33276e-10
2.20901e-10
2.0528e-10
1.87102e-10
1.67169e-10
1.46294e-10
1.25213e-10
1.04514e-10
8.4616e-11
6.57562e-11
4.80077e-11
3.12949e-11
1.54066e-11
7.7992e-34
2.20913e-15
1.4929e-12
2.91284e-12
4.26505e-12
5.5527e-12
6.77886e-12
7.94642e-12
9.05816e-12
1.01167e-11
1.11247e-11
1.20844e-11
1.29982e-11
1.38682e-11
1.46966e-11
1.54854e-11
1.62364e-11
1.69514e-11
1.76323e-11
1.82805e-11
1.88977e-11
1.94854e-11
2.00449e-11
2.05777e-11
2.1085e-11
2.1568e-11
2.2028e-11
2.24659e-11
2.28829e-11
2.32799e-11
2.3658e-11
2.4018e-11
2.43608e-11
2.81314e-11
3.22689e-11
3.68059e-11
4.1777e-11
4.72184e-11
5.31673e-11
5.96613e-11
6.67374e-11
7.44304e-11
8.27712e-11
9.17834e-11
1.01481e-10
1.11861e-10
1.22903e-10
1.34555e-10
1.46732e-10
1.593e-10
1.7207e-10
1.84787e-10
1.97123e-10
2.08668e-10
2.18944e-10
2.27412e-10
2.33506e-10
2.36683e-10
2.36483e-10
2.32596e-10
2.24929e-10
2.13643e-10
1.9915e-10
1.8207e-10
1.63152e-10
1.43173e-10
1.22849e-10
1.0277e-10
8.33647e-11
6.48887e-11
4.74361e-11
3.09525e-11
1.52477e-11
8.49221e-34
2.07285e-15
1.40083e-12
2.7332e-12
4.00202e-12
5.21028e-12
6.36083e-12
7.45641e-12
8.49961e-12
9.49294e-12
1.04387e-11
1.13393e-11
1.21968e-11
1.30132e-11
1.37906e-11
1.45308e-11
1.52355e-11
1.59065e-11
1.65454e-11
1.71538e-11
1.7733e-11
1.82845e-11
1.88096e-11
1.93096e-11
1.97857e-11
2.0239e-11
2.06706e-11
2.10816e-11
2.14729e-11
2.18455e-11
2.22004e-11
2.25382e-11
2.28599e-11
2.63989e-11
3.02824e-11
3.45413e-11
3.92083e-11
4.43176e-11
4.99044e-11
5.60047e-11
6.26537e-11
6.98851e-11
7.77288e-11
8.62089e-11
9.53398e-11
1.05123e-10
1.1554e-10
1.26549e-10
1.38073e-10
1.49993e-10
1.6214e-10
1.74281e-10
1.86116e-10
1.97269e-10
2.07296e-10
2.15692e-10
2.21923e-10
2.25465e-10
2.2586e-10
2.22784e-10
2.16106e-10
2.05928e-10
1.92595e-10
1.76659e-10
1.58808e-10
1.39779e-10
1.20267e-10
1.00856e-10
8.19861e-11
6.39297e-11
4.68025e-11
3.05721e-11
1.50708e-11
9.23502e-34
1.93484e-15
1.30759e-12
2.55128e-12
3.73566e-12
4.8635e-12
5.93749e-12
6.96016e-12
7.93395e-12
8.86119e-12
9.74409e-12
1.05848e-11
1.13852e-11
1.21473e-11
1.2873e-11
1.3564e-11
1.42219e-11
1.48483e-11
1.54447e-11
1.60126e-11
1.65534e-11
1.70682e-11
1.75585e-11
1.80252e-11
1.84697e-11
1.88929e-11
1.92959e-11
1.96796e-11
2.00449e-11
2.03928e-11
2.07241e-11
2.10395e-11
2.13399e-11
2.46441e-11
2.82703e-11
3.22474e-11
3.66062e-11
4.13788e-11
4.65986e-11
5.22994e-11
5.85151e-11
6.52777e-11
7.26165e-11
8.05554e-11
8.91099e-11
9.82838e-11
1.08064e-10
1.18414e-10
1.29267e-10
1.4052e-10
1.52021e-10
1.6356e-10
1.74866e-10
1.85595e-10
1.95338e-10
2.03627e-10
2.09959e-10
2.13832e-10
2.14795e-10
2.12513e-10
2.06818e-10
1.97758e-10
1.85611e-10
1.70857e-10
1.54122e-10
1.36097e-10
1.17449e-10
9.87585e-11
8.04684e-11
6.28702e-11
4.61002e-11
3.01496e-11
1.4874e-11
1.00282e-33
1.79602e-15
1.2138e-12
2.36829e-12
3.46772e-12
4.51467e-12
5.51164e-12
6.46098e-12
7.36495e-12
8.22571e-12
9.04531e-12
9.82572e-12
1.05688e-11
1.12763e-11
1.195e-11
1.25915e-11
1.32022e-11
1.37838e-11
1.43375e-11
1.48647e-11
1.53667e-11
1.58447e-11
1.62999e-11
1.67332e-11
1.71459e-11
1.75388e-11
1.79129e-11
1.82691e-11
1.86084e-11
1.89314e-11
1.92389e-11
1.95318e-11
1.98107e-11
2.28787e-11
2.62459e-11
2.99395e-11
3.3988e-11
3.84216e-11
4.32716e-11
4.85701e-11
5.43488e-11
6.06386e-11
6.74678e-11
7.48599e-11
8.28315e-11
9.13884e-11
1.00521e-10
1.10201e-10
1.20371e-10
1.30941e-10
1.41776e-10
1.5269e-10
1.63438e-10
1.73712e-10
1.83136e-10
1.91279e-10
1.97671e-10
2.01834e-10
2.0333e-10
2.01813e-10
1.97086e-10
1.89144e-10
1.78199e-10
1.64658e-10
1.49083e-10
1.32112e-10
1.14383e-10
9.64626e-11
7.87998e-11
6.17005e-11
4.53224e-11
2.96803e-11
1.46551e-11
1.08715e-33
1.65738e-15
1.12013e-12
2.18553e-12
3.20012e-12
4.16629e-12
5.08634e-12
5.96243e-12
6.79667e-12
7.59103e-12
8.34742e-12
9.06764e-12
9.75341e-12
1.04064e-11
1.10281e-11
1.16201e-11
1.21838e-11
1.27205e-11
1.32316e-11
1.37182e-11
1.41815e-11
1.46227e-11
1.50428e-11
1.54428e-11
1.58236e-11
1.61863e-11
1.65316e-11
1.68604e-11
1.71735e-11
1.74717e-11
1.77555e-11
1.80259e-11
1.82833e-11
2.11153e-11
2.42238e-11
2.76339e-11
3.13723e-11
3.5467e-11
3.99472e-11
4.4843e-11
5.01844e-11
5.60007e-11
6.2319e-11
6.91626e-11
7.65486e-11
8.44848e-11
9.29659e-11
1.01969e-10
1.11446e-10
1.21319e-10
1.31472e-10
1.41741e-10
1.51908e-10
1.61695e-10
1.70764e-10
1.78719e-10
1.85126e-10
1.89533e-10
1.91518e-10
1.90728e-10
1.86941e-10
1.80105e-10
1.70366e-10
1.58061e-10
1.43682e-10
1.27812e-10
1.11053e-10
9.39551e-11
7.6968e-11
6.04107e-11
4.44615e-11
2.91595e-11
1.44116e-11
1.17633e-33
1.51997e-15
1.02729e-12
2.00438e-12
2.93488e-12
3.82098e-12
4.66477e-12
5.46827e-12
6.23338e-12
6.96193e-12
7.65565e-12
8.31621e-12
8.94519e-12
9.54408e-12
1.01143e-11
1.06573e-11
1.11743e-11
1.16666e-11
1.21354e-11
1.25817e-11
1.30067e-11
1.34114e-11
1.37967e-11
1.41636e-11
1.45129e-11
1.48456e-11
1.51623e-11
1.5464e-11
1.57512e-11
1.60247e-11
1.62851e-11
1.6533e-11
1.67692e-11
1.93672e-11
2.22191e-11
2.53481e-11
2.87788e-11
3.25371e-11
3.66503e-11
4.11462e-11
4.60532e-11
5.13986e-11
5.72086e-11
6.35059e-11
7.03079e-11
7.76242e-11
8.54529e-11
9.37764e-11
1.02556e-10
1.11726e-10
1.21185e-10
1.30792e-10
1.40355e-10
1.49627e-10
1.58304e-10
1.66029e-10
1.72402e-10
1.77002e-10
1.79421e-10
1.7931e-10
1.76425e-10
1.70669e-10
1.62129e-10
1.51071e-10
1.37916e-10
1.23188e-10
1.07447e-10
9.12227e-11
7.49607e-11
5.89905e-11
4.35097e-11
2.85818e-11
1.41411e-11
1.27007e-33
1.38486e-15
9.3599e-13
1.82625e-12
2.67406e-12
3.48142e-12
4.25023e-12
4.98234e-12
5.67948e-12
6.3433e-12
6.9754e-12
7.57729e-12
8.1504e-12
8.69611e-12
9.21573e-12
9.71051e-12
1.01816e-11
1.06302e-11
1.10574e-11
1.14641e-11
1.18513e-11
1.22201e-11
1.25712e-11
1.29056e-11
1.3224e-11
1.35271e-11
1.38158e-11
1.40906e-11
1.43524e-11
1.46016e-11
1.48389e-11
1.50649e-11
1.52801e-11
1.76479e-11
2.02474e-11
2.30997e-11
2.62276e-11
2.96548e-11
3.34064e-11
3.75084e-11
4.1987e-11
4.68681e-11
5.21763e-11
5.79336e-11
6.41577e-11
7.08595e-11
7.80402e-11
8.56872e-11
9.37699e-11
1.02233e-10
1.10993e-10
1.19926e-10
1.28866e-10
1.37596e-10
1.45848e-10
1.533e-10
1.59588e-10
1.64322e-10
1.67116e-10
1.67625e-10
1.65589e-10
1.60876e-10
1.53514e-10
1.43701e-10
1.31787e-10
1.18235e-10
1.03556e-10
8.82538e-11
7.27662e-11
5.74295e-11
4.2459e-11
2.79419e-11
1.38407e-11
1.36788e-33
1.2531e-15
8.4696e-13
1.65254e-12
2.41971e-12
3.15028e-12
3.84598e-12
4.50847e-12
5.13931e-12
5.74002e-12
6.31202e-12
6.85669e-12
7.37532e-12
7.86917e-12
8.3394e-12
8.78716e-12
9.21351e-12
9.61948e-12
1.0006e-11
1.03741e-11
1.07246e-11
1.10583e-11
1.13761e-11
1.16787e-11
1.19669e-11
1.22412e-11
1.25025e-11
1.27513e-11
1.29882e-11
1.32137e-11
1.34285e-11
1.36331e-11
1.38279e-11
1.59711e-11
1.83242e-11
2.09066e-11
2.37388e-11
2.68427e-11
3.02413e-11
3.39583e-11
3.80181e-11
4.24448e-11
4.72616e-11
5.24896e-11
5.81465e-11
6.42442e-11
7.07863e-11
7.7765e-11
8.51566e-11
9.29168e-11
1.00975e-10
1.09227e-10
1.1753e-10
1.25697e-10
1.33491e-10
1.40627e-10
1.46777e-10
1.51585e-10
1.54687e-10
1.55748e-10
1.54498e-10
1.50775e-10
1.44555e-10
1.35972e-10
1.25306e-10
1.12952e-10
9.93729e-11
8.50386e-11
7.03737e-11
5.57178e-11
4.13011e-11
2.72341e-11
1.35076e-11
1.46901e-33
1.12573e-15
7.60893e-13
1.48461e-12
2.17383e-12
2.83017e-12
3.45518e-12
4.05036e-12
4.61711e-12
5.1568e-12
5.6707e-12
6.16005e-12
6.62601e-12
7.06971e-12
7.4922e-12
7.89449e-12
8.27756e-12
8.64232e-12
8.98964e-12
9.32037e-12
9.63529e-12
9.93516e-12
1.02207e-11
1.04926e-11
1.07515e-11
1.0998e-11
1.12328e-11
1.14563e-11
1.16692e-11
1.18719e-11
1.20649e-11
1.22487e-11
1.24238e-11
1.43498e-11
1.64646e-11
1.87858e-11
2.1332e-11
2.41229e-11
2.71796e-11
3.05237e-11
3.41775e-11
3.81634e-11
4.25032e-11
4.72168e-11
5.23217e-11
5.78303e-11
6.37485e-11
7.00724e-11
7.67846e-11
8.385e-11
9.12108e-11
9.87808e-11
1.06439e-10
1.14024e-10
1.21332e-10
1.28113e-10
1.34073e-10
1.38891e-10
1.42229e-10
1.43765e-10
1.43227e-10
1.40429e-10
1.35301e-10
1.27917e-10
1.18489e-10
1.07346e-10
9.48962e-11
8.15701e-11
6.7774e-11
5.3846e-11
4.00281e-11
2.64527e-11
1.31388e-11
1.57247e-33
1.00372e-15
6.7844e-13
1.32374e-12
1.93827e-12
2.52349e-12
3.08078e-12
3.61148e-12
4.11683e-12
4.59806e-12
5.05629e-12
5.49264e-12
5.90814e-12
6.30378e-12
6.68052e-12
7.03926e-12
7.38085e-12
7.70613e-12
8.01585e-12
8.31078e-12
8.59162e-12
8.85904e-12
9.11368e-12
9.35616e-12
9.58705e-12
9.80691e-12
1.00163e-11
1.02156e-11
1.04055e-11
1.05863e-11
1.07584e-11
1.09223e-11
1.10784e-11
1.27963e-11
1.46827e-11
1.67535e-11
1.90253e-11
2.1516e-11
2.42445e-11
2.72306e-11
3.04945e-11
3.40567e-11
3.79374e-11
4.21555e-11
4.67277e-11
5.16672e-11
5.69812e-11
6.26691e-11
6.8719e-11
7.51042e-11
8.17783e-11
8.86707e-11
9.56808e-11
1.02673e-10
1.09471e-10
1.15859e-10
1.21579e-10
1.26343e-10
1.29842e-10
1.31772e-10
1.31862e-10
1.2991e-10
1.25809e-10
1.19579e-10
1.11365e-10
1.01433e-10
9.01301e-11
7.78455e-11
6.49605e-11
5.18061e-11
3.86328e-11
2.55922e-11
1.27315e-11
1.67688e-33
8.87918e-16
6.00184e-13
1.17105e-12
1.7147e-12
2.23242e-12
2.72544e-12
3.19494e-12
3.64201e-12
4.06775e-12
4.47315e-12
4.85919e-12
5.22678e-12
5.57682e-12
5.91013e-12
6.22752e-12
6.52975e-12
6.81754e-12
7.09158e-12
7.35252e-12
7.601e-12
7.83761e-12
8.06292e-12
8.27747e-12
8.48177e-12
8.67632e-12
8.86157e-12
9.03798e-12
9.20596e-12
9.36593e-12
9.51825e-12
9.66331e-12
9.80145e-12
1.13216e-11
1.29911e-11
1.4824e-11
1.68352e-11
1.90406e-11
2.14571e-11
2.41026e-11
2.69953e-11
3.0154e-11
3.3597e-11
3.73422e-11
4.14055e-11
4.57999e-11
5.05341e-11
5.561e-11
6.10203e-11
6.67454e-11
7.27494e-11
7.89753e-11
8.53407e-11
9.17327e-11
9.80032e-11
1.03967e-10
1.09401e-10
1.14049e-10
1.17633e-10
1.1987e-10
1.20498e-10
1.19302e-10
1.1615e-10
1.11011e-10
1.03973e-10
9.52349e-11
8.50859e-11
7.38672e-11
6.19297e-11
4.95922e-11
3.71089e-11
2.46478e-11
1.2283e-11
1.7805e-33
7.79074e-16
5.26625e-13
1.02753e-12
1.50455e-12
1.95882e-12
2.39143e-12
2.80339e-12
3.19568e-12
3.56925e-12
3.92499e-12
4.26373e-12
4.5863e-12
4.89346e-12
5.18595e-12
5.46447e-12
5.72968e-12
5.98223e-12
6.22271e-12
6.45171e-12
6.66977e-12
6.87741e-12
7.07514e-12
7.26343e-12
7.44272e-12
7.61346e-12
7.77604e-12
7.93086e-12
8.07829e-12
8.21869e-12
8.35238e-12
8.47969e-12
8.60092e-12
9.93517e-12
1.14007e-11
1.30098e-11
1.47757e-11
1.67125e-11
1.88353e-11
2.11599e-11
2.37028e-11
2.64807e-11
2.95105e-11
3.28086e-11
3.639e-11
4.02676e-11
4.44507e-11
4.89432e-11
5.37418e-11
5.88327e-11
6.41888e-11
6.97655e-11
7.54964e-11
8.12891e-11
8.70207e-11
9.25346e-11
9.76401e-11
1.02114e-10
1.05709e-10
1.08166e-10
1.09234e-10
1.08698e-10
1.06403e-10
1.02279e-10
9.63604e-11
8.87855e-11
7.9783e-11
6.96436e-11
5.86827e-11
4.72012e-11
3.54516e-11
2.36152e-11
1.17908e-11
1.88115e-33
6.77773e-16
4.58161e-13
8.93942e-13
1.30895e-12
1.70417e-12
2.08054e-12
2.43895e-12
2.78026e-12
3.10528e-12
3.41478e-12
3.7095e-12
3.99015e-12
4.2574e-12
4.51189e-12
4.75422e-12
4.98498e-12
5.20472e-12
5.41397e-12
5.61322e-12
5.80296e-12
5.98364e-12
6.1557e-12
6.31953e-12
6.47555e-12
6.62412e-12
6.76559e-12
6.90032e-12
7.02861e-12
7.15078e-12
7.26712e-12
7.3779e-12
7.48341e-12
8.64455e-12
9.92006e-12
1.13207e-11
1.28581e-11
1.45446e-11
1.63935e-11
1.84188e-11
2.06351e-11
2.30574e-11
2.57009e-11
2.85805e-11
3.17102e-11
3.51024e-11
3.87668e-11
4.27088e-11
4.6928e-11
5.14156e-11
5.61519e-11
6.11027e-11
6.62158e-11
7.14168e-11
7.66053e-11
8.16513e-11
8.63938e-11
9.06411e-11
9.41762e-11
9.67661e-11
9.81774e-11
9.81972e-11
9.66576e-11
9.34589e-11
8.85887e-11
8.21291e-11
7.42504e-11
6.5191e-11
5.52264e-11
4.46337e-11
3.36587e-11
2.24916e-11
1.12532e-11
1.97614e-33
5.84439e-16
3.95079e-13
7.70861e-13
1.12873e-12
1.46954e-12
1.79409e-12
2.10317e-12
2.39749e-12
2.67777e-12
2.94467e-12
3.19883e-12
3.44085e-12
3.67132e-12
3.89079e-12
4.09978e-12
4.29879e-12
4.4883e-12
4.66876e-12
4.8406e-12
5.00424e-12
5.16007e-12
5.30846e-12
5.44976e-12
5.58432e-12
5.71246e-12
5.83448e-12
5.95068e-12
6.06133e-12
6.1667e-12
6.26705e-12
6.3626e-12
6.4536e-12
7.45517e-12
8.5555e-12
9.76392e-12
1.10905e-11
1.25461e-11
1.41422e-11
1.58911e-11
1.78056e-11
1.98991e-11
2.2185e-11
2.46768e-11
2.73874e-11
3.03285e-11
3.35097e-11
3.69375e-11
4.06135e-11
4.45331e-11
4.86826e-11
5.30366e-11
5.7555e-11
6.2179e-11
6.68279e-11
7.13956e-11
7.57482e-11
7.97238e-11
8.31351e-11
8.57759e-11
8.74329e-11
8.79023e-11
8.70105e-11
8.46361e-11
8.07286e-11
7.53204e-11
6.8527e-11
6.05342e-11
5.15741e-11
4.18952e-11
3.17311e-11
2.12758e-11
1.0669e-11
2.06232e-33
4.99325e-16
3.3755e-13
6.58614e-13
9.64376e-13
1.25556e-12
1.53286e-12
1.79693e-12
2.04841e-12
2.28788e-12
2.51593e-12
2.73309e-12
2.93989e-12
3.13681e-12
3.32434e-12
3.50291e-12
3.67296e-12
3.83489e-12
3.9891e-12
4.13594e-12
4.27577e-12
4.40893e-12
4.53573e-12
4.65648e-12
4.77146e-12
4.88096e-12
4.98524e-12
5.08454e-12
5.1791e-12
5.26915e-12
5.3549e-12
5.43656e-12
5.51433e-12
6.3703e-12
7.31077e-12
8.34374e-12
9.4779e-12
1.07226e-11
1.20877e-11
1.3584e-11
1.52226e-11
1.70151e-11
1.89735e-11
2.11097e-11
2.34354e-11
2.59615e-11
2.86972e-11
3.16496e-11
3.4822e-11
3.82126e-11
4.18126e-11
4.5604e-11
4.95564e-11
5.36247e-11
5.77452e-11
6.18325e-11
6.57774e-11
6.94451e-11
7.26767e-11
7.52931e-11
7.7103e-11
7.79165e-11
7.75613e-11
7.59022e-11
7.28599e-11
6.84248e-11
6.26623e-11
5.57072e-11
4.7747e-11
3.8997e-11
2.96736e-11
1.99692e-11
1.00382e-11
2.13604e-33
4.2251e-16
2.85629e-13
5.57308e-13
8.1604e-13
1.06244e-12
1.29709e-12
1.52054e-12
1.73334e-12
1.93599e-12
2.12897e-12
2.31274e-12
2.48774e-12
2.65438e-12
2.81308e-12
2.9642e-12
3.1081e-12
3.24514e-12
3.37564e-12
3.49991e-12
3.61825e-12
3.73094e-12
3.83826e-12
3.94045e-12
4.03777e-12
4.13044e-12
4.21869e-12
4.30273e-12
4.38276e-12
4.45898e-12
4.53156e-12
4.60067e-12
4.66649e-12
5.391e-12
6.1871e-12
7.06161e-12
8.02192e-12
9.07599e-12
1.02324e-11
1.15001e-11
1.2889e-11
1.44089e-11
1.60704e-11
1.78839e-11
1.98599e-11
2.20083e-11
2.43378e-11
2.68555e-11
2.95658e-11
3.24691e-11
3.55604e-11
3.88273e-11
4.2248e-11
4.5788e-11
4.93983e-11
5.30116e-11
5.65402e-11
5.98738e-11
6.28798e-11
6.54055e-11
6.72832e-11
6.83397e-11
6.841e-11
6.73531e-11
6.50697e-11
6.15165e-11
5.67155e-11
5.07541e-11
4.37748e-11
3.59574e-11
2.74958e-11
1.85761e-11
9.3624e-12
2.19326e-33
3.53909e-16
2.39258e-13
4.66832e-13
6.83561e-13
8.89959e-13
1.08652e-12
1.2737e-12
1.45196e-12
1.62171e-12
1.78337e-12
1.93731e-12
2.08391e-12
2.22351e-12
2.35645e-12
2.48305e-12
2.6036e-12
2.71841e-12
2.82773e-12
2.93184e-12
3.03098e-12
3.12539e-12
3.2153e-12
3.30091e-12
3.38244e-12
3.46009e-12
3.53402e-12
3.60443e-12
3.67149e-12
3.73534e-12
3.79615e-12
3.85406e-12
3.9092e-12
4.51625e-12
5.18334e-12
5.91622e-12
6.7211e-12
7.60473e-12
8.57432e-12
9.63761e-12
1.08028e-11
1.20785e-11
1.34737e-11
1.49976e-11
1.66592e-11
1.84674e-11
2.04304e-11
2.2555e-11
2.48461e-11
2.73056e-11
2.99313e-11
3.27154e-11
3.56423e-11
3.86869e-11
4.1812e-11
4.49656e-11
4.80784e-11
5.10619e-11
5.38077e-11
5.61875e-11
5.80574e-11
5.92635e-11
5.96526e-11
5.90847e-11
5.74487e-11
5.46766e-11
5.07547e-11
4.57278e-11
3.96959e-11
3.28017e-11
2.52131e-11
1.71046e-11
8.64477e-12
2.22967e-33
2.9329e-16
1.98281e-13
3.86879e-13
5.6649e-13
7.37541e-13
9.00437e-13
1.05557e-12
1.2033e-12
1.34398e-12
1.47796e-12
1.60554e-12
1.72704e-12
1.84274e-12
1.95292e-12
2.05784e-12
2.15776e-12
2.25291e-12
2.34352e-12
2.42981e-12
2.51198e-12
2.59023e-12
2.66475e-12
2.73571e-12
2.80329e-12
2.86765e-12
2.92893e-12
2.98729e-12
3.04287e-12
3.0958e-12
3.1462e-12
3.1942e-12
3.23992e-12
3.74312e-12
4.29615e-12
4.90377e-12
5.57118e-12
6.304e-12
7.10827e-12
7.99049e-12
8.95756e-12
1.00168e-11
1.11757e-11
1.24423e-11
1.38243e-11
1.53297e-11
1.69656e-11
1.87386e-11
2.06536e-11
2.27136e-11
2.49182e-11
2.7263e-11
2.97375e-11
3.23237e-11
3.49942e-11
3.77094e-11
4.04159e-11
4.30438e-11
4.55058e-11
4.76968e-11
4.94955e-11
5.07684e-11
5.13772e-11
5.11888e-11
5.00878e-11
4.79902e-11
4.48545e-11
4.069e-11
3.55575e-11
2.95633e-11
2.28468e-11
1.55666e-11
7.89059e-12
2.24087e-33
2.4029e-16
1.62454e-13
3.16974e-13
4.64131e-13
6.04276e-13
7.3774e-13
8.6484e-13
9.85881e-13
1.10115e-12
1.21092e-12
1.31545e-12
1.415e-12
1.5098e-12
1.60008e-12
1.68605e-12
1.76792e-12
1.84589e-12
1.92013e-12
1.99084e-12
2.05817e-12
2.12229e-12
2.18335e-12
2.2415e-12
2.29688e-12
2.34961e-12
2.39983e-12
2.44765e-12
2.4932e-12
2.53657e-12
2.57787e-12
2.61721e-12
2.65467e-12
3.06705e-12
3.52028e-12
4.01831e-12
4.56541e-12
5.16622e-12
5.82574e-12
6.54935e-12
7.34277e-12
8.2121e-12
9.16372e-12
1.02042e-11
1.13404e-11
1.25789e-11
1.39263e-11
1.53883e-11
1.69699e-11
1.86743e-11
2.05027e-11
2.24528e-11
2.4518e-11
2.66859e-11
2.89367e-11
3.12411e-11
3.35584e-11
3.58347e-11
3.80011e-11
3.99729e-11
4.165e-11
4.29194e-11
4.36599e-11
4.37491e-11
4.3074e-11
4.15422e-11
3.90933e-11
3.57081e-11
3.14139e-11
2.62825e-11
2.04244e-11
1.39788e-11
7.10741e-12
2.22268e-33
1.94444e-16
1.3146e-13
2.56501e-13
3.75584e-13
4.88992e-13
5.96995e-13
6.99849e-13
7.97799e-13
8.91079e-13
9.7991e-13
1.06451e-12
1.14507e-12
1.22178e-12
1.29484e-12
1.36442e-12
1.43067e-12
1.49377e-12
1.55386e-12
1.61108e-12
1.66557e-12
1.71746e-12
1.76688e-12
1.81394e-12
1.85876e-12
1.90144e-12
1.94208e-12
1.98079e-12
2.01765e-12
2.05275e-12
2.08618e-12
2.11802e-12
2.14834e-12
2.48211e-12
2.84898e-12
3.25215e-12
3.69509e-12
4.18157e-12
4.71569e-12
5.30184e-12
5.94471e-12
6.64932e-12
7.42093e-12
8.26505e-12
9.18734e-12
1.01935e-11
1.1289e-11
1.24791e-11
1.37684e-11
1.51602e-11
1.66564e-11
1.82563e-11
1.99561e-11
2.17476e-11
2.36168e-11
2.55425e-11
2.74944e-11
2.94317e-11
3.1301e-11
3.30354e-11
3.45542e-11
3.5764e-11
3.6561e-11
3.68369e-11
3.64857e-11
3.54136e-11
3.35492e-11
3.0853e-11
2.73247e-11
2.30061e-11
1.79791e-11
1.23618e-11
6.30503e-12
2.17145e-33
1.55203e-16
1.04932e-13
2.0474e-13
2.99793e-13
3.90317e-13
4.76526e-13
5.58626e-13
6.36812e-13
7.1127e-13
7.82178e-13
8.49705e-13
9.14011e-13
9.75251e-13
1.03357e-12
1.08911e-12
1.142e-12
1.19237e-12
1.24033e-12
1.28601e-12
1.32951e-12
1.37093e-12
1.41038e-12
1.44795e-12
1.48373e-12
1.5178e-12
1.55025e-12
1.58115e-12
1.61058e-12
1.6386e-12
1.66529e-12
1.6907e-12
1.71491e-12
1.98138e-12
2.27429e-12
2.59621e-12
2.94992e-12
3.33846e-12
3.7651e-12
4.2334e-12
4.74714e-12
5.31038e-12
5.92741e-12
6.60273e-12
7.341e-12
8.14693e-12
9.02522e-12
9.98034e-12
1.10163e-11
1.21364e-11
1.33429e-11
1.4636e-11
1.60138e-11
1.74712e-11
1.89986e-11
2.05809e-11
2.21963e-11
2.38142e-11
2.53942e-11
2.68845e-11
2.82215e-11
2.93295e-11
3.01225e-11
3.05072e-11
3.03884e-11
2.96765e-11
2.82959e-11
2.61945e-11
2.33518e-11
1.97844e-11
1.55486e-11
1.07402e-11
5.49531e-12
2.08445e-33
1.21966e-16
8.24618e-14
1.60897e-13
2.35595e-13
3.06734e-13
3.74483e-13
4.39002e-13
5.00446e-13
5.58961e-13
6.14686e-13
6.67755e-13
7.18292e-13
7.6642e-13
8.12254e-13
8.55901e-13
8.97468e-13
9.37052e-13
9.74749e-13
1.01065e-12
1.04484e-12
1.07739e-12
1.1084e-12
1.13792e-12
1.16604e-12
1.19282e-12
1.21832e-12
1.24261e-12
1.26574e-12
1.28776e-12
1.30874e-12
1.32872e-12
1.34774e-12
1.55719e-12
1.78743e-12
2.04048e-12
2.31856e-12
2.62405e-12
2.95955e-12
3.32787e-12
3.73201e-12
4.17522e-12
4.66091e-12
5.19271e-12
5.77436e-12
6.40972e-12
7.10263e-12
7.85686e-12
8.67587e-12
9.56265e-12
1.05194e-11
1.1547e-11
1.26448e-11
1.38097e-11
1.50354e-11
1.63115e-11
1.76224e-11
1.89459e-11
2.02519e-11
2.15013e-11
2.26448e-11
2.36228e-11
2.43658e-11
2.47959e-11
2.48309e-11
2.43894e-11
2.33974e-11
2.17972e-11
1.95552e-11
1.66689e-11
1.31726e-11
9.14048e-12
4.69156e-12
1.96015e-33
9.40913e-17
6.36164e-14
1.24126e-13
1.81754e-13
2.36635e-13
2.88902e-13
3.38677e-13
3.8608e-13
4.31223e-13
4.74214e-13
5.15155e-13
5.54145e-13
5.91276e-13
6.26636e-13
6.6031e-13
6.92379e-13
7.22919e-13
7.52003e-13
7.797e-13
8.06076e-13
8.31195e-13
8.55117e-13
8.77898e-13
8.99593e-13
9.20253e-13
9.39929e-13
9.58667e-13
9.76512e-13
9.93506e-13
1.00969e-12
1.0251e-12
1.03978e-12
1.20139e-12
1.37905e-12
1.57432e-12
1.78893e-12
2.02471e-12
2.28368e-12
2.56803e-12
2.8801e-12
3.22242e-12
3.59766e-12
4.00866e-12
4.45839e-12
4.94992e-12
5.48633e-12
6.07069e-12
6.70587e-12
7.39445e-12
8.13845e-12
8.93908e-12
9.79634e-12
1.07085e-11
1.16717e-11
1.26789e-11
1.37191e-11
1.47766e-11
1.58295e-11
1.68489e-11
1.77975e-11
1.86297e-11
1.92905e-11
1.97174e-11
1.98418e-11
1.95929e-11
1.89033e-11
1.77153e-11
1.59885e-11
1.37078e-11
1.089e-11
7.58994e-12
3.90763e-12
1.79839e-33
7.09169e-17
4.79485e-14
9.35557e-14
1.3699e-13
1.78355e-13
2.17749e-13
2.55266e-13
2.90994e-13
3.2502e-13
3.57424e-13
3.88282e-13
4.1767e-13
4.45657e-13
4.7231e-13
4.97692e-13
5.21863e-13
5.44883e-13
5.66805e-13
5.87682e-13
6.07563e-13
6.26497e-13
6.44528e-13
6.617e-13
6.78053e-13
6.93627e-13
7.08458e-13
7.22582e-13
7.36033e-13
7.48843e-13
7.61043e-13
7.72661e-13
7.83725e-13
9.05546e-13
1.03947e-12
1.18669e-12
1.34849e-12
1.52627e-12
1.72156e-12
1.93601e-12
2.17141e-12
2.42967e-12
2.71285e-12
3.02312e-12
3.36275e-12
3.73411e-12
4.13963e-12
4.58169e-12
5.06263e-12
5.58455e-12
6.14921e-12
6.75782e-12
7.41077e-12
8.10724e-12
8.84484e-12
9.61899e-12
1.04223e-11
1.12438e-11
1.20679e-11
1.28737e-11
1.36341e-11
1.43147e-11
1.48738e-11
1.52626e-11
1.54262e-11
1.53061e-11
1.48439e-11
1.39865e-11
1.2693e-11
1.0941e-11
8.73496e-12
6.11319e-12
3.15643e-12
1.60015e-33
5.17632e-17
3.49985e-14
6.82881e-14
9.99919e-14
1.30185e-13
1.5894e-13
1.86324e-13
2.12403e-13
2.3724e-13
2.60892e-13
2.83417e-13
3.04868e-13
3.25297e-13
3.44752e-13
3.63279e-13
3.80924e-13
3.97727e-13
4.13729e-13
4.28968e-13
4.43481e-13
4.57302e-13
4.70464e-13
4.82999e-13
4.94936e-13
5.06304e-13
5.17131e-13
5.27441e-13
5.3726e-13
5.46611e-13
5.55517e-13
5.63998e-13
5.72075e-13
6.61004e-13
7.58775e-13
8.66253e-13
9.84382e-13
1.11419e-12
1.25679e-12
1.41341e-12
1.58535e-12
1.77402e-12
1.98094e-12
2.2077e-12
2.45601e-12
2.72763e-12
3.02437e-12
3.34806e-12
3.70045e-12
4.08322e-12
4.4978e-12
4.94524e-12
5.42607e-12
5.93999e-12
6.48564e-12
7.06011e-12
7.65853e-12
8.27349e-12
8.89431e-12
9.50639e-12
1.00904e-11
1.06216e-11
1.10695e-11
1.13974e-11
1.15635e-11
1.15217e-11
1.12247e-11
1.06272e-11
9.69177e-12
8.39437e-12
6.73174e-12
4.72894e-12
2.44812e-12
1.36683e-33
3.59256e-17
2.42905e-14
4.7395e-14
6.93988e-14
9.03544e-14
1.10311e-13
1.29318e-13
1.47418e-13
1.64655e-13
1.81072e-13
1.96705e-13
2.11594e-13
2.25772e-13
2.39275e-13
2.52135e-13
2.64381e-13
2.76043e-13
2.8715e-13
2.97727e-13
3.078e-13
3.17393e-13
3.26528e-13
3.35229e-13
3.43514e-13
3.51405e-13
3.58919e-13
3.66076e-13
3.72891e-13
3.79381e-13
3.85563e-13
3.91449e-13
3.97055e-13
4.58782e-13
5.26648e-13
6.01254e-13
6.83257e-13
7.73373e-13
8.72381e-13
9.81127e-13
1.10052e-12
1.23156e-12
1.37529e-12
1.53285e-12
1.70541e-12
1.89424e-12
2.10062e-12
2.32583e-12
2.57118e-12
2.83786e-12
3.12696e-12
3.43931e-12
3.77543e-12
4.13527e-12
4.51809e-12
4.92215e-12
5.34439e-12
5.77999e-12
6.22197e-12
6.66057e-12
7.08274e-12
7.47157e-12
7.80582e-12
8.05971e-12
8.20308e-12
8.20218e-12
8.02126e-12
7.62514e-12
6.98298e-12
6.07312e-12
4.88891e-12
3.44551e-12
1.78776e-12
1.09856e-33
2.26472e-17
1.53126e-14
2.98775e-14
4.37486e-14
5.69589e-14
6.95397e-14
8.15211e-14
9.29315e-14
1.03798e-13
1.14147e-13
1.24002e-13
1.33388e-13
1.42326e-13
1.50839e-13
1.58945e-13
1.66665e-13
1.74018e-13
1.81019e-13
1.87687e-13
1.94037e-13
2.00085e-13
2.05844e-13
2.11329e-13
2.16552e-13
2.21527e-13
2.26264e-13
2.30776e-13
2.35072e-13
2.39164e-13
2.43061e-13
2.46772e-13
2.50306e-13
2.89221e-13
3.32007e-13
3.79044e-13
4.30746e-13
4.87566e-13
5.49996e-13
6.18571e-13
6.9387e-13
7.76517e-13
8.67183e-13
9.66585e-13
1.07548e-12
1.19467e-12
1.32496e-12
1.46721e-12
1.62224e-12
1.79084e-12
1.97374e-12
2.17152e-12
2.38455e-12
2.6129e-12
2.85622e-12
3.11351e-12
3.38301e-12
3.66187e-12
3.94587e-12
4.22908e-12
4.50345e-12
4.75846e-12
4.98075e-12
5.1539e-12
5.25842e-12
5.27217e-12
5.17121e-12
4.93142e-12
4.5309e-12
3.95333e-12
3.19211e-12
2.25547e-12
1.17241e-12
7.91123e-34
1.10515e-17
7.47237e-15
1.45799e-14
2.13488e-14
2.77953e-14
3.39346e-14
3.97814e-14
4.53496e-14
5.06524e-14
5.57025e-14
6.05119e-14
6.50921e-14
6.9454e-14
7.36079e-14
7.75639e-14
8.13313e-14
8.49192e-14
8.8336e-14
9.159e-14
9.46888e-14
9.764e-14
1.00451e-13
1.03127e-13
1.05676e-13
1.08104e-13
1.10415e-13
1.12617e-13
1.14714e-13
1.16711e-13
1.18612e-13
1.20423e-13
1.22148e-13
1.41139e-13
1.62019e-13
1.84975e-13
2.10207e-13
2.37939e-13
2.68409e-13
3.0188e-13
3.38634e-13
3.78979e-13
4.23241e-13
4.71774e-13
5.24948e-13
5.83156e-13
6.46804e-13
7.16305e-13
7.92073e-13
8.74506e-13
9.63965e-13
1.06075e-12
1.16507e-12
1.27699e-12
1.39635e-12
1.52273e-12
1.65531e-12
1.79275e-12
1.93306e-12
2.07342e-12
2.20997e-12
2.33761e-12
2.44984e-12
2.53861e-12
2.59427e-12
2.60573e-12
2.56085e-12
2.44724e-12
2.25338e-12
1.97039e-12
1.59422e-12
1.12839e-12
5.87262e-13
4.30572e-34
3.2897e-42
4.33126e-41
1.42456e-40
2.86226e-40
4.59906e-40
6.51743e-40
8.52443e-40
1.05475e-39
1.2531e-39
1.4433e-39
1.62229e-39
1.78793e-39
1.93884e-39
2.07419e-39
2.19367e-39
2.2973e-39
2.38541e-39
2.45852e-39
2.51732e-39
2.56262e-39
2.59527e-39
2.6162e-39
2.62633e-39
2.6266e-39
2.61791e-39
2.60116e-39
2.5772e-39
2.54684e-39
2.51084e-39
2.46994e-39
2.4248e-39
1.60592e-38
3.80623e-38
5.51469e-38
7.90433e-38
1.12267e-37
1.58218e-37
2.21489e-37
3.08262e-37
4.2685e-37
5.88413e-37
8.07899e-37
1.1053e-36
1.50731e-36
2.04947e-36
2.77905e-36
3.75872e-36
5.07135e-36
6.82619e-36
9.16668e-36
1.22803e-35
1.6411e-35
2.18734e-35
2.90709e-35
3.85148e-35
5.08447e-35
6.68478e-35
8.74711e-35
1.1382e-34
1.47129e-34
1.88686e-34
2.39686e-34
3.00964e-34
3.72581e-34
4.53198e-34
5.39188e-34
6.23501e-34
6.94293e-34
7.33541e-34
7.16019e-34
6.09419e-34
3.77003e-34
1.48541e-34
