-2.29572e-41
-3.02256e-40
-9.94125e-40
-1.99742e-39
-3.20943e-39
-4.54814e-39
-5.94869e-39
-7.36045e-39
-8.74455e-39
-1.00718e-38
-1.13208e-38
-1.24766e-38
-1.35296e-38
-1.44741e-38
-1.53078e-38
-1.60309e-38
-1.66456e-38
-1.71557e-38
-1.7566e-38
-1.78819e-38
-1.81097e-38
-1.82557e-38
-1.83263e-38
-1.83281e-38
-1.82674e-38
-1.81504e-38
-1.79831e-38
-1.77712e-38
-1.752e-38
-1.72345e-38
-1.69195e-38
-1.12054e-37
-2.65574e-37
-3.8476e-37
-5.51449e-37
-7.83169e-37
-1.10362e-36
-1.54475e-36
-2.14961e-36
-2.976e-36
-4.10145e-36
-5.62971e-36
-7.69937e-36
-1.04951e-35
-1.42625e-35
-1.93272e-35
-2.61198e-35
-3.52076e-35
-4.73351e-35
-6.34748e-35
-8.48895e-35
-1.13208e-34
-1.50512e-34
-1.99437e-34
-2.63272e-34
-3.46053e-34
-4.5263e-34
-5.88653e-34
-7.60444e-34
-9.74655e-34
-1.23761e-33
-1.55417e-33
-1.92603e-33
-2.34918e-33
-2.81058e-33
-3.28398e-33
-3.72503e-33
-4.06624e-33
-4.21234e-33
-4.03716e-33
-3.38376e-33
-2.07142e-33
-2.37984e-34
2.84837e-17
1.92583e-14
3.75763e-14
5.50216e-14
7.16358e-14
8.74582e-14
1.02527e-13
1.16877e-13
1.30543e-13
1.43557e-13
1.55952e-13
1.67755e-13
1.78996e-13
1.897e-13
1.99895e-13
2.09603e-13
2.18849e-13
2.27653e-13
2.36038e-13
2.44023e-13
2.51628e-13
2.5887e-13
2.65766e-13
2.72334e-13
2.78589e-13
2.84546e-13
2.90219e-13
2.95621e-13
3.00766e-13
3.05665e-13
3.10332e-13
3.14775e-13
3.63701e-13
4.17489e-13
4.76612e-13
5.41588e-13
6.12981e-13
6.91401e-13
7.77511e-13
8.72025e-13
9.75709e-13
1.08938e-12
1.21391e-12
1.35021e-12
1.4992e-12
1.66186e-12
1.83912e-12
2.03188e-12
2.24098e-12
2.46706e-12
2.71056e-12
2.97155e-12
3.24962e-12
3.54368e-12
3.85175e-12
4.17068e-12
4.49583e-12
4.82072e-12
5.1367e-12
5.43255e-12
5.69429e-12
5.90506e-12
6.0453e-12
6.09342e-12
6.02687e-12
5.82382e-12
5.46544e-12
4.93841e-12
4.23757e-12
3.36826e-12
2.34812e-12
1.20898e-12
-2.17254e-33
5.95514e-17
4.02634e-14
7.85607e-14
1.15034e-13
1.49769e-13
1.82848e-13
2.14351e-13
2.44353e-13
2.72924e-13
3.00133e-13
3.26045e-13
3.50722e-13
3.74222e-13
3.96602e-13
4.17914e-13
4.3821e-13
4.57539e-13
4.75946e-13
4.93475e-13
5.10169e-13
5.26067e-13
5.41206e-13
5.55624e-13
5.69355e-13
5.82431e-13
5.94883e-13
6.06742e-13
6.18036e-13
6.28791e-13
6.39034e-13
6.48789e-13
6.58078e-13
7.60355e-13
8.72791e-13
9.96375e-13
1.13218e-12
1.28139e-12
1.44527e-12
1.6252e-12
1.82266e-12
2.03925e-12
2.27664e-12
2.53663e-12
2.82109e-12
3.13193e-12
3.4711e-12
3.84049e-12
4.24188e-12
4.67687e-12
5.14666e-12
5.65192e-12
6.19255e-12
6.76733e-12
7.37357e-12
8.00662e-12
8.6593e-12
9.32128e-12
9.97835e-12
1.06118e-11
1.11977e-11
1.17068e-11
1.21043e-11
1.23506e-11
1.24031e-11
1.22185e-11
1.17566e-11
1.09843e-11
9.88107e-12
8.4426e-12
6.68466e-12
4.64517e-12
2.38637e-12
-3.95197e-33
9.74327e-17
6.58743e-14
1.28532e-13
1.88204e-13
2.45033e-13
2.99154e-13
3.50695e-13
3.99779e-13
4.46523e-13
4.91038e-13
5.33431e-13
5.73802e-13
6.12248e-13
6.48861e-13
6.83728e-13
7.16932e-13
7.48553e-13
7.78666e-13
8.07343e-13
8.34653e-13
8.6066e-13
8.85427e-13
9.09013e-13
9.31475e-13
9.52866e-13
9.73237e-13
9.92636e-13
1.01111e-12
1.02871e-12
1.04546e-12
1.06142e-12
1.07661e-12
1.24392e-12
1.42782e-12
1.62995e-12
1.85205e-12
2.09604e-12
2.36397e-12
2.65809e-12
2.98079e-12
3.33464e-12
3.72235e-12
4.14678e-12
4.6109e-12
5.11773e-12
5.67029e-12
6.2715e-12
6.924e-12
7.63005e-12
8.39119e-12
9.20796e-12
1.00795e-11
1.10029e-11
1.19728e-11
1.29802e-11
1.40121e-11
1.50499e-11
1.6069e-11
1.70373e-11
1.79149e-11
1.8654e-11
1.91994e-11
1.94903e-11
1.94632e-11
1.90573e-11
1.82192e-11
1.69101e-11
1.51117e-11
1.28308e-11
1.01017e-11
6.98701e-12
3.57798e-12
-5.4044e-33
1.46236e-16
9.88678e-14
1.92907e-13
2.82467e-13
3.67758e-13
4.48984e-13
5.26338e-13
6.00004e-13
6.70157e-13
7.36965e-13
8.00587e-13
8.61175e-13
9.18873e-13
9.73819e-13
1.02615e-12
1.07598e-12
1.12343e-12
1.16862e-12
1.21165e-12
1.25264e-12
1.29166e-12
1.32883e-12
1.36422e-12
1.39793e-12
1.43003e-12
1.4606e-12
1.48971e-12
1.51743e-12
1.54383e-12
1.56897e-12
1.59292e-12
1.61572e-12
1.86675e-12
2.14267e-12
2.4459e-12
2.77904e-12
3.14495e-12
3.54669e-12
3.98757e-12
4.47115e-12
5.00118e-12
5.58165e-12
6.21671e-12
6.91064e-12
7.66773e-12
8.4922e-12
9.38801e-12
1.03586e-11
1.14067e-11
1.25336e-11
1.37392e-11
1.50206e-11
1.63719e-11
1.77828e-11
1.92376e-11
2.0714e-11
2.21814e-11
2.36001e-11
2.492e-11
2.60805e-11
2.70111e-11
2.76332e-11
2.7864e-11
2.76222e-11
2.68347e-11
2.54447e-11
2.34197e-11
2.07572e-11
1.74874e-11
1.36725e-11
9.40339e-12
4.79678e-12
-6.59489e-33
2.10044e-16
1.42004e-13
2.77073e-13
4.05707e-13
5.2821e-13
6.44873e-13
7.55974e-13
8.61777e-13
9.62534e-13
1.05849e-12
1.14986e-12
1.23688e-12
1.31974e-12
1.39865e-12
1.4738e-12
1.54536e-12
1.61351e-12
1.67841e-12
1.74021e-12
1.79907e-12
1.85511e-12
1.90848e-12
1.95931e-12
2.00771e-12
2.05381e-12
2.0977e-12
2.13951e-12
2.17931e-12
2.21722e-12
2.25333e-12
2.28771e-12
2.32045e-12
2.68089e-12
3.07703e-12
3.51231e-12
3.99046e-12
4.51552e-12
5.09185e-12
5.72412e-12
6.41735e-12
7.17679e-12
8.008e-12
8.9167e-12
9.9087e-12
1.09898e-11
1.21654e-11
1.34406e-11
1.48193e-11
1.63043e-11
1.78959e-11
1.95919e-11
2.1386e-11
2.32666e-11
2.52156e-11
2.72065e-11
2.92031e-11
3.11572e-11
3.30081e-11
3.46814e-11
3.60902e-11
3.71368e-11
3.77177e-11
3.77298e-11
3.70795e-11
3.5692e-11
3.35215e-11
3.05579e-11
2.68304e-11
2.2406e-11
1.73826e-11
1.18802e-11
6.03446e-12
-7.54795e-33
2.90736e-16
1.96551e-13
3.83503e-13
5.61547e-13
7.31103e-13
8.92577e-13
1.04635e-12
1.19279e-12
1.33224e-12
1.46504e-12
1.59151e-12
1.71194e-12
1.82663e-12
1.93584e-12
2.03984e-12
2.13888e-12
2.2332e-12
2.32301e-12
2.40854e-12
2.48998e-12
2.56754e-12
2.64141e-12
2.71174e-12
2.77872e-12
2.84251e-12
2.90325e-12
2.9611e-12
3.01618e-12
3.06864e-12
3.1186e-12
3.16617e-12
3.21148e-12
3.7102e-12
4.25827e-12
4.86039e-12
5.52171e-12
6.24775e-12
7.04446e-12
7.91823e-12
8.87581e-12
9.92433e-12
1.10712e-11
1.2324e-11
1.36903e-11
1.51776e-11
1.67925e-11
1.85411e-11
2.04275e-11
2.24536e-11
2.46181e-11
2.6915e-11
2.93321e-11
3.18495e-11
3.44375e-11
3.70542e-11
3.96436e-11
4.21338e-11
4.44362e-11
4.64457e-11
4.8043e-11
4.91001e-11
4.94881e-11
4.90876e-11
4.78017e-11
4.5568e-11
4.23683e-11
3.82336e-11
3.32413e-11
2.75067e-11
2.11687e-11
1.43745e-11
7.26957e-12
-8.27213e-33
3.83763e-16
2.59436e-13
5.06201e-13
7.41207e-13
9.6501e-13
1.17814e-12
1.38111e-12
1.57439e-12
1.75846e-12
1.93374e-12
2.10066e-12
2.25961e-12
2.41098e-12
2.55512e-12
2.69239e-12
2.8231e-12
2.94757e-12
3.06611e-12
3.17899e-12
3.28648e-12
3.38884e-12
3.48631e-12
3.57914e-12
3.66753e-12
3.75171e-12
3.83187e-12
3.90821e-12
3.98091e-12
4.05013e-12
4.11606e-12
4.17884e-12
4.23863e-12
4.89673e-12
5.61988e-12
6.41426e-12
7.28661e-12
8.24416e-12
9.29469e-12
1.04465e-11
1.17084e-11
1.30895e-11
1.45993e-11
1.62475e-11
1.80436e-11
1.99968e-11
2.21151e-11
2.44051e-11
2.68711e-11
2.95136e-11
3.23285e-11
3.5305e-11
3.84234e-11
4.16531e-11
4.49498e-11
4.82525e-11
5.14814e-11
5.4536e-11
5.72945e-11
5.96162e-11
6.13457e-11
6.23222e-11
6.23917e-11
6.14227e-11
5.93229e-11
5.60537e-11
5.16391e-11
4.61656e-11
3.97716e-11
3.26293e-11
2.49215e-11
1.68198e-11
8.4711e-12
-8.77118e-33
4.7574e-16
3.21611e-13
6.27514e-13
9.18839e-13
1.19628e-12
1.46048e-12
1.71209e-12
1.95169e-12
2.17986e-12
2.39715e-12
2.60406e-12
2.8011e-12
2.98873e-12
3.16741e-12
3.33756e-12
3.49959e-12
3.65389e-12
3.80082e-12
3.94074e-12
4.07398e-12
4.20086e-12
4.32168e-12
4.43674e-12
4.54631e-12
4.65065e-12
4.75001e-12
4.84463e-12
4.93474e-12
5.02054e-12
5.10226e-12
5.18007e-12
5.25418e-12
6.06986e-12
6.96611e-12
7.95058e-12
9.03158e-12
1.0218e-11
1.15195e-11
1.29462e-11
1.45089e-11
1.62188e-11
1.80875e-11
2.01266e-11
2.23477e-11
2.47613e-11
2.73772e-11
3.02024e-11
3.32412e-11
3.6493e-11
3.99506e-11
4.35984e-11
4.74094e-11
5.13423e-11
5.5338e-11
5.93166e-11
6.31745e-11
6.67823e-11
6.99854e-11
7.26069e-11
7.44553e-11
7.5337e-11
7.5073e-11
7.352e-11
7.05912e-11
6.62737e-11
6.06361e-11
5.38234e-11
4.60386e-11
3.75135e-11
2.84762e-11
1.91222e-11
9.59748e-12
-9.04666e-33
5.47493e-16
3.70116e-13
7.22156e-13
1.05742e-12
1.3767e-12
1.68075e-12
1.9703e-12
2.24604e-12
2.50863e-12
2.75868e-12
2.9968e-12
3.22355e-12
3.43948e-12
3.64511e-12
3.84092e-12
4.02738e-12
4.20495e-12
4.37403e-12
4.53505e-12
4.68838e-12
4.8344e-12
4.97344e-12
5.10585e-12
5.23194e-12
5.35201e-12
5.46636e-12
5.57524e-12
5.67894e-12
5.77768e-12
5.87172e-12
5.96127e-12
6.04654e-12
6.98521e-12
8.01657e-12
9.14945e-12
1.03934e-11
1.17586e-11
1.32561e-11
1.48977e-11
1.66956e-11
1.86628e-11
2.08124e-11
2.3158e-11
2.57124e-11
2.8488e-11
3.14954e-11
3.47429e-11
3.82347e-11
4.19698e-11
4.59395e-11
5.0125e-11
5.44942e-11
5.89985e-11
6.35684e-11
6.81102e-11
7.25026e-11
7.65943e-11
8.02049e-11
8.31288e-11
8.51439e-11
8.6027e-11
8.55741e-11
8.36256e-11
8.00914e-11
7.49711e-11
6.83629e-11
6.04564e-11
5.15075e-11
4.18014e-11
3.16107e-11
2.11582e-11
1.0595e-11
-9.09826e-33
5.81287e-16
3.92965e-13
7.66737e-13
1.1227e-12
1.46169e-12
1.78451e-12
2.09194e-12
2.38471e-12
2.6635e-12
2.929e-12
3.18182e-12
3.42258e-12
3.65184e-12
3.87017e-12
4.07807e-12
4.27605e-12
4.46459e-12
4.64412e-12
4.81508e-12
4.97789e-12
5.13292e-12
5.28056e-12
5.42115e-12
5.55503e-12
5.68252e-12
5.80393e-12
5.91955e-12
6.02965e-12
6.1345e-12
6.23435e-12
6.32943e-12
6.41998e-12
7.41668e-12
8.51184e-12
9.71484e-12
1.10358e-11
1.24857e-11
1.40762e-11
1.58198e-11
1.77297e-11
1.98197e-11
2.2104e-11
2.4597e-11
2.73126e-11
3.02643e-11
3.34637e-11
3.69202e-11
4.06389e-11
4.46195e-11
4.88539e-11
5.33232e-11
5.7995e-11
6.28191e-11
6.77238e-11
7.26112e-11
7.7354e-11
8.17925e-11
8.57349e-11
8.89606e-11
9.12292e-11
9.22958e-11
9.19331e-11
8.9958e-11
8.62604e-11
8.08274e-11
7.3756e-11
6.52481e-11
5.55856e-11
4.50895e-11
3.40706e-11
2.27844e-11
1.14008e-11
-4.93433e-33
5.81976e-16
3.93431e-13
7.67647e-13
1.12403e-12
1.46342e-12
1.78663e-12
2.09443e-12
2.38754e-12
2.66666e-12
2.93247e-12
3.1856e-12
3.42664e-12
3.65618e-12
3.87477e-12
4.08292e-12
4.28113e-12
4.46989e-12
4.64964e-12
4.8208e-12
4.9838e-12
5.13902e-12
5.28683e-12
5.42759e-12
5.56163e-12
5.68928e-12
5.81083e-12
5.92659e-12
6.03682e-12
6.1418e-12
6.24176e-12
6.33696e-12
6.42762e-12
7.42552e-12
8.522e-12
9.72644e-12
1.1049e-11
1.25007e-11
1.40931e-11
1.58389e-11
1.77513e-11
1.9844e-11
2.21312e-11
2.46275e-11
2.73468e-11
3.03027e-11
3.35069e-11
3.69687e-11
4.06934e-11
4.46809e-11
4.89231e-11
5.34014e-11
5.80835e-11
6.29195e-11
6.78378e-11
7.27407e-11
7.75011e-11
8.19593e-11
8.59233e-11
8.9172e-11
9.14644e-11
9.25545e-11
9.22129e-11
9.02547e-11
8.65673e-11
8.11357e-11
7.40549e-11
6.55262e-11
5.58321e-11
4.52951e-11
3.42287e-11
2.2891e-11
1.14543e-11
6.73223e-34
5.98748e-16
4.04771e-13
7.89774e-13
1.15643e-12
1.50561e-12
1.83813e-12
2.1548e-12
2.45636e-12
2.74354e-12
3.01701e-12
3.27744e-12
3.52543e-12
3.7616e-12
3.98649e-12
4.20064e-12
4.40458e-12
4.59878e-12
4.78372e-12
4.95982e-12
5.12753e-12
5.28723e-12
5.43931e-12
5.58413e-12
5.72204e-12
5.85337e-12
5.97844e-12
6.09754e-12
6.21095e-12
6.31896e-12
6.42182e-12
6.51976e-12
6.61304e-12
7.63978e-12
8.76799e-12
1.00073e-11
1.13683e-11
1.28621e-11
1.4501e-11
1.62977e-11
1.82661e-11
2.04204e-11
2.27754e-11
2.53459e-11
2.81469e-11
3.11924e-11
3.44948e-11
3.80642e-11
4.19068e-11
4.60232e-11
5.04059e-11
5.50372e-11
5.98852e-11
6.49003e-11
7.00108e-11
7.51182e-11
8.00936e-11
8.47743e-11
8.89635e-11
9.24329e-11
9.49316e-11
9.62003e-11
9.59941e-11
9.41095e-11
9.04157e-11
8.48814e-11
7.75913e-11
6.87451e-11
5.86344e-11
4.76012e-11
3.59841e-11
2.40673e-11
1.20424e-11
2.10963e-33
6.36081e-16
4.30008e-13
8.39015e-13
1.22853e-12
1.59948e-12
1.95274e-12
2.28915e-12
2.60951e-12
2.91459e-12
3.20511e-12
3.48177e-12
3.74523e-12
3.99611e-12
4.23502e-12
4.46252e-12
4.67917e-12
4.88548e-12
5.08194e-12
5.26902e-12
5.44718e-12
5.61683e-12
5.77839e-12
5.93224e-12
6.07874e-12
6.21826e-12
6.35112e-12
6.47764e-12
6.59812e-12
6.71286e-12
6.82212e-12
6.92617e-12
7.02526e-12
8.11597e-12
9.31444e-12
1.06309e-11
1.20766e-11
1.36634e-11
1.54041e-11
1.73125e-11
1.9403e-11
2.16909e-11
2.41916e-11
2.6921e-11
2.98946e-11
3.31273e-11
3.6632e-11
4.04193e-11
4.44951e-11
4.88597e-11
5.35048e-11
5.84106e-11
6.35426e-11
6.8847e-11
7.42467e-11
7.96362e-11
8.48775e-11
8.97973e-11
9.41866e-11
9.78037e-11
1.00384e-10
1.01656e-10
1.01364e-10
9.92977e-11
9.53247e-11
8.94174e-11
8.16705e-11
7.22989e-11
6.16134e-11
4.99772e-11
3.77493e-11
2.52295e-11
1.26171e-11
2.09458e-33
6.88176e-16
4.65221e-13
9.0772e-13
1.32913e-12
1.73045e-12
2.11263e-12
2.47659e-12
2.82318e-12
3.15324e-12
3.46754e-12
3.76685e-12
4.05187e-12
4.32329e-12
4.58175e-12
4.82787e-12
5.06225e-12
5.28544e-12
5.49797e-12
5.70037e-12
5.8931e-12
6.07663e-12
6.2514e-12
6.41783e-12
6.57632e-12
6.72725e-12
6.87098e-12
7.00784e-12
7.13818e-12
7.2623e-12
7.3805e-12
7.49306e-12
7.60025e-12
8.78011e-12
1.00765e-11
1.15005e-11
1.3064e-11
1.478e-11
1.66624e-11
1.87257e-11
2.09856e-11
2.34582e-11
2.61602e-11
2.91084e-11
3.23192e-11
3.58079e-11
3.95881e-11
4.36699e-11
4.80589e-11
5.27537e-11
5.77434e-11
6.30045e-11
6.84966e-11
7.41588e-11
7.9904e-11
8.56146e-11
9.11383e-11
9.62854e-11
1.00829e-10
1.04512e-10
1.07052e-10
1.08169e-10
1.07602e-10
1.05146e-10
1.00681e-10
9.42012e-11
8.58267e-11
7.58004e-11
6.44589e-11
5.21859e-11
3.9354e-11
2.62685e-11
1.31255e-11
1.2045e-33
6.99008e-16
4.72542e-13
9.22004e-13
1.35005e-12
1.75768e-12
2.14588e-12
2.51556e-12
2.86761e-12
3.20285e-12
3.5221e-12
3.82612e-12
4.11562e-12
4.39131e-12
4.65383e-12
4.90383e-12
5.14189e-12
5.36859e-12
5.58447e-12
5.79004e-12
5.9858e-12
6.17222e-12
6.34974e-12
6.51879e-12
6.67977e-12
6.83307e-12
6.97905e-12
7.11807e-12
7.25045e-12
7.37652e-12
7.49658e-12
7.61091e-12
7.71978e-12
8.91817e-12
1.02349e-11
1.16812e-11
1.32692e-11
1.50121e-11
1.69238e-11
1.90193e-11
2.13143e-11
2.38253e-11
2.6569e-11
2.95624e-11
3.28222e-11
3.63638e-11
4.02006e-11
4.4343e-11
4.87962e-11
5.35584e-11
5.86181e-11
6.39509e-11
6.95152e-11
7.52483e-11
8.10609e-11
8.68329e-11
9.24087e-11
9.75952e-11
1.02162e-10
1.05848e-10
1.08369e-10
1.09443e-10
1.08808e-10
1.06262e-10
1.01689e-10
9.50868e-11
8.65835e-11
7.64275e-11
6.49604e-11
5.25696e-11
3.96293e-11
2.6445e-11
1.32114e-11
1.1694e-33
7.53155e-16
5.09139e-13
9.9341e-13
1.4546e-12
1.8938e-12
2.31206e-12
2.71037e-12
3.08967e-12
3.45088e-12
3.79484e-12
4.12239e-12
4.43431e-12
4.73133e-12
5.01417e-12
5.28352e-12
5.54e-12
5.78424e-12
6.01682e-12
6.2383e-12
6.4492e-12
6.65004e-12
6.84129e-12
7.02341e-12
7.19684e-12
7.36199e-12
7.51927e-12
7.66903e-12
7.81165e-12
7.94747e-12
8.0768e-12
8.19997e-12
8.31726e-12
9.60825e-12
1.10266e-11
1.25845e-11
1.42949e-11
1.61718e-11
1.82303e-11
2.04863e-11
2.29566e-11
2.56586e-11
2.86102e-11
3.18291e-11
3.53327e-11
3.9137e-11
4.32555e-11
4.76979e-11
5.24683e-11
5.75629e-11
6.29667e-11
6.86503e-11
7.45655e-11
8.06403e-11
8.67743e-11
9.28333e-11
9.8646e-11
1.04002e-10
1.08652e-10
1.12319e-10
1.14707e-10
1.15526e-10
1.14518e-10
1.11493e-10
1.06358e-10
9.91412e-11
9.00024e-11
7.92213e-11
6.71643e-11
5.42339e-11
4.08103e-11
2.71957e-11
1.35743e-11
2.13916e-33
8.31492e-16
5.62084e-13
1.09671e-12
1.60586e-12
2.09073e-12
2.55248e-12
2.9922e-12
3.41093e-12
3.80969e-12
4.1894e-12
4.551e-12
4.89533e-12
5.22322e-12
5.53545e-12
5.83278e-12
6.11591e-12
6.38552e-12
6.64226e-12
6.88674e-12
7.11955e-12
7.34124e-12
7.55235e-12
7.75338e-12
7.94481e-12
8.12711e-12
8.30071e-12
8.46602e-12
8.62344e-12
8.77335e-12
8.91611e-12
9.05206e-12
9.18151e-12
1.06064e-11
1.21718e-11
1.38909e-11
1.57781e-11
1.78487e-11
2.01191e-11
2.26068e-11
2.533e-11
2.83075e-11
3.15584e-11
3.51017e-11
3.89557e-11
4.31367e-11
4.76582e-11
5.25288e-11
5.77504e-11
6.33156e-11
6.92039e-11
7.53778e-11
8.17783e-11
8.83196e-11
9.48837e-11
1.01316e-10
1.0742e-10
1.12961e-10
1.17664e-10
1.21231e-10
1.23349e-10
1.23726e-10
1.22114e-10
1.18346e-10
1.12369e-10
1.0426e-10
9.4228e-11
8.25981e-11
6.97683e-11
5.61579e-11
4.2149e-11
2.80332e-11
1.39747e-11
2.21739e-33
9.21444e-16
6.22876e-13
1.21533e-12
1.77954e-12
2.31685e-12
2.82853e-12
3.31579e-12
3.7798e-12
4.22167e-12
4.64244e-12
5.04311e-12
5.42466e-12
5.78799e-12
6.13397e-12
6.46342e-12
6.77714e-12
7.07588e-12
7.36035e-12
7.63124e-12
7.88919e-12
8.13482e-12
8.36873e-12
8.59146e-12
8.80357e-12
9.00555e-12
9.19788e-12
9.38104e-12
9.55545e-12
9.72154e-12
9.8797e-12
1.00303e-11
1.01737e-11
1.17523e-11
1.34863e-11
1.53904e-11
1.74804e-11
1.97731e-11
2.22866e-11
2.50397e-11
2.80524e-11
3.1345e-11
3.49381e-11
3.88519e-11
4.31054e-11
4.77153e-11
5.26944e-11
5.80499e-11
6.37808e-11
6.98748e-11
7.63042e-11
8.30217e-11
8.99548e-11
9.70008e-11
1.04021e-10
1.10834e-10
1.17219e-10
1.22909e-10
1.27605e-10
1.30982e-10
1.32718e-10
1.32519e-10
1.30156e-10
1.25499e-10
1.18542e-10
1.09423e-10
9.84081e-11
8.58696e-11
7.22376e-11
5.79444e-11
4.33681e-11
2.87836e-11
1.43297e-11
2.06581e-33
1.02156e-15
6.90533e-13
1.34734e-12
1.97283e-12
2.56849e-12
3.13574e-12
3.67592e-12
4.19032e-12
4.68016e-12
5.14661e-12
5.59078e-12
6.01375e-12
6.41651e-12
6.80003e-12
7.16524e-12
7.51299e-12
7.84414e-12
8.15947e-12
8.45974e-12
8.74567e-12
9.01794e-12
9.27721e-12
9.5241e-12
9.7592e-12
9.98307e-12
1.01963e-11
1.03993e-11
1.05926e-11
1.07767e-11
1.0952e-11
1.11189e-11
1.12779e-11
1.30274e-11
1.4949e-11
1.70589e-11
1.93743e-11
2.19139e-11
2.46973e-11
2.77452e-11
3.10792e-11
3.47214e-11
3.86937e-11
4.30176e-11
4.77127e-11
5.27957e-11
5.82788e-11
6.41669e-11
7.04552e-11
7.71253e-11
8.4141e-11
9.1443e-11
9.89431e-11
1.06518e-10
1.14006e-10
1.21197e-10
1.27838e-10
1.33632e-10
1.3825e-10
1.41347e-10
1.4259e-10
1.41692e-10
1.38451e-10
1.32782e-10
1.24739e-10
1.14525e-10
1.02468e-10
8.89902e-11
7.4549e-11
5.95856e-11
4.44686e-11
2.94511e-11
1.4642e-11
1.91788e-33
1.13056e-15
7.64196e-13
1.49106e-12
2.18328e-12
2.84248e-12
3.47023e-12
4.06801e-12
4.63727e-12
5.17934e-12
5.69552e-12
6.18705e-12
6.6551e-12
7.10079e-12
7.52519e-12
7.92931e-12
8.31413e-12
8.68056e-12
9.02948e-12
9.36173e-12
9.67811e-12
9.97938e-12
1.02663e-11
1.05394e-11
1.07996e-11
1.10473e-11
1.12831e-11
1.15078e-11
1.17216e-11
1.19253e-11
1.21193e-11
1.2304e-11
1.24799e-11
1.44154e-11
1.65411e-11
1.88748e-11
2.14355e-11
2.42435e-11
2.73203e-11
3.06886e-11
3.43715e-11
3.8393e-11
4.27764e-11
4.75444e-11
5.2717e-11
5.8311e-11
6.4337e-11
7.07973e-11
7.76824e-11
8.49668e-11
9.2604e-11
1.00521e-10
1.08611e-10
1.16729e-10
1.24684e-10
1.32237e-10
1.39101e-10
1.44946e-10
1.49412e-10
1.52137e-10
1.52781e-10
1.51072e-10
1.46842e-10
1.40061e-10
1.30851e-10
1.19485e-10
1.06356e-10
9.19296e-11
7.66897e-11
6.10801e-11
4.54548e-11
3.00409e-11
1.49154e-11
1.77515e-33
1.24726e-15
8.43056e-13
1.64493e-12
2.40857e-12
3.13579e-12
3.8283e-12
4.48777e-12
5.11574e-12
5.71373e-12
6.28315e-12
6.82537e-12
7.34168e-12
7.83333e-12
8.30148e-12
8.74726e-12
9.17173e-12
9.57593e-12
9.9608e-12
1.03273e-11
1.06763e-11
1.10086e-11
1.1325e-11
1.16263e-11
1.19132e-11
1.21864e-11
1.24466e-11
1.26943e-11
1.29302e-11
1.31549e-11
1.33688e-11
1.35725e-11
1.37665e-11
1.59011e-11
1.82453e-11
2.08184e-11
2.36413e-11
2.67363e-11
3.01268e-11
3.38371e-11
3.78927e-11
4.23188e-11
4.71406e-11
5.23814e-11
5.8062e-11
6.41983e-11
7.07996e-11
7.78645e-11
8.53779e-11
9.33062e-11
1.01591e-10
1.10143e-10
1.18837e-10
1.27501e-10
1.35914e-10
1.43805e-10
1.5085e-10
1.56686e-10
1.60925e-10
1.63187e-10
1.63133e-10
1.60513e-10
1.55201e-10
1.4723e-10
1.36797e-10
1.24247e-10
1.10035e-10
9.467e-11
7.86549e-11
6.24307e-11
4.63328e-11
3.05593e-11
1.51533e-11
1.63872e-33
1.37048e-15
9.26317e-13
1.80738e-12
2.64643e-12
3.44546e-12
4.20636e-12
4.93094e-12
5.62091e-12
6.27792e-12
6.90355e-12
7.49929e-12
8.06655e-12
8.60671e-12
9.12105e-12
9.6108e-12
1.00771e-11
1.05212e-11
1.0944e-11
1.13467e-11
1.173e-11
1.20951e-11
1.24427e-11
1.27737e-11
1.30889e-11
1.33891e-11
1.36749e-11
1.3947e-11
1.42061e-11
1.44529e-11
1.46879e-11
1.49117e-11
1.51247e-11
1.74695e-11
2.00441e-11
2.28698e-11
2.59694e-11
2.9367e-11
3.3088e-11
3.71589e-11
4.16068e-11
4.64588e-11
5.17414e-11
5.74789e-11
6.36922e-11
7.03965e-11
7.75988e-11
8.52937e-11
9.34598e-11
1.02054e-10
1.11004e-10
1.20204e-10
1.29506e-10
1.38711e-10
1.47565e-10
1.55763e-10
1.62942e-10
1.68707e-10
1.72642e-10
1.74354e-10
1.73513e-10
1.69894e-10
1.63425e-10
1.54207e-10
1.42515e-10
1.28769e-10
1.13483e-10
9.72036e-11
8.04459e-11
6.36439e-11
4.71104e-11
3.10127e-11
1.53595e-11
1.50935e-33
1.49903e-15
1.01318e-12
1.97686e-12
2.89459e-12
3.76853e-12
4.60077e-12
5.39327e-12
6.14792e-12
6.86651e-12
7.55077e-12
8.20233e-12
8.82275e-12
9.41351e-12
9.97603e-12
1.05117e-11
1.10217e-11
1.15073e-11
1.19697e-11
1.24101e-11
1.28293e-11
1.32286e-11
1.36087e-11
1.39707e-11
1.43154e-11
1.46436e-11
1.49561e-11
1.52537e-11
1.55371e-11
1.58069e-11
1.60639e-11
1.63086e-11
1.65416e-11
1.91054e-11
2.19203e-11
2.50094e-11
2.83973e-11
3.21102e-11
3.61756e-11
4.06218e-11
4.5478e-11
5.07729e-11
5.65342e-11
6.27872e-11
6.95527e-11
7.68448e-11
8.46677e-11
9.30115e-11
1.01847e-10
1.11121e-10
1.20748e-10
1.30601e-10
1.40508e-10
1.50241e-10
1.59513e-10
1.6798e-10
1.75245e-10
1.80875e-10
1.84433e-10
1.85516e-10
1.83806e-10
1.79116e-10
1.71432e-10
1.60929e-10
1.47964e-10
1.33028e-10
1.16691e-10
9.95298e-11
8.20686e-11
6.47283e-11
4.77962e-11
3.14077e-11
1.55376e-11
1.38748e-33
1.63172e-15
1.10284e-12
2.1518e-12
3.15073e-12
4.10201e-12
5.00787e-12
5.87048e-12
6.69189e-12
7.47405e-12
8.21882e-12
8.928e-12
9.60327e-12
1.02463e-11
1.08585e-11
1.14415e-11
1.19966e-11
1.25251e-11
1.30284e-11
1.35076e-11
1.39639e-11
1.43984e-11
1.48121e-11
1.52061e-11
1.55812e-11
1.59384e-11
1.62785e-11
1.66024e-11
1.69108e-11
1.72044e-11
1.74841e-11
1.77503e-11
1.80039e-11
2.07937e-11
2.38565e-11
2.72173e-11
3.09025e-11
3.49406e-11
3.93608e-11
4.41937e-11
4.94702e-11
5.52208e-11
6.14744e-11
6.82569e-11
7.55888e-11
8.34829e-11
9.19401e-11
1.00945e-10
1.10461e-10
1.20423e-10
1.30729e-10
1.41233e-10
1.51736e-10
1.61979e-10
1.71641e-10
1.80338e-10
1.87636e-10
1.9307e-10
1.96182e-10
1.96565e-10
1.93918e-10
1.88099e-10
1.79159e-10
1.67352e-10
1.53115e-10
1.37009e-10
1.19655e-10
1.01654e-10
8.35317e-11
6.56935e-11
4.83989e-11
3.17509e-11
1.5691e-11
1.27332e-33
1.76738e-15
1.1945e-12
2.33063e-12
3.41258e-12
4.44291e-12
5.42404e-12
6.35833e-12
7.24797e-12
8.0951e-12
8.90174e-12
9.66981e-12
1.04012e-11
1.10975e-11
1.17606e-11
1.2392e-11
1.29931e-11
1.35656e-11
1.41106e-11
1.46296e-11
1.51237e-11
1.55943e-11
1.60423e-11
1.64689e-11
1.68751e-11
1.72619e-11
1.76302e-11
1.79809e-11
1.83149e-11
1.86329e-11
1.89357e-11
1.9224e-11
1.94986e-11
2.25194e-11
2.58355e-11
2.94738e-11
3.34627e-11
3.78327e-11
4.26152e-11
4.78427e-11
5.35479e-11
5.97629e-11
6.65178e-11
7.38389e-11
8.17464e-11
9.02511e-11
9.93505e-11
1.09024e-10
1.19225e-10
1.29876e-10
1.40859e-10
1.52005e-10
1.63089e-10
1.7382e-10
1.8384e-10
1.92726e-10
2.00006e-10
2.05186e-10
2.07789e-10
2.07409e-10
2.03771e-10
1.96781e-10
1.8656e-10
1.73445e-10
1.57952e-10
1.40709e-10
1.22379e-10
1.03584e-10
8.48459e-11
6.65499e-11
4.89271e-11
3.20482e-11
1.58227e-11
1.16689e-33
1.90483e-15
1.28736e-12
2.51183e-12
3.67789e-12
4.78831e-12
5.84571e-12
6.85261e-12
7.81139e-12
8.72435e-12
9.59366e-12
1.04214e-11
1.12096e-11
1.196e-11
1.26746e-11
1.3355e-11
1.40028e-11
1.46197e-11
1.5207e-11
1.57663e-11
1.62988e-11
1.68058e-11
1.72886e-11
1.77483e-11
1.8186e-11
1.86028e-11
1.89997e-11
1.93776e-11
1.97375e-11
2.00801e-11
2.04064e-11
2.07171e-11
2.10129e-11
2.42677e-11
2.78403e-11
3.17595e-11
3.60559e-11
4.07618e-11
4.59109e-11
5.15374e-11
5.7676e-11
6.43602e-11
7.16212e-11
7.94856e-11
8.79728e-11
9.70918e-11
1.06836e-10
1.17178e-10
1.28062e-10
1.39398e-10
1.5105e-10
1.62826e-10
1.74472e-10
1.85665e-10
1.96008e-10
2.05042e-10
2.12256e-10
2.17128e-10
2.19167e-10
2.17973e-10
2.13301e-10
2.05112e-10
1.93602e-10
1.7919e-10
1.62469e-10
1.4413e-10
1.24872e-10
1.05332e-10
8.60228e-11
6.73079e-11
4.93891e-11
3.23054e-11
1.59356e-11
1.06806e-33
2.04296e-15
1.38069e-12
2.69391e-12
3.9445e-12
5.1354e-12
6.26944e-12
7.34931e-12
8.37756e-12
9.35667e-12
1.0289e-11
1.11767e-11
1.20219e-11
1.28267e-11
1.3593e-11
1.43227e-11
1.50174e-11
1.56789e-11
1.63088e-11
1.69085e-11
1.74795e-11
1.80232e-11
1.85409e-11
1.90339e-11
1.95033e-11
1.99502e-11
2.03758e-11
2.0781e-11
2.11668e-11
2.15343e-11
2.18841e-11
2.22172e-11
2.25345e-11
2.60243e-11
2.98545e-11
3.40559e-11
3.8661e-11
4.37042e-11
4.9221e-11
5.52479e-11
6.1821e-11
6.89755e-11
7.67433e-11
8.51512e-11
9.42178e-11
1.0395e-10
1.14336e-10
1.25342e-10
1.36904e-10
1.48916e-10
1.61223e-10
1.73611e-10
1.85797e-10
1.97423e-10
2.08056e-10
2.17195e-10
2.24299e-10
2.28816e-10
2.30244e-10
2.28195e-10
2.2246e-10
2.13058e-10
2.00264e-10
1.84577e-10
1.66667e-10
1.47279e-10
1.27146e-10
1.0691e-10
8.70742e-11
6.79777e-11
4.97927e-11
3.25275e-11
1.60323e-11
9.76582e-34
2.1807e-15
1.47375e-12
2.87548e-12
4.21036e-12
5.48152e-12
6.69198e-12
7.84461e-12
8.94215e-12
9.98721e-12
1.09823e-11
1.19298e-11
1.2832e-11
1.3691e-11
1.45089e-11
1.52876e-11
1.60291e-11
1.67351e-11
1.74074e-11
1.80474e-11
1.86569e-11
1.92372e-11
1.97897e-11
2.03158e-11
2.08167e-11
2.12937e-11
2.17479e-11
2.21803e-11
2.25921e-11
2.29842e-11
2.33576e-11
2.37131e-11
2.40516e-11
2.77757e-11
3.18628e-11
3.63454e-11
4.12581e-11
4.66372e-11
5.25204e-11
5.89458e-11
6.59514e-11
7.35736e-11
8.18451e-11
9.07927e-11
1.00434e-10
1.10773e-10
1.21794e-10
1.33456e-10
1.45684e-10
1.58357e-10
1.71303e-10
1.84282e-10
1.96983e-10
2.09012e-10
2.199e-10
2.29108e-10
2.36059e-10
2.4018e-10
2.40961e-10
2.38028e-10
2.31212e-10
2.20597e-10
2.06535e-10
1.89607e-10
1.70553e-10
1.50169e-10
1.29214e-10
1.08332e-10
8.80119e-11
6.85687e-11
5.01448e-11
3.27192e-11
1.6115e-11
8.92161e-34
2.31709e-15
1.56589e-12
3.05526e-12
4.47358e-12
5.82421e-12
7.11033e-12
8.335e-12
9.50112e-12
1.06115e-11
1.16688e-11
1.26754e-11
1.36339e-11
1.45466e-11
1.54156e-11
1.6243e-11
1.70307e-11
1.77808e-11
1.8495e-11
1.9175e-11
1.98225e-11
2.0439e-11
2.1026e-11
2.15849e-11
2.21171e-11
2.26238e-11
2.31063e-11
2.35657e-11
2.40031e-11
2.44197e-11
2.48163e-11
2.5194e-11
2.55536e-11
2.95096e-11
3.38508e-11
3.86117e-11
4.38287e-11
4.95402e-11
5.57857e-11
6.26051e-11
7.0038e-11
7.81221e-11
8.68907e-11
9.63708e-11
1.06578e-10
1.17515e-10
1.2916e-10
1.41464e-10
1.54342e-10
1.6766e-10
1.81224e-10
1.94771e-10
2.07959e-10
2.20361e-10
2.3147e-10
2.40711e-10
2.47474e-10
2.51165e-10
2.51269e-10
2.47433e-10
2.39532e-10
2.27715e-10
2.12412e-10
1.94285e-10
1.74138e-10
1.52814e-10
1.3109e-10
1.0961e-10
8.88472e-11
6.90898e-11
5.04518e-11
3.28845e-11
1.61857e-11
8.14431e-34
2.45123e-15
1.65651e-12
3.23206e-12
4.73246e-12
6.16124e-12
7.52177e-12
8.81728e-12
1.00509e-11
1.12255e-11
1.23439e-11
1.34088e-11
1.44227e-11
1.53881e-11
1.63073e-11
1.71825e-11
1.80158e-11
1.88092e-11
1.95647e-11
2.0284e-11
2.09688e-11
2.16209e-11
2.22418e-11
2.2833e-11
2.33959e-11
2.39318e-11
2.44422e-11
2.49281e-11
2.53908e-11
2.58314e-11
2.62509e-11
2.66503e-11
2.70307e-11
3.12147e-11
3.58057e-11
4.08401e-11
4.63563e-11
5.23944e-11
5.89957e-11
6.62021e-11
7.40545e-11
8.25919e-11
9.18481e-11
1.0185e-10
1.12612e-10
1.24132e-10
1.36386e-10
1.49316e-10
1.62827e-10
1.76767e-10
1.90926e-10
2.05015e-10
2.18663e-10
2.31408e-10
2.42706e-10
2.51947e-10
2.58492e-10
2.61725e-10
2.61135e-10
2.56387e-10
2.47405e-10
2.34406e-10
2.17899e-10
1.9862e-10
1.77436e-10
1.55227e-10
1.32788e-10
1.10758e-10
8.95907e-11
6.9549e-11
5.07196e-11
3.30272e-11
1.62461e-11
7.43006e-34
2.58233e-15
1.74508e-12
3.40487e-12
4.98548e-12
6.49064e-12
7.9239e-12
9.28867e-12
1.05882e-11
1.18255e-11
1.30037e-11
1.41255e-11
1.51936e-11
1.62105e-11
1.71788e-11
1.81008e-11
1.89786e-11
1.98143e-11
2.06101e-11
2.13678e-11
2.20892e-11
2.27761e-11
2.34301e-11
2.40528e-11
2.46457e-11
2.52102e-11
2.57478e-11
2.62596e-11
2.6747e-11
2.7211e-11
2.76529e-11
2.80736e-11
2.84742e-11
3.2881e-11
3.77162e-11
4.30178e-11
4.88262e-11
5.51832e-11
6.2132e-11
6.9716e-11
7.79779e-11
8.69572e-11
9.66887e-11
1.07198e-10
1.185e-10
1.30588e-10
1.43432e-10
1.56969e-10
1.7109e-10
1.85631e-10
2.0036e-10
2.14964e-10
2.29042e-10
2.421e-10
2.53558e-10
2.62771e-10
2.69072e-10
2.71829e-10
2.70531e-10
2.64873e-10
2.54825e-10
2.40674e-10
2.23004e-10
2.02625e-10
1.80461e-10
1.57426e-10
1.34324e-10
1.11788e-10
9.02522e-11
6.99538e-11
5.09531e-11
3.31502e-11
1.62977e-11
6.77485e-34
2.70974e-15
1.83114e-12
3.57279e-12
5.23136e-12
6.81074e-12
8.31467e-12
9.74672e-12
1.11103e-11
1.24086e-11
1.36449e-11
1.48219e-11
1.59427e-11
1.70097e-11
1.80257e-11
1.89931e-11
1.99141e-11
2.0791e-11
2.1626e-11
2.24209e-11
2.31778e-11
2.38985e-11
2.45847e-11
2.5238e-11
2.58601e-11
2.64524e-11
2.70164e-11
2.75534e-11
2.80647e-11
2.85516e-11
2.90152e-11
2.94566e-11
2.98769e-11
3.45001e-11
3.95724e-11
4.51336e-11
5.12257e-11
5.78924e-11
6.51785e-11
7.31292e-11
8.17882e-11
9.11963e-11
1.01388e-10
1.1239e-10
1.24214e-10
1.36851e-10
1.50266e-10
1.64387e-10
1.79095e-10
1.9421e-10
2.09482e-10
2.24573e-10
2.39054e-10
2.52397e-10
2.63987e-10
2.73148e-10
2.79183e-10
2.81451e-10
2.79443e-10
2.72883e-10
2.61792e-10
2.46524e-10
2.2774e-10
2.06318e-10
1.83232e-10
1.59426e-10
1.35712e-10
1.12712e-10
9.08406e-11
7.03106e-11
5.11568e-11
3.32564e-11
1.63419e-11
6.17463e-34
2.83288e-15
1.91433e-12
3.73509e-12
5.469e-12
7.12011e-12
8.69235e-12
1.01894e-11
1.16149e-11
1.29722e-11
1.42646e-11
1.54951e-11
1.66666e-11
1.77821e-11
1.88442e-11
1.98554e-11
2.08182e-11
2.17349e-11
2.26077e-11
2.34388e-11
2.423e-11
2.49833e-11
2.57006e-11
2.63836e-11
2.70338e-11
2.7653e-11
2.82425e-11
2.88038e-11
2.93383e-11
2.98472e-11
3.03317e-11
3.07931e-11
3.12325e-11
3.60648e-11
4.13663e-11
4.71782e-11
5.35444e-11
6.05102e-11
6.81221e-11
7.64266e-11
8.5469e-11
9.52906e-11
1.05927e-10
1.17403e-10
1.29729e-10
1.42894e-10
1.56857e-10
1.71539e-10
1.86808e-10
2.02472e-10
2.18259e-10
2.33809e-10
2.48664e-10
2.62264e-10
2.73963e-10
2.83049e-10
2.88806e-10
2.90577e-10
2.87863e-10
2.80417e-10
2.68312e-10
2.5197e-10
2.32123e-10
2.09715e-10
1.85765e-10
1.61243e-10
1.36964e-10
1.1354e-10
9.13641e-11
7.06253e-11
5.13347e-11
3.33481e-11
1.63797e-11
4.42444e-34
2.89747e-15
1.95796e-12
3.82023e-12
5.59365e-12
7.2824e-12
8.89046e-12
1.04217e-11
1.18796e-11
1.32678e-11
1.45896e-11
1.58481e-11
1.70464e-11
1.81873e-11
1.92736e-11
2.03078e-11
2.12925e-11
2.22301e-11
2.31227e-11
2.39726e-11
2.47819e-11
2.55523e-11
2.62859e-11
2.69844e-11
2.76495e-11
2.82827e-11
2.88856e-11
2.94597e-11
3.00063e-11
3.05268e-11
3.10223e-11
3.14942e-11
3.19435e-11
3.68855e-11
4.23071e-11
4.82506e-11
5.47605e-11
6.18831e-11
6.96658e-11
7.81558e-11
8.7399e-11
9.74373e-11
1.08306e-10
1.20031e-10
1.3262e-10
1.46061e-10
1.6031e-10
1.75283e-10
1.90845e-10
2.06794e-10
2.22847e-10
2.38634e-10
2.5368e-10
2.67409e-10
2.79156e-10
2.88196e-10
2.93797e-10
2.95299e-10
2.92207e-10
2.84291e-10
2.71652e-10
2.54748e-10
2.3435e-10
2.11433e-10
1.87041e-10
1.62154e-10
1.37589e-10
1.13951e-10
9.16225e-11
7.07796e-11
5.14213e-11
3.33924e-11
1.63977e-11
-7.50446e-34
2.94678e-15
1.99127e-12
3.88521e-12
5.6888e-12
7.40627e-12
9.04168e-12
1.05989e-11
1.20817e-11
1.34935e-11
1.48378e-11
1.61177e-11
1.73363e-11
1.84966e-11
1.96013e-11
2.06531e-11
2.16545e-11
2.2608e-11
2.35158e-11
2.43802e-11
2.52031e-11
2.59867e-11
2.67327e-11
2.74431e-11
2.81194e-11
2.87633e-11
2.93765e-11
2.99603e-11
3.05162e-11
3.10455e-11
3.15494e-11
3.20293e-11
3.24863e-11
3.7512e-11
4.30253e-11
4.90692e-11
5.56887e-11
6.2931e-11
7.0844e-11
7.94755e-11
8.88719e-11
9.90755e-11
1.10122e-10
1.22036e-10
1.34825e-10
1.48476e-10
1.62943e-10
1.78139e-10
1.93923e-10
2.10088e-10
2.26344e-10
2.42309e-10
2.57498e-10
2.71323e-10
2.83104e-10
2.92104e-10
2.97583e-10
2.98875e-10
2.95492e-10
2.87214e-10
2.74166e-10
2.56834e-10
2.36016e-10
2.12713e-10
1.87988e-10
1.62826e-10
1.38047e-10
1.1425e-10
9.18082e-11
7.08889e-11
5.14815e-11
3.34225e-11
1.64098e-11
-2.72349e-33
3.02256e-15
2.04246e-12
3.9851e-12
5.83505e-12
7.59666e-12
9.27411e-12
1.08714e-11
1.23922e-11
1.38403e-11
1.52191e-11
1.65319e-11
1.77818e-11
1.89719e-11
2.0105e-11
2.11838e-11
2.22109e-11
2.31889e-11
2.412e-11
2.50065e-11
2.58506e-11
2.66543e-11
2.74194e-11
2.8148e-11
2.88416e-11
2.95021e-11
3.0131e-11
3.07297e-11
3.12999e-11
3.18427e-11
3.23596e-11
3.28518e-11
3.33204e-11
3.84748e-11
4.41291e-11
5.03271e-11
5.71153e-11
6.45414e-11
7.26546e-11
8.15035e-11
9.11353e-11
1.01593e-10
1.12911e-10
1.25115e-10
1.38213e-10
1.52186e-10
1.66987e-10
1.82523e-10
1.98647e-10
2.15142e-10
2.31705e-10
2.47941e-10
2.63345e-10
2.77311e-10
2.89137e-10
2.98068e-10
3.0335e-10
3.04311e-10
3.0047e-10
2.91628e-10
2.77944e-10
2.59949e-10
2.38484e-10
2.14591e-10
1.89356e-10
1.63781e-10
1.38682e-10
1.1465e-10
9.20455e-11
7.10196e-11
5.15471e-11
3.34514e-11
1.64199e-11
-3.48445e-33
3.06251e-15
2.06944e-12
4.03774e-12
5.91212e-12
7.69701e-12
9.39661e-12
1.1015e-11
1.25559e-11
1.40231e-11
1.54201e-11
1.67502e-11
1.80166e-11
1.92224e-11
2.03705e-11
2.14635e-11
2.25042e-11
2.3495e-11
2.44384e-11
2.53366e-11
2.61918e-11
2.70061e-11
2.77813e-11
2.85195e-11
2.92223e-11
2.98914e-11
3.05286e-11
3.11352e-11
3.17129e-11
3.22629e-11
3.27866e-11
3.32852e-11
3.376e-11
3.89822e-11
4.47107e-11
5.099e-11
5.78669e-11
6.53899e-11
7.36084e-11
8.25718e-11
9.23273e-11
1.02918e-10
1.1438e-10
1.26737e-10
1.39995e-10
1.54137e-10
1.69113e-10
1.84827e-10
2.01128e-10
2.17793e-10
2.34514e-10
2.50888e-10
2.66399e-10
2.80431e-10
2.92272e-10
3.01156e-10
3.06321e-10
3.07095e-10
3.02999e-10
2.93848e-10
2.79819e-10
2.61467e-10
2.39658e-10
2.15455e-10
1.89957e-10
1.64172e-10
1.38916e-10
1.14775e-10
9.20994e-11
7.10327e-11
5.15409e-11
3.34403e-11
1.64123e-11
-3.16641e-33
3.07446e-15
2.07751e-12
4.05349e-12
5.93518e-12
7.72703e-12
9.43326e-12
1.10579e-11
1.26049e-11
1.40778e-11
1.54802e-11
1.68155e-11
1.80869e-11
1.92974e-11
2.04499e-11
2.15472e-11
2.25919e-11
2.35866e-11
2.45337e-11
2.54354e-11
2.62939e-11
2.71113e-11
2.78896e-11
2.86306e-11
2.93361e-11
3.00079e-11
3.06475e-11
3.12565e-11
3.18364e-11
3.23885e-11
3.29143e-11
3.34149e-11
3.38915e-11
3.91339e-11
4.48846e-11
5.11882e-11
5.80915e-11
6.56434e-11
7.38933e-11
8.28907e-11
9.2683e-11
1.03313e-10
1.14817e-10
1.27219e-10
1.40525e-10
1.54716e-10
1.69742e-10
1.85507e-10
2.01857e-10
2.18569e-10
2.35333e-10
2.51741e-10
2.67277e-10
2.81318e-10
2.93152e-10
3.02008e-10
3.07122e-10
3.07822e-10
3.03632e-10
2.94371e-10
2.80225e-10
2.61754e-10
2.39837e-10
2.1554e-10
1.8997e-10
1.64133e-10
1.38846e-10
1.14691e-10
9.20148e-11
7.09573e-11
5.1481e-11
3.33992e-11
1.63916e-11
-2.87521e-33
3.06507e-15
2.07117e-12
4.04111e-12
5.91706e-12
7.70343e-12
9.40445e-12
1.10241e-11
1.25664e-11
1.40348e-11
1.5433e-11
1.67642e-11
1.80317e-11
1.92384e-11
2.03874e-11
2.14814e-11
2.25229e-11
2.35146e-11
2.44588e-11
2.53577e-11
2.62136e-11
2.70285e-11
2.78044e-11
2.85432e-11
2.92466e-11
2.99163e-11
3.0554e-11
3.11611e-11
3.17392e-11
3.22897e-11
3.28138e-11
3.33129e-11
3.37881e-11
3.90145e-11
4.47477e-11
5.1032e-11
5.79144e-11
6.54433e-11
7.36681e-11
8.26383e-11
9.2401e-11
1.02999e-10
1.14469e-10
1.26833e-10
1.40099e-10
1.54249e-10
1.69231e-10
1.8495e-10
2.01253e-10
2.17918e-10
2.34636e-10
2.51e-10
2.66497e-10
2.80505e-10
2.92314e-10
3.01157e-10
3.06271e-10
3.06986e-10
3.02825e-10
2.93608e-10
2.79517e-10
2.61111e-10
2.39265e-10
2.1504e-10
1.89541e-10
1.63772e-10
1.38549e-10
1.14451e-10
9.18275e-11
7.08167e-11
5.13816e-11
3.33363e-11
1.63613e-11
-2.60932e-33
3.03984e-15
2.05412e-12
4.00785e-12
5.86837e-12
7.64004e-12
9.32706e-12
1.09334e-11
1.2463e-11
1.39193e-11
1.5306e-11
1.66263e-11
1.78833e-11
1.90802e-11
2.02197e-11
2.13047e-11
2.23376e-11
2.33212e-11
2.42576e-11
2.51491e-11
2.5998e-11
2.68062e-11
2.75757e-11
2.83084e-11
2.9006e-11
2.96703e-11
3.03027e-11
3.09049e-11
3.14782e-11
3.20242e-11
3.2544e-11
3.30389e-11
3.35102e-11
3.86938e-11
4.438e-11
5.06129e-11
5.7439e-11
6.49065e-11
7.30644e-11
8.19618e-11
9.16457e-11
1.02159e-10
1.13537e-10
1.25803e-10
1.38965e-10
1.53005e-10
1.67873e-10
1.83474e-10
1.99659e-10
2.16207e-10
2.32814e-10
2.49077e-10
2.64487e-10
2.78431e-10
2.90204e-10
2.99045e-10
3.04196e-10
3.04991e-10
3.00951e-10
2.91891e-10
2.77985e-10
2.5978e-10
2.38137e-10
2.14108e-10
1.88787e-10
1.63175e-10
1.38085e-10
1.14099e-10
9.15659e-11
7.06291e-11
5.12541e-11
3.32579e-11
1.63242e-11
-2.36708e-33
3.00323e-15
2.0294e-12
3.95961e-12
5.79772e-12
7.54807e-12
9.21479e-12
1.08018e-11
1.2313e-11
1.37518e-11
1.51218e-11
1.64261e-11
1.76681e-11
1.88505e-11
1.99764e-11
2.10483e-11
2.20689e-11
2.30405e-11
2.39657e-11
2.48465e-11
2.56852e-11
2.64837e-11
2.7244e-11
2.79679e-11
2.86571e-11
2.93133e-11
2.99382e-11
3.05331e-11
3.10996e-11
3.1639e-11
3.21526e-11
3.26416e-11
3.31072e-11
3.82286e-11
4.38466e-11
5.00049e-11
5.67495e-11
6.41279e-11
7.21889e-11
8.09809e-11
9.05505e-11
1.0094e-10
1.12186e-10
1.2431e-10
1.37322e-10
1.51203e-10
1.65907e-10
1.81339e-10
1.97354e-10
2.13736e-10
2.30184e-10
2.46303e-10
2.61594e-10
2.75451e-10
2.87179e-10
2.96026e-10
3.01243e-10
3.02164e-10
2.98311e-10
2.89491e-10
2.75863e-10
2.57956e-10
2.36613e-10
2.12867e-10
1.87802e-10
1.6241e-10
1.37504e-10
1.13666e-10
9.12524e-11
7.0409e-11
5.11072e-11
3.3169e-11
1.62826e-11
-2.14675e-33
2.95882e-15
1.99939e-12
3.90107e-12
5.71201e-12
7.43649e-12
9.07857e-12
1.06421e-11
1.2131e-11
1.35485e-11
1.48982e-11
1.61834e-11
1.74069e-11
1.85719e-11
1.96811e-11
2.07372e-11
2.17427e-11
2.27001e-11
2.36116e-11
2.44794e-11
2.53057e-11
2.60924e-11
2.68415e-11
2.75547e-11
2.82338e-11
2.88803e-11
2.94959e-11
3.00821e-11
3.06402e-11
3.11716e-11
3.16777e-11
3.21595e-11
3.26182e-11
3.76642e-11
4.31995e-11
4.92673e-11
5.5913e-11
6.31834e-11
7.11268e-11
7.97909e-11
8.9222e-11
9.94623e-11
1.10547e-10
1.225e-10
1.35329e-10
1.49019e-10
1.63523e-10
1.78752e-10
1.94561e-10
2.10741e-10
2.26999e-10
2.42947e-10
2.58095e-10
2.71849e-10
2.83526e-10
2.92385e-10
2.97685e-10
2.98765e-10
2.95145e-10
2.8662e-10
2.73334e-10
2.55794e-10
2.34816e-10
2.11415e-10
1.86658e-10
1.61531e-10
1.36843e-10
1.13181e-10
9.09048e-11
7.01679e-11
5.0948e-11
3.30734e-11
1.62381e-11
-1.94658e-33
2.9094e-15
1.96601e-12
3.83594e-12
5.61665e-12
7.31234e-12
8.92701e-12
1.04645e-11
1.19284e-11
1.33224e-11
1.46496e-11
1.59132e-11
1.71164e-11
1.8262e-11
1.93527e-11
2.03911e-11
2.13799e-11
2.23213e-11
2.32176e-11
2.40709e-11
2.48835e-11
2.56571e-11
2.63937e-11
2.7095e-11
2.77627e-11
2.83985e-11
2.90039e-11
2.95803e-11
3.01291e-11
3.06517e-11
3.11493e-11
3.16231e-11
3.20742e-11
3.70362e-11
4.24795e-11
4.84467e-11
5.49823e-11
6.21326e-11
6.99451e-11
7.84671e-11
8.77441e-11
9.7818e-11
1.08724e-10
1.20486e-10
1.33113e-10
1.4659e-10
1.60872e-10
1.75874e-10
1.91455e-10
2.07412e-10
2.23458e-10
2.39216e-10
2.54206e-10
2.67848e-10
2.7947e-10
2.88344e-10
2.93739e-10
2.94999e-10
2.9164e-10
2.83447e-10
2.70545e-10
2.53414e-10
2.32845e-10
2.09829e-10
1.85415e-10
1.60581e-10
1.36133e-10
1.12663e-10
9.05367e-11
6.99145e-11
5.0782e-11
3.29744e-11
1.61923e-11
-1.76492e-33
2.85716e-15
1.93072e-12
3.76708e-12
5.51583e-12
7.18108e-12
8.76677e-12
1.02767e-11
1.17144e-11
1.30833e-11
1.43866e-11
1.56277e-11
1.68093e-11
1.79343e-11
1.90054e-11
2.00253e-11
2.09963e-11
2.19208e-11
2.2801e-11
2.36391e-11
2.44371e-11
2.51968e-11
2.59202e-11
2.6609e-11
2.72648e-11
2.78892e-11
2.84837e-11
2.90498e-11
2.95888e-11
3.0102e-11
3.05907e-11
3.1056e-11
3.1499e-11
3.63723e-11
4.17184e-11
4.75791e-11
5.39983e-11
6.10217e-11
6.86959e-11
7.70675e-11
8.61817e-11
9.60798e-11
1.06797e-10
1.18357e-10
1.3077e-10
1.44022e-10
1.5807e-10
1.72832e-10
1.88173e-10
2.03893e-10
2.19716e-10
2.35273e-10
2.50097e-10
2.6362e-10
2.75185e-10
2.84076e-10
2.89573e-10
2.91024e-10
2.87943e-10
2.80103e-10
2.67608e-10
2.50911e-10
2.30776e-10
2.08167e-10
1.84116e-10
1.59592e-10
1.35398e-10
1.1213e-10
9.0159e-11
6.96559e-11
5.06133e-11
3.28741e-11
1.6146e-11
-7.02684e-34
2.80215e-15
1.89356e-12
3.69457e-12
5.40966e-12
7.04287e-12
8.59804e-12
1.00789e-11
1.14889e-11
1.28315e-11
1.41098e-11
1.53269e-11
1.64858e-11
1.75892e-11
1.86397e-11
1.964e-11
2.05923e-11
2.14991e-11
2.23624e-11
2.31844e-11
2.3967e-11
2.47122e-11
2.54216e-11
2.60972e-11
2.67404e-11
2.73528e-11
2.79359e-11
2.84911e-11
2.90198e-11
2.95231e-11
3.00024e-11
3.04588e-11
3.08934e-11
3.56732e-11
4.09169e-11
4.66655e-11
5.29622e-11
5.98518e-11
6.73803e-11
7.55936e-11
8.45362e-11
9.42491e-11
1.04767e-10
1.16115e-10
1.28302e-10
1.41316e-10
1.55118e-10
1.69627e-10
1.84714e-10
2.00185e-10
2.15772e-10
2.31117e-10
2.45765e-10
2.59162e-10
2.70665e-10
2.79572e-10
2.85174e-10
2.86825e-10
2.84036e-10
2.76567e-10
2.645e-10
2.48262e-10
2.28584e-10
2.06407e-10
1.82741e-10
1.58544e-10
1.3462e-10
1.11565e-10
8.97604e-11
6.93833e-11
5.04358e-11
3.27688e-11
1.60974e-11
2.85448e-34
2.74314e-15
1.85369e-12
3.61679e-12
5.29578e-12
6.8946e-12
8.41705e-12
9.86672e-12
1.12471e-11
1.25614e-11
1.38128e-11
1.50043e-11
1.61388e-11
1.7219e-11
1.82475e-11
1.92267e-11
2.0159e-11
2.10467e-11
2.18919e-11
2.26966e-11
2.34627e-11
2.41922e-11
2.48868e-11
2.55482e-11
2.61779e-11
2.67774e-11
2.73483e-11
2.78918e-11
2.84094e-11
2.89022e-11
2.93714e-11
2.98182e-11
3.02437e-11
3.49232e-11
4.00571e-11
4.56854e-11
5.18506e-11
5.85968e-11
6.59689e-11
7.40123e-11
8.27708e-11
9.22849e-11
1.02589e-10
1.13708e-10
1.25653e-10
1.38413e-10
1.51949e-10
1.66186e-10
1.80999e-10
1.96202e-10
2.11534e-10
2.26649e-10
2.41105e-10
2.54363e-10
2.65795e-10
2.74716e-10
2.80426e-10
2.82287e-10
2.79806e-10
2.72732e-10
2.61123e-10
2.45377e-10
2.26193e-10
2.04482e-10
1.81234e-10
1.57395e-10
1.33765e-10
1.10944e-10
8.93211e-11
6.90825e-11
5.02398e-11
3.26524e-11
1.60437e-11
3.12966e-34
2.67999e-15
1.81103e-12
3.53356e-12
5.17391e-12
6.73594e-12
8.22336e-12
9.63968e-12
1.09883e-11
1.22724e-11
1.3495e-11
1.46591e-11
1.57675e-11
1.68229e-11
1.78277e-11
1.87844e-11
1.96953e-11
2.05626e-11
2.13883e-11
2.21745e-11
2.29231e-11
2.36359e-11
2.43145e-11
2.49606e-11
2.55759e-11
2.61617e-11
2.67194e-11
2.72505e-11
2.77562e-11
2.82377e-11
2.86961e-11
2.91327e-11
2.95484e-11
3.41206e-11
3.91369e-11
4.46365e-11
5.0661e-11
5.72535e-11
6.44583e-11
7.23198e-11
8.08811e-11
9.01823e-11
1.00258e-10
1.11132e-10
1.22817e-10
1.35303e-10
1.48555e-10
1.625e-10
1.77019e-10
1.91932e-10
2.0699e-10
2.21856e-10
2.36104e-10
2.49208e-10
2.60561e-10
2.6949e-10
2.75311e-10
2.7739e-10
2.75235e-10
2.68579e-10
2.57459e-10
2.4224e-10
2.23588e-10
2.0238e-10
1.79585e-10
1.56135e-10
1.32825e-10
1.10261e-10
8.88369e-11
6.87507e-11
5.00233e-11
3.25238e-11
1.59843e-11
3.43014e-34
2.61259e-15
1.7655e-12
3.44472e-12
5.04383e-12
6.56659e-12
8.01662e-12
9.39734e-12
1.0712e-11
1.19639e-11
1.31558e-11
1.42907e-11
1.53712e-11
1.64e-11
1.73796e-11
1.83123e-11
1.92003e-11
2.00458e-11
2.08509e-11
2.16173e-11
2.23471e-11
2.3042e-11
2.37036e-11
2.43335e-11
2.49333e-11
2.55044e-11
2.60482e-11
2.6566e-11
2.7059e-11
2.75284e-11
2.79754e-11
2.8401e-11
2.88062e-11
3.32639e-11
3.81546e-11
4.35169e-11
4.93912e-11
5.58196e-11
6.28457e-11
7.05129e-11
7.88636e-11
8.79374e-11
9.77682e-11
1.08381e-10
1.19788e-10
1.31982e-10
1.44929e-10
1.58561e-10
1.72764e-10
1.87367e-10
2.02129e-10
2.16726e-10
2.30747e-10
2.43684e-10
2.54946e-10
2.63879e-10
2.69811e-10
2.72117e-10
2.70303e-10
2.6409e-10
2.5349e-10
2.38834e-10
2.20751e-10
2.00086e-10
1.77781e-10
1.54753e-10
1.31793e-10
1.09508e-10
8.83032e-11
6.83844e-11
4.9784e-11
3.23815e-11
1.59186e-11
2.11146e-34
2.60078e-15
1.75752e-12
3.42916e-12
5.02104e-12
6.53693e-12
7.9804e-12
9.35489e-12
1.06636e-11
1.19098e-11
1.30964e-11
1.42261e-11
1.53018e-11
1.6326e-11
1.73011e-11
1.82296e-11
1.91136e-11
1.99553e-11
2.07567e-11
2.15197e-11
2.22462e-11
2.2938e-11
2.35966e-11
2.42237e-11
2.48208e-11
2.53893e-11
2.59306e-11
2.6446e-11
2.69368e-11
2.74041e-11
2.78491e-11
2.82728e-11
2.86762e-11
3.31138e-11
3.79826e-11
4.33208e-11
4.91687e-11
5.55685e-11
6.25632e-11
7.01964e-11
7.85102e-11
8.75441e-11
9.7332e-11
1.07899e-10
1.19257e-10
1.314e-10
1.44293e-10
1.5787e-10
1.72018e-10
1.86566e-10
2.01276e-10
2.15826e-10
2.29807e-10
2.42714e-10
2.5396e-10
2.62892e-10
2.68843e-10
2.71189e-10
2.69433e-10
2.63298e-10
2.52788e-10
2.3823e-10
2.20248e-10
1.99678e-10
1.7746e-10
1.54507e-10
1.31609e-10
1.09374e-10
8.82079e-11
6.8319e-11
4.97412e-11
3.2356e-11
1.59068e-11
1.96532e-34
2.54085e-15
1.71704e-12
3.35016e-12
4.90538e-12
6.38635e-12
7.79657e-12
9.1394e-12
1.0418e-11
1.16355e-11
1.27947e-11
1.38985e-11
1.49494e-11
1.595e-11
1.69027e-11
1.78098e-11
1.86735e-11
1.94958e-11
2.02788e-11
2.10243e-11
2.17341e-11
2.24099e-11
2.30534e-11
2.3666e-11
2.42494e-11
2.48049e-11
2.53338e-11
2.58373e-11
2.63168e-11
2.67734e-11
2.72081e-11
2.76221e-11
2.80163e-11
3.2352e-11
3.71092e-11
4.23251e-11
4.80394e-11
5.42933e-11
6.11291e-11
6.85893e-11
7.67158e-11
8.55472e-11
9.51173e-11
1.05451e-10
1.16562e-10
1.28444e-10
1.41065e-10
1.54363e-10
1.68229e-10
1.82499e-10
1.96942e-10
2.11251e-10
2.25026e-10
2.37779e-10
2.48938e-10
2.57867e-10
2.6391e-10
2.66451e-10
2.64993e-10
2.59246e-10
2.49196e-10
2.35139e-10
2.17666e-10
1.97584e-10
1.75809e-10
1.53238e-10
1.30659e-10
1.08681e-10
8.7715e-11
6.79802e-11
4.95197e-11
3.22241e-11
1.58458e-11
3.79639e-34
2.46473e-15
1.66561e-12
3.24983e-12
4.75847e-12
6.19509e-12
7.56309e-12
8.86571e-12
1.01061e-11
1.12871e-11
1.24116e-11
1.34823e-11
1.45018e-11
1.54725e-11
1.63967e-11
1.72766e-11
1.81145e-11
1.89122e-11
1.96718e-11
2.0395e-11
2.10835e-11
2.17392e-11
2.23634e-11
2.29578e-11
2.35237e-11
2.40626e-11
2.45756e-11
2.50642e-11
2.55294e-11
2.59723e-11
2.63941e-11
2.67957e-11
2.71781e-11
3.13844e-11
3.59997e-11
4.10604e-11
4.6605e-11
5.26735e-11
5.93072e-11
6.65478e-11
7.4436e-11
8.301e-11
9.23032e-11
1.02341e-10
1.13137e-10
1.24686e-10
1.36961e-10
1.49903e-10
1.63408e-10
1.77322e-10
1.91425e-10
2.05422e-10
2.18931e-10
2.31483e-10
2.42526e-10
2.51442e-10
2.57594e-10
2.60374e-10
2.59287e-10
2.54028e-10
2.44558e-10
2.31137e-10
2.14315e-10
1.94859e-10
1.73654e-10
1.5158e-10
1.29414e-10
1.0777e-10
8.70667e-11
6.75339e-11
4.92275e-11
3.205e-11
1.57652e-11
4.50418e-34
2.38423e-15
1.61123e-12
3.14372e-12
4.60311e-12
5.99283e-12
7.31617e-12
8.57627e-12
9.77614e-12
1.09186e-11
1.20064e-11
1.30422e-11
1.40284e-11
1.49674e-11
1.58615e-11
1.67128e-11
1.75233e-11
1.8295e-11
1.90298e-11
1.97294e-11
2.03956e-11
2.10298e-11
2.16337e-11
2.22087e-11
2.27562e-11
2.32775e-11
2.37739e-11
2.42465e-11
2.46965e-11
2.51251e-11
2.55331e-11
2.59216e-11
2.62916e-11
3.0361e-11
3.48264e-11
3.97229e-11
4.50878e-11
5.09601e-11
5.73801e-11
6.43882e-11
7.20243e-11
8.03258e-11
8.93257e-11
9.90494e-11
1.09511e-10
1.20708e-10
1.32616e-10
1.45179e-10
1.583e-10
1.71835e-10
1.85574e-10
1.99237e-10
2.12459e-10
2.24791e-10
2.35701e-10
2.44596e-10
2.50852e-10
2.53875e-10
2.5317e-10
2.48421e-10
2.3956e-10
2.26812e-10
2.10681e-10
1.91895e-10
1.71303e-10
1.49765e-10
1.28049e-10
1.06769e-10
8.63523e-11
6.70413e-11
4.89044e-11
3.18573e-11
1.5676e-11
4.9271e-34
2.29941e-15
1.55392e-12
3.03191e-12
4.4394e-12
5.7797e-12
7.05598e-12
8.27128e-12
9.42848e-12
1.05303e-11
1.15795e-11
1.25785e-11
1.35296e-11
1.44353e-11
1.52976e-11
1.61186e-11
1.69003e-11
1.76447e-11
1.83533e-11
1.90281e-11
1.96706e-11
2.02823e-11
2.08648e-11
2.14194e-11
2.19475e-11
2.24503e-11
2.2929e-11
2.33849e-11
2.38189e-11
2.42323e-11
2.46258e-11
2.50006e-11
2.53574e-11
2.92826e-11
3.35899e-11
3.83133e-11
4.34889e-11
4.91545e-11
5.5349e-11
6.2112e-11
6.94821e-11
7.74961e-11
8.61864e-11
9.55786e-11
1.05687e-10
1.16512e-10
1.28031e-10
1.40193e-10
1.52908e-10
1.66039e-10
1.7939e-10
1.92695e-10
2.05607e-10
2.17699e-10
2.2846e-10
2.3732e-10
2.43675e-10
2.46943e-10
2.4663e-10
2.42408e-10
2.34184e-10
2.22144e-10
2.06746e-10
1.88674e-10
1.68741e-10
1.4778e-10
1.26551e-10
1.05668e-10
8.55651e-11
6.64974e-11
4.85472e-11
3.16439e-11
1.55771e-11
5.38628e-34
2.21038e-15
1.49378e-12
2.91456e-12
4.26757e-12
5.55599e-12
6.78289e-12
7.95116e-12
9.06358e-12
1.01228e-11
1.11314e-11
1.20917e-11
1.30061e-11
1.38767e-11
1.47057e-11
1.54949e-11
1.62465e-11
1.6962e-11
1.76433e-11
1.8292e-11
1.89096e-11
1.94977e-11
2.00577e-11
2.05909e-11
2.10985e-11
2.15819e-11
2.20422e-11
2.24805e-11
2.28978e-11
2.32951e-11
2.36735e-11
2.40338e-11
2.43768e-11
2.81507e-11
3.22919e-11
3.68336e-11
4.18104e-11
4.72588e-11
5.32167e-11
5.97221e-11
6.68127e-11
7.45245e-11
8.28894e-11
9.19329e-11
1.0167e-10
1.12103e-10
1.23212e-10
1.3495e-10
1.47235e-10
1.59939e-10
1.72878e-10
1.85801e-10
1.9838e-10
2.1021e-10
2.20804e-10
2.29615e-10
2.3606e-10
2.3957e-10
2.39656e-10
2.35977e-10
2.28416e-10
2.17117e-10
2.02493e-10
1.8518e-10
1.6595e-10
1.45612e-10
1.2491e-10
1.04458e-10
8.46978e-11
6.58969e-11
4.81521e-11
3.14075e-11
1.54675e-11
5.884e-34
2.11733e-15
1.43091e-12
2.7919e-12
4.08797e-12
5.32218e-12
6.49745e-12
7.61656e-12
8.68219e-12
9.69687e-12
1.0663e-11
1.15829e-11
1.24589e-11
1.32929e-11
1.4087e-11
1.48431e-11
1.5563e-11
1.62485e-11
1.69011e-11
1.75226e-11
1.81143e-11
1.86777e-11
1.92141e-11
1.97249e-11
2.02112e-11
2.06743e-11
2.11153e-11
2.15351e-11
2.19349e-11
2.23156e-11
2.26781e-11
2.30232e-11
2.33519e-11
2.69674e-11
3.09352e-11
3.52868e-11
4.00558e-11
4.52772e-11
5.09874e-11
5.72233e-11
6.40216e-11
7.14171e-11
7.94412e-11
8.81194e-11
9.74678e-11
1.07489e-10
1.18167e-10
1.2946e-10
1.41292e-10
1.53545e-10
1.66047e-10
1.78563e-10
1.90786e-10
2.02331e-10
2.12738e-10
2.21483e-10
2.28006e-10
2.31754e-10
2.32241e-10
2.29119e-10
2.22243e-10
2.11717e-10
1.97906e-10
1.81396e-10
1.62917e-10
1.43246e-10
1.23113e-10
1.03129e-10
8.37427e-11
6.5234e-11
4.7715e-11
3.11457e-11
1.5346e-11
6.42249e-34
2.02052e-15
1.3655e-12
2.66428e-12
3.90111e-12
5.07891e-12
6.20047e-12
7.26844e-12
8.28538e-12
9.25369e-12
1.01757e-11
1.10536e-11
1.18895e-11
1.26854e-11
1.34433e-11
1.41649e-11
1.48519e-11
1.55061e-11
1.6129e-11
1.6722e-11
1.72867e-11
1.78244e-11
1.83364e-11
1.88239e-11
1.9288e-11
1.973e-11
2.01508e-11
2.05515e-11
2.09331e-11
2.12964e-11
2.16424e-11
2.19718e-11
2.22855e-11
2.57363e-11
2.95235e-11
3.36773e-11
3.82299e-11
4.32149e-11
4.86673e-11
5.46227e-11
6.11164e-11
6.81822e-11
7.58511e-11
8.41482e-11
9.30903e-11
1.02682e-10
1.1291e-10
1.23736e-10
1.35093e-10
1.46872e-10
1.58913e-10
1.70998e-10
1.82839e-10
1.94076e-10
2.04273e-10
2.12933e-10
2.1952e-10
2.23497e-10
2.24385e-10
2.21827e-10
2.15654e-10
2.0593e-10
1.92969e-10
1.77306e-10
1.59624e-10
1.40667e-10
1.21147e-10
1.0167e-10
8.26911e-11
6.45024e-11
4.72317e-11
3.08557e-11
1.52111e-11
7.00382e-34
1.92029e-15
1.29778e-12
2.53216e-12
3.70765e-12
4.82705e-12
5.893e-12
6.90802e-12
7.87454e-12
8.79485e-12
9.67116e-12
1.05056e-11
1.13e-11
1.20565e-11
1.27768e-11
1.34627e-11
1.41157e-11
1.47375e-11
1.53295e-11
1.58932e-11
1.64299e-11
1.6941e-11
1.74276e-11
1.7891e-11
1.83322e-11
1.87522e-11
1.91523e-11
1.95331e-11
1.98958e-11
2.02412e-11
2.057e-11
2.08831e-11
2.11813e-11
2.44615e-11
2.80617e-11
3.20107e-11
3.63392e-11
4.10793e-11
4.62646e-11
5.19291e-11
5.8107e-11
6.4831e-11
7.21313e-11
8.00328e-11
8.85529e-11
9.76976e-11
1.07456e-10
1.17797e-10
1.28658e-10
1.39939e-10
1.51496e-10
1.63125e-10
1.74561e-10
1.85464e-10
1.95428e-10
2.03982e-10
2.10614e-10
2.14808e-10
2.16091e-10
2.14101e-10
2.08644e-10
1.99746e-10
1.8767e-10
1.72894e-10
1.56056e-10
1.37861e-10
1.18999e-10
1.0007e-10
8.1534e-11
6.36951e-11
4.6697e-11
3.05343e-11
1.50616e-11
7.62983e-34
1.81707e-15
1.22804e-12
2.39608e-12
3.50841e-12
4.56766e-12
5.57633e-12
6.53682e-12
7.45142e-12
8.32229e-12
9.15153e-12
9.94112e-12
1.06929e-11
1.14088e-11
1.20904e-11
1.27394e-11
1.33574e-11
1.39458e-11
1.45061e-11
1.50395e-11
1.55475e-11
1.60311e-11
1.64916e-11
1.69301e-11
1.73477e-11
1.77452e-11
1.81238e-11
1.84842e-11
1.88275e-11
1.91543e-11
1.94655e-11
1.97619e-11
2.0044e-11
2.31486e-11
2.65561e-11
3.0294e-11
3.43915e-11
3.88793e-11
4.37892e-11
4.91539e-11
5.50061e-11
6.13774e-11
6.82971e-11
7.57901e-11
8.3874e-11
9.25563e-11
1.01829e-10
1.11666e-10
1.2201e-10
1.32774e-10
1.43823e-10
1.54973e-10
1.65978e-10
1.76523e-10
1.86229e-10
1.94652e-10
2.01309e-10
2.05701e-10
2.0737e-10
2.05945e-10
2.01213e-10
1.93159e-10
1.81997e-10
1.68148e-10
1.52198e-10
1.34812e-10
1.16655e-10
9.83168e-11
8.02618e-11
6.28046e-11
4.61058e-11
3.01781e-11
1.48956e-11
8.30199e-34
1.71136e-15
1.15662e-12
2.25673e-12
3.30437e-12
4.30202e-12
5.25204e-12
6.15668e-12
7.0181e-12
7.83835e-12
8.61938e-12
9.36308e-12
1.00712e-11
1.07455e-11
1.13875e-11
1.19988e-11
1.25809e-11
1.31351e-11
1.36628e-11
1.41653e-11
1.46437e-11
1.50993e-11
1.55331e-11
1.59461e-11
1.63394e-11
1.67139e-11
1.70705e-11
1.741e-11
1.77333e-11
1.80412e-11
1.83344e-11
1.86135e-11
1.88793e-11
2.18038e-11
2.5014e-11
2.85357e-11
3.23966e-11
3.66256e-11
4.12533e-11
4.63105e-11
5.18287e-11
5.78381e-11
6.43672e-11
7.14404e-11
7.90758e-11
8.72823e-11
9.60549e-11
1.05371e-10
1.15181e-10
1.25407e-10
1.35928e-10
1.46576e-10
1.57125e-10
1.67287e-10
1.76707e-10
1.84975e-10
1.91631e-10
1.96201e-10
1.98238e-10
1.9737e-10
1.93363e-10
1.86167e-10
1.75943e-10
1.63056e-10
1.48036e-10
1.31506e-10
1.14101e-10
9.63985e-11
7.8864e-11
6.1823e-11
4.54522e-11
2.97836e-11
1.47115e-11
9.02128e-34
1.60376e-15
1.08392e-12
2.11488e-12
3.09667e-12
4.03162e-12
4.92193e-12
5.76972e-12
6.57701e-12
7.34572e-12
8.07769e-12
8.77466e-12
9.43831e-12
1.00702e-11
1.06719e-11
1.12448e-11
1.17904e-11
1.23098e-11
1.28044e-11
1.32753e-11
1.37237e-11
1.41507e-11
1.45573e-11
1.49444e-11
1.5313e-11
1.5664e-11
1.59982e-11
1.63165e-11
1.66195e-11
1.69081e-11
1.71828e-11
1.74445e-11
1.76936e-11
2.04349e-11
2.3444e-11
2.67456e-11
3.03654e-11
3.4331e-11
3.8671e-11
4.34149e-11
4.85924e-11
5.42327e-11
6.03631e-11
6.70076e-11
7.41846e-11
8.19041e-11
9.01638e-11
9.8945e-11
1.08206e-10
1.17878e-10
1.27851e-10
1.37975e-10
1.48045e-10
1.57798e-10
1.66906e-10
1.74989e-10
1.81616e-10
1.86338e-10
1.88721e-10
1.88394e-10
1.85107e-10
1.78774e-10
1.69505e-10
1.5761e-10
1.4356e-10
1.2793e-10
1.11323e-10
9.43023e-11
7.73301e-11
6.07417e-11
4.47301e-11
2.93466e-11
1.45072e-11
9.78799e-34
1.49494e-15
1.01039e-12
1.97141e-12
2.8866e-12
3.75813e-12
4.58806e-12
5.37835e-12
6.13089e-12
6.84748e-12
7.52981e-12
8.17953e-12
8.79819e-12
9.38727e-12
9.94818e-12
1.04823e-11
1.09908e-11
1.14751e-11
1.19361e-11
1.23752e-11
1.27932e-11
1.31913e-11
1.35703e-11
1.39312e-11
1.42748e-11
1.46021e-11
1.49137e-11
1.52104e-11
1.54929e-11
1.57619e-11
1.60181e-11
1.6262e-11
1.64943e-11
1.90502e-11
2.1856e-11
2.49347e-11
2.83105e-11
3.20094e-11
3.60582e-11
4.04847e-11
4.53171e-11
5.05832e-11
5.63093e-11
6.25187e-11
6.923e-11
7.64542e-11
8.41915e-11
9.24274e-11
1.01127e-10
1.10229e-10
1.19638e-10
1.29219e-10
1.38788e-10
1.48106e-10
1.56875e-10
1.64743e-10
1.7131e-10
1.76153e-10
1.78853e-10
1.79045e-10
1.76463e-10
1.70989e-10
1.62686e-10
1.51805e-10
1.38759e-10
1.24071e-10
1.0831e-10
9.20157e-11
7.5649e-11
5.95519e-11
4.39327e-11
2.88627e-11
1.42807e-11
1.06015e-33
1.38563e-15
9.36527e-13
1.8273e-12
2.67559e-12
3.48342e-12
4.25268e-12
4.98522e-12
5.68276e-12
6.34698e-12
6.97946e-12
7.58171e-12
8.15517e-12
8.70122e-12
9.22116e-12
9.71624e-12
1.01877e-11
1.06365e-11
1.10639e-11
1.14709e-11
1.18584e-11
1.22274e-11
1.25788e-11
1.29134e-11
1.3232e-11
1.35353e-11
1.38242e-11
1.40992e-11
1.43611e-11
1.46105e-11
1.4848e-11
1.50742e-11
1.52895e-11
1.76591e-11
2.02605e-11
2.31153e-11
2.62459e-11
2.96766e-11
3.34325e-11
3.75398e-11
4.20249e-11
4.69143e-11
5.2233e-11
5.80037e-11
6.42449e-11
7.09686e-11
7.81773e-11
8.58601e-11
9.39882e-11
1.02509e-10
1.1134e-10
1.20362e-10
1.2941e-10
1.38269e-10
1.46671e-10
1.54293e-10
1.60766e-10
1.65694e-10
1.68677e-10
1.69357e-10
1.67457e-10
1.6283e-10
1.55495e-10
1.45643e-10
1.33628e-10
1.1992e-10
1.05048e-10
8.95267e-11
7.38097e-11
5.82442e-11
4.30531e-11
2.83275e-11
1.40296e-11
1.14599e-33
1.27663e-15
8.62868e-13
1.68358e-12
2.46516e-12
3.20946e-12
3.91823e-12
4.59316e-12
5.23586e-12
5.84785e-12
6.43061e-12
6.98552e-12
7.5139e-12
8.01703e-12
8.49611e-12
8.95229e-12
9.38666e-12
9.80027e-12
1.01941e-11
1.05691e-11
1.09262e-11
1.12662e-11
1.159e-11
1.18983e-11
1.21919e-11
1.24714e-11
1.27376e-11
1.2991e-11
1.32324e-11
1.34622e-11
1.36811e-11
1.38895e-11
1.40879e-11
1.62716e-11
1.86692e-11
2.13005e-11
2.41864e-11
2.73494e-11
3.08129e-11
3.46013e-11
3.87394e-11
4.32521e-11
4.81632e-11
5.34947e-11
5.92649e-11
6.54864e-11
7.21637e-11
7.92895e-11
8.68406e-11
9.47731e-11
1.03016e-10
1.11464e-10
1.19973e-10
1.28352e-10
1.3636e-10
1.43704e-10
1.50047e-10
1.5502e-10
1.58246e-10
1.59375e-10
1.58125e-10
1.54324e-10
1.47946e-10
1.39129e-10
1.28165e-10
1.15471e-10
1.01528e-10
8.68241e-11
7.18013e-11
5.68094e-11
4.2084e-11
2.77358e-11
1.37514e-11
1.236e-33
1.16875e-15
7.89972e-13
1.54135e-12
2.2569e-12
2.93832e-12
3.58723e-12
4.20515e-12
4.79357e-12
5.35388e-12
5.88742e-12
6.39547e-12
6.87925e-12
7.3399e-12
7.77854e-12
8.19621e-12
8.59392e-12
8.97262e-12
9.33323e-12
9.67659e-12
1.00036e-11
1.03149e-11
1.06113e-11
1.08936e-11
1.11624e-11
1.14184e-11
1.16621e-11
1.18942e-11
1.21152e-11
1.23257e-11
1.25261e-11
1.27169e-11
1.28986e-11
1.48983e-11
1.70941e-11
1.9504e-11
2.21476e-11
2.50454e-11
2.82191e-11
3.16914e-11
3.54854e-11
3.96244e-11
4.41308e-11
4.90258e-11
5.43274e-11
6.00486e-11
6.61956e-11
7.27644e-11
7.97371e-11
8.70773e-11
9.47249e-11
1.0259e-10
1.10546e-10
1.18425e-10
1.26014e-10
1.33048e-10
1.39223e-10
1.44199e-10
1.47622e-10
1.49155e-10
1.48513e-10
1.45504e-10
1.40063e-10
1.32277e-10
1.22377e-10
1.1072e-10
9.77418e-11
8.38981e-11
6.96138e-11
5.52382e-11
4.1018e-11
2.70828e-11
1.34437e-11
1.32965e-33
1.06285e-15
7.18406e-13
1.40172e-12
2.05245e-12
2.67214e-12
3.26227e-12
3.82422e-12
4.35935e-12
4.86892e-12
5.35414e-12
5.81619e-12
6.25616e-12
6.67511e-12
7.07404e-12
7.45391e-12
7.81562e-12
8.16005e-12
8.48802e-12
8.80031e-12
9.09769e-12
9.38086e-12
9.65049e-12
9.90725e-12
1.01517e-11
1.03846e-11
1.06062e-11
1.08173e-11
1.10184e-11
1.12098e-11
1.13921e-11
1.15657e-11
1.1731e-11
1.35499e-11
1.55474e-11
1.774e-11
2.01454e-11
2.27826e-11
2.56715e-11
2.88329e-11
3.22883e-11
3.60593e-11
4.01672e-11
4.46318e-11
4.94707e-11
5.46975e-11
6.03195e-11
6.63356e-11
7.27326e-11
7.94813e-11
8.65317e-11
9.38073e-11
1.012e-10
1.08563e-10
1.15708e-10
1.22403e-10
1.28372e-10
1.33306e-10
1.36876e-10
1.3876e-10
1.38676e-10
1.36416e-10
1.31881e-10
1.25108e-10
1.16272e-10
1.0567e-10
9.36867e-11
8.07411e-11
6.72379e-11
5.35218e-11
3.98477e-11
2.63631e-11
1.31037e-11
1.42618e-33
9.59755e-16
6.48736e-13
1.26578e-12
1.85341e-12
2.41301e-12
2.94591e-12
3.45338e-12
3.93662e-12
4.39679e-12
4.83498e-12
5.25224e-12
5.64957e-12
6.02791e-12
6.38818e-12
6.73124e-12
7.0579e-12
7.36896e-12
7.66515e-12
7.9472e-12
8.21577e-12
8.47151e-12
8.71503e-12
8.94692e-12
9.16774e-12
9.37801e-12
9.57823e-12
9.7689e-12
9.95046e-12
1.01234e-11
1.0288e-11
1.04448e-11
1.05941e-11
1.2237e-11
1.40414e-11
1.60223e-11
1.81957e-11
2.05789e-11
2.31901e-11
2.60483e-11
2.91734e-11
3.25852e-11
3.63036e-11
4.03474e-11
4.47334e-11
4.94754e-11
5.45817e-11
6.00538e-11
6.58825e-11
7.20451e-11
7.85008e-11
8.51858e-11
9.20082e-11
9.88426e-11
1.05525e-10
1.11852e-10
1.17577e-10
1.22422e-10
1.26085e-10
1.28263e-10
1.28679e-10
1.27113e-10
1.23441e-10
1.17653e-10
1.0987e-10
1.00329e-10
8.93625e-11
7.73484e-11
6.46663e-11
5.16523e-11
3.85663e-11
2.55718e-11
1.27288e-11
1.52457e-33
8.60273e-16
5.81505e-13
1.1346e-12
1.66134e-12
2.16295e-12
2.64063e-12
3.09552e-12
3.52869e-12
3.94118e-12
4.33398e-12
4.70801e-12
5.06419e-12
5.40334e-12
5.7263e-12
6.03383e-12
6.32667e-12
6.60552e-12
6.87105e-12
7.12389e-12
7.36466e-12
7.59393e-12
7.81225e-12
8.02014e-12
8.2181e-12
8.40661e-12
8.58612e-12
8.75706e-12
8.91984e-12
9.07484e-12
9.22245e-12
9.36301e-12
9.49687e-12
1.097e-11
1.25879e-11
1.43643e-11
1.63136e-11
1.84514e-11
2.07942e-11
2.33594e-11
2.61649e-11
2.92291e-11
3.25703e-11
3.62061e-11
4.01526e-11
4.44233e-11
4.90275e-11
5.39685e-11
5.92409e-11
6.48275e-11
7.06961e-11
7.67942e-11
8.30451e-11
8.93426e-11
9.55462e-11
1.01479e-10
1.06925e-10
1.11635e-10
1.15336e-10
1.17745e-10
1.18594e-10
1.17661e-10
1.14796e-10
1.09952e-10
1.03197e-10
9.47127e-11
8.47753e-11
7.37193e-11
6.18944e-11
4.96233e-11
3.71674e-11
2.4704e-11
1.23164e-11
1.62347e-33
7.65148e-16
5.17217e-13
1.00917e-12
1.47767e-12
1.92383e-12
2.34871e-12
2.75331e-12
3.13861e-12
3.50551e-12
3.85489e-12
4.18759e-12
4.50441e-12
4.80609e-12
5.09336e-12
5.36692e-12
5.62741e-12
5.87545e-12
6.11165e-12
6.33657e-12
6.55075e-12
6.7547e-12
6.94891e-12
7.13385e-12
7.30995e-12
7.47765e-12
7.63734e-12
7.78941e-12
7.93422e-12
8.07212e-12
8.20343e-12
8.32848e-12
8.44756e-12
9.75814e-12
1.11977e-11
1.27784e-11
1.45132e-11
1.64161e-11
1.8502e-11
2.07864e-11
2.32856e-11
2.60164e-11
2.89955e-11
3.22393e-11
3.5763e-11
3.95798e-11
4.36994e-11
4.81266e-11
5.28592e-11
5.7885e-11
6.31789e-11
6.86989e-11
7.4382e-11
8.01394e-11
8.58526e-11
9.13695e-11
9.65033e-11
1.01034e-10
1.04717e-10
1.07292e-10
1.08504e-10
1.08131e-10
1.06008e-10
1.02054e-10
9.62902e-11
8.88444e-11
7.99378e-11
6.98579e-11
5.89205e-11
4.74303e-11
3.56459e-11
2.37554e-11
1.18641e-11
1.72114e-33
6.75045e-16
4.5632e-13
8.9035e-13
1.30369e-12
1.69733e-12
2.07218e-12
2.42916e-12
2.7691e-12
3.09281e-12
3.40107e-12
3.69462e-12
3.97414e-12
4.24032e-12
4.49379e-12
4.73516e-12
4.965e-12
5.18387e-12
5.39228e-12
5.59074e-12
5.77972e-12
5.95969e-12
6.13106e-12
6.29424e-12
6.44964e-12
6.59762e-12
6.73853e-12
6.87272e-12
7.00051e-12
7.12219e-12
7.23807e-12
7.34842e-12
7.4535e-12
8.61007e-12
9.88059e-12
1.12758e-11
1.28073e-11
1.44874e-11
1.63295e-11
1.83474e-11
2.05558e-11
2.29698e-11
2.56047e-11
2.84754e-11
3.15962e-11
3.49797e-11
3.86359e-11
4.25708e-11
4.67844e-11
5.1269e-11
5.60057e-11
6.09616e-11
6.60859e-11
7.13058e-11
7.65224e-11
8.16072e-11
8.64004e-11
9.07107e-11
9.43205e-11
9.69944e-11
9.84954e-11
9.86049e-11
9.71481e-11
9.40181e-11
8.91953e-11
8.27567e-11
7.48701e-11
6.57744e-11
5.57477e-11
4.50719e-11
3.39985e-11
2.27227e-11
1.137e-11
1.81544e-33
5.90524e-16
3.99194e-13
7.78889e-13
1.14049e-12
1.48485e-12
1.81278e-12
2.12507e-12
2.42246e-12
2.70566e-12
2.97534e-12
3.23215e-12
3.4767e-12
3.70957e-12
3.93133e-12
4.1425e-12
4.34358e-12
4.53507e-12
4.71741e-12
4.89105e-12
5.05639e-12
5.21385e-12
5.36379e-12
5.50657e-12
5.64253e-12
5.77201e-12
5.8953e-12
6.01271e-12
6.12452e-12
6.231e-12
6.33239e-12
6.42895e-12
6.52089e-12
7.53294e-12
8.64479e-12
9.86588e-12
1.12064e-11
1.26773e-11
1.42903e-11
1.60578e-11
1.79928e-11
2.01087e-11
2.24194e-11
2.49384e-11
2.76789e-11
3.06529e-11
3.38703e-11
3.73378e-11
4.10575e-11
4.50249e-11
4.92266e-11
5.36375e-11
5.82176e-11
6.29079e-11
6.76276e-11
7.22696e-11
7.66988e-11
8.07513e-11
8.42369e-11
8.69454e-11
8.86591e-11
8.91687e-11
8.82953e-11
8.59129e-11
8.19678e-11
7.64915e-11
6.9601e-11
6.14859e-11
5.23841e-11
4.25503e-11
3.22241e-11
2.1604e-11
1.08326e-11
1.90379e-33
5.12027e-16
3.46137e-13
6.75369e-13
9.88909e-13
1.2875e-12
1.57186e-12
1.84265e-12
2.10052e-12
2.34609e-12
2.57993e-12
2.80262e-12
3.01468e-12
3.21662e-12
3.40891e-12
3.59203e-12
3.76641e-12
3.93246e-12
4.09058e-12
4.24116e-12
4.38455e-12
4.5211e-12
4.65112e-12
4.77495e-12
4.89286e-12
5.00515e-12
5.11207e-12
5.2139e-12
5.31087e-12
5.40321e-12
5.49114e-12
5.57488e-12
5.65463e-12
6.53238e-12
7.49679e-12
8.55606e-12
9.7191e-12
1.09955e-11
1.23954e-11
1.39298e-11
1.56102e-11
1.74484e-11
1.94568e-11
2.16477e-11
2.40329e-11
2.66237e-11
2.94297e-11
3.2458e-11
3.57121e-11
3.91903e-11
4.28835e-11
4.67734e-11
5.08288e-11
5.50035e-11
5.92319e-11
6.34265e-11
6.74749e-11
7.12385e-11
7.45534e-11
7.72351e-11
7.90866e-11
7.99121e-11
7.95342e-11
7.78145e-11
7.46724e-11
7.01002e-11
6.4168e-11
5.70174e-11
4.88443e-11
3.98724e-11
3.03248e-11
2.0399e-11
1.02513e-11
1.98315e-33
4.39866e-16
2.97361e-13
5.802e-13
8.49559e-13
1.10608e-12
1.35037e-12
1.583e-12
1.80454e-12
2.01551e-12
2.21641e-12
2.40773e-12
2.58992e-12
2.76341e-12
2.92862e-12
3.08595e-12
3.23576e-12
3.37843e-12
3.51429e-12
3.64366e-12
3.76686e-12
3.88418e-12
3.9959e-12
4.10229e-12
4.20361e-12
4.30009e-12
4.39196e-12
4.47945e-12
4.56277e-12
4.64212e-12
4.71767e-12
4.78963e-12
4.85815e-12
5.61241e-12
6.44119e-12
7.35159e-12
8.35131e-12
9.44862e-12
1.06524e-11
1.19722e-11
1.34179e-11
1.50001e-11
1.67295e-11
1.86172e-11
2.06738e-11
2.29097e-11
2.53339e-11
2.79537e-11
3.07736e-11
3.37938e-11
3.7009e-11
4.04059e-11
4.39615e-11
4.76397e-11
5.13888e-11
5.51381e-11
5.87956e-11
6.22459e-11
6.53504e-11
6.79491e-11
6.98674e-11
7.09255e-11
7.09527e-11
6.98046e-11
6.73815e-11
6.36432e-11
5.86181e-11
5.24026e-11
4.51501e-11
3.70506e-11
2.83067e-11
1.911e-11
9.62668e-12
2.05007e-33
3.74214e-16
2.52984e-13
4.93613e-13
7.22775e-13
9.41014e-13
1.14885e-12
1.34677e-12
1.53525e-12
1.71474e-12
1.88567e-12
2.04844e-12
2.20345e-12
2.35106e-12
2.49163e-12
2.62548e-12
2.75295e-12
2.87434e-12
2.98994e-12
3.10002e-12
3.20484e-12
3.30467e-12
3.39973e-12
3.49025e-12
3.57646e-12
3.65855e-12
3.73673e-12
3.81118e-12
3.88208e-12
3.94959e-12
4.01389e-12
4.07511e-12
4.13342e-12
4.77527e-12
5.4806e-12
6.25546e-12
7.10645e-12
8.04066e-12
9.06572e-12
1.01898e-11
1.14216e-11
1.27701e-11
1.42447e-11
1.58553e-11
1.76112e-11
1.95218e-11
2.15955e-11
2.38395e-11
2.62586e-11
2.88548e-11
3.16253e-11
3.45613e-11
3.76459e-11
4.0852e-11
4.41393e-11
4.7452e-11
5.0716e-11
5.38367e-11
5.66985e-11
5.91655e-11
6.10853e-11
6.22964e-11
6.26388e-11
6.19685e-11
6.01733e-11
5.71883e-11
5.30066e-11
4.76835e-11
4.13309e-11
3.41037e-11
2.61802e-11
1.77421e-11
8.96057e-12
2.10076e-33
3.15112e-16
2.13033e-13
4.15663e-13
6.08637e-13
7.92413e-13
9.67428e-13
1.1341e-12
1.29282e-12
1.44397e-12
1.58791e-12
1.72498e-12
1.85552e-12
1.97983e-12
2.0982e-12
2.21093e-12
2.31828e-12
2.42051e-12
2.51786e-12
2.61056e-12
2.69884e-12
2.78291e-12
2.86297e-12
2.93922e-12
3.01182e-12
3.08096e-12
3.1468e-12
3.2095e-12
3.26921e-12
3.32608e-12
3.38023e-12
3.4318e-12
3.48091e-12
4.02152e-12
4.61565e-12
5.26841e-12
5.98538e-12
6.77259e-12
7.63652e-12
8.58413e-12
9.62279e-12
1.07603e-11
1.20048e-11
1.33647e-11
1.48484e-11
1.6464e-11
1.82194e-11
2.01212e-11
2.21747e-11
2.43826e-11
2.67441e-11
2.92539e-11
3.19002e-11
3.4663e-11
3.75116e-11
4.04027e-11
4.32777e-11
4.60604e-11
4.8656e-11
5.09511e-11
5.28151e-11
5.4106e-11
5.46775e-11
5.43912e-11
5.31293e-11
5.08095e-11
4.73967e-11
4.29104e-11
3.7424e-11
3.10571e-11
2.39613e-11
1.63038e-11
8.2566e-12
2.13118e-33
2.62473e-16
1.7745e-13
3.46234e-13
5.06975e-13
6.60056e-13
8.0584e-13
9.44673e-13
1.07689e-12
1.20279e-12
1.3227e-12
1.43688e-12
1.54561e-12
1.64916e-12
1.74777e-12
1.84168e-12
1.93111e-12
2.01626e-12
2.09736e-12
2.17459e-12
2.24813e-12
2.31817e-12
2.38487e-12
2.44838e-12
2.50886e-12
2.56646e-12
2.62132e-12
2.67355e-12
2.7233e-12
2.77067e-12
2.81579e-12
2.85875e-12
2.89967e-12
3.35008e-12
3.84511e-12
4.38905e-12
4.98656e-12
5.6427e-12
6.36291e-12
7.15305e-12
8.01936e-12
8.96844e-12
1.00072e-11
1.11429e-11
1.23827e-11
1.37338e-11
1.52032e-11
1.67971e-11
1.85206e-11
2.03769e-11
2.23667e-11
2.44872e-11
2.67305e-11
2.90823e-11
3.15198e-11
3.40101e-11
3.65076e-11
3.8952e-11
4.12671e-11
4.33595e-11
4.512e-11
4.64259e-11
4.71471e-11
4.71544e-11
4.63307e-11
4.45835e-11
4.18569e-11
3.81408e-11
3.34744e-11
2.79434e-11
2.16712e-11
1.48077e-11
7.52033e-12
2.13732e-33
2.16095e-16
1.46097e-13
2.8506e-13
4.17401e-13
5.43436e-13
6.63463e-13
7.77768e-13
8.86623e-13
9.90288e-13
1.08901e-12
1.18302e-12
1.27255e-12
1.35781e-12
1.439e-12
1.51632e-12
1.58995e-12
1.66007e-12
1.72684e-12
1.79043e-12
1.85099e-12
1.90866e-12
1.96357e-12
2.01587e-12
2.06568e-12
2.11311e-12
2.15827e-12
2.20129e-12
2.24225e-12
2.28126e-12
2.31841e-12
2.35379e-12
2.38748e-12
2.75839e-12
3.16606e-12
3.61406e-12
4.10623e-12
4.64676e-12
5.24018e-12
5.89134e-12
6.60546e-12
7.38807e-12
8.24497e-12
9.18223e-12
1.0206e-11
1.13226e-11
1.2538e-11
1.38578e-11
1.52868e-11
1.68285e-11
1.84845e-11
2.02537e-11
2.21311e-11
2.41069e-11
2.61647e-11
2.82798e-11
3.04174e-11
3.25309e-11
3.45599e-11
3.64292e-11
3.80488e-11
3.93152e-11
4.01155e-11
4.03328e-11
3.98554e-11
3.85872e-11
3.64587e-11
3.34373e-11
2.95332e-11
2.48013e-11
1.9337e-11
1.32701e-11
6.75939e-12
2.11538e-33
1.75674e-16
1.18771e-13
2.31743e-13
3.39332e-13
4.41794e-13
5.39373e-13
6.323e-13
7.20797e-13
8.05074e-13
8.85333e-13
9.61764e-13
1.03455e-12
1.10387e-12
1.16988e-12
1.23274e-12
1.2926e-12
1.34961e-12
1.4039e-12
1.4556e-12
1.50483e-12
1.55172e-12
1.59637e-12
1.63889e-12
1.67939e-12
1.71795e-12
1.75467e-12
1.78965e-12
1.82295e-12
1.85467e-12
1.88488e-12
1.91364e-12
1.94104e-12
2.24263e-12
2.57414e-12
2.93846e-12
3.33875e-12
3.77842e-12
4.26119e-12
4.79104e-12
5.37226e-12
6.00939e-12
6.70727e-12
7.47093e-12
8.30557e-12
9.21646e-12
1.02088e-11
1.12874e-11
1.24567e-11
1.37202e-11
1.508e-11
1.6536e-11
1.80855e-11
1.9722e-11
2.14339e-11
2.32032e-11
2.5004e-11
2.68007e-11
2.85464e-11
3.01817e-11
3.1634e-11
3.28178e-11
3.36374e-11
3.39901e-11
3.37735e-11
3.28931e-11
3.1273e-11
2.88648e-11
2.56561e-11
2.16749e-11
1.69906e-11
1.17114e-11
5.98346e-12
2.06215e-33
1.40828e-16
9.52139e-14
1.85778e-13
2.72028e-13
3.54168e-13
4.32393e-13
5.0689e-13
5.77835e-13
6.45398e-13
7.0974e-13
7.71013e-13
8.29366e-13
8.84935e-13
9.37855e-13
9.88251e-13
1.03624e-12
1.08195e-12
1.12547e-12
1.16692e-12
1.20639e-12
1.24399e-12
1.27978e-12
1.31387e-12
1.34634e-12
1.37726e-12
1.4067e-12
1.43474e-12
1.46145e-12
1.48688e-12
1.51109e-12
1.53416e-12
1.55612e-12
1.79794e-12
2.06375e-12
2.3559e-12
2.67692e-12
3.02957e-12
3.41684e-12
3.84194e-12
4.30836e-12
4.81979e-12
5.38017e-12
5.99361e-12
6.66441e-12
7.39694e-12
8.19555e-12
9.06444e-12
1.00075e-11
1.10278e-11
1.21278e-11
1.33082e-11
1.45676e-11
1.5902e-11
1.73034e-11
1.87591e-11
2.02501e-11
2.17497e-11
2.32224e-11
2.46219e-11
2.58909e-11
2.69605e-11
2.77514e-11
2.81761e-11
2.81436e-11
2.7566e-11
2.63662e-11
2.4487e-11
2.19e-11
1.86116e-11
1.46676e-11
1.01549e-11
5.20404e-12
1.97529e-33
1.1111e-16
7.51225e-14
1.46577e-13
2.14627e-13
2.79434e-13
3.41154e-13
3.99931e-13
4.55907e-13
5.09215e-13
5.59981e-13
6.08326e-13
6.54367e-13
6.98212e-13
7.39967e-13
7.79731e-13
8.17599e-13
8.53661e-13
8.88004e-13
9.2071e-13
9.51856e-13
9.81516e-13
1.00976e-12
1.03666e-12
1.06228e-12
1.08668e-12
1.10991e-12
1.13204e-12
1.15311e-12
1.17317e-12
1.19228e-12
1.21048e-12
1.22781e-12
1.41863e-12
1.6284e-12
1.85897e-12
2.11234e-12
2.3907e-12
2.69643e-12
3.03208e-12
3.40042e-12
3.80441e-12
4.24719e-12
4.73209e-12
5.26256e-12
5.84216e-12
6.47447e-12
7.16302e-12
7.91107e-12
8.72149e-12
9.59648e-12
1.05372e-11
1.15432e-11
1.26122e-11
1.3739e-11
1.49146e-11
1.61254e-11
1.7352e-11
1.85677e-11
1.97375e-11
2.08171e-11
2.17521e-11
2.24784e-11
2.29236e-11
2.30098e-11
2.26583e-11
2.17959e-11
2.03626e-11
1.832e-11
1.56589e-11
1.24053e-11
8.62595e-12
4.43383e-12
1.85365e-33
8.60257e-17
5.81635e-14
1.13487e-13
1.66175e-13
2.16352e-13
2.64138e-13
3.09647e-13
3.52987e-13
3.94261e-13
4.33567e-13
4.71e-13
5.06648e-13
5.40597e-13
5.72926e-13
6.03715e-13
6.33036e-13
6.60958e-13
6.8755e-13
7.12874e-13
7.3699e-13
7.59957e-13
7.81828e-13
8.02657e-13
8.22493e-13
8.41384e-13
8.59374e-13
8.76506e-13
8.92822e-13
9.0836e-13
9.23158e-13
9.3725e-13
9.50671e-13
1.09843e-12
1.26088e-12
1.43944e-12
1.63567e-12
1.85128e-12
2.08811e-12
2.34816e-12
2.63358e-12
2.9467e-12
3.28997e-12
3.66601e-12
4.07756e-12
4.52745e-12
5.01856e-12
5.55372e-12
6.13567e-12
6.76685e-12
7.44923e-12
8.18409e-12
8.97162e-12
9.81056e-12
1.06976e-11
1.16267e-11
1.25884e-11
1.35686e-11
1.4548e-11
1.55005e-11
1.63926e-11
1.71825e-11
1.78199e-11
1.82464e-11
1.83978e-11
1.82063e-11
1.76063e-11
1.65399e-11
1.49646e-11
1.28608e-11
1.02397e-11
7.14989e-12
3.68581e-12
1.69733e-33
6.50452e-17
4.39787e-14
8.58099e-14
1.25648e-13
1.63589e-13
1.99721e-13
2.34132e-13
2.66903e-13
2.98111e-13
3.27832e-13
3.56136e-13
3.83091e-13
4.08761e-13
4.33208e-13
4.56489e-13
4.78659e-13
4.99773e-13
5.19881e-13
5.3903e-13
5.57266e-13
5.74632e-13
5.91171e-13
6.06922e-13
6.21921e-13
6.36206e-13
6.4981e-13
6.62765e-13
6.75103e-13
6.86853e-13
6.98043e-13
7.08699e-13
7.18848e-13
8.30588e-13
9.53436e-13
1.08848e-12
1.23689e-12
1.39998e-12
1.57913e-12
1.77587e-12
1.99185e-12
2.22881e-12
2.48867e-12
2.7734e-12
3.08514e-12
3.42606e-12
3.7984e-12
4.20442e-12
4.64627e-12
5.12596e-12
5.64518e-12
6.20514e-12
6.80632e-12
7.44814e-12
8.1286e-12
8.84375e-12
9.58709e-12
1.03488e-11
1.11151e-11
1.18671e-11
1.25802e-11
1.3223e-11
1.37571e-11
1.41374e-11
1.43124e-11
1.42266e-11
1.3824e-11
1.30526e-11
1.18705e-11
1.02533e-11
8.20171e-12
5.74931e-12
2.97192e-12
1.50747e-33
4.76081e-17
3.21893e-14
6.28068e-14
9.19659e-14
1.19736e-13
1.46182e-13
1.71369e-13
1.95355e-13
2.18198e-13
2.39952e-13
2.60669e-13
2.80398e-13
2.99188e-13
3.17081e-13
3.34122e-13
3.5035e-13
3.65804e-13
3.80522e-13
3.94539e-13
4.07887e-13
4.20599e-13
4.32705e-13
4.44233e-13
4.55213e-13
4.65669e-13
4.75627e-13
4.8511e-13
4.94141e-13
5.02742e-13
5.10932e-13
5.18733e-13
5.26162e-13
6.07956e-13
6.97884e-13
7.96742e-13
9.05398e-13
1.0248e-12
1.15598e-12
1.30005e-12
1.45822e-12
1.6318e-12
1.82218e-12
2.03084e-12
2.25935e-12
2.50934e-12
2.7825e-12
3.08052e-12
3.40506e-12
3.75768e-12
4.13975e-12
4.55229e-12
4.99587e-12
5.47032e-12
5.97448e-12
6.50585e-12
7.06012e-12
7.63066e-12
8.20788e-12
8.77857e-12
9.32516e-12
9.82504e-12
1.02501e-11
1.05664e-11
1.07349e-11
1.07122e-11
1.04531e-11
9.91401e-12
9.0576e-12
7.85906e-12
6.31292e-12
4.44097e-12
2.30132e-12
1.28556e-33
3.31171e-17
2.23916e-14
4.36899e-14
6.39736e-14
8.3291e-14
1.01688e-13
1.19208e-13
1.35894e-13
1.51784e-13
1.66917e-13
1.81328e-13
1.95053e-13
2.08123e-13
2.20571e-13
2.32425e-13
2.43714e-13
2.54465e-13
2.64703e-13
2.74454e-13
2.83739e-13
2.92582e-13
3.01004e-13
3.09024e-13
3.16662e-13
3.23936e-13
3.30863e-13
3.3746e-13
3.43743e-13
3.49726e-13
3.55424e-13
3.60851e-13
3.66019e-13
4.22921e-13
4.85484e-13
5.54262e-13
6.2986e-13
7.12939e-13
8.04217e-13
9.04476e-13
1.01456e-12
1.13538e-12
1.26791e-12
1.41321e-12
1.57236e-12
1.74652e-12
1.93689e-12
2.14468e-12
2.37108e-12
2.61724e-12
2.88417e-12
3.17267e-12
3.48326e-12
3.81597e-12
4.17017e-12
4.54434e-12
4.93575e-12
5.3401e-12
5.75106e-12
6.15979e-12
6.55439e-12
6.91935e-12
7.23511e-12
7.47781e-12
7.61934e-12
7.62802e-12
7.46997e-12
7.11149e-12
6.5225e-12
5.68124e-12
4.57996e-12
3.2317e-12
1.67827e-12
1.03179e-33
2.09131e-17
1.41402e-14
2.75899e-14
4.0399e-14
5.25978e-14
6.42154e-14
7.52795e-14
8.58163e-14
9.58509e-14
1.05407e-13
1.14508e-13
1.23175e-13
1.31429e-13
1.3929e-13
1.46776e-13
1.53905e-13
1.60694e-13
1.6716e-13
1.73318e-13
1.79182e-13
1.84766e-13
1.90085e-13
1.9515e-13
1.99973e-13
2.04567e-13
2.08941e-13
2.13107e-13
2.17075e-13
2.20854e-13
2.24452e-13
2.27879e-13
2.31143e-13
2.67079e-13
3.06591e-13
3.50028e-13
3.97775e-13
4.50248e-13
5.07904e-13
5.71235e-13
6.40779e-13
7.17113e-13
8.00857e-13
8.92676e-13
9.93271e-13
1.10338e-12
1.22377e-12
1.35522e-12
1.4985e-12
1.65436e-12
1.82348e-12
2.00641e-12
2.20352e-12
2.4149e-12
2.64026e-12
2.87874e-12
3.12874e-12
3.38771e-12
3.65182e-12
3.91567e-12
4.1719e-12
4.41085e-12
4.6202e-12
4.78475e-12
4.88636e-12
4.90429e-12
4.81594e-12
4.59834e-12
4.23039e-12
3.69594e-12
2.98797e-12
2.11346e-12
1.09942e-12
7.42233e-34
1.0217e-17
6.90814e-15
1.3479e-14
1.97368e-14
2.56965e-14
3.13723e-14
3.67776e-14
4.19254e-14
4.68278e-14
5.14966e-14
5.59429e-14
6.01772e-14
6.42097e-14
6.80501e-14
7.17074e-14
7.51903e-14
7.85073e-14
8.16662e-14
8.46745e-14
8.75394e-14
9.02678e-14
9.28661e-14
9.53406e-14
9.76971e-14
9.99414e-14
1.02079e-13
1.04114e-13
1.06053e-13
1.07899e-13
1.09657e-13
1.11331e-13
1.12926e-13
1.30483e-13
1.49787e-13
1.7101e-13
1.94339e-13
2.19977e-13
2.48149e-13
2.79096e-13
3.1308e-13
3.50384e-13
3.91313e-13
4.36192e-13
4.85367e-13
5.39201e-13
5.98071e-13
6.62363e-13
7.32461e-13
8.08739e-13
8.91536e-13
9.8114e-13
1.07775e-12
1.18143e-12
1.29206e-12
1.40927e-12
1.53232e-12
1.66e-12
1.7905e-12
1.92125e-12
2.0487e-12
2.16818e-12
2.2737e-12
2.35777e-12
2.41143e-12
2.42431e-12
2.38499e-12
2.28169e-12
2.10337e-12
1.84136e-12
1.49147e-12
1.05666e-12
5.50305e-13
4.03676e-34
3.04262e-42
4.00594e-41
1.31756e-40
2.64728e-40
4.25363e-40
6.02792e-40
7.88417e-40
9.75531e-40
1.15898e-39
1.33489e-39
1.50044e-39
1.65364e-39
1.79321e-39
1.91841e-39
2.02891e-39
2.12476e-39
2.20625e-39
2.27387e-39
2.32826e-39
2.37015e-39
2.40035e-39
2.41971e-39
2.42908e-39
2.42933e-39
2.42129e-39
2.4058e-39
2.38364e-39
2.35556e-39
2.32227e-39
2.28444e-39
2.24269e-39
1.48531e-38
3.52038e-38
5.10054e-38
7.31074e-38
1.03836e-37
1.46338e-37
2.04859e-37
2.85119e-37
3.94808e-37
5.44249e-37
7.47272e-37
1.02237e-36
1.39425e-36
1.8958e-36
2.57075e-36
3.47713e-36
4.69165e-36
6.31546e-36
8.48144e-36
1.13633e-35
1.5187e-35
2.02446e-35
2.69102e-35
3.56586e-35
4.70844e-35
6.192e-35
8.1048e-35
1.05501e-34
1.36434e-34
1.75059e-34
2.22506e-34
2.79581e-34
3.46379e-34
4.21691e-34
5.02185e-34
5.81309e-34
6.48007e-34
6.85376e-34
6.6968e-34
5.70465e-34
3.53113e-34
1.39193e-34
