-2.01051e-41
-2.64706e-40
-8.70622e-40
-1.74927e-39
-2.81071e-39
-3.98311e-39
-5.20966e-39
-6.44604e-39
-7.65819e-39
-8.82053e-39
-9.91436e-39
-1.09266e-38
-1.18488e-38
-1.26759e-38
-1.3406e-38
-1.40393e-38
-1.45777e-38
-1.50244e-38
-1.53837e-38
-1.56604e-38
-1.58599e-38
-1.59877e-38
-1.60496e-38
-1.60511e-38
-1.5998e-38
-1.58955e-38
-1.5749e-38
-1.55634e-38
-1.53434e-38
-1.50934e-38
-1.48175e-38
-9.81334e-38
-2.32581e-37
-3.36959e-37
-4.8294e-37
-6.85873e-37
-9.66509e-37
-1.35284e-36
-1.88255e-36
-2.60627e-36
-3.59189e-36
-4.93028e-36
-6.74279e-36
-9.19117e-36
-1.24905e-35
-1.69258e-35
-2.28743e-35
-3.08328e-35
-4.14531e-35
-5.55868e-35
-7.43396e-35
-9.91375e-35
-1.31804e-34
-1.74644e-34
-2.30539e-34
-3.03021e-34
-3.96334e-34
-5.15422e-34
-6.65816e-34
-8.53333e-34
-1.0835e-33
-1.36056e-33
-1.68598e-33
-2.05625e-33
-2.45992e-33
-2.87402e-33
-3.25972e-33
-3.55799e-33
-3.68551e-33
-3.53197e-33
-2.96015e-33
-1.81203e-33
-1.88549e-34
2.84836e-17
1.92583e-14
3.75762e-14
5.50215e-14
7.16356e-14
8.7458e-14
1.02526e-13
1.16876e-13
1.30542e-13
1.43557e-13
1.55951e-13
1.67755e-13
1.78995e-13
1.897e-13
1.99894e-13
2.09603e-13
2.18848e-13
2.27653e-13
2.36038e-13
2.44023e-13
2.51627e-13
2.58869e-13
2.65766e-13
2.72334e-13
2.78589e-13
2.84545e-13
2.90218e-13
2.9562e-13
3.00765e-13
3.05665e-13
3.10331e-13
3.14774e-13
3.637e-13
4.17488e-13
4.76611e-13
5.41587e-13
6.12979e-13
6.91399e-13
7.77509e-13
8.72022e-13
9.75707e-13
1.08938e-12
1.21391e-12
1.3502e-12
1.4992e-12
1.66185e-12
1.83911e-12
2.03188e-12
2.24097e-12
2.46705e-12
2.71055e-12
2.97154e-12
3.24961e-12
3.54367e-12
3.85175e-12
4.17067e-12
4.49582e-12
4.82072e-12
5.13669e-12
5.43255e-12
5.69429e-12
5.90505e-12
6.0453e-12
6.09342e-12
6.02687e-12
5.82382e-12
5.46544e-12
4.93841e-12
4.23757e-12
3.36826e-12
2.34812e-12
1.20898e-12
-1.89508e-33
5.95512e-17
4.02633e-14
7.85604e-14
1.15033e-13
1.49768e-13
1.82848e-13
2.14351e-13
2.44352e-13
2.72923e-13
3.00132e-13
3.26044e-13
3.50721e-13
3.74221e-13
3.966e-13
4.17913e-13
4.38209e-13
4.57537e-13
4.75944e-13
4.93474e-13
5.10167e-13
5.26065e-13
5.41204e-13
5.55622e-13
5.69353e-13
5.82429e-13
5.94881e-13
6.0674e-13
6.18034e-13
6.28789e-13
6.39032e-13
6.48786e-13
6.58076e-13
7.60353e-13
8.72788e-13
9.96371e-13
1.13218e-12
1.28139e-12
1.44527e-12
1.6252e-12
1.82266e-12
2.03924e-12
2.27663e-12
2.53663e-12
2.82108e-12
3.13192e-12
3.47109e-12
3.84047e-12
4.24187e-12
4.67686e-12
5.14664e-12
5.65191e-12
6.19253e-12
6.76731e-12
7.37355e-12
8.0066e-12
8.65928e-12
9.32125e-12
9.97833e-12
1.06118e-11
1.11977e-11
1.17068e-11
1.21043e-11
1.23506e-11
1.24031e-11
1.22185e-11
1.17566e-11
1.09843e-11
9.88107e-12
8.4426e-12
6.68466e-12
4.64517e-12
2.38637e-12
-3.44741e-33
9.74392e-17
6.58787e-14
1.2854e-13
1.88217e-13
2.4505e-13
2.99174e-13
3.50718e-13
3.99805e-13
4.46552e-13
4.91071e-13
5.33466e-13
5.7384e-13
6.12289e-13
6.48904e-13
6.83773e-13
7.1698e-13
7.48603e-13
7.78717e-13
8.07396e-13
8.34708e-13
8.60717e-13
8.85486e-13
9.09073e-13
9.31537e-13
9.52929e-13
9.73301e-13
9.92702e-13
1.01118e-12
1.02877e-12
1.04553e-12
1.06149e-12
1.07668e-12
1.244e-12
1.42792e-12
1.63006e-12
1.85217e-12
2.09617e-12
2.36413e-12
2.65826e-12
2.98098e-12
3.33485e-12
3.72259e-12
4.14705e-12
4.61119e-12
5.11806e-12
5.67065e-12
6.27188e-12
6.92443e-12
7.63051e-12
8.39168e-12
9.20849e-12
1.008e-11
1.10035e-11
1.19734e-11
1.29808e-11
1.40127e-11
1.50505e-11
1.60696e-11
1.70378e-11
1.79154e-11
1.86545e-11
1.91998e-11
1.94906e-11
1.94635e-11
1.90574e-11
1.82193e-11
1.69102e-11
1.51118e-11
1.28308e-11
1.01017e-11
6.98702e-12
3.57798e-12
-4.71474e-33
1.4619e-16
9.88369e-14
1.92847e-13
2.82378e-13
3.67643e-13
4.48844e-13
5.26173e-13
5.99816e-13
6.69948e-13
7.36735e-13
8.00337e-13
8.60906e-13
9.18586e-13
9.73516e-13
1.02582e-12
1.07564e-12
1.12308e-12
1.16825e-12
1.21128e-12
1.25224e-12
1.29126e-12
1.32842e-12
1.3638e-12
1.39749e-12
1.42958e-12
1.46014e-12
1.48924e-12
1.51696e-12
1.54335e-12
1.56848e-12
1.59242e-12
1.61522e-12
1.86617e-12
2.14201e-12
2.44514e-12
2.77818e-12
3.14397e-12
3.54559e-12
3.98634e-12
4.46977e-12
4.99964e-12
5.57994e-12
6.21482e-12
6.90855e-12
7.66543e-12
8.48968e-12
9.38525e-12
1.03556e-11
1.14034e-11
1.25302e-11
1.37355e-11
1.50167e-11
1.63678e-11
1.77785e-11
1.92333e-11
2.07096e-11
2.21771e-11
2.35959e-11
2.49161e-11
2.6077e-11
2.7008e-11
2.76306e-11
2.7862e-11
2.76207e-11
2.68336e-11
2.5444e-11
2.34194e-11
2.0757e-11
1.74873e-11
1.36724e-11
9.40337e-12
4.79678e-12
-5.75378e-33
2.09381e-16
1.41556e-13
2.76199e-13
4.04426e-13
5.26542e-13
6.42837e-13
7.53588e-13
8.59057e-13
9.59496e-13
1.05515e-12
1.14623e-12
1.23297e-12
1.31558e-12
1.39424e-12
1.46915e-12
1.54049e-12
1.60842e-12
1.67312e-12
1.73472e-12
1.79339e-12
1.84926e-12
1.90247e-12
1.95313e-12
2.00138e-12
2.04733e-12
2.09109e-12
2.13276e-12
2.17244e-12
2.21023e-12
2.24622e-12
2.2805e-12
2.31314e-12
2.67244e-12
3.06734e-12
3.50126e-12
3.97792e-12
4.50134e-12
5.07589e-12
5.70622e-12
6.39732e-12
7.15447e-12
7.98318e-12
8.88919e-12
9.8783e-12
1.09563e-11
1.21286e-11
1.34004e-11
1.47755e-11
1.62568e-11
1.78447e-11
1.95371e-11
2.13278e-11
2.32053e-11
2.51517e-11
2.71409e-11
2.91365e-11
3.1091e-11
3.29436e-11
3.46201e-11
3.60336e-11
3.70863e-11
3.76744e-11
3.76944e-11
3.7052e-11
3.56719e-11
3.35077e-11
3.0549e-11
2.68252e-11
2.24032e-11
1.73811e-11
1.18795e-11
6.0342e-12
-6.5857e-33
2.876e-16
1.94432e-13
3.79368e-13
5.55492e-13
7.23221e-13
8.82954e-13
1.03507e-12
1.17993e-12
1.31788e-12
1.44925e-12
1.57436e-12
1.69349e-12
1.80694e-12
1.91498e-12
2.01786e-12
2.11583e-12
2.20913e-12
2.29798e-12
2.38259e-12
2.46316e-12
2.53988e-12
2.61295e-12
2.68253e-12
2.74879e-12
2.81189e-12
2.87198e-12
2.9292e-12
2.9837e-12
3.03559e-12
3.08501e-12
3.13208e-12
3.1769e-12
3.67027e-12
4.21246e-12
4.80814e-12
5.4624e-12
6.18071e-12
6.96899e-12
7.83353e-12
8.78107e-12
9.81867e-12
1.09537e-11
1.21937e-11
1.35463e-11
1.50188e-11
1.66181e-11
1.83502e-11
2.02193e-11
2.22278e-11
2.43743e-11
2.66534e-11
2.90535e-11
3.15554e-11
3.41301e-11
3.67367e-11
3.93204e-11
4.18103e-11
4.41187e-11
4.61412e-11
4.7759e-11
4.88436e-11
4.92647e-11
4.89013e-11
4.76535e-11
4.54564e-11
4.22891e-11
3.81809e-11
3.32086e-11
2.74878e-11
2.11586e-11
1.43696e-11
7.26763e-12
-7.21709e-33
3.74827e-16
2.53397e-13
4.94419e-13
7.23954e-13
9.42549e-13
1.15072e-12
1.34896e-12
1.53775e-12
1.71754e-12
1.88874e-12
2.05178e-12
2.20703e-12
2.35488e-12
2.49567e-12
2.62975e-12
2.75742e-12
2.879e-12
2.99478e-12
3.10504e-12
3.21003e-12
3.31001e-12
3.40522e-12
3.49589e-12
3.58223e-12
3.66446e-12
3.74276e-12
3.81732e-12
3.88833e-12
3.95595e-12
4.02035e-12
4.08167e-12
4.14007e-12
4.78292e-12
5.48932e-12
6.26534e-12
7.11756e-12
8.05307e-12
9.0795e-12
1.0205e-11
1.14381e-11
1.2788e-11
1.4264e-11
1.58756e-11
1.76323e-11
1.95431e-11
2.16163e-11
2.38588e-11
2.62749e-11
2.88659e-11
3.16285e-11
3.45527e-11
3.76206e-11
4.08033e-11
4.40588e-11
4.73289e-11
5.05368e-11
5.3585e-11
5.63549e-11
5.8708e-11
6.04901e-11
6.154e-11
6.1701e-11
6.08364e-11
5.88471e-11
5.56865e-11
5.13709e-11
4.59811e-11
3.96526e-11
3.25576e-11
2.48814e-11
1.67995e-11
8.46287e-12
-7.64921e-33
4.57473e-16
3.09266e-13
6.03427e-13
8.8357e-13
1.15036e-12
1.40443e-12
1.64638e-12
1.87678e-12
2.0962e-12
2.30515e-12
2.50413e-12
2.69361e-12
2.87404e-12
3.04587e-12
3.2095e-12
3.36531e-12
3.51369e-12
3.65499e-12
3.78955e-12
3.91768e-12
4.0397e-12
4.1559e-12
4.26655e-12
4.37192e-12
4.47226e-12
4.56782e-12
4.65881e-12
4.74547e-12
4.82799e-12
4.90658e-12
4.98141e-12
5.05268e-12
5.83716e-12
6.69915e-12
7.64605e-12
8.68586e-12
9.8272e-12
1.10793e-11
1.24521e-11
1.3956e-11
1.56019e-11
1.7401e-11
1.93649e-11
2.15048e-11
2.38313e-11
2.63541e-11
2.90809e-11
3.20162e-11
3.51605e-11
3.85082e-11
4.20458e-11
4.5749e-11
4.95802e-11
5.34847e-11
5.73882e-11
6.11931e-11
6.47766e-11
6.79903e-11
7.06629e-11
7.26064e-11
7.3627e-11
7.35418e-11
7.21986e-11
6.94976e-11
6.541e-11
5.99882e-11
5.3364e-11
4.5732e-11
3.73218e-11
2.83648e-11
1.90638e-11
9.57317e-12
-7.88052e-33
5.18237e-16
3.50343e-13
6.83576e-13
1.00093e-12
1.30315e-12
1.59096e-12
1.86505e-12
2.12606e-12
2.37462e-12
2.61132e-12
2.83673e-12
3.05138e-12
3.25578e-12
3.45043e-12
3.63579e-12
3.8123e-12
3.98039e-12
4.14045e-12
4.29288e-12
4.43803e-12
4.57625e-12
4.70788e-12
4.83323e-12
4.95259e-12
5.06626e-12
5.17451e-12
5.27759e-12
5.37576e-12
5.46924e-12
5.55826e-12
5.64304e-12
5.72377e-12
6.61243e-12
7.5889e-12
8.66154e-12
9.83942e-12
1.11323e-11
1.25507e-11
1.41057e-11
1.58091e-11
1.76734e-11
1.97113e-11
2.19356e-11
2.43592e-11
2.6994e-11
2.98509e-11
3.29384e-11
3.62618e-11
3.98212e-11
4.36102e-11
4.76131e-11
5.18019e-11
5.61334e-11
6.05453e-11
6.49521e-11
6.9242e-11
7.32746e-11
7.68799e-11
7.98619e-11
8.20056e-11
8.30898e-11
8.29066e-11
8.12851e-11
7.81162e-11
7.33755e-11
6.71347e-11
5.95596e-11
5.08893e-11
4.14014e-11
3.13701e-11
2.10278e-11
1.05394e-11
-7.90848e-33
5.42584e-16
3.66806e-13
7.15697e-13
1.04796e-12
1.36439e-12
1.66573e-12
1.95269e-12
2.22597e-12
2.48622e-12
2.73404e-12
2.97004e-12
3.19478e-12
3.4088e-12
3.6126e-12
3.80667e-12
3.99149e-12
4.16748e-12
4.33507e-12
4.49467e-12
4.64665e-12
4.79138e-12
4.9292e-12
5.06044e-12
5.18542e-12
5.30444e-12
5.41778e-12
5.52572e-12
5.6285e-12
5.72639e-12
5.8196e-12
5.90837e-12
5.9929e-12
6.92341e-12
7.9459e-12
9.06915e-12
1.03027e-11
1.16567e-11
1.31423e-11
1.47711e-11
1.65557e-11
1.85091e-11
2.06448e-11
2.29764e-11
2.55176e-11
2.82813e-11
3.12793e-11
3.45211e-11
3.80128e-11
4.17557e-11
4.57439e-11
4.99626e-11
5.43841e-11
5.89651e-11
6.36424e-11
6.83288e-11
7.29095e-11
7.72388e-11
8.11394e-11
8.44046e-11
8.68053e-11
8.81028e-11
8.80682e-11
8.65074e-11
8.32895e-11
7.83717e-11
7.18161e-11
6.37903e-11
5.45488e-11
4.43961e-11
3.36397e-11
2.25437e-11
1.12957e-11
-4.27996e-33
5.42688e-16
3.66877e-13
7.15835e-13
1.04816e-12
1.36465e-12
1.66605e-12
1.95307e-12
2.22641e-12
2.4867e-12
2.73457e-12
2.97062e-12
3.19541e-12
3.40946e-12
3.6133e-12
3.80742e-12
3.99227e-12
4.16829e-12
4.33592e-12
4.49555e-12
4.64756e-12
4.79231e-12
4.93016e-12
5.06143e-12
5.18644e-12
5.30549e-12
5.41885e-12
5.52681e-12
5.62961e-12
5.72751e-12
5.82075e-12
5.90953e-12
5.99408e-12
6.92479e-12
7.94749e-12
9.07098e-12
1.03048e-11
1.16591e-11
1.3145e-11
1.47743e-11
1.65594e-11
1.85133e-11
2.06497e-11
2.29821e-11
2.55243e-11
2.82893e-11
3.12887e-11
3.45323e-11
3.80263e-11
4.17719e-11
4.57637e-11
4.99868e-11
5.44138e-11
5.90017e-11
6.36875e-11
6.83845e-11
7.2978e-11
7.73225e-11
8.1241e-11
8.45265e-11
8.69496e-11
8.82707e-11
8.82595e-11
8.67201e-11
8.35192e-11
7.86114e-11
7.20567e-11
6.40212e-11
5.47591e-11
4.45757e-11
3.37805e-11
2.26401e-11
1.13446e-11
7.5968e-34
5.5175e-16
3.73005e-13
7.27794e-13
1.06568e-12
1.38745e-12
1.69388e-12
1.98571e-12
2.26361e-12
2.52825e-12
2.78027e-12
3.02027e-12
3.24881e-12
3.46645e-12
3.6737e-12
3.87106e-12
4.05901e-12
4.23798e-12
4.40842e-12
4.57072e-12
4.72527e-12
4.87246e-12
5.01261e-12
5.14609e-12
5.27319e-12
5.39423e-12
5.50949e-12
5.61926e-12
5.72379e-12
5.82334e-12
5.91813e-12
6.00841e-12
6.09438e-12
7.04072e-12
8.08063e-12
9.22307e-12
1.04777e-11
1.18551e-11
1.33663e-11
1.50236e-11
1.68395e-11
1.88274e-11
2.10013e-11
2.33753e-11
2.59634e-11
2.87793e-11
3.18352e-11
3.51415e-11
3.87051e-11
4.25284e-11
4.66067e-11
5.09262e-11
5.54609e-11
6.01688e-11
6.49882e-11
6.98331e-11
7.45895e-11
7.91114e-11
8.322e-11
8.67049e-11
8.93302e-11
9.08465e-11
9.10102e-11
8.96084e-11
8.64883e-11
8.15851e-11
7.49422e-11
6.67162e-11
5.71615e-11
4.65947e-11
3.53451e-11
2.37034e-11
1.18812e-11
2.18521e-33
5.78658e-16
3.91196e-13
7.63286e-13
1.11765e-12
1.45511e-12
1.77649e-12
2.08254e-12
2.374e-12
2.65155e-12
2.91586e-12
3.16755e-12
3.40724e-12
3.63549e-12
3.85285e-12
4.05984e-12
4.25694e-12
4.44465e-12
4.62339e-12
4.7936e-12
4.9557e-12
5.11005e-12
5.25705e-12
5.39703e-12
5.53033e-12
5.65727e-12
5.77815e-12
5.89327e-12
6.0029e-12
6.10729e-12
6.20671e-12
6.30139e-12
6.39155e-12
7.38402e-12
8.47463e-12
9.67275e-12
1.09885e-11
1.2433e-11
1.40178e-11
1.57557e-11
1.766e-11
1.97446e-11
2.20242e-11
2.45134e-11
2.72271e-11
3.01793e-11
3.3383e-11
3.68489e-11
4.05842e-11
4.4591e-11
4.88644e-11
5.33897e-11
5.81392e-11
6.30688e-11
6.81133e-11
7.31823e-11
7.8156e-11
8.28813e-11
8.71708e-11
9.08043e-11
9.35353e-11
9.51039e-11
9.52561e-11
9.37707e-11
9.0489e-11
8.5344e-11
7.83815e-11
6.97652e-11
5.97611e-11
4.87014e-11
3.69325e-11
2.47605e-11
1.24081e-11
2.16318e-33
6.18503e-16
4.18129e-13
8.15837e-13
1.19459e-12
1.55529e-12
1.8988e-12
2.22592e-12
2.53743e-12
2.83409e-12
3.11659e-12
3.38561e-12
3.6418e-12
3.88575e-12
4.11807e-12
4.3393e-12
4.54997e-12
4.75059e-12
4.94163e-12
5.12356e-12
5.2968e-12
5.46178e-12
5.61888e-12
5.76849e-12
5.91096e-12
6.04663e-12
6.17583e-12
6.29886e-12
6.41603e-12
6.5276e-12
6.63386e-12
6.73504e-12
6.8314e-12
7.8921e-12
9.05764e-12
1.0338e-11
1.17441e-11
1.32875e-11
1.49809e-11
1.68375e-11
1.88717e-11
2.10982e-11
2.35323e-11
2.61898e-11
2.90861e-11
3.22359e-11
3.56524e-11
3.93466e-11
4.33252e-11
4.75898e-11
5.21335e-11
5.69392e-11
6.19754e-11
6.71927e-11
7.25192e-11
7.78556e-11
8.30713e-11
8.80013e-11
9.24443e-11
9.61664e-11
9.89081e-11
1.00399e-10
1.00379e-10
9.86267e-11
9.49902e-11
8.94153e-11
8.19658e-11
7.28257e-11
6.22815e-11
5.06825e-11
3.83881e-11
2.57118e-11
1.28765e-11
1.24169e-33
6.26913e-16
4.23814e-13
8.26928e-13
1.21083e-12
1.57644e-12
1.92461e-12
2.25617e-12
2.57193e-12
2.87261e-12
3.15895e-12
3.43163e-12
3.6913e-12
3.93857e-12
4.17404e-12
4.39828e-12
4.61181e-12
4.81515e-12
5.00879e-12
5.19319e-12
5.36878e-12
5.536e-12
5.69524e-12
5.84688e-12
5.99128e-12
6.1288e-12
6.25975e-12
6.38445e-12
6.50321e-12
6.6163e-12
6.724e-12
6.82656e-12
6.92423e-12
7.99932e-12
9.18066e-12
1.04784e-11
1.19035e-11
1.34678e-11
1.5184e-11
1.70657e-11
1.91272e-11
2.13835e-11
2.38502e-11
2.6543e-11
2.94776e-11
3.26687e-11
3.61298e-11
3.98716e-11
4.39009e-11
4.82188e-11
5.28184e-11
5.76815e-11
6.27761e-11
6.80514e-11
7.34338e-11
7.88223e-11
8.40838e-11
8.90504e-11
9.35182e-11
9.72503e-11
9.99847e-11
1.01449e-10
1.01383e-10
9.95657e-11
9.58473e-11
9.01778e-11
8.26253e-11
7.33789e-11
6.27291e-11
5.10288e-11
3.86391e-11
2.58741e-11
1.29559e-11
1.1748e-33
6.69333e-16
4.52486e-13
8.82871e-13
1.29275e-12
1.68308e-12
2.05481e-12
2.4088e-12
2.74591e-12
3.06693e-12
3.37264e-12
3.66376e-12
3.94098e-12
4.20497e-12
4.45637e-12
4.69576e-12
4.92373e-12
5.14082e-12
5.34754e-12
5.5444e-12
5.73186e-12
5.91038e-12
6.08038e-12
6.24226e-12
6.39642e-12
6.54323e-12
6.68303e-12
6.81615e-12
6.94293e-12
7.06366e-12
7.17863e-12
7.28812e-12
7.39238e-12
8.54005e-12
9.80109e-12
1.11863e-11
1.27073e-11
1.43768e-11
1.62082e-11
1.8216e-11
2.04152e-11
2.28217e-11
2.5452e-11
2.83225e-11
3.14495e-11
3.48482e-11
3.85324e-11
4.25125e-11
4.67946e-11
5.13786e-11
5.62549e-11
6.14024e-11
6.67838e-11
7.23418e-11
7.79945e-11
8.36304e-11
8.91041e-11
9.42339e-11
9.8801e-11
1.02555e-10
1.0522e-10
1.06519e-10
1.06188e-10
1.04014e-10
9.98624e-11
9.37041e-11
8.56336e-11
7.58655e-11
6.47123e-11
5.25418e-11
3.97225e-11
2.65678e-11
1.3293e-11
2.13724e-33
7.31239e-16
4.94327e-13
9.64511e-13
1.41229e-12
1.83871e-12
2.24481e-12
2.63153e-12
2.9998e-12
3.3505e-12
3.68447e-12
4.00249e-12
4.30534e-12
4.59373e-12
4.86835e-12
5.12986e-12
5.37889e-12
5.61604e-12
5.84186e-12
6.0569e-12
6.26168e-12
6.45668e-12
6.64238e-12
6.81921e-12
6.98761e-12
7.14796e-12
7.30067e-12
7.44609e-12
7.58457e-12
7.71644e-12
7.84202e-12
7.96161e-12
8.0755e-12
9.32904e-12
1.07063e-11
1.22191e-11
1.388e-11
1.57028e-11
1.77021e-11
1.98933e-11
2.2293e-11
2.49181e-11
2.77862e-11
3.09147e-11
3.43207e-11
3.80201e-11
4.20266e-11
4.63503e-11
5.09959e-11
5.59606e-11
6.12314e-11
6.67812e-11
7.2565e-11
7.85152e-11
8.45366e-11
9.05018e-11
9.62466e-11
1.01569e-10
1.06228e-10
1.09954e-10
1.12457e-10
1.1345e-10
1.12674e-10
1.0993e-10
1.05111e-10
9.82252e-11
8.9409e-11
7.89156e-11
6.70883e-11
5.43133e-11
4.09646e-11
2.73496e-11
1.36684e-11
2.21297e-33
8.02499e-16
5.42489e-13
1.05848e-12
1.54988e-12
2.01785e-12
2.4635e-12
2.8879e-12
3.29204e-12
3.6769e-12
4.04339e-12
4.39238e-12
4.72471e-12
5.04118e-12
5.34254e-12
5.62951e-12
5.90278e-12
6.16301e-12
6.41081e-12
6.64678e-12
6.87148e-12
7.08546e-12
7.28922e-12
7.48325e-12
7.66803e-12
7.84398e-12
8.01154e-12
8.1711e-12
8.32305e-12
8.46774e-12
8.60553e-12
8.73675e-12
8.86171e-12
1.02371e-11
1.17481e-11
1.34076e-11
1.52294e-11
1.72284e-11
1.94206e-11
2.18228e-11
2.44526e-11
2.73285e-11
3.04692e-11
3.38932e-11
3.76186e-11
4.16615e-11
4.60356e-11
5.07501e-11
5.58079e-11
6.1203e-11
6.69172e-11
7.29165e-11
7.91461e-11
8.55257e-11
9.19442e-11
9.82548e-11
1.04271e-10
1.09768e-10
1.1448e-10
1.18116e-10
1.20372e-10
1.20956e-10
1.19616e-10
1.16177e-10
1.10569e-10
1.02846e-10
9.31942e-11
8.19108e-11
6.93713e-11
5.59789e-11
4.2109e-11
2.80577e-11
1.40043e-11
2.06007e-33
8.81693e-16
5.96013e-13
1.16291e-12
1.70279e-12
2.21693e-12
2.70654e-12
3.1728e-12
3.61681e-12
4.03962e-12
4.44225e-12
4.82566e-12
5.19076e-12
5.53843e-12
5.8695e-12
6.18476e-12
6.48496e-12
6.77083e-12
7.04305e-12
7.30227e-12
7.54912e-12
7.78417e-12
8.00801e-12
8.22116e-12
8.42413e-12
8.61741e-12
8.80147e-12
8.97674e-12
9.14365e-12
9.30259e-12
9.45395e-12
9.59808e-12
9.73534e-12
1.1246e-11
1.29056e-11
1.4728e-11
1.67285e-11
1.89232e-11
2.13294e-11
2.39655e-11
2.68506e-11
3.00044e-11
3.3447e-11
3.7198e-11
4.12761e-11
4.56981e-11
5.04771e-11
5.56211e-11
6.11306e-11
6.69956e-11
7.31918e-11
7.96766e-11
8.63837e-11
9.3218e-11
1.0005e-10
1.06711e-10
1.12989e-10
1.18633e-10
1.23353e-10
1.26835e-10
1.28762e-10
1.2884e-10
1.26833e-10
1.22595e-10
1.16101e-10
1.0746e-10
9.69124e-11
8.48011e-11
7.15335e-11
5.75268e-11
4.31535e-11
2.8694e-11
1.43029e-11
1.91167e-33
9.67611e-16
6.54078e-13
1.27621e-12
1.86868e-12
2.4329e-12
2.97021e-12
3.48188e-12
3.96912e-12
4.43311e-12
4.87495e-12
5.29569e-12
5.69634e-12
6.07786e-12
6.44115e-12
6.7871e-12
7.11652e-12
7.43021e-12
7.72891e-12
8.01335e-12
8.28421e-12
8.54213e-12
8.78774e-12
9.02162e-12
9.24433e-12
9.45641e-12
9.65836e-12
9.85067e-12
1.00338e-11
1.02082e-11
1.03743e-11
1.05324e-11
1.0683e-11
1.23404e-11
1.4161e-11
1.61601e-11
1.83542e-11
2.0761e-11
2.33992e-11
2.62886e-11
2.945e-11
3.29045e-11
3.66734e-11
4.07775e-11
4.52363e-11
5.00666e-11
5.5281e-11
6.08859e-11
6.68788e-11
7.32447e-11
7.99525e-11
8.69493e-11
9.41559e-11
1.0146e-10
1.08712e-10
1.15718e-10
1.2224e-10
1.27998e-10
1.32675e-10
1.35938e-10
1.37457e-10
1.36943e-10
1.34178e-10
1.29055e-10
1.21603e-10
1.11988e-10
1.00507e-10
8.75517e-11
7.35573e-11
5.89512e-11
4.40991e-11
2.92618e-11
1.45666e-11
1.769e-33
1.05915e-15
7.15939e-13
1.39691e-12
2.04541e-12
2.66299e-12
3.25111e-12
3.81116e-12
4.34448e-12
4.85233e-12
5.33594e-12
5.79645e-12
6.23497e-12
6.65254e-12
7.05016e-12
7.42879e-12
7.78934e-12
8.13266e-12
8.45958e-12
8.77089e-12
9.06732e-12
9.3496e-12
9.6184e-12
9.87435e-12
1.01181e-11
1.03502e-11
1.05712e-11
1.07817e-11
1.09821e-11
1.11729e-11
1.13547e-11
1.15277e-11
1.16925e-11
1.35063e-11
1.54984e-11
1.76856e-11
2.00858e-11
2.27182e-11
2.56031e-11
2.87621e-11
3.22171e-11
3.5991e-11
4.01064e-11
4.45852e-11
4.94473e-11
5.47096e-11
6.03839e-11
6.64746e-11
7.29755e-11
7.98661e-11
8.7107e-11
9.46343e-11
1.02354e-10
1.10135e-10
1.17805e-10
1.25144e-10
1.31885e-10
1.37718e-10
1.423e-10
1.45279e-10
1.46317e-10
1.45131e-10
1.41532e-10
1.35458e-10
1.26993e-10
1.16369e-10
1.0394e-10
9.01405e-11
7.54334e-11
6.02514e-11
4.49493e-11
2.97657e-11
1.47984e-11
1.63296e-33
1.15526e-15
7.80892e-13
1.52364e-12
2.23097e-12
2.90458e-12
3.54604e-12
4.15689e-12
4.73857e-12
5.29249e-12
5.81994e-12
6.32221e-12
6.80048e-12
7.25591e-12
7.68957e-12
8.10252e-12
8.49574e-12
8.87017e-12
9.22671e-12
9.56622e-12
9.88951e-12
1.01974e-11
1.04905e-11
1.07696e-11
1.10354e-11
1.12885e-11
1.15296e-11
1.17591e-11
1.19776e-11
1.21858e-11
1.2384e-11
1.25727e-11
1.27524e-11
1.47302e-11
1.69023e-11
1.92868e-11
2.19033e-11
2.47724e-11
2.79161e-11
3.13574e-11
3.51202e-11
3.92286e-11
4.37066e-11
4.85769e-11
5.38603e-11
5.95732e-11
6.57264e-11
7.23217e-11
7.93489e-11
8.67811e-11
9.45698e-11
1.02639e-10
1.10878e-10
1.19135e-10
1.27215e-10
1.34868e-10
1.41798e-10
1.47665e-10
1.521e-10
1.54733e-10
1.55221e-10
1.53296e-10
1.48801e-10
1.41724e-10
1.32212e-10
1.20561e-10
1.07183e-10
9.2555e-11
7.71592e-11
6.14305e-11
4.57096e-11
3.02105e-11
1.5001e-11
1.50415e-33
1.25495e-15
8.48253e-13
1.65507e-12
2.42342e-12
3.15512e-12
3.85191e-12
4.51543e-12
5.14728e-12
5.74896e-12
6.32189e-12
6.86746e-12
7.38696e-12
7.88164e-12
8.35268e-12
8.80121e-12
9.22831e-12
9.635e-12
1.00223e-11
1.0391e-11
1.07421e-11
1.10765e-11
1.13949e-11
1.1698e-11
1.19867e-11
1.22616e-11
1.25234e-11
1.27727e-11
1.301e-11
1.32361e-11
1.34513e-11
1.36563e-11
1.38515e-11
1.59993e-11
1.8358e-11
2.09471e-11
2.37877e-11
2.6902e-11
3.03137e-11
3.40475e-11
3.81287e-11
4.25831e-11
4.74358e-11
5.27107e-11
5.84285e-11
6.46057e-11
7.12514e-11
7.83647e-11
8.59306e-11
9.39152e-11
1.0226e-10
1.10875e-10
1.19633e-10
1.28361e-10
1.36836e-10
1.44781e-10
1.51868e-10
1.57726e-10
1.61963e-10
1.64191e-10
1.6407e-10
1.61348e-10
1.55908e-10
1.47793e-10
1.37215e-10
1.24537e-10
1.10224e-10
9.47904e-11
7.87365e-11
6.2494e-11
4.63864e-11
3.06018e-11
1.51777e-11
1.38293e-33
1.35722e-15
9.17363e-13
1.78991e-12
2.62085e-12
3.41216e-12
4.16571e-12
4.88328e-12
5.56659e-12
6.21727e-12
6.83686e-12
7.42684e-12
7.98864e-12
8.52358e-12
9.03296e-12
9.518e-12
9.97985e-12
1.04196e-11
1.08384e-11
1.12371e-11
1.16168e-11
1.19784e-11
1.23227e-11
1.26505e-11
1.29627e-11
1.32599e-11
1.3543e-11
1.38125e-11
1.40691e-11
1.43135e-11
1.45463e-11
1.47679e-11
1.49789e-11
1.73012e-11
1.98512e-11
2.26501e-11
2.57204e-11
2.90861e-11
3.27724e-11
3.68057e-11
4.1213e-11
4.60215e-11
5.12575e-11
5.69456e-11
6.3107e-11
6.97575e-11
7.69045e-11
8.45438e-11
9.26554e-11
1.01198e-10
1.10101e-10
1.19262e-10
1.28533e-10
1.3772e-10
1.46573e-10
1.54783e-10
1.61992e-10
1.678e-10
1.71789e-10
1.73561e-10
1.72779e-10
1.69215e-10
1.62794e-10
1.5362e-10
1.41973e-10
1.28278e-10
1.13054e-10
9.68476e-11
8.01707e-11
6.3449e-11
4.69865e-11
3.09447e-11
1.53312e-11
1.26943e-33
1.46114e-15
9.87583e-13
1.92692e-12
2.82146e-12
3.67334e-12
4.48455e-12
5.25704e-12
5.99264e-12
6.69309e-12
7.36009e-12
7.9952e-12
8.59997e-12
9.17583e-12
9.72416e-12
1.02463e-11
1.07435e-11
1.12169e-11
1.16676e-11
1.20968e-11
1.25056e-11
1.28947e-11
1.32653e-11
1.36182e-11
1.39542e-11
1.42741e-11
1.45788e-11
1.48689e-11
1.51452e-11
1.54082e-11
1.56587e-11
1.58973e-11
1.61244e-11
1.86239e-11
2.13682e-11
2.43801e-11
2.76837e-11
3.13045e-11
3.52695e-11
3.96067e-11
4.43447e-11
4.9512e-11
5.51362e-11
6.12427e-11
6.78526e-11
7.4981e-11
8.26334e-11
9.08021e-11
9.94613e-11
1.08561e-10
1.18021e-10
1.27721e-10
1.37496e-10
1.47127e-10
1.56336e-10
1.64784e-10
1.72081e-10
1.77798e-10
1.81495e-10
1.82766e-10
1.8128e-10
1.76838e-10
1.69414e-10
1.59174e-10
1.46465e-10
1.31776e-10
1.15673e-10
9.87314e-11
8.14694e-11
6.43036e-11
4.75173e-11
3.12446e-11
1.54642e-11
1.16364e-33
1.5658e-15
1.05831e-12
2.06491e-12
3.02351e-12
3.93638e-12
4.80568e-12
5.63348e-12
6.42173e-12
7.17233e-12
7.88706e-12
8.56763e-12
9.21567e-12
9.83273e-12
1.04203e-11
1.09798e-11
1.15125e-11
1.20198e-11
1.25028e-11
1.29627e-11
1.34006e-11
1.38176e-11
1.42147e-11
1.45928e-11
1.49528e-11
1.52956e-11
1.5622e-11
1.59329e-11
1.62289e-11
1.65107e-11
1.67791e-11
1.70347e-11
1.7278e-11
1.99559e-11
2.28959e-11
2.61222e-11
2.96605e-11
3.35381e-11
3.77835e-11
4.24263e-11
4.74967e-11
5.30247e-11
5.90387e-11
6.55649e-11
7.26245e-11
8.02314e-11
8.83891e-11
9.7086e-11
1.0629e-10
1.15943e-10
1.25952e-10
1.36182e-10
1.46447e-10
1.56503e-10
1.66045e-10
1.74702e-10
1.82054e-10
1.87642e-10
1.91009e-10
1.91739e-10
1.89516e-10
1.84174e-10
1.75737e-10
1.64435e-10
1.50683e-10
1.35031e-10
1.18087e-10
1.0045e-10
8.26415e-11
6.50664e-11
4.79856e-11
3.15064e-11
1.55794e-11
1.06539e-33
1.67037e-15
1.12896e-12
2.20277e-12
3.22537e-12
4.19918e-12
5.12651e-12
6.00955e-12
6.85042e-12
7.65111e-12
8.41353e-12
9.13951e-12
9.83078e-12
1.0489e-11
1.11158e-11
1.17125e-11
1.22808e-11
1.28219e-11
1.33371e-11
1.38276e-11
1.42948e-11
1.47396e-11
1.51631e-11
1.55664e-11
1.59504e-11
1.6316e-11
1.66642e-11
1.69957e-11
1.73114e-11
1.76121e-11
1.78983e-11
1.81709e-11
1.84305e-11
2.12865e-11
2.44219e-11
2.78623e-11
3.1635e-11
3.57689e-11
4.02941e-11
4.52419e-11
5.06438e-11
5.65312e-11
6.29337e-11
6.98778e-11
7.73846e-11
8.5467e-11
9.4126e-11
1.03346e-10
1.13088e-10
1.23286e-10
1.33833e-10
1.44579e-10
1.55317e-10
1.65778e-10
1.75628e-10
1.84467e-10
1.9184e-10
1.97267e-10
2.00269e-10
2.00429e-10
1.97446e-10
1.9119e-10
1.81739e-10
1.6939e-10
1.54624e-10
1.38045e-10
1.20302e-10
1.02012e-10
8.36966e-11
6.57459e-11
4.83982e-11
3.17346e-11
1.56789e-11
9.74439e-34
1.77407e-15
1.19903e-12
2.33948e-12
3.42554e-12
4.45978e-12
5.44465e-12
6.38249e-12
7.27552e-12
8.12588e-12
8.93559e-12
9.7066e-12
1.04407e-11
1.11398e-11
1.18054e-11
1.24392e-11
1.30426e-11
1.36172e-11
1.41644e-11
1.46854e-11
1.51814e-11
1.56538e-11
1.61035e-11
1.65318e-11
1.69396e-11
1.73278e-11
1.76976e-11
1.80497e-11
1.83849e-11
1.87041e-11
1.90081e-11
1.92976e-11
1.95732e-11
2.26058e-11
2.59349e-11
2.95876e-11
3.35926e-11
3.79804e-11
4.27828e-11
4.80325e-11
5.37628e-11
6.00059e-11
6.67926e-11
7.41497e-11
8.20981e-11
9.06495e-11
9.98023e-11
1.09536e-10
1.19807e-10
1.30537e-10
1.41609e-10
1.52854e-10
1.64046e-10
1.7489e-10
1.85023e-10
1.94015e-10
2.01382e-10
2.06617e-10
2.09227e-10
2.08794e-10
2.05036e-10
1.97863e-10
1.87409e-10
1.74037e-10
1.5829e-10
1.40826e-10
1.22329e-10
1.03429e-10
8.46445e-11
6.63503e-11
4.87613e-11
3.19334e-11
1.57649e-11
8.90475e-34
1.8762e-15
1.26803e-12
2.47411e-12
3.62267e-12
4.71643e-12
5.75796e-12
6.74975e-12
7.69416e-12
8.59343e-12
9.44972e-12
1.02651e-11
1.10414e-11
1.17806e-11
1.24845e-11
1.31547e-11
1.37929e-11
1.44005e-11
1.49791e-11
1.553e-11
1.60546e-11
1.6554e-11
1.70296e-11
1.74825e-11
1.79137e-11
1.83243e-11
1.87152e-11
1.90875e-11
1.9442e-11
1.97795e-11
2.0101e-11
2.0407e-11
2.06985e-11
2.3905e-11
2.74248e-11
3.12864e-11
3.552e-11
4.01577e-11
4.52328e-11
5.07796e-11
5.68326e-11
6.34254e-11
7.05895e-11
7.83521e-11
8.67337e-11
9.57447e-11
1.05381e-10
1.15617e-10
1.26403e-10
1.37651e-10
1.4923e-10
1.60956e-10
1.7258e-10
1.83785e-10
1.94176e-10
2.03295e-10
2.10629e-10
2.15647e-10
2.17843e-10
2.16803e-10
2.12264e-10
2.0418e-10
1.92741e-10
1.78375e-10
1.61687e-10
1.43384e-10
1.24178e-10
1.04711e-10
8.54948e-11
6.68872e-11
4.90807e-11
3.21064e-11
1.58391e-11
8.13139e-34
1.97613e-15
1.33556e-12
2.60585e-12
3.81557e-12
4.96756e-12
6.06454e-12
7.10913e-12
8.10381e-12
9.05094e-12
9.95279e-12
1.08115e-11
1.16292e-11
1.24077e-11
1.31491e-11
1.38549e-11
1.4527e-11
1.5167e-11
1.57763e-11
1.63565e-11
1.69089e-11
1.74349e-11
1.79358e-11
1.84127e-11
1.88668e-11
1.92992e-11
1.9711e-11
2.0103e-11
2.04763e-11
2.08318e-11
2.11703e-11
2.14926e-11
2.17995e-11
2.51762e-11
2.88825e-11
3.29484e-11
3.74057e-11
4.22878e-11
4.76295e-11
5.34666e-11
5.9835e-11
6.67693e-11
7.43018e-11
8.246e-11
9.12641e-11
1.00723e-10
1.10829e-10
1.21553e-10
1.32838e-10
1.44586e-10
1.56654e-10
1.6884e-10
1.80875e-10
1.92416e-10
2.03042e-10
2.12264e-10
2.19542e-10
2.24322e-10
2.26089e-10
2.24433e-10
2.19116e-10
2.10133e-10
1.97736e-10
1.82412e-10
1.64827e-10
1.45731e-10
1.25863e-10
1.05869e-10
8.62569e-11
6.73641e-11
4.93615e-11
3.2257e-11
1.59031e-11
7.42046e-34
2.07334e-15
1.40123e-12
2.734e-12
4.0032e-12
5.21184e-12
6.36276e-12
7.4587e-12
8.50228e-12
9.49597e-12
1.04421e-11
1.13431e-11
1.22009e-11
1.30177e-11
1.37955e-11
1.4536e-11
1.52411e-11
1.59125e-11
1.65517e-11
1.71604e-11
1.77399e-11
1.82918e-11
1.88172e-11
1.93175e-11
1.97939e-11
2.02475e-11
2.06795e-11
2.10908e-11
2.14824e-11
2.18553e-11
2.22104e-11
2.25485e-11
2.28705e-11
2.64126e-11
3.03003e-11
3.45649e-11
3.92396e-11
4.43592e-11
4.99601e-11
5.60793e-11
6.2754e-11
7.002e-11
7.79101e-11
8.64522e-11
9.56657e-11
1.05558e-10
1.16119e-10
1.27315e-10
1.3908e-10
1.51309e-10
1.63845e-10
1.7647e-10
1.88893e-10
2.00747e-10
2.11585e-10
2.20887e-10
2.28089e-10
2.32616e-10
2.33945e-10
2.3167e-10
2.25584e-10
2.15723e-10
2.02398e-10
1.86157e-10
1.67721e-10
1.4788e-10
1.27394e-10
1.06915e-10
8.69393e-11
6.77875e-11
4.96085e-11
3.23882e-11
1.59584e-11
6.76801e-34
2.16739e-15
1.46477e-12
2.85797e-12
4.18472e-12
5.44815e-12
6.65125e-12
7.79687e-12
8.88775e-12
9.92647e-12
1.09155e-11
1.18573e-11
1.2754e-11
1.36078e-11
1.44208e-11
1.51948e-11
1.59319e-11
1.66336e-11
1.73018e-11
1.7938e-11
1.85438e-11
1.91206e-11
1.96699e-11
2.01928e-11
2.06908e-11
2.11649e-11
2.16164e-11
2.20462e-11
2.24556e-11
2.28453e-11
2.32165e-11
2.35699e-11
2.39064e-11
2.76085e-11
3.16717e-11
3.61284e-11
4.10133e-11
4.63626e-11
5.2214e-11
5.86059e-11
6.55766e-11
7.31629e-11
8.13983e-11
9.03108e-11
9.99191e-11
1.10229e-10
1.21228e-10
1.32877e-10
1.45103e-10
1.57793e-10
1.70775e-10
1.83816e-10
1.96604e-10
2.08749e-10
2.19775e-10
2.29139e-10
2.36248e-10
2.40511e-10
2.41396e-10
2.38509e-10
2.31667e-10
2.20954e-10
2.06736e-10
1.89622e-10
1.70382e-10
1.49844e-10
1.28785e-10
1.07859e-10
8.75503e-11
6.81634e-11
4.98258e-11
3.25024e-11
1.60062e-11
6.17007e-34
2.2579e-15
1.52592e-12
2.97728e-12
4.35942e-12
5.67559e-12
6.9289e-12
8.12234e-12
9.25874e-12
1.03408e-11
1.13711e-11
1.23522e-11
1.32863e-11
1.41757e-11
1.50226e-11
1.58289e-11
1.65967e-11
1.73277e-11
1.80237e-11
1.86865e-11
1.93175e-11
1.99184e-11
2.04905e-11
2.10352e-11
2.15539e-11
2.20478e-11
2.2518e-11
2.29658e-11
2.33922e-11
2.37982e-11
2.41848e-11
2.45529e-11
2.49034e-11
2.87595e-11
3.29915e-11
3.76331e-11
4.27202e-11
4.82905e-11
5.43828e-11
6.10369e-11
6.82921e-11
7.61863e-11
8.47534e-11
9.40215e-11
1.04009e-10
1.14719e-10
1.26137e-10
1.38219e-10
1.50887e-10
1.64015e-10
1.77421e-10
1.90854e-10
2.03985e-10
2.16398e-10
2.27594e-10
2.37001e-10
2.44004e-10
2.47995e-10
2.48437e-10
2.44946e-10
2.37369e-10
2.25834e-10
2.10763e-10
1.9282e-10
1.72825e-10
1.51636e-10
1.30046e-10
1.08709e-10
8.80972e-11
6.84973e-11
5.0017e-11
3.26021e-11
1.60475e-11
4.42215e-34
2.30523e-15
1.5579e-12
3.03968e-12
4.45078e-12
5.79452e-12
7.0741e-12
8.29254e-12
9.45275e-12
1.05575e-11
1.16094e-11
1.2611e-11
1.35647e-11
1.44727e-11
1.53373e-11
1.61605e-11
1.69443e-11
1.76907e-11
1.84013e-11
1.90779e-11
1.97221e-11
2.03355e-11
2.09196e-11
2.14757e-11
2.20052e-11
2.25095e-11
2.29895e-11
2.34467e-11
2.3882e-11
2.42965e-11
2.46911e-11
2.50669e-11
2.54248e-11
2.93614e-11
3.36816e-11
3.84199e-11
4.36127e-11
4.92985e-11
5.55167e-11
6.23078e-11
6.97118e-11
7.77667e-11
8.65071e-11
9.59608e-11
1.06146e-10
1.17065e-10
1.28702e-10
1.4101e-10
1.53906e-10
1.67262e-10
1.80887e-10
1.94523e-10
2.0783e-10
2.20379e-10
2.31658e-10
2.41082e-10
2.48024e-10
2.51866e-10
2.5207e-10
2.48259e-10
2.40294e-10
2.28329e-10
2.12814e-10
1.94443e-10
1.74059e-10
1.52537e-10
1.30678e-10
1.09132e-10
8.83684e-11
6.86619e-11
5.01107e-11
3.26505e-11
1.60675e-11
-6.41624e-34
2.3413e-15
1.58227e-12
3.08722e-12
4.52039e-12
5.88515e-12
7.18473e-12
8.42223e-12
9.60057e-12
1.07226e-11
1.17909e-11
1.28082e-11
1.37767e-11
1.4699e-11
1.55771e-11
1.64132e-11
1.72092e-11
1.79672e-11
1.86889e-11
1.93761e-11
2.00304e-11
2.06534e-11
2.12465e-11
2.18114e-11
2.23492e-11
2.28612e-11
2.33488e-11
2.38131e-11
2.42552e-11
2.46761e-11
2.50769e-11
2.54586e-11
2.5822e-11
2.982e-11
3.42075e-11
3.90194e-11
4.42927e-11
5.00664e-11
5.63806e-11
6.32761e-11
7.07933e-11
7.89707e-11
8.7843e-11
9.7438e-11
1.07774e-10
1.18852e-10
1.30654e-10
1.43134e-10
1.56205e-10
1.69733e-10
1.83525e-10
1.97314e-10
2.10753e-10
2.23404e-10
2.34744e-10
2.44178e-10
2.51071e-10
2.54797e-10
2.54816e-10
2.50758e-10
2.42496e-10
2.30202e-10
2.14349e-10
1.95653e-10
1.74975e-10
1.53203e-10
1.31141e-10
1.09441e-10
8.85638e-11
6.8779e-11
5.01762e-11
3.26837e-11
1.60809e-11
-2.39362e-33
2.39657e-15
1.61961e-12
3.16008e-12
4.62707e-12
6.02404e-12
7.35429e-12
8.62098e-12
9.82712e-12
1.09756e-11
1.20691e-11
1.31104e-11
1.41018e-11
1.50458e-11
1.59446e-11
1.68004e-11
1.76152e-11
1.8391e-11
1.91297e-11
1.98331e-11
2.05028e-11
2.11405e-11
2.17476e-11
2.23257e-11
2.28762e-11
2.34003e-11
2.38994e-11
2.43746e-11
2.48271e-11
2.52579e-11
2.56682e-11
2.60588e-11
2.64308e-11
3.05228e-11
3.50133e-11
3.9938e-11
4.53348e-11
5.12433e-11
5.77044e-11
6.47597e-11
7.24503e-11
8.08153e-11
8.98895e-11
9.97008e-11
1.10267e-10
1.21588e-10
1.33644e-10
1.46386e-10
1.59722e-10
1.73513e-10
1.87557e-10
2.01579e-10
2.15216e-10
2.28019e-10
2.39448e-10
2.48892e-10
2.55701e-10
2.5924e-10
2.5897e-10
2.54525e-10
2.458e-10
2.32996e-10
2.16621e-10
1.97427e-10
1.76301e-10
1.5415e-10
1.31786e-10
1.09856e-10
8.88156e-11
6.89207e-11
5.02489e-11
3.27166e-11
1.60927e-11
-3.06264e-33
2.42549e-15
1.63915e-12
3.1982e-12
4.68288e-12
6.0967e-12
7.44299e-12
8.72496e-12
9.94564e-12
1.1108e-11
1.22147e-11
1.32685e-11
1.42718e-11
1.52272e-11
1.61368e-11
1.70029e-11
1.78276e-11
1.86128e-11
1.93604e-11
2.00722e-11
2.075e-11
2.13953e-11
2.20098e-11
2.25948e-11
2.31519e-11
2.36823e-11
2.41874e-11
2.46683e-11
2.51262e-11
2.55623e-11
2.59775e-11
2.63728e-11
2.67492e-11
3.08904e-11
3.54348e-11
4.04185e-11
4.58798e-11
5.18588e-11
5.83967e-11
6.55355e-11
7.33167e-11
8.17795e-11
9.0959e-11
1.00883e-10
1.11569e-10
1.23017e-10
1.35205e-10
1.48082e-10
1.61555e-10
1.75481e-10
1.89655e-10
2.03794e-10
2.17531e-10
2.30408e-10
2.41876e-10
2.51316e-10
2.58071e-10
2.61502e-10
2.61067e-10
2.56409e-10
2.47431e-10
2.34352e-10
2.17699e-10
1.98241e-10
1.76884e-10
1.5454e-10
1.32027e-10
1.09989e-10
8.88761e-11
6.89382e-11
5.02451e-11
3.27065e-11
1.60853e-11
-2.78313e-33
2.43386e-15
1.6448e-12
3.20922e-12
4.69903e-12
6.11772e-12
7.46865e-12
8.75503e-12
9.97993e-12
1.11463e-11
1.22568e-11
1.33142e-11
1.4321e-11
1.52797e-11
1.61924e-11
1.70615e-11
1.7889e-11
1.86769e-11
1.94271e-11
2.01413e-11
2.08214e-11
2.1469e-11
2.20856e-11
2.26726e-11
2.32316e-11
2.37639e-11
2.42707e-11
2.47533e-11
2.52128e-11
2.56503e-11
2.60669e-11
2.64636e-11
2.68413e-11
3.09967e-11
3.55566e-11
4.05574e-11
4.60373e-11
5.20366e-11
5.85966e-11
6.57594e-11
7.35666e-11
8.20574e-11
9.1267e-11
1.01223e-10
1.11943e-10
1.23426e-10
1.35651e-10
1.48566e-10
1.62076e-10
1.76039e-10
1.90246e-10
2.04414e-10
2.18173e-10
2.31063e-10
2.42533e-10
2.5196e-10
2.58686e-10
2.62071e-10
2.61573e-10
2.56836e-10
2.4777e-10
2.34599e-10
2.17857e-10
1.98319e-10
1.76896e-10
1.54505e-10
1.3196e-10
1.09907e-10
8.87922e-11
6.88623e-11
5.0184e-11
3.26641e-11
1.60638e-11
-2.527e-33
2.42657e-15
1.63987e-12
3.19961e-12
4.68495e-12
6.0994e-12
7.44629e-12
8.72882e-12
9.95005e-12
1.11129e-11
1.22201e-11
1.32743e-11
1.42781e-11
1.52339e-11
1.61439e-11
1.70104e-11
1.78354e-11
1.8621e-11
1.93689e-11
2.0081e-11
2.07591e-11
2.14047e-11
2.20195e-11
2.26048e-11
2.31621e-11
2.36928e-11
2.4198e-11
2.46792e-11
2.51373e-11
2.55735e-11
2.59889e-11
2.63844e-11
2.6761e-11
3.09039e-11
3.54502e-11
4.04361e-11
4.58996e-11
5.18809e-11
5.84214e-11
6.55629e-11
7.33469e-11
8.18126e-11
9.09949e-11
1.00922e-10
1.1161e-10
1.2306e-10
1.35249e-10
1.48126e-10
1.61598e-10
1.75522e-10
1.89689e-10
2.03819e-10
2.17542e-10
2.304e-10
2.41843e-10
2.51252e-10
2.57968e-10
2.61354e-10
2.6087e-10
2.56159e-10
2.47131e-10
2.34008e-10
2.1732e-10
1.97842e-10
1.76481e-10
1.5415e-10
1.31663e-10
1.09665e-10
8.86011e-11
6.87173e-11
5.00807e-11
3.25983e-11
1.60319e-11
-2.29302e-33
2.40767e-15
1.6271e-12
3.17469e-12
4.64847e-12
6.05189e-12
7.38829e-12
8.66084e-12
9.87256e-12
1.10263e-11
1.21249e-11
1.3171e-11
1.4167e-11
1.51153e-11
1.60182e-11
1.6878e-11
1.76966e-11
1.8476e-11
1.92181e-11
1.99247e-11
2.05975e-11
2.12381e-11
2.1848e-11
2.24288e-11
2.29818e-11
2.35083e-11
2.40097e-11
2.44871e-11
2.49416e-11
2.53745e-11
2.57866e-11
2.6179e-11
2.65527e-11
3.06635e-11
3.51745e-11
4.01216e-11
4.55429e-11
5.1478e-11
5.7968e-11
6.50546e-11
7.27789e-11
8.11799e-11
9.02924e-11
1.00144e-10
1.10752e-10
1.22117e-10
1.34218e-10
1.47002e-10
1.60379e-10
1.74207e-10
1.88282e-10
2.02323e-10
2.15968e-10
2.28759e-10
2.40155e-10
2.4954e-10
2.56262e-10
2.59685e-10
2.59272e-10
2.54665e-10
2.45768e-10
2.32796e-10
2.16271e-10
1.96956e-10
1.7575e-10
1.53561e-10
1.31198e-10
1.09307e-10
8.83323e-11
6.85227e-11
4.99473e-11
3.25157e-11
1.59927e-11
-2.0798e-33
2.38042e-15
1.6087e-12
3.13878e-12
4.59588e-12
5.98343e-12
7.30472e-12
8.56287e-12
9.76089e-12
1.09016e-11
1.19878e-11
1.3022e-11
1.40067e-11
1.49443e-11
1.58371e-11
1.66871e-11
1.74965e-11
1.82671e-11
1.90008e-11
1.96994e-11
2.03646e-11
2.0998e-11
2.1601e-11
2.21752e-11
2.2722e-11
2.32426e-11
2.37383e-11
2.42102e-11
2.46597e-11
2.50876e-11
2.54951e-11
2.58831e-11
2.62526e-11
3.0317e-11
3.47771e-11
3.96686e-11
4.50289e-11
5.08974e-11
5.73148e-11
6.43223e-11
7.19607e-11
8.02687e-11
8.9281e-11
9.90252e-11
1.09518e-10
1.20762e-10
1.32734e-10
1.45387e-10
1.58629e-10
1.72321e-10
1.86264e-10
2.00181e-10
2.13715e-10
2.26417e-10
2.37751e-10
2.47109e-10
2.53846e-10
2.57333e-10
2.57032e-10
2.52584e-10
2.43886e-10
2.31141e-10
2.14856e-10
1.95779e-10
1.74795e-10
1.52805e-10
1.30615e-10
1.08867e-10
8.80094e-11
6.82937e-11
4.97932e-11
3.24218e-11
1.59486e-11
-1.88583e-33
2.34745e-15
1.58642e-12
3.09532e-12
4.53225e-12
5.90059e-12
7.20358e-12
8.44432e-12
9.62575e-12
1.07507e-11
1.18218e-11
1.28417e-11
1.38128e-11
1.47375e-11
1.56179e-11
1.64561e-11
1.72543e-11
1.80142e-11
1.87378e-11
1.94268e-11
2.00828e-11
2.07074e-11
2.13021e-11
2.18684e-11
2.24076e-11
2.2921e-11
2.34098e-11
2.38753e-11
2.43185e-11
2.47405e-11
2.51424e-11
2.5525e-11
2.58894e-11
2.98977e-11
3.42963e-11
3.91204e-11
4.4407e-11
5.0195e-11
5.65245e-11
6.34363e-11
7.09708e-11
7.91664e-11
8.80574e-11
9.76716e-11
1.08026e-10
1.19122e-10
1.30941e-10
1.43433e-10
1.56512e-10
1.70042e-10
1.83826e-10
1.97595e-10
2.10998e-10
2.23593e-10
2.34854e-10
2.44184e-10
2.50943e-10
2.54511e-10
2.54351e-10
2.50101e-10
2.41649e-10
2.29182e-10
2.13189e-10
1.94401e-10
1.73688e-10
1.51937e-10
1.29952e-10
1.08373e-10
8.76508e-11
6.80424e-11
4.96259e-11
3.23208e-11
1.59014e-11
-1.70963e-33
2.31082e-15
1.56167e-12
3.04703e-12
4.46153e-12
5.80853e-12
7.09119e-12
8.31257e-12
9.47558e-12
1.0583e-11
1.16374e-11
1.26414e-11
1.35974e-11
1.45076e-11
1.53743e-11
1.61995e-11
1.69852e-11
1.77333e-11
1.84456e-11
1.91238e-11
1.97696e-11
2.03845e-11
2.09699e-11
2.15274e-11
2.20582e-11
2.25636e-11
2.30448e-11
2.3503e-11
2.39393e-11
2.43548e-11
2.47504e-11
2.51271e-11
2.54858e-11
2.94317e-11
3.3762e-11
3.85112e-11
4.37159e-11
4.94144e-11
5.56462e-11
6.24518e-11
6.98709e-11
7.79416e-11
8.66979e-11
9.61676e-11
1.06368e-10
1.17301e-10
1.28949e-10
1.41264e-10
1.54162e-10
1.67511e-10
1.8112e-10
1.94724e-10
2.07981e-10
2.2046e-10
2.31642e-10
2.40941e-10
2.47728e-10
2.51388e-10
2.51388e-10
2.4736e-10
2.39183e-10
2.27028e-10
2.11363e-10
1.92897e-10
1.72483e-10
1.50999e-10
1.29239e-10
1.07845e-10
8.72708e-11
6.77781e-11
4.94513e-11
3.22159e-11
1.58527e-11
-1.54973e-33
2.27211e-15
1.53551e-12
2.996e-12
4.38682e-12
5.71125e-12
6.97244e-12
8.17337e-12
9.3169e-12
1.04058e-11
1.14425e-11
1.24297e-11
1.33697e-11
1.42647e-11
1.51169e-11
1.59283e-11
1.67008e-11
1.74364e-11
1.81368e-11
1.88037e-11
1.94387e-11
2.00433e-11
2.06189e-11
2.11671e-11
2.1689e-11
2.21859e-11
2.26591e-11
2.31097e-11
2.35387e-11
2.39472e-11
2.43362e-11
2.47066e-11
2.50593e-11
2.89394e-11
3.31975e-11
3.78676e-11
4.29857e-11
4.85896e-11
5.47183e-11
6.14116e-11
6.87088e-11
7.66475e-11
8.52616e-11
9.45785e-11
1.04616e-10
1.15377e-10
1.26844e-10
1.38972e-10
1.51679e-10
1.64838e-10
1.78261e-10
1.91692e-10
2.04797e-10
2.17152e-10
2.28252e-10
2.37519e-10
2.44337e-10
2.48095e-10
2.48264e-10
2.44474e-10
2.36589e-10
2.24765e-10
2.09446e-10
1.91322e-10
1.71226e-10
1.50022e-10
1.285e-10
1.07301e-10
8.68808e-11
6.75082e-11
4.92738e-11
3.21098e-11
1.58035e-11
-6.03084e-34
2.23132e-15
1.50795e-12
2.94222e-12
4.30808e-12
5.60875e-12
6.8473e-12
8.02669e-12
9.1497e-12
1.0219e-11
1.12372e-11
1.22067e-11
1.31298e-11
1.40087e-11
1.48456e-11
1.56425e-11
1.64012e-11
1.71236e-11
1.78114e-11
1.84664e-11
1.909e-11
1.96837e-11
2.02491e-11
2.07874e-11
2.13e-11
2.1788e-11
2.22527e-11
2.26952e-11
2.31166e-11
2.35178e-11
2.38998e-11
2.42636e-11
2.461e-11
2.84206e-11
3.26026e-11
3.71893e-11
4.22162e-11
4.77204e-11
5.37404e-11
6.03154e-11
6.74841e-11
7.52837e-11
8.37478e-11
9.29039e-11
1.0277e-10
1.13349e-10
1.24625e-10
1.36556e-10
1.49062e-10
1.62019e-10
1.75247e-10
1.88495e-10
2.01437e-10
2.13662e-10
2.24674e-10
2.33907e-10
2.40755e-10
2.44616e-10
2.44963e-10
2.41421e-10
2.33845e-10
2.22369e-10
2.07418e-10
1.89655e-10
1.69895e-10
1.48989e-10
1.27719e-10
1.06726e-10
8.64694e-11
6.72239e-11
4.90871e-11
3.19983e-11
1.57519e-11
2.79531e-34
2.18748e-15
1.47834e-12
2.88444e-12
4.22347e-12
5.4986e-12
6.71283e-12
7.86906e-12
8.97002e-12
1.00184e-11
1.10166e-11
1.1967e-11
1.2872e-11
1.37337e-11
1.45542e-11
1.53354e-11
1.60792e-11
1.67874e-11
1.74618e-11
1.81039e-11
1.87152e-11
1.92973e-11
1.98516e-11
2.03794e-11
2.08819e-11
2.13604e-11
2.1816e-11
2.22498e-11
2.26629e-11
2.30563e-11
2.34308e-11
2.37874e-11
2.4127e-11
2.78631e-11
3.19632e-11
3.64604e-11
4.13893e-11
4.67864e-11
5.26895e-11
5.91372e-11
6.61678e-11
7.38178e-11
8.21207e-11
9.11037e-11
1.00785e-10
1.11168e-10
1.2224e-10
1.33958e-10
1.46247e-10
1.58987e-10
1.72003e-10
1.85053e-10
1.9782e-10
2.09902e-10
2.20816e-10
2.3001e-10
2.36888e-10
2.40856e-10
2.4139e-10
2.38113e-10
2.30865e-10
2.19764e-10
2.05207e-10
1.87835e-10
1.68439e-10
1.47857e-10
1.26862e-10
1.06094e-10
8.60165e-11
6.69105e-11
4.88811e-11
3.18753e-11
1.56948e-11
3.06394e-34
2.14048e-15
1.44658e-12
2.82248e-12
4.13275e-12
5.38049e-12
6.56865e-12
7.70004e-12
8.77736e-12
9.80318e-12
1.078e-11
1.171e-11
1.25956e-11
1.34388e-11
1.42416e-11
1.50061e-11
1.57339e-11
1.6427e-11
1.70869e-11
1.77152e-11
1.83134e-11
1.88831e-11
1.94254e-11
1.99419e-11
2.04336e-11
2.09019e-11
2.13477e-11
2.17722e-11
2.21765e-11
2.25614e-11
2.29279e-11
2.32769e-11
2.36092e-11
2.72652e-11
3.12777e-11
3.56788e-11
4.05025e-11
4.57848e-11
5.15626e-11
5.78738e-11
6.47561e-11
7.22457e-11
8.03755e-11
8.91727e-11
9.86556e-11
1.08829e-10
1.1968e-10
1.3117e-10
1.43225e-10
1.55732e-10
1.6852e-10
1.81356e-10
1.93931e-10
2.05858e-10
2.16665e-10
2.25813e-10
2.32718e-10
2.36796e-10
2.37528e-10
2.34531e-10
2.27634e-10
2.16932e-10
2.028e-10
1.85848e-10
1.66848e-10
1.46616e-10
1.25921e-10
1.05399e-10
8.5518e-11
6.65652e-11
4.86539e-11
3.17394e-11
1.56319e-11
3.35707e-34
2.09021e-15
1.41262e-12
2.75621e-12
4.03572e-12
5.25416e-12
6.41442e-12
7.51926e-12
8.57129e-12
9.57304e-12
1.05269e-11
1.14351e-11
1.22999e-11
1.31233e-11
1.39073e-11
1.46538e-11
1.53646e-11
1.60414e-11
1.66858e-11
1.72994e-11
1.78836e-11
1.84399e-11
1.89696e-11
1.94739e-11
1.99542e-11
2.04114e-11
2.08468e-11
2.12614e-11
2.16562e-11
2.20321e-11
2.239e-11
2.27308e-11
2.30554e-11
2.66258e-11
3.05444e-11
3.48427e-11
3.9554e-11
4.47133e-11
5.0357e-11
5.65222e-11
6.32459e-11
7.05638e-11
7.85083e-11
8.71066e-11
9.63771e-11
1.06326e-10
1.1694e-10
1.28185e-10
1.39989e-10
1.52244e-10
1.64787e-10
1.77392e-10
1.89761e-10
2.01518e-10
2.12207e-10
2.21301e-10
2.28231e-10
2.32423e-10
2.33361e-10
2.30659e-10
2.24134e-10
2.1386e-10
2.00182e-10
1.83683e-10
1.65109e-10
1.45258e-10
1.24889e-10
1.04635e-10
8.49693e-11
6.61847e-11
4.84033e-11
3.15894e-11
1.55623e-11
2.066e-34
2.08139e-15
1.40666e-12
2.74458e-12
4.0187e-12
5.232e-12
6.38737e-12
7.48755e-12
8.53515e-12
9.53267e-12
1.04825e-11
1.13869e-11
1.2248e-11
1.3068e-11
1.38487e-11
1.45921e-11
1.52999e-11
1.59738e-11
1.66155e-11
1.72265e-11
1.78083e-11
1.83622e-11
1.88896e-11
1.93919e-11
1.98701e-11
2.03254e-11
2.0759e-11
2.11718e-11
2.15649e-11
2.19392e-11
2.22957e-11
2.2635e-11
2.29582e-11
2.65136e-11
3.04158e-11
3.46961e-11
3.93876e-11
4.45254e-11
5.01455e-11
5.62851e-11
6.2981e-11
7.02687e-11
7.81807e-11
8.67441e-11
9.59773e-11
1.05886e-10
1.1646e-10
1.27661e-10
1.39421e-10
1.51632e-10
1.64132e-10
1.76696e-10
1.89029e-10
2.00756e-10
2.11423e-10
2.20508e-10
2.27442e-10
2.31653e-10
2.32627e-10
2.29976e-10
2.23516e-10
2.13316e-10
1.99718e-10
1.83299e-10
1.648e-10
1.45017e-10
1.24705e-10
1.04499e-10
8.48714e-11
6.61167e-11
4.83584e-11
3.15626e-11
1.55498e-11
1.92255e-34
2.03658e-15
1.37638e-12
2.68551e-12
3.9322e-12
5.11939e-12
6.24989e-12
7.3264e-12
8.35145e-12
9.32751e-12
1.02569e-11
1.11418e-11
1.19845e-11
1.27868e-11
1.35507e-11
1.42781e-11
1.49707e-11
1.56301e-11
1.6258e-11
1.68559e-11
1.74251e-11
1.79672e-11
1.84833e-11
1.89747e-11
1.94426e-11
1.98882e-11
2.03125e-11
2.07164e-11
2.11011e-11
2.14674e-11
2.18161e-11
2.21482e-11
2.24645e-11
2.59436e-11
2.97621e-11
3.39508e-11
3.8542e-11
4.35701e-11
4.90707e-11
5.50801e-11
6.16345e-11
6.8769e-11
7.65157e-11
8.49014e-11
9.39451e-11
1.03653e-10
1.14015e-10
1.24997e-10
1.36533e-10
1.48519e-10
1.60798e-10
1.73154e-10
1.853e-10
1.96873e-10
2.07431e-10
2.16463e-10
2.23414e-10
2.27722e-10
2.28874e-10
2.26482e-10
2.20351e-10
2.1053e-10
1.97338e-10
1.81326e-10
1.6321e-10
1.43772e-10
1.23757e-10
1.03796e-10
8.43655e-11
6.57653e-11
4.81267e-11
3.14237e-11
1.54854e-11
3.71283e-34
1.97953e-15
1.33784e-12
2.6103e-12
3.82208e-12
4.97603e-12
6.07488e-12
7.12124e-12
8.1176e-12
9.06634e-12
9.96971e-12
1.08299e-11
1.16489e-11
1.24288e-11
1.31713e-11
1.38784e-11
1.45516e-11
1.51926e-11
1.58029e-11
1.63841e-11
1.69374e-11
1.74643e-11
1.7966e-11
1.84437e-11
1.88985e-11
1.93316e-11
1.9744e-11
2.01367e-11
2.05106e-11
2.08667e-11
2.12057e-11
2.15285e-11
2.18359e-11
2.52179e-11
2.89299e-11
3.30019e-11
3.74654e-11
4.2354e-11
4.77022e-11
5.35457e-11
5.99199e-11
6.68592e-11
7.43952e-11
8.25547e-11
9.13565e-11
1.00808e-10
1.10901e-10
1.21602e-10
1.32852e-10
1.44549e-10
1.56545e-10
1.68634e-10
1.80539e-10
1.91912e-10
2.02326e-10
2.11287e-10
2.18254e-10
2.22677e-10
2.24051e-10
2.21985e-10
2.16267e-10
2.06928e-10
1.94252e-10
1.78761e-10
1.6114e-10
1.42148e-10
1.22517e-10
1.02875e-10
8.37012e-11
6.5303e-11
4.78214e-11
3.12407e-11
1.54003e-11
4.40334e-34
1.91903e-15
1.29696e-12
2.53055e-12
3.70531e-12
4.82401e-12
5.88929e-12
6.90369e-12
7.86962e-12
8.78938e-12
9.66517e-12
1.04991e-11
1.12931e-11
1.20492e-11
1.2769e-11
1.34545e-11
1.41072e-11
1.47286e-11
1.53203e-11
1.58837e-11
1.64202e-11
1.6931e-11
1.74174e-11
1.78805e-11
1.83215e-11
1.87414e-11
1.91412e-11
1.95219e-11
1.98844e-11
2.02296e-11
2.05583e-11
2.08713e-11
2.11693e-11
2.44483e-11
2.80474e-11
3.19956e-11
3.63237e-11
4.10642e-11
4.62509e-11
5.19183e-11
5.81013e-11
6.48334e-11
7.21457e-11
8.00648e-11
8.86098e-11
9.7789e-11
1.07595e-10
1.17998e-10
1.28942e-10
1.40331e-10
1.52026e-10
1.63828e-10
1.75474e-10
1.8663e-10
1.96886e-10
2.05764e-10
2.12741e-10
2.17279e-10
2.18881e-10
2.17151e-10
2.11869e-10
2.03037e-10
1.90911e-10
1.75975e-10
1.58884e-10
1.40373e-10
1.21158e-10
1.01864e-10
8.29703e-11
6.47936e-11
4.74845e-11
3.10384e-11
1.53063e-11
4.81466e-34
1.8551e-15
1.25376e-12
2.44627e-12
3.5819e-12
4.66334e-12
5.69315e-12
6.67377e-12
7.60754e-12
8.49668e-12
9.34331e-12
1.01495e-11
1.09171e-11
1.1648e-11
1.23439e-11
1.30065e-11
1.36375e-11
1.42382e-11
1.48103e-11
1.5355e-11
1.58736e-11
1.63674e-11
1.68376e-11
1.72853e-11
1.77116e-11
1.81176e-11
1.85041e-11
1.88722e-11
1.92226e-11
1.95564e-11
1.98741e-11
2.01767e-11
2.04649e-11
2.36349e-11
2.71146e-11
3.0932e-11
3.51169e-11
3.97008e-11
4.47167e-11
5.01981e-11
5.61788e-11
6.26917e-11
6.97673e-11
7.7432e-11
8.57051e-11
9.45954e-11
1.04097e-10
1.14184e-10
1.24803e-10
1.35866e-10
1.47238e-10
1.58733e-10
1.70101e-10
1.81022e-10
1.91104e-10
1.99888e-10
2.06866e-10
2.11517e-10
2.1335e-10
2.1197e-10
2.0714e-10
1.98842e-10
1.87297e-10
1.72953e-10
1.5643e-10
1.38436e-10
1.19671e-10
1.00754e-10
8.21666e-11
6.42323e-11
4.71126e-11
3.08149e-11
1.52023e-11
5.26081e-34
1.78779e-15
1.20828e-12
2.35752e-12
3.45196e-12
4.49417e-12
5.48662e-12
6.43168e-12
7.33158e-12
8.18847e-12
9.00441e-12
9.78133e-12
1.05211e-11
1.12255e-11
1.18962e-11
1.25348e-11
1.31429e-11
1.37219e-11
1.42732e-11
1.47982e-11
1.5298e-11
1.57739e-11
1.62271e-11
1.66586e-11
1.70695e-11
1.74607e-11
1.78333e-11
1.8188e-11
1.85258e-11
1.88474e-11
1.91537e-11
1.94453e-11
1.9723e-11
2.27784e-11
2.61324e-11
2.98119e-11
3.3846e-11
3.82651e-11
4.3101e-11
4.83863e-11
5.41538e-11
6.04356e-11
6.72618e-11
7.46581e-11
8.26441e-11
9.12296e-11
1.0041e-10
1.10163e-10
1.20438e-10
1.31153e-10
1.42183e-10
1.53351e-10
1.64421e-10
1.75089e-10
1.8498e-10
1.93655e-10
2.00626e-10
2.05385e-10
2.07451e-10
2.06428e-10
2.0207e-10
1.9433e-10
1.83396e-10
1.69679e-10
1.53763e-10
1.36324e-10
1.18045e-10
9.95369e-11
8.12829e-11
6.36139e-11
4.67022e-11
3.05678e-11
1.50872e-11
5.74389e-34
1.71718e-15
1.16058e-12
2.26445e-12
3.31567e-12
4.31674e-12
5.27002e-12
6.17777e-12
7.04215e-12
7.86523e-12
8.64896e-12
9.39523e-12
1.01058e-11
1.07824e-11
1.14267e-11
1.20401e-11
1.26242e-11
1.31804e-11
1.37099e-11
1.42142e-11
1.46943e-11
1.51515e-11
1.55868e-11
1.60013e-11
1.6396e-11
1.67718e-11
1.71297e-11
1.74704e-11
1.77949e-11
1.81039e-11
1.83981e-11
1.86782e-11
1.8945e-11
2.18801e-11
2.51021e-11
2.86371e-11
3.2513e-11
3.67591e-11
4.14061e-11
4.64855e-11
5.20293e-11
5.80686e-11
6.46326e-11
7.17469e-11
7.94313e-11
8.76961e-11
9.65388e-11
1.05939e-10
1.15851e-10
1.26199e-10
1.36866e-10
1.47687e-10
1.58438e-10
1.68833e-10
1.78515e-10
1.87066e-10
1.94017e-10
1.98878e-10
2.01177e-10
2.00519e-10
1.96646e-10
1.89487e-10
1.79195e-10
1.66141e-10
1.50868e-10
1.34024e-10
1.16268e-10
9.82031e-11
8.03118e-11
6.29326e-11
4.62491e-11
3.02946e-11
1.49599e-11
6.26592e-34
1.64346e-15
1.11076e-12
2.16725e-12
3.17335e-12
4.13145e-12
5.04382e-12
5.91261e-12
6.7399e-12
7.52766e-12
8.27777e-12
8.99202e-12
9.67212e-12
1.03197e-11
1.09363e-11
1.15234e-11
1.20825e-11
1.26148e-11
1.31217e-11
1.36043e-11
1.40639e-11
1.45014e-11
1.49181e-11
1.53148e-11
1.56926e-11
1.60523e-11
1.63949e-11
1.6721e-11
1.70316e-11
1.73273e-11
1.76089e-11
1.78771e-11
1.81324e-11
2.09419e-11
2.40262e-11
2.74102e-11
3.11207e-11
3.51861e-11
3.96357e-11
4.45e-11
4.98099e-11
5.55955e-11
6.18853e-11
6.87047e-11
7.60731e-11
8.40019e-11
9.24902e-11
1.0152e-10
1.11051e-10
1.21012e-10
1.31296e-10
1.41749e-10
1.52161e-10
1.62262e-10
1.71717e-10
1.80127e-10
1.87045e-10
1.91998e-10
1.94526e-10
1.94237e-10
1.9086e-10
1.84302e-10
1.7468e-10
1.62323e-10
1.47733e-10
1.31522e-10
1.14329e-10
9.67424e-11
7.92452e-11
6.21824e-11
4.57492e-11
2.99927e-11
1.4819e-11
6.82875e-34
1.56682e-15
1.05897e-12
2.06621e-12
3.02541e-12
3.93885e-12
4.80869e-12
5.63699e-12
6.42572e-12
7.17677e-12
7.89192e-12
8.57289e-12
9.2213e-12
9.83872e-12
1.04266e-11
1.09864e-11
1.15194e-11
1.20269e-11
1.25102e-11
1.29704e-11
1.34085e-11
1.38257e-11
1.4223e-11
1.46013e-11
1.49614e-11
1.53044e-11
1.5631e-11
1.5942e-11
1.62381e-11
1.65201e-11
1.67886e-11
1.70443e-11
1.72878e-11
1.99666e-11
2.29076e-11
2.61346e-11
2.96733e-11
3.35506e-11
3.7795e-11
4.24355e-11
4.7502e-11
5.30235e-11
5.90279e-11
6.55399e-11
7.25791e-11
8.01574e-11
8.82756e-11
9.69186e-11
1.0605e-10
1.15606e-10
1.25488e-10
1.35552e-10
1.45604e-10
1.55391e-10
1.64597e-10
1.72848e-10
1.79717e-10
1.8475e-10
1.87501e-10
1.87581e-10
1.84708e-10
1.78768e-10
1.69841e-10
1.58213e-10
1.44343e-10
1.28807e-10
1.12215e-10
9.51445e-11
7.80746e-11
6.13567e-11
4.51976e-11
2.96589e-11
1.4663e-11
7.43395e-34
1.48755e-15
1.00541e-12
1.9617e-12
2.87239e-12
3.73964e-12
4.56548e-12
5.3519e-12
6.10075e-12
6.81382e-12
7.49282e-12
8.13937e-12
8.755e-12
9.34121e-12
9.89939e-12
1.04309e-11
1.0937e-11
1.14189e-11
1.18777e-11
1.23146e-11
1.27306e-11
1.31268e-11
1.3504e-11
1.38632e-11
1.42052e-11
1.45308e-11
1.48409e-11
1.51362e-11
1.54174e-11
1.56851e-11
1.59401e-11
1.61829e-11
1.64141e-11
1.89578e-11
2.17506e-11
2.48151e-11
2.81759e-11
3.18587e-11
3.58906e-11
4.02994e-11
4.51138e-11
5.03619e-11
5.60704e-11
6.22637e-11
6.89614e-11
7.6176e-11
8.39096e-11
9.21501e-11
1.00866e-10
1.09998e-10
1.19458e-10
1.29113e-10
1.38784e-10
1.48236e-10
1.57174e-10
1.65245e-10
1.72047e-10
1.77145e-10
1.80109e-10
1.80553e-10
1.78189e-10
1.72879e-10
1.64668e-10
1.53799e-10
1.40686e-10
1.25864e-10
1.09915e-10
9.33984e-11
7.67908e-11
6.04484e-11
4.45893e-11
2.92901e-11
1.44904e-11
8.08275e-34
1.40601e-15
9.50308e-13
1.85419e-12
2.71497e-12
3.53468e-12
4.31528e-12
5.0586e-12
5.76642e-12
6.44042e-12
7.08222e-12
7.69335e-12
8.27527e-12
8.82937e-12
9.35698e-12
9.85937e-12
1.03377e-11
1.07932e-11
1.1227e-11
1.164e-11
1.20332e-11
1.24077e-11
1.27642e-11
1.31038e-11
1.34271e-11
1.37349e-11
1.4028e-11
1.43072e-11
1.4573e-11
1.48261e-11
1.50671e-11
1.52966e-11
1.55151e-11
1.79198e-11
2.05601e-11
2.34575e-11
2.66352e-11
3.01177e-11
3.39307e-11
3.8101e-11
4.26558e-11
4.7622e-11
5.30256e-11
5.88903e-11
6.52354e-11
7.20742e-11
7.94103e-11
8.7234e-11
9.55179e-11
1.04211e-10
1.1323e-10
1.22457e-10
1.31727e-10
1.40823e-10
1.49471e-10
1.57341e-10
1.64055e-10
1.69201e-10
1.72363e-10
1.73163e-10
1.71307e-10
1.66634e-10
1.59157e-10
1.49074e-10
1.36751e-10
1.22681e-10
1.07415e-10
9.1493e-11
7.53845e-11
5.945e-11
4.39186e-11
2.88825e-11
1.42994e-11
8.77583e-34
1.32259e-15
8.9394e-13
1.74421e-12
2.55393e-12
3.32503e-12
4.05933e-12
4.75857e-12
5.42442e-12
6.05846e-12
6.6622e-12
7.2371e-12
7.78452e-12
8.30578e-12
8.80212e-12
9.27473e-12
9.72476e-12
1.01533e-11
1.05613e-11
1.09498e-11
1.13198e-11
1.16721e-11
1.20075e-11
1.23269e-11
1.26311e-11
1.29207e-11
1.31965e-11
1.34591e-11
1.37091e-11
1.39472e-11
1.4174e-11
1.43899e-11
1.45955e-11
1.6858e-11
1.93421e-11
2.20684e-11
2.50588e-11
2.83363e-11
3.19254e-11
3.58513e-11
4.01401e-11
4.48176e-11
4.99086e-11
5.54362e-11
6.14195e-11
6.78723e-11
7.47994e-11
8.21939e-11
9.00326e-11
9.82701e-11
1.06834e-10
1.15615e-10
1.24464e-10
1.33183e-10
1.41518e-10
1.49165e-10
1.55769e-10
1.60941e-10
1.64283e-10
1.65426e-10
1.6407e-10
1.60038e-10
1.53306e-10
1.4403e-10
1.32528e-10
1.19248e-10
1.04705e-10
8.94171e-11
7.38457e-11
5.83535e-11
4.31798e-11
2.84325e-11
1.40882e-11
9.51315e-34
1.23778e-15
8.36631e-13
1.63239e-12
2.39021e-12
3.11188e-12
3.7991e-12
4.45353e-12
5.0767e-12
5.6701e-12
6.23516e-12
6.77322e-12
7.28557e-12
7.77343e-12
8.23797e-12
8.68032e-12
9.10152e-12
9.50259e-12
9.88449e-12
1.02481e-11
1.05944e-11
1.09241e-11
1.12381e-11
1.15371e-11
1.18217e-11
1.20928e-11
1.2351e-11
1.25968e-11
1.28308e-11
1.30537e-11
1.32659e-11
1.3468e-11
1.36605e-11
1.57783e-11
1.81037e-11
2.0656e-11
2.34557e-11
2.65247e-11
2.98858e-11
3.35631e-11
3.75812e-11
4.19645e-11
4.67369e-11
5.19208e-11
5.7535e-11
6.35934e-11
7.01024e-11
7.70575e-11
8.44393e-11
9.22087e-11
1.00301e-10
1.0862e-10
1.17031e-10
1.25352e-10
1.33353e-10
1.40754e-10
1.47223e-10
1.52397e-10
1.55897e-10
1.57363e-10
1.56495e-10
1.53098e-10
1.47118e-10
1.38665e-10
1.2801e-10
1.15554e-10
1.01773e-10
8.71597e-11
7.21647e-11
5.71506e-11
4.23666e-11
2.79357e-11
1.38546e-11
1.02938e-33
1.15212e-15
7.78743e-13
1.51944e-12
2.22483e-12
2.89657e-12
3.53625e-12
4.1454e-12
4.72547e-12
5.27783e-12
5.8038e-12
6.30465e-12
6.78157e-12
7.23569e-12
7.66812e-12
8.07988e-12
8.47196e-12
8.84531e-12
9.20081e-12
9.53933e-12
9.86167e-12
1.01686e-11
1.04609e-11
1.07392e-11
1.10042e-11
1.12566e-11
1.14969e-11
1.17257e-11
1.19436e-11
1.21511e-11
1.23486e-11
1.25368e-11
1.2716e-11
1.46876e-11
1.68526e-11
1.92291e-11
2.18362e-11
2.46943e-11
2.7825e-11
3.12508e-11
3.49949e-11
3.90805e-11
4.35305e-11
4.83661e-11
5.36059e-11
5.92642e-11
6.53483e-11
7.18561e-11
7.87719e-11
8.60627e-11
9.3672e-11
1.01515e-10
1.0947e-10
1.17374e-10
1.2502e-10
1.3215e-10
1.38459e-10
1.43607e-10
1.47238e-10
1.49003e-10
1.48604e-10
1.45831e-10
1.40601e-10
1.32981e-10
1.23194e-10
1.11591e-10
9.86089e-11
8.47106e-11
7.03316e-11
5.58331e-11
4.14724e-11
2.73879e-11
1.35965e-11
1.11156e-33
1.06619e-15
7.20674e-13
1.40614e-12
2.05893e-12
2.68058e-12
3.27257e-12
3.83631e-12
4.37313e-12
4.88431e-12
5.37108e-12
5.8346e-12
6.27597e-12
6.69626e-12
7.09646e-12
7.47754e-12
7.84041e-12
8.18594e-12
8.51497e-12
8.82827e-12
9.1266e-12
9.41068e-12
9.68118e-12
9.93877e-12
1.01841e-11
1.04176e-11
1.064e-11
1.08518e-11
1.10535e-11
1.12455e-11
1.14284e-11
1.16026e-11
1.17684e-11
1.35933e-11
1.55974e-11
1.77974e-11
2.02111e-11
2.28576e-11
2.57569e-11
2.89302e-11
3.2399e-11
3.61854e-11
4.0311e-11
4.47961e-11
4.9659e-11
5.49138e-11
6.05689e-11
6.66243e-11
7.3068e-11
7.98724e-11
8.6989e-11
9.43433e-11
1.01828e-10
1.093e-10
1.16569e-10
1.23403e-10
1.29525e-10
1.34619e-10
1.3835e-10
1.40385e-10
1.40428e-10
1.3826e-10
1.3377e-10
1.26985e-10
1.18081e-10
1.07356e-10
9.52058e-11
8.20602e-11
6.83369e-11
5.43926e-11
4.04907e-11
2.67846e-11
1.33116e-11
1.19749e-33
9.80625e-16
6.62847e-13
1.29331e-12
1.89373e-12
2.4655e-12
3.01e-12
3.52851e-12
4.02226e-12
4.49244e-12
4.94017e-12
5.36651e-12
5.77249e-12
6.15907e-12
6.52718e-12
6.8777e-12
7.21148e-12
7.52931e-12
7.83196e-12
8.12015e-12
8.39457e-12
8.65588e-12
8.90471e-12
9.14166e-12
9.36728e-12
9.58214e-12
9.78673e-12
9.98155e-12
1.01671e-11
1.03437e-11
1.0512e-11
1.06722e-11
1.08247e-11
1.25035e-11
1.43473e-11
1.63715e-11
1.85925e-11
2.1028e-11
2.36967e-11
2.66181e-11
2.98124e-11
3.33002e-11
3.71018e-11
4.12368e-11
4.57226e-11
5.05734e-11
5.57985e-11
6.13996e-11
6.73682e-11
7.36816e-11
8.02991e-11
8.71562e-11
9.41598e-11
1.01182e-10
1.08056e-10
1.14572e-10
1.20478e-10
1.25485e-10
1.29282e-10
1.31552e-10
1.32006e-10
1.30415e-10
1.26647e-10
1.20691e-10
1.12675e-10
1.02848e-10
9.15579e-11
7.92008e-11
6.61721e-11
5.28208e-11
3.94148e-11
2.6121e-11
1.29975e-11
1.28662e-33
8.96074e-16
6.05706e-13
1.18182e-12
1.73048e-12
2.25297e-12
2.75053e-12
3.22435e-12
3.67555e-12
4.10521e-12
4.51435e-12
4.90395e-12
5.27495e-12
5.62822e-12
5.96462e-12
6.28495e-12
6.58998e-12
6.88044e-12
7.15702e-12
7.42039e-12
7.67118e-12
7.90999e-12
8.13739e-12
8.35394e-12
8.56014e-12
8.7565e-12
8.94348e-12
9.12153e-12
9.29109e-12
9.45255e-12
9.6063e-12
9.75271e-12
9.89214e-12
1.14266e-11
1.31119e-11
1.49622e-11
1.69927e-11
1.92196e-11
2.16601e-11
2.43322e-11
2.72547e-11
3.04468e-11
3.39275e-11
3.77152e-11
4.18267e-11
4.62762e-11
5.10733e-11
5.62216e-11
6.17153e-11
6.75368e-11
7.36522e-11
8.00067e-11
8.65201e-11
9.3081e-11
9.9542e-11
1.05717e-10
1.1138e-10
1.16268e-10
1.20093e-10
1.22558e-10
1.23383e-10
1.22335e-10
1.19261e-10
1.14119e-10
1.06988e-10
9.80699e-11
8.76635e-11
7.61267e-11
6.38297e-11
5.11103e-11
3.82383e-11
2.53926e-11
1.26518e-11
1.37819e-33
8.13202e-16
5.49698e-13
1.07254e-12
1.57047e-12
2.04465e-12
2.49621e-12
2.92622e-12
3.33571e-12
3.72565e-12
4.09697e-12
4.45057e-12
4.78727e-12
5.1079e-12
5.41321e-12
5.70394e-12
5.98078e-12
6.2444e-12
6.49543e-12
6.73447e-12
6.9621e-12
7.17885e-12
7.38525e-12
7.5818e-12
7.76896e-12
7.94719e-12
8.1169e-12
8.27852e-12
8.43242e-12
8.57897e-12
8.71853e-12
8.85143e-12
8.97798e-12
1.03708e-11
1.19007e-11
1.35806e-11
1.54242e-11
1.74464e-11
1.9663e-11
2.20904e-11
2.47461e-11
2.76476e-11
3.08128e-11
3.42588e-11
3.80018e-11
4.20556e-11
4.64302e-11
5.11305e-11
5.61535e-11
6.14858e-11
6.70999e-11
7.29501e-11
7.89682e-11
8.50582e-11
9.1092e-11
9.69056e-11
1.02298e-10
1.07033e-10
1.10848e-10
1.13465e-10
1.14615e-10
1.14067e-10
1.11652e-10
1.07296e-10
1.01039e-10
9.30317e-11
8.35249e-11
7.28353e-11
6.13042e-11
4.92546e-11
3.6955e-11
2.45947e-11
1.22722e-11
1.47116e-33
7.32664e-16
4.95266e-13
9.6634e-13
1.41496e-12
1.84219e-12
2.24904e-12
2.63648e-12
3.00543e-12
3.35677e-12
3.69133e-12
4.00993e-12
4.31331e-12
4.6022e-12
4.8773e-12
5.13926e-12
5.38871e-12
5.62624e-12
5.85244e-12
6.06783e-12
6.27293e-12
6.46825e-12
6.65423e-12
6.83134e-12
6.99999e-12
7.16059e-12
7.31353e-12
7.45916e-12
7.59784e-12
7.72991e-12
7.85567e-12
7.97543e-12
8.08947e-12
9.34465e-12
1.07235e-11
1.22375e-11
1.38994e-11
1.57225e-11
1.77212e-11
1.99105e-11
2.23063e-11
2.49248e-11
2.77823e-11
3.08951e-11
3.42782e-11
3.7945e-11
4.19059e-11
4.61668e-11
5.07269e-11
5.55766e-11
6.06942e-11
6.60425e-11
7.15641e-11
7.71775e-11
8.27727e-11
8.82071e-11
9.3304e-11
9.7853e-11
1.01616e-10
1.04338e-10
1.05765e-10
1.05666e-10
1.03864e-10
1.0026e-10
9.48534e-11
8.77492e-11
7.91495e-11
6.93276e-11
5.85926e-11
4.72486e-11
3.55598e-11
2.37233e-11
1.18563e-11
1.56418e-33
6.55086e-16
4.42833e-13
8.64037e-13
1.26516e-12
1.64717e-12
2.01095e-12
2.35738e-12
2.68727e-12
3.00143e-12
3.30058e-12
3.58546e-12
3.85673e-12
4.11506e-12
4.36105e-12
4.59529e-12
4.81835e-12
5.03076e-12
5.23302e-12
5.42563e-12
5.60904e-12
5.7837e-12
5.95002e-12
6.10839e-12
6.25921e-12
6.40283e-12
6.53959e-12
6.66983e-12
6.79385e-12
6.91195e-12
7.02442e-12
7.13152e-12
7.23351e-12
8.35605e-12
9.58925e-12
1.09436e-11
1.24302e-11
1.40614e-11
1.58499e-11
1.78095e-11
1.99544e-11
2.22996e-11
2.48599e-11
2.76503e-11
3.06851e-11
3.39769e-11
3.75361e-11
4.13695e-11
4.54782e-11
4.9856e-11
5.44862e-11
5.93389e-11
6.43671e-11
6.95025e-11
7.46517e-11
7.96924e-11
8.44709e-11
8.88022e-11
9.24734e-11
9.52519e-11
9.69002e-11
9.71953e-11
9.59534e-11
9.30548e-11
8.84651e-11
8.22457e-11
7.45508e-11
6.56094e-11
5.56951e-11
4.50897e-11
3.40489e-11
2.2775e-11
1.14021e-11
1.65556e-33
5.81046e-16
3.9279e-13
7.66395e-13
1.12219e-12
1.46103e-12
1.78371e-12
2.09099e-12
2.38361e-12
2.66227e-12
2.92763e-12
3.18032e-12
3.42096e-12
3.6501e-12
3.8683e-12
4.07609e-12
4.27396e-12
4.46238e-12
4.6418e-12
4.81266e-12
4.97537e-12
5.1303e-12
5.27784e-12
5.41834e-12
5.55214e-12
5.67954e-12
5.80087e-12
5.91641e-12
6.02643e-12
6.1312e-12
6.23098e-12
6.32599e-12
6.41647e-12
7.41238e-12
8.50654e-12
9.70826e-12
1.10276e-11
1.24753e-11
1.40631e-11
1.5803e-11
1.77081e-11
1.97916e-11
2.20674e-11
2.45489e-11
2.72494e-11
3.01811e-11
3.3354e-11
3.67754e-11
4.0448e-11
4.43682e-11
4.85241e-11
5.28921e-11
5.74344e-11
6.20946e-11
6.67947e-11
7.14311e-11
7.5872e-11
7.99565e-11
8.34965e-11
8.62828e-11
8.80964e-11
8.87244e-11
8.79816e-11
8.57334e-11
8.19164e-11
7.65521e-11
6.97493e-11
6.16921e-11
5.26163e-11
4.27777e-11
3.242e-11
2.17471e-11
1.09081e-11
1.74321e-33
5.11052e-16
3.4548e-13
6.74087e-13
9.87033e-13
1.28506e-12
1.56887e-12
1.83915e-12
2.09654e-12
2.34164e-12
2.57505e-12
2.79731e-12
3.00897e-12
3.21053e-12
3.40247e-12
3.58524e-12
3.75929e-12
3.92503e-12
4.08286e-12
4.23316e-12
4.37628e-12
4.51257e-12
4.64235e-12
4.76595e-12
4.88364e-12
4.99572e-12
5.10245e-12
5.20409e-12
5.30087e-12
5.39304e-12
5.48082e-12
5.5644e-12
5.644e-12
6.52015e-12
7.48281e-12
8.54019e-12
9.7012e-12
1.09754e-11
1.2373e-11
1.3905e-11
1.55828e-11
1.74185e-11
1.94243e-11
2.16126e-11
2.39956e-11
2.65845e-11
2.93893e-11
3.24173e-11
3.56724e-11
3.91535e-11
4.28521e-11
4.67505e-11
5.08187e-11
5.50113e-11
5.9264e-11
6.34902e-11
6.75785e-11
7.13906e-11
7.47628e-11
7.75093e-11
7.94308e-11
8.03278e-11
8.00179e-11
7.83567e-11
7.52578e-11
7.07077e-11
6.47729e-11
5.75933e-11
4.93656e-11
4.03165e-11
3.06734e-11
2.06387e-11
1.03733e-11
1.82465e-33
4.45533e-16
3.01194e-13
5.87677e-13
8.60508e-13
1.12033e-12
1.36777e-12
1.60341e-12
1.8278e-12
2.04149e-12
2.24498e-12
2.43877e-12
2.6233e-12
2.79903e-12
2.96638e-12
3.12573e-12
3.27748e-12
3.42199e-12
3.5596e-12
3.69064e-12
3.81543e-12
3.93427e-12
4.04743e-12
4.15519e-12
4.25781e-12
4.35554e-12
4.4486e-12
4.53722e-12
4.62162e-12
4.70199e-12
4.77852e-12
4.8514e-12
4.92081e-12
5.68482e-12
6.52432e-12
7.44651e-12
8.45919e-12
9.57075e-12
1.07902e-11
1.21272e-11
1.35918e-11
1.51948e-11
1.69471e-11
1.88598e-11
2.0944e-11
2.32101e-11
2.56674e-11
2.83235e-11
3.1183e-11
3.42464e-11
3.75086e-11
4.09565e-11
4.45671e-11
4.83043e-11
5.2116e-11
5.59312e-11
5.96567e-11
6.31758e-11
6.63475e-11
6.90092e-11
7.09825e-11
7.20833e-11
7.21361e-11
7.09921e-11
6.85477e-11
6.47602e-11
5.96576e-11
5.33381e-11
4.59585e-11
3.7714e-11
2.88124e-11
1.94503e-11
9.79756e-12
1.89701e-33
3.84819e-16
2.60154e-13
5.07603e-13
7.4326e-13
9.67684e-13
1.18141e-12
1.38494e-12
1.57876e-12
1.76334e-12
1.93912e-12
2.1065e-12
2.2659e-12
2.41769e-12
2.56224e-12
2.6999e-12
2.83098e-12
2.95581e-12
3.07468e-12
3.18788e-12
3.29568e-12
3.39833e-12
3.49609e-12
3.58918e-12
3.67783e-12
3.76225e-12
3.84264e-12
3.9192e-12
3.99211e-12
4.06154e-12
4.12765e-12
4.19062e-12
4.25058e-12
4.91063e-12
5.63594e-12
6.43278e-12
7.3079e-12
8.26861e-12
9.32275e-12
1.04787e-11
1.17454e-11
1.31322e-11
1.46488e-11
1.63051e-11
1.8111e-11
2.0076e-11
2.22088e-11
2.45168e-11
2.70051e-11
2.96755e-11
3.25254e-11
3.55457e-11
3.87191e-11
4.20176e-11
4.53998e-11
4.88083e-11
5.21665e-11
5.53772e-11
5.83208e-11
6.08572e-11
6.28289e-11
6.40692e-11
6.4413e-11
6.37119e-11
6.1851e-11
5.87645e-11
5.44473e-11
4.89588e-11
4.24169e-11
3.49836e-11
2.68439e-11
1.8185e-11
9.18182e-12
1.95701e-33
3.29138e-16
2.22515e-13
4.34164e-13
6.35727e-13
8.27683e-13
1.01049e-12
1.18458e-12
1.35036e-12
1.50824e-12
1.65859e-12
1.80176e-12
1.93811e-12
2.06795e-12
2.19159e-12
2.30934e-12
2.42146e-12
2.52824e-12
2.62992e-12
2.72675e-12
2.81896e-12
2.90678e-12
2.9904e-12
3.07003e-12
3.14587e-12
3.21808e-12
3.28685e-12
3.35235e-12
3.41471e-12
3.47411e-12
3.53067e-12
3.58453e-12
3.63583e-12
4.2005e-12
4.82105e-12
5.50285e-12
6.25171e-12
7.07392e-12
7.97626e-12
8.96597e-12
1.00508e-11
1.12388e-11
1.25385e-11
1.39587e-11
1.5508e-11
1.71951e-11
1.90279e-11
2.10136e-11
2.31573e-11
2.54618e-11
2.79263e-11
3.05451e-11
3.33054e-11
3.61862e-11
3.91552e-11
4.21667e-11
4.51588e-11
4.80517e-11
5.07457e-11
5.31218e-11
5.50434e-11
5.63621e-11
5.69258e-11
5.65911e-11
5.52376e-11
5.27825e-11
4.91935e-11
4.44955e-11
3.87696e-11
3.21442e-11
2.47793e-11
1.68487e-11
8.52842e-12
2.00113e-33
2.78611e-16
1.88359e-13
3.6752e-13
5.38144e-13
7.00635e-13
8.55381e-13
1.00275e-12
1.14309e-12
1.27674e-12
1.40401e-12
1.52521e-12
1.64063e-12
1.75055e-12
1.85522e-12
1.9549e-12
2.04982e-12
2.14021e-12
2.22629e-12
2.30827e-12
2.38633e-12
2.46067e-12
2.53147e-12
2.59889e-12
2.66309e-12
2.72423e-12
2.78245e-12
2.8379e-12
2.8907e-12
2.94099e-12
2.98887e-12
3.03448e-12
3.0779e-12
3.55599e-12
4.08143e-12
4.65878e-12
5.29298e-12
5.98939e-12
6.75378e-12
7.59237e-12
8.51175e-12
9.51893e-12
1.06212e-11
1.18262e-11
1.31416e-11
1.45749e-11
1.61335e-11
1.78238e-11
1.96511e-11
2.16186e-11
2.37271e-11
2.59729e-11
2.83476e-11
3.08354e-11
3.34117e-11
3.60409e-11
3.86739e-11
4.1246e-11
4.36757e-11
4.58632e-11
4.76924e-11
4.90334e-11
4.97492e-11
4.9705e-11
4.87799e-11
4.68807e-11
4.3954e-11
3.99954e-11
3.50526e-11
2.92213e-11
2.26346e-11
1.54504e-11
7.84129e-12
2.02566e-33
2.33251e-16
1.57696e-13
3.0769e-13
4.50538e-13
5.86579e-13
7.16134e-13
8.39514e-13
9.5701e-13
1.0689e-12
1.17546e-12
1.27694e-12
1.37357e-12
1.4656e-12
1.55323e-12
1.63669e-12
1.71616e-12
1.79185e-12
1.86392e-12
1.93256e-12
1.99792e-12
2.06017e-12
2.11944e-12
2.17589e-12
2.22965e-12
2.28084e-12
2.32959e-12
2.37602e-12
2.42023e-12
2.46234e-12
2.50243e-12
2.54062e-12
2.57698e-12
2.97732e-12
3.41733e-12
3.90085e-12
4.43204e-12
5.0154e-12
5.65582e-12
6.35853e-12
7.12912e-12
7.97355e-12
8.89807e-12
9.90918e-12
1.10135e-11
1.22177e-11
1.35282e-11
1.49509e-11
1.64908e-11
1.81516e-11
1.99346e-11
2.18383e-11
2.38571e-11
2.59796e-11
2.81877e-11
3.0454e-11
3.27403e-11
3.49951e-11
3.71526e-11
3.91311e-11
4.08329e-11
4.2147e-11
4.29525e-11
4.31258e-11
4.25505e-11
4.11283e-11
3.87912e-11
3.55117e-11
3.13083e-11
2.62461e-11
2.04312e-11
1.40028e-11
7.12619e-12
2.02693e-33
1.92975e-16
1.30468e-13
2.54564e-13
3.72748e-13
4.853e-13
5.92488e-13
6.94566e-13
7.91777e-13
8.84353e-13
9.72514e-13
1.05647e-12
1.13642e-12
1.21256e-12
1.28507e-12
1.35412e-12
1.41988e-12
1.4825e-12
1.54214e-12
1.59893e-12
1.65301e-12
1.70451e-12
1.75356e-12
1.80026e-12
1.84474e-12
1.8871e-12
1.92744e-12
1.96586e-12
2.00244e-12
2.03728e-12
2.07046e-12
2.10206e-12
2.13215e-12
2.46342e-12
2.82755e-12
3.22771e-12
3.66736e-12
4.15025e-12
4.68045e-12
5.26232e-12
5.90056e-12
6.60013e-12
7.36633e-12
8.20463e-12
9.1207e-12
1.01202e-11
1.12089e-11
1.23919e-11
1.36738e-11
1.50584e-11
1.65476e-11
1.81411e-11
1.98354e-11
2.1623e-11
2.34904e-11
2.54172e-11
2.73741e-11
2.9321e-11
3.12057e-11
3.29621e-11
3.45102e-11
3.57563e-11
3.65962e-11
3.69198e-11
3.66183e-11
3.55938e-11
3.37699e-11
3.1102e-11
2.75846e-11
2.32556e-11
1.81952e-11
1.25221e-11
6.39076e-12
2.00157e-33
1.57607e-16
1.06557e-13
2.07911e-13
3.04436e-13
3.96362e-13
4.83906e-13
5.67277e-13
6.46674e-13
7.22286e-13
7.94292e-13
8.62865e-13
9.28168e-13
9.90357e-13
1.04958e-12
1.10598e-12
1.15969e-12
1.21084e-12
1.25955e-12
1.30593e-12
1.35011e-12
1.39217e-12
1.43223e-12
1.47039e-12
1.50672e-12
1.54132e-12
1.57427e-12
1.60565e-12
1.63553e-12
1.66399e-12
1.69109e-12
1.7169e-12
1.74148e-12
2.01209e-12
2.30955e-12
2.63647e-12
2.99568e-12
3.39027e-12
3.82357e-12
4.29918e-12
4.82097e-12
5.39306e-12
6.01983e-12
6.70585e-12
7.45588e-12
8.27474e-12
9.16723e-12
1.01379e-11
1.1191e-11
1.233e-11
1.35569e-11
1.48726e-11
1.6275e-11
1.77592e-11
1.93157e-11
2.09296e-11
2.25787e-11
2.42325e-11
2.58503e-11
2.73796e-11
2.87558e-11
2.99019e-11
3.07298e-11
3.11439e-11
3.10458e-11
3.03423e-11
2.8954e-11
2.68253e-11
2.39327e-11
2.02912e-11
1.59571e-11
1.10279e-11
5.64451e-12
1.94678e-33
1.26894e-16
8.57936e-14
1.67398e-13
2.45114e-13
3.19128e-13
3.89614e-13
4.5674e-13
5.20667e-13
5.81546e-13
6.39523e-13
6.94735e-13
7.47315e-13
7.97388e-13
8.45073e-13
8.90485e-13
9.33731e-13
9.74915e-13
1.01413e-12
1.05148e-12
1.08705e-12
1.12093e-12
1.15318e-12
1.1839e-12
1.21316e-12
1.24102e-12
1.26755e-12
1.29282e-12
1.31688e-12
1.3398e-12
1.36162e-12
1.38241e-12
1.4022e-12
1.62011e-12
1.85966e-12
2.12294e-12
2.41226e-12
2.73011e-12
3.07917e-12
3.46239e-12
3.88289e-12
4.34404e-12
4.84941e-12
5.40276e-12
6.008e-12
6.66915e-12
7.39024e-12
8.17516e-12
9.02757e-12
9.95057e-12
1.09465e-11
1.20163e-11
1.31594e-11
1.43725e-11
1.56493e-11
1.69789e-11
1.83452e-11
1.97252e-11
2.10876e-11
2.23919e-11
2.35867e-11
2.461e-11
2.53892e-11
2.58431e-11
2.58856e-11
2.54314e-11
2.44029e-11
2.27394e-11
2.0405e-11
1.73968e-11
1.37502e-11
9.54268e-12
4.89846e-12
1.86063e-33
1.00518e-16
6.79618e-14
1.32605e-13
1.94169e-13
2.52799e-13
3.08635e-13
3.6181e-13
4.12451e-13
4.60677e-13
5.06605e-13
5.50343e-13
5.91996e-13
6.31663e-13
6.69438e-13
7.05413e-13
7.39672e-13
7.72298e-13
8.03368e-13
8.32957e-13
8.61135e-13
8.8797e-13
9.13525e-13
9.37862e-13
9.61039e-13
9.83111e-13
1.00413e-12
1.02415e-12
1.04321e-12
1.06137e-12
1.07866e-12
1.09512e-12
1.1108e-12
1.28345e-12
1.47324e-12
1.68185e-12
1.91111e-12
2.163e-12
2.43966e-12
2.74342e-12
3.07681e-12
3.44249e-12
3.84335e-12
4.28241e-12
4.76284e-12
5.28791e-12
5.86092e-12
6.48513e-12
7.16362e-12
7.89912e-12
8.69381e-12
9.54894e-12
1.04645e-11
1.14387e-11
1.24672e-11
1.35426e-11
1.46531e-11
1.57819e-11
1.69055e-11
1.79929e-11
1.90045e-11
1.98912e-11
2.05945e-11
2.10475e-11
2.11771e-11
2.09079e-11
2.01683e-11
1.88969e-11
1.70513e-11
1.4616e-11
1.16093e-11
8.09e-12
4.16462e-12
1.74227e-33
7.81088e-17
5.2811e-14
1.03043e-13
1.50883e-13
1.96443e-13
2.39832e-13
2.81153e-13
3.20505e-13
3.57981e-13
3.9367e-13
4.27659e-13
4.60027e-13
4.90851e-13
5.20207e-13
5.48163e-13
5.74786e-13
6.00139e-13
6.24284e-13
6.47278e-13
6.69176e-13
6.9003e-13
7.0989e-13
7.28803e-13
7.46814e-13
7.63967e-13
7.80302e-13
7.95858e-13
8.10673e-13
8.24782e-13
8.38219e-13
8.51015e-13
8.63201e-13
9.97374e-13
1.14488e-12
1.30703e-12
1.48523e-12
1.68103e-12
1.89611e-12
2.1323e-12
2.39155e-12
2.67598e-12
2.98785e-12
3.32953e-12
3.70354e-12
4.11248e-12
4.559e-12
5.04574e-12
5.57523e-12
6.1498e-12
6.77135e-12
7.44118e-12
8.15967e-12
8.92591e-12
9.73718e-12
1.05884e-11
1.14713e-11
1.23736e-11
1.32783e-11
1.41621e-11
1.49951e-11
1.57394e-11
1.63491e-11
1.67705e-11
1.69436e-11
1.68043e-11
1.62892e-11
1.53409e-11
1.39152e-11
1.19887e-11
9.56727e-12
6.69326e-12
3.45506e-12
1.59207e-33
5.92505e-17
4.00608e-14
7.81656e-14
1.14455e-13
1.49016e-13
1.81929e-13
2.13275e-13
2.43126e-13
2.71555e-13
2.98628e-13
3.24411e-13
3.48965e-13
3.72349e-13
3.94618e-13
4.15825e-13
4.36021e-13
4.55254e-13
4.73571e-13
4.91014e-13
5.07626e-13
5.23446e-13
5.38512e-13
5.5286e-13
5.66524e-13
5.79536e-13
5.91929e-13
6.0373e-13
6.14969e-13
6.25673e-13
6.35866e-13
6.45574e-13
6.54819e-13
7.5661e-13
8.68521e-13
9.91542e-13
1.12675e-12
1.27533e-12
1.43855e-12
1.61781e-12
1.8146e-12
2.03054e-12
2.26735e-12
2.52687e-12
2.81104e-12
3.12186e-12
3.46141e-12
3.83175e-12
4.23492e-12
4.67278e-12
5.14695e-12
5.65862e-12
6.20835e-12
6.79576e-12
7.41922e-12
8.07535e-12
8.75849e-12
9.46005e-12
1.01677e-11
1.08647e-11
1.15288e-11
1.21316e-11
1.26381e-11
1.30068e-11
1.31898e-11
1.31351e-11
1.2789e-11
1.2101e-11
1.10291e-11
9.54704e-12
7.652e-12
5.37302e-12
2.7807e-12
1.41131e-33
4.3488e-17
2.94037e-14
5.73716e-14
8.40073e-14
1.09374e-13
1.33532e-13
1.56539e-13
1.78449e-13
1.99315e-13
2.19187e-13
2.38111e-13
2.56134e-13
2.73297e-13
2.89642e-13
3.05208e-13
3.20032e-13
3.3415e-13
3.47594e-13
3.60398e-13
3.72591e-13
3.84203e-13
3.95262e-13
4.05793e-13
4.15823e-13
4.25374e-13
4.3447e-13
4.43133e-13
4.51383e-13
4.5924e-13
4.66722e-13
4.73848e-13
4.80634e-13
5.55353e-13
6.37503e-13
7.27812e-13
8.27074e-13
9.36155e-13
1.056e-12
1.18763e-12
1.33215e-12
1.49075e-12
1.66471e-12
1.8554e-12
2.06426e-12
2.29278e-12
2.54252e-12
2.81504e-12
3.1119e-12
3.43453e-12
3.78424e-12
4.16203e-12
4.56847e-12
5.0035e-12
5.46618e-12
5.95435e-12
6.46425e-12
6.99e-12
7.52307e-12
8.05159e-12
8.5597e-12
9.02689e-12
9.42748e-12
9.73033e-12
9.89916e-12
9.89343e-12
9.67035e-12
9.18802e-12
8.40986e-12
7.31043e-12
5.8823e-12
4.14408e-12
2.14968e-12
1.20151e-33
3.0321e-17
2.05011e-14
4.00013e-14
5.85725e-14
7.6259e-14
9.31027e-14
1.09144e-13
1.24421e-13
1.38969e-13
1.52825e-13
1.66019e-13
1.78585e-13
1.90553e-13
2.01949e-13
2.12803e-13
2.23139e-13
2.32982e-13
2.42356e-13
2.51283e-13
2.59785e-13
2.67882e-13
2.75593e-13
2.82936e-13
2.89929e-13
2.96589e-13
3.02931e-13
3.08972e-13
3.14724e-13
3.20202e-13
3.25419e-13
3.30388e-13
3.3512e-13
3.8722e-13
4.44503e-13
5.07478e-13
5.76698e-13
6.5277e-13
7.36352e-13
8.2816e-13
9.28968e-13
1.03961e-12
1.16099e-12
1.29407e-12
1.43985e-12
1.5994e-12
1.77382e-12
1.96423e-12
2.17174e-12
2.39742e-12
2.6422e-12
2.90688e-12
3.19195e-12
3.49749e-12
3.823e-12
4.16715e-12
4.52756e-12
4.90038e-12
5.27995e-12
5.65831e-12
6.02468e-12
6.36495e-12
6.66125e-12
6.89162e-12
7.03008e-12
7.04708e-12
6.91075e-12
6.58899e-12
6.05273e-12
5.28029e-12
4.26299e-12
3.01182e-12
1.56547e-12
9.6295e-34
1.91815e-17
1.29694e-14
2.53055e-14
3.70539e-14
4.82427e-14
5.88984e-14
6.90464e-14
7.87107e-14
8.79145e-14
9.66797e-14
1.05027e-13
1.12977e-13
1.20547e-13
1.27757e-13
1.34623e-13
1.41162e-13
1.47389e-13
1.5332e-13
1.58968e-13
1.64346e-13
1.69468e-13
1.74346e-13
1.78992e-13
1.83416e-13
1.87629e-13
1.91642e-13
1.95463e-13
1.99103e-13
2.02568e-13
2.05869e-13
2.09012e-13
2.12006e-13
2.44967e-13
2.81208e-13
3.21051e-13
3.64847e-13
4.12979e-13
4.65866e-13
5.23961e-13
5.87756e-13
6.57783e-13
7.34611e-13
8.18852e-13
9.11153e-13
1.01219e-12
1.12268e-12
1.24333e-12
1.37486e-12
1.51797e-12
1.67329e-12
1.84135e-12
2.0225e-12
2.21687e-12
2.4242e-12
2.64375e-12
2.87412e-12
3.11302e-12
3.357e-12
3.60118e-12
3.83888e-12
4.06131e-12
4.25717e-12
4.4125e-12
4.51052e-12
4.53194e-12
4.45558e-12
4.2597e-12
3.92408e-12
3.43294e-12
2.77887e-12
1.9677e-12
1.02439e-12
6.9193e-34
9.38195e-18
6.34353e-15
1.23773e-14
1.81237e-14
2.35963e-14
2.88082e-14
3.37718e-14
3.84988e-14
4.30006e-14
4.72878e-14
5.13707e-14
5.5259e-14
5.89619e-14
6.24884e-14
6.58468e-14
6.90451e-14
7.2091e-14
7.49917e-14
7.77542e-14
8.0385e-14
8.28904e-14
8.52764e-14
8.75487e-14
8.97127e-14
9.17735e-14
9.37362e-14
9.56053e-14
9.73853e-14
9.90805e-14
1.00695e-13
1.02232e-13
1.03697e-13
1.19819e-13
1.37546e-13
1.57035e-13
1.78458e-13
2.02003e-13
2.27875e-13
2.56295e-13
2.87505e-13
3.21766e-13
3.59358e-13
4.00579e-13
4.4575e-13
4.95203e-13
5.49289e-13
6.08362e-13
6.7278e-13
7.42888e-13
8.19006e-13
9.01401e-13
9.90268e-13
1.08568e-12
1.18754e-12
1.29551e-12
1.40895e-12
1.52677e-12
1.64735e-12
1.76834e-12
1.88652e-12
1.99763e-12
2.09617e-12
2.17528e-12
2.22665e-12
2.24065e-12
2.20661e-12
2.11341e-12
1.95056e-12
1.70962e-12
1.38633e-12
9.83136e-13
5.1237e-13
3.76041e-34
2.79517e-42
3.68015e-41
1.21041e-40
2.43198e-40
3.9077e-40
5.53768e-40
7.24298e-40
8.96194e-40
1.06473e-39
1.22633e-39
1.37842e-39
1.51916e-39
1.64738e-39
1.76239e-39
1.86391e-39
1.95197e-39
2.02683e-39
2.08895e-39
2.13891e-39
2.1774e-39
2.20515e-39
2.22293e-39
2.23154e-39
2.23177e-39
2.22439e-39
2.21015e-39
2.18979e-39
2.164e-39
2.13342e-39
2.09866e-39
2.06031e-39
1.36452e-38
3.2341e-38
4.68578e-38
6.71627e-38
9.53932e-38
1.3444e-37
1.88204e-37
2.61941e-37
3.62716e-37
5.00016e-37
6.86549e-37
9.39313e-37
1.281e-36
1.74186e-36
2.36209e-36
3.19502e-36
4.31122e-36
5.8037e-36
7.79472e-36
1.04442e-35
1.39601e-35
1.86114e-35
2.47431e-35
3.2793e-35
4.33101e-35
5.69715e-35
7.45944e-35
9.71362e-35
1.25672e-34
1.61334e-34
2.05185e-34
2.57997e-34
3.1989e-34
3.8979e-34
4.64648e-34
5.38427e-34
6.00868e-34
6.3622e-34
6.22294e-34
5.30565e-34
3.28613e-34
1.29598e-34
