-1.75123e-41
-2.30568e-40
-7.58342e-40
-1.52368e-39
-2.44823e-39
-3.46943e-39
-4.5378e-39
-5.61473e-39
-6.67055e-39
-7.68299e-39
-8.63576e-39
-9.51748e-39
-1.03207e-38
-1.10412e-38
-1.16771e-38
-1.22287e-38
-1.26977e-38
-1.30868e-38
-1.33997e-38
-1.36408e-38
-1.38145e-38
-1.39258e-38
-1.39797e-38
-1.39811e-38
-1.39348e-38
-1.38456e-38
-1.3718e-38
-1.35563e-38
-1.33647e-38
-1.31469e-38
-1.29066e-38
-8.54776e-38
-2.02586e-37
-2.93503e-37
-4.20657e-37
-5.97418e-37
-8.4186e-37
-1.17837e-36
-1.63976e-36
-2.27014e-36
-3.12864e-36
-4.2944e-36
-5.87314e-36
-8.00572e-36
-1.08794e-35
-1.47427e-35
-1.99238e-35
-2.68555e-35
-3.61056e-35
-4.84156e-35
-6.47484e-35
-8.63458e-35
-1.14795e-34
-1.52105e-34
-2.00781e-34
-2.639e-34
-3.45154e-34
-4.48846e-34
-5.79788e-34
-7.43039e-34
-9.43398e-34
-1.18455e-33
-1.46776e-33
-1.78995e-33
-2.14114e-33
-2.50132e-33
-2.8367e-33
-3.09594e-33
-3.20658e-33
-3.07271e-33
-2.57505e-33
-1.57621e-33
-1.43608e-34
2.84834e-17
1.92581e-14
3.75759e-14
5.50211e-14
7.1635e-14
8.74573e-14
1.02525e-13
1.16875e-13
1.30541e-13
1.43556e-13
1.5595e-13
1.67753e-13
1.78994e-13
1.89698e-13
1.99893e-13
2.09601e-13
2.18846e-13
2.27651e-13
2.36036e-13
2.44021e-13
2.51625e-13
2.58867e-13
2.65764e-13
2.72331e-13
2.78586e-13
2.84543e-13
2.90216e-13
2.95618e-13
3.00763e-13
3.05662e-13
3.10328e-13
3.14772e-13
3.63697e-13
4.17484e-13
4.76607e-13
5.41583e-13
6.12974e-13
6.91394e-13
7.77502e-13
8.72015e-13
9.75699e-13
1.08937e-12
1.2139e-12
1.35019e-12
1.49919e-12
1.66184e-12
1.8391e-12
2.03186e-12
2.24096e-12
2.46704e-12
2.71053e-12
2.97152e-12
3.24959e-12
3.54365e-12
3.85172e-12
4.17065e-12
4.4958e-12
4.82069e-12
5.13667e-12
5.43253e-12
5.69428e-12
5.90504e-12
6.04529e-12
6.09341e-12
6.02686e-12
5.82382e-12
5.46544e-12
4.9384e-12
4.23757e-12
3.36826e-12
2.34812e-12
1.20898e-12
-1.64285e-33
5.95521e-17
4.02639e-14
7.85617e-14
1.15035e-13
1.4977e-13
1.8285e-13
2.14354e-13
2.44356e-13
2.72927e-13
3.00137e-13
3.26049e-13
3.50726e-13
3.74227e-13
3.96606e-13
4.17919e-13
4.38216e-13
4.57545e-13
4.75952e-13
4.93481e-13
5.10175e-13
5.26073e-13
5.41213e-13
5.55631e-13
5.69362e-13
5.82438e-13
5.9489e-13
6.0675e-13
6.18043e-13
6.28799e-13
6.39042e-13
6.48796e-13
6.58086e-13
7.60364e-13
8.72802e-13
9.96387e-13
1.1322e-12
1.28141e-12
1.44529e-12
1.62522e-12
1.82269e-12
2.03927e-12
2.27667e-12
2.53666e-12
2.82112e-12
3.13197e-12
3.47114e-12
3.84053e-12
4.24193e-12
4.67692e-12
5.14671e-12
5.65198e-12
6.19261e-12
6.76739e-12
7.37364e-12
8.00669e-12
8.65937e-12
9.32134e-12
9.97842e-12
1.06119e-11
1.11978e-11
1.17069e-11
1.21043e-11
1.23506e-11
1.24031e-11
1.22185e-11
1.17566e-11
1.09843e-11
9.88107e-12
8.4426e-12
6.68466e-12
4.64517e-12
2.38637e-12
-2.98873e-33
9.74437e-17
6.58818e-14
1.28546e-13
1.88226e-13
2.45061e-13
2.99188e-13
3.50734e-13
3.99824e-13
4.46573e-13
4.91093e-13
5.33491e-13
5.73867e-13
6.12317e-13
6.48934e-13
6.83805e-13
7.17013e-13
7.48637e-13
7.78754e-13
8.07434e-13
8.34747e-13
8.60757e-13
8.85527e-13
9.09116e-13
9.3158e-13
9.52973e-13
9.73346e-13
9.92748e-13
1.01122e-12
1.02882e-12
1.04558e-12
1.06154e-12
1.07673e-12
1.24406e-12
1.42798e-12
1.63013e-12
1.85226e-12
2.09627e-12
2.36424e-12
2.65839e-12
2.98112e-12
3.33501e-12
3.72276e-12
4.14724e-12
4.6114e-12
5.11829e-12
5.6709e-12
6.27216e-12
6.92473e-12
7.63083e-12
8.39203e-12
9.20886e-12
1.00804e-11
1.10039e-11
1.19738e-11
1.29813e-11
1.40132e-11
1.5051e-11
1.607e-11
1.70382e-11
1.79158e-11
1.86549e-11
1.92001e-11
1.94908e-11
1.94637e-11
1.90576e-11
1.82194e-11
1.69103e-11
1.51118e-11
1.28308e-11
1.01017e-11
6.98703e-12
3.57798e-12
-4.08778e-33
1.46061e-16
9.87497e-14
1.92677e-13
2.8213e-13
3.67319e-13
4.48448e-13
5.2571e-13
5.99288e-13
6.69357e-13
7.36086e-13
7.99632e-13
8.60148e-13
9.17777e-13
9.72658e-13
1.02492e-12
1.07469e-12
1.12209e-12
1.16722e-12
1.21021e-12
1.25114e-12
1.29012e-12
1.32725e-12
1.3626e-12
1.39626e-12
1.42832e-12
1.45886e-12
1.48793e-12
1.51562e-12
1.54199e-12
1.5671e-12
1.59102e-12
1.61379e-12
1.86453e-12
2.14012e-12
2.44299e-12
2.77574e-12
3.14122e-12
3.54249e-12
3.98286e-12
4.46588e-12
4.9953e-12
5.57512e-12
6.20947e-12
6.90264e-12
7.65891e-12
8.48252e-12
9.37742e-12
1.03471e-11
1.13942e-11
1.25202e-11
1.37248e-11
1.50053e-11
1.63558e-11
1.7766e-11
1.92204e-11
2.06965e-11
2.2164e-11
2.35832e-11
2.4904e-11
2.60658e-11
2.6998e-11
2.7622e-11
2.7855e-11
2.76153e-11
2.68297e-11
2.54414e-11
2.34177e-11
2.0756e-11
1.74868e-11
1.36722e-11
9.40326e-12
4.79673e-12
-4.98911e-33
2.08316e-16
1.40836e-13
2.74795e-13
4.0237e-13
5.23866e-13
6.39569e-13
7.49757e-13
8.5469e-13
9.54619e-13
1.04978e-12
1.14041e-12
1.22671e-12
1.30889e-12
1.38716e-12
1.46169e-12
1.53266e-12
1.60025e-12
1.66462e-12
1.72591e-12
1.78428e-12
1.83987e-12
1.8928e-12
1.94321e-12
1.99122e-12
2.03693e-12
2.08047e-12
2.12193e-12
2.16141e-12
2.19901e-12
2.23482e-12
2.26892e-12
2.30139e-12
2.65888e-12
3.05179e-12
3.48351e-12
3.95777e-12
4.47858e-12
5.05025e-12
5.67745e-12
6.36514e-12
7.11857e-12
7.94326e-12
8.84491e-12
9.82934e-12
1.09023e-11
1.20693e-11
1.33354e-11
1.47047e-11
1.61799e-11
1.77617e-11
1.9448e-11
2.12328e-11
2.31049e-11
2.50468e-11
2.70324e-11
2.90259e-11
3.09801e-11
3.28346e-11
3.45155e-11
3.59358e-11
3.69979e-11
3.75973e-11
3.763e-11
3.70008e-11
3.56334e-11
3.34805e-11
3.05311e-11
2.68142e-11
2.23968e-11
1.73778e-11
1.18779e-11
6.03359e-12
-5.71076e-33
2.83476e-16
1.91645e-13
3.7393e-13
5.4753e-13
7.12855e-13
8.70299e-13
1.02023e-12
1.16302e-12
1.299e-12
1.42848e-12
1.5518e-12
1.66922e-12
1.78105e-12
1.88754e-12
1.98895e-12
2.08552e-12
2.17748e-12
2.26506e-12
2.34846e-12
2.42788e-12
2.5035e-12
2.57553e-12
2.64411e-12
2.70942e-12
2.77162e-12
2.83085e-12
2.88726e-12
2.94097e-12
2.99213e-12
3.04084e-12
3.08723e-12
3.13141e-12
3.61774e-12
4.1522e-12
4.73941e-12
5.38437e-12
6.09251e-12
6.86966e-12
7.72205e-12
8.65634e-12
9.67952e-12
1.07989e-11
1.2022e-11
1.33563e-11
1.48093e-11
1.63878e-11
1.80978e-11
1.99439e-11
2.19284e-11
2.40506e-11
2.63055e-11
2.86821e-11
3.1162e-11
3.37174e-11
3.63086e-11
3.88821e-11
4.13687e-11
4.3682e-11
4.57188e-11
4.73607e-11
4.84792e-11
4.89429e-11
4.86282e-11
4.74322e-11
4.52859e-11
4.21652e-11
3.80962e-11
3.31544e-11
2.74555e-11
2.11407e-11
1.43607e-11
7.26406e-12
-6.2573e-33
3.64364e-16
2.46326e-13
4.80621e-13
7.03751e-13
9.16246e-13
1.11861e-12
1.31132e-12
1.49484e-12
1.66961e-12
1.83604e-12
1.99453e-12
2.14546e-12
2.28918e-12
2.42605e-12
2.55639e-12
2.6805e-12
2.79869e-12
2.91125e-12
3.01843e-12
3.1205e-12
3.2177e-12
3.31026e-12
3.3984e-12
3.48234e-12
3.56227e-12
3.63839e-12
3.71088e-12
3.77992e-12
3.84565e-12
3.90826e-12
3.96788e-12
4.02465e-12
4.64962e-12
5.33639e-12
6.09089e-12
6.91951e-12
7.82918e-12
8.82734e-12
9.92193e-12
1.11214e-11
1.24346e-11
1.38707e-11
1.54391e-11
1.71493e-11
1.90102e-11
2.10301e-11
2.32159e-11
2.55727e-11
2.8102e-11
3.08015e-11
3.36623e-11
3.66682e-11
3.97923e-11
4.29952e-11
4.62219e-11
4.9399e-11
5.24329e-11
5.52087e-11
5.7591e-11
5.94278e-11
6.05579e-11
6.08222e-11
6.00793e-11
5.8222e-11
5.51946e-11
5.1004e-11
4.57227e-11
3.94817e-11
3.24519e-11
2.48208e-11
1.6768e-11
8.44991e-12
-6.62764e-33
4.37656e-16
2.95872e-13
5.77294e-13
8.45305e-13
1.10054e-12
1.34361e-12
1.57508e-12
1.79551e-12
2.00543e-12
2.20534e-12
2.3957e-12
2.57698e-12
2.74961e-12
2.914e-12
3.07055e-12
3.21963e-12
3.36159e-12
3.49677e-12
3.62551e-12
3.7481e-12
3.86485e-12
3.97602e-12
4.08188e-12
4.1827e-12
4.27871e-12
4.37013e-12
4.4572e-12
4.54011e-12
4.61906e-12
4.69425e-12
4.76586e-12
4.83405e-12
5.58465e-12
6.40946e-12
7.31557e-12
8.31064e-12
9.40298e-12
1.06015e-11
1.19156e-11
1.33555e-11
1.49317e-11
1.66552e-11
1.85369e-11
2.05882e-11
2.28194e-11
2.52402e-11
2.78587e-11
3.06798e-11
3.37052e-11
3.69306e-11
4.03446e-11
4.39258e-11
4.76401e-11
5.14379e-11
5.52504e-11
5.89866e-11
6.25309e-11
6.57423e-11
6.84561e-11
7.04888e-11
7.16483e-11
7.17487e-11
7.063e-11
6.81792e-11
6.43505e-11
5.91782e-11
5.27775e-11
4.53316e-11
3.70656e-11
2.82126e-11
1.89823e-11
9.5387e-12
-6.81779e-33
4.88124e-16
3.2999e-13
6.43864e-13
9.4278e-13
1.22745e-12
1.49854e-12
1.75671e-12
2.00256e-12
2.23669e-12
2.45964e-12
2.67196e-12
2.87414e-12
3.06668e-12
3.25003e-12
3.42463e-12
3.5909e-12
3.74923e-12
3.9e-12
4.04359e-12
4.18031e-12
4.31052e-12
4.43451e-12
4.55259e-12
4.66503e-12
4.77211e-12
4.87408e-12
4.97118e-12
5.06365e-12
5.15171e-12
5.23558e-12
5.31544e-12
5.39149e-12
6.22866e-12
7.14859e-12
8.15919e-12
9.26903e-12
1.04874e-11
1.18241e-11
1.32899e-11
1.48959e-11
1.66539e-11
1.85762e-11
2.06752e-11
2.29632e-11
2.5452e-11
2.81525e-11
3.10734e-11
3.42207e-11
3.75958e-11
4.11944e-11
4.50034e-11
4.89992e-11
5.31437e-11
5.73814e-11
6.16352e-11
6.58032e-11
6.97559e-11
7.33348e-11
7.63545e-11
7.86085e-11
7.98801e-11
7.99597e-11
7.86668e-11
7.58752e-11
7.15362e-11
6.5694e-11
5.84876e-11
5.01353e-11
4.0903e-11
3.10642e-11
2.08589e-11
1.04663e-11
-6.82399e-33
5.04184e-16
3.4085e-13
6.65054e-13
9.73809e-13
1.26785e-12
1.54787e-12
1.81453e-12
2.06848e-12
2.31031e-12
2.54061e-12
2.75992e-12
2.96876e-12
3.16764e-12
3.35703e-12
3.53738e-12
3.70913e-12
3.87268e-12
4.02842e-12
4.17674e-12
4.31798e-12
4.45247e-12
4.58055e-12
4.70252e-12
4.81868e-12
4.92929e-12
5.03462e-12
5.13493e-12
5.23045e-12
5.32142e-12
5.40805e-12
5.49054e-12
5.56911e-12
6.43392e-12
7.38427e-12
8.42833e-12
9.57499e-12
1.08338e-11
1.22151e-11
1.37299e-11
1.53899e-11
1.72073e-11
1.91949e-11
2.13658e-11
2.3733e-11
2.63089e-11
2.91052e-11
3.21316e-11
3.5395e-11
3.88977e-11
4.26364e-11
4.65993e-11
5.07636e-11
5.50921e-11
5.95297e-11
6.39996e-11
6.83989e-11
7.25959e-11
7.64282e-11
7.97038e-11
8.22063e-11
8.37053e-11
8.39735e-11
8.28094e-11
8.00636e-11
7.5666e-11
6.9644e-11
6.21295e-11
5.33455e-11
4.35758e-11
3.31202e-11
2.22485e-11
1.11652e-11
-3.6838e-33
5.038e-16
3.40592e-13
6.6455e-13
9.7307e-13
1.26688e-12
1.54669e-12
1.81315e-12
2.06691e-12
2.30856e-12
2.53868e-12
2.75782e-12
2.96651e-12
3.16524e-12
3.35449e-12
3.5347e-12
3.70632e-12
3.86975e-12
4.02537e-12
4.17358e-12
4.31471e-12
4.44911e-12
4.57709e-12
4.69897e-12
4.81503e-12
4.92556e-12
5.03081e-12
5.13105e-12
5.2265e-12
5.3174e-12
5.40396e-12
5.4864e-12
5.5649e-12
6.42907e-12
7.37871e-12
8.42201e-12
9.56783e-12
1.08258e-11
1.22061e-11
1.37198e-11
1.53787e-11
1.71949e-11
1.91813e-11
2.13508e-11
2.37166e-11
2.62913e-11
2.90863e-11
3.21115e-11
3.53738e-11
3.88759e-11
4.26144e-11
4.65777e-11
5.07433e-11
5.50742e-11
5.95159e-11
6.39916e-11
6.83991e-11
7.2607e-11
7.64532e-11
7.97458e-11
8.22685e-11
8.37903e-11
8.40828e-11
8.29428e-11
8.0219e-11
7.58385e-11
6.98263e-11
6.23121e-11
5.35179e-11
4.37275e-11
3.3242e-11
2.23335e-11
1.12088e-11
8.33677e-34
5.06362e-16
3.42326e-13
6.67934e-13
9.78026e-13
1.27334e-12
1.55457e-12
1.82239e-12
2.07744e-12
2.32033e-12
2.55163e-12
2.77189e-12
2.98164e-12
3.18139e-12
3.37161e-12
3.55275e-12
3.72524e-12
3.88951e-12
4.04594e-12
4.1949e-12
4.33676e-12
4.47185e-12
4.60049e-12
4.723e-12
4.83966e-12
4.95076e-12
5.05655e-12
5.1573e-12
5.25325e-12
5.34462e-12
5.43163e-12
5.51449e-12
5.5934e-12
6.46206e-12
7.41667e-12
8.46547e-12
9.61739e-12
1.08821e-11
1.227e-11
1.37922e-11
1.54605e-11
1.72873e-11
1.92857e-11
2.1469e-11
2.38504e-11
2.64429e-11
2.92586e-11
3.23079e-11
3.55985e-11
3.91337e-11
4.29116e-11
4.69217e-11
5.1143e-11
5.55408e-11
6.00622e-11
6.46329e-11
6.91527e-11
7.34921e-11
7.74899e-11
8.09537e-11
8.36641e-11
8.53838e-11
8.58741e-11
8.49171e-11
8.23422e-11
7.80554e-11
7.20607e-11
6.44717e-11
5.55025e-11
4.54398e-11
3.45984e-11
2.3271e-11
1.16872e-11
2.24273e-33
5.24353e-16
3.54489e-13
6.91666e-13
1.01278e-12
1.31858e-12
1.60981e-12
1.88714e-12
2.15126e-12
2.40277e-12
2.64229e-12
2.87038e-12
3.08758e-12
3.29443e-12
3.4914e-12
3.67898e-12
3.85761e-12
4.02771e-12
4.18969e-12
4.34395e-12
4.49085e-12
4.63074e-12
4.76395e-12
4.89081e-12
5.01162e-12
5.12667e-12
5.23622e-12
5.34055e-12
5.43991e-12
5.53453e-12
5.62463e-12
5.71044e-12
5.79215e-12
6.69168e-12
7.68021e-12
8.76629e-12
9.95916e-12
1.12688e-11
1.27061e-11
1.42824e-11
1.601e-11
1.79019e-11
1.99714e-11
2.22324e-11
2.46987e-11
2.73836e-11
3.02999e-11
3.34581e-11
3.68664e-11
4.05284e-11
4.44419e-11
4.85964e-11
5.29704e-11
5.75278e-11
6.22145e-11
6.69536e-11
7.16418e-11
7.61454e-11
8.02979e-11
8.39006e-11
8.67265e-11
8.85302e-11
8.90639e-11
8.81007e-11
8.5462e-11
8.10469e-11
7.48559e-11
6.70022e-11
5.77043e-11
4.72582e-11
3.59915e-11
2.42114e-11
1.21602e-11
2.21245e-33
5.53697e-16
3.74326e-13
7.3037e-13
1.06945e-12
1.39236e-12
1.69988e-12
1.99274e-12
2.27163e-12
2.53721e-12
2.79013e-12
3.03098e-12
3.26034e-12
3.47875e-12
3.68675e-12
3.88481e-12
4.07343e-12
4.25305e-12
4.42409e-12
4.58698e-12
4.74209e-12
4.8898e-12
5.03046e-12
5.16442e-12
5.29198e-12
5.41346e-12
5.52914e-12
5.6393e-12
5.74421e-12
5.84412e-12
5.93926e-12
6.02986e-12
6.11614e-12
7.06594e-12
8.1097e-12
9.25641e-12
1.05158e-11
1.18985e-11
1.34158e-11
1.50797e-11
1.69033e-11
1.89e-11
2.1084e-11
2.34695e-11
2.60712e-11
2.89029e-11
3.19776e-11
3.53062e-11
3.88967e-11
4.27525e-11
4.68702e-11
5.1238e-11
5.58318e-11
6.06122e-11
6.55203e-11
7.04736e-11
7.53611e-11
8.00404e-11
8.43352e-11
8.80359e-11
9.09052e-11
9.26882e-11
9.31307e-11
9.20025e-11
8.91267e-11
8.44089e-11
7.786e-11
6.96066e-11
5.98817e-11
4.89945e-11
3.7284e-11
2.50651e-11
1.25837e-11
1.26728e-33
5.60034e-16
3.78609e-13
7.38727e-13
1.08169e-12
1.4083e-12
1.71933e-12
2.01554e-12
2.29762e-12
2.56625e-12
2.82205e-12
3.06566e-12
3.29764e-12
3.51855e-12
3.72893e-12
3.92926e-12
4.12003e-12
4.3017e-12
4.4747e-12
4.63945e-12
4.79634e-12
4.94574e-12
5.08801e-12
5.22349e-12
5.35251e-12
5.47538e-12
5.59238e-12
5.70381e-12
5.80992e-12
5.91096e-12
6.00719e-12
6.09883e-12
6.1861e-12
7.14675e-12
8.20242e-12
9.36221e-12
1.0636e-11
1.20344e-11
1.35689e-11
1.52518e-11
1.7096e-11
1.91153e-11
2.13239e-11
2.37362e-11
2.63669e-11
2.92301e-11
3.23386e-11
3.57036e-11
3.93329e-11
4.32297e-11
4.73906e-11
5.1803e-11
5.64426e-11
6.12689e-11
6.6222e-11
7.12179e-11
7.61441e-11
8.08559e-11
8.51749e-11
8.88894e-11
9.17596e-11
9.35293e-11
9.39429e-11
9.27704e-11
8.98362e-11
8.50481e-11
7.84203e-11
7.00829e-11
6.02723e-11
4.93005e-11
3.75083e-11
2.52115e-11
1.26558e-11
1.17254e-33
5.92438e-16
4.00512e-13
7.81464e-13
1.14426e-12
1.48977e-12
1.8188e-12
2.13214e-12
2.43053e-12
2.71469e-12
2.9853e-12
3.24299e-12
3.48839e-12
3.72207e-12
3.94461e-12
4.15652e-12
4.35833e-12
4.5505e-12
4.7335e-12
4.90777e-12
5.07372e-12
5.23176e-12
5.38225e-12
5.52557e-12
5.66204e-12
5.79201e-12
5.91577e-12
6.03363e-12
6.14587e-12
6.25275e-12
6.35454e-12
6.45147e-12
6.54378e-12
7.5599e-12
8.67649e-12
9.90316e-12
1.12503e-11
1.27292e-11
1.43519e-11
1.61312e-11
1.8081e-11
2.02154e-11
2.25494e-11
2.50983e-11
2.7877e-11
3.09001e-11
3.41809e-11
3.77303e-11
4.1556e-11
4.56602e-11
5.0038e-11
5.46747e-11
5.95424e-11
6.45962e-11
6.97701e-11
7.49725e-11
8.00816e-11
8.49425e-11
8.93649e-11
9.31256e-11
9.59744e-11
9.76471e-11
9.78847e-11
9.64594e-11
9.32046e-11
8.80427e-11
8.10071e-11
7.2248e-11
6.20202e-11
5.06493e-11
3.84839e-11
2.58415e-11
1.29637e-11
2.12226e-33
6.40392e-16
4.32925e-13
8.44706e-13
1.23686e-12
1.61033e-12
1.96598e-12
2.30468e-12
2.62721e-12
2.93437e-12
3.22686e-12
3.5054e-12
3.77065e-12
4.02323e-12
4.26377e-12
4.49282e-12
4.71094e-12
4.91865e-12
5.11645e-12
5.30481e-12
5.48418e-12
5.65499e-12
5.81765e-12
5.97254e-12
6.12005e-12
6.26052e-12
6.39428e-12
6.52167e-12
6.64297e-12
6.75849e-12
6.8685e-12
6.97327e-12
7.07303e-12
8.17121e-12
9.3779e-12
1.07035e-11
1.21591e-11
1.37569e-11
1.55099e-11
1.74318e-11
1.95372e-11
2.18416e-11
2.43607e-11
2.71106e-11
3.01071e-11
3.33653e-11
3.68986e-11
4.07181e-11
4.48303e-11
4.92362e-11
5.39283e-11
5.88878e-11
6.40814e-11
6.94569e-11
7.49386e-11
8.04229e-11
8.57739e-11
9.08204e-11
9.5355e-11
9.91376e-11
1.01904e-10
1.03379e-10
1.03304e-10
1.01458e-10
9.76916e-11
9.19552e-11
8.43141e-11
7.49515e-11
6.41496e-11
5.2253e-11
3.96182e-11
2.65603e-11
1.33105e-11
2.19459e-33
6.95905e-16
4.70446e-13
9.17915e-13
1.34406e-12
1.74989e-12
2.13636e-12
2.50441e-12
2.85489e-12
3.18866e-12
3.50649e-12
3.80916e-12
4.09738e-12
4.37185e-12
4.63322e-12
4.88211e-12
5.11912e-12
5.34481e-12
5.55974e-12
5.7644e-12
5.9593e-12
6.14489e-12
6.32163e-12
6.48993e-12
6.6502e-12
6.80283e-12
6.94817e-12
7.08657e-12
7.21838e-12
7.34389e-12
7.46342e-12
7.57724e-12
7.68564e-12
8.87876e-12
1.01897e-11
1.16297e-11
1.32108e-11
1.49462e-11
1.68497e-11
1.89363e-11
2.12218e-11
2.37223e-11
2.6455e-11
2.94366e-11
3.26839e-11
3.62124e-11
4.00359e-11
4.41647e-11
4.86046e-11
5.33542e-11
5.84028e-11
6.37266e-11
6.92855e-11
7.5018e-11
8.08367e-11
8.66234e-11
9.22254e-11
9.74523e-11
1.02077e-10
1.0584e-10
1.08463e-10
1.09663e-10
1.09181e-10
1.0681e-10
1.02426e-10
9.60151e-11
8.76817e-11
7.7648e-11
6.62274e-11
5.37832e-11
4.06778e-11
2.72198e-11
1.36246e-11
2.04103e-33
7.57637e-16
5.12169e-13
9.99323e-13
1.46326e-12
1.90508e-12
2.32583e-12
2.7265e-12
3.10806e-12
3.47142e-12
3.81743e-12
4.14693e-12
4.4607e-12
4.75949e-12
5.04402e-12
5.31497e-12
5.57298e-12
5.81867e-12
6.05264e-12
6.27544e-12
6.4876e-12
6.68963e-12
6.88202e-12
7.06523e-12
7.23969e-12
7.40583e-12
7.56404e-12
7.71469e-12
7.85816e-12
7.99479e-12
8.1249e-12
8.24879e-12
8.36678e-12
9.66547e-12
1.10923e-11
1.26595e-11
1.438e-11
1.62682e-11
1.8339e-11
2.06085e-11
2.30936e-11
2.58119e-11
2.87812e-11
3.20196e-11
3.55444e-11
3.93718e-11
4.35155e-11
4.79852e-11
5.27851e-11
5.79114e-11
6.33491e-11
6.90687e-11
7.50216e-11
8.11357e-11
8.73099e-11
9.34095e-11
9.92622e-11
1.04656e-10
1.09343e-10
1.13044e-10
1.15465e-10
1.16317e-10
1.15346e-10
1.12364e-10
1.07279e-10
1.00117e-10
9.10312e-11
8.0284e-11
6.82212e-11
5.52239e-11
4.16571e-11
2.78196e-11
1.39069e-11
1.8929e-33
8.24465e-16
5.57336e-13
1.08745e-12
1.5923e-12
2.07307e-12
2.53092e-12
2.96693e-12
3.38213e-12
3.77752e-12
4.15403e-12
4.51257e-12
4.854e-12
5.17912e-12
5.48872e-12
5.78354e-12
6.06429e-12
6.33162e-12
6.5862e-12
6.82862e-12
7.05947e-12
7.27929e-12
7.48862e-12
7.68796e-12
7.87779e-12
8.05855e-12
8.23069e-12
8.39461e-12
8.5507e-12
8.69935e-12
8.84091e-12
8.97571e-12
9.10408e-12
1.0517e-11
1.20692e-11
1.3774e-11
1.56454e-11
1.76988e-11
1.99505e-11
2.24177e-11
2.51186e-11
2.80719e-11
3.12968e-11
3.48121e-11
3.8636e-11
4.27851e-11
4.72729e-11
5.21082e-11
5.72936e-11
6.28219e-11
6.86734e-11
7.48116e-11
8.11788e-11
8.76904e-11
9.42301e-11
1.00645e-10
1.0674e-10
1.12283e-10
1.17e-10
1.20594e-10
1.22757e-10
1.23194e-10
1.21663e-10
1.17999e-10
1.12147e-10
1.04182e-10
9.43042e-11
8.2821e-11
7.01091e-11
5.65653e-11
4.2554e-11
2.83609e-11
1.41591e-11
1.7511e-33
8.954e-16
6.05277e-13
1.18099e-12
1.72926e-12
2.25139e-12
2.74861e-12
3.22212e-12
3.67302e-12
4.10241e-12
4.5113e-12
4.90066e-12
5.27144e-12
5.62451e-12
5.96072e-12
6.28088e-12
6.58575e-12
6.87606e-12
7.15251e-12
7.41575e-12
7.66643e-12
7.90514e-12
8.13245e-12
8.34891e-12
8.55503e-12
8.75132e-12
8.93823e-12
9.11623e-12
9.28573e-12
9.44714e-12
9.60084e-12
9.74722e-12
9.88661e-12
1.14207e-11
1.3106e-11
1.49567e-11
1.69881e-11
1.92168e-11
2.16603e-11
2.4337e-11
2.72666e-11
3.04688e-11
3.39641e-11
3.77723e-11
4.19123e-11
4.6401e-11
5.12514e-11
5.64716e-11
6.20615e-11
6.80106e-11
7.42937e-11
8.08665e-11
8.76607e-11
9.45783e-11
1.01486e-10
1.08211e-10
1.14536e-10
1.20204e-10
1.24918e-10
1.2836e-10
1.3021e-10
1.30175e-10
1.28023e-10
1.23619e-10
1.16953e-10
1.08149e-10
9.74583e-11
8.52326e-11
7.18779e-11
5.78032e-11
4.33694e-11
2.88465e-11
1.4383e-11
1.61628e-33
9.69536e-16
6.5538e-13
1.27875e-12
1.8724e-12
2.43775e-12
2.97612e-12
3.48881e-12
3.97703e-12
4.44195e-12
4.88467e-12
5.30625e-12
5.7077e-12
6.08997e-12
6.45399e-12
6.80063e-12
7.13071e-12
7.44502e-12
7.74433e-12
8.02934e-12
8.30074e-12
8.55918e-12
8.80527e-12
9.03962e-12
9.26278e-12
9.47528e-12
9.67764e-12
9.87034e-12
1.00538e-11
1.02286e-11
1.0395e-11
1.05534e-11
1.07043e-11
1.23651e-11
1.41894e-11
1.61925e-11
1.83911e-11
2.08028e-11
2.34464e-11
2.63419e-11
2.951e-11
3.29718e-11
3.6749e-11
4.08622e-11
4.53311e-11
5.01727e-11
5.53996e-11
6.10185e-11
6.70268e-11
7.34097e-11
8.0136e-11
8.71529e-11
9.43808e-11
1.01707e-10
1.0898e-10
1.16005e-10
1.22542e-10
1.28308e-10
1.32984e-10
1.36231e-10
1.3772e-10
1.3716e-10
1.34337e-10
1.29151e-10
1.21637e-10
1.11974e-10
1.00464e-10
8.75026e-11
7.35208e-11
5.89371e-11
4.41062e-11
2.92797e-11
1.45809e-11
1.48886e-33
1.04603e-15
7.07074e-13
1.37961e-12
2.02009e-12
2.63002e-12
3.21085e-12
3.76397e-12
4.29069e-12
4.79226e-12
5.26989e-12
5.7247e-12
6.1578e-12
6.5702e-12
6.96291e-12
7.33687e-12
7.69295e-12
8.03203e-12
8.35492e-12
8.66238e-12
8.95515e-12
9.23395e-12
9.49943e-12
9.75223e-12
9.99296e-12
1.02222e-11
1.04405e-11
1.06483e-11
1.08463e-11
1.10348e-11
1.12143e-11
1.13852e-11
1.1548e-11
1.33394e-11
1.5307e-11
1.74674e-11
1.98383e-11
2.24386e-11
2.52886e-11
2.84095e-11
3.18232e-11
3.55524e-11
3.96195e-11
4.40464e-11
4.88533e-11
5.4057e-11
5.96698e-11
6.56966e-11
7.2132e-11
7.89567e-11
8.61327e-11
9.3598e-11
1.01261e-10
1.08992e-10
1.16623e-10
1.23935e-10
1.30664e-10
1.365e-10
1.41102e-10
1.44114e-10
1.45198e-10
1.44069e-10
1.40536e-10
1.34536e-10
1.26155e-10
1.15626e-10
1.03304e-10
8.96221e-11
7.50361e-11
5.99697e-11
4.47685e-11
2.96645e-11
1.47551e-11
1.36909e-33
1.12408e-15
7.59824e-13
1.48253e-12
2.17079e-12
2.82622e-12
3.45038e-12
4.04475e-12
4.61075e-12
5.14973e-12
5.66297e-12
6.15169e-12
6.61708e-12
7.06023e-12
7.48221e-12
7.88403e-12
8.26666e-12
8.63101e-12
8.97795e-12
9.30832e-12
9.6229e-12
9.92246e-12
1.02077e-11
1.04793e-11
1.0738e-11
1.09843e-11
1.12188e-11
1.14422e-11
1.16549e-11
1.18574e-11
1.20503e-11
1.22339e-11
1.24088e-11
1.43335e-11
1.64473e-11
1.87681e-11
2.13147e-11
2.41074e-11
2.71677e-11
3.05182e-11
3.41823e-11
3.81836e-11
4.25459e-11
4.72919e-11
5.24422e-11
5.80136e-11
6.40177e-11
7.04574e-11
7.73243e-11
8.45939e-11
9.22212e-11
1.00134e-10
1.08229e-10
1.16359e-10
1.24335e-10
1.31917e-10
1.38815e-10
1.44694e-10
1.49189e-10
1.5193e-10
1.52571e-10
1.50837e-10
1.46565e-10
1.39731e-10
1.30475e-10
1.19085e-10
1.05966e-10
9.15882e-11
7.64258e-11
6.09055e-11
4.53615e-11
3.00052e-11
1.4908e-11
1.25703e-33
1.20296e-15
8.13128e-13
1.58653e-12
2.32307e-12
3.02448e-12
3.69242e-12
4.32848e-12
4.93418e-12
5.51095e-12
6.06018e-12
6.58317e-12
7.08118e-12
7.5554e-12
8.00696e-12
8.43694e-12
8.84638e-12
9.23626e-12
9.60751e-12
9.96102e-12
1.02976e-11
1.06182e-11
1.09234e-11
1.12141e-11
1.14908e-11
1.17544e-11
1.20054e-11
1.22443e-11
1.24719e-11
1.26886e-11
1.2895e-11
1.30915e-11
1.32786e-11
1.53379e-11
1.75995e-11
2.00822e-11
2.28063e-11
2.57932e-11
2.90659e-11
3.26482e-11
3.65648e-11
4.08407e-11
4.55006e-11
5.0568e-11
5.60639e-11
6.20051e-11
6.84021e-11
7.52559e-11
8.25545e-11
9.02682e-11
9.83444e-11
1.06701e-10
1.15219e-10
1.23738e-10
1.32046e-10
1.3988e-10
1.46923e-10
1.52817e-10
1.57175e-10
1.59611e-10
1.59777e-10
1.57413e-10
1.5238e-10
1.44704e-10
1.34576e-10
1.2234e-10
1.08448e-10
9.34022e-11
7.76945e-11
6.17503e-11
4.58908e-11
3.03061e-11
1.50419e-11
1.15259e-33
1.28198e-15
8.66524e-13
1.69072e-12
2.47562e-12
3.22308e-12
3.93487e-12
4.61269e-12
5.25815e-12
5.87278e-12
6.45806e-12
7.01538e-12
7.54607e-12
8.0514e-12
8.53259e-12
8.99078e-12
9.42708e-12
9.84253e-12
1.02381e-11
1.06148e-11
1.09735e-11
1.13151e-11
1.16403e-11
1.195e-11
1.22449e-11
1.25258e-11
1.27932e-11
1.30478e-11
1.32903e-11
1.35212e-11
1.37411e-11
1.39504e-11
1.41498e-11
1.63439e-11
1.87534e-11
2.13983e-11
2.43001e-11
2.74815e-11
3.09667e-11
3.4781e-11
3.89501e-11
4.35005e-11
4.84577e-11
5.38462e-11
5.96871e-11
6.5997e-11
7.27853e-11
8.00508e-11
8.77778e-11
9.59312e-11
1.0445e-10
1.13242e-10
1.22174e-10
1.31068e-10
1.39691e-10
1.47757e-10
1.54923e-10
1.60806e-10
1.64999e-10
1.67102e-10
1.6677e-10
1.63754e-10
1.57953e-10
1.49434e-10
1.38446e-10
1.25385e-10
1.10749e-10
9.50688e-11
7.88485e-11
6.25108e-11
4.63621e-11
3.05712e-11
1.51589e-11
1.05561e-33
1.3605e-15
9.19587e-13
1.79425e-12
2.62721e-12
3.42044e-12
4.17582e-12
4.89513e-12
5.58011e-12
6.23236e-12
6.85346e-12
7.44489e-12
8.00805e-12
8.54431e-12
9.05493e-12
9.54116e-12
1.00041e-11
1.0445e-11
1.08648e-11
1.12645e-11
1.16452e-11
1.20076e-11
1.23527e-11
1.26814e-11
1.29943e-11
1.32923e-11
1.3576e-11
1.38462e-11
1.41035e-11
1.43485e-11
1.45818e-11
1.4804e-11
1.50156e-11
1.73436e-11
1.99001e-11
2.27061e-11
2.57844e-11
2.91589e-11
3.28551e-11
3.68996e-11
4.13194e-11
4.61421e-11
5.13942e-11
5.71007e-11
6.32833e-11
6.99581e-11
7.71331e-11
8.48049e-11
9.29539e-11
1.01539e-10
1.10492e-10
1.19708e-10
1.29041e-10
1.38295e-10
1.47216e-10
1.55493e-10
1.62759e-10
1.68608e-10
1.72611e-10
1.7436e-10
1.7351e-10
1.69833e-10
1.6326e-10
1.53908e-10
1.42079e-10
1.28221e-10
1.12874e-10
9.65943e-11
7.9895e-11
6.31936e-11
4.6781e-11
3.08045e-11
1.52611e-11
9.65815e-34
1.43797e-15
9.71938e-13
1.89639e-12
2.77677e-12
3.61515e-12
4.41352e-12
5.17378e-12
5.89774e-12
6.58711e-12
7.24355e-12
7.86862e-12
8.46383e-12
9.03058e-12
9.57025e-12
1.00841e-11
1.05734e-11
1.10394e-11
1.1483e-11
1.19055e-11
1.23077e-11
1.26908e-11
1.30555e-11
1.34028e-11
1.37336e-11
1.40485e-11
1.43483e-11
1.46339e-11
1.49058e-11
1.51647e-11
1.54113e-11
1.56461e-11
1.58696e-11
1.83298e-11
2.10312e-11
2.39962e-11
2.72484e-11
3.08133e-11
3.47176e-11
3.89889e-11
4.36558e-11
4.87466e-11
5.42891e-11
6.03087e-11
6.68272e-11
7.38603e-11
8.14149e-11
8.94849e-11
9.80468e-11
1.07054e-10
1.16428e-10
1.26056e-10
1.35775e-10
1.45372e-10
1.54571e-10
1.6304e-10
1.70386e-10
1.76178e-10
1.79972e-10
1.81349e-10
1.79971e-10
1.75627e-10
1.68288e-10
1.58119e-10
1.45474e-10
1.30852e-10
1.1483e-10
9.79868e-11
8.0842e-11
6.38058e-11
4.71529e-11
3.10095e-11
1.53501e-11
8.82893e-34
1.51389e-15
1.02324e-12
1.99649e-12
2.92334e-12
3.80597e-12
4.64647e-12
5.44685e-12
6.20901e-12
6.93476e-12
7.62583e-12
8.28388e-12
8.91048e-12
9.50713e-12
1.00753e-11
1.06162e-11
1.11313e-11
1.16218e-11
1.20889e-11
1.25336e-11
1.29571e-11
1.33603e-11
1.37442e-11
1.41099e-11
1.4458e-11
1.47895e-11
1.51052e-11
1.54058e-11
1.5692e-11
1.59645e-11
1.62241e-11
1.64712e-11
1.67066e-11
1.92962e-11
2.21396e-11
2.52602e-11
2.86829e-11
3.24343e-11
3.65423e-11
4.10358e-11
4.59444e-11
5.12977e-11
5.71241e-11
6.34497e-11
7.02964e-11
7.76794e-11
8.56042e-11
9.4062e-11
1.03025e-10
1.12441e-10
1.22224e-10
1.32247e-10
1.42336e-10
1.52258e-10
1.61718e-10
1.70358e-10
1.77764e-10
1.83482e-10
1.8705e-10
1.88044e-10
1.8613e-10
1.81124e-10
1.7303e-10
1.62065e-10
1.48635e-10
1.33284e-10
1.16625e-10
9.92549e-11
8.16973e-11
6.43538e-11
4.74826e-11
3.11897e-11
1.54278e-11
8.06487e-34
1.58784e-15
1.07321e-12
2.09399e-12
3.06609e-12
3.99182e-12
4.87336e-12
5.71282e-12
6.51218e-12
7.27335e-12
7.99815e-12
8.68832e-12
9.34549e-12
9.97126e-12
1.05671e-11
1.11345e-11
1.16747e-11
1.21891e-11
1.26789e-11
1.31454e-11
1.35895e-11
1.40123e-11
1.4415e-11
1.47985e-11
1.51636e-11
1.55112e-11
1.58423e-11
1.61575e-11
1.64577e-11
1.67435e-11
1.70157e-11
1.72749e-11
1.75217e-11
2.02374e-11
2.32191e-11
2.64912e-11
3.00799e-11
3.40128e-11
3.83191e-11
4.30287e-11
4.81726e-11
5.37811e-11
5.98835e-11
6.65065e-11
7.3672e-11
8.13946e-11
8.96781e-11
9.85115e-11
1.07863e-10
1.17673e-10
1.27848e-10
1.38251e-10
1.48692e-10
1.58921e-10
1.68623e-10
1.77416e-10
1.84864e-10
1.90491e-10
1.93821e-10
1.94424e-10
1.91976e-10
1.86314e-10
1.77485e-10
1.6575e-10
1.51568e-10
1.35526e-10
1.18268e-10
1.00408e-10
8.24689e-11
6.48441e-11
4.7775e-11
3.1348e-11
1.54955e-11
7.36218e-34
1.65946e-15
1.1216e-12
2.18841e-12
3.20434e-12
4.1718e-12
5.09309e-12
5.97039e-12
6.80578e-12
7.60126e-12
8.35873e-12
9.08e-12
9.76678e-12
1.04207e-11
1.10434e-11
1.16364e-11
1.22009e-11
1.27385e-11
1.32504e-11
1.37378e-11
1.42019e-11
1.46438e-11
1.50646e-11
1.54653e-11
1.58468e-11
1.62101e-11
1.65561e-11
1.68855e-11
1.71992e-11
1.74979e-11
1.77823e-11
1.80531e-11
1.8311e-11
2.11488e-11
2.42644e-11
2.76833e-11
3.14326e-11
3.55412e-11
4.00394e-11
4.49582e-11
5.03296e-11
5.6185e-11
6.25543e-11
6.94647e-11
7.6938e-11
8.49883e-11
9.3618e-11
1.02813e-10
1.12538e-10
1.22727e-10
1.33278e-10
1.44043e-10
1.54817e-10
1.65335e-10
1.7526e-10
1.84189e-10
1.91662e-10
1.97186e-10
2.0027e-10
2.00479e-10
1.97501e-10
1.91198e-10
1.81654e-10
1.69181e-10
1.54282e-10
1.37588e-10
1.1977e-10
1.01454e-10
8.31642e-11
6.52824e-11
4.80342e-11
3.14871e-11
1.55546e-11
6.71699e-34
1.72845e-15
1.16822e-12
2.27937e-12
3.33753e-12
4.3452e-12
5.30478e-12
6.21853e-12
7.08863e-12
7.91717e-12
8.7061e-12
9.45733e-12
1.01726e-11
1.08538e-11
1.15023e-11
1.21198e-11
1.27079e-11
1.32678e-11
1.38009e-11
1.43085e-11
1.47919e-11
1.52521e-11
1.56904e-11
1.61077e-11
1.65051e-11
1.68834e-11
1.72437e-11
1.75868e-11
1.79135e-11
1.82246e-11
1.85208e-11
1.88029e-11
1.90715e-11
2.20268e-11
2.52714e-11
2.88315e-11
3.27356e-11
3.70134e-11
4.16963e-11
4.68166e-11
5.24069e-11
5.84998e-11
6.51259e-11
7.23126e-11
8.00818e-11
8.84469e-11
9.74086e-11
1.0695e-10
1.17032e-10
1.27583e-10
1.38492e-10
1.49601e-10
1.60691e-10
1.71478e-10
1.81608e-10
1.90657e-10
1.98143e-10
2.03554e-10
2.06385e-10
2.06203e-10
2.02703e-10
1.95776e-10
1.85544e-10
1.72364e-10
1.56787e-10
1.39481e-10
1.2114e-10
1.02403e-10
8.37904e-11
6.56743e-11
4.8264e-11
3.16094e-11
1.56061e-11
6.12542e-34
1.7946e-15
1.21292e-12
2.36657e-12
3.46522e-12
4.51144e-12
5.50772e-12
6.45643e-12
7.35981e-12
8.22003e-12
9.03914e-12
9.81909e-12
1.05617e-11
1.12689e-11
1.19422e-11
1.25834e-11
1.31939e-11
1.37752e-11
1.43287e-11
1.48557e-11
1.53575e-11
1.58354e-11
1.62903e-11
1.67236e-11
1.71361e-11
1.75289e-11
1.7903e-11
1.82592e-11
1.85983e-11
1.89213e-11
1.92288e-11
1.95216e-11
1.98005e-11
2.28685e-11
2.62367e-11
2.99323e-11
3.39847e-11
3.84247e-11
4.32846e-11
4.85977e-11
5.43979e-11
6.07182e-11
6.75901e-11
7.50412e-11
8.30935e-11
9.17594e-11
1.01038e-10
1.10911e-10
1.21333e-10
1.32228e-10
1.43478e-10
1.54911e-10
1.66298e-10
1.77337e-10
1.87656e-10
1.96809e-10
2.04296e-10
2.09585e-10
2.12163e-10
2.11594e-10
2.07586e-10
2.00055e-10
1.89164e-10
1.75312e-10
1.59095e-10
1.41215e-10
1.22388e-10
1.03262e-10
8.43541e-11
6.60245e-11
4.84678e-11
3.17169e-11
1.56511e-11
4.39124e-34
1.8291e-15
1.23623e-12
2.41205e-12
3.53181e-12
4.59813e-12
5.61355e-12
6.58048e-12
7.50122e-12
8.37796e-12
9.2128e-12
1.00077e-11
1.07647e-11
1.14854e-11
1.21717e-11
1.28251e-11
1.34473e-11
1.40398e-11
1.46039e-11
1.5141e-11
1.56525e-11
1.61395e-11
1.66032e-11
1.70448e-11
1.74652e-11
1.78656e-11
1.82468e-11
1.86098e-11
1.89554e-11
1.92846e-11
1.9598e-11
1.98964e-11
2.01806e-11
2.33075e-11
2.67401e-11
3.05063e-11
3.4636e-11
3.91605e-11
4.41127e-11
4.95264e-11
5.54359e-11
6.18747e-11
6.88746e-11
7.64635e-11
8.46631e-11
9.34856e-11
1.02929e-10
1.12974e-10
1.23573e-10
1.34647e-10
1.46072e-10
1.57673e-10
1.69212e-10
1.80381e-10
1.90795e-10
1.99999e-10
2.07481e-10
2.12703e-10
2.15144e-10
2.14369e-10
2.10092e-10
2.02246e-10
1.9101e-10
1.76811e-10
1.60264e-10
1.4209e-10
1.23016e-10
1.03692e-10
8.46348e-11
6.61981e-11
4.85682e-11
3.17696e-11
1.5673e-11
-5.42955e-34
1.85533e-15
1.25395e-12
2.44664e-12
3.58245e-12
4.66406e-12
5.69404e-12
6.67484e-12
7.60877e-12
8.49808e-12
9.34489e-12
1.01512e-11
1.0919e-11
1.165e-11
1.23461e-11
1.30089e-11
1.36401e-11
1.4241e-11
1.48132e-11
1.5358e-11
1.58768e-11
1.63708e-11
1.68411e-11
1.7289e-11
1.77155e-11
1.81216e-11
1.85082e-11
1.88764e-11
1.9227e-11
1.95609e-11
1.98788e-11
2.01815e-11
2.04697e-11
2.36413e-11
2.71229e-11
3.09429e-11
3.51313e-11
3.97201e-11
4.47425e-11
5.02326e-11
5.62252e-11
6.27542e-11
6.98514e-11
7.75449e-11
8.58565e-11
9.47979e-11
1.04367e-10
1.14542e-10
1.25275e-10
1.36484e-10
1.48043e-10
1.59771e-10
1.71425e-10
1.8269e-10
1.93175e-10
2.02416e-10
2.09893e-10
2.15061e-10
2.17396e-10
2.16461e-10
2.11979e-10
2.03891e-10
1.92393e-10
1.7793e-10
1.61133e-10
1.42737e-10
1.23477e-10
1.04006e-10
8.48377e-11
6.6322e-11
4.86387e-11
3.18059e-11
1.56879e-11
-2.09161e-33
1.8954e-15
1.28103e-12
2.49947e-12
3.6598e-12
4.76477e-12
5.81698e-12
6.81895e-12
7.77305e-12
8.68155e-12
9.54663e-12
1.03703e-11
1.11547e-11
1.19015e-11
1.26126e-11
1.32897e-11
1.39345e-11
1.45484e-11
1.51329e-11
1.56895e-11
1.62194e-11
1.67241e-11
1.72046e-11
1.76621e-11
1.80977e-11
1.85126e-11
1.89076e-11
1.92837e-11
1.96418e-11
1.99829e-11
2.03076e-11
2.06169e-11
2.09113e-11
2.41511e-11
2.77076e-11
3.16096e-11
3.58878e-11
4.05747e-11
4.57042e-11
5.13111e-11
5.74306e-11
6.4097e-11
7.13427e-11
7.91959e-11
8.76781e-11
9.68008e-11
1.06561e-10
1.16935e-10
1.27872e-10
1.39286e-10
1.51046e-10
1.62966e-10
1.74793e-10
1.86203e-10
1.96792e-10
2.06084e-10
2.13548e-10
2.18627e-10
2.20792e-10
2.19608e-10
2.14803e-10
2.06339e-10
1.94437e-10
1.79568e-10
1.6239e-10
1.43658e-10
1.24119e-10
1.0443e-10
8.51006e-11
6.64735e-11
4.87184e-11
3.18429e-11
1.57014e-11
-2.67646e-33
1.91618e-15
1.29507e-12
2.52686e-12
3.69991e-12
4.81698e-12
5.88073e-12
6.89367e-12
7.85822e-12
8.77667e-12
9.65123e-12
1.0484e-11
1.12769e-11
1.20319e-11
1.27508e-11
1.34353e-11
1.40871e-11
1.47077e-11
1.52986e-11
1.58613e-11
1.63971e-11
1.69072e-11
1.7393e-11
1.78555e-11
1.82959e-11
1.87153e-11
1.91146e-11
1.94948e-11
1.98569e-11
2.02017e-11
2.053e-11
2.08426e-11
2.11403e-11
2.44154e-11
2.80107e-11
3.19552e-11
3.62799e-11
4.10177e-11
4.62027e-11
5.187e-11
5.80551e-11
6.47927e-11
7.21152e-11
8.00508e-11
8.86211e-11
9.78373e-11
1.07695e-10
1.18171e-10
1.29213e-10
1.40732e-10
1.52595e-10
1.64611e-10
1.76525e-10
1.88004e-10
1.98642e-10
2.07954e-10
2.15403e-10
2.20427e-10
2.22494e-10
2.21169e-10
2.16187e-10
2.07519e-10
1.954e-10
1.80316e-10
1.6294e-10
1.44037e-10
1.2436e-10
1.04567e-10
8.51665e-11
6.64952e-11
4.87172e-11
3.1834e-11
1.56945e-11
-2.43223e-33
1.92194e-15
1.29896e-12
2.53445e-12
3.71102e-12
4.83144e-12
5.89838e-12
6.91437e-12
7.88181e-12
8.80302e-12
9.68019e-12
1.05154e-11
1.13107e-11
1.2068e-11
1.27891e-11
1.34756e-11
1.41294e-11
1.47518e-11
1.53445e-11
1.59089e-11
1.64463e-11
1.69579e-11
1.74451e-11
1.79091e-11
1.83508e-11
1.87714e-11
1.91719e-11
1.95533e-11
1.99165e-11
2.02623e-11
2.05915e-11
2.09051e-11
2.12037e-11
2.44886e-11
2.80946e-11
3.20508e-11
3.63884e-11
4.11402e-11
4.63405e-11
5.20244e-11
5.82276e-11
6.49846e-11
7.2328e-11
8.02861e-11
8.88803e-11
9.81215e-11
1.08006e-10
1.18509e-10
1.29577e-10
1.41123e-10
1.53011e-10
1.65051e-10
1.76983e-10
1.88476e-10
1.99119e-10
2.08428e-10
2.15861e-10
2.20857e-10
2.22883e-10
2.21504e-10
2.16459e-10
2.07721e-10
1.95532e-10
1.80381e-10
1.62949e-10
1.44002e-10
1.24295e-10
1.04487e-10
8.50835e-11
6.64191e-11
4.86552e-11
3.17906e-11
1.56723e-11
-2.20824e-33
1.91626e-15
1.29512e-12
2.52696e-12
3.70005e-12
4.81717e-12
5.88096e-12
6.89394e-12
7.85853e-12
8.77702e-12
9.6516e-12
1.04844e-11
1.12773e-11
1.20324e-11
1.27513e-11
1.34358e-11
1.40876e-11
1.47083e-11
1.52992e-11
1.58619e-11
1.63977e-11
1.69079e-11
1.73936e-11
1.78562e-11
1.82966e-11
1.8716e-11
1.91153e-11
1.94956e-11
1.98576e-11
2.02024e-11
2.05307e-11
2.08433e-11
2.1141e-11
2.44163e-11
2.80116e-11
3.19562e-11
3.6281e-11
4.10188e-11
4.62038e-11
5.1871e-11
5.80559e-11
6.47931e-11
7.21151e-11
8.00499e-11
8.86191e-11
9.78335e-11
1.07689e-10
1.18162e-10
1.29199e-10
1.40712e-10
1.52567e-10
1.64573e-10
1.76474e-10
1.87937e-10
1.98553e-10
2.0784e-10
2.15259e-10
2.20248e-10
2.22276e-10
2.2091e-10
2.15888e-10
2.07183e-10
1.95035e-10
1.79932e-10
1.6255e-10
1.43656e-10
1.24002e-10
1.04245e-10
8.48899e-11
6.62707e-11
4.85485e-11
3.17221e-11
1.5639e-11
-2.00352e-33
1.90211e-15
1.28555e-12
2.5083e-12
3.67273e-12
4.7816e-12
5.83753e-12
6.84303e-12
7.80049e-12
8.7122e-12
9.58033e-12
1.0407e-11
1.11941e-11
1.19435e-11
1.26571e-11
1.33366e-11
1.39836e-11
1.45997e-11
1.51863e-11
1.57448e-11
1.62766e-11
1.6783e-11
1.72652e-11
1.77243e-11
1.81615e-11
1.85778e-11
1.89742e-11
1.93517e-11
1.97111e-11
2.00533e-11
2.03792e-11
2.06895e-11
2.0985e-11
2.42361e-11
2.7805e-11
3.17205e-11
3.60136e-11
4.07166e-11
4.58635e-11
5.14893e-11
5.76292e-11
6.43174e-11
7.15864e-11
7.94642e-11
8.7972e-11
9.71211e-11
1.06908e-10
1.17308e-10
1.2827e-10
1.39707e-10
1.51485e-10
1.63417e-10
1.75247e-10
1.86649e-10
1.97215e-10
2.06467e-10
2.13871e-10
2.18869e-10
2.20933e-10
2.19629e-10
2.14695e-10
2.06099e-10
1.94074e-10
1.79103e-10
1.61852e-10
1.43082e-10
1.23542e-10
1.03885e-10
8.46162e-11
6.60703e-11
4.84098e-11
3.16357e-11
1.55978e-11
-1.81689e-33
1.88187e-15
1.27188e-12
2.48161e-12
3.63366e-12
4.73073e-12
5.77543e-12
6.77024e-12
7.71752e-12
8.61953e-12
9.47843e-12
1.02963e-11
1.1075e-11
1.18165e-11
1.25225e-11
1.31948e-11
1.38349e-11
1.44444e-11
1.50248e-11
1.55774e-11
1.61035e-11
1.66046e-11
1.70816e-11
1.75359e-11
1.79684e-11
1.83803e-11
1.87725e-11
1.91459e-11
1.95015e-11
1.98401e-11
2.01625e-11
2.04695e-11
2.07619e-11
2.39785e-11
2.75095e-11
3.13836e-11
3.56312e-11
4.02845e-11
4.53772e-11
5.09439e-11
5.70193e-11
6.36377e-11
7.08311e-11
7.86275e-11
8.70481e-11
9.61043e-11
1.05793e-10
1.1609e-10
1.26946e-10
1.38274e-10
1.49945e-10
1.61773e-10
1.73506e-10
1.84823e-10
1.95322e-10
2.04531e-10
2.1192e-10
2.16939e-10
2.19061e-10
2.17855e-10
2.13055e-10
2.04624e-10
1.92783e-10
1.78003e-10
1.60941e-10
1.42347e-10
1.22964e-10
1.03442e-10
8.42867e-11
6.58339e-11
4.82493e-11
3.15372e-11
1.55512e-11
-1.6471e-33
1.85745e-15
1.25538e-12
2.44942e-12
3.58652e-12
4.66937e-12
5.70052e-12
6.68242e-12
7.61742e-12
8.50774e-12
9.3555e-12
1.01627e-11
1.09314e-11
1.16632e-11
1.23601e-11
1.30237e-11
1.36555e-11
1.42571e-11
1.48299e-11
1.53754e-11
1.58948e-11
1.63893e-11
1.68602e-11
1.73085e-11
1.77355e-11
1.8142e-11
1.85291e-11
1.88977e-11
1.92487e-11
1.95829e-11
1.99012e-11
2.02042e-11
2.04928e-11
2.36678e-11
2.71532e-11
3.09772e-11
3.517e-11
3.97634e-11
4.47907e-11
5.0286e-11
5.62838e-11
6.2818e-11
6.99203e-11
7.76186e-11
8.59341e-11
9.48783e-11
1.04448e-10
1.14622e-10
1.2535e-10
1.36549e-10
1.48091e-10
1.59794e-10
1.71412e-10
1.82628e-10
1.93048e-10
2.02207e-10
2.09582e-10
2.14629e-10
2.16827e-10
2.15744e-10
2.1111e-10
2.02881e-10
1.91265e-10
1.76719e-10
1.59886e-10
1.41503e-10
1.22306e-10
1.02944e-10
8.39202e-11
6.55741e-11
4.80747e-11
3.1431e-11
1.55014e-11
-1.49285e-33
1.83036e-15
1.23707e-12
2.41371e-12
3.53423e-12
4.60128e-12
5.6174e-12
6.58499e-12
7.50636e-12
8.38369e-12
9.2191e-12
1.00146e-11
1.0772e-11
1.14932e-11
1.21799e-11
1.28338e-11
1.34564e-11
1.40493e-11
1.46138e-11
1.51513e-11
1.56631e-11
1.61504e-11
1.66144e-11
1.70563e-11
1.7477e-11
1.78776e-11
1.82591e-11
1.86223e-11
1.89682e-11
1.92975e-11
1.96112e-11
1.99098e-11
2.01942e-11
2.3323e-11
2.67577e-11
3.05263e-11
3.46583e-11
3.91852e-11
4.41399e-11
4.9556e-11
5.54678e-11
6.19085e-11
6.89099e-11
7.64994e-11
8.46983e-11
9.35185e-11
1.02958e-10
1.12994e-10
1.23581e-10
1.34636e-10
1.46035e-10
1.576e-10
1.69092e-10
1.80197e-10
1.90531e-10
1.99635e-10
2.06997e-10
2.12078e-10
2.14361e-10
2.13416e-10
2.0897e-10
2.00967e-10
1.89604e-10
1.75318e-10
1.58739e-10
1.4059e-10
1.216e-10
1.02412e-10
8.35319e-11
6.53007e-11
4.78923e-11
3.13207e-11
1.54499e-11
-1.3529e-33
1.80176e-15
1.21775e-12
2.376e-12
3.47901e-12
4.5294e-12
5.52964e-12
6.48212e-12
7.3891e-12
8.25273e-12
9.07509e-12
9.85814e-12
1.06037e-11
1.13137e-11
1.19897e-11
1.26334e-11
1.32463e-11
1.38299e-11
1.43856e-11
1.49147e-11
1.54185e-11
1.58982e-11
1.6355e-11
1.67899e-11
1.72041e-11
1.75985e-11
1.7974e-11
1.83316e-11
1.86721e-11
1.89963e-11
1.9305e-11
1.9599e-11
1.98789e-11
2.2959e-11
2.63403e-11
3.00502e-11
3.4118e-11
3.85748e-11
4.34528e-11
4.87854e-11
5.46062e-11
6.09484e-11
6.78431e-11
7.53178e-11
8.33938e-11
9.2083e-11
1.01384e-10
1.11276e-10
1.21713e-10
1.32617e-10
1.43866e-10
1.55286e-10
1.66643e-10
1.77633e-10
1.87876e-10
1.96924e-10
2.04272e-10
2.09389e-10
2.11764e-10
2.10967e-10
2.06721e-10
1.98958e-10
1.87862e-10
1.73853e-10
1.57542e-10
1.39641e-10
1.20868e-10
1.01864e-10
8.31332e-11
6.50214e-11
4.77069e-11
3.1209e-11
1.53979e-11
-5.12753e-34
1.7716e-15
1.19737e-12
2.33624e-12
3.4208e-12
4.45361e-12
5.43712e-12
6.37366e-12
7.26546e-12
8.11465e-12
8.92325e-12
9.6932e-12
1.04263e-11
1.11244e-11
1.17891e-11
1.24221e-11
1.30247e-11
1.35985e-11
1.41449e-11
1.46652e-11
1.51606e-11
1.56323e-11
1.60815e-11
1.65091e-11
1.69164e-11
1.73042e-11
1.76734e-11
1.8025e-11
1.83598e-11
1.86786e-11
1.89822e-11
1.92713e-11
1.95465e-11
2.25752e-11
2.59001e-11
2.95482e-11
3.35484e-11
3.79312e-11
4.27284e-11
4.79729e-11
5.36979e-11
5.99361e-11
6.67183e-11
7.4072e-11
8.20182e-11
9.05693e-11
9.97243e-11
1.09464e-10
1.19744e-10
1.30487e-10
1.41577e-10
1.52845e-10
1.6406e-10
1.74927e-10
1.85074e-10
1.94062e-10
2.01395e-10
2.0655e-10
2.09021e-10
2.08379e-10
2.04342e-10
1.96834e-10
1.86019e-10
1.72302e-10
1.56276e-10
1.38637e-10
1.20094e-10
1.01284e-10
8.27127e-11
6.47273e-11
4.75118e-11
3.10917e-11
1.53433e-11
2.72525e-34
1.73914e-15
1.17544e-12
2.29344e-12
3.35813e-12
4.37203e-12
5.33752e-12
6.25691e-12
7.13238e-12
7.96602e-12
8.75982e-12
9.51567e-12
1.02354e-11
1.09207e-11
1.15732e-11
1.21946e-11
1.27862e-11
1.33495e-11
1.38859e-11
1.43967e-11
1.4883e-11
1.53461e-11
1.5787e-11
1.62069e-11
1.66067e-11
1.69874e-11
1.73499e-11
1.7695e-11
1.80237e-11
1.83367e-11
1.86347e-11
1.89185e-11
1.91887e-11
2.21621e-11
2.54262e-11
2.90078e-11
3.29352e-11
3.72383e-11
4.19485e-11
4.70981e-11
5.27199e-11
5.88462e-11
6.55073e-11
7.27305e-11
8.0537e-11
8.89393e-11
9.7937e-11
1.07512e-10
1.17622e-10
1.28193e-10
1.39111e-10
1.50213e-10
1.61275e-10
1.72008e-10
1.8205e-10
1.90971e-10
1.98286e-10
2.03479e-10
2.06051e-10
2.05574e-10
2.0176e-10
1.94524e-10
1.84012e-10
1.70611e-10
1.54892e-10
1.37538e-10
1.19246e-10
1.00648e-10
8.22504e-11
6.44036e-11
4.72969e-11
3.09624e-11
1.52831e-11
2.98623e-34
1.70427e-15
1.15187e-12
2.24747e-12
3.29082e-12
4.28439e-12
5.23054e-12
6.1315e-12
6.98943e-12
7.80636e-12
8.58425e-12
9.32496e-12
1.00303e-11
1.07018e-11
1.13413e-11
1.19502e-11
1.253e-11
1.3082e-11
1.36077e-11
1.41082e-11
1.45848e-11
1.50386e-11
1.54707e-11
1.58822e-11
1.6274e-11
1.6647e-11
1.70023e-11
1.73405e-11
1.76627e-11
1.79694e-11
1.82614e-11
1.85395e-11
1.88044e-11
2.17183e-11
2.49172e-11
2.84274e-11
3.22765e-11
3.6494e-11
4.11107e-11
4.61584e-11
5.16693e-11
5.76752e-11
6.42062e-11
7.12892e-11
7.89454e-11
8.71875e-11
9.6016e-11
1.05414e-10
1.15341e-10
1.25726e-10
1.36459e-10
1.47382e-10
1.58277e-10
1.68865e-10
1.78792e-10
1.87639e-10
1.94931e-10
2.00163e-10
2.02839e-10
2.02536e-10
1.98961e-10
1.92015e-10
1.81829e-10
1.68767e-10
1.53381e-10
1.36336e-10
1.18317e-10
9.99504e-11
8.17423e-11
6.40473e-11
4.70602e-11
3.08198e-11
1.52167e-11
3.27085e-34
1.6669e-15
1.12662e-12
2.1982e-12
3.21868e-12
4.19047e-12
5.11587e-12
5.99709e-12
6.83621e-12
7.63524e-12
8.39609e-12
9.12057e-12
9.81041e-12
1.04673e-11
1.10927e-11
1.16883e-11
1.22554e-11
1.27953e-11
1.33095e-11
1.3799e-11
1.42652e-11
1.47091e-11
1.51317e-11
1.55342e-11
1.59174e-11
1.62823e-11
1.66298e-11
1.69606e-11
1.72757e-11
1.75757e-11
1.78614e-11
1.81334e-11
1.83924e-11
2.12426e-11
2.43717e-11
2.78052e-11
3.15705e-11
3.56962e-11
4.02127e-11
4.51511e-11
5.05431e-11
5.64199e-11
6.28113e-11
6.97439e-11
7.72388e-11
8.53092e-11
9.3956e-11
1.03164e-10
1.12894e-10
1.23079e-10
1.33613e-10
1.44342e-10
1.55058e-10
1.65488e-10
1.75289e-10
1.84054e-10
1.91319e-10
1.96588e-10
1.99373e-10
1.99253e-10
1.9593e-10
1.89294e-10
1.79456e-10
1.66759e-10
1.51732e-10
1.35021e-10
1.17298e-10
9.91843e-11
8.11837e-11
6.36551e-11
4.67993e-11
3.06625e-11
1.51434e-11
2.01243e-34
1.66034e-15
1.12219e-12
2.18955e-12
3.20601e-12
4.17397e-12
5.09574e-12
5.97349e-12
6.80931e-12
7.60519e-12
8.36304e-12
9.08467e-12
9.7718e-12
1.04261e-11
1.10491e-11
1.16423e-11
1.22071e-11
1.2745e-11
1.32571e-11
1.37447e-11
1.42091e-11
1.46512e-11
1.50722e-11
1.54731e-11
1.58548e-11
1.62182e-11
1.65643e-11
1.68939e-11
1.72077e-11
1.75066e-11
1.77911e-11
1.80621e-11
1.83201e-11
2.11591e-11
2.42759e-11
2.7696e-11
3.14465e-11
3.55561e-11
4.0055e-11
4.49742e-11
5.03453e-11
5.61995e-11
6.25664e-11
6.94725e-11
7.69391e-11
8.49792e-11
9.35941e-11
1.02768e-10
1.12464e-10
1.22614e-10
1.33112e-10
1.43808e-10
1.54492e-10
1.64894e-10
1.74673e-10
1.83423e-10
1.90683e-10
1.95958e-10
1.98762e-10
1.98674e-10
1.95395e-10
1.88812e-10
1.79036e-10
1.66403e-10
1.51439e-10
1.34787e-10
1.17117e-10
9.90478e-11
8.10841e-11
6.35851e-11
4.67527e-11
3.06344e-11
1.51303e-11
1.87223e-34
1.62695e-15
1.09962e-12
2.14552e-12
3.14155e-12
4.09005e-12
4.99328e-12
5.85339e-12
6.67241e-12
7.4523e-12
8.19492e-12
8.90204e-12
9.57536e-12
1.02165e-11
1.0827e-11
1.14083e-11
1.19618e-11
1.24888e-11
1.29907e-11
1.34685e-11
1.39235e-11
1.43568e-11
1.47693e-11
1.51621e-11
1.55362e-11
1.58923e-11
1.62315e-11
1.65544e-11
1.6862e-11
1.71548e-11
1.74336e-11
1.76992e-11
1.7952e-11
2.07341e-11
2.37884e-11
2.71401e-11
3.08156e-11
3.48432e-11
3.92525e-11
4.4074e-11
4.93388e-11
5.50776e-11
6.13197e-11
6.80913e-11
7.54136e-11
8.32999e-11
9.17522e-11
1.00756e-10
1.10275e-10
1.20246e-10
1.30565e-10
1.41086e-10
1.51608e-10
1.61867e-10
1.71532e-10
1.80206e-10
1.87437e-10
1.92741e-10
1.9564e-10
1.95711e-10
1.92655e-10
1.86347e-10
1.76881e-10
1.64575e-10
1.49934e-10
1.33584e-10
1.16183e-10
9.83439e-11
8.057e-11
6.32235e-11
4.65119e-11
3.0489e-11
1.50625e-11
3.61463e-34
1.58434e-15
1.07084e-12
2.08935e-12
3.05931e-12
3.98298e-12
4.86257e-12
5.70016e-12
6.49775e-12
7.25723e-12
7.98041e-12
8.66904e-12
9.32474e-12
9.9491e-12
1.05436e-11
1.11097e-11
1.16487e-11
1.2162e-11
1.26507e-11
1.31161e-11
1.35592e-11
1.39811e-11
1.43828e-11
1.47654e-11
1.51297e-11
1.54765e-11
1.58068e-11
1.61213e-11
1.64208e-11
1.6706e-11
1.69776e-11
1.72361e-11
1.74824e-11
2.01918e-11
2.31665e-11
2.64308e-11
3.00106e-11
3.39336e-11
3.82286e-11
4.29254e-11
4.80545e-11
5.3646e-11
5.97287e-11
6.63285e-11
7.34665e-11
8.11564e-11
8.94007e-11
9.81866e-11
1.0748e-10
1.1722e-10
1.2731e-10
1.37608e-10
1.47921e-10
1.57994e-10
1.6751e-10
1.76083e-10
1.83275e-10
1.88612e-10
1.91626e-10
1.91897e-10
1.8912e-10
1.8316e-10
1.7409e-10
1.62202e-10
1.47977e-10
1.32016e-10
1.14963e-10
9.74224e-11
7.98957e-11
6.27486e-11
4.61952e-11
3.02977e-11
1.49732e-11
4.28511e-34
1.53905e-15
1.04023e-12
2.02964e-12
2.97187e-12
3.86915e-12
4.72361e-12
5.53726e-12
6.31206e-12
7.04984e-12
7.75236e-12
8.42132e-12
9.05829e-12
9.66482e-12
1.02424e-11
1.07923e-11
1.13159e-11
1.18145e-11
1.22893e-11
1.27413e-11
1.31718e-11
1.35817e-11
1.3972e-11
1.43436e-11
1.46975e-11
1.50345e-11
1.53553e-11
1.56609e-11
1.59518e-11
1.62289e-11
1.64927e-11
1.67439e-11
1.69831e-11
1.96153e-11
2.25052e-11
2.56766e-11
2.91548e-11
3.29665e-11
3.71398e-11
4.17041e-11
4.66888e-11
5.21236e-11
5.80367e-11
6.44536e-11
7.13954e-11
7.8876e-11
8.68987e-11
9.54522e-11
1.04505e-10
1.13999e-10
1.23843e-10
1.33901e-10
1.4399e-10
1.53864e-10
1.63217e-10
1.71678e-10
1.78823e-10
1.8419e-10
1.8732e-10
1.87797e-10
1.85314e-10
1.7972e-10
1.7107e-10
1.59627e-10
1.45847e-10
1.30305e-10
1.13629e-10
9.64125e-11
7.91552e-11
6.22262e-11
4.58462e-11
3.00866e-11
1.48746e-11
4.68314e-34
1.49106e-15
1.0078e-12
1.96636e-12
2.87921e-12
3.74852e-12
4.57633e-12
5.36462e-12
6.11527e-12
6.83005e-12
7.51068e-12
8.15878e-12
8.77591e-12
9.36354e-12
9.92308e-12
1.04559e-11
1.09632e-11
1.14463e-11
1.19062e-11
1.23442e-11
1.27613e-11
1.31584e-11
1.35365e-11
1.38966e-11
1.42395e-11
1.45659e-11
1.48768e-11
1.51729e-11
1.54547e-11
1.57232e-11
1.59788e-11
1.62222e-11
1.64539e-11
1.90042e-11
2.18044e-11
2.48773e-11
2.82477e-11
3.19414e-11
3.59859e-11
4.04095e-11
4.52412e-11
5.05097e-11
5.62429e-11
6.24657e-11
6.91993e-11
7.64576e-11
8.42449e-11
9.25514e-11
1.01348e-10
1.1058e-10
1.20162e-10
1.29964e-10
1.39811e-10
1.4947e-10
1.58647e-10
1.66985e-10
1.74073e-10
1.79466e-10
1.82712e-10
1.83402e-10
1.81223e-10
1.76014e-10
1.67807e-10
1.56838e-10
1.43532e-10
1.28441e-10
1.12172e-10
9.53063e-11
7.83424e-11
6.16515e-11
4.54617e-11
2.98537e-11
1.47657e-11
5.11443e-34
1.44036e-15
9.73541e-13
1.89952e-12
2.78135e-12
3.62111e-12
4.42079e-12
5.18229e-12
5.90742e-12
6.59792e-12
7.25542e-12
7.88151e-12
8.47767e-12
9.04534e-12
9.58587e-12
1.01006e-11
1.05907e-11
1.10573e-11
1.15017e-11
1.19248e-11
1.23277e-11
1.27113e-11
1.30766e-11
1.34245e-11
1.37557e-11
1.40711e-11
1.43714e-11
1.46574e-11
1.49298e-11
1.51891e-11
1.5436e-11
1.56711e-11
1.58951e-11
1.83589e-11
2.10642e-11
2.40331e-11
2.72895e-11
3.08586e-11
3.47669e-11
3.90419e-11
4.37119e-11
4.88047e-11
5.43476e-11
6.03652e-11
6.68784e-11
7.39016e-11
8.14396e-11
8.94842e-11
9.8009e-11
1.06963e-10
1.16265e-10
1.25795e-10
1.35384e-10
1.44812e-10
1.53798e-10
1.61999e-10
1.69021e-10
1.74433e-10
1.77794e-10
1.78701e-10
1.76838e-10
1.72031e-10
1.64289e-10
1.53821e-10
1.41021e-10
1.26413e-10
1.10581e-10
9.40956e-11
7.74504e-11
6.10196e-11
4.50381e-11
2.95968e-11
1.46455e-11
5.58087e-34
1.38702e-15
9.37496e-13
1.82919e-12
2.67837e-12
3.48704e-12
4.25712e-12
4.99043e-12
5.68873e-12
6.35367e-12
6.98684e-12
7.58975e-12
8.16385e-12
8.71052e-12
9.23105e-12
9.72671e-12
1.01987e-11
1.06481e-11
1.1076e-11
1.14835e-11
1.18715e-11
1.22409e-11
1.25927e-11
1.29277e-11
1.32467e-11
1.35504e-11
1.38397e-11
1.41151e-11
1.43773e-11
1.46271e-11
1.48649e-11
1.50913e-11
1.5307e-11
1.76798e-11
2.02853e-11
2.31448e-11
2.62813e-11
2.97191e-11
3.34841e-11
3.76027e-11
4.21023e-11
4.70101e-11
5.23525e-11
5.81539e-11
6.44348e-11
7.12099e-11
7.84848e-11
8.62529e-11
9.44903e-11
1.0315e-10
1.12156e-10
1.21395e-10
1.3071e-10
1.3989e-10
1.48668e-10
1.56719e-10
1.63664e-10
1.69087e-10
1.7256e-10
1.73686e-10
1.72148e-10
1.67758e-10
1.60503e-10
1.50565e-10
1.38301e-10
1.24208e-10
1.08846e-10
9.27715e-11
7.64724e-11
6.0325e-11
4.45716e-11
2.93134e-11
1.45128e-11
6.08428e-34
1.33112e-15
8.99722e-13
1.75549e-12
2.57045e-12
3.34654e-12
4.0856e-12
4.78937e-12
5.45953e-12
6.09769e-12
6.70536e-12
7.28399e-12
7.83497e-12
8.35963e-12
8.8592e-12
9.3349e-12
9.78787e-12
1.02192e-11
1.06299e-11
1.1021e-11
1.13933e-11
1.17479e-11
1.20856e-11
1.24071e-11
1.27132e-11
1.30047e-11
1.32823e-11
1.35467e-11
1.37984e-11
1.40381e-11
1.42663e-11
1.44837e-11
1.46906e-11
1.69681e-11
1.94689e-11
2.22137e-11
2.52245e-11
2.85248e-11
3.21394e-11
3.6094e-11
4.04149e-11
4.51286e-11
5.02608e-11
5.58352e-11
6.18722e-11
6.83866e-11
7.53849e-11
8.2862e-11
9.07966e-11
9.91459e-11
1.07839e-10
1.16771e-10
1.25793e-10
1.34708e-10
1.43263e-10
1.51148e-10
1.58003e-10
1.63428e-10
1.67008e-10
1.68354e-10
1.67146e-10
1.63187e-10
1.5644e-10
1.47056e-10
1.3536e-10
1.21815e-10
1.06957e-10
9.13247e-11
7.54006e-11
5.95619e-11
4.4058e-11
2.90009e-11
1.43662e-11
6.62627e-34
1.2728e-15
8.60307e-13
1.67859e-12
2.45785e-12
3.19994e-12
3.90662e-12
4.57957e-12
5.22038e-12
5.83059e-12
6.41165e-12
6.96495e-12
7.49181e-12
7.99349e-12
8.47119e-12
8.92607e-12
9.35921e-12
9.77164e-12
1.01644e-11
1.05383e-11
1.08944e-11
1.12335e-11
1.15564e-11
1.18638e-11
1.21566e-11
1.24353e-11
1.27008e-11
1.29536e-11
1.31943e-11
1.34235e-11
1.36417e-11
1.38496e-11
1.40475e-11
1.62254e-11
1.8617e-11
2.12421e-11
2.41217e-11
2.72785e-11
3.07361e-11
3.45194e-11
3.86538e-11
4.31647e-11
4.80771e-11
5.34143e-11
5.91962e-11
6.54378e-11
7.21465e-11
7.93187e-11
8.69357e-11
9.49586e-11
1.03323e-10
1.1193e-10
1.20642e-10
1.29274e-10
1.37588e-10
1.45292e-10
1.52043e-10
1.57458e-10
1.61138e-10
1.62701e-10
1.61829e-10
1.58311e-10
1.5209e-10
1.43285e-10
1.32187e-10
1.19223e-10
1.04902e-10
8.97459e-11
7.42272e-11
5.8724e-11
4.34926e-11
2.86562e-11
1.42043e-11
7.20816e-34
1.21223e-15
8.19372e-13
1.59872e-12
2.3409e-12
3.04769e-12
3.72075e-12
4.36168e-12
4.97201e-12
5.5532e-12
6.10662e-12
6.6336e-12
7.1354e-12
7.61323e-12
8.06822e-12
8.50147e-12
8.91402e-12
9.30685e-12
9.6809e-12
1.00371e-11
1.03763e-11
1.06992e-11
1.10067e-11
1.12996e-11
1.15784e-11
1.1844e-11
1.20968e-11
1.23376e-11
1.25668e-11
1.27852e-11
1.29931e-11
1.3191e-11
1.33796e-11
1.54541e-11
1.77322e-11
2.02329e-11
2.29762e-11
2.59838e-11
2.92784e-11
3.28837e-11
3.68241e-11
4.11241e-11
4.5808e-11
5.08983e-11
5.64147e-11
6.23723e-11
6.87791e-11
7.56331e-11
8.29182e-11
9.05997e-11
9.86182e-11
1.06884e-10
1.15269e-10
1.236e-10
1.31656e-10
1.39162e-10
1.45794e-10
1.51186e-10
1.54956e-10
1.56731e-10
1.56194e-10
1.53125e-10
1.47446e-10
1.39242e-10
1.2877e-10
1.1642e-10
1.02671e-10
8.80249e-11
7.29436e-11
5.78047e-11
4.28707e-11
2.82763e-11
1.40257e-11
7.8309e-34
1.14963e-15
7.77073e-13
1.51619e-12
2.22006e-12
2.89036e-12
3.52868e-12
4.13653e-12
4.71536e-12
5.26655e-12
5.79142e-12
6.2912e-12
6.76712e-12
7.22029e-12
7.65181e-12
8.06271e-12
8.45398e-12
8.82655e-12
9.18131e-12
9.51913e-12
9.8408e-12
1.01471e-11
1.04388e-11
1.07165e-11
1.0981e-11
1.12328e-11
1.14727e-11
1.1701e-11
1.19185e-11
1.21255e-11
1.23227e-11
1.25105e-11
1.26893e-11
1.4657e-11
1.68179e-11
1.919e-11
2.17924e-11
2.46458e-11
2.77717e-11
3.11929e-11
3.49327e-11
3.90146e-11
4.3462e-11
4.82966e-11
5.3538e-11
5.92011e-11
6.52947e-11
7.18182e-11
7.87583e-11
8.60839e-11
9.37418e-11
1.0165e-10
1.0969e-10
1.17704e-10
1.25484e-10
1.32774e-10
1.39269e-10
1.44623e-10
1.4847e-10
1.5045e-10
1.50246e-10
1.4763e-10
1.42503e-10
1.34921e-10
1.251e-10
1.13396e-10
1.00254e-10
8.6152e-11
7.15414e-11
5.67969e-11
4.2187e-11
2.78576e-11
1.38285e-11
8.49487e-34
1.08531e-15
7.33601e-13
1.43137e-12
2.09586e-12
2.72867e-12
3.33128e-12
3.90514e-12
4.45159e-12
4.97195e-12
5.46746e-12
5.93931e-12
6.38861e-12
6.81644e-12
7.22384e-12
7.61177e-12
7.98116e-12
8.33291e-12
8.66785e-12
8.98678e-12
9.29048e-12
9.57967e-12
9.85505e-12
1.01173e-11
1.0367e-11
1.06047e-11
1.08312e-11
1.10468e-11
1.12521e-11
1.14476e-11
1.16338e-11
1.1811e-11
1.19799e-11
1.38377e-11
1.58781e-11
1.8118e-11
2.05756e-11
2.32704e-11
2.62229e-11
2.94547e-11
3.29881e-11
3.68455e-11
4.10494e-11
4.56207e-11
5.05786e-11
5.5938e-11
6.17084e-11
6.78904e-11
7.44734e-11
8.14303e-11
8.87134e-11
9.62484e-11
1.03928e-10
1.11606e-10
1.19093e-10
1.26148e-10
1.32488e-10
1.37788e-10
1.41697e-10
1.43869e-10
1.43991e-10
1.41828e-10
1.37261e-10
1.30316e-10
1.2117e-10
1.10141e-10
9.76392e-11
8.41173e-11
7.00116e-11
5.56933e-11
4.1436e-11
2.73966e-11
1.3611e-11
9.19975e-34
1.01958e-15
6.8918e-13
1.34469e-12
1.96896e-12
2.56345e-12
3.12958e-12
3.66869e-12
4.18207e-12
4.67093e-12
5.13645e-12
5.57973e-12
6.00184e-12
6.40378e-12
6.78652e-12
7.15098e-12
7.49803e-12
7.82849e-12
8.14317e-12
8.44281e-12
8.72814e-12
8.99984e-12
9.25857e-12
9.50493e-12
9.73953e-12
9.96293e-12
1.01757e-11
1.03782e-11
1.05711e-11
1.07548e-11
1.09297e-11
1.10963e-11
1.12549e-11
1.30005e-11
1.49177e-11
1.70225e-11
1.9332e-11
2.18647e-11
2.46399e-11
2.7678e-11
3.10002e-11
3.46279e-11
3.85825e-11
4.28842e-11
4.75516e-11
5.25996e-11
5.80381e-11
6.38693e-11
7.00846e-11
7.66612e-11
8.35568e-11
9.0705e-11
9.80089e-11
1.05335e-10
1.1251e-10
1.19312e-10
1.25478e-10
1.30703e-10
1.34657e-10
1.37006e-10
1.37443e-10
1.35728e-10
1.31724e-10
1.25426e-10
1.16975e-10
1.06648e-10
9.48187e-11
8.19114e-11
6.83455e-11
5.44866e-11
4.06119e-11
2.68894e-11
1.33713e-11
9.94428e-34
9.52832e-16
6.44072e-13
1.25668e-12
1.84009e-12
2.39567e-12
2.92475e-12
3.42858e-12
3.90836e-12
4.36524e-12
4.80029e-12
5.21457e-12
5.60907e-12
5.98472e-12
6.34243e-12
6.68304e-12
7.00739e-12
7.31624e-12
7.61034e-12
7.8904e-12
8.15707e-12
8.41101e-12
8.65282e-12
8.88308e-12
9.10234e-12
9.31113e-12
9.50996e-12
9.69929e-12
9.87958e-12
1.00513e-11
1.02148e-11
1.03704e-11
1.05187e-11
1.21503e-11
1.39424e-11
1.59099e-11
1.80689e-11
2.04368e-11
2.30318e-11
2.58731e-11
2.89806e-11
3.23747e-11
3.60756e-11
4.01029e-11
4.44743e-11
4.92048e-11
5.43047e-11
5.97773e-11
6.56166e-11
7.18031e-11
7.83003e-11
8.50493e-11
9.19634e-11
9.89225e-11
1.05768e-10
1.12298e-10
1.1827e-10
1.234e-10
1.27377e-10
1.29884e-10
1.3062e-10
1.29343e-10
1.25898e-10
1.20254e-10
1.12513e-10
1.02911e-10
9.17843e-11
7.95254e-11
6.65345e-11
5.31691e-11
3.97088e-11
2.6332e-11
1.31074e-11
1.0726e-33
8.85498e-16
5.98565e-13
1.16789e-12
1.71008e-12
2.22641e-12
2.71811e-12
3.18635e-12
3.63224e-12
4.05684e-12
4.46117e-12
4.84619e-12
5.21283e-12
5.56195e-12
5.8944e-12
6.21097e-12
6.51241e-12
6.79946e-12
7.0728e-12
7.33308e-12
7.58094e-12
7.81695e-12
8.04169e-12
8.25571e-12
8.4595e-12
8.65356e-12
8.83836e-12
9.01433e-12
9.1819e-12
9.34148e-12
9.49343e-12
9.63814e-12
9.77594e-12
1.12925e-11
1.29583e-11
1.47873e-11
1.67945e-11
1.89961e-11
2.14091e-11
2.40516e-11
2.69423e-11
3.01003e-11
3.35447e-11
3.72944e-11
4.13663e-11
4.57752e-11
5.05316e-11
5.56402e-11
6.10969e-11
6.68859e-11
7.29759e-11
7.93154e-11
8.58276e-11
9.24052e-11
9.89051e-11
1.05145e-10
1.10902e-10
1.15914e-10
1.19891e-10
1.22533e-10
1.23548e-10
1.22692e-10
1.19798e-10
1.14806e-10
1.07786e-10
9.89282e-11
8.853e-11
7.69517e-11
6.45705e-11
5.17336e-11
3.87208e-11
2.57201e-11
1.2817e-11
1.15411e-33
8.18046e-16
5.52977e-13
1.07894e-12
1.57984e-12
2.05685e-12
2.5111e-12
2.94368e-12
3.35562e-12
3.74789e-12
4.12144e-12
4.47715e-12
4.81587e-12
5.13842e-12
5.44556e-12
5.73803e-12
6.01654e-12
6.28174e-12
6.53428e-12
6.77476e-12
7.00375e-12
7.22181e-12
7.42945e-12
7.62718e-12
7.81547e-12
7.99477e-12
8.16552e-12
8.32811e-12
8.48294e-12
8.63037e-12
8.77078e-12
8.90448e-12
9.0318e-12
1.04331e-11
1.19723e-11
1.36625e-11
1.55175e-11
1.75524e-11
1.9783e-11
2.22261e-11
2.48992e-11
2.78203e-11
3.10073e-11
3.4478e-11
3.82489e-11
4.23342e-11
4.67448e-11
5.14861e-11
5.65563e-11
6.19427e-11
6.76191e-11
7.35411e-11
7.96414e-11
8.58252e-11
9.19648e-11
9.78961e-11
1.03417e-10
1.08287e-10
1.1224e-10
1.14989e-10
1.16258e-10
1.15802e-10
1.13442e-10
1.09097e-10
1.02799e-10
9.46991e-11
8.50525e-11
7.41844e-11
6.24465e-11
5.01729e-11
3.76418e-11
2.50495e-11
1.2498e-11
1.23838e-33
7.50973e-16
5.07645e-13
9.90493e-13
1.45033e-12
1.88823e-12
2.30525e-12
2.70238e-12
3.08055e-12
3.44067e-12
3.78361e-12
4.11016e-12
4.42113e-12
4.71725e-12
4.99923e-12
5.26774e-12
5.52343e-12
5.76691e-12
5.99876e-12
6.21954e-12
6.42978e-12
6.62998e-12
6.82062e-12
7.00216e-12
7.17503e-12
7.33965e-12
7.49641e-12
7.64569e-12
7.78785e-12
7.92322e-12
8.05213e-12
8.17489e-12
8.29179e-12
9.57841e-12
1.09918e-11
1.25439e-11
1.42475e-11
1.61165e-11
1.81655e-11
2.04101e-11
2.28666e-11
2.55515e-11
2.8482e-11
3.16746e-11
3.51449e-11
3.8907e-11
4.29717e-11
4.73453e-11
5.20275e-11
5.70091e-11
6.22683e-11
6.77674e-11
7.34484e-11
7.92283e-11
8.49943e-11
9.06004e-11
9.58646e-11
1.0057e-10
1.04469e-10
1.07297e-10
1.0879e-10
1.08705e-10
1.06858e-10
1.03145e-10
9.75646e-11
9.02292e-11
8.13516e-11
7.12194e-11
6.01566e-11
4.84808e-11
3.64664e-11
2.43162e-11
1.21483e-11
1.32463e-33
6.84797e-16
4.62918e-13
9.03224e-13
1.32254e-12
1.72187e-12
2.10215e-12
2.46429e-12
2.80915e-12
3.13755e-12
3.45028e-12
3.74808e-12
4.03166e-12
4.3017e-12
4.55884e-12
4.80371e-12
5.03689e-12
5.25893e-12
5.47037e-12
5.67171e-12
5.86345e-12
6.04602e-12
6.21988e-12
6.38545e-12
6.5431e-12
6.69324e-12
6.8362e-12
6.97235e-12
7.102e-12
7.22545e-12
7.34302e-12
7.45498e-12
7.5616e-12
8.73507e-12
1.00242e-11
1.144e-11
1.29941e-11
1.46993e-11
1.6569e-11
1.86175e-11
2.08599e-11
2.33115e-11
2.59882e-11
2.89055e-11
3.20783e-11
3.55199e-11
3.92412e-11
4.32492e-11
4.75452e-11
5.21226e-11
5.6964e-11
6.20379e-11
6.7295e-11
7.26635e-11
7.80451e-11
8.33109e-11
8.82991e-11
9.28143e-11
9.66319e-11
9.95067e-11
1.01188e-10
1.01443e-10
1.00079e-10
9.69743e-11
9.21e-11
8.55285e-11
7.74309e-11
6.8056e-11
5.76969e-11
4.66523e-11
3.51895e-11
2.35163e-11
1.17658e-11
1.41183e-33
6.2004e-16
4.19149e-13
8.17825e-13
1.1975e-12
1.55907e-12
1.9034e-12
2.23131e-12
2.54357e-12
2.84092e-12
3.12409e-12
3.39374e-12
3.65052e-12
3.89504e-12
4.12788e-12
4.34961e-12
4.56075e-12
4.76182e-12
4.95328e-12
5.1356e-12
5.30922e-12
5.47455e-12
5.63199e-12
5.78192e-12
5.92468e-12
6.06064e-12
6.1901e-12
6.31339e-12
6.43079e-12
6.5426e-12
6.64906e-12
6.75045e-12
6.847e-12
7.90971e-12
9.07725e-12
1.03595e-11
1.17673e-11
1.33121e-11
1.50061e-11
1.68626e-11
1.88951e-11
2.11179e-11
2.35456e-11
2.61927e-11
2.9073e-11
3.21995e-11
3.55827e-11
3.92302e-11
4.31446e-11
4.73215e-11
5.17477e-11
5.63975e-11
6.12292e-11
6.6182e-11
7.11709e-11
7.60838e-11
8.07779e-11
8.50795e-11
8.87861e-11
9.1673e-11
9.35063e-11
9.40608e-11
9.31434e-11
9.06184e-11
8.64293e-11
8.06128e-11
7.32989e-11
6.46966e-11
5.50661e-11
4.46837e-11
3.3807e-11
2.26463e-11
1.13485e-11
1.49864e-33
5.57215e-16
3.76685e-13
7.34972e-13
1.07618e-12
1.40113e-12
1.71058e-12
2.00527e-12
2.28589e-12
2.55313e-12
2.80762e-12
3.04996e-12
3.28073e-12
3.50049e-12
3.70976e-12
3.90904e-12
4.0988e-12
4.27951e-12
4.45159e-12
4.61545e-12
4.7715e-12
4.92009e-12
5.0616e-12
5.19635e-12
5.32466e-12
5.44686e-12
5.56322e-12
5.67403e-12
5.77956e-12
5.88005e-12
5.97574e-12
6.06687e-12
6.15366e-12
7.10888e-12
8.15839e-12
9.31114e-12
1.05768e-11
1.19658e-11
1.34893e-11
1.51591e-11
1.69877e-11
1.89881e-11
2.11736e-11
2.35576e-11
2.61531e-11
2.89723e-11
3.20254e-11
3.53203e-11
3.88606e-11
4.26442e-11
4.66612e-11
5.08911e-11
5.52997e-11
5.98357e-11
6.44269e-11
6.89768e-11
7.33611e-11
7.74268e-11
8.09933e-11
8.38571e-11
8.58017e-11
8.66134e-11
8.61004e-11
8.41169e-11
8.05837e-11
7.55044e-11
6.89697e-11
6.11484e-11
5.2266e-11
4.25736e-11
3.23161e-11
2.17036e-11
1.08948e-11
1.58343e-33
4.9681e-16
3.35856e-13
6.55308e-13
9.59536e-13
1.24926e-12
1.52517e-12
1.78792e-12
2.03814e-12
2.27642e-12
2.50333e-12
2.71941e-12
2.92517e-12
3.12112e-12
3.30772e-12
3.4854e-12
3.65461e-12
3.81574e-12
3.96918e-12
4.1153e-12
4.25444e-12
4.38694e-12
4.51312e-12
4.63328e-12
4.7477e-12
4.85667e-12
4.96043e-12
5.05925e-12
5.15334e-12
5.24296e-12
5.32829e-12
5.40956e-12
5.48694e-12
6.33878e-12
7.27477e-12
8.3029e-12
9.43185e-12
1.0671e-11
1.20302e-11
1.35204e-11
1.51526e-11
1.69386e-11
1.88907e-11
2.10209e-11
2.33414e-11
2.58635e-11
2.85971e-11
3.15502e-11
3.47272e-11
3.81278e-11
4.17449e-11
4.55628e-11
4.95539e-11
5.36758e-11
5.78678e-11
6.2048e-11
6.61096e-11
6.99193e-11
7.3318e-11
7.61232e-11
7.81374e-11
7.91597e-11
7.90036e-11
7.75166e-11
7.46016e-11
7.02325e-11
6.44634e-11
5.74235e-11
4.93024e-11
4.03236e-11
3.07159e-11
2.06864e-11
1.04035e-11
1.66417e-33
4.39271e-16
2.96963e-13
5.79422e-13
8.48421e-13
1.1046e-12
1.34856e-12
1.58089e-12
1.80213e-12
2.01282e-12
2.21346e-12
2.40452e-12
2.58647e-12
2.75973e-12
2.92473e-12
3.08185e-12
3.23147e-12
3.37396e-12
3.50964e-12
3.63885e-12
3.76189e-12
3.87906e-12
3.99064e-12
4.09689e-12
4.19808e-12
4.29443e-12
4.38619e-12
4.47358e-12
4.55679e-12
4.63603e-12
4.7115e-12
4.78336e-12
4.8518e-12
5.60514e-12
6.43293e-12
7.3423e-12
8.34094e-12
9.43716e-12
1.06399e-11
1.19586e-11
1.34034e-11
1.49848e-11
1.67138e-11
1.86015e-11
2.06589e-11
2.28965e-11
2.53238e-11
2.79485e-11
3.07758e-11
3.38067e-11
3.70368e-11
4.04542e-11
4.40372e-11
4.77513e-11
5.15466e-11
5.53542e-11
5.90835e-11
6.26202e-11
6.58254e-11
6.85378e-11
7.05791e-11
7.17637e-11
7.19125e-11
7.0871e-11
6.85283e-11
6.48335e-11
5.98067e-11
5.35398e-11
4.61857e-11
3.79385e-11
2.90078e-11
1.95945e-11
9.87418e-12
1.73852e-33
3.84991e-16
2.60272e-13
5.07832e-13
7.43596e-13
9.68122e-13
1.18194e-12
1.38557e-12
1.57948e-12
1.76414e-12
1.94e-12
2.10746e-12
2.26693e-12
2.4188e-12
2.56342e-12
2.70113e-12
2.83228e-12
2.95716e-12
3.07609e-12
3.18935e-12
3.29719e-12
3.3999e-12
3.4977e-12
3.59084e-12
3.67953e-12
3.76399e-12
3.84443e-12
3.92102e-12
3.99396e-12
4.06343e-12
4.12958e-12
4.19257e-12
4.25256e-12
4.91294e-12
5.63864e-12
6.43591e-12
7.31153e-12
8.27282e-12
9.32765e-12
1.04844e-11
1.17521e-11
1.31401e-11
1.46581e-11
1.63162e-11
1.81243e-11
2.00921e-11
2.22284e-11
2.45408e-11
2.70347e-11
2.97123e-11
3.25713e-11
3.5603e-11
3.87909e-11
4.21076e-11
4.55124e-11
4.89485e-11
5.23401e-11
5.55903e-11
5.85796e-11
6.11673e-11
6.31945e-11
6.4492e-11
6.48912e-11
6.42392e-11
6.24159e-11
5.93506e-11
5.50337e-11
4.95217e-11
4.29319e-11
3.54274e-11
2.71961e-11
1.84294e-11
9.30705e-12
1.80373e-33
3.34295e-16
2.26002e-13
4.40967e-13
6.45689e-13
8.40653e-13
1.02632e-12
1.20314e-12
1.37152e-12
1.53188e-12
1.68458e-12
1.83e-12
1.96848e-12
2.10035e-12
2.22594e-12
2.34553e-12
2.45941e-12
2.56786e-12
2.67114e-12
2.76949e-12
2.86315e-12
2.95234e-12
3.03727e-12
3.11815e-12
3.19518e-12
3.26853e-12
3.33838e-12
3.4049e-12
3.46824e-12
3.52857e-12
3.58602e-12
3.64073e-12
3.69283e-12
4.26636e-12
4.89666e-12
5.58918e-12
6.34982e-12
7.18498e-12
8.10155e-12
9.1069e-12
1.02089e-11
1.14158e-11
1.27362e-11
1.4179e-11
1.57533e-11
1.74676e-11
1.93303e-11
2.13486e-11
2.35279e-11
2.58712e-11
2.83778e-11
3.1042e-11
3.38514e-11
3.67846e-11
3.98093e-11
4.28793e-11
4.59322e-11
4.88867e-11
5.16418e-11
5.40761e-11
5.60503e-11
5.74124e-11
5.80063e-11
5.76844e-11
5.63222e-11
5.38338e-11
5.01849e-11
4.54003e-11
3.95628e-11
3.28041e-11
2.52885e-11
1.71949e-11
8.70351e-12
1.85679e-33
2.87431e-16
1.94322e-13
3.79155e-13
5.5518e-13
7.22816e-13
8.82461e-13
1.03449e-12
1.17928e-12
1.31716e-12
1.44846e-12
1.5735e-12
1.69257e-12
1.80597e-12
1.91395e-12
2.01679e-12
2.11471e-12
2.20797e-12
2.29678e-12
2.38135e-12
2.46188e-12
2.53858e-12
2.61161e-12
2.68116e-12
2.7474e-12
2.81047e-12
2.87054e-12
2.92774e-12
2.98222e-12
3.0341e-12
3.0835e-12
3.13055e-12
3.17535e-12
3.66858e-12
4.21065e-12
4.80628e-12
5.46056e-12
6.17903e-12
6.96765e-12
7.8328e-12
8.78132e-12
9.82042e-12
1.09577e-11
1.22009e-11
1.3558e-11
1.50369e-11
1.66449e-11
1.8389e-11
2.02744e-11
2.23046e-11
2.44803e-11
2.67979e-11
2.92485e-11
3.18159e-11
3.44748e-11
3.71883e-11
3.99058e-11
4.25604e-11
4.50676e-11
4.73244e-11
4.92104e-11
5.05912e-11
5.13251e-11
5.12726e-11
5.03091e-11
4.83388e-11
4.53078e-11
4.12132e-11
3.61063e-11
3.00879e-11
2.32971e-11
1.58974e-11
8.06626e-12
1.89441e-33
2.44565e-16
1.65345e-13
3.22615e-13
4.72392e-13
6.1503e-13
7.5087e-13
8.80234e-13
1.00343e-12
1.12075e-12
1.23248e-12
1.33887e-12
1.44019e-12
1.53668e-12
1.62857e-12
1.71607e-12
1.7994e-12
1.87876e-12
1.95433e-12
2.02629e-12
2.09483e-12
2.16009e-12
2.22224e-12
2.28143e-12
2.33779e-12
2.39147e-12
2.44258e-12
2.49126e-12
2.53762e-12
2.58176e-12
2.62381e-12
2.66384e-12
2.70197e-12
3.12172e-12
3.58307e-12
4.09003e-12
4.64696e-12
5.2586e-12
5.93005e-12
6.66679e-12
7.4747e-12
8.36e-12
9.32925e-12
1.03892e-11
1.15469e-11
1.28092e-11
1.41828e-11
1.5674e-11
1.72878e-11
1.90281e-11
2.08963e-11
2.28905e-11
2.50048e-11
2.72272e-11
2.95383e-11
3.19091e-11
3.42992e-11
3.66546e-11
3.89055e-11
4.0966e-11
4.27335e-11
4.40913e-11
4.49129e-11
4.50696e-11
4.44406e-11
4.2925e-11
4.04547e-11
3.70041e-11
3.25965e-11
2.73033e-11
2.1238e-11
1.45463e-11
7.39951e-12
1.91322e-33
2.0578e-16
1.39125e-13
2.71455e-13
3.97481e-13
5.17501e-13
6.31801e-13
7.40652e-13
8.44313e-13
9.43031e-13
1.03704e-12
1.12657e-12
1.21183e-12
1.29302e-12
1.37034e-12
1.44397e-12
1.51409e-12
1.58087e-12
1.64446e-12
1.70501e-12
1.76268e-12
1.8176e-12
1.8699e-12
1.91971e-12
1.96714e-12
2.01231e-12
2.05532e-12
2.09629e-12
2.1353e-12
2.17245e-12
2.20783e-12
2.24152e-12
2.27361e-12
2.62685e-12
3.01513e-12
3.44182e-12
3.91061e-12
4.4255e-12
4.99082e-12
5.61122e-12
6.29169e-12
7.03753e-12
7.85435e-12
8.74799e-12
9.72444e-12
1.07898e-11
1.19499e-11
1.32104e-11
1.45761e-11
1.60508e-11
1.76364e-11
1.93326e-11
2.11353e-11
2.30361e-11
2.50205e-11
2.70662e-11
2.91415e-11
3.12032e-11
3.31951e-11
3.50462e-11
3.66708e-11
3.79692e-11
3.88308e-11
3.91392e-11
3.87808e-11
3.76542e-11
3.56822e-11
3.28221e-11
2.90733e-11
2.44805e-11
1.91321e-11
1.31545e-11
6.70914e-12
1.90994e-33
1.71073e-16
1.15661e-13
2.25675e-13
3.30446e-13
4.30226e-13
5.25249e-13
6.15744e-13
7.01924e-13
7.83995e-13
8.62153e-13
9.36584e-13
1.00747e-12
1.07497e-12
1.13925e-12
1.20047e-12
1.25876e-12
1.31428e-12
1.36715e-12
1.4175e-12
1.46545e-12
1.51111e-12
1.55459e-12
1.596e-12
1.63544e-12
1.67299e-12
1.70875e-12
1.74281e-12
1.77525e-12
1.80614e-12
1.83555e-12
1.86357e-12
1.89025e-12
2.18396e-12
2.50682e-12
2.86165e-12
3.25152e-12
3.67977e-12
4.15003e-12
4.66618e-12
5.23242e-12
5.85321e-12
6.53328e-12
7.27757e-12
8.09122e-12
8.97942e-12
9.94732e-12
1.09998e-11
1.21414e-11
1.33756e-11
1.47047e-11
1.61291e-11
1.76467e-11
1.92515e-11
2.0933e-11
2.26745e-11
2.44514e-11
2.623e-11
2.79654e-11
2.96002e-11
3.10641e-11
3.22732e-11
3.31327e-11
3.354e-11
3.33907e-11
3.25873e-11
3.10485e-11
2.87195e-11
2.55809e-11
2.16544e-11
1.70044e-11
1.17376e-11
6.00274e-12
1.88159e-33
1.40364e-16
9.49004e-14
1.85167e-13
2.71133e-13
3.53002e-13
4.3097e-13
5.05222e-13
5.75934e-13
6.43275e-13
7.07405e-13
7.68478e-13
8.26638e-13
8.82026e-13
9.34772e-13
9.85003e-13
1.03284e-12
1.07839e-12
1.12178e-12
1.16309e-12
1.20243e-12
1.2399e-12
1.27558e-12
1.30956e-12
1.34192e-12
1.37274e-12
1.40209e-12
1.43003e-12
1.45665e-12
1.482e-12
1.50614e-12
1.52913e-12
1.55102e-12
1.79205e-12
2.05701e-12
2.34822e-12
2.66822e-12
3.01975e-12
3.40581e-12
3.82961e-12
4.29462e-12
4.80454e-12
5.36331e-12
5.97507e-12
6.64411e-12
7.37483e-12
8.17163e-12
9.03877e-12
9.98017e-12
1.09992e-11
1.20981e-11
1.3278e-11
1.45378e-11
1.58737e-11
1.72781e-11
1.87388e-11
2.02372e-11
2.17474e-11
2.32341e-11
2.46519e-11
2.59438e-11
2.70409e-11
2.78633e-11
2.83227e-11
2.83259e-11
2.77822e-11
2.66106e-11
2.47497e-11
2.21663e-11
1.88633e-11
1.48839e-11
1.03147e-11
5.28951e-12
1.82578e-33
1.13502e-16
7.67396e-14
1.49732e-13
2.19247e-13
2.8545e-13
3.48498e-13
4.08541e-13
4.65722e-13
5.20177e-13
5.72036e-13
6.21422e-13
6.68454e-13
7.13244e-13
7.55898e-13
7.96518e-13
8.35202e-13
8.72041e-13
9.07123e-13
9.40533e-13
9.7235e-13
1.00265e-12
1.0315e-12
1.05898e-12
1.08515e-12
1.11008e-12
1.13381e-12
1.15641e-12
1.17794e-12
1.19844e-12
1.21796e-12
1.23655e-12
1.25425e-12
1.44919e-12
1.66348e-12
1.89902e-12
2.15786e-12
2.44223e-12
2.75457e-12
3.09749e-12
3.47382e-12
3.88658e-12
4.339e-12
4.83448e-12
5.37657e-12
5.96891e-12
6.61521e-12
7.31906e-12
8.08388e-12
8.91263e-12
9.80762e-12
1.07701e-11
1.17999e-11
1.28945e-11
1.40489e-11
1.52542e-11
1.64967e-11
1.77567e-11
1.90073e-11
2.02128e-11
2.13281e-11
2.22977e-11
2.30558e-11
2.35278e-11
2.36331e-11
2.329e-11
2.24216e-11
2.09645e-11
1.88771e-11
1.61477e-11
1.28016e-11
8.90667e-12
4.57996e-12
1.74094e-33
9.02709e-17
6.10338e-14
1.19087e-13
1.74375e-13
2.27029e-13
2.77174e-13
3.24928e-13
3.70407e-13
4.13718e-13
4.54964e-13
4.94244e-13
5.31652e-13
5.67275e-13
6.01201e-13
6.33509e-13
6.64277e-13
6.93578e-13
7.21481e-13
7.48055e-13
7.73362e-13
7.97462e-13
8.20413e-13
8.4227e-13
8.63085e-13
8.82908e-13
9.01786e-13
9.19764e-13
9.36885e-13
9.5319e-13
9.68718e-13
9.83506e-13
9.97589e-13
1.15265e-12
1.32311e-12
1.51048e-12
1.7164e-12
1.94266e-12
2.19119e-12
2.46408e-12
2.76361e-12
3.09221e-12
3.45245e-12
3.8471e-12
4.27902e-12
4.7512e-12
5.26666e-12
5.82839e-12
6.43927e-12
7.10187e-12
7.8183e-12
8.58992e-12
9.41697e-12
1.02982e-11
1.12301e-11
1.22064e-11
1.32174e-11
1.42482e-11
1.52788e-11
1.62817e-11
1.72219e-11
1.80556e-11
1.87297e-11
1.91831e-11
1.93477e-11
1.91524e-11
1.85273e-11
1.7411e-11
1.5758e-11
1.35471e-11
1.07893e-11
7.53557e-12
3.88531e-12
1.62657e-33
7.04025e-17
4.76009e-14
9.28774e-14
1.35997e-13
1.77062e-13
2.16171e-13
2.53416e-13
2.88885e-13
3.22664e-13
3.54833e-13
3.85469e-13
4.14644e-13
4.42428e-13
4.68888e-13
4.94086e-13
5.18083e-13
5.40936e-13
5.627e-13
5.83426e-13
6.03164e-13
6.21961e-13
6.39862e-13
6.5691e-13
6.73145e-13
6.88606e-13
7.0333e-13
7.17352e-13
7.30706e-13
7.43424e-13
7.55535e-13
7.6707e-13
7.78054e-13
8.98998e-13
1.03196e-12
1.17813e-12
1.33877e-12
1.51528e-12
1.70919e-12
1.92214e-12
2.1559e-12
2.41239e-12
2.69364e-12
3.00183e-12
3.33924e-12
3.70824e-12
4.11125e-12
4.55071e-12
5.02895e-12
5.54816e-12
6.11015e-12
6.71623e-12
7.36693e-12
8.06162e-12
8.79813e-12
9.57218e-12
1.03767e-11
1.12012e-11
1.20306e-11
1.28446e-11
1.36163e-11
1.4312e-11
1.48901e-11
1.53017e-11
1.5491e-11
1.53981e-11
1.49623e-11
1.41272e-11
1.28477e-11
1.10975e-11
8.87701e-12
6.22274e-12
3.21667e-12
1.4832e-33
5.35786e-17
3.62261e-14
7.06833e-14
1.03499e-13
1.34752e-13
1.64515e-13
1.9286e-13
2.19854e-13
2.45561e-13
2.70043e-13
2.93359e-13
3.15562e-13
3.36708e-13
3.56845e-13
3.76023e-13
3.94286e-13
4.11679e-13
4.28242e-13
4.44016e-13
4.59039e-13
4.73345e-13
4.86969e-13
4.99943e-13
5.123e-13
5.24067e-13
5.35273e-13
5.45946e-13
5.56109e-13
5.65789e-13
5.75007e-13
5.83785e-13
5.92146e-13
6.84197e-13
7.85402e-13
8.96657e-13
1.01894e-12
1.15331e-12
1.30094e-12
1.46307e-12
1.64108e-12
1.83642e-12
2.05066e-12
2.28547e-12
2.54262e-12
2.82394e-12
3.13132e-12
3.46667e-12
3.83185e-12
4.22861e-12
4.65848e-12
5.12261e-12
5.62163e-12
6.15532e-12
6.72238e-12
7.31996e-12
7.94319e-12
8.58458e-12
9.23331e-12
9.87449e-12
1.04883e-11
1.10493e-11
1.15259e-11
1.18799e-11
1.20675e-11
1.204e-11
1.17467e-11
1.11388e-11
1.01748e-11
8.82701e-12
7.08943e-12
4.98666e-12
2.5839e-12
1.31223e-33
3.94358e-17
2.66639e-14
5.20258e-14
7.61797e-14
9.91828e-14
1.2109e-13
1.41953e-13
1.61822e-13
1.80744e-13
1.98764e-13
2.15925e-13
2.32269e-13
2.47833e-13
2.62655e-13
2.76771e-13
2.90214e-13
3.03016e-13
3.15208e-13
3.26819e-13
3.37876e-13
3.48406e-13
3.58435e-13
3.67985e-13
3.7708e-13
3.85742e-13
3.93991e-13
4.01847e-13
4.09328e-13
4.16453e-13
4.23238e-13
4.297e-13
4.35854e-13
5.03613e-13
5.78113e-13
6.60013e-13
7.50033e-13
8.48962e-13
9.57654e-13
1.07704e-12
1.20812e-12
1.35199e-12
1.5098e-12
1.68281e-12
1.87231e-12
2.07968e-12
2.30635e-12
2.55375e-12
2.8233e-12
3.11636e-12
3.43413e-12
3.77758e-12
4.14728e-12
4.54327e-12
4.96479e-12
5.41002e-12
5.87569e-12
6.35666e-12
6.84536e-12
7.33126e-12
7.80015e-12
8.23357e-12
8.60824e-12
8.89577e-12
9.06279e-12
9.07168e-12
8.88227e-12
8.45464e-12
7.75322e-12
6.75229e-12
5.44277e-12
3.84018e-12
1.99415e-12
1.11522e-33
2.75598e-17
1.86342e-14
3.63586e-14
5.32387e-14
6.93146e-14
8.46245e-14
9.92049e-14
1.13091e-13
1.26314e-13
1.38908e-13
1.50901e-13
1.62323e-13
1.73201e-13
1.83559e-13
1.93425e-13
2.0282e-13
2.11767e-13
2.20287e-13
2.28402e-13
2.3613e-13
2.43489e-13
2.50498e-13
2.57172e-13
2.63529e-13
2.69582e-13
2.75347e-13
2.80838e-13
2.86066e-13
2.91046e-13
2.95788e-13
3.00304e-13
3.04605e-13
3.51963e-13
4.04032e-13
4.61275e-13
5.24196e-13
5.93347e-13
6.69326e-13
7.52786e-13
8.44432e-13
9.45026e-13
1.05539e-12
1.17639e-12
1.30895e-12
1.45406e-12
1.61271e-12
1.78593e-12
1.97475e-12
2.18014e-12
2.403e-12
2.64407e-12
2.90382e-12
3.18238e-12
3.47936e-12
3.79362e-12
4.12307e-12
4.46434e-12
4.8124e-12
5.16011e-12
5.4978e-12
5.81275e-12
6.08874e-12
6.30574e-12
6.43988e-12
6.46382e-12
6.3478e-12
6.06152e-12
5.57707e-12
4.87311e-12
3.94017e-12
2.78733e-12
1.45011e-12
8.92468e-34
1.7466e-17
1.18095e-14
2.30423e-14
3.37401e-14
4.39283e-14
5.3631e-14
6.28714e-14
7.16715e-14
8.00522e-14
8.80335e-14
9.56344e-14
1.02873e-13
1.09767e-13
1.16332e-13
1.22584e-13
1.28538e-13
1.34208e-13
1.39609e-13
1.44751e-13
1.49649e-13
1.54313e-13
1.58755e-13
1.62985e-13
1.67014e-13
1.7085e-13
1.74504e-13
1.77984e-13
1.81297e-13
1.84453e-13
1.87459e-13
1.90321e-13
1.93047e-13
2.23061e-13
2.56063e-13
2.92344e-13
3.32225e-13
3.76056e-13
4.24217e-13
4.77123e-13
5.35222e-13
5.98998e-13
6.68973e-13
7.45704e-13
8.29781e-13
9.21828e-13
1.02249e-12
1.13243e-12
1.25231e-12
1.38276e-12
1.52438e-12
1.67766e-12
1.84295e-12
2.02037e-12
2.20974e-12
2.41042e-12
2.62117e-12
2.83996e-12
3.06373e-12
3.28808e-12
3.50702e-12
3.71258e-12
3.8945e-12
4.04004e-12
4.1338e-12
4.15796e-12
4.09283e-12
3.918e-12
3.61422e-12
3.16619e-12
2.56627e-12
1.81919e-12
9.47826e-13
6.40546e-34
8.55295e-18
5.78302e-15
1.12837e-14
1.65223e-14
2.15114e-14
2.62628e-14
3.07877e-14
3.50971e-14
3.92011e-14
4.31095e-14
4.68316e-14
5.03764e-14
5.37522e-14
5.69671e-14
6.00288e-14
6.29445e-14
6.57213e-14
6.83657e-14
7.08841e-14
7.32825e-14
7.55665e-14
7.77417e-14
7.98133e-14
8.17861e-14
8.36649e-14
8.54541e-14
8.71581e-14
8.87809e-14
9.03263e-14
9.17982e-14
9.31998e-14
9.45347e-14
1.09233e-13
1.25394e-13
1.43162e-13
1.62693e-13
1.84159e-13
2.07746e-13
2.33658e-13
2.62114e-13
2.93353e-13
3.2763e-13
3.6522e-13
4.06412e-13
4.51514e-13
5.00845e-13
5.54732e-13
6.13503e-13
6.77477e-13
7.46948e-13
8.22171e-13
9.03326e-13
9.90494e-13
1.0836e-12
1.18235e-12
1.28619e-12
1.39414e-12
1.50474e-12
1.61589e-12
1.7247e-12
1.82729e-12
1.91866e-12
1.99255e-12
2.04134e-12
2.05614e-12
2.02705e-12
1.94367e-12
1.79605e-12
1.57612e-12
1.27956e-12
9.0832e-13
4.73716e-13
3.47854e-34
2.54932e-42
3.35647e-41
1.10395e-40
2.21808e-40
3.564e-40
5.05062e-40
6.60593e-40
8.17371e-40
9.71079e-40
1.11847e-39
1.25718e-39
1.38555e-39
1.50249e-39
1.60738e-39
1.69997e-39
1.78029e-39
1.84857e-39
1.90522e-39
1.95079e-39
1.9859e-39
2.0112e-39
2.02742e-39
2.03527e-39
2.03548e-39
2.02875e-39
2.01577e-39
1.9972e-39
1.97368e-39
1.94578e-39
1.91409e-39
1.87911e-39
1.24452e-38
2.94968e-38
4.27369e-38
6.12563e-38
8.70046e-38
1.22618e-37
1.71656e-37
2.38911e-37
3.3083e-37
4.56065e-37
6.26211e-37
8.56776e-37
1.16847e-36
1.58888e-36
2.15471e-36
2.91464e-36
3.93307e-36
5.29496e-36
7.11197e-36
9.53018e-36
1.27398e-35
1.69867e-35
2.25866e-35
2.99405e-35
3.95517e-35
5.20415e-35
6.81612e-35
8.87925e-35
1.14929e-34
1.4762e-34
1.87858e-34
2.36376e-34
2.93318e-34
3.57734e-34
4.26862e-34
4.95173e-34
5.53218e-34
5.86426e-34
5.74196e-34
4.89995e-34
3.03672e-34
1.19821e-34
