-1.86059e-38
-2.44967e-37
-8.057e-37
-1.61883e-36
-2.60112e-36
-3.68609e-36
-4.82119e-36
-5.96537e-36
-7.08713e-36
-8.1628e-36
-9.17507e-36
-1.01119e-35
-1.09653e-35
-1.17307e-35
-1.24064e-35
-1.29924e-35
-1.34907e-35
-1.39041e-35
-1.42366e-35
-1.44927e-35
-1.46773e-35
-1.47956e-35
-1.48528e-35
-1.48542e-35
-1.48051e-35
-1.47103e-35
-1.45747e-35
-1.4403e-35
-1.41994e-35
-1.3968e-35
-1.37127e-35
-9.08162e-35
-2.15239e-34
-3.11836e-34
-4.46933e-34
-6.34738e-34
-8.94455e-34
-1.25199e-33
-1.74223e-33
-2.41202e-33
-3.32422e-33
-4.56293e-33
-6.24049e-33
-8.50665e-33
-1.15605e-32
-1.56661e-32
-2.11726e-32
-2.85402e-32
-3.83728e-32
-5.14595e-32
-6.88252e-32
-9.17921e-32
-1.22051e-31
-1.61743e-31
-2.13543e-31
-2.80734e-31
-3.67266e-31
-4.77746e-31
-6.17336e-31
-7.91484e-31
-1.00538e-30
-1.26306e-30
-1.56599e-30
-1.91102e-30
-2.28765e-30
-2.67456e-30
-3.03564e-30
-3.31575e-30
-3.43692e-30
-3.29576e-30
-2.76356e-30
-1.69225e-30
-3.22346e-31
2.84836e-17
1.92583e-14
3.75761e-14
5.50214e-14
7.16354e-14
8.74578e-14
1.02526e-13
1.16876e-13
1.30542e-13
1.43557e-13
1.55951e-13
1.67754e-13
1.78995e-13
1.897e-13
1.99894e-13
2.09602e-13
2.18848e-13
2.27652e-13
2.36037e-13
2.44022e-13
2.51627e-13
2.58869e-13
2.65765e-13
2.72333e-13
2.78588e-13
2.84545e-13
2.90217e-13
2.9562e-13
3.00765e-13
3.05664e-13
3.1033e-13
3.14774e-13
3.637e-13
4.17487e-13
4.7661e-13
5.41586e-13
6.12978e-13
6.91398e-13
7.77507e-13
8.72021e-13
9.75705e-13
1.08938e-12
1.21391e-12
1.3502e-12
1.4992e-12
1.66185e-12
1.83911e-12
2.03188e-12
2.24097e-12
2.46705e-12
2.71055e-12
2.97154e-12
3.24961e-12
3.54367e-12
3.85174e-12
4.17067e-12
4.49581e-12
4.82071e-12
5.13669e-12
5.43254e-12
5.69429e-12
5.90505e-12
6.0453e-12
6.09342e-12
6.02687e-12
5.82382e-12
5.46544e-12
4.93841e-12
4.23757e-12
3.36826e-12
2.34812e-12
1.20898e-12
-1.81004e-30
5.95522e-17
4.02639e-14
7.85618e-14
1.15035e-13
1.49771e-13
1.82851e-13
2.14354e-13
2.44356e-13
2.72928e-13
3.00137e-13
3.2605e-13
3.50727e-13
3.74227e-13
3.96607e-13
4.1792e-13
4.38216e-13
4.57545e-13
4.75952e-13
4.93482e-13
5.10176e-13
5.26074e-13
5.41214e-13
5.55632e-13
5.69362e-13
5.82439e-13
5.94891e-13
6.0675e-13
6.18044e-13
6.288e-13
6.39043e-13
6.48797e-13
6.58087e-13
7.60365e-13
8.72803e-13
9.96388e-13
1.1322e-12
1.28141e-12
1.44529e-12
1.62523e-12
1.82269e-12
2.03927e-12
2.27667e-12
2.53667e-12
2.82113e-12
3.13197e-12
3.47114e-12
3.84053e-12
4.24194e-12
4.67693e-12
5.14672e-12
5.65199e-12
6.19262e-12
6.7674e-12
7.37364e-12
8.00669e-12
8.65937e-12
9.32135e-12
9.97842e-12
1.06119e-11
1.11978e-11
1.17069e-11
1.21043e-11
1.23506e-11
1.24031e-11
1.22185e-11
1.17566e-11
1.09843e-11
9.88107e-12
8.44261e-12
6.68466e-12
4.64517e-12
2.38637e-12
-3.29152e-30
9.74298e-17
6.58724e-14
1.28528e-13
1.88199e-13
2.45026e-13
2.99145e-13
3.50684e-13
3.99767e-13
4.46509e-13
4.91023e-13
5.33415e-13
5.73785e-13
6.1223e-13
6.48842e-13
6.83708e-13
7.16911e-13
7.48531e-13
7.78643e-13
8.07319e-13
8.34628e-13
8.60634e-13
8.85401e-13
9.08986e-13
9.31447e-13
9.52837e-13
9.73207e-13
9.92607e-13
1.01108e-12
1.02867e-12
1.04543e-12
1.06139e-12
1.07658e-12
1.24388e-12
1.42778e-12
1.6299e-12
1.852e-12
2.09597e-12
2.3639e-12
2.65801e-12
2.9807e-12
3.33454e-12
3.72224e-12
4.14666e-12
4.61077e-12
5.11759e-12
5.67013e-12
6.27132e-12
6.92381e-12
7.62985e-12
8.39097e-12
9.20773e-12
1.00792e-11
1.10026e-11
1.19725e-11
1.29799e-11
1.40118e-11
1.50497e-11
1.60687e-11
1.7037e-11
1.79147e-11
1.86539e-11
1.91993e-11
1.94902e-11
1.94632e-11
1.90572e-11
1.82192e-11
1.69101e-11
1.51117e-11
1.28308e-11
1.01017e-11
6.98701e-12
3.57798e-12
-4.49914e-30
1.46213e-16
9.88523e-14
1.92877e-13
2.82422e-13
3.677e-13
4.48914e-13
5.26255e-13
5.9991e-13
6.70052e-13
7.3685e-13
8.00462e-13
8.6104e-13
9.18729e-13
9.73667e-13
1.02598e-12
1.07581e-12
1.12325e-12
1.16844e-12
1.21146e-12
1.25244e-12
1.29146e-12
1.32862e-12
1.36401e-12
1.39771e-12
1.4298e-12
1.46037e-12
1.48947e-12
1.51719e-12
1.54359e-12
1.56873e-12
1.59267e-12
1.61547e-12
1.86646e-12
2.14234e-12
2.44552e-12
2.77861e-12
3.14446e-12
3.54614e-12
3.98696e-12
4.47046e-12
5.00041e-12
5.5808e-12
6.21577e-12
6.9096e-12
7.66658e-12
8.49095e-12
9.38664e-12
1.03571e-11
1.14051e-11
1.25319e-11
1.37374e-11
1.50187e-11
1.63699e-11
1.77807e-11
1.92355e-11
2.07119e-11
2.21793e-11
2.35981e-11
2.49182e-11
2.60789e-11
2.70096e-11
2.7632e-11
2.78631e-11
2.76215e-11
2.68341e-11
2.54443e-11
2.34195e-11
2.07571e-11
1.74873e-11
1.36724e-11
9.40337e-12
4.79677e-12
-5.4871e-30
2.10604e-16
1.42382e-13
2.77812e-13
4.06788e-13
5.29617e-13
6.46591e-13
7.57987e-13
8.64072e-13
9.65097e-13
1.0613e-12
1.15292e-12
1.24017e-12
1.32326e-12
1.40238e-12
1.47773e-12
1.54948e-12
1.61781e-12
1.68288e-12
1.74484e-12
1.80385e-12
1.86005e-12
1.91356e-12
1.96452e-12
2.01306e-12
2.05927e-12
2.10328e-12
2.1452e-12
2.18511e-12
2.22312e-12
2.25932e-12
2.29379e-12
2.32662e-12
2.68801e-12
3.0852e-12
3.52163e-12
4.00103e-12
4.52746e-12
5.10529e-12
5.73921e-12
6.43421e-12
7.19558e-12
8.02888e-12
8.93982e-12
9.93423e-12
1.10179e-11
1.21962e-11
1.34742e-11
1.48559e-11
1.63437e-11
1.79383e-11
1.96372e-11
2.14338e-11
2.33167e-11
2.52674e-11
2.72594e-11
2.92561e-11
3.12094e-11
3.30581e-11
3.47281e-11
3.61323e-11
3.71734e-11
3.77481e-11
3.77538e-11
3.70973e-11
3.57044e-11
3.35295e-11
3.05626e-11
2.6833e-11
2.24073e-11
1.73832e-11
1.18805e-11
6.03456e-12
-6.27623e-30
2.96497e-16
2.00444e-13
3.91099e-13
5.72668e-13
7.45582e-13
9.10252e-13
1.06707e-12
1.21641e-12
1.35862e-12
1.49405e-12
1.62302e-12
1.74583e-12
1.86279e-12
1.97416e-12
2.08022e-12
2.18121e-12
2.27739e-12
2.36898e-12
2.4562e-12
2.53925e-12
2.61834e-12
2.69366e-12
2.76539e-12
2.83369e-12
2.89873e-12
2.96067e-12
3.01966e-12
3.07583e-12
3.12933e-12
3.18027e-12
3.22878e-12
3.27498e-12
3.78352e-12
4.34236e-12
4.95629e-12
5.63052e-12
6.3707e-12
7.18285e-12
8.07344e-12
9.04933e-12
1.01177e-11
1.12861e-11
1.2562e-11
1.39531e-11
1.54667e-11
1.71095e-11
1.88872e-11
2.08036e-11
2.28603e-11
2.50551e-11
2.73812e-11
2.98253e-11
3.23662e-11
3.49725e-11
3.76005e-11
4.01923e-11
4.26744e-11
4.49568e-11
4.69336e-11
4.84863e-11
4.94885e-11
4.98144e-11
4.93491e-11
4.80003e-11
4.571e-11
4.24636e-11
3.82932e-11
3.32761e-11
2.75256e-11
2.11782e-11
1.4379e-11
7.27127e-12
-6.87512e-30
4.11575e-16
2.78229e-13
5.42869e-13
7.94896e-13
1.03491e-12
1.26347e-12
1.48114e-12
1.68842e-12
1.8858e-12
2.07377e-12
2.25277e-12
2.42322e-12
2.58554e-12
2.74011e-12
2.8873e-12
3.02746e-12
3.16093e-12
3.28803e-12
3.40906e-12
3.52432e-12
3.63407e-12
3.73858e-12
3.83811e-12
3.93289e-12
4.02314e-12
4.10909e-12
4.19093e-12
4.26887e-12
4.34309e-12
4.41377e-12
4.48108e-12
4.54518e-12
5.25069e-12
6.02583e-12
6.8772e-12
7.81194e-12
8.83773e-12
9.96278e-12
1.11958e-11
1.25461e-11
1.4023e-11
1.56365e-11
1.73964e-11
1.93121e-11
2.13926e-11
2.36454e-11
2.6076e-11
2.86872e-11
3.14773e-11
3.44388e-11
3.75568e-11
4.08064e-11
4.41503e-11
4.75365e-11
5.08957e-11
5.41392e-11
5.71582e-11
5.98249e-11
6.19954e-11
6.35165e-11
6.42354e-11
6.40123e-11
6.27354e-11
6.03343e-11
5.67912e-11
5.21458e-11
4.64923e-11
3.99689e-11
3.27407e-11
2.49802e-11
1.6848e-11
8.48217e-12
-7.29141e-30
5.66057e-16
3.82639e-13
7.46587e-13
1.09319e-12
1.42326e-12
1.73759e-12
2.03691e-12
2.32196e-12
2.59339e-12
2.85187e-12
3.09801e-12
3.33239e-12
3.55558e-12
3.76811e-12
3.97049e-12
4.1632e-12
4.34671e-12
4.52145e-12
4.68785e-12
4.84631e-12
4.99719e-12
5.14087e-12
5.27769e-12
5.40798e-12
5.53205e-12
5.65019e-12
5.7627e-12
5.86983e-12
5.97185e-12
6.069e-12
6.16152e-12
6.24962e-12
7.21923e-12
8.2843e-12
9.45379e-12
1.07374e-11
1.21453e-11
1.36887e-11
1.53791e-11
1.72286e-11
1.92496e-11
2.14546e-11
2.38559e-11
2.64648e-11
2.92913e-11
3.2343e-11
3.56239e-11
3.91329e-11
4.28621e-11
4.6794e-11
5.08994e-11
5.51342e-11
5.9436e-11
6.37214e-11
6.78837e-11
7.17913e-11
7.52895e-11
7.82041e-11
8.03496e-11
8.1541e-11
8.16095e-11
8.04202e-11
7.78896e-11
7.39981e-11
6.87968e-11
6.24037e-11
5.49909e-11
4.67637e-11
3.79359e-11
2.87059e-11
1.92361e-11
9.64307e-12
-7.53678e-30
7.73648e-16
5.22927e-13
1.02031e-12
1.49398e-12
1.94505e-12
2.3746e-12
2.78365e-12
3.17317e-12
3.54408e-12
3.89728e-12
4.2336e-12
4.55385e-12
4.85881e-12
5.14918e-12
5.42569e-12
5.68898e-12
5.93968e-12
6.17841e-12
6.40573e-12
6.62219e-12
6.8283e-12
7.02457e-12
7.21146e-12
7.38943e-12
7.55889e-12
7.72026e-12
7.87392e-12
8.02024e-12
8.15958e-12
8.29226e-12
8.41861e-12
8.53893e-12
9.86293e-12
1.13169e-11
1.29128e-11
1.46637e-11
1.65833e-11
1.8686e-11
2.09871e-11
2.35022e-11
2.62471e-11
2.92371e-11
3.24869e-11
3.60094e-11
3.98144e-11
4.39078e-11
4.82891e-11
5.29494e-11
5.78688e-11
6.30124e-11
6.83277e-11
7.37396e-11
7.91476e-11
8.44226e-11
8.94054e-11
9.39084e-11
9.77204e-11
1.00617e-10
1.02373e-10
1.02785e-10
1.01692e-10
9.89941e-11
9.46713e-11
8.87901e-11
8.14995e-11
7.3015e-11
6.35934e-11
5.35036e-11
4.2996e-11
3.22785e-11
2.14981e-11
1.07337e-11
-7.62802e-30
1.05283e-15
7.1157e-13
1.38837e-12
2.0329e-12
2.64668e-12
3.23116e-12
3.78772e-12
4.3177e-12
4.82235e-12
5.30288e-12
5.76044e-12
6.19612e-12
6.61097e-12
7.00598e-12
7.38211e-12
7.74024e-12
8.08126e-12
8.40596e-12
8.71514e-12
9.00953e-12
9.28985e-12
9.55676e-12
9.81092e-12
1.00529e-11
1.02834e-11
1.05028e-11
1.07117e-11
1.09107e-11
1.11001e-11
1.12805e-11
1.14523e-11
1.16159e-11
1.34157e-11
1.53915e-11
1.75593e-11
1.99363e-11
2.25406e-11
2.5391e-11
2.85072e-11
3.19088e-11
3.56153e-11
3.96451e-11
4.40146e-11
4.87366e-11
5.3819e-11
5.92622e-11
6.50563e-11
7.11777e-11
7.75853e-11
8.42155e-11
9.09782e-11
9.77516e-11
1.04379e-10
1.10667e-10
1.16389e-10
1.21286e-10
1.25087e-10
1.27519e-10
1.28336e-10
1.27342e-10
1.24422e-10
1.19554e-10
1.12825e-10
1.04424e-10
9.46185e-11
8.37317e-11
7.20999e-11
6.00401e-11
4.78198e-11
3.56351e-11
2.35993e-11
1.17392e-11
-4.16953e-30
1.07857e-15
7.28966e-13
1.42232e-12
2.0826e-12
2.71138e-12
3.31014e-12
3.88031e-12
4.42324e-12
4.94022e-12
5.43249e-12
5.90123e-12
6.34755e-12
6.77253e-12
7.17719e-12
7.5625e-12
7.92938e-12
8.27872e-12
8.61135e-12
8.92807e-12
9.22965e-12
9.5168e-12
9.79023e-12
1.00506e-11
1.02985e-11
1.05346e-11
1.07593e-11
1.09734e-11
1.11772e-11
1.13712e-11
1.1556e-11
1.1732e-11
1.18996e-11
1.37432e-11
1.5767e-11
1.79875e-11
2.04221e-11
2.30894e-11
2.60086e-11
2.91996e-11
3.26825e-11
3.6477e-11
4.06019e-11
4.50734e-11
4.99046e-11
5.51028e-11
6.06677e-11
6.65886e-11
7.28402e-11
7.93792e-11
8.61393e-11
9.30263e-11
9.99141e-11
1.06641e-10
1.13007e-10
1.18779e-10
1.23694e-10
1.27474e-10
1.29844e-10
1.30557e-10
1.2942e-10
1.26323e-10
1.21253e-10
1.14306e-10
1.05683e-10
9.56626e-11
8.45744e-11
7.27614e-11
6.05434e-11
4.81879e-11
3.58893e-11
2.37575e-11
1.18146e-11
-6.40698e-31
1.4281e-15
9.65104e-13
1.88305e-12
2.7572e-12
3.58963e-12
4.3823e-12
5.1371e-12
5.85581e-12
6.54016e-12
7.19177e-12
7.81221e-12
8.40296e-12
8.96544e-12
9.501e-12
1.00109e-11
1.04965e-11
1.09587e-11
1.13989e-11
1.1818e-11
1.2217e-11
1.2597e-11
1.29587e-11
1.33032e-11
1.36312e-11
1.39435e-11
1.42408e-11
1.4524e-11
1.47936e-11
1.50503e-11
1.52947e-11
1.55274e-11
1.57491e-11
1.81871e-11
2.08624e-11
2.37962e-11
2.70111e-11
3.05305e-11
3.43787e-11
3.85803e-11
4.31597e-11
4.814e-11
5.35418e-11
5.93818e-11
6.56703e-11
7.24087e-11
7.95859e-11
8.71743e-11
9.51244e-11
1.0336e-10
1.11772e-10
1.20212e-10
1.2849e-10
1.36371e-10
1.43576e-10
1.49795e-10
1.54693e-10
1.57939e-10
1.59236e-10
1.58347e-10
1.55133e-10
1.49575e-10
1.41784e-10
1.31998e-10
1.20552e-10
1.07848e-10
9.43063e-11
8.0326e-11
6.62471e-11
5.23278e-11
3.87305e-11
2.55172e-11
1.26507e-11
-7.09623e-31
1.93344e-15
1.30644e-12
2.54902e-12
3.73231e-12
4.85909e-12
5.93202e-12
6.95365e-12
7.9264e-12
8.85259e-12
9.73444e-12
1.05741e-11
1.13735e-11
1.21346e-11
1.28592e-11
1.35492e-11
1.4206e-11
1.48314e-11
1.54269e-11
1.59938e-11
1.65336e-11
1.70475e-11
1.75368e-11
1.80026e-11
1.84462e-11
1.88685e-11
1.92706e-11
1.96534e-11
2.0018e-11
2.03651e-11
2.06955e-11
2.10102e-11
2.13098e-11
2.46051e-11
2.82192e-11
3.21801e-11
3.6517e-11
4.12599e-11
4.64396e-11
5.20862e-11
5.82289e-11
6.48934e-11
7.2101e-11
7.98652e-11
8.81886e-11
9.70587e-11
1.06443e-10
1.16281e-10
1.26481e-10
1.36911e-10
1.47391e-10
1.57688e-10
1.67516e-10
1.76535e-10
1.84363e-10
1.90595e-10
1.94826e-10
1.96694e-10
1.95912e-10
1.92315e-10
1.85884e-10
1.76763e-10
1.65248e-10
1.5176e-10
1.36796e-10
1.20881e-10
1.04511e-10
8.81162e-11
7.20272e-11
5.64653e-11
4.15375e-11
2.72404e-11
1.34648e-11
-7.16389e-31
2.61487e-15
1.7666e-12
3.44684e-12
5.04686e-12
6.57043e-12
8.02112e-12
9.40239e-12
1.07175e-11
1.19696e-11
1.31617e-11
1.42967e-11
1.53772e-11
1.64059e-11
1.73853e-11
1.83176e-11
1.92053e-11
2.00503e-11
2.08548e-11
2.16208e-11
2.235e-11
2.30442e-11
2.37051e-11
2.43344e-11
2.49334e-11
2.55038e-11
2.60468e-11
2.65638e-11
2.70561e-11
2.75248e-11
2.7971e-11
2.83958e-11
2.88004e-11
3.32479e-11
3.81228e-11
4.34614e-11
4.9301e-11
5.56795e-11
6.26348e-11
7.02029e-11
7.84163e-11
8.73018e-11
9.68769e-11
1.07146e-10
1.18094e-10
1.29682e-10
1.41839e-10
1.54452e-10
1.6736e-10
1.80343e-10
1.93118e-10
2.05333e-10
2.16573e-10
2.26371e-10
2.34229e-10
2.39655e-10
2.42205e-10
2.41532e-10
2.37439e-10
2.29908e-10
2.19122e-10
2.05453e-10
1.89422e-10
1.71649e-10
1.52783e-10
1.33441e-10
1.14158e-10
9.53532e-11
7.73153e-11
6.02015e-11
4.40455e-11
2.87676e-11
1.41825e-11
-4.16351e-31
2.76284e-15
1.86651e-12
3.64177e-12
5.33227e-12
6.94197e-12
8.47468e-12
9.93402e-12
1.13235e-11
1.26463e-11
1.39058e-11
1.51048e-11
1.62463e-11
1.73331e-11
1.83677e-11
1.93527e-11
2.02904e-11
2.11831e-11
2.2033e-11
2.28421e-11
2.36124e-11
2.43457e-11
2.50439e-11
2.57086e-11
2.63414e-11
2.69438e-11
2.75174e-11
2.80635e-11
2.85835e-11
2.90785e-11
2.95498e-11
2.99985e-11
3.04258e-11
3.5123e-11
4.02711e-11
4.59078e-11
5.20722e-11
5.8804e-11
6.61421e-11
7.41237e-11
8.27817e-11
9.21426e-11
1.02222e-10
1.13023e-10
1.24525e-10
1.36682e-10
1.49414e-10
1.62595e-10
1.76048e-10
1.89532e-10
2.02742e-10
2.15299e-10
2.26762e-10
2.36638e-10
2.44408e-10
2.49567e-10
2.51668e-10
2.50379e-10
2.45525e-10
2.37128e-10
2.25416e-10
2.10808e-10
1.93872e-10
1.75261e-10
1.55649e-10
1.35666e-10
1.15849e-10
9.66093e-11
7.82254e-11
6.08399e-11
4.44716e-11
2.90259e-11
1.43035e-11
-1.97165e-31
3.53235e-15
2.38599e-12
4.6553e-12
6.81622e-12
8.8738e-12
1.08329e-11
1.26981e-11
1.44739e-11
1.61645e-11
1.7774e-11
1.93062e-11
2.07648e-11
2.21533e-11
2.34752e-11
2.47335e-11
2.59314e-11
2.70717e-11
2.81572e-11
2.91906e-11
3.01743e-11
3.11108e-11
3.20023e-11
3.28511e-11
3.3659e-11
3.44282e-11
3.51605e-11
3.58576e-11
3.65213e-11
3.71532e-11
3.77548e-11
3.83275e-11
3.88728e-11
4.4866e-11
5.14303e-11
5.86121e-11
6.64586e-11
7.50166e-11
8.43312e-11
9.44432e-11
1.05386e-10
1.17183e-10
1.2984e-10
1.4334e-10
1.57637e-10
1.72644e-10
1.88226e-10
2.04185e-10
2.20253e-10
2.36082e-10
2.51241e-10
2.65221e-10
2.77449e-10
2.87313e-10
2.94208e-10
2.97592e-10
2.97043e-10
2.92321e-10
2.83412e-10
2.70549e-10
2.54197e-10
2.35006e-10
2.13743e-10
1.91212e-10
1.68177e-10
1.453e-10
1.23106e-10
1.01961e-10
8.20778e-11
6.35277e-11
4.62574e-11
3.01049e-11
1.48081e-11
-2.92695e-31
4.77107e-15
3.22195e-12
6.28628e-12
9.20415e-12
1.19824e-11
1.46274e-11
1.71456e-11
1.95429e-11
2.1825e-11
2.39973e-11
2.60652e-11
2.80337e-11
2.99073e-11
3.16908e-11
3.33885e-11
3.50044e-11
3.65425e-11
3.80066e-11
3.94003e-11
4.07268e-11
4.19895e-11
4.31915e-11
4.43357e-11
4.54248e-11
4.64616e-11
4.74486e-11
4.83881e-11
4.92825e-11
5.01339e-11
5.09445e-11
5.17161e-11
5.24507e-11
6.05211e-11
6.93525e-11
7.90035e-11
8.95324e-11
1.00995e-10
1.13443e-10
1.26919e-10
1.41451e-10
1.57049e-10
1.73694e-10
1.9133e-10
2.09852e-10
2.29096e-10
2.48819e-10
2.68693e-10
2.88292e-10
3.07086e-10
3.24449e-10
3.39674e-10
3.52011e-10
3.60716e-10
3.65122e-10
3.64713e-10
3.59199e-10
3.48571e-10
3.33123e-10
3.13437e-10
2.90321e-10
2.64728e-10
2.37651e-10
2.10035e-10
1.82697e-10
1.56287e-10
1.31263e-10
1.079e-10
8.63074e-11
6.64519e-11
4.81861e-11
3.12639e-11
1.53481e-11
-3.05514e-31
6.4472e-15
4.3526e-12
8.49217e-12
1.24337e-11
1.61864e-11
1.9759e-11
2.316e-11
2.63974e-11
2.94789e-11
3.2412e-11
3.52037e-11
3.78608e-11
4.03897e-11
4.27967e-11
4.50875e-11
4.72678e-11
4.93429e-11
5.13178e-11
5.31975e-11
5.49865e-11
5.66893e-11
5.83099e-11
5.98525e-11
6.13207e-11
6.27181e-11
6.40483e-11
6.53144e-11
6.65196e-11
6.76668e-11
6.87588e-11
6.97983e-11
7.07878e-11
8.16529e-11
9.35293e-11
1.06489e-10
1.20603e-10
1.35935e-10
1.52538e-10
1.70449e-10
1.89682e-10
2.10214e-10
2.31979e-10
2.5485e-10
2.78624e-10
3.03007e-10
3.27593e-10
3.51859e-10
3.75153e-10
3.96703e-10
4.15637e-10
4.3103e-10
4.41967e-10
4.47625e-10
4.47373e-10
4.40861e-10
4.28085e-10
4.0942e-10
3.85591e-10
3.57605e-10
3.26642e-10
2.93933e-10
2.60641e-10
2.27776e-10
1.96137e-10
1.66292e-10
1.38586e-10
1.13166e-10
9.00178e-11
6.89947e-11
4.98515e-11
3.22594e-11
1.58103e-11
-2.86165e-31
8.71799e-15
5.88356e-12
1.1479e-11
1.68065e-11
2.18784e-11
2.67065e-11
3.13022e-11
3.56764e-11
3.98395e-11
4.38015e-11
4.75721e-11
5.11604e-11
5.45751e-11
5.78247e-11
6.0917e-11
6.38597e-11
6.666e-11
6.93248e-11
7.18606e-11
7.42739e-11
7.65704e-11
7.87559e-11
8.08358e-11
8.28152e-11
8.4699e-11
8.64919e-11
8.81983e-11
8.98223e-11
9.1368e-11
9.28392e-11
9.42395e-11
9.55723e-11
1.10197e-10
1.26162e-10
1.43553e-10
1.62451e-10
1.82923e-10
2.05017e-10
2.2875e-10
2.54099e-10
2.80983e-10
3.09247e-10
3.38644e-10
3.6881e-10
3.99249e-10
4.29314e-10
4.582e-10
4.84953e-10
5.08496e-10
5.27686e-10
5.41391e-10
5.48598e-10
5.48533e-10
5.40769e-10
5.25315e-10
5.02643e-10
4.73663e-10
4.39631e-10
4.0201e-10
3.62322e-10
3.22004e-10
2.82297e-10
2.44185e-10
2.08364e-10
1.75263e-10
1.4507e-10
1.17779e-10
9.32381e-11
7.11851e-11
5.12775e-11
3.3108e-11
1.62033e-11
-2.66664e-31
1.17992e-14
7.95954e-12
1.5529e-11
2.27356e-11
2.95959e-11
3.61257e-11
4.23405e-11
4.82549e-11
5.38831e-11
5.92386e-11
6.43346e-11
6.91833e-11
7.37968e-11
7.81863e-11
8.23626e-11
8.63362e-11
9.01168e-11
9.37139e-11
9.71364e-11
1.00393e-10
1.03491e-10
1.06439e-10
1.09244e-10
1.11914e-10
1.14454e-10
1.16871e-10
1.1917e-10
1.21359e-10
1.23442e-10
1.25424e-10
1.27311e-10
1.29106e-10
1.4879e-10
1.7024e-10
1.93557e-10
2.18827e-10
2.4611e-10
2.75431e-10
3.06762e-10
3.40007e-10
3.74977e-10
4.1137e-10
4.48737e-10
4.86468e-10
5.23761e-10
5.59621e-10
5.92865e-10
6.22161e-10
6.4609e-10
6.6325e-10
6.7239e-10
6.72556e-10
6.6323e-10
6.44435e-10
6.16774e-10
5.81388e-10
5.39843e-10
4.93959e-10
4.45622e-10
3.96603e-10
3.48433e-10
3.02314e-10
2.59102e-10
2.19319e-10
1.83199e-10
1.50742e-10
1.21777e-10
9.60074e-11
7.30566e-11
5.24897e-11
3.38266e-11
1.65352e-11
-2.47427e-31
1.59875e-14
1.07791e-11
2.10296e-11
3.0788e-11
4.00764e-11
4.89164e-11
5.73285e-11
6.53328e-11
7.29484e-11
8.01937e-11
8.70864e-11
9.36435e-11
9.9881e-11
1.05814e-10
1.11459e-10
1.16827e-10
1.21935e-10
1.26793e-10
1.31414e-10
1.3581e-10
1.39992e-10
1.4397e-10
1.47755e-10
1.51356e-10
1.54781e-10
1.5804e-10
1.61141e-10
1.64091e-10
1.66898e-10
1.69569e-10
1.7211e-10
1.74529e-10
2.01018e-10
2.29824e-10
2.61056e-10
2.94791e-10
3.31064e-10
3.69845e-10
4.11016e-10
4.5435e-10
4.99473e-10
5.45834e-10
5.92677e-10
6.39011e-10
6.83599e-10
7.24974e-10
7.61479e-10
7.91349e-10
8.12846e-10
8.24416e-10
8.24882e-10
8.13614e-10
7.90656e-10
7.56777e-10
7.13413e-10
6.62523e-10
6.06376e-10
5.47308e-10
4.8751e-10
4.28864e-10
3.72846e-10
3.20499e-10
2.72457e-10
2.29001e-10
1.90135e-10
1.55653e-10
1.2521e-10
9.83697e-11
7.46443e-11
5.35136e-11
3.44317e-11
1.68141e-11
-2.2876e-31
2.16917e-14
1.46156e-11
2.85136e-11
4.17432e-11
5.43341e-11
6.63152e-11
7.77145e-11
8.85589e-11
9.88744e-11
1.08686e-10
1.18018e-10
1.26893e-10
1.35334e-10
1.43361e-10
1.50995e-10
1.58254e-10
1.65158e-10
1.71723e-10
1.77967e-10
1.83904e-10
1.89551e-10
1.94922e-10
2.0003e-10
2.04889e-10
2.0951e-10
2.13906e-10
2.18087e-10
2.22064e-10
2.25847e-10
2.29447e-10
2.32871e-10
2.36129e-10
2.71768e-10
3.10427e-10
3.52207e-10
3.97153e-10
4.45234e-10
4.96311e-10
5.50105e-10
6.06156e-10
6.63786e-10
7.22057e-10
7.79737e-10
8.35291e-10
8.8689e-10
9.32468e-10
9.69825e-10
9.96794e-10
1.01144e-09
1.01232e-09
9.98639e-10
9.70492e-10
9.28854e-10
8.75541e-10
8.13011e-10
7.44094e-10
6.71696e-10
5.98529e-10
5.2691e-10
4.58647e-10
3.9501e-10
3.36765e-10
2.84248e-10
2.37455e-10
1.96133e-10
1.59865e-10
1.28135e-10
1.00371e-10
7.59832e-11
5.4374e-11
3.49388e-11
1.70474e-11
-2.10874e-31
2.94773e-14
1.98456e-11
3.87155e-11
5.6676e-11
7.37668e-11
9.00267e-11
1.05494e-10
1.20204e-10
1.34193e-10
1.47496e-10
1.60144e-10
1.72169e-10
1.83602e-10
1.94471e-10
2.04804e-10
2.14627e-10
2.23966e-10
2.32844e-10
2.41285e-10
2.49309e-10
2.56939e-10
2.64192e-10
2.71089e-10
2.77647e-10
2.83883e-10
2.89813e-10
2.95452e-10
3.00814e-10
3.05914e-10
3.10765e-10
3.15378e-10
3.19766e-10
3.67701e-10
4.19534e-10
4.75331e-10
5.35057e-10
5.98548e-10
6.65463e-10
7.35239e-10
8.07036e-10
8.79688e-10
9.51666e-10
1.02105e-09
1.08556e-09
1.14261e-09
1.18945e-09
1.22337e-09
1.24195e-09
1.24339e-09
1.22674e-09
1.19211e-09
1.14078e-09
1.07504e-09
9.97981e-10
9.13148e-10
8.24164e-10
7.3439e-10
6.46683e-10
5.63259e-10
4.85664e-10
4.14819e-10
3.51116e-10
2.94535e-10
2.44758e-10
2.01273e-10
1.6345e-10
1.30609e-10
1.02056e-10
7.71063e-11
5.50935e-11
3.53619e-11
1.72418e-11
-1.93909e-31
4.01281e-14
2.69898e-11
5.26509e-11
7.70717e-11
1.00306e-10
1.22405e-10
1.43421e-10
1.63403e-10
1.82399e-10
2.00456e-10
2.17618e-10
2.33929e-10
2.49431e-10
2.64162e-10
2.78162e-10
2.91465e-10
3.04107e-10
3.16121e-10
3.27539e-10
3.38389e-10
3.48701e-10
3.58501e-10
3.67817e-10
3.7667e-10
3.85086e-10
3.93087e-10
4.00692e-10
4.07922e-10
4.14796e-10
4.21332e-10
4.27546e-10
4.33456e-10
4.97889e-10
5.67296e-10
6.41645e-10
7.20743e-10
8.04173e-10
8.91244e-10
9.80915e-10
1.07174e-09
1.1618e-09
1.24871e-09
1.3296e-09
1.40123e-09
1.46014e-09
1.50294e-09
1.52659e-09
1.52884e-09
1.50851e-09
1.46581e-09
1.40234e-09
1.32104e-09
1.22581e-09
1.12109e-09
1.01143e-09
9.00985e-10
7.93295e-10
6.91076e-10
5.96207e-10
5.0979e-10
4.32278e-10
3.63622e-10
3.03413e-10
2.5101e-10
2.05642e-10
1.6648e-10
1.32691e-10
1.03468e-10
7.8044e-11
5.56927e-11
3.57136e-11
1.74033e-11
-1.77946e-31
5.4735e-14
3.67702e-11
7.17266e-11
1.04988e-10
1.36626e-10
1.6671e-10
1.95309e-10
2.22491e-10
2.48322e-10
2.72866e-10
2.96183e-10
3.18333e-10
3.39374e-10
3.5936e-10
3.78343e-10
3.96373e-10
4.13499e-10
4.29766e-10
4.45218e-10
4.59895e-10
4.73837e-10
4.87082e-10
4.99665e-10
5.1162e-10
5.22979e-10
5.33771e-10
5.44027e-10
5.53773e-10
5.63035e-10
5.71839e-10
5.80206e-10
5.8816e-10
6.74689e-10
7.67458e-10
8.66237e-10
9.70523e-10
1.07947e-09
1.19177e-09
1.30564e-09
1.41869e-09
1.5279e-09
1.62967e-09
1.71993e-09
1.79432e-09
1.84853e-09
1.87878e-09
1.8822e-09
1.85737e-09
1.80457e-09
1.72589e-09
1.62506e-09
1.50703e-09
1.37742e-09
1.2419e-09
1.10568e-09
9.73118e-10
8.47559e-10
7.31281e-10
6.25601e-10
5.31033e-10
4.47478e-10
3.74405e-10
3.11005e-10
2.56319e-10
2.0933e-10
1.69025e-10
1.34432e-10
1.04645e-10
7.88238e-11
5.61899e-11
3.6005e-11
1.75369e-11
-1.63023e-31
7.48204e-14
5.01894e-11
9.78975e-11
1.43283e-10
1.86441e-10
2.27465e-10
2.66448e-10
3.03483e-10
3.38659e-10
3.72065e-10
4.03783e-10
4.33898e-10
4.62487e-10
4.89626e-10
5.15389e-10
5.39843e-10
5.63057e-10
5.85094e-10
6.06013e-10
6.25872e-10
6.44726e-10
6.62626e-10
6.79623e-10
6.95761e-10
7.11087e-10
7.25642e-10
7.39466e-10
7.52596e-10
7.65068e-10
7.76917e-10
7.88174e-10
7.9887e-10
9.14908e-10
1.03859e-09
1.16931e-09
1.30601e-09
1.4471e-09
1.59034e-09
1.73271e-09
1.87044e-09
1.99899e-09
2.11319e-09
2.20753e-09
2.27656e-09
2.31545e-09
2.32063e-09
2.29031e-09
2.22489e-09
2.12708e-09
2.00167e-09
1.85497e-09
1.69409e-09
1.52616e-09
1.3577e-09
1.19412e-09
1.03951e-09
8.96657e-10
7.67112e-10
6.51454e-10
5.49506e-10
4.60568e-10
3.83614e-10
3.17444e-10
2.60795e-10
2.12425e-10
1.71151e-10
1.35882e-10
1.05622e-10
7.94699e-11
5.66012e-11
3.62457e-11
1.76471e-11
-1.49143e-31
1.02517e-13
6.86446e-11
1.33886e-10
1.95935e-10
2.54918e-10
3.10961e-10
3.6419e-10
4.1473e-10
4.62704e-10
5.08234e-10
5.51435e-10
5.92423e-10
6.31306e-10
6.68191e-10
7.03178e-10
7.36365e-10
7.67845e-10
7.97705e-10
8.26031e-10
8.52902e-10
8.78394e-10
9.02581e-10
9.2553e-10
9.47306e-10
9.67972e-10
9.87585e-10
1.0062e-09
1.02387e-09
1.04065e-09
1.05658e-09
1.0717e-09
1.08607e-09
1.24136e-09
1.40569e-09
1.57776e-09
1.75561e-09
1.93641e-09
2.11641e-09
2.29081e-09
2.45388e-09
2.59905e-09
2.7193e-09
2.8077e-09
2.85809e-09
2.86591e-09
2.82894e-09
2.74774e-09
2.62584e-09
2.46941e-09
2.28653e-09
2.08624e-09
1.87757e-09
1.66867e-09
1.46628e-09
1.27545e-09
1.09952e-09
9.40362e-10
7.98589e-10
6.73908e-10
5.65395e-10
4.71734e-10
3.91415e-10
3.22865e-10
2.64546e-10
2.15007e-10
1.72919e-10
1.37084e-10
1.06431e-10
8.00034e-11
5.69403e-11
3.64439e-11
1.77379e-11
-1.36289e-31
1.40821e-13
9.40853e-11
1.8349e-10
2.68494e-10
3.49264e-10
4.25966e-10
4.98772e-10
5.67853e-10
6.33379e-10
6.95515e-10
7.54426e-10
8.10269e-10
8.63199e-10
9.13363e-10
9.60903e-10
1.00596e-09
1.04865e-09
1.08911e-09
1.12746e-09
1.16381e-09
1.19826e-09
1.23092e-09
1.26188e-09
1.29123e-09
1.31907e-09
1.34546e-09
1.3705e-09
1.39425e-09
1.41677e-09
1.43815e-09
1.45843e-09
1.47768e-09
1.6849e-09
1.90222e-09
2.12719e-09
2.35629e-09
2.58478e-09
2.8066e-09
3.01446e-09
3.19997e-09
3.35415e-09
3.4681e-09
3.53393e-09
3.5458e-09
3.50088e-09
3.39996e-09
3.24766e-09
3.05196e-09
2.82327e-09
2.57315e-09
2.31306e-09
2.05328e-09
1.80219e-09
1.56603e-09
1.34887e-09
1.15287e-09
9.78703e-10
8.25888e-10
6.93193e-10
5.78928e-10
4.81178e-10
3.97974e-10
3.27402e-10
2.67671e-10
2.17151e-10
1.74384e-10
1.38078e-10
1.07098e-10
8.04427e-11
5.72192e-11
3.66068e-11
1.78124e-11
-1.24424e-31
1.93956e-13
1.29238e-10
2.52018e-10
3.68713e-10
4.79535e-10
5.84709e-10
6.84466e-10
7.79039e-10
8.68663e-10
9.53569e-10
1.03398e-09
1.11013e-09
1.18223e-09
1.25048e-09
1.31509e-09
1.37626e-09
1.43415e-09
1.48896e-09
1.54085e-09
1.58997e-09
1.63648e-09
1.68052e-09
1.72223e-09
1.76174e-09
1.79916e-09
1.83462e-09
1.86821e-09
1.90005e-09
1.93022e-09
1.95883e-09
1.98595e-09
2.01166e-09
2.28707e-09
2.57271e-09
2.86419e-09
3.15551e-09
3.43901e-09
3.70536e-09
3.9438e-09
4.14278e-09
4.2908e-09
4.37766e-09
4.39579e-09
4.34155e-09
4.21603e-09
4.02529e-09
3.77972e-09
3.4928e-09
3.17942e-09
2.8542e-09
2.53014e-09
2.21775e-09
1.92471e-09
1.65596e-09
1.41405e-09
1.1996e-09
1.0119e-09
8.49297e-10
7.09593e-10
5.90357e-10
4.89107e-10
4.03454e-10
3.31176e-10
2.70262e-10
2.18925e-10
1.75592e-10
1.38896e-10
1.07646e-10
8.08034e-11
5.7448e-11
3.67403e-11
1.78735e-11
-1.13505e-31
2.67887e-13
1.77917e-10
3.46899e-10
5.07431e-10
6.59788e-10
8.04265e-10
9.41175e-10
1.07084e-09
1.19358e-09
1.30972e-09
1.41958e-09
1.52347e-09
1.62171e-09
1.71458e-09
1.80238e-09
1.88538e-09
1.96383e-09
2.038e-09
2.10812e-09
2.17442e-09
2.2371e-09
2.29639e-09
2.35246e-09
2.4055e-09
2.45568e-09
2.50316e-09
2.5481e-09
2.59064e-09
2.63091e-09
2.66905e-09
2.70517e-09
2.73938e-09
3.10345e-09
3.47584e-09
3.84902e-09
4.21321e-09
4.55646e-09
4.86493e-09
5.12361e-09
5.31756e-09
5.43345e-09
5.46138e-09
5.39656e-09
5.24046e-09
5.00105e-09
4.69194e-09
4.33073e-09
3.93668e-09
3.5286e-09
3.12301e-09
2.73313e-09
2.36847e-09
2.03501e-09
1.73567e-09
1.47104e-09
1.24e-09
1.04032e-09
8.69169e-10
7.23418e-10
5.99935e-10
4.95719e-10
4.08005e-10
3.343e-10
2.72401e-10
2.20385e-10
1.76585e-10
1.39567e-10
1.08095e-10
8.10986e-11
5.7635e-11
3.68495e-11
1.79234e-11
-1.03477e-31
3.71057e-13
2.45461e-10
4.7852e-10
6.998e-10
9.09649e-10
1.10845e-09
1.29663e-09
1.47463e-09
1.64289e-09
1.80188e-09
1.95204e-09
2.09382e-09
2.22766e-09
2.35399e-09
2.47321e-09
2.58572e-09
2.6919e-09
2.7921e-09
2.88667e-09
2.97594e-09
3.06021e-09
3.13978e-09
3.21491e-09
3.28588e-09
3.35291e-09
3.41625e-09
3.47611e-09
3.53269e-09
3.58618e-09
3.63676e-09
3.68461e-09
3.72988e-09
4.2077e-09
4.68804e-09
5.15843e-09
5.60352e-09
6.00536e-09
6.3444e-09
6.60102e-09
6.7576e-09
6.801e-09
6.72483e-09
6.53096e-09
6.22989e-09
5.83961e-09
5.38319e-09
4.88582e-09
4.37181e-09
3.86234e-09
3.3741e-09
2.91889e-09
2.50393e-09
2.13258e-09
1.80523e-09
1.52021e-09
1.27451e-09
1.0644e-09
8.85888e-10
7.34981e-10
6.07906e-10
5.012e-10
4.11765e-10
3.36874e-10
2.7416e-10
2.21582e-10
1.77398e-10
1.40116e-10
1.08462e-10
8.13396e-11
5.77877e-11
3.69384e-11
1.7964e-11
-9.42856e-32
5.15408e-13
3.39329e-10
6.61386e-10
9.66959e-10
1.25647e-09
1.53043e-09
1.7894e-09
2.03398e-09
2.26481e-09
2.48252e-09
2.68777e-09
2.88119e-09
3.06342e-09
3.23507e-09
3.39674e-09
3.54899e-09
3.69237e-09
3.82741e-09
3.9546e-09
4.07441e-09
4.18728e-09
4.29364e-09
4.39388e-09
4.48837e-09
4.57746e-09
4.66149e-09
4.74075e-09
4.81555e-09
4.88614e-09
4.95278e-09
5.01571e-09
5.07515e-09
5.69641e-09
6.30737e-09
6.88823e-09
7.41566e-09
7.86397e-09
8.20716e-09
8.42169e-09
8.48982e-09
8.40273e-09
8.16272e-09
7.78364e-09
7.28934e-09
6.71041e-09
6.08002e-09
5.42992e-09
4.78741e-09
4.17371e-09
3.60352e-09
3.08553e-09
2.62353e-09
2.21756e-09
1.86511e-09
1.56212e-09
1.30367e-09
1.08461e-09
8.99839e-10
7.44584e-10
6.145e-10
5.05719e-10
4.14856e-10
3.38985e-10
2.75599e-10
2.22561e-10
1.78062e-10
1.40563e-10
1.08761e-10
8.15358e-11
5.79118e-11
3.70108e-11
1.79971e-11
-8.58735e-32
7.17801e-13
4.69898e-10
9.15665e-10
1.33828e-09
1.73823e-09
2.11616e-09
2.47283e-09
2.80908e-09
3.12578e-09
3.42386e-09
3.70424e-09
3.96786e-09
4.21562e-09
4.44843e-09
4.66715e-09
4.87262e-09
5.06564e-09
5.24696e-09
5.41732e-09
5.57739e-09
5.72782e-09
5.86922e-09
6.00217e-09
6.12719e-09
6.2448e-09
6.35547e-09
6.45963e-09
6.5577e-09
6.65007e-09
6.73709e-09
6.8191e-09
6.89641e-09
7.69433e-09
8.45738e-09
9.1551e-09
9.75355e-09
1.02179e-08
1.05163e-08
1.06243e-08
1.05294e-08
1.02341e-08
9.75663e-09
9.1288e-09
8.39155e-09
7.58902e-09
6.76305e-09
5.94921e-09
5.17463e-09
4.45769e-09
3.80888e-09
3.23231e-09
2.72742e-09
2.29051e-09
1.91601e-09
1.59745e-09
1.32809e-09
1.10143e-09
9.11396e-10
7.52507e-10
6.19922e-10
5.09424e-10
4.17385e-10
3.40709e-10
2.76772e-10
2.23359e-10
1.78601e-10
1.40927e-10
1.09004e-10
8.16951e-11
5.80125e-11
3.70695e-11
1.80239e-11
-6.14981e-32
8.58943e-13
5.60359e-10
1.09179e-09
1.59536e-09
2.07161e-09
2.52126e-09
2.94519e-09
3.34439e-09
3.71993e-09
4.07293e-09
4.40452e-09
4.71583e-09
5.00799e-09
5.28211e-09
5.53924e-09
5.78041e-09
6.00662e-09
6.21878e-09
6.4178e-09
6.60452e-09
6.77972e-09
6.94415e-09
7.09852e-09
7.24347e-09
7.37963e-09
7.50756e-09
7.62781e-09
7.74087e-09
7.8472e-09
7.94725e-09
8.04142e-09
8.13008e-09
9.03784e-09
9.89023e-09
1.06494e-08
1.12746e-08
1.17259e-08
1.19694e-08
1.19826e-08
1.17594e-08
1.13124e-08
1.0672e-08
9.88222e-09
8.99395e-09
8.05816e-09
7.12e-09
6.21536e-09
5.36969e-09
4.5986e-09
3.90945e-09
3.30339e-09
2.77726e-09
2.32524e-09
1.94008e-09
1.61406e-09
1.33952e-09
1.10927e-09
9.16766e-10
7.56179e-10
6.2243e-10
5.11135e-10
4.18551e-10
3.41503e-10
2.77312e-10
2.23725e-10
1.78849e-10
1.41094e-10
1.09115e-10
8.17681e-11
5.80587e-11
3.70963e-11
1.80361e-11
-6.94427e-31
1.00063e-12
6.5075e-10
1.26774e-09
1.85213e-09
2.40446e-09
2.92554e-09
3.41637e-09
3.8781e-09
4.31198e-09
4.71933e-09
5.10148e-09
5.45981e-09
5.79563e-09
6.11027e-09
6.405e-09
6.68104e-09
6.93957e-09
7.18171e-09
7.40852e-09
7.62099e-09
7.82008e-09
8.00666e-09
8.18158e-09
8.3456e-09
8.49945e-09
8.64382e-09
8.77933e-09
8.90658e-09
9.02611e-09
9.13843e-09
9.24402e-09
9.34332e-09
1.03523e-08
1.12832e-08
1.20909e-08
1.27283e-08
1.31514e-08
1.33258e-08
1.32328e-08
1.28742e-08
1.22739e-08
1.14747e-08
1.0532e-08
9.50533e-09
8.45058e-09
7.41459e-09
6.43241e-09
5.52712e-09
4.7113e-09
3.98928e-09
3.35945e-09
2.81636e-09
2.35235e-09
1.9588e-09
1.62694e-09
1.34836e-09
1.11533e-09
9.20903e-10
7.59003e-10
6.24356e-10
5.12447e-10
4.19445e-10
3.42111e-10
2.77725e-10
2.24005e-10
1.79039e-10
1.41222e-10
1.092e-10
8.18239e-11
5.8094e-11
3.71169e-11
1.80455e-11
-2.04267e-30
1.39623e-12
9.01199e-10
1.7551e-09
2.563e-09
3.32542e-09
4.04335e-09
4.7181e-09
5.35127e-09
5.94464e-09
6.50009e-09
7.01959e-09
7.50511e-09
7.95863e-09
8.38208e-09
8.77735e-09
9.14623e-09
9.49048e-09
9.81172e-09
1.01115e-08
1.03914e-08
1.06526e-08
1.08966e-08
1.11245e-08
1.13375e-08
1.15365e-08
1.17227e-08
1.18968e-08
1.20598e-08
1.22124e-08
1.23553e-08
1.24892e-08
1.26148e-08
1.38656e-08
1.4966e-08
1.58521e-08
1.64623e-08
1.67468e-08
1.66766e-08
1.62509e-08
1.55002e-08
1.44821e-08
1.32722e-08
1.19522e-08
1.05979e-08
9.27181e-09
8.01988e-09
6.87128e-09
5.84106e-09
4.93343e-09
4.14507e-09
3.46794e-09
2.89149e-09
2.40415e-09
1.9944e-09
1.65133e-09
1.36504e-09
1.12672e-09
9.28674e-10
7.64299e-10
6.27962e-10
5.14902e-10
4.21114e-10
3.43246e-10
2.78496e-10
2.24528e-10
1.79392e-10
1.41459e-10
1.09359e-10
8.19277e-11
5.81596e-11
3.71551e-11
1.8063e-11
-2.61453e-30
1.94923e-12
1.24752e-09
2.42872e-09
3.5449e-09
4.59643e-09
5.58446e-09
6.51074e-09
7.37747e-09
8.18717e-09
8.94258e-09
9.64657e-09
1.0302e-08
1.09119e-08
1.14791e-08
1.20063e-08
1.24962e-08
1.29514e-08
1.33744e-08
1.37675e-08
1.41327e-08
1.44722e-08
1.47879e-08
1.50814e-08
1.53545e-08
1.56087e-08
1.58454e-08
1.60658e-08
1.62713e-08
1.64629e-08
1.66416e-08
1.68084e-08
1.69642e-08
1.84759e-08
1.97214e-08
2.06139e-08
2.10798e-08
2.10728e-08
2.05854e-08
1.96547e-08
1.83583e-08
1.68006e-08
1.50947e-08
1.33455e-08
1.16381e-08
1.00332e-08
8.56811e-09
7.26088e-09
6.11504e-09
5.12451e-09
4.27747e-09
3.55923e-09
2.95418e-09
2.44708e-09
2.02372e-09
1.67134e-09
1.37867e-09
1.13599e-09
9.34984e-10
7.68589e-10
6.30879e-10
5.16884e-10
4.22461e-10
3.4416e-10
2.79116e-10
2.24948e-10
1.79677e-10
1.41651e-10
1.09486e-10
8.20111e-11
5.82123e-11
3.71857e-11
1.8077e-11
-2.3787e-30
2.71671e-12
1.72303e-09
3.35319e-09
4.89155e-09
6.33811e-09
7.69413e-09
8.96189e-09
1.01444e-08
1.12453e-08
1.22686e-08
1.32183e-08
1.40989e-08
1.49145e-08
1.56695e-08
1.6368e-08
1.70139e-08
1.7611e-08
1.8163e-08
1.86733e-08
1.9145e-08
1.95811e-08
1.99843e-08
2.03574e-08
2.07026e-08
2.10221e-08
2.1318e-08
2.15922e-08
2.18463e-08
2.2082e-08
2.23008e-08
2.25039e-08
2.26926e-08
2.44611e-08
2.57841e-08
2.65513e-08
2.66862e-08
2.61655e-08
2.50309e-08
2.33855e-08
2.13747e-08
1.91586e-08
1.68848e-08
1.46714e-08
1.26006e-08
1.07207e-08
9.05302e-09
7.59951e-09
6.34971e-09
5.28619e-09
4.38838e-09
3.63505e-09
3.00589e-09
2.48229e-09
2.04767e-09
1.68761e-09
1.38972e-09
1.1435e-09
9.40075e-10
7.72045e-10
6.33225e-10
5.18476e-10
4.23542e-10
3.44894e-10
2.79614e-10
2.25285e-10
1.79904e-10
1.41803e-10
1.09588e-10
8.20778e-11
5.82544e-11
3.72102e-11
1.80881e-11
-2.16381e-30
3.76911e-12
2.36903e-09
4.60861e-09
6.71921e-09
8.70009e-09
1.05525e-08
1.22795e-08
1.38851e-08
1.53744e-08
1.67531e-08
1.80273e-08
1.92032e-08
2.02871e-08
2.12853e-08
2.22037e-08
2.30484e-08
2.38247e-08
2.45381e-08
2.51935e-08
2.57956e-08
2.63487e-08
2.68568e-08
2.73238e-08
2.7753e-08
2.81476e-08
2.85105e-08
2.88445e-08
2.9152e-08
2.94352e-08
2.96962e-08
2.99368e-08
3.01589e-08
3.21405e-08
3.3408e-08
3.38326e-08
3.33567e-08
3.20173e-08
2.9947e-08
2.73495e-08
2.44553e-08
2.14785e-08
1.85874e-08
1.58956e-08
1.34669e-08
1.13263e-08
9.4725e-09
7.88809e-09
6.54724e-09
5.4209e-09
4.48e-09
3.69727e-09
3.04809e-09
2.51088e-09
2.06704e-09
1.70073e-09
1.39861e-09
1.14952e-09
9.44156e-10
7.74811e-10
6.351e-10
5.19748e-10
4.24404e-10
3.45478e-10
2.8001e-10
2.25553e-10
1.80085e-10
1.41925e-10
1.09669e-10
8.21308e-11
5.82879e-11
3.72297e-11
1.8097e-11
-1.96808e-30
5.17994e-12
3.22981e-09
6.28098e-09
9.15293e-09
1.18437e-08
1.43544e-08
1.66887e-08
1.88523e-08
2.0852e-08
2.2696e-08
2.43927e-08
2.59512e-08
2.73804e-08
2.86894e-08
2.98869e-08
3.09815e-08
3.19811e-08
3.28935e-08
3.37258e-08
3.44849e-08
3.5177e-08
3.58079e-08
3.6383e-08
3.69073e-08
3.73852e-08
3.78211e-08
3.82185e-08
3.85812e-08
3.89121e-08
3.92142e-08
3.94902e-08
3.97423e-08
4.1836e-08
4.28247e-08
4.25783e-08
4.11013e-08
3.85511e-08
3.52099e-08
3.14166e-08
2.74912e-08
2.36829e-08
2.01546e-08
1.69924e-08
1.42257e-08
1.18469e-08
9.82763e-09
8.12933e-09
6.71067e-09
5.53143e-09
4.55467e-09
3.74768e-09
3.08213e-09
2.53386e-09
2.08256e-09
1.71122e-09
1.4057e-09
1.15431e-09
9.47401e-10
7.77008e-10
6.36588e-10
5.20756e-10
4.25087e-10
3.45942e-10
2.80324e-10
2.25766e-10
1.80228e-10
1.42021e-10
1.09733e-10
8.21727e-11
5.83143e-11
3.72451e-11
1.8104e-11
-1.78986e-30
7.05821e-12
4.37913e-09
8.51423e-09
1.24033e-08
1.60428e-08
1.94333e-08
2.25794e-08
2.54883e-08
2.8169e-08
3.06325e-08
3.28905e-08
3.49553e-08
3.68394e-08
3.85556e-08
4.01163e-08
4.15333e-08
4.28183e-08
4.39822e-08
4.50354e-08
4.59875e-08
4.68476e-08
4.76241e-08
4.83246e-08
4.89564e-08
4.95258e-08
5.0039e-08
5.05012e-08
5.09175e-08
5.12923e-08
5.16297e-08
5.19334e-08
5.22067e-08
5.42097e-08
5.45269e-08
5.30747e-08
5.00123e-08
4.57234e-08
4.07143e-08
3.54791e-08
3.04012e-08
2.57225e-08
2.15623e-08
1.79539e-08
1.48778e-08
1.22872e-08
1.0124e-08
8.32857e-09
6.84451e-09
5.62131e-09
4.61506e-09
3.78827e-09
3.10942e-09
2.55224e-09
2.09494e-09
1.71956e-09
1.41133e-09
1.15812e-09
9.49973e-10
7.78748e-10
6.37766e-10
5.21554e-10
4.25628e-10
3.46308e-10
2.80572e-10
2.25933e-10
1.80341e-10
1.42097e-10
1.09784e-10
8.22058e-11
5.83352e-11
3.72572e-11
1.81095e-11
-1.62765e-30
9.2752e-12
5.74881e-09
1.11767e-08
1.62806e-08
2.1055e-08
2.55002e-08
2.9621e-08
3.34261e-08
3.69267e-08
4.01366e-08
4.30706e-08
4.57446e-08
4.81753e-08
5.03793e-08
5.2373e-08
5.41727e-08
5.57941e-08
5.7252e-08
5.85607e-08
5.97335e-08
6.07828e-08
6.17204e-08
6.25568e-08
6.33021e-08
6.39651e-08
6.45542e-08
6.5077e-08
6.55402e-08
6.595e-08
6.63121e-08
6.66316e-08
6.6913e-08
6.85776e-08
6.77941e-08
6.45942e-08
5.94072e-08
5.29538e-08
4.60186e-08
3.92348e-08
3.29968e-08
2.74883e-08
2.2752e-08
1.87507e-08
1.54098e-08
1.26419e-08
1.03604e-08
8.4862e-09
6.9497e-09
5.6916e-09
4.66207e-09
3.81976e-09
3.13055e-09
2.56643e-09
2.10448e-09
1.72599e-09
1.41566e-09
1.16104e-09
9.51946e-10
7.80082e-10
6.38668e-10
5.22165e-10
4.26041e-10
3.46588e-10
2.80761e-10
2.26061e-10
1.80428e-10
1.42155e-10
1.09822e-10
8.2231e-11
5.83511e-11
3.72664e-11
1.81138e-11
-1.48002e-30
1.06311e-11
6.58734e-09
1.28068e-08
1.86545e-08
2.4124e-08
2.9215e-08
3.39329e-08
3.82868e-08
4.22895e-08
4.59562e-08
4.93037e-08
5.23502e-08
5.51146e-08
5.76159e-08
5.98734e-08
6.19057e-08
6.37311e-08
6.53668e-08
6.68295e-08
6.81349e-08
6.92974e-08
7.03307e-08
7.12475e-08
7.20592e-08
7.27765e-08
7.3409e-08
7.39657e-08
7.44546e-08
7.48829e-08
7.52571e-08
7.55833e-08
7.58666e-08
7.72874e-08
7.57842e-08
7.14674e-08
6.49427e-08
5.71489e-08
4.90447e-08
4.13424e-08
3.44321e-08
2.84527e-08
2.3395e-08
1.91778e-08
1.5693e-08
1.28297e-08
1.04851e-08
8.56902e-09
7.00481e-09
5.72833e-09
4.6866e-09
3.83617e-09
3.14154e-09
2.5738e-09
2.10944e-09
1.72932e-09
1.41791e-09
1.16255e-09
9.52969e-10
7.80773e-10
6.39135e-10
5.22481e-10
4.26255e-10
3.46733e-10
2.80859e-10
2.26128e-10
1.80473e-10
1.42185e-10
1.09842e-10
8.22441e-11
5.83593e-11
3.72712e-11
1.81159e-11
-1.34564e-30
9.67152e-12
5.98513e-09
1.16354e-08
1.69471e-08
2.19144e-08
2.65373e-08
3.0821e-08
3.47745e-08
3.84099e-08
4.17414e-08
4.47849e-08
4.75573e-08
5.00758e-08
5.23581e-08
5.44214e-08
5.62829e-08
5.79589e-08
5.94651e-08
6.08162e-08
6.20262e-08
6.31082e-08
6.40743e-08
6.49355e-08
6.57022e-08
6.63838e-08
6.6989e-08
6.75254e-08
6.80002e-08
6.84199e-08
6.87903e-08
6.91167e-08
6.94036e-08
7.10735e-08
7.01904e-08
6.67828e-08
6.12953e-08
5.44871e-08
4.71944e-08
4.0095e-08
3.36051e-08
2.79088e-08
2.30385e-08
1.89442e-08
1.55397e-08
1.27289e-08
1.04187e-08
8.52514e-09
6.97574e-09
5.70902e-09
4.67374e-09
3.82759e-09
3.1358e-09
2.56996e-09
2.10686e-09
1.72759e-09
1.41674e-09
1.16177e-09
9.52438e-10
7.80414e-10
6.38893e-10
5.22317e-10
4.26144e-10
3.46657e-10
2.80808e-10
2.26093e-10
1.8045e-10
1.4217e-10
1.09832e-10
8.22374e-11
5.83551e-11
3.72688e-11
1.81148e-11
-6.40623e-31
7.63001e-12
4.72534e-09
9.18664e-09
1.33814e-08
1.73053e-08
2.09591e-08
2.43476e-08
2.74783e-08
3.03615e-08
3.30089e-08
3.54332e-08
3.7648e-08
3.9667e-08
4.15039e-08
4.31724e-08
4.46856e-08
4.60559e-08
4.72954e-08
4.84153e-08
4.94263e-08
5.0338e-08
5.11597e-08
5.18997e-08
5.25657e-08
5.31649e-08
5.37036e-08
5.41878e-08
5.46228e-08
5.50135e-08
5.53643e-08
5.56791e-08
5.59617e-08
5.79766e-08
5.8145e-08
5.63847e-08
5.28847e-08
4.80844e-08
4.25577e-08
3.68561e-08
3.1395e-08
2.6422e-08
2.20463e-08
1.82849e-08
1.51024e-08
1.24389e-08
1.02262e-08
8.39725e-09
6.89064e-09
5.65229e-09
4.63587e-09
3.80225e-09
3.11883e-09
2.55857e-09
2.0992e-09
1.72244e-09
1.41327e-09
1.15943e-09
9.50858e-10
7.79346e-10
6.38171e-10
5.21828e-10
4.25813e-10
3.46433e-10
2.80657e-10
2.25991e-10
1.80381e-10
1.42124e-10
1.09801e-10
8.22173e-11
5.83424e-11
3.72614e-11
1.81115e-11
3.19962e-34
5.91071e-12
3.67562e-09
7.14713e-09
1.04134e-08
1.34717e-08
1.63233e-08
1.89721e-08
2.14244e-08
2.36882e-08
2.57727e-08
2.76878e-08
2.94439e-08
3.10512e-08
3.25204e-08
3.38615e-08
3.50845e-08
3.61986e-08
3.72128e-08
3.81355e-08
3.89745e-08
3.97372e-08
4.04302e-08
4.10598e-08
4.16318e-08
4.21514e-08
4.26234e-08
4.30522e-08
4.34419e-08
4.3796e-08
4.4118e-08
4.44107e-08
4.4677e-08
4.6811e-08
4.76335e-08
4.70166e-08
4.50015e-08
4.18123e-08
3.78108e-08
3.34055e-08
2.89602e-08
2.47389e-08
2.08986e-08
1.7509e-08
1.45807e-08
1.20892e-08
9.99213e-09
8.24067e-09
6.78587e-09
5.58216e-09
4.58887e-09
3.77073e-09
3.09766e-09
2.54434e-09
2.08963e-09
1.71598e-09
1.40892e-09
1.15649e-09
9.48873e-10
7.78005e-10
6.37263e-10
5.21213e-10
4.25397e-10
3.46152e-10
2.80466e-10
2.25862e-10
1.80294e-10
1.42065e-10
1.09763e-10
8.21919e-11
5.83265e-11
3.72522e-11
1.81073e-11
3.51878e-34
4.5121e-12
2.82362e-09
5.49194e-09
8.00491e-09
1.03612e-08
1.25621e-08
1.4611e-08
1.65128e-08
1.82736e-08
1.99003e-08
2.14003e-08
2.27812e-08
2.40508e-08
2.52168e-08
2.62866e-08
2.72673e-08
2.8166e-08
2.8989e-08
2.97426e-08
3.04323e-08
3.10637e-08
3.16416e-08
3.21706e-08
3.26549e-08
3.30984e-08
3.35046e-08
3.38768e-08
3.42181e-08
3.4531e-08
3.48182e-08
3.50818e-08
3.53239e-08
3.74154e-08
3.85962e-08
3.87292e-08
3.77782e-08
3.58312e-08
3.3092e-08
2.98366e-08
2.63516e-08
2.28811e-08
1.96003e-08
1.66137e-08
1.3969e-08
1.16739e-08
9.71127e-09
8.05123e-09
6.65827e-09
5.49627e-09
4.53107e-09
3.73182e-09
3.07146e-09
2.52669e-09
2.07772e-09
1.70795e-09
1.4035e-09
1.15282e-09
9.46395e-10
7.76328e-10
6.36128e-10
5.20445e-10
4.24876e-10
3.45799e-10
2.80227e-10
2.257e-10
1.80185e-10
1.41992e-10
1.09714e-10
8.21601e-11
5.83064e-11
3.72405e-11
1.8102e-11
3.86953e-34
3.40542e-12
2.14719e-09
4.17762e-09
6.09202e-09
7.88997e-09
9.57277e-09
1.11432e-08
1.26049e-08
1.39626e-08
1.52213e-08
1.63863e-08
1.74633e-08
1.84579e-08
1.93754e-08
2.02215e-08
2.10011e-08
2.17192e-08
2.23806e-08
2.29897e-08
2.35505e-08
2.40669e-08
2.45426e-08
2.49808e-08
2.53846e-08
2.57569e-08
2.61002e-08
2.64169e-08
2.67093e-08
2.69793e-08
2.72288e-08
2.74595e-08
2.7673e-08
2.96155e-08
3.09423e-08
3.15272e-08
3.12999e-08
3.0269e-08
2.85303e-08
2.62507e-08
2.36346e-08
2.08836e-08
1.8166e-08
1.56021e-08
1.32649e-08
1.11885e-08
9.37897e-09
7.82484e-09
6.50455e-09
5.39212e-09
4.46061e-09
3.68419e-09
3.03927e-09
2.50493e-09
2.06302e-09
1.69802e-09
1.39678e-09
1.14828e-09
9.43317e-10
7.74244e-10
6.34715e-10
5.19488e-10
4.24228e-10
3.45359e-10
2.79929e-10
2.25499e-10
1.80049e-10
1.41901e-10
1.09653e-10
8.21204e-11
5.82814e-11
3.7226e-11
1.80953e-11
2.38802e-34
3.2444e-12
2.04841e-09
3.98564e-09
5.81255e-09
7.52881e-09
9.13573e-09
1.06359e-08
1.2033e-08
1.33314e-08
1.45357e-08
1.56512e-08
1.66831e-08
1.76367e-08
1.85172e-08
1.93296e-08
2.00789e-08
2.07697e-08
2.14065e-08
2.19934e-08
2.25343e-08
2.30329e-08
2.34926e-08
2.39165e-08
2.43075e-08
2.46683e-08
2.50014e-08
2.5309e-08
2.55932e-08
2.5856e-08
2.60991e-08
2.63241e-08
2.65325e-08
2.84427e-08
2.97784e-08
3.04162e-08
3.02829e-08
2.93783e-08
2.77838e-08
2.56508e-08
2.31704e-08
2.05358e-08
1.7912e-08
1.54204e-08
1.3137e-08
1.10994e-08
9.31752e-09
7.7827e-09
6.47579e-09
5.37255e-09
4.44732e-09
3.67518e-09
3.03317e-09
2.5008e-09
2.06023e-09
1.69612e-09
1.3955e-09
1.14741e-09
9.4273e-10
7.73846e-10
6.34446e-10
5.19305e-10
4.24104e-10
3.45275e-10
2.79872e-10
2.2546e-10
1.80023e-10
1.41883e-10
1.09641e-10
8.21128e-11
5.82766e-11
3.72232e-11
1.8094e-11
2.22845e-34
2.54745e-12
1.61917e-09
3.15135e-09
4.59772e-09
5.95838e-09
7.23459e-09
8.42853e-09
9.54306e-09
1.05815e-08
1.15476e-08
1.24452e-08
1.32782e-08
1.40507e-08
1.47665e-08
1.54295e-08
1.60434e-08
1.66116e-08
1.71376e-08
1.76244e-08
1.8075e-08
1.84921e-08
1.88784e-08
1.92362e-08
1.95677e-08
1.9875e-08
2.016e-08
2.04244e-08
2.06698e-08
2.08978e-08
2.11096e-08
2.13065e-08
2.14897e-08
2.32222e-08
2.45521e-08
2.53726e-08
2.5605e-08
2.52171e-08
2.42361e-08
2.27482e-08
2.08839e-08
1.87934e-08
1.66206e-08
1.44844e-08
1.24703e-08
1.0631e-08
8.99174e-09
7.55786e-09
6.3215e-09
5.26712e-09
4.37549e-09
3.62634e-09
3.00001e-09
2.47831e-09
2.04498e-09
1.68579e-09
1.38849e-09
1.14266e-09
9.39513e-10
7.71664e-10
6.32966e-10
5.18301e-10
4.23423e-10
3.44814e-10
2.7956e-10
2.25249e-10
1.7988e-10
1.41787e-10
1.09578e-10
8.2071e-11
5.82502e-11
3.72079e-11
1.80871e-11
4.31682e-34
1.89314e-12
1.21293e-09
2.36149e-09
3.44699e-09
4.46985e-09
5.4312e-09
6.33276e-09
7.17666e-09
7.96536e-09
8.70149e-09
9.38783e-09
1.00272e-08
1.06223e-08
1.11761e-08
1.16911e-08
1.217e-08
1.26153e-08
1.30292e-08
1.3414e-08
1.37718e-08
1.41046e-08
1.44142e-08
1.47023e-08
1.49704e-08
1.52201e-08
1.54528e-08
1.56696e-08
1.58718e-08
1.60604e-08
1.62365e-08
1.64009e-08
1.65545e-08
1.80505e-08
1.92939e-08
2.01998e-08
2.06947e-08
2.07299e-08
2.0294e-08
1.94186e-08
1.81756e-08
1.6665e-08
1.49977e-08
1.32781e-08
1.15923e-08
1.00025e-08
8.54783e-09
7.24753e-09
6.10626e-09
5.11873e-09
4.27365e-09
3.55669e-09
2.95249e-09
2.44595e-09
2.02297e-09
1.67083e-09
1.37833e-09
1.13577e-09
9.3483e-10
7.68486e-10
6.30809e-10
5.16837e-10
4.22429e-10
3.44139e-10
2.79102e-10
2.24939e-10
1.79671e-10
1.41647e-10
1.09484e-10
8.20098e-11
5.82116e-11
3.71854e-11
1.80768e-11
5.14329e-34
1.40071e-12
9.0424e-10
1.76104e-09
2.57169e-09
3.33674e-09
4.05717e-09
4.7343e-09
5.36975e-09
5.96527e-09
6.52279e-09
7.04424e-09
7.53163e-09
7.98692e-09
8.41205e-09
8.80892e-09
9.17932e-09
9.52501e-09
9.84763e-09
1.01487e-08
1.04298e-08
1.06923e-08
1.09373e-08
1.11663e-08
1.13803e-08
1.15803e-08
1.17673e-08
1.19423e-08
1.21061e-08
1.22594e-08
1.24031e-08
1.25377e-08
1.26639e-08
1.39216e-08
1.50291e-08
1.5922e-08
1.65382e-08
1.68274e-08
1.67597e-08
1.6334e-08
1.55801e-08
1.4556e-08
1.33379e-08
1.20082e-08
1.06438e-08
9.30831e-09
8.048e-09
6.89241e-09
5.8566e-09
4.94467e-09
4.15308e-09
3.4736e-09
2.89544e-09
2.4069e-09
1.99629e-09
1.65264e-09
1.36594e-09
1.12733e-09
9.29093e-10
7.64585e-10
6.28158e-10
5.15035e-10
4.21205e-10
3.43308e-10
2.78539e-10
2.24557e-10
1.79413e-10
1.41473e-10
1.09369e-10
8.19342e-11
5.81638e-11
3.71576e-11
1.80641e-11
5.65371e-34
1.03341e-12
6.71753e-10
1.30863e-09
1.91182e-09
2.48186e-09
3.01958e-09
3.52601e-09
4.00235e-09
4.44988e-09
4.86996e-09
5.26399e-09
5.63337e-09
5.97948e-09
6.30369e-09
6.60731e-09
6.89162e-09
7.15783e-09
7.40711e-09
7.64055e-09
7.85918e-09
8.064e-09
8.2559e-09
8.43577e-09
8.60439e-09
8.76253e-09
8.91088e-09
9.0501e-09
9.18081e-09
9.30356e-09
9.41889e-09
9.52728e-09
9.6292e-09
1.06635e-08
1.16148e-08
1.24365e-08
1.30798e-08
1.34997e-08
1.36611e-08
1.3546e-08
1.31577e-08
1.25222e-08
1.16853e-08
1.07051e-08
9.6435e-09
8.55795e-09
7.49608e-09
6.493e-09
5.57139e-09
4.74319e-09
4.01198e-09
3.37545e-09
2.82755e-09
2.36012e-09
1.96418e-09
1.63065e-09
1.35091e-09
1.11707e-09
9.22096e-10
7.59818e-10
6.24912e-10
5.12827e-10
4.19703e-10
3.42287e-10
2.77846e-10
2.24087e-10
1.79095e-10
1.4126e-10
1.09226e-10
8.1841e-11
5.81049e-11
3.71233e-11
1.80485e-11
6.21377e-34
7.61155e-13
4.97831e-10
9.70062e-10
1.4177e-09
1.84127e-09
2.24143e-09
2.61898e-09
2.9748e-09
3.30983e-09
3.62506e-09
3.92146e-09
4.20004e-09
4.46176e-09
4.70759e-09
4.93846e-09
5.15524e-09
5.3588e-09
5.54995e-09
5.72946e-09
5.89807e-09
6.05646e-09
6.20528e-09
6.34515e-09
6.47663e-09
6.60027e-09
6.71656e-09
6.82598e-09
6.92896e-09
7.02592e-09
7.11723e-09
7.20325e-09
7.28432e-09
8.11925e-09
8.91382e-09
9.63528e-09
1.02474e-08
1.07135e-08
1.10006e-08
1.10842e-08
1.0953e-08
1.06123e-08
1.00836e-08
9.40289e-09
8.61457e-09
7.76555e-09
6.89936e-09
6.05217e-09
5.25095e-09
4.51335e-09
3.84893e-09
3.26081e-09
2.74752e-09
2.30458e-09
1.9258e-09
1.60422e-09
1.33277e-09
1.10465e-09
9.136e-10
7.54016e-10
6.20954e-10
5.10129e-10
4.17866e-10
3.41038e-10
2.76996e-10
2.23511e-10
1.78705e-10
1.40997e-10
1.09051e-10
8.17263e-11
5.80325e-11
3.70812e-11
1.80293e-11
6.82796e-34
5.60184e-13
3.68363e-10
7.1794e-10
1.04957e-09
1.36369e-09
1.66086e-09
1.94166e-09
2.20676e-09
2.45684e-09
2.69262e-09
2.91478e-09
3.12405e-09
3.3211e-09
3.50662e-09
3.68125e-09
3.84563e-09
4.00035e-09
4.14599e-09
4.28309e-09
4.41217e-09
4.53371e-09
4.64817e-09
4.756e-09
4.85759e-09
4.95334e-09
5.04359e-09
5.12868e-09
5.20894e-09
5.28466e-09
5.35611e-09
5.42355e-09
5.48723e-09
6.15099e-09
6.79994e-09
7.41192e-09
7.96118e-09
8.41973e-09
8.75979e-09
8.957e-09
8.994e-09
8.86378e-09
8.57171e-09
8.13553e-09
7.58321e-09
6.94895e-09
6.26861e-09
5.57551e-09
4.89746e-09
4.25538e-09
3.66318e-09
3.12855e-09
2.6542e-09
2.23923e-09
1.88031e-09
1.57271e-09
1.31102e-09
1.08969e-09
9.03335e-10
7.46986e-10
6.16146e-10
5.06846e-10
4.15627e-10
3.39511e-10
2.75958e-10
2.22806e-10
1.78228e-10
1.40676e-10
1.08837e-10
8.15858e-11
5.79436e-11
3.70294e-11
1.80056e-11
7.50106e-34
4.12219e-13
2.72322e-10
5.30856e-10
7.76277e-10
1.00896e-09
1.22932e-09
1.43783e-09
1.63496e-09
1.82123e-09
1.99714e-09
2.1632e-09
2.31991e-09
2.46776e-09
2.60723e-09
2.73878e-09
2.86285e-09
2.97987e-09
3.09025e-09
3.19436e-09
3.29257e-09
3.38523e-09
3.47267e-09
3.5552e-09
3.6331e-09
3.70665e-09
3.7761e-09
3.84171e-09
3.90369e-09
3.96227e-09
4.01763e-09
4.06997e-09
4.11947e-09
4.6405e-09
5.16105e-09
5.66665e-09
6.13964e-09
6.55979e-09
6.90544e-09
7.15545e-09
7.29166e-09
7.30157e-09
7.18074e-09
6.93416e-09
6.57612e-09
6.12846e-09
5.61765e-09
5.07134e-09
4.51524e-09
3.97096e-09
3.45489e-09
2.97806e-09
2.5467e-09
2.16315e-09
1.82688e-09
1.53542e-09
1.28513e-09
1.07178e-09
8.90997e-10
7.38505e-10
6.1033e-10
5.02864e-10
4.12905e-10
3.37654e-10
2.74692e-10
2.21946e-10
1.77645e-10
1.40283e-10
1.08574e-10
8.14137e-11
5.78348e-11
3.6966e-11
1.79767e-11
8.23808e-34
3.03433e-13
2.01247e-10
3.92366e-10
5.73892e-10
7.46128e-10
9.09402e-10
1.06406e-09
1.21047e-09
1.349e-09
1.48001e-09
1.60388e-09
1.72095e-09
1.83159e-09
1.93612e-09
2.03489e-09
2.1282e-09
2.21635e-09
2.29964e-09
2.37833e-09
2.45269e-09
2.52296e-09
2.58938e-09
2.65217e-09
2.71153e-09
2.76766e-09
2.82074e-09
2.87096e-09
2.91847e-09
2.96343e-09
3.00598e-09
3.04626e-09
3.08441e-09
3.48916e-09
3.90069e-09
4.30985e-09
4.70497e-09
5.07201e-09
5.39507e-09
5.65733e-09
5.84261e-09
5.93722e-09
5.93204e-09
5.82421e-09
5.61809e-09
5.32509e-09
4.96234e-09
4.5504e-09
4.11076e-09
3.66345e-09
3.22537e-09
2.80945e-09
2.42451e-09
2.07561e-09
1.76476e-09
1.49169e-09
1.25454e-09
1.0505e-09
8.76253e-10
7.28328e-10
6.03325e-10
4.98054e-10
4.09609e-10
3.354e-10
2.73154e-10
2.20899e-10
1.76934e-10
1.39804e-10
1.08254e-10
8.12035e-11
5.77018e-11
3.68885e-11
1.79413e-11
9.04429e-34
2.23497e-13
1.48724e-10
2.90002e-10
4.24251e-10
5.51712e-10
6.72638e-10
7.87293e-10
8.95945e-10
9.98863e-10
1.09632e-09
1.18857e-09
1.27588e-09
1.3585e-09
1.43668e-09
1.51064e-09
1.58061e-09
1.64681e-09
1.70945e-09
1.76871e-09
1.82479e-09
1.87785e-09
1.92807e-09
1.97561e-09
2.02062e-09
2.06322e-09
2.10357e-09
2.14179e-09
2.17798e-09
2.21227e-09
2.24476e-09
2.27556e-09
2.30474e-09
2.61651e-09
2.93806e-09
3.26378e-09
3.58625e-09
3.89608e-09
4.18212e-09
4.43185e-09
4.63215e-09
4.77055e-09
4.83666e-09
4.82369e-09
4.72976e-09
4.55858e-09
4.31923e-09
4.02516e-09
3.69246e-09
3.33792e-09
2.97724e-09
2.62375e-09
2.28772e-09
1.97621e-09
1.69336e-09
1.4409e-09
1.21871e-09
1.02539e-09
8.58748e-10
7.16182e-10
5.9493e-10
4.92269e-10
4.05634e-10
3.32675e-10
2.7129e-10
2.19628e-10
1.76071e-10
1.3922e-10
1.07864e-10
8.09473e-11
5.75395e-11
3.67939e-11
1.7898e-11
9.92508e-34
1.64756e-13
1.09941e-10
2.14402e-10
3.13704e-10
4.08036e-10
4.97592e-10
5.8257e-10
6.63168e-10
7.39586e-10
8.1202e-10
8.8066e-10
9.45696e-10
1.00731e-09
1.06567e-09
1.12095e-09
1.17331e-09
1.22291e-09
1.26989e-09
1.31439e-09
1.35654e-09
1.39648e-09
1.43432e-09
1.47018e-09
1.50416e-09
1.53637e-09
1.5669e-09
1.59584e-09
1.62328e-09
1.6493e-09
1.67398e-09
1.69739e-09
1.7196e-09
1.9581e-09
2.20697e-09
2.46291e-09
2.72133e-09
2.97621e-09
3.22004e-09
3.44392e-09
3.63797e-09
3.79193e-09
3.89612e-09
3.94257e-09
3.92616e-09
3.84565e-09
3.7041e-09
3.50873e-09
3.27016e-09
3.00102e-09
2.71451e-09
2.42302e-09
2.13713e-09
1.86501e-09
1.61237e-09
1.3826e-09
1.17715e-09
9.96003e-10
8.38118e-10
7.0178e-10
5.84924e-10
4.85345e-10
4.00858e-10
3.29391e-10
2.69039e-10
2.18089e-10
1.75024e-10
1.38512e-10
1.0739e-10
8.06355e-11
5.73419e-11
3.66787e-11
1.78454e-11
1.08859e-33
1.2157e-13
8.13114e-11
1.58584e-10
2.32066e-10
3.019e-10
3.68236e-10
4.31221e-10
4.91004e-10
5.4773e-10
6.01544e-10
6.52584e-10
7.00988e-10
7.46886e-10
7.90405e-10
8.31667e-10
8.70787e-10
9.07877e-10
9.43043e-10
9.76386e-10
1.008e-09
1.03798e-09
1.06642e-09
1.09338e-09
1.11896e-09
1.14322e-09
1.16624e-09
1.18808e-09
1.20881e-09
1.22847e-09
1.24714e-09
1.26486e-09
1.28167e-09
1.46314e-09
1.65429e-09
1.8533e-09
2.05745e-09
2.263e-09
2.46507e-09
2.65763e-09
2.8336e-09
2.98515e-09
3.10421e-09
3.18323e-09
3.21603e-09
3.19872e-09
3.13045e-09
3.01372e-09
2.85429e-09
2.66054e-09
2.44245e-09
2.21046e-09
1.97439e-09
1.74266e-09
1.52183e-09
1.31651e-09
1.12947e-09
9.61955e-10
8.14005e-10
6.84824e-10
5.73071e-10
4.771e-10
3.95148e-10
3.25451e-10
2.6633e-10
2.16233e-10
1.73759e-10
1.37655e-10
1.06815e-10
8.02571e-11
5.71018e-11
3.65385e-11
1.77813e-11
1.19321e-33
8.97953e-14
6.01746e-11
1.1737e-10
1.71773e-10
2.23495e-10
2.72649e-10
3.19345e-10
3.63693e-10
4.05801e-10
4.45775e-10
4.83717e-10
5.19726e-10
5.53897e-10
5.86322e-10
6.1709e-10
6.46284e-10
6.73985e-10
7.0027e-10
7.25212e-10
7.48881e-10
7.71343e-10
7.92661e-10
8.12895e-10
8.321e-10
8.50332e-10
8.6764e-10
8.84072e-10
8.99676e-10
9.14493e-10
9.28564e-10
9.41929e-10
9.54623e-10
1.09209e-09
1.23802e-09
1.39147e-09
1.55092e-09
1.71412e-09
1.87803e-09
2.03871e-09
2.19131e-09
2.33018e-09
2.4491e-09
2.54169e-09
2.60203e-09
2.6253e-09
2.6085e-09
2.55103e-09
2.45494e-09
2.3248e-09
2.16726e-09
1.99025e-09
1.80204e-09
1.61046e-09
1.42224e-09
1.24267e-09
1.07547e-09
9.22933e-10
7.8609e-10
6.65025e-10
5.59129e-10
4.67344e-10
3.88356e-10
3.20744e-10
2.63082e-10
2.14002e-10
1.72233e-10
1.36619e-10
1.06119e-10
7.97986e-11
5.68107e-11
3.63684e-11
1.77034e-11
1.30687e-33
6.63936e-14
4.45634e-11
8.69256e-11
1.27229e-10
1.65558e-10
2.01998e-10
2.3663e-10
2.69538e-10
3.00801e-10
3.30496e-10
3.58698e-10
3.8548e-10
4.10911e-10
4.35059e-10
4.57987e-10
4.79757e-10
5.00427e-10
5.20054e-10
5.3869e-10
5.56386e-10
5.7319e-10
5.89148e-10
6.04303e-10
6.18698e-10
6.3237e-10
6.45356e-10
6.57694e-10
6.69414e-10
6.8055e-10
6.9113e-10
7.01185e-10
7.10739e-10
8.14515e-10
9.25389e-10
1.04293e-09
1.16633e-09
1.29432e-09
1.42508e-09
1.55612e-09
1.68425e-09
1.80559e-09
1.91559e-09
2.00931e-09
2.08169e-09
2.12806e-09
2.14462e-09
2.12906e-09
2.08093e-09
2.00189e-09
1.89559e-09
1.76734e-09
1.62342e-09
1.47044e-09
1.31466e-09
1.16149e-09
1.01518e-09
8.78764e-10
7.54121e-10
6.42122e-10
5.42864e-10
4.55878e-10
3.80325e-10
3.15151e-10
2.59206e-10
2.11329e-10
1.70401e-10
1.35372e-10
1.0528e-10
7.92445e-11
5.64584e-11
3.61624e-11
1.76091e-11
1.43e-33
4.91402e-14
3.30263e-11
6.44247e-11
9.43026e-11
1.22724e-10
1.49753e-10
1.75451e-10
1.99879e-10
2.23096e-10
2.45159e-10
2.66124e-10
2.86043e-10
3.04967e-10
3.22946e-10
3.40026e-10
3.56252e-10
3.71666e-10
3.8631e-10
4.00223e-10
4.13441e-10
4.25999e-10
4.3793e-10
4.49268e-10
4.60041e-10
4.70279e-10
4.80008e-10
4.89254e-10
4.98043e-10
5.06396e-10
5.14336e-10
5.21885e-10
5.29061e-10
6.07194e-10
6.9111e-10
7.80661e-10
8.75475e-10
9.74878e-10
1.07782e-09
1.18281e-09
1.28783e-09
1.39029e-09
1.48705e-09
1.57449e-09
1.64864e-09
1.70549e-09
1.74132e-09
1.75314e-09
1.73913e-09
1.69896e-09
1.63396e-09
1.54707e-09
1.4425e-09
1.32529e-09
1.20072e-09
1.07381e-09
9.48909e-10
8.29468e-10
7.17957e-10
6.15911e-10
5.24063e-10
4.42512e-10
3.70895e-10
3.08543e-10
2.54603e-10
2.08142e-10
1.68208e-10
1.33875e-10
1.0427e-10
7.85766e-11
5.6033e-11
3.59134e-11
1.7495e-11
1.56296e-33
3.64054e-14
2.4494e-11
4.77828e-11
6.9947e-11
9.10353e-11
1.11095e-10
1.30174e-10
1.48315e-10
1.65563e-10
1.81961e-10
1.97548e-10
2.12364e-10
2.26447e-10
2.39831e-10
2.52553e-10
2.64643e-10
2.76134e-10
2.87055e-10
2.97436e-10
3.07302e-10
3.1668e-10
3.25594e-10
3.34067e-10
3.42122e-10
3.4978e-10
3.5706e-10
3.63981e-10
3.70562e-10
3.76819e-10
3.82769e-10
3.88427e-10
3.93808e-10
4.52513e-10
5.15832e-10
5.83773e-10
6.56202e-10
7.328e-10
8.13008e-10
8.95959e-10
9.8043e-10
1.06478e-09
1.14691e-09
1.2243e-09
1.29402e-09
1.35291e-09
1.39774e-09
1.42556e-09
1.434e-09
1.42161e-09
1.38815e-09
1.33469e-09
1.26358e-09
1.1782e-09
1.08257e-09
9.80946e-10
8.77354e-10
7.75312e-10
6.77616e-10
5.86278e-10
5.0256e-10
4.27072e-10
3.59909e-10
3.00789e-10
2.4917e-10
2.0436e-10
1.65595e-10
1.32085e-10
1.03059e-10
7.77737e-11
5.55208e-11
3.56131e-11
1.73573e-11
1.70591e-33
2.6995e-14
1.81788e-11
3.54643e-11
5.19172e-11
6.75742e-11
8.24709e-11
9.6642e-11
1.10121e-10
1.2294e-10
1.35131e-10
1.46723e-10
1.57746e-10
1.68226e-10
1.78191e-10
1.87665e-10
1.96673e-10
2.05237e-10
2.1338e-10
2.21122e-10
2.28483e-10
2.35483e-10
2.42138e-10
2.48467e-10
2.54485e-10
2.60208e-10
2.65651e-10
2.70827e-10
2.75749e-10
2.80432e-10
2.84885e-10
2.89121e-10
2.9315e-10
3.37187e-10
3.84851e-10
4.36222e-10
4.91296e-10
5.49954e-10
6.11927e-10
6.76747e-10
7.43705e-10
8.11796e-10
8.79685e-10
9.45676e-10
1.00772e-09
1.06347e-09
1.11038e-09
1.14586e-09
1.16755e-09
1.17356e-09
1.16273e-09
1.13489e-09
1.09089e-09
1.03262e-09
9.62791e-10
8.84636e-10
8.01568e-10
7.16845e-10
6.3331e-10
5.53236e-10
4.78261e-10
4.09423e-10
3.47227e-10
2.91761e-10
2.42798e-10
1.99899e-10
1.62497e-10
1.29954e-10
1.01612e-10
7.68119e-11
5.49058e-11
3.5252e-11
1.71915e-11
1.85884e-33
2.00332e-14
1.35006e-11
2.63385e-11
3.85593e-11
5.01906e-11
6.12589e-11
7.17903e-11
8.18096e-11
9.13409e-11
1.00407e-10
1.09031e-10
1.17233e-10
1.25034e-10
1.32453e-10
1.3951e-10
1.4622e-10
1.52603e-10
1.58673e-10
1.64446e-10
1.69937e-10
1.75159e-10
1.80126e-10
1.8485e-10
1.89344e-10
1.93619e-10
1.97685e-10
2.01553e-10
2.05233e-10
2.08734e-10
2.12064e-10
2.15233e-10
2.18247e-10
2.51239e-10
2.87051e-10
3.25789e-10
3.6751e-10
4.12205e-10
4.59769e-10
5.09975e-10
5.62437e-10
6.1657e-10
6.71552e-10
7.26295e-10
7.79424e-10
8.29281e-10
8.73965e-10
9.11424e-10
9.39586e-10
9.56549e-10
9.60797e-10
9.51413e-10
9.28245e-10
8.91994e-10
8.44172e-10
7.86958e-10
7.22958e-10
6.54924e-10
5.85489e-10
5.16958e-10
4.51179e-10
3.8949e-10
3.32739e-10
2.81346e-10
2.35385e-10
1.94672e-10
1.58845e-10
1.2743e-10
9.98911e-11
7.56639e-11
5.41699e-11
3.48191e-11
1.69926e-11
2.02139e-33
1.48773e-14
1.0032e-11
1.9572e-11
2.86542e-11
3.72993e-11
4.55272e-11
5.33572e-11
6.08079e-11
6.78971e-11
7.46419e-11
8.10589e-11
8.71636e-11
9.29712e-11
9.84959e-11
1.03752e-10
1.08751e-10
1.13507e-10
1.18032e-10
1.22336e-10
1.26431e-10
1.30326e-10
1.34032e-10
1.37558e-10
1.40912e-10
1.44103e-10
1.4714e-10
1.50029e-10
1.52778e-10
1.55393e-10
1.57882e-10
1.60251e-10
1.62504e-10
1.87197e-10
2.14063e-10
2.43211e-10
2.74722e-10
3.08639e-10
3.44948e-10
3.8356e-10
4.24283e-10
4.66798e-10
5.10623e-10
5.55086e-10
5.99301e-10
6.42149e-10
6.82285e-10
7.18172e-10
7.48151e-10
7.70553e-10
7.83845e-10
7.86808e-10
7.78705e-10
7.59414e-10
7.29499e-10
6.90178e-10
6.43207e-10
5.90688e-10
5.34844e-10
4.7781e-10
4.21454e-10
3.67281e-10
3.16383e-10
2.69454e-10
2.26838e-10
1.88594e-10
1.54568e-10
1.24456e-10
9.7854e-11
7.42998e-11
5.32927e-11
3.43018e-11
1.67545e-11
2.19281e-33
1.10546e-14
7.45802e-12
1.45506e-11
2.13033e-11
2.77316e-11
3.38503e-11
3.9674e-11
4.52165e-11
5.04908e-11
5.55099e-11
6.02859e-11
6.48303e-11
6.91544e-11
7.32688e-11
7.71835e-11
8.09083e-11
8.44524e-11
8.78245e-11
9.10331e-11
9.40861e-11
9.69911e-11
9.97553e-11
1.02386e-10
1.04888e-10
1.0727e-10
1.09537e-10
1.11694e-10
1.13746e-10
1.15699e-10
1.17559e-10
1.19328e-10
1.21012e-10
1.39477e-10
1.59607e-10
1.81501e-10
2.05242e-10
2.30894e-10
2.5849e-10
2.88013e-10
3.19387e-10
3.52452e-10
3.86944e-10
4.22466e-10
4.58469e-10
4.94228e-10
5.28833e-10
5.61192e-10
5.90058e-10
6.14089e-10
6.31934e-10
6.42356e-10
6.44371e-10
6.37383e-10
6.21294e-10
5.96557e-10
5.64155e-10
5.25504e-10
4.82303e-10
4.36354e-10
3.89384e-10
3.42914e-10
2.98168e-10
2.56036e-10
2.17083e-10
1.8159e-10
1.496e-10
1.20977e-10
9.54568e-11
7.26868e-11
5.22517e-11
3.36863e-11
1.64706e-11
2.3718e-33
8.21768e-15
5.54633e-12
1.08211e-11
1.58433e-11
2.06246e-11
2.51762e-11
2.95088e-11
3.36326e-11
3.75575e-11
4.1293e-11
4.48481e-11
4.82314e-11
5.14511e-11
5.45152e-11
5.74311e-11
6.0206e-11
6.28467e-11
6.53597e-11
6.77512e-11
7.00271e-11
7.2193e-11
7.42543e-11
7.6216e-11
7.8083e-11
7.98599e-11
8.1551e-11
8.31605e-11
8.46925e-11
8.61506e-11
8.75384e-11
8.88594e-11
9.01168e-11
1.03916e-10
1.18983e-10
1.35402e-10
1.53252e-10
1.72601e-10
1.93497e-10
2.15964e-10
2.39986e-10
2.65499e-10
2.92369e-10
3.20376e-10
3.49195e-10
3.78376e-10
4.07326e-10
4.35304e-10
4.6142e-10
4.84663e-10
5.03943e-10
5.18166e-10
5.26329e-10
5.27635e-10
5.21601e-10
5.08148e-10
4.87638e-10
4.60866e-10
4.28976e-10
3.93343e-10
3.55426e-10
3.1663e-10
2.78189e-10
2.41098e-10
2.06083e-10
1.73602e-10
1.43878e-10
1.16937e-10
9.26546e-11
7.0791e-11
5.10226e-11
3.29572e-11
1.61337e-11
2.55636e-33
6.11025e-15
4.12535e-12
8.04881e-12
1.17846e-11
1.53415e-11
1.87277e-11
2.19512e-11
2.50198e-11
2.79407e-11
3.07209e-11
3.33672e-11
3.58859e-11
3.82833e-11
4.0565e-11
4.27366e-11
4.48036e-11
4.67708e-11
4.86432e-11
5.04253e-11
5.21214e-11
5.37358e-11
5.52724e-11
5.6735e-11
5.81271e-11
5.94522e-11
6.07135e-11
6.19141e-11
6.30569e-11
6.41447e-11
6.51803e-11
6.6166e-11
6.71044e-11
7.7409e-11
8.8675e-11
1.00973e-10
1.14369e-10
1.28928e-10
1.44703e-10
1.61732e-10
1.80032e-10
1.99589e-10
2.20347e-10
2.42194e-10
2.64949e-10
2.88345e-10
3.12012e-10
3.35465e-10
3.58099e-10
3.7919e-10
3.97914e-10
4.13384e-10
4.24712e-10
4.31084e-10
4.31853e-10
4.26625e-10
4.15334e-10
3.98272e-10
3.76079e-10
3.49683e-10
3.20196e-10
2.88803e-10
2.56643e-10
2.2472e-10
1.93842e-10
1.64598e-10
1.37357e-10
1.1229e-10
8.94048e-11
6.85778e-11
4.95804e-11
3.20984e-11
1.57359e-11
2.74362e-33
4.54337e-15
3.06831e-12
5.98652e-12
8.76527e-12
1.1411e-11
1.393e-11
1.63282e-11
1.86113e-11
2.07847e-11
2.28537e-11
2.48231e-11
2.66979e-11
2.84825e-11
3.01812e-11
3.17981e-11
3.33372e-11
3.48023e-11
3.61969e-11
3.75244e-11
3.8788e-11
3.99908e-11
4.11358e-11
4.22257e-11
4.32632e-11
4.42509e-11
4.51911e-11
4.60861e-11
4.69382e-11
4.77493e-11
4.85215e-11
4.92566e-11
4.99565e-11
5.76458e-11
6.60615e-11
7.52601e-11
8.52981e-11
9.623e-11
1.08106e-10
1.20969e-10
1.34849e-10
1.49758e-10
1.65683e-10
1.82576e-10
2.00345e-10
2.18838e-10
2.37837e-10
2.57037e-10
2.76041e-10
2.94355e-10
3.11387e-10
3.26466e-10
3.38869e-10
3.47873e-10
3.52816e-10
3.5317e-10
3.48613e-10
3.3909e-10
3.24835e-10
3.06366e-10
2.84432e-10
2.59935e-10
2.33838e-10
2.07063e-10
1.80428e-10
1.54586e-10
1.30012e-10
1.06998e-10
8.56699e-11
6.60149e-11
4.79001e-11
3.10932e-11
1.52689e-11
2.92965e-33
3.37744e-15
2.28143e-12
4.45129e-12
6.51752e-12
8.48495e-12
1.03582e-11
1.21418e-11
1.38398e-11
1.54564e-11
1.69954e-11
1.84606e-11
1.98554e-11
2.11832e-11
2.24473e-11
2.36506e-11
2.47961e-11
2.58866e-11
2.69248e-11
2.7913e-11
2.88538e-11
2.97494e-11
3.06021e-11
3.14138e-11
3.21865e-11
3.29222e-11
3.36225e-11
3.42893e-11
3.49241e-11
3.55285e-11
3.61039e-11
3.66517e-11
3.71732e-11
4.29059e-11
4.91857e-11
5.60572e-11
6.35662e-11
7.17581e-11
8.0677e-11
9.0363e-11
1.0085e-10
1.12162e-10
1.24307e-10
1.37273e-10
1.5102e-10
1.65469e-10
1.80498e-10
1.95923e-10
2.11496e-10
2.26891e-10
2.41703e-10
2.55447e-10
2.67576e-10
2.77501e-10
2.8463e-10
2.88423e-10
2.88449e-10
2.84445e-10
2.76362e-10
2.64389e-10
2.48942e-10
2.3063e-10
2.10183e-10
1.88381e-10
1.65973e-10
1.4362e-10
1.21851e-10
1.01043e-10
8.14227e-11
6.30744e-11
4.59585e-11
2.99255e-11
1.47246e-11
3.10928e-33
2.50922e-15
1.69527e-12
3.30767e-12
4.84309e-12
6.30515e-12
7.6973e-12
9.02282e-12
1.02849e-11
1.14865e-11
1.26305e-11
1.37197e-11
1.47567e-11
1.57439e-11
1.66838e-11
1.75786e-11
1.84305e-11
1.92415e-11
2.00136e-11
2.07487e-11
2.14486e-11
2.21149e-11
2.27492e-11
2.33532e-11
2.39282e-11
2.44756e-11
2.49968e-11
2.54931e-11
2.59655e-11
2.64154e-11
2.68437e-11
2.72515e-11
2.76398e-11
3.1909e-11
3.65889e-11
4.17146e-11
4.7322e-11
5.34483e-11
6.013e-11
6.74026e-11
7.52983e-11
8.38439e-11
9.30579e-11
1.02946e-10
1.13498e-10
1.24678e-10
1.36422e-10
1.48627e-10
1.61143e-10
1.73764e-10
1.86223e-10
1.98187e-10
2.09261e-10
2.18995e-10
2.26908e-10
2.32516e-10
2.35377e-10
2.35138e-10
2.31583e-10
2.24668e-10
2.14545e-10
2.0155e-10
1.86173e-10
1.69008e-10
1.50685e-10
1.31811e-10
1.1292e-10
9.44345e-11
7.6651e-11
5.97369e-11
4.37366e-11
2.8581e-11
1.40953e-11
3.27599e-33
1.86228e-15
1.25838e-12
2.45525e-12
3.59502e-12
4.68035e-12
5.71382e-12
6.69788e-12
7.63487e-12
8.52702e-12
9.37646e-12
1.01852e-11
1.09553e-11
1.16884e-11
1.23865e-11
1.30511e-11
1.36838e-11
1.42863e-11
1.48599e-11
1.5406e-11
1.59259e-11
1.6421e-11
1.68923e-11
1.73411e-11
1.77684e-11
1.81752e-11
1.85626e-11
1.89314e-11
1.92826e-11
1.9617e-11
1.99354e-11
2.02385e-11
2.05272e-11
2.37018e-11
2.7184e-11
3.10007e-11
3.518e-11
3.97514e-11
4.47445e-11
5.0189e-11
5.61132e-11
6.25431e-11
6.94996e-11
7.69972e-11
8.50399e-11
9.36174e-11
1.027e-10
1.12235e-10
1.22134e-10
1.32275e-10
1.42488e-10
1.52553e-10
1.62197e-10
1.71094e-10
1.78877e-10
1.8515e-10
1.89518e-10
1.91617e-10
1.91158e-10
1.87962e-10
1.8199e-10
1.73362e-10
1.6235e-10
1.49349e-10
1.34839e-10
1.1933e-10
1.03312e-10
8.72116e-11
7.13637e-11
5.59957e-11
4.12223e-11
2.70486e-11
1.33748e-11
3.42179e-33
1.37994e-15
9.3257e-13
1.81957e-12
2.66426e-12
3.46863e-12
4.23459e-12
4.96395e-12
5.65844e-12
6.31973e-12
6.9494e-12
7.54894e-12
8.11979e-12
8.66334e-12
9.18087e-12
9.67363e-12
1.01428e-11
1.05895e-11
1.10149e-11
1.14199e-11
1.18055e-11
1.21727e-11
1.25223e-11
1.28552e-11
1.31721e-11
1.34739e-11
1.37613e-11
1.40349e-11
1.42954e-11
1.45435e-11
1.47797e-11
1.50047e-11
1.52189e-11
1.75751e-11
2.01607e-11
2.29965e-11
2.61041e-11
2.95064e-11
3.32272e-11
3.72903e-11
4.17195e-11
4.65378e-11
5.17654e-11
5.74192e-11
6.35101e-11
7.00405e-11
7.70011e-11
8.43668e-11
9.20921e-11
1.00105e-10
1.08304e-10
1.16548e-10
1.24655e-10
1.32402e-10
1.3952e-10
1.45706e-10
1.50638e-10
1.53988e-10
1.5546e-10
1.54813e-10
1.51899e-10
1.46684e-10
1.39262e-10
1.2985e-10
1.18769e-10
1.06405e-10
9.31682e-11
7.94521e-11
6.55962e-11
5.18609e-11
3.84135e-11
2.53227e-11
1.25589e-11
3.53731e-33
1.02016e-15
6.89499e-13
1.34531e-12
1.96985e-12
2.56459e-12
3.13094e-12
3.67024e-12
4.18379e-12
4.67279e-12
5.13843e-12
5.5818e-12
6.00399e-12
6.40598e-12
6.78876e-12
7.15323e-12
7.50027e-12
7.83072e-12
8.14537e-12
8.44497e-12
8.73025e-12
9.00189e-12
9.26055e-12
9.50684e-12
9.74136e-12
9.96467e-12
1.01773e-11
1.03798e-11
1.05726e-11
1.07562e-11
1.0931e-11
1.10975e-11
1.1256e-11
1.30002e-11
1.4915e-11
1.7016e-11
1.93199e-11
2.18443e-11
2.46076e-11
2.76289e-11
3.09274e-11
3.45222e-11
3.84315e-11
4.26716e-11
4.72553e-11
5.21911e-11
5.748e-11
6.31136e-11
6.90703e-11
7.53117e-11
8.17781e-11
8.83839e-11
9.50132e-11
1.01516e-10
1.07707e-10
1.13365e-10
1.18242e-10
1.2207e-10
1.24582e-10
1.25531e-10
1.2472e-10
1.22024e-10
1.17413e-10
1.1096e-10
1.02839e-10
9.33074e-11
8.26756e-11
7.12734e-11
5.94139e-11
4.73639e-11
3.53219e-11
2.34054e-11
1.16471e-11
3.61203e-33
7.51693e-16
5.08091e-13
9.91362e-13
1.45159e-12
1.88987e-12
2.30724e-12
2.70468e-12
3.08315e-12
3.44355e-12
3.78673e-12
4.11351e-12
4.42469e-12
4.72099e-12
5.00314e-12
5.27181e-12
5.52764e-12
5.77124e-12
6.0032e-12
6.22408e-12
6.43441e-12
6.63469e-12
6.82539e-12
7.00699e-12
7.17992e-12
7.34458e-12
7.50138e-12
7.65069e-12
7.79287e-12
7.92827e-12
8.05719e-12
8.17997e-12
8.29688e-12
9.58343e-12
1.09963e-11
1.25472e-11
1.42488e-11
1.61143e-11
1.81581e-11
2.03949e-11
2.28399e-11
2.55087e-11
2.84163e-11
3.15773e-11
3.50042e-11
3.87073e-11
4.26926e-11
4.69602e-11
5.15023e-11
5.63002e-11
6.13215e-11
6.6516e-11
7.18125e-11
7.71145e-11
8.22979e-11
8.72091e-11
9.16663e-11
9.54636e-11
9.83809e-11
1.00197e-10
1.00709e-10
9.97515e-11
9.72216e-11
9.30909e-11
8.74165e-11
8.03369e-11
7.20582e-11
6.28296e-11
5.29142e-11
4.25602e-11
3.19751e-11
2.13083e-11
1.0643e-11
3.63477e-33
5.51301e-16
3.72666e-13
7.27128e-13
1.06469e-12
1.38616e-12
1.6923e-12
1.98383e-12
2.26144e-12
2.52581e-12
2.77755e-12
3.01728e-12
3.24555e-12
3.46293e-12
3.66992e-12
3.86703e-12
4.05473e-12
4.23346e-12
4.40365e-12
4.56572e-12
4.72005e-12
4.86701e-12
5.00695e-12
5.14021e-12
5.2671e-12
5.38794e-12
5.50301e-12
5.61259e-12
5.71694e-12
5.8163e-12
5.91093e-12
6.00104e-12
6.08685e-12
7.03125e-12
8.06864e-12
9.20778e-12
1.04581e-11
1.18296e-11
1.33331e-11
1.498e-11
1.6782e-11
1.87513e-11
2.09001e-11
2.32406e-11
2.57839e-11
2.854e-11
3.15165e-11
3.47177e-11
3.8143e-11
4.1785e-11
4.56275e-11
4.96429e-11
5.37889e-11
5.80059e-11
6.22135e-11
6.63087e-11
7.01641e-11
7.36292e-11
7.6534e-11
7.86962e-11
7.99331e-11
8.00765e-11
7.89898e-11
7.65856e-11
7.28388e-11
6.77934e-11
6.15598e-11
5.43031e-11
4.62229e-11
3.75292e-11
2.84187e-11
1.90546e-11
9.55566e-12
3.59438e-33
4.0167e-16
2.71534e-13
5.29806e-13
7.75769e-13
1.01001e-12
1.23307e-12
1.4455e-12
1.64779e-12
1.84043e-12
2.02388e-12
2.19857e-12
2.36492e-12
2.52333e-12
2.67418e-12
2.81783e-12
2.95463e-12
3.08489e-12
3.20893e-12
3.32705e-12
3.43954e-12
3.54665e-12
3.64866e-12
3.74579e-12
3.83829e-12
3.92637e-12
4.01025e-12
4.09013e-12
4.1662e-12
4.23864e-12
4.30762e-12
4.37331e-12
4.43587e-12
5.12443e-12
5.88097e-12
6.71192e-12
7.62427e-12
8.62551e-12
9.72369e-12
1.09273e-11
1.22454e-11
1.36874e-11
1.52628e-11
1.69812e-11
1.88522e-11
2.08843e-11
2.30853e-11
2.54606e-11
2.80131e-11
3.07416e-11
3.36391e-11
3.66914e-11
3.98748e-11
4.31537e-11
4.64778e-11
4.97802e-11
5.29749e-11
5.59563e-11
5.85996e-11
6.0764e-11
6.22989e-11
6.3053e-11
6.28872e-11
6.16882e-11
5.93831e-11
5.59497e-11
5.14226e-11
4.58905e-11
3.94864e-11
3.23716e-11
2.47157e-11
1.66788e-11
8.40007e-12
3.48068e-33
2.89871e-16
1.95965e-13
3.8236e-13
5.59873e-13
7.28924e-13
8.89915e-13
1.04323e-12
1.18923e-12
1.32827e-12
1.46067e-12
1.58676e-12
1.70683e-12
1.82117e-12
1.93006e-12
2.03375e-12
2.13249e-12
2.22652e-12
2.31606e-12
2.40133e-12
2.48253e-12
2.55986e-12
2.63349e-12
2.70362e-12
2.77039e-12
2.83399e-12
2.89454e-12
2.95221e-12
3.00713e-12
3.05943e-12
3.10924e-12
3.15667e-12
3.20183e-12
3.69903e-12
4.24541e-12
4.84566e-12
5.50488e-12
6.22859e-12
7.0227e-12
7.89354e-12
8.84782e-12
9.8926e-12
1.10352e-11
1.22831e-11
1.36439e-11
1.51246e-11
1.6732e-11
1.84716e-11
2.03475e-11
2.23612e-11
2.45109e-11
2.67901e-11
2.91863e-11
3.16789e-11
3.42378e-11
3.68206e-11
3.93714e-11
4.18185e-11
4.40742e-11
4.6035e-11
4.75846e-11
4.85987e-11
4.89525e-11
4.85315e-11
4.72425e-11
4.50258e-11
4.18632e-11
3.77834e-11
3.28594e-11
2.72012e-11
2.09422e-11
1.42262e-11
7.19654e-12
3.2853e-33
2.06205e-16
1.39409e-13
2.72009e-13
3.98292e-13
5.18556e-13
6.33087e-13
7.42157e-13
8.46027e-13
9.44942e-13
1.03914e-12
1.12885e-12
1.21427e-12
1.29562e-12
1.37309e-12
1.44687e-12
1.51712e-12
1.58402e-12
1.64774e-12
1.70841e-12
1.76619e-12
1.82121e-12
1.87361e-12
1.9235e-12
1.97102e-12
2.01627e-12
2.05937e-12
2.10041e-12
2.13949e-12
2.17671e-12
2.21215e-12
2.2459e-12
2.27804e-12
2.6319e-12
3.02081e-12
3.44814e-12
3.91755e-12
4.43303e-12
4.99885e-12
5.6196e-12
6.30018e-12
7.0458e-12
7.86189e-12
8.75408e-12
9.72808e-12
1.07896e-11
1.1944e-11
1.31962e-11
1.45502e-11
1.60086e-11
1.75719e-11
1.9238e-11
2.10007e-11
2.28489e-11
2.47648e-11
2.67227e-11
2.86872e-11
3.06112e-11
3.24354e-11
3.4087e-11
3.5481e-11
3.65215e-11
3.71067e-11
3.7135e-11
3.65133e-11
3.51669e-11
3.30487e-11
3.01465e-11
2.64866e-11
2.21329e-11
1.71806e-11
1.17477e-11
5.96911e-12
3.00227e-33
1.43336e-16
9.69075e-14
1.89083e-13
2.76866e-13
3.60466e-13
4.40082e-13
5.15902e-13
5.88108e-13
6.5687e-13
7.22354e-13
7.84715e-13
8.44101e-13
9.00656e-13
9.54513e-13
1.0058e-12
1.05464e-12
1.10116e-12
1.14545e-12
1.18763e-12
1.2278e-12
1.26606e-12
1.30249e-12
1.33718e-12
1.37022e-12
1.40168e-12
1.43164e-12
1.46018e-12
1.48735e-12
1.51323e-12
1.53787e-12
1.56134e-12
1.58369e-12
1.82975e-12
2.10021e-12
2.39743e-12
2.72399e-12
3.08266e-12
3.47647e-12
3.90865e-12
4.38269e-12
4.90229e-12
5.47136e-12
6.09398e-12
6.77434e-12
7.51669e-12
8.32518e-12
9.20371e-12
1.01557e-11
1.11839e-11
1.22897e-11
1.34728e-11
1.47308e-11
1.60579e-11
1.74441e-11
1.88743e-11
2.03267e-11
2.17717e-11
2.31703e-11
2.44737e-11
2.56226e-11
2.65475e-11
2.71712e-11
2.7412e-11
2.71891e-11
2.64295e-11
2.5076e-11
2.30951e-11
2.04824e-11
1.72662e-11
1.35069e-11
9.29363e-12
4.74225e-12
2.62749e-33
9.56075e-17
6.46404e-14
1.26124e-13
1.84679e-13
2.40443e-13
2.9355e-13
3.44126e-13
3.9229e-13
4.38159e-13
4.8184e-13
5.23439e-13
5.63054e-13
6.0078e-13
6.36708e-13
6.70922e-13
7.03504e-13
7.34533e-13
7.64082e-13
7.92222e-13
8.1902e-13
8.4454e-13
8.68844e-13
8.91988e-13
9.14029e-13
9.3502e-13
9.55009e-13
9.74046e-13
9.92175e-13
1.00944e-12
1.02588e-12
1.04154e-12
1.05645e-12
1.22062e-12
1.40109e-12
1.59943e-12
1.81738e-12
2.05681e-12
2.31974e-12
2.60836e-12
2.92505e-12
3.2723e-12
3.6528e-12
4.06936e-12
4.52488e-12
5.02234e-12
5.56473e-12
6.15491e-12
6.79551e-12
7.48875e-12
8.23619e-12
9.0384e-12
9.89457e-12
1.0802e-11
1.17553e-11
1.2746e-11
1.37612e-11
1.4783e-11
1.57871e-11
1.67424e-11
1.76096e-11
1.83419e-11
1.88849e-11
1.91786e-11
1.91606e-11
1.877e-11
1.79539e-11
1.66728e-11
1.49078e-11
1.26643e-11
9.97545e-12
6.90248e-12
3.53568e-12
2.15645e-33
5.84818e-17
3.95403e-14
7.71498e-14
1.12968e-13
1.47079e-13
1.79564e-13
2.10502e-13
2.39964e-13
2.68023e-13
2.94743e-13
3.2019e-13
3.44423e-13
3.67501e-13
3.89479e-13
4.10409e-13
4.30341e-13
4.49322e-13
4.67399e-13
4.84613e-13
5.01007e-13
5.16619e-13
5.31487e-13
5.45646e-13
5.5913e-13
5.71972e-13
5.84201e-13
5.95847e-13
6.06938e-13
6.175e-13
6.27559e-13
6.37138e-13
6.46261e-13
7.46702e-13
8.5712e-13
9.78487e-13
1.11186e-12
1.25839e-12
1.41934e-12
1.59604e-12
1.78997e-12
2.00268e-12
2.23584e-12
2.49119e-12
2.77059e-12
3.0759e-12
3.40906e-12
3.77192e-12
4.16626e-12
4.59363e-12
5.05524e-12
5.55177e-12
6.08315e-12
6.6482e-12
7.24433e-12
7.86701e-12
8.50926e-12
9.16097e-12
9.80828e-12
1.04328e-11
1.10113e-11
1.15148e-11
1.19091e-11
1.21554e-11
1.22116e-11
1.20347e-11
1.15848e-11
1.08289e-11
9.74584e-12
8.33095e-12
6.59911e-12
4.58739e-12
2.3573e-12
1.57888e-33
2.7985e-17
1.89212e-14
3.69185e-14
5.40584e-14
7.03816e-14
8.59271e-14
1.00732e-13
1.14831e-13
1.28257e-13
1.41044e-13
1.53222e-13
1.64818e-13
1.75862e-13
1.8638e-13
1.96395e-13
2.05934e-13
2.15017e-13
2.23668e-13
2.31906e-13
2.39752e-13
2.47223e-13
2.54338e-13
2.61114e-13
2.67567e-13
2.73713e-13
2.79565e-13
2.85138e-13
2.90446e-13
2.95501e-13
3.00315e-13
3.04899e-13
3.09265e-13
3.57335e-13
4.10182e-13
4.68271e-13
5.32111e-13
6.02255e-13
6.79305e-13
7.63911e-13
8.56775e-13
9.58652e-13
1.07034e-12
1.19271e-12
1.32663e-12
1.47304e-12
1.63288e-12
1.80708e-12
1.99653e-12
2.20205e-12
2.42427e-12
2.66365e-12
2.92025e-12
3.19369e-12
3.48292e-12
3.78601e-12
4.09987e-12
4.41999e-12
4.74003e-12
5.0515e-12
5.34343e-12
5.60207e-12
5.81085e-12
5.95053e-12
5.99981e-12
5.93638e-12
5.7386e-12
5.38768e-12
4.87022e-12
4.18083e-12
3.32447e-12
2.31838e-12
1.19395e-12
8.68709e-34
8.2688e-42
1.08868e-40
3.58068e-40
7.19438e-40
1.15599e-39
1.63817e-39
2.14263e-39
2.65112e-39
3.14966e-39
3.62771e-39
4.07758e-39
4.49391e-39
4.87318e-39
5.21338e-39
5.51366e-39
5.77411e-39
5.99554e-39
6.17928e-39
6.32705e-39
6.44087e-39
6.52291e-39
6.57549e-39
6.60093e-39
6.60157e-39
6.57972e-39
6.53759e-39
6.47735e-39
6.40102e-39
6.31054e-39
6.20772e-39
6.09425e-39
4.03611e-38
9.56583e-38
1.38589e-37
1.98632e-37
2.82102e-37
3.97536e-37
5.5645e-37
7.7435e-37
1.07207e-36
1.47756e-36
2.02822e-36
2.77403e-36
3.78159e-36
5.13951e-36
6.96533e-36
9.41453e-36
1.26921e-35
1.70673e-35
2.28921e-35
3.06239e-35
4.08537e-35
5.43382e-35
7.20365e-35
9.51495e-35
1.25156e-34
1.63837e-34
2.13281e-34
2.75841e-34
3.54016e-34
4.50218e-34
5.66372e-34
7.03274e-34
8.5967e-34
1.03099e-33
1.20773e-33
1.37357e-33
1.5034e-33
1.56143e-33
1.49999e-33
1.25962e-33
7.72088e-34
3.01997e-34
