-1.10649e-41
-1.45682e-40
-4.79149e-40
-9.62716e-40
-1.54688e-39
-2.19211e-39
-2.86715e-39
-3.54759e-39
-4.2147e-39
-4.8544e-39
-5.45639e-39
-6.01349e-39
-6.52101e-39
-6.97623e-39
-7.37804e-39
-7.72656e-39
-8.02285e-39
-8.2687e-39
-8.46643e-39
-8.61873e-39
-8.72851e-39
-8.79885e-39
-8.83289e-39
-8.83374e-39
-8.80449e-39
-8.74812e-39
-8.66749e-39
-8.56535e-39
-8.44427e-39
-8.30668e-39
-8.15484e-39
-5.40077e-38
-1.28001e-37
-1.85445e-37
-2.65785e-37
-3.77467e-37
-5.31912e-37
-7.44523e-37
-1.03604e-36
-1.43432e-36
-1.97672e-36
-2.71325e-36
-3.71067e-36
-5.05797e-36
-6.87346e-36
-9.31401e-36
-1.2587e-35
-1.69657e-35
-2.28085e-35
-3.05836e-35
-4.08988e-35
-5.45376e-35
-7.25013e-35
-9.60563e-35
-1.26782e-34
-1.66618e-34
-2.17886e-34
-2.83294e-34
-3.65863e-34
-4.68765e-34
-5.95e-34
-7.4686e-34
-9.25091e-34
-1.12771e-33
-1.34838e-33
-1.57448e-33
-1.78474e-33
-1.9469e-33
-2.01554e-33
-1.9306e-33
-1.61736e-33
-9.89775e-34
-3.18477e-35
2.8484e-17
1.92586e-14
3.75767e-14
5.50222e-14
7.16365e-14
8.74591e-14
1.02528e-13
1.16878e-13
1.30544e-13
1.43559e-13
1.55953e-13
1.67757e-13
1.78998e-13
1.89703e-13
1.99897e-13
2.09605e-13
2.18851e-13
2.27656e-13
2.36041e-13
2.44026e-13
2.51631e-13
2.58873e-13
2.65769e-13
2.72337e-13
2.78592e-13
2.84549e-13
2.90222e-13
2.95624e-13
3.00769e-13
3.05669e-13
3.10335e-13
3.14779e-13
3.63705e-13
4.17493e-13
4.76617e-13
5.41594e-13
6.12987e-13
6.91408e-13
7.77519e-13
8.72034e-13
9.7572e-13
1.08939e-12
1.21393e-12
1.35022e-12
1.49922e-12
1.66187e-12
1.83913e-12
2.03191e-12
2.241e-12
2.46709e-12
2.71059e-12
2.97158e-12
3.24965e-12
3.54372e-12
3.85179e-12
4.17072e-12
4.49587e-12
4.82076e-12
5.13674e-12
5.43259e-12
5.69433e-12
5.90509e-12
6.04533e-12
6.09345e-12
6.02689e-12
5.82384e-12
5.46545e-12
4.93841e-12
4.23757e-12
3.36826e-12
2.34812e-12
1.20898e-12
-1.01558e-33
5.95584e-17
4.02681e-14
7.857e-14
1.15047e-13
1.49786e-13
1.8287e-13
2.14377e-13
2.44382e-13
2.72956e-13
3.00169e-13
3.26084e-13
3.50763e-13
3.74266e-13
3.96648e-13
4.17963e-13
4.38262e-13
4.57593e-13
4.76002e-13
4.93533e-13
5.10229e-13
5.26128e-13
5.4127e-13
5.5569e-13
5.69422e-13
5.82499e-13
5.94953e-13
6.06814e-13
6.18109e-13
6.28865e-13
6.39109e-13
6.48865e-13
6.58155e-13
7.60445e-13
8.72894e-13
9.96492e-13
1.13232e-12
1.28154e-12
1.44544e-12
1.62539e-12
1.82288e-12
2.03948e-12
2.2769e-12
2.53693e-12
2.82141e-12
3.13229e-12
3.47149e-12
3.84091e-12
4.24235e-12
4.67737e-12
5.1472e-12
5.6525e-12
6.19317e-12
6.76798e-12
7.37425e-12
8.00732e-12
8.66001e-12
9.32198e-12
9.97904e-12
1.06125e-11
1.11983e-11
1.17074e-11
1.21048e-11
1.2351e-11
1.24034e-11
1.22188e-11
1.17567e-11
1.09844e-11
9.88113e-12
8.44264e-12
6.68468e-12
4.64518e-12
2.38638e-12
-1.84806e-33
9.72861e-17
6.57752e-14
1.28339e-13
1.87921e-13
2.44665e-13
2.98704e-13
3.50167e-13
3.99177e-13
4.45851e-13
4.90299e-13
5.32628e-13
5.72939e-13
6.11327e-13
6.47885e-13
6.827e-13
7.15854e-13
7.47427e-13
7.77495e-13
8.06129e-13
8.33398e-13
8.59366e-13
8.84096e-13
9.07647e-13
9.30075e-13
9.51433e-13
9.71774e-13
9.91144e-13
1.00959e-12
1.02716e-12
1.04389e-12
1.05982e-12
1.075e-12
1.24205e-12
1.42568e-12
1.62751e-12
1.84928e-12
2.0929e-12
2.36044e-12
2.65412e-12
2.97635e-12
3.32968e-12
3.71683e-12
4.14066e-12
4.60412e-12
5.11025e-12
5.66206e-12
6.26247e-12
6.91414e-12
7.61931e-12
8.37956e-12
9.19543e-12
1.00661e-11
1.09887e-11
1.19578e-11
1.29646e-11
1.3996e-11
1.50336e-11
1.60528e-11
1.70215e-11
1.78999e-11
1.86402e-11
1.91871e-11
1.94798e-11
1.94547e-11
1.90507e-11
1.82144e-11
1.69069e-11
1.51097e-11
1.28296e-11
1.01011e-11
6.98673e-12
3.57787e-12
-2.52859e-33
1.44516e-16
9.77055e-14
1.9064e-13
2.79146e-13
3.63435e-13
4.43706e-13
5.20151e-13
5.92951e-13
6.6228e-13
7.28304e-13
7.91178e-13
8.51055e-13
9.08075e-13
9.62376e-13
1.01409e-12
1.06333e-12
1.11023e-12
1.15489e-12
1.19742e-12
1.23792e-12
1.27649e-12
1.31322e-12
1.3482e-12
1.38151e-12
1.41323e-12
1.44344e-12
1.47221e-12
1.49961e-12
1.5257e-12
1.55055e-12
1.57421e-12
1.59675e-12
1.84484e-12
2.11754e-12
2.41723e-12
2.74649e-12
3.10815e-12
3.50525e-12
3.94105e-12
4.41909e-12
4.94309e-12
5.51701e-12
6.14498e-12
6.83126e-12
7.58014e-12
8.39585e-12
9.28237e-12
1.02432e-11
1.12812e-11
1.23978e-11
1.35929e-11
1.48642e-11
1.62059e-11
1.76082e-11
1.9056e-11
2.05274e-11
2.19926e-11
2.34125e-11
2.47375e-11
2.59075e-11
2.68517e-11
2.74914e-11
2.77428e-11
2.75232e-11
2.6758e-11
2.53886e-11
2.33813e-11
2.07327e-11
1.74729e-11
1.36646e-11
9.39948e-12
4.79523e-12
-3.08717e-33
2.01519e-16
1.36242e-13
2.65831e-13
3.89246e-13
5.06779e-13
6.18709e-13
7.25303e-13
8.26815e-13
9.23486e-13
1.01555e-12
1.10322e-12
1.18671e-12
1.26621e-12
1.34193e-12
1.41403e-12
1.48269e-12
1.54808e-12
1.61035e-12
1.66965e-12
1.72612e-12
1.77989e-12
1.83111e-12
1.87987e-12
1.92632e-12
1.97055e-12
2.01267e-12
2.05278e-12
2.09097e-12
2.12735e-12
2.16199e-12
2.19498e-12
2.2264e-12
2.57227e-12
2.95242e-12
3.37016e-12
3.82908e-12
4.33308e-12
4.88636e-12
5.49346e-12
6.15921e-12
6.88874e-12
7.68745e-12
8.56097e-12
9.515e-12
1.05553e-11
1.16874e-11
1.29164e-11
1.42466e-11
1.5681e-11
1.7221e-11
1.88651e-11
2.06082e-11
2.24406e-11
2.43462e-11
2.63011e-11
2.82719e-11
3.02136e-11
3.20686e-11
3.37652e-11
3.52182e-11
3.63303e-11
3.69961e-11
3.71085e-11
3.65675e-11
3.52905e-11
3.32236e-11
3.03499e-11
2.66945e-11
2.23232e-11
1.73359e-11
1.18564e-11
6.02482e-12
-3.53319e-33
2.64238e-16
1.78642e-13
3.48561e-13
5.10383e-13
6.64492e-13
8.11255e-13
9.51021e-13
1.08412e-12
1.21088e-12
1.33158e-12
1.44653e-12
1.556e-12
1.66025e-12
1.75952e-12
1.85406e-12
1.94408e-12
2.02981e-12
2.11146e-12
2.1892e-12
2.26324e-12
2.33375e-12
2.40089e-12
2.46483e-12
2.52572e-12
2.58371e-12
2.63893e-12
2.69152e-12
2.7416e-12
2.78929e-12
2.83471e-12
2.87796e-12
2.91915e-12
3.37259e-12
3.87094e-12
4.41852e-12
5.02004e-12
5.68058e-12
6.40562e-12
7.20104e-12
8.07313e-12
9.02854e-12
1.00742e-11
1.12174e-11
1.24654e-11
1.38254e-11
1.53044e-11
1.69086e-11
1.8643e-11
2.05109e-11
2.25129e-11
2.46457e-11
2.69014e-11
2.9265e-11
3.1713e-11
3.42115e-11
3.67134e-11
3.91566e-11
4.1462e-11
4.35332e-11
4.52572e-11
4.65076e-11
4.71509e-11
4.70563e-11
4.61085e-11
4.42215e-11
4.13521e-11
3.75095e-11
3.27565e-11
2.72032e-11
2.09926e-11
1.42823e-11
7.23126e-12
-3.86566e-33
3.24212e-16
2.19188e-13
4.27671e-13
6.2622e-13
8.15306e-13
9.95378e-13
1.16686e-12
1.33017e-12
1.48569e-12
1.6338e-12
1.77483e-12
1.90914e-12
2.03704e-12
2.15884e-12
2.27483e-12
2.38529e-12
2.49047e-12
2.59064e-12
2.68603e-12
2.77687e-12
2.86337e-12
2.94575e-12
3.0242e-12
3.09891e-12
3.17005e-12
3.2378e-12
3.30232e-12
3.36376e-12
3.42227e-12
3.47799e-12
3.53106e-12
3.58159e-12
4.13789e-12
4.74928e-12
5.42104e-12
6.15892e-12
6.96916e-12
7.85845e-12
8.83397e-12
9.90341e-12
1.10748e-11
1.23567e-11
1.37579e-11
1.5287e-11
1.69529e-11
1.87637e-11
2.07268e-11
2.2848e-11
2.51306e-11
2.75747e-11
3.01756e-11
3.29219e-11
3.57942e-11
3.87619e-11
4.17812e-11
4.4792e-11
4.77156e-11
5.04526e-11
5.28826e-11
5.48655e-11
5.62467e-11
5.68653e-11
5.65676e-11
5.5223e-11
5.27424e-11
4.90939e-11
4.43127e-11
3.85002e-11
3.18115e-11
2.44331e-11
1.6557e-11
8.35959e-12
-4.07847e-33
3.7099e-16
2.50812e-13
4.89375e-13
7.16571e-13
9.32939e-13
1.13899e-12
1.33522e-12
1.52209e-12
1.70005e-12
1.86952e-12
2.0309e-12
2.18459e-12
2.33095e-12
2.47032e-12
2.60304e-12
2.72943e-12
2.84979e-12
2.96441e-12
3.07356e-12
3.17751e-12
3.27649e-12
3.37075e-12
3.46052e-12
3.546e-12
3.62741e-12
3.70493e-12
3.77876e-12
3.84907e-12
3.91602e-12
3.97978e-12
4.0405e-12
4.09832e-12
4.73487e-12
5.43445e-12
6.20311e-12
7.04742e-12
7.9745e-12
8.99202e-12
1.01082e-11
1.13318e-11
1.2672e-11
1.41386e-11
1.57415e-11
1.74908e-11
1.93963e-11
2.14675e-11
2.37126e-11
2.61382e-11
2.87479e-11
3.15415e-11
3.45135e-11
3.76507e-11
4.09302e-11
4.43166e-11
4.7759e-11
5.1188e-11
5.45124e-11
5.76173e-11
6.03638e-11
6.25905e-11
6.41194e-11
6.47663e-11
6.43561e-11
6.27421e-11
5.98276e-11
5.5584e-11
5.00626e-11
4.33925e-11
3.57644e-11
2.7402e-11
1.85287e-11
9.34047e-12
-4.16483e-33
3.95688e-16
2.6751e-13
5.21957e-13
7.64279e-13
9.95052e-13
1.21482e-12
1.42412e-12
1.62343e-12
1.81324e-12
1.99399e-12
2.16612e-12
2.33004e-12
2.48615e-12
2.6348e-12
2.77636e-12
2.91117e-12
3.03955e-12
3.1618e-12
3.27822e-12
3.38909e-12
3.49466e-12
3.5952e-12
3.69095e-12
3.78213e-12
3.86896e-12
3.95165e-12
4.03039e-12
4.10538e-12
4.17679e-12
4.2448e-12
4.30957e-12
4.37124e-12
5.05021e-12
5.79641e-12
6.61632e-12
7.51695e-12
8.5059e-12
9.59137e-12
1.07821e-11
1.20876e-11
1.35176e-11
1.50826e-11
1.67933e-11
1.86604e-11
2.06947e-11
2.29063e-11
2.53043e-11
2.78959e-11
3.06854e-11
3.36731e-11
3.68534e-11
4.02131e-11
4.37285e-11
4.73629e-11
5.1063e-11
5.47557e-11
5.83448e-11
6.17084e-11
6.46983e-11
6.71416e-11
6.88461e-11
6.96115e-11
6.92451e-11
6.75829e-11
6.45128e-11
5.99965e-11
5.40825e-11
4.69067e-11
3.86761e-11
2.96374e-11
2.00396e-11
1.0101e-11
-4.12199e-33
3.93669e-16
2.66148e-13
5.19298e-13
7.60387e-13
9.89985e-13
1.20864e-12
1.41687e-12
1.61517e-12
1.80401e-12
1.98385e-12
2.15511e-12
2.3182e-12
2.47351e-12
2.62141e-12
2.76226e-12
2.89639e-12
3.02412e-12
3.14575e-12
3.26159e-12
3.37189e-12
3.47694e-12
3.57698e-12
3.67224e-12
3.76296e-12
3.84936e-12
3.93163e-12
4.00998e-12
4.08459e-12
4.15565e-12
4.22332e-12
4.28776e-12
4.34913e-12
5.02472e-12
5.76724e-12
6.58314e-12
7.47942e-12
8.46369e-12
9.54411e-12
1.07295e-11
1.20292e-11
1.34533e-11
1.50121e-11
1.67164e-11
1.85773e-11
2.06057e-11
2.2812e-11
2.52059e-11
2.7795e-11
3.05846e-11
3.3576e-11
3.67651e-11
4.01403e-11
4.36802e-11
4.73506e-11
5.11013e-11
5.48625e-11
5.85415e-11
6.20196e-11
6.51509e-11
6.7763e-11
6.96616e-11
7.06401e-11
7.04942e-11
6.90429e-11
6.61519e-11
6.17576e-11
5.58838e-11
4.86472e-11
4.02451e-11
3.09272e-11
2.09575e-11
1.05787e-11
-2.20304e-33
3.92349e-16
2.65256e-13
5.17558e-13
7.57839e-13
9.86668e-13
1.20459e-12
1.41212e-12
1.60976e-12
1.79797e-12
1.9772e-12
2.14789e-12
2.31043e-12
2.46522e-12
2.61263e-12
2.75301e-12
2.88668e-12
3.01399e-12
3.13522e-12
3.25066e-12
3.3606e-12
3.4653e-12
3.565e-12
3.65994e-12
3.75036e-12
3.83647e-12
3.91847e-12
3.99655e-12
4.07092e-12
4.14174e-12
4.20918e-12
4.2734e-12
4.33457e-12
5.0079e-12
5.74795e-12
6.56113e-12
7.45444e-12
8.43544e-12
9.5123e-12
1.06938e-11
1.19893e-11
1.34087e-11
1.49624e-11
1.66613e-11
1.85163e-11
2.05383e-11
2.27379e-11
2.51246e-11
2.77061e-11
3.04879e-11
3.34713e-11
3.66523e-11
4.00196e-11
4.35521e-11
4.72159e-11
5.09613e-11
5.47191e-11
5.83971e-11
6.18775e-11
6.5015e-11
6.76377e-11
6.95517e-11
7.05504e-11
7.0429e-11
6.9005e-11
6.61424e-11
6.17749e-11
5.59234e-11
4.8702e-11
4.0306e-11
3.09844e-11
2.10019e-11
1.0603e-11
9.81929e-34
3.81974e-16
2.58245e-13
5.03878e-13
7.37808e-13
9.60589e-13
1.17275e-12
1.3748e-12
1.56721e-12
1.75045e-12
1.92495e-12
2.09113e-12
2.24938e-12
2.40009e-12
2.5436e-12
2.68027e-12
2.81042e-12
2.93436e-12
3.05239e-12
3.16479e-12
3.27183e-12
3.37377e-12
3.47084e-12
3.56328e-12
3.65132e-12
3.73515e-12
3.81499e-12
3.89102e-12
3.96343e-12
4.03238e-12
4.09804e-12
4.16058e-12
4.22013e-12
4.87574e-12
5.59633e-12
6.38818e-12
7.2581e-12
8.21348e-12
9.26232e-12
1.04132e-11
1.16753e-11
1.30584e-11
1.45727e-11
1.62288e-11
1.80378e-11
2.00105e-11
2.21575e-11
2.44884e-11
2.70117e-11
2.97331e-11
3.26551e-11
3.5775e-11
3.90835e-11
4.25618e-11
4.61794e-11
4.98903e-11
5.36303e-11
5.73125e-11
6.08248e-11
6.40277e-11
6.67541e-11
6.8813e-11
6.99969e-11
7.00955e-11
6.89148e-11
6.63005e-11
6.21627e-11
5.64961e-11
4.939e-11
4.10217e-11
3.16333e-11
2.1495e-11
1.087e-11
2.30351e-33
3.81389e-16
2.5785e-13
5.03108e-13
7.36681e-13
9.59122e-13
1.17096e-12
1.3727e-12
1.56482e-12
1.74778e-12
1.92202e-12
2.08794e-12
2.24595e-12
2.39643e-12
2.53973e-12
2.67619e-12
2.80615e-12
2.9299e-12
3.04775e-12
3.15999e-12
3.26687e-12
3.36865e-12
3.46557e-12
3.55788e-12
3.64578e-12
3.72949e-12
3.80921e-12
3.88513e-12
3.95742e-12
4.02627e-12
4.09184e-12
4.15428e-12
4.21375e-12
4.86839e-12
5.58794e-12
6.37865e-12
7.24735e-12
8.20143e-12
9.24888e-12
1.03983e-11
1.16589e-11
1.30404e-11
1.45532e-11
1.62079e-11
1.80156e-11
1.99872e-11
2.21336e-11
2.44646e-11
2.69888e-11
2.97125e-11
3.26385e-11
3.5765e-11
3.90831e-11
4.25753e-11
4.62122e-11
4.99492e-11
5.37236e-11
5.74502e-11
6.10187e-11
6.42907e-11
6.70999e-11
6.92546e-11
7.0545e-11
7.07561e-11
6.9686e-11
6.717e-11
6.31048e-11
5.74713e-11
5.03459e-11
4.18969e-11
3.23638e-11
2.2022e-11
1.11468e-11
2.24144e-33
3.88571e-16
2.62706e-13
5.12583e-13
7.50554e-13
9.77185e-13
1.19301e-12
1.39855e-12
1.59429e-12
1.7807e-12
1.95821e-12
2.12726e-12
2.28825e-12
2.44156e-12
2.58756e-12
2.72659e-12
2.85899e-12
2.98508e-12
3.10515e-12
3.2195e-12
3.32839e-12
3.43209e-12
3.53084e-12
3.62488e-12
3.71444e-12
3.79973e-12
3.88095e-12
3.9583e-12
4.03196e-12
4.1021e-12
4.1689e-12
4.23252e-12
4.29311e-12
4.96008e-12
5.69318e-12
6.49879e-12
7.38385e-12
8.35591e-12
9.42309e-12
1.05942e-11
1.18785e-11
1.32861e-11
1.48274e-11
1.65133e-11
1.83551e-11
2.0364e-11
2.25509e-11
2.4926e-11
2.7498e-11
3.02733e-11
3.32549e-11
3.64408e-11
3.98223e-11
4.33813e-11
4.70881e-11
5.08974e-11
5.47454e-11
5.85456e-11
6.21857e-11
6.55251e-11
6.83947e-11
7.05994e-11
7.1926e-11
7.21553e-11
7.10815e-11
6.85358e-11
6.44114e-11
5.86859e-11
5.14338e-11
4.2823e-11
3.30947e-11
2.25283e-11
1.14064e-11
1.27298e-33
3.90531e-16
2.6403e-13
5.15167e-13
7.54338e-13
9.82111e-13
1.19903e-12
1.4056e-12
1.60233e-12
1.78967e-12
1.96809e-12
2.13799e-12
2.29979e-12
2.45387e-12
2.6006e-12
2.74034e-12
2.87341e-12
3.00013e-12
3.12081e-12
3.23573e-12
3.34517e-12
3.44939e-12
3.54864e-12
3.64316e-12
3.73317e-12
3.81888e-12
3.90051e-12
3.97825e-12
4.05228e-12
4.12278e-12
4.18992e-12
4.25386e-12
4.31475e-12
4.98508e-12
5.72187e-12
6.53154e-12
7.42105e-12
8.398e-12
9.47055e-12
1.06475e-11
1.19383e-11
1.33529e-11
1.49019e-11
1.65963e-11
1.84473e-11
2.04662e-11
2.26639e-11
2.50507e-11
2.76353e-11
3.04241e-11
3.34201e-11
3.66213e-11
4.00188e-11
4.35944e-11
4.73181e-11
5.11444e-11
5.5009e-11
5.8825e-11
6.24793e-11
6.58307e-11
6.87093e-11
7.09191e-11
7.22462e-11
7.24707e-11
7.13865e-11
6.88245e-11
6.46781e-11
5.89254e-11
5.16413e-11
4.29944e-11
3.32265e-11
2.26179e-11
1.14517e-11
1.11732e-33
4.01818e-16
2.71661e-13
5.30055e-13
7.76138e-13
1.01049e-12
1.23368e-12
1.44622e-12
1.64863e-12
1.84139e-12
2.02496e-12
2.19977e-12
2.36624e-12
2.52478e-12
2.67575e-12
2.81952e-12
2.95643e-12
3.08682e-12
3.21098e-12
3.32922e-12
3.44182e-12
3.54905e-12
3.65117e-12
3.74842e-12
3.84102e-12
3.92922e-12
4.0132e-12
4.09318e-12
4.16935e-12
4.24189e-12
4.31097e-12
4.37675e-12
4.4394e-12
5.12908e-12
5.88713e-12
6.72015e-12
7.6353e-12
8.64039e-12
9.7438e-12
1.09546e-11
1.22824e-11
1.37376e-11
1.53309e-11
1.70735e-11
1.89771e-11
2.10531e-11
2.33127e-11
2.57662e-11
2.84225e-11
3.1288e-11
3.43654e-11
3.76522e-11
4.11388e-11
4.4806e-11
4.86223e-11
5.254e-11
5.64923e-11
6.03888e-11
6.41126e-11
6.75181e-11
7.04306e-11
7.26498e-11
7.39575e-11
7.41315e-11
7.29647e-11
7.02894e-11
6.60025e-11
6.00872e-11
5.26242e-11
4.37879e-11
3.38245e-11
2.30174e-11
1.16516e-11
1.99414e-33
4.20555e-16
2.84327e-13
5.54769e-13
8.12325e-13
1.05761e-12
1.2912e-12
1.51365e-12
1.7255e-12
1.92724e-12
2.11936e-12
2.30232e-12
2.47656e-12
2.64248e-12
2.80049e-12
2.95096e-12
3.09425e-12
3.23071e-12
3.36066e-12
3.48441e-12
3.60226e-12
3.71448e-12
3.82136e-12
3.92313e-12
4.02006e-12
4.11236e-12
4.20025e-12
4.28396e-12
4.36368e-12
4.43959e-12
4.51188e-12
4.58073e-12
4.6463e-12
5.36809e-12
6.16141e-12
7.03317e-12
7.99085e-12
9.04259e-12
1.01972e-11
1.1464e-11
1.28532e-11
1.43754e-11
1.6042e-11
1.78645e-11
1.98548e-11
2.2025e-11
2.43864e-11
2.69496e-11
2.97234e-11
3.2714e-11
3.59236e-11
3.93488e-11
4.29786e-11
4.67918e-11
5.07536e-11
5.48128e-11
5.88975e-11
6.29114e-11
6.67308e-11
7.02022e-11
7.31432e-11
7.53462e-11
7.65874e-11
7.6642e-11
7.5304e-11
7.24113e-11
6.78709e-11
6.16787e-11
5.39291e-11
4.48082e-11
3.45705e-11
2.35033e-11
1.18904e-11
2.05073e-33
4.43487e-16
2.99829e-13
5.85015e-13
8.56613e-13
1.11527e-12
1.36159e-12
1.59617e-12
1.81957e-12
2.03231e-12
2.2349e-12
2.42783e-12
2.61156e-12
2.78653e-12
2.95315e-12
3.11182e-12
3.26292e-12
3.40681e-12
3.54384e-12
3.67433e-12
3.7986e-12
3.91694e-12
4.02963e-12
4.13695e-12
4.23916e-12
4.33648e-12
4.42917e-12
4.51743e-12
4.60149e-12
4.68154e-12
4.75777e-12
4.83036e-12
4.8995e-12
5.66058e-12
6.49706e-12
7.4162e-12
8.4259e-12
9.5347e-12
1.07518e-11
1.20872e-11
1.35514e-11
1.51556e-11
1.69115e-11
1.88314e-11
2.09277e-11
2.32125e-11
2.56978e-11
2.83942e-11
3.13105e-11
3.44526e-11
3.78218e-11
4.14136e-11
4.52148e-11
4.92014e-11
5.3335e-11
5.75592e-11
6.17957e-11
6.59407e-11
6.98615e-11
7.33952e-11
7.63499e-11
7.85094e-11
7.96442e-11
7.95274e-11
7.79567e-11
7.47794e-11
6.99174e-11
6.33848e-11
5.52949e-11
4.58496e-11
3.53134e-11
2.39765e-11
1.21194e-11
1.89923e-33
4.69605e-16
3.17484e-13
6.19463e-13
9.07053e-13
1.18094e-12
1.44176e-12
1.69016e-12
1.9267e-12
2.15197e-12
2.36649e-12
2.57078e-12
2.76532e-12
2.95058e-12
3.12701e-12
3.29502e-12
3.45501e-12
3.60737e-12
3.75246e-12
3.89063e-12
4.02221e-12
4.14751e-12
4.26683e-12
4.38047e-12
4.48868e-12
4.59173e-12
4.68987e-12
4.78332e-12
4.87232e-12
4.95707e-12
5.03779e-12
5.11465e-12
5.18785e-12
5.99367e-12
6.87929e-12
7.85238e-12
8.9213e-12
1.00951e-11
1.13834e-11
1.27967e-11
1.43462e-11
1.60436e-11
1.79012e-11
1.99318e-11
2.21483e-11
2.45633e-11
2.71891e-11
3.00364e-11
3.31139e-11
3.64269e-11
3.9976e-11
4.37548e-11
4.7748e-11
5.19279e-11
5.62515e-11
6.06565e-11
6.50572e-11
6.93406e-11
7.3364e-11
7.69536e-11
7.99066e-11
8.19979e-11
8.2992e-11
8.26614e-11
8.08094e-11
7.72962e-11
7.20625e-11
6.51451e-11
5.66793e-11
4.6885e-11
3.60377e-11
2.44299e-11
1.23358e-11
1.7565e-33
4.9811e-16
3.36752e-13
6.57057e-13
9.62101e-13
1.2526e-12
1.52926e-12
1.79272e-12
2.04362e-12
2.28256e-12
2.51009e-12
2.72678e-12
2.93312e-12
3.12962e-12
3.31675e-12
3.49495e-12
3.66464e-12
3.82624e-12
3.98013e-12
4.12668e-12
4.26623e-12
4.39913e-12
4.52569e-12
4.64621e-12
4.76099e-12
4.87028e-12
4.97437e-12
5.07349e-12
5.16788e-12
5.25777e-12
5.34338e-12
5.4249e-12
5.50253e-12
6.35716e-12
7.2964e-12
8.32836e-12
9.46188e-12
1.07065e-11
1.20725e-11
1.35708e-11
1.52133e-11
1.70123e-11
1.89807e-11
2.11318e-11
2.34792e-11
2.60359e-11
2.88144e-11
3.18256e-11
3.50779e-11
3.85762e-11
4.23197e-11
4.63002e-11
5.04996e-11
5.48864e-11
5.94122e-11
6.40079e-11
6.85795e-11
7.3004e-11
7.71274e-11
8.07641e-11
8.36999e-11
8.57003e-11
8.65244e-11
8.59452e-11
8.3774e-11
7.98866e-11
7.42458e-11
6.69137e-11
5.80502e-11
4.78945e-11
3.67327e-11
2.48585e-11
1.25382e-11
1.62218e-33
5.28346e-16
3.5719e-13
6.96935e-13
1.02049e-12
1.32863e-12
1.62207e-12
1.90152e-12
2.16765e-12
2.42108e-12
2.66242e-12
2.89225e-12
3.11111e-12
3.31953e-12
3.51801e-12
3.70701e-12
3.887e-12
4.0584e-12
4.22162e-12
4.37706e-12
4.52508e-12
4.66603e-12
4.80026e-12
4.92809e-12
5.04982e-12
5.16574e-12
5.27614e-12
5.38127e-12
5.48138e-12
5.57672e-12
5.66751e-12
5.75397e-12
5.83631e-12
6.74271e-12
7.73881e-12
8.8332e-12
1.00352e-11
1.13549e-11
1.28032e-11
1.43917e-11
1.61328e-11
1.80394e-11
2.01251e-11
2.24039e-11
2.48898e-11
2.75963e-11
3.05362e-11
3.37205e-11
3.71573e-11
4.08506e-11
4.47985e-11
4.89906e-11
5.34057e-11
5.80078e-11
6.2743e-11
6.75347e-11
7.22797e-11
7.68443e-11
8.10625e-11
8.47361e-11
8.76392e-11
8.95281e-11
9.01572e-11
8.93014e-11
8.67818e-11
8.24926e-11
7.6421e-11
6.86565e-11
5.93847e-11
4.88641e-11
3.73911e-11
2.52594e-11
1.27256e-11
1.49601e-33
5.59763e-16
3.78426e-13
7.3837e-13
1.08116e-12
1.40762e-12
1.7185e-12
2.01457e-12
2.29651e-12
2.56501e-12
2.82069e-12
3.06418e-12
3.29605e-12
3.51685e-12
3.72712e-12
3.92736e-12
4.11804e-12
4.29963e-12
4.47254e-12
4.63721e-12
4.79402e-12
4.94335e-12
5.08555e-12
5.22097e-12
5.34993e-12
5.47274e-12
5.58968e-12
5.70105e-12
5.80711e-12
5.90811e-12
6.00429e-12
6.09588e-12
6.18311e-12
7.1433e-12
8.19846e-12
9.3577e-12
1.06309e-11
1.20286e-11
1.35624e-11
1.52445e-11
1.70878e-11
1.91061e-11
2.13136e-11
2.37248e-11
2.63543e-11
2.92161e-11
3.23231e-11
3.56865e-11
3.93139e-11
4.32086e-11
4.73671e-11
5.17767e-11
5.64129e-11
6.1235e-11
6.61828e-11
7.11719e-11
7.60893e-11
8.07902e-11
8.5096e-11
8.87956e-11
9.16513e-11
9.34104e-11
9.38236e-11
9.26691e-11
8.97799e-11
8.50703e-11
7.85538e-11
7.03487e-11
6.06664e-11
4.97845e-11
3.80086e-11
2.56311e-11
1.28979e-11
1.37777e-33
5.91893e-16
4.00143e-13
7.80744e-13
1.14321e-12
1.48839e-12
1.81712e-12
2.13017e-12
2.42829e-12
2.71219e-12
2.98255e-12
3.24e-12
3.48517e-12
3.71865e-12
3.94098e-12
4.1527e-12
4.35431e-12
4.54631e-12
4.72914e-12
4.90325e-12
5.06905e-12
5.22694e-12
5.37729e-12
5.52048e-12
5.65683e-12
5.78667e-12
5.91032e-12
6.02807e-12
6.14021e-12
6.24699e-12
6.34869e-12
6.44553e-12
6.53775e-12
7.55293e-12
8.66849e-12
9.89403e-12
1.12399e-11
1.27175e-11
1.43386e-11
1.61163e-11
1.80642e-11
2.01967e-11
2.25285e-11
2.50749e-11
2.78509e-11
3.0871e-11
3.41485e-11
3.76942e-11
4.15156e-11
4.56149e-11
4.9987e-11
5.46169e-11
5.94762e-11
6.45194e-11
6.96799e-11
7.48649e-11
7.99514e-11
8.47828e-11
8.91678e-11
9.28822e-11
9.56767e-11
9.72902e-11
9.74706e-11
9.60008e-11
9.27274e-11
8.75865e-11
8.06192e-11
7.19728e-11
6.18846e-11
5.06502e-11
3.85831e-11
2.59734e-11
1.30552e-11
1.26723e-33
6.24331e-16
4.22069e-13
8.23524e-13
1.20585e-12
1.56995e-12
1.91669e-12
2.24689e-12
2.56134e-12
2.86079e-12
3.14596e-12
3.41751e-12
3.67611e-12
3.92237e-12
4.15688e-12
4.38019e-12
4.59285e-12
4.79535e-12
4.9882e-12
5.17184e-12
5.34671e-12
5.51324e-12
5.67183e-12
5.82285e-12
5.96666e-12
6.10361e-12
6.23402e-12
6.35822e-12
6.47649e-12
6.58912e-12
6.69637e-12
6.79851e-12
6.89578e-12
7.96648e-12
9.14301e-12
1.04355e-11
1.18548e-11
1.34128e-11
1.51221e-11
1.69963e-11
1.90497e-11
2.12972e-11
2.37545e-11
2.64371e-11
2.93608e-11
3.25404e-11
3.59894e-11
3.97185e-11
4.37348e-11
4.80394e-11
5.26256e-11
5.74756e-11
6.25574e-11
6.78204e-11
7.3191e-11
7.8568e-11
8.38182e-11
8.8773e-11
9.32281e-11
9.69465e-11
9.96674e-11
1.01122e-10
1.01057e-10
9.92599e-11
9.55938e-11
9.00172e-11
8.25997e-11
7.35175e-11
6.30329e-11
5.14584e-11
3.91142e-11
2.62868e-11
1.31982e-11
1.16416e-33
6.56731e-16
4.43969e-13
8.66254e-13
1.26841e-12
1.6514e-12
2.01613e-12
2.36347e-12
2.69423e-12
3.00921e-12
3.30917e-12
3.59481e-12
3.86682e-12
4.12585e-12
4.37252e-12
4.60741e-12
4.83109e-12
5.0441e-12
5.24694e-12
5.4401e-12
5.62404e-12
5.7992e-12
5.96601e-12
6.12485e-12
6.27611e-12
6.42016e-12
6.55734e-12
6.68797e-12
6.81236e-12
6.93083e-12
7.04364e-12
7.15107e-12
7.25338e-12
8.37952e-12
9.61693e-12
1.09762e-11
1.24689e-11
1.41072e-11
1.59046e-11
1.78751e-11
2.00337e-11
2.23961e-11
2.49784e-11
2.7797e-11
3.08679e-11
3.42065e-11
3.78262e-11
4.17379e-11
4.59479e-11
5.04564e-11
5.52549e-11
6.03228e-11
6.56242e-11
7.11032e-11
7.66795e-11
8.2243e-11
8.76501e-11
9.27203e-11
9.72363e-11
1.00948e-10
1.03585e-10
1.0487e-10
1.04549e-10
1.02419e-10
9.83564e-11
9.23453e-11
8.44834e-11
7.49756e-11
6.41079e-11
5.22084e-11
3.96025e-11
2.65725e-11
1.33277e-11
1.06829e-33
6.88796e-16
4.65642e-13
9.08542e-13
1.33034e-12
1.73202e-12
2.11455e-12
2.47884e-12
2.82575e-12
3.1561e-12
3.4707e-12
3.77028e-12
4.05556e-12
4.32723e-12
4.58593e-12
4.83228e-12
5.06688e-12
5.29027e-12
5.50301e-12
5.70559e-12
5.8985e-12
6.0822e-12
6.25714e-12
6.42373e-12
6.58237e-12
6.73344e-12
6.8773e-12
7.0143e-12
7.14476e-12
7.269e-12
7.38731e-12
7.49998e-12
7.60727e-12
8.78827e-12
1.00859e-11
1.15113e-11
1.30765e-11
1.47944e-11
1.66788e-11
1.87446e-11
2.10074e-11
2.34834e-11
2.61893e-11
2.91422e-11
3.23585e-11
3.5854e-11
3.96423e-11
4.3734e-11
4.8135e-11
5.28442e-11
5.78513e-11
6.3133e-11
6.86492e-11
7.4339e-11
8.01147e-11
8.58579e-11
9.14142e-11
9.65912e-11
1.01159e-10
1.04855e-10
1.07398e-10
1.08506e-10
1.07924e-10
1.05457e-10
1.00999e-10
9.45595e-11
8.62634e-11
7.63437e-11
6.51089e-11
5.29011e-11
4.00498e-11
2.6832e-11
1.34446e-11
9.79338e-34
7.20278e-16
4.86921e-13
9.5006e-13
1.39113e-12
1.81117e-12
2.21118e-12
2.59211e-12
2.95487e-12
3.30031e-12
3.62928e-12
3.94254e-12
4.24086e-12
4.52493e-12
4.79545e-12
5.05305e-12
5.29836e-12
5.53196e-12
5.7544e-12
5.96623e-12
6.16795e-12
6.36004e-12
6.54296e-12
6.71716e-12
6.88303e-12
7.041e-12
7.19143e-12
7.33467e-12
7.47109e-12
7.60099e-12
7.7247e-12
7.84251e-12
7.9547e-12
9.18956e-12
1.05464e-11
1.20367e-11
1.3673e-11
1.5469e-11
1.74389e-11
1.95982e-11
2.1963e-11
2.45504e-11
2.73777e-11
3.04622e-11
3.38211e-11
3.74704e-11
4.14237e-11
4.56916e-11
5.02793e-11
5.51846e-11
6.03951e-11
6.58849e-11
7.16099e-11
7.75036e-11
8.34716e-11
8.93865e-11
9.50837e-11
1.00359e-10
1.0497e-10
1.08642e-10
1.11084e-10
1.12009e-10
1.11162e-10
1.08359e-10
1.03512e-10
9.66529e-11
8.7936e-11
7.76208e-11
6.60368e-11
5.35383e-11
4.0458e-11
2.70671e-11
1.35498e-11
8.96975e-34
7.50967e-16
5.07664e-13
9.90532e-13
1.45039e-12
1.88832e-12
2.30537e-12
2.70252e-12
3.08073e-12
3.44089e-12
3.78387e-12
4.11047e-12
4.42149e-12
4.71766e-12
4.99969e-12
5.26826e-12
5.52401e-12
5.76755e-12
5.99947e-12
6.22031e-12
6.43061e-12
6.63088e-12
6.82158e-12
7.00319e-12
7.17612e-12
7.34081e-12
7.49763e-12
7.64698e-12
7.78919e-12
7.92462e-12
8.05359e-12
8.17641e-12
8.29337e-12
9.58073e-12
1.09952e-11
1.25487e-11
1.42545e-11
1.61265e-11
1.81797e-11
2.043e-11
2.28944e-11
2.55903e-11
2.85357e-11
3.17485e-11
3.52461e-11
3.9045e-11
4.31589e-11
4.7598e-11
5.2367e-11
5.74624e-11
6.28702e-11
6.85612e-11
7.44876e-11
8.05775e-11
8.67296e-11
9.28077e-11
9.86372e-11
1.04002e-10
1.08648e-10
1.12289e-10
1.14625e-10
1.15363e-10
1.14252e-10
1.11117e-10
1.05888e-10
9.86222e-11
8.95006e-11
7.88081e-11
6.68938e-11
5.41227e-11
4.08296e-11
2.72797e-11
1.36444e-11
8.20871e-34
7.80695e-16
5.27757e-13
1.02974e-12
1.50779e-12
1.96306e-12
2.39661e-12
2.80948e-12
3.20266e-12
3.57707e-12
3.93361e-12
4.27314e-12
4.59646e-12
4.90435e-12
5.19754e-12
5.47673e-12
5.74259e-12
5.99576e-12
6.23685e-12
6.46643e-12
6.68504e-12
6.89323e-12
7.09147e-12
7.28025e-12
7.46003e-12
7.63122e-12
7.79424e-12
7.94949e-12
8.09732e-12
8.23811e-12
8.37217e-12
8.49984e-12
8.62142e-12
9.95963e-12
1.14299e-11
1.30447e-11
1.48177e-11
1.67633e-11
1.88971e-11
2.12357e-11
2.37965e-11
2.65974e-11
2.96571e-11
3.29939e-11
3.66258e-11
4.05693e-11
4.48383e-11
4.94428e-11
5.43868e-11
5.96657e-11
6.52633e-11
7.11479e-11
7.72677e-11
8.35453e-11
8.98726e-11
9.61052e-11
1.02058e-10
1.07505e-10
1.12178e-10
1.15782e-10
1.18008e-10
1.18558e-10
1.17186e-10
1.13725e-10
1.08125e-10
1.00467e-10
9.09584e-11
7.99081e-11
6.76828e-11
5.46573e-11
4.11673e-11
2.74714e-11
1.37292e-11
7.50676e-34
8.09328e-16
5.4711e-13
1.0675e-12
1.56308e-12
2.03504e-12
2.48449e-12
2.9125e-12
3.32009e-12
3.70823e-12
4.07784e-12
4.42981e-12
4.76499e-12
5.08416e-12
5.38809e-12
5.67751e-12
5.95312e-12
6.21557e-12
6.46548e-12
6.70347e-12
6.9301e-12
7.14591e-12
7.35141e-12
7.54711e-12
7.73347e-12
7.91093e-12
8.07992e-12
8.24085e-12
8.3941e-12
8.54004e-12
8.67901e-12
8.81136e-12
8.93739e-12
1.03246e-11
1.18486e-11
1.35224e-11
1.53601e-11
1.73766e-11
1.95881e-11
2.20116e-11
2.46651e-11
2.75671e-11
3.07368e-11
3.4193e-11
3.7954e-11
4.20366e-11
4.64548e-11
5.12182e-11
5.63301e-11
6.17849e-11
6.75645e-11
7.36343e-11
7.99385e-11
8.63948e-11
9.28882e-11
9.92662e-11
1.05334e-10
1.10854e-10
1.15549e-10
1.19111e-10
1.21224e-10
1.21588e-10
1.19958e-10
1.1618e-10
1.10222e-10
1.02189e-10
9.23122e-11
8.09241e-11
6.84075e-11
5.51454e-11
4.14736e-11
2.76443e-11
1.38053e-11
6.86038e-34
8.36765e-16
5.65654e-13
1.10368e-12
1.61606e-12
2.10402e-12
2.5687e-12
3.01121e-12
3.43261e-12
3.83391e-12
4.21604e-12
4.57994e-12
4.92647e-12
5.25645e-12
5.57068e-12
5.86991e-12
6.15485e-12
6.42618e-12
6.68456e-12
6.93061e-12
7.16491e-12
7.38802e-12
7.60049e-12
7.80281e-12
7.99548e-12
8.17895e-12
8.35366e-12
8.52003e-12
8.67847e-12
8.82935e-12
8.97302e-12
9.10985e-12
9.24014e-12
1.06742e-11
1.22498e-11
1.39802e-11
1.58798e-11
1.79643e-11
2.02502e-11
2.2755e-11
2.54973e-11
2.84962e-11
3.17711e-11
3.53416e-11
3.92262e-11
4.34419e-11
4.80026e-11
5.29179e-11
5.81904e-11
6.38131e-11
6.97661e-11
7.60122e-11
8.24918e-11
8.91174e-11
9.57677e-11
1.02282e-10
1.08456e-10
1.14043e-10
1.18753e-10
1.22269e-10
1.24268e-10
1.24448e-10
1.22567e-10
1.18483e-10
1.12182e-10
1.0379e-10
9.35659e-11
8.18604e-11
6.90717e-11
5.55902e-11
4.17511e-11
2.78e-11
1.38736e-11
6.26604e-34
8.62933e-16
5.83341e-13
1.13819e-12
1.66659e-12
2.1698e-12
2.64901e-12
3.10536e-12
3.53994e-12
3.95377e-12
4.34785e-12
4.72312e-12
5.08048e-12
5.42078e-12
5.74482e-12
6.0534e-12
6.34724e-12
6.62706e-12
6.89351e-12
7.14724e-12
7.38886e-12
7.61894e-12
7.83804e-12
8.04668e-12
8.24536e-12
8.43456e-12
8.61473e-12
8.7863e-12
8.94968e-12
9.10527e-12
9.25343e-12
9.39452e-12
9.52889e-12
1.10077e-11
1.26324e-11
1.44167e-11
1.63755e-11
1.85247e-11
2.08815e-11
2.34639e-11
2.62909e-11
2.9382e-11
3.27574e-11
3.64367e-11
4.0439e-11
4.47815e-11
4.9478e-11
5.45378e-11
5.99629e-11
6.57452e-11
7.1863e-11
7.82762e-11
8.49217e-11
9.17072e-11
9.8505e-11
1.05147e-10
1.1142e-10
1.17065e-10
1.21785e-10
1.25253e-10
1.27139e-10
1.27138e-10
1.25015e-10
1.20636e-10
1.14007e-10
1.05277e-10
9.47241e-11
8.27213e-11
6.96795e-11
5.5995e-11
4.20022e-11
2.79402e-11
1.39347e-11
5.72026e-34
8.87786e-16
6.00138e-13
1.17096e-12
1.71458e-12
2.23228e-12
2.72529e-12
3.19477e-12
3.64186e-12
4.06761e-12
4.47303e-12
4.85911e-12
5.22675e-12
5.57684e-12
5.91021e-12
6.22767e-12
6.52996e-12
6.81783e-12
7.09195e-12
7.35298e-12
7.60155e-12
7.83825e-12
8.06365e-12
8.27829e-12
8.48268e-12
8.67732e-12
8.86267e-12
9.03917e-12
9.20725e-12
9.36731e-12
9.51973e-12
9.66488e-12
9.80311e-12
1.13244e-11
1.29958e-11
1.48313e-11
1.68462e-11
1.90569e-11
2.1481e-11
2.41371e-11
2.70444e-11
3.02232e-11
3.36938e-11
3.74765e-11
4.15905e-11
4.60531e-11
5.08784e-11
5.60752e-11
6.16449e-11
6.75782e-11
7.38517e-11
8.04229e-11
8.72249e-11
9.41608e-11
1.01097e-10
1.07857e-10
1.14221e-10
1.1992e-10
1.24645e-10
1.28063e-10
1.29837e-10
1.29661e-10
1.27304e-10
1.22644e-10
1.15703e-10
1.06652e-10
9.57918e-11
8.35116e-11
7.02349e-11
5.63632e-11
4.22295e-11
2.80663e-11
1.39895e-11
4.10437e-34
9.00657e-16
6.08837e-13
1.18794e-12
1.73943e-12
2.26463e-12
2.76479e-12
3.24108e-12
3.69464e-12
4.12656e-12
4.53786e-12
4.92953e-12
5.3025e-12
5.65766e-12
5.99586e-12
6.31791e-12
6.62459e-12
6.91662e-12
7.19471e-12
7.45952e-12
7.71169e-12
7.95182e-12
8.18048e-12
8.39823e-12
8.60559e-12
8.80304e-12
8.99107e-12
9.17013e-12
9.34064e-12
9.50302e-12
9.65765e-12
9.80489e-12
9.94512e-12
1.14885e-11
1.3184e-11
1.50459e-11
1.70899e-11
1.93325e-11
2.17915e-11
2.44857e-11
2.74346e-11
3.06588e-11
3.41787e-11
3.80149e-11
4.21866e-11
4.67115e-11
5.16034e-11
5.6871e-11
6.25154e-11
6.85268e-11
7.48807e-11
8.15333e-11
8.8416e-11
9.54292e-11
1.02436e-10
1.09257e-10
1.15667e-10
1.21392e-10
1.26119e-10
1.2951e-10
1.31224e-10
1.30956e-10
1.28476e-10
1.23669e-10
1.16568e-10
1.07351e-10
9.63329e-11
8.39109e-11
7.05146e-11
5.65479e-11
4.2343e-11
2.81291e-11
1.40166e-11
-3.02011e-34
9.10387e-16
6.15413e-13
1.20077e-12
1.75822e-12
2.2891e-12
2.79465e-12
3.27609e-12
3.73455e-12
4.17113e-12
4.58687e-12
4.98277e-12
5.35976e-12
5.71876e-12
6.06061e-12
6.38614e-12
6.69613e-12
6.99131e-12
7.2724e-12
7.54007e-12
7.79496e-12
8.03768e-12
8.26881e-12
8.48891e-12
8.6985e-12
8.89809e-12
9.08815e-12
9.26913e-12
9.44149e-12
9.60561e-12
9.76191e-12
9.91074e-12
1.00525e-11
1.16125e-11
1.33262e-11
1.52082e-11
1.72742e-11
1.95409e-11
2.20262e-11
2.47492e-11
2.77296e-11
3.0988e-11
3.45452e-11
3.84218e-11
4.26372e-11
4.72091e-11
5.21512e-11
5.74724e-11
6.31732e-11
6.92435e-11
7.5658e-11
8.2372e-11
8.93153e-11
9.63866e-11
1.03447e-10
1.10313e-10
1.16757e-10
1.22501e-10
1.27228e-10
1.30597e-10
1.32265e-10
1.31926e-10
1.29352e-10
1.24434e-10
1.1721e-10
1.07869e-10
9.67316e-11
8.42032e-11
7.07177e-11
5.66808e-11
4.24237e-11
2.81732e-11
1.40355e-11
-1.33267e-33
9.25027e-16
6.25308e-13
1.22007e-12
1.78649e-12
2.3259e-12
2.83958e-12
3.32876e-12
3.79459e-12
4.23819e-12
4.66061e-12
5.06287e-12
5.44592e-12
5.81068e-12
6.15803e-12
6.48879e-12
6.80376e-12
7.10368e-12
7.38929e-12
7.66126e-12
7.92024e-12
8.16686e-12
8.4017e-12
8.62533e-12
8.83829e-12
9.04108e-12
9.23419e-12
9.41808e-12
9.5932e-12
9.75996e-12
9.91876e-12
1.007e-11
1.0214e-11
1.1799e-11
1.35402e-11
1.54524e-11
1.75514e-11
1.98543e-11
2.23793e-11
2.51456e-11
2.81733e-11
3.14832e-11
3.50964e-11
3.90337e-11
4.33148e-11
4.79571e-11
5.29748e-11
5.83761e-11
6.41615e-11
7.03199e-11
7.6825e-11
8.36305e-11
9.06641e-11
9.78215e-11
1.0496e-10
1.11892e-10
1.18384e-10
1.24153e-10
1.28877e-10
1.32209e-10
1.33802e-10
1.33352e-10
1.30632e-10
1.25542e-10
1.18131e-10
1.086e-10
9.72834e-11
8.45974e-11
7.09822e-11
5.68458e-11
4.2518e-11
2.82208e-11
1.40544e-11
-1.70587e-33
9.32295e-16
6.3022e-13
1.22966e-12
1.80052e-12
2.34417e-12
2.86188e-12
3.3549e-12
3.82439e-12
4.27147e-12
4.69722e-12
5.10263e-12
5.48869e-12
5.85632e-12
6.20639e-12
6.53975e-12
6.85719e-12
7.15947e-12
7.44731e-12
7.72142e-12
7.98243e-12
8.23098e-12
8.46767e-12
8.69305e-12
8.90768e-12
9.11206e-12
9.30669e-12
9.49202e-12
9.66851e-12
9.83658e-12
9.99663e-12
1.0149e-11
1.02942e-11
1.18916e-11
1.36465e-11
1.55736e-11
1.7689e-11
2.00099e-11
2.25545e-11
2.53422e-11
2.83934e-11
3.17289e-11
3.53698e-11
3.93371e-11
4.36505e-11
4.83277e-11
5.33826e-11
5.88233e-11
6.46501e-11
7.08515e-11
7.74008e-11
8.42505e-11
9.13273e-11
9.85255e-11
1.057e-10
1.12662e-10
1.19174e-10
1.24951e-10
1.29667e-10
1.32973e-10
1.34523e-10
1.34009e-10
1.31209e-10
1.26027e-10
1.18517e-10
1.0889e-10
9.74845e-11
8.47236e-11
7.10506e-11
5.68741e-11
4.25228e-11
2.82158e-11
1.40492e-11
-1.55036e-33
9.3385e-16
6.31271e-13
1.23171e-12
1.80352e-12
2.34808e-12
2.86666e-12
3.3605e-12
3.83077e-12
4.2786e-12
4.70505e-12
5.11114e-12
5.49784e-12
5.86608e-12
6.21674e-12
6.55065e-12
6.86862e-12
7.1714e-12
7.45972e-12
7.73428e-12
7.99573e-12
8.2447e-12
8.48177e-12
8.70754e-12
8.92252e-12
9.12724e-12
9.32219e-12
9.50783e-12
9.68462e-12
9.85296e-12
1.00133e-11
1.01659e-11
1.03113e-11
1.19114e-11
1.36692e-11
1.55995e-11
1.77184e-11
2.00431e-11
2.25919e-11
2.53842e-11
2.84403e-11
3.17811e-11
3.54278e-11
3.94014e-11
4.37215e-11
4.84058e-11
5.34682e-11
5.89168e-11
6.47517e-11
7.09613e-11
7.75186e-11
8.43761e-11
9.14598e-11
9.86637e-11
1.05842e-10
1.12806e-10
1.19316e-10
1.25087e-10
1.29794e-10
1.33084e-10
1.34613e-10
1.34074e-10
1.31246e-10
1.26034e-10
1.18495e-10
1.08842e-10
9.74182e-11
8.4646e-11
7.09702e-11
5.67992e-11
4.24603e-11
2.81711e-11
1.4026e-11
-1.40729e-33
9.31073e-16
6.29394e-13
1.22805e-12
1.79816e-12
2.3411e-12
2.85813e-12
3.3505e-12
3.81938e-12
4.26587e-12
4.69106e-12
5.09594e-12
5.48149e-12
5.84864e-12
6.19825e-12
6.53117e-12
6.84819e-12
7.15008e-12
7.43754e-12
7.71129e-12
7.97196e-12
8.22018e-12
8.45656e-12
8.68164e-12
8.89599e-12
9.1001e-12
9.29447e-12
9.47956e-12
9.65582e-12
9.82367e-12
9.98351e-12
1.01357e-11
1.02807e-11
1.1876e-11
1.36285e-11
1.55531e-11
1.76657e-11
1.99835e-11
2.25247e-11
2.53087e-11
2.83557e-11
3.16867e-11
3.53226e-11
3.92844e-11
4.35917e-11
4.82622e-11
5.33096e-11
5.87421e-11
6.45599e-11
7.07513e-11
7.72894e-11
8.41269e-11
9.11901e-11
9.83733e-11
1.05531e-10
1.12475e-10
1.18968e-10
1.24724e-10
1.29418e-10
1.32701e-10
1.34228e-10
1.33693e-10
1.30876e-10
1.25681e-10
1.18166e-10
1.08542e-10
9.71518e-11
8.44165e-11
7.07795e-11
5.66479e-11
4.23483e-11
2.80975e-11
1.39895e-11
-1.27627e-33
9.25093e-16
6.25352e-13
1.22016e-12
1.78661e-12
2.32606e-12
2.83978e-12
3.32899e-12
3.79485e-12
4.23848e-12
4.66093e-12
5.06322e-12
5.4463e-12
5.81108e-12
6.15845e-12
6.48923e-12
6.80422e-12
7.10417e-12
7.38979e-12
7.66177e-12
7.92077e-12
8.1674e-12
8.40226e-12
8.62591e-12
8.83887e-12
9.04168e-12
9.2348e-12
9.4187e-12
9.59383e-12
9.7606e-12
9.91941e-12
1.00706e-11
1.02147e-11
1.17998e-11
1.35411e-11
1.54533e-11
1.75524e-11
1.98553e-11
2.23803e-11
2.51465e-11
2.81741e-11
3.14838e-11
3.50967e-11
3.90333e-11
4.33135e-11
4.79546e-11
5.29704e-11
5.83693e-11
6.41511e-11
7.03048e-11
7.68037e-11
8.36007e-11
9.06232e-11
9.77662e-11
1.04886e-10
1.11795e-10
1.18257e-10
1.2399e-10
1.28671e-10
1.31953e-10
1.33491e-10
1.32982e-10
1.30205e-10
1.25063e-10
1.17611e-10
1.08057e-10
9.67395e-11
8.40766e-11
7.05088e-11
5.64417e-11
4.22008e-11
2.80031e-11
1.39438e-11
-1.1567e-33
9.16821e-16
6.19761e-13
1.20925e-12
1.77064e-12
2.30526e-12
2.81439e-12
3.29922e-12
3.76092e-12
4.20059e-12
4.61926e-12
5.01795e-12
5.39761e-12
5.75913e-12
6.1034e-12
6.43122e-12
6.74339e-12
7.04066e-12
7.32373e-12
7.59328e-12
7.84997e-12
8.0944e-12
8.32715e-12
8.5488e-12
8.75987e-12
8.96086e-12
9.15226e-12
9.33452e-12
9.50808e-12
9.67336e-12
9.83075e-12
9.98064e-12
1.01234e-11
1.16943e-11
1.34201e-11
1.53153e-11
1.73956e-11
1.9678e-11
2.21806e-11
2.49222e-11
2.7923e-11
3.12034e-11
3.47843e-11
3.86864e-11
4.2929e-11
4.75297e-11
5.25021e-11
5.78545e-11
6.35872e-11
6.96892e-11
7.61344e-11
8.28765e-11
8.98437e-11
9.69325e-11
1.04001e-10
1.10864e-10
1.17288e-10
1.22993e-10
1.2766e-10
1.30945e-10
1.32505e-10
1.32038e-10
1.29322e-10
1.24258e-10
1.16897e-10
1.07442e-10
9.62246e-11
8.36593e-11
7.01825e-11
5.61974e-11
4.2029e-11
2.78948e-11
1.38917e-11
-1.04785e-33
9.06981e-16
6.13109e-13
1.19627e-12
1.75164e-12
2.28053e-12
2.78419e-12
3.26382e-12
3.72056e-12
4.15551e-12
4.56969e-12
4.96411e-12
5.33969e-12
5.69734e-12
6.03791e-12
6.36222e-12
6.67104e-12
6.96512e-12
7.24515e-12
7.51181e-12
7.76574e-12
8.00755e-12
8.23782e-12
8.45709e-12
8.66589e-12
8.86472e-12
9.05407e-12
9.23438e-12
9.40608e-12
9.56959e-12
9.72529e-12
9.87357e-12
1.00148e-11
1.15689e-11
1.32762e-11
1.51511e-11
1.72092e-11
1.94672e-11
2.1943e-11
2.46554e-11
2.76243e-11
3.08699e-11
3.44129e-11
3.82738e-11
4.24719e-11
4.70245e-11
5.19454e-11
5.72428e-11
6.29172e-11
6.8958e-11
7.53396e-11
8.20168e-11
8.89189e-11
9.59441e-11
1.02953e-10
1.09762e-10
1.16142e-10
1.21816e-10
1.26469e-10
1.2976e-10
1.31348e-10
1.30934e-10
1.28293e-10
1.23325e-10
1.16075e-10
1.06738e-10
9.56409e-11
8.31907e-11
6.98196e-11
5.59285e-11
4.18416e-11
2.77776e-11
1.38357e-11
-9.48981e-34
8.96142e-16
6.05783e-13
1.18198e-12
1.73071e-12
2.25328e-12
2.75092e-12
3.22482e-12
3.67611e-12
4.10586e-12
4.5151e-12
4.9048e-12
5.27589e-12
5.62927e-12
5.96577e-12
6.28621e-12
6.59134e-12
6.88191e-12
7.1586e-12
7.42208e-12
7.67298e-12
7.9119e-12
8.13941e-12
8.35606e-12
8.56237e-12
8.75884e-12
8.94592e-12
9.12408e-12
9.29373e-12
9.45529e-12
9.60913e-12
9.75564e-12
9.89516e-12
1.14307e-11
1.31176e-11
1.49702e-11
1.70038e-11
1.9235e-11
2.16814e-11
2.43616e-11
2.72953e-11
3.05026e-11
3.40039e-11
3.78195e-11
4.19686e-11
4.64683e-11
5.13324e-11
5.65693e-11
6.21796e-11
6.81532e-11
7.4465e-11
8.10709e-11
8.79017e-11
9.48572e-11
1.018e-10
1.08551e-10
1.14883e-10
1.20525e-10
1.25163e-10
1.28462e-10
1.30084e-10
1.29729e-10
1.27174e-10
1.22313e-10
1.15185e-10
1.0598e-10
9.50153e-11
8.26911e-11
6.94351e-11
5.56453e-11
4.16454e-11
2.76555e-11
1.37776e-11
-8.59296e-34
8.84746e-16
5.98081e-13
1.16695e-12
1.7087e-12
2.22463e-12
2.71594e-12
3.18382e-12
3.62937e-12
4.05366e-12
4.45769e-12
4.84244e-12
5.20882e-12
5.5577e-12
5.88993e-12
6.20629e-12
6.50755e-12
6.79442e-12
7.0676e-12
7.32773e-12
7.57544e-12
7.81133e-12
8.03595e-12
8.24985e-12
8.45354e-12
8.64751e-12
8.83222e-12
9.00811e-12
9.17561e-12
9.33511e-12
9.48701e-12
9.63165e-12
9.7694e-12
1.12855e-11
1.2951e-11
1.47801e-11
1.67879e-11
1.89908e-11
2.14063e-11
2.40527e-11
2.69494e-11
3.01164e-11
3.35739e-11
3.73419e-11
4.14394e-11
4.58836e-11
5.06881e-11
5.58614e-11
6.14044e-11
6.73073e-11
7.3546e-11
8.00771e-11
8.6833e-11
9.37156e-11
1.0059e-10
1.0728e-10
1.13563e-10
1.1917e-10
1.23794e-10
1.27102e-10
1.2876e-10
1.2847e-10
1.26005e-10
1.21258e-10
1.14261e-10
1.05194e-10
9.43684e-11
8.21764e-11
6.90405e-11
5.53559e-11
4.14458e-11
2.75318e-11
1.37189e-11
-2.91774e-34
8.72722e-16
5.89954e-13
1.15109e-12
1.68549e-12
2.1944e-12
2.67904e-12
3.14056e-12
3.58006e-12
3.99858e-12
4.39713e-12
4.77665e-12
5.13805e-12
5.4822e-12
5.80991e-12
6.12198e-12
6.41914e-12
6.70212e-12
6.97159e-12
7.22819e-12
7.47253e-12
7.70522e-12
7.92679e-12
8.13779e-12
8.33871e-12
8.53005e-12
8.71225e-12
8.88575e-12
9.05098e-12
9.20832e-12
9.35815e-12
9.50084e-12
9.63671e-12
1.11322e-11
1.27751e-11
1.45794e-11
1.65601e-11
1.87332e-11
2.11161e-11
2.37268e-11
2.65845e-11
2.9709e-11
3.31202e-11
3.68379e-11
4.08811e-11
4.52667e-11
5.00083e-11
5.51145e-11
6.05865e-11
6.64148e-11
7.25762e-11
7.90284e-11
8.57053e-11
9.2511e-11
9.93133e-11
1.05939e-10
1.12169e-10
1.17741e-10
1.22349e-10
1.25667e-10
1.27363e-10
1.2714e-10
1.24772e-10
1.20144e-10
1.13285e-10
1.04365e-10
9.36863e-11
8.16342e-11
6.86252e-11
5.50516e-11
4.12362e-11
2.7402e-11
1.36573e-11
2.43458e-34
8.59723e-16
5.81168e-13
1.13395e-12
1.66038e-12
2.16172e-12
2.63914e-12
3.09379e-12
3.52674e-12
3.93903e-12
4.33164e-12
4.70551e-12
5.06153e-12
5.40056e-12
5.72339e-12
6.03081e-12
6.32356e-12
6.60232e-12
6.86778e-12
7.12056e-12
7.36127e-12
7.59049e-12
7.80877e-12
8.01663e-12
8.21456e-12
8.40305e-12
8.58254e-12
8.75346e-12
8.91623e-12
9.07123e-12
9.21883e-12
9.3594e-12
9.49325e-12
1.09665e-11
1.2585e-11
1.43625e-11
1.63138e-11
1.84547e-11
2.08022e-11
2.33744e-11
2.619e-11
2.92684e-11
3.26296e-11
3.6293e-11
4.02774e-11
4.45996e-11
4.92731e-11
5.43067e-11
5.97018e-11
6.54495e-11
7.15271e-11
7.78938e-11
8.44851e-11
9.12071e-11
9.79309e-11
1.04487e-10
1.1066e-10
1.16191e-10
1.20783e-10
1.2411e-10
1.25846e-10
1.25695e-10
1.23429e-10
1.18931e-10
1.1222e-10
1.0346e-10
9.29405e-11
8.10405e-11
6.81699e-11
5.47178e-11
4.1006e-11
2.72593e-11
1.35896e-11
2.66497e-34
8.45691e-16
5.71683e-13
1.11544e-12
1.63329e-12
2.12644e-12
2.59607e-12
3.0433e-12
3.46919e-12
3.87475e-12
4.26096e-12
4.62873e-12
4.97894e-12
5.31244e-12
5.63001e-12
5.93241e-12
6.22038e-12
6.4946e-12
6.75573e-12
7.00439e-12
7.24117e-12
7.46665e-12
7.68137e-12
7.88584e-12
8.08055e-12
8.26596e-12
8.44253e-12
8.61067e-12
8.77078e-12
8.92325e-12
9.06845e-12
9.20672e-12
9.3384e-12
1.07877e-11
1.23798e-11
1.41284e-11
1.60479e-11
1.8154e-11
2.04635e-11
2.2994e-11
2.5764e-11
2.87929e-11
3.21e-11
3.57048e-11
3.96256e-11
4.38793e-11
4.84794e-11
5.34345e-11
5.87465e-11
6.44069e-11
7.0394e-11
7.66682e-11
8.31667e-11
8.97982e-11
9.64366e-11
1.02916e-10
1.09027e-10
1.14514e-10
1.19086e-10
1.22423e-10
1.24201e-10
1.24126e-10
1.2197e-10
1.17611e-10
1.1106e-10
1.02472e-10
9.21256e-11
8.03909e-11
6.76712e-11
5.43515e-11
4.07532e-11
2.71025e-11
1.35151e-11
2.91566e-34
8.30572e-16
5.61465e-13
1.09551e-12
1.60409e-12
2.08843e-12
2.54967e-12
2.98891e-12
3.40718e-12
3.8055e-12
4.1848e-12
4.546e-12
4.88996e-12
5.21749e-12
5.52939e-12
5.82639e-12
6.10922e-12
6.37854e-12
6.635e-12
6.87921e-12
7.11177e-12
7.33323e-12
7.54411e-12
7.74493e-12
7.93616e-12
8.11826e-12
8.29167e-12
8.45681e-12
8.61407e-12
8.76382e-12
8.90642e-12
9.04223e-12
9.17155e-12
1.05949e-11
1.21587e-11
1.38761e-11
1.57614e-11
1.78301e-11
2.00985e-11
2.25841e-11
2.53051e-11
2.82804e-11
3.15293e-11
3.50708e-11
3.89232e-11
4.31031e-11
4.76239e-11
5.24944e-11
5.77167e-11
6.3283e-11
6.91724e-11
7.53466e-11
8.17448e-11
8.82782e-11
9.48242e-11
1.01221e-10
1.07263e-10
1.12702e-10
1.17252e-10
1.20597e-10
1.22419e-10
1.22425e-10
1.20387e-10
1.16177e-10
1.09798e-10
1.01394e-10
9.12358e-11
7.96805e-11
6.71249e-11
5.395e-11
4.04758e-11
2.69303e-11
1.34333e-11
1.79234e-34
8.27908e-16
5.59664e-13
1.09199e-12
1.59895e-12
2.08173e-12
2.54149e-12
2.97932e-12
3.39626e-12
3.7933e-12
4.17139e-12
4.53143e-12
4.87428e-12
5.20076e-12
5.51166e-12
5.80771e-12
6.08963e-12
6.35809e-12
6.61373e-12
6.85716e-12
7.08897e-12
7.30972e-12
7.51993e-12
7.7201e-12
7.91072e-12
8.09224e-12
8.2651e-12
8.4297e-12
8.58645e-12
8.73573e-12
8.87788e-12
9.01324e-12
9.14215e-12
1.0561e-11
1.21197e-11
1.38316e-11
1.57109e-11
1.7773e-11
2.00342e-11
2.25119e-11
2.52242e-11
2.81901e-11
3.14288e-11
3.49591e-11
3.87995e-11
4.29663e-11
4.74731e-11
5.23287e-11
5.75352e-11
6.30849e-11
6.89571e-11
7.51136e-11
8.14942e-11
8.80102e-11
9.45398e-11
1.00922e-10
1.06952e-10
1.12383e-10
1.16928e-10
1.20274e-10
1.22104e-10
1.22125e-10
1.20107e-10
1.15923e-10
1.09574e-10
1.01203e-10
9.10777e-11
7.95542e-11
6.70277e-11
5.38784e-11
4.04263e-11
2.68995e-11
1.34187e-11
1.66603e-34
8.14315e-16
5.50476e-13
1.07407e-12
1.5727e-12
2.04756e-12
2.49977e-12
2.93041e-12
3.34051e-12
3.73103e-12
4.10291e-12
4.45704e-12
4.79427e-12
5.1154e-12
5.42119e-12
5.71239e-12
5.98968e-12
6.25373e-12
6.50518e-12
6.74462e-12
6.97263e-12
7.18975e-12
7.39651e-12
7.5934e-12
7.78089e-12
7.95944e-12
8.12946e-12
8.29137e-12
8.44555e-12
8.59237e-12
8.73219e-12
8.86534e-12
8.99214e-12
1.03877e-11
1.19209e-11
1.36048e-11
1.54534e-11
1.74817e-11
1.9706e-11
2.21433e-11
2.48116e-11
2.77294e-11
3.09156e-11
3.43891e-11
3.81678e-11
4.22682e-11
4.67037e-11
5.14831e-11
5.66089e-11
6.20737e-11
6.78578e-11
7.39242e-11
8.02142e-11
8.66416e-11
9.30874e-11
9.9394e-11
1.05362e-10
1.10748e-10
1.15272e-10
1.18625e-10
1.20492e-10
1.20584e-10
1.1867e-10
1.14619e-10
1.08425e-10
1.00221e-10
9.02649e-11
7.89041e-11
6.65271e-11
5.35098e-11
4.01712e-11
2.6741e-11
1.33433e-11
3.2135e-34
7.96872e-16
5.38686e-13
1.05106e-12
1.53902e-12
2.00371e-12
2.44624e-12
2.86765e-12
3.26896e-12
3.65112e-12
4.01504e-12
4.36159e-12
4.6916e-12
5.00585e-12
5.3051e-12
5.59006e-12
5.86142e-12
6.11982e-12
6.36588e-12
6.6002e-12
6.82333e-12
7.03581e-12
7.23814e-12
7.43082e-12
7.6143e-12
7.78902e-12
7.95541e-12
8.11385e-12
8.26473e-12
8.40842e-12
8.54525e-12
8.67554e-12
8.79963e-12
1.01654e-11
1.16658e-11
1.33137e-11
1.51228e-11
1.71079e-11
1.92849e-11
2.16703e-11
2.4282e-11
2.7138e-11
3.0257e-11
3.36574e-11
3.73571e-11
4.13721e-11
4.5716e-11
5.03976e-11
5.54196e-11
6.07754e-11
6.64462e-11
7.23965e-11
7.85698e-11
8.48829e-11
9.12205e-11
9.74297e-11
1.03316e-10
1.08644e-10
1.13139e-10
1.16498e-10
1.18412e-10
1.18594e-10
1.16812e-10
1.1293e-10
1.06934e-10
9.89445e-11
8.92065e-11
7.80563e-11
6.5873e-11
5.30275e-11
3.98371e-11
2.65332e-11
1.32445e-11
3.80419e-34
7.782e-16
5.26066e-13
1.02644e-12
1.50296e-12
1.95676e-12
2.38893e-12
2.80047e-12
3.19238e-12
3.56559e-12
3.92099e-12
4.25942e-12
4.5817e-12
4.88859e-12
5.18083e-12
5.45912e-12
5.72412e-12
5.97647e-12
6.21678e-12
6.44561e-12
6.66351e-12
6.87102e-12
7.06862e-12
7.25678e-12
7.43597e-12
7.6066e-12
7.76909e-12
7.92383e-12
8.07118e-12
8.2115e-12
8.34513e-12
8.47238e-12
8.59356e-12
9.92735e-12
1.13927e-11
1.30021e-11
1.4769e-11
1.67078e-11
1.8834e-11
2.1164e-11
2.3715e-11
2.65049e-11
2.95519e-11
3.28741e-11
3.6489e-11
4.04127e-11
4.46583e-11
4.9235e-11
5.41458e-11
5.93846e-11
6.49338e-11
7.07595e-11
7.68073e-11
8.29973e-11
8.92181e-11
9.53217e-11
1.0112e-10
1.06384e-10
1.10845e-10
1.14208e-10
1.16171e-10
1.16446e-10
1.14804e-10
1.11102e-10
1.05317e-10
9.7557e-11
8.80539e-11
7.71312e-11
6.51581e-11
5.24995e-11
3.94708e-11
2.6305e-11
1.31358e-11
4.15079e-34
7.58265e-16
5.12592e-13
1.00015e-12
1.46447e-12
1.90665e-12
2.32774e-12
2.72875e-12
3.11062e-12
3.47427e-12
3.82057e-12
4.15033e-12
4.46436e-12
4.76339e-12
5.04815e-12
5.31932e-12
5.57753e-12
5.82342e-12
6.05758e-12
6.28055e-12
6.49288e-12
6.69507e-12
6.88762e-12
7.07097e-12
7.24557e-12
7.41184e-12
7.57017e-12
7.72095e-12
7.86453e-12
8.00126e-12
8.13147e-12
8.25546e-12
8.37354e-12
9.67322e-12
1.11011e-11
1.26694e-11
1.43912e-11
1.62806e-11
1.83526e-11
2.06234e-11
2.31096e-11
2.58288e-11
2.87989e-11
3.20375e-11
3.5562e-11
3.93879e-11
4.35286e-11
4.79932e-11
5.27849e-11
5.78986e-11
6.33175e-11
6.90095e-11
7.49228e-11
8.09805e-11
8.70755e-11
9.30652e-11
9.87677e-11
1.03961e-10
1.08384e-10
1.1175e-10
1.1376e-10
1.14133e-10
1.12638e-10
1.09126e-10
1.03565e-10
9.60509e-11
8.68002e-11
7.61227e-11
6.43771e-11
5.19216e-11
3.90692e-11
2.60546e-11
1.30165e-11
4.525e-34
7.37041e-16
4.98246e-13
9.72156e-13
1.42348e-12
1.85329e-12
2.26259e-12
2.65238e-12
3.02357e-12
3.37704e-12
3.71365e-12
4.03419e-12
4.33943e-12
4.6301e-12
4.90689e-12
5.17047e-12
5.42146e-12
5.66048e-12
5.88808e-12
6.10482e-12
6.31121e-12
6.50775e-12
6.69491e-12
6.87313e-12
7.04285e-12
7.20447e-12
7.35837e-12
7.50494e-12
7.6445e-12
7.77741e-12
7.90398e-12
8.02451e-12
8.13929e-12
9.40265e-12
1.07907e-11
1.23152e-11
1.39889e-11
1.58256e-11
1.784e-11
2.00477e-11
2.2465e-11
2.5109e-11
2.79971e-11
3.11467e-11
3.45747e-11
3.82965e-11
4.23253e-11
4.66703e-11
5.1335e-11
5.63151e-11
6.15949e-11
6.71441e-11
7.29133e-11
7.88292e-11
8.47889e-11
9.06556e-11
9.62541e-11
1.01369e-10
1.0575e-10
1.09115e-10
1.11173e-10
1.11648e-10
1.10305e-10
1.06994e-10
1.01671e-10
9.44186e-11
8.5438e-11
7.50244e-11
6.35247e-11
5.12896e-11
3.86292e-11
2.57799e-11
1.28854e-11
4.92811e-34
7.14512e-16
4.83018e-13
9.42445e-13
1.37998e-12
1.79665e-12
2.19345e-12
2.57132e-12
2.93117e-12
3.27384e-12
3.60016e-12
3.91091e-12
4.20682e-12
4.48861e-12
4.75695e-12
5.01247e-12
5.2558e-12
5.48752e-12
5.70817e-12
5.91829e-12
6.11837e-12
6.30891e-12
6.49035e-12
6.66314e-12
6.82767e-12
6.98436e-12
7.13356e-12
7.27565e-12
7.41096e-12
7.53981e-12
7.66251e-12
7.77937e-12
7.89064e-12
9.11545e-12
1.04611e-11
1.19392e-11
1.35619e-11
1.53428e-11
1.72959e-11
1.94366e-11
2.17807e-11
2.43447e-11
2.71458e-11
3.02009e-11
3.35264e-11
3.71376e-11
4.10474e-11
4.52652e-11
4.97949e-11
5.46327e-11
5.97643e-11
6.51612e-11
7.07766e-11
7.65408e-11
8.23556e-11
8.809e-11
9.35757e-11
9.8606e-11
1.02938e-10
1.06299e-10
1.08404e-10
1.08982e-10
1.07798e-10
1.04698e-10
9.96263e-11
9.26521e-11
8.39602e-11
7.38299e-11
6.25953e-11
5.05989e-11
3.81475e-11
2.54786e-11
1.27416e-11
5.36127e-34
6.90679e-16
4.66909e-13
9.11013e-13
1.33395e-12
1.73673e-12
2.12029e-12
2.48557e-12
2.83341e-12
3.16466e-12
3.4801e-12
3.78049e-12
4.06653e-12
4.33893e-12
4.59832e-12
4.84533e-12
5.08055e-12
5.30453e-12
5.51783e-12
5.72095e-12
5.91437e-12
6.09855e-12
6.27395e-12
6.44098e-12
6.60003e-12
6.75149e-12
6.89573e-12
7.03308e-12
7.16388e-12
7.28844e-12
7.40706e-12
7.52001e-12
7.62758e-12
8.8116e-12
1.01125e-11
1.15413e-11
1.31102e-11
1.48319e-11
1.67203e-11
1.879e-11
2.10566e-11
2.35361e-11
2.6245e-11
2.92e-11
3.2417e-11
3.5911e-11
3.96948e-11
4.37778e-11
4.81643e-11
5.28511e-11
5.78253e-11
6.30603e-11
6.8512e-11
7.41143e-11
7.97741e-11
8.53663e-11
9.07303e-11
9.56675e-11
9.99438e-11
1.03296e-10
1.05448e-10
1.0613e-10
1.05112e-10
1.0223e-10
9.74236e-11
9.07439e-11
8.23592e-11
7.25322e-11
6.15831e-11
4.9845e-11
3.76206e-11
2.51485e-11
1.25838e-11
5.82538e-34
6.65556e-16
4.49927e-13
8.77879e-13
1.28544e-12
1.67356e-12
2.04318e-12
2.39517e-12
2.73037e-12
3.04957e-12
3.35354e-12
3.643e-12
3.91865e-12
4.18114e-12
4.4311e-12
4.66913e-12
4.8958e-12
5.11165e-12
5.31719e-12
5.51292e-12
5.69931e-12
5.87681e-12
6.04583e-12
6.20678e-12
6.36006e-12
6.50602e-12
6.64501e-12
6.77738e-12
6.90342e-12
7.02346e-12
7.13777e-12
7.24662e-12
7.35028e-12
8.4913e-12
9.74496e-12
1.1122e-11
1.26339e-11
1.42933e-11
1.61133e-11
1.81083e-11
2.02932e-11
2.26835e-11
2.52953e-11
2.81446e-11
3.12471e-11
3.46174e-11
3.82681e-11
4.22087e-11
4.64438e-11
5.0971e-11
5.57786e-11
6.0842e-11
6.61199e-11
7.15501e-11
7.70445e-11
8.24845e-11
8.77171e-11
9.25527e-11
9.67666e-11
1.00105e-10
1.02301e-10
1.03088e-10
1.02239e-10
9.95858e-11
9.50558e-11
8.86865e-11
8.06279e-11
7.11247e-11
6.04821e-11
4.90227e-11
3.70446e-11
2.4787e-11
1.24107e-11
6.32102e-34
6.39176e-16
4.32096e-13
8.43088e-13
1.23449e-12
1.60724e-12
1.96221e-12
2.30025e-12
2.62216e-12
2.92872e-12
3.22065e-12
3.49864e-12
3.76337e-12
4.01546e-12
4.25552e-12
4.48412e-12
4.70181e-12
4.9091e-12
5.10651e-12
5.29449e-12
5.4735e-12
5.64396e-12
5.80629e-12
5.96087e-12
6.10808e-12
6.24826e-12
6.38175e-12
6.50887e-12
6.62993e-12
6.74521e-12
6.85499e-12
6.95954e-12
7.0591e-12
8.15496e-12
9.35903e-12
1.06816e-11
1.21338e-11
1.37277e-11
1.5476e-11
1.73925e-11
1.94915e-11
2.17881e-11
2.42977e-11
2.7036e-11
3.00181e-11
3.32583e-11
3.67691e-11
4.05599e-11
4.46355e-11
4.89945e-11
5.36264e-11
5.85085e-11
6.36026e-11
6.88503e-11
7.41689e-11
7.94463e-11
8.45376e-11
8.92623e-11
9.3406e-11
9.67252e-11
9.89599e-11
9.9853e-11
9.91758e-11
9.67581e-11
9.25166e-11
8.64732e-11
7.87593e-11
6.96007e-11
5.92862e-11
4.8127e-11
3.64156e-11
2.43914e-11
1.22212e-11
6.84834e-34
6.11593e-16
4.13451e-13
8.06709e-13
1.18123e-12
1.53789e-12
1.87754e-12
2.201e-12
2.50902e-12
2.80235e-12
3.08169e-12
3.34769e-12
3.601e-12
3.84222e-12
4.07192e-12
4.29066e-12
4.49896e-12
4.69732e-12
4.88621e-12
5.06608e-12
5.23737e-12
5.40049e-12
5.55582e-12
5.70374e-12
5.84459e-12
5.97873e-12
6.10647e-12
6.22811e-12
6.34395e-12
6.45426e-12
6.55931e-12
6.65935e-12
6.75462e-12
7.80326e-12
8.95548e-12
1.02211e-11
1.16109e-11
1.31362e-11
1.48095e-11
1.66438e-11
1.8653e-11
2.08516e-11
2.32543e-11
2.58764e-11
2.87325e-11
3.18365e-11
3.52006e-11
3.88343e-11
4.27427e-11
4.69252e-11
5.13724e-11
5.60638e-11
6.09641e-11
6.60191e-11
7.11513e-11
7.62556e-11
8.11952e-11
8.57995e-11
8.98642e-11
9.31567e-11
9.54265e-11
9.6423e-11
9.59199e-11
9.37436e-11
8.98007e-11
8.40978e-11
7.67468e-11
6.79535e-11
5.79893e-11
4.71527e-11
3.57296e-11
2.39591e-11
1.20136e-11
7.40694e-34
5.82882e-16
3.94044e-13
7.68843e-13
1.12578e-12
1.4657e-12
1.78942e-12
2.09769e-12
2.39126e-12
2.67082e-12
2.93705e-12
3.19057e-12
3.43199e-12
3.66189e-12
3.88081e-12
4.08929e-12
4.28782e-12
4.47687e-12
4.6569e-12
4.82834e-12
4.99159e-12
5.14706e-12
5.2951e-12
5.43608e-12
5.57033e-12
5.69818e-12
5.81993e-12
5.93587e-12
6.04627e-12
6.15141e-12
6.25154e-12
6.34689e-12
6.43769e-12
7.43717e-12
8.5354e-12
9.74179e-12
1.10665e-11
1.25206e-11
1.41157e-11
1.58644e-11
1.77801e-11
1.98765e-11
2.2168e-11
2.46689e-11
2.73937e-11
3.03556e-11
3.35668e-11
3.70365e-11
4.07703e-11
4.47682e-11
4.90222e-11
5.35138e-11
5.82107e-11
6.30629e-11
6.79983e-11
7.29189e-11
7.76963e-11
8.21698e-11
8.61463e-11
8.94042e-11
9.17029e-11
9.27994e-11
9.24706e-11
9.054e-11
8.69046e-11
8.15553e-11
7.45845e-11
6.61771e-11
5.65856e-11
4.60946e-11
3.49823e-11
2.3487e-11
1.17867e-11
7.99571e-34
5.53143e-16
3.73942e-13
7.29621e-13
1.06835e-12
1.39093e-12
1.69813e-12
1.99068e-12
2.26928e-12
2.53458e-12
2.78723e-12
3.02782e-12
3.25693e-12
3.4751e-12
3.68287e-12
3.88071e-12
4.06912e-12
4.24853e-12
4.41938e-12
4.58208e-12
4.73701e-12
4.88455e-12
5.02505e-12
5.15884e-12
5.28625e-12
5.40758e-12
5.52312e-12
5.63315e-12
5.73793e-12
5.83771e-12
5.93274e-12
6.02323e-12
6.1094e-12
7.05796e-12
8.10027e-12
9.24526e-12
1.05026e-11
1.18828e-11
1.33969e-11
1.5057e-11
1.68757e-11
1.88663e-11
2.10423e-11
2.34177e-11
2.60062e-11
2.88208e-11
3.18731e-11
3.51725e-11
3.87249e-11
4.25307e-11
4.65834e-11
5.08666e-11
5.53509e-11
5.99905e-11
6.47189e-11
6.94452e-11
7.40497e-11
7.8382e-11
8.22603e-11
8.54744e-11
8.77947e-11
8.89863e-11
8.88299e-11
8.71471e-11
8.3826e-11
7.88421e-11
7.22676e-11
6.42659e-11
5.50694e-11
4.49476e-11
3.41697e-11
2.29723e-11
1.15388e-11
8.61264e-34
5.22502e-16
3.5323e-13
6.89209e-13
1.00918e-12
1.31389e-12
1.60408e-12
1.88043e-12
2.14359e-12
2.3942e-12
2.63286e-12
2.86013e-12
3.07655e-12
3.28264e-12
3.4789e-12
3.6658e-12
3.84377e-12
4.01325e-12
4.17465e-12
4.32834e-12
4.47469e-12
4.61406e-12
4.74679e-12
4.87318e-12
4.99353e-12
5.10815e-12
5.2173e-12
5.32124e-12
5.42022e-12
5.51448e-12
5.60425e-12
5.68973e-12
5.77114e-12
6.66723e-12
7.6519e-12
8.73362e-12
9.92153e-12
1.12255e-11
1.26562e-11
1.4225e-11
1.59437e-11
1.78251e-11
1.98821e-11
2.2128e-11
2.45758e-11
2.72382e-11
3.01265e-11
3.32499e-11
3.66145e-11
4.02215e-11
4.40656e-11
4.81324e-11
5.23955e-11
5.68133e-11
6.13249e-11
6.58466e-11
7.02676e-11
7.44479e-11
7.82172e-11
8.13775e-11
8.37105e-11
8.49904e-11
8.50027e-11
8.35676e-11
8.05653e-11
7.59562e-11
6.97925e-11
6.22152e-11
5.34357e-11
4.37068e-11
3.32876e-11
2.24121e-11
1.12684e-11
9.25467e-34
4.91109e-16
3.3201e-13
6.47804e-13
9.4855e-13
1.23496e-12
1.50772e-12
1.76746e-12
2.01482e-12
2.25038e-12
2.4747e-12
2.68832e-12
2.89174e-12
3.08546e-12
3.26993e-12
3.4456e-12
3.61289e-12
3.7722e-12
3.9239e-12
4.06836e-12
4.20593e-12
4.33694e-12
4.46169e-12
4.58049e-12
4.69363e-12
4.80136e-12
4.90396e-12
5.00166e-12
5.0947e-12
5.18331e-12
5.26768e-12
5.34804e-12
5.42456e-12
6.26689e-12
7.1925e-12
8.20938e-12
9.32613e-12
1.05521e-11
1.18972e-11
1.33723e-11
1.49886e-11
1.6758e-11
1.86929e-11
2.08059e-11
2.31094e-11
2.56156e-11
2.83354e-11
3.12779e-11
3.44493e-11
3.78516e-11
4.14805e-11
4.53238e-11
4.93579e-11
5.35454e-11
5.78311e-11
6.21383e-11
6.63654e-11
7.03826e-11
7.40318e-11
7.71273e-11
7.94628e-11
8.08223e-11
8.09969e-11
7.98069e-11
7.71251e-11
7.28978e-11
6.71573e-11
6.00216e-11
5.16802e-11
4.23678e-11
3.23321e-11
2.18034e-11
1.09741e-11
9.91742e-34
4.5914e-16
3.10399e-13
6.05639e-13
8.8681e-13
1.15458e-12
1.40958e-12
1.65242e-12
1.88368e-12
2.10391e-12
2.31364e-12
2.51335e-12
2.70354e-12
2.88465e-12
3.05712e-12
3.22136e-12
3.37777e-12
3.52671e-12
3.66854e-12
3.80361e-12
3.93223e-12
4.05471e-12
4.17135e-12
4.28243e-12
4.3882e-12
4.48893e-12
4.58485e-12
4.6762e-12
4.76319e-12
4.84604e-12
4.92493e-12
5.00005e-12
5.0716e-12
5.85917e-12
6.72464e-12
7.67546e-12
8.71973e-12
9.86617e-12
1.11242e-11
1.25038e-11
1.40156e-11
1.56709e-11
1.74814e-11
1.94588e-11
2.16151e-11
2.39618e-11
2.65095e-11
2.92671e-11
3.2241e-11
3.54336e-11
3.8842e-11
4.24556e-11
4.6254e-11
5.02037e-11
5.42551e-11
5.83387e-11
6.23616e-11
6.62049e-11
6.97224e-11
7.27413e-11
7.50677e-11
7.64961e-11
7.68243e-11
7.58738e-11
7.35113e-11
6.96698e-11
6.4362e-11
5.76831e-11
4.97995e-11
4.09268e-11
3.12997e-11
2.11435e-11
1.06544e-11
1.0595e-33
4.26793e-16
2.88534e-13
5.62977e-13
8.24342e-13
1.07325e-12
1.31029e-12
1.53603e-12
1.751e-12
1.95572e-12
2.15067e-12
2.33632e-12
2.51311e-12
2.68147e-12
2.8418e-12
2.99447e-12
3.13987e-12
3.27832e-12
3.41017e-12
3.53572e-12
3.65529e-12
3.76915e-12
3.87758e-12
3.98083e-12
4.07916e-12
4.1728e-12
4.26198e-12
4.34689e-12
4.42776e-12
4.50477e-12
4.57811e-12
4.64795e-12
4.71447e-12
5.44662e-12
6.25122e-12
7.13521e-12
8.10611e-12
9.17207e-12
1.03418e-11
1.16248e-11
1.30309e-11
1.45707e-11
1.6255e-11
1.80951e-11
2.01021e-11
2.22871e-11
2.46602e-11
2.723e-11
3.00031e-11
3.29824e-11
3.61659e-11
3.9545e-11
4.31021e-11
4.68077e-11
5.06174e-11
5.4469e-11
5.82783e-11
6.19371e-11
6.53112e-11
6.82409e-11
7.05453e-11
7.20299e-11
7.25006e-11
7.1781e-11
6.97332e-11
6.6278e-11
6.14095e-11
5.51998e-11
4.7792e-11
3.9381e-11
3.01874e-11
2.04301e-11
1.03078e-11
1.12796e-33
3.94291e-16
2.66563e-13
5.20107e-13
7.6157e-13
9.91524e-13
1.21052e-12
1.41907e-12
1.61767e-12
1.8068e-12
1.98691e-12
2.15843e-12
2.32176e-12
2.47731e-12
2.62543e-12
2.76648e-12
2.9008e-12
3.02872e-12
3.15053e-12
3.26653e-12
3.377e-12
3.48219e-12
3.58237e-12
3.67777e-12
3.76862e-12
3.85513e-12
3.93752e-12
4.01598e-12
4.09069e-12
4.16185e-12
4.2296e-12
4.29413e-12
4.35558e-12
5.03205e-12
5.77547e-12
6.59228e-12
7.48944e-12
8.4745e-12
9.55557e-12
1.07414e-11
1.20411e-11
1.34646e-11
1.50221e-11
1.67239e-11
1.85807e-11
2.06028e-11
2.27998e-11
2.51802e-11
2.77505e-11
3.05141e-11
3.347e-11
3.66112e-11
3.99229e-11
4.33793e-11
4.69414e-11
5.05536e-11
5.41407e-11
5.76049e-11
6.08239e-11
6.36515e-11
6.59197e-11
6.74463e-11
6.80457e-11
6.75452e-11
6.58039e-11
6.27318e-11
5.83052e-11
5.2574e-11
4.56574e-11
3.77289e-11
2.8993e-11
1.96611e-11
9.93327e-12
1.19616e-33
3.61869e-16
2.44646e-13
4.77344e-13
6.98954e-13
9.10002e-13
1.11099e-12
1.30239e-12
1.48467e-12
1.65825e-12
1.82356e-12
1.98097e-12
2.13088e-12
2.27364e-12
2.40959e-12
2.53905e-12
2.66233e-12
2.77973e-12
2.89154e-12
2.998e-12
3.09939e-12
3.19594e-12
3.28789e-12
3.37545e-12
3.45883e-12
3.53824e-12
3.61386e-12
3.68587e-12
3.75445e-12
3.81975e-12
3.88195e-12
3.94117e-12
3.99758e-12
4.61849e-12
5.30087e-12
6.05065e-12
6.87423e-12
7.77855e-12
8.7711e-12
9.8599e-12
1.10535e-11
1.23609e-11
1.37916e-11
1.53553e-11
1.70619e-11
1.8921e-11
2.09419e-11
2.31325e-11
2.54995e-11
2.80465e-11
3.07735e-11
3.36751e-11
3.67388e-11
3.99426e-11
4.32525e-11
4.66196e-11
4.9977e-11
5.32372e-11
5.629e-11
5.90021e-11
6.12193e-11
6.27718e-11
6.34838e-11
6.31876e-11
6.17407e-11
5.90442e-11
5.50583e-11
4.98111e-11
4.33981e-11
3.59703e-11
2.77154e-11
1.88352e-11
9.52989e-12
1.2629e-33
3.29778e-16
2.22952e-13
4.35017e-13
6.36977e-13
8.29311e-13
1.01248e-12
1.18691e-12
1.35303e-12
1.51122e-12
1.66187e-12
1.80533e-12
1.94195e-12
2.07205e-12
2.19595e-12
2.31393e-12
2.42629e-12
2.53328e-12
2.63518e-12
2.73221e-12
2.82461e-12
2.9126e-12
2.9964e-12
3.0762e-12
3.1522e-12
3.22457e-12
3.29348e-12
3.35912e-12
3.42162e-12
3.48114e-12
3.53782e-12
3.5918e-12
3.64321e-12
4.20912e-12
4.83108e-12
5.51449e-12
6.26521e-12
7.08958e-12
7.99446e-12
8.98718e-12
1.00756e-11
1.1268e-11
1.25731e-11
1.39998e-11
1.55573e-11
1.72547e-11
1.91006e-11
2.11027e-11
2.32673e-11
2.55985e-11
2.8097e-11
3.07589e-11
3.35739e-11
3.65235e-11
3.95784e-11
4.26961e-11
4.58177e-11
4.88657e-11
5.17417e-11
5.43253e-11
5.64761e-11
5.80372e-11
5.88434e-11
5.87336e-11
5.75653e-11
5.52328e-11
5.16817e-11
4.69197e-11
4.10188e-11
3.41075e-11
2.63548e-11
1.79518e-11
9.09714e-12
1.32674e-33
2.98275e-16
2.01656e-13
3.93464e-13
5.76133e-13
7.50096e-13
9.15766e-13
1.07354e-12
1.22379e-12
1.36687e-12
1.50313e-12
1.63289e-12
1.75647e-12
1.87414e-12
1.98621e-12
2.09293e-12
2.19455e-12
2.29133e-12
2.3835e-12
2.47127e-12
2.55485e-12
2.63444e-12
2.71024e-12
2.78242e-12
2.85116e-12
2.91662e-12
2.97896e-12
3.03833e-12
3.09486e-12
3.1487e-12
3.19997e-12
3.2488e-12
3.2953e-12
3.80721e-12
4.36983e-12
4.98808e-12
5.66725e-12
6.4131e-12
7.23186e-12
8.13019e-12
9.11524e-12
1.01946e-11
1.13761e-11
1.26682e-11
1.40791e-11
1.56172e-11
1.72906e-11
1.91067e-11
2.10716e-11
2.31895e-11
2.54617e-11
2.78857e-11
3.04533e-11
3.3149e-11
3.59481e-11
3.88139e-11
4.16954e-11
4.45245e-11
4.7214e-11
4.96566e-11
5.17255e-11
5.32769e-11
5.41573e-11
5.42131e-11
5.33041e-11
5.13194e-11
4.81924e-11
4.3912e-11
3.85276e-11
3.21447e-11
2.49131e-11
1.70114e-11
8.63501e-12
1.38599e-33
2.67615e-16
1.80929e-13
3.53022e-13
5.16916e-13
6.72999e-13
8.21642e-13
9.63199e-13
1.09801e-12
1.22639e-12
1.34864e-12
1.46507e-12
1.57594e-12
1.68153e-12
1.78208e-12
1.87783e-12
1.96902e-12
2.05585e-12
2.13855e-12
2.2173e-12
2.29229e-12
2.36371e-12
2.43172e-12
2.49648e-12
2.55816e-12
2.6169e-12
2.67284e-12
2.7261e-12
2.77683e-12
2.82514e-12
2.87115e-12
2.91496e-12
2.95669e-12
3.41602e-12
3.92089e-12
4.47569e-12
5.0852e-12
5.7546e-12
6.48949e-12
7.29589e-12
8.18025e-12
9.14941e-12
1.02106e-11
1.13712e-11
1.26391e-11
1.40218e-11
1.55268e-11
1.7161e-11
1.89304e-11
2.08391e-11
2.28892e-11
2.5079e-11
2.74024e-11
2.98466e-11
3.23911e-11
3.50048e-11
3.76436e-11
4.02487e-11
4.27438e-11
4.50339e-11
4.70055e-11
4.85287e-11
4.94619e-11
4.96603e-11
4.89877e-11
4.73305e-11
4.4612e-11
4.08044e-11
3.59359e-11
3.00892e-11
2.33943e-11
1.60159e-11
8.14414e-12
1.43871e-33
2.38045e-16
1.60939e-13
3.14019e-13
4.59805e-13
5.98644e-13
7.30866e-13
8.56784e-13
9.76699e-13
1.0909e-12
1.19965e-12
1.30321e-12
1.40184e-12
1.49576e-12
1.5852e-12
1.67038e-12
1.75149e-12
1.82874e-12
1.9023e-12
1.97235e-12
2.03907e-12
2.1026e-12
2.1631e-12
2.22071e-12
2.27558e-12
2.32783e-12
2.37759e-12
2.42498e-12
2.4701e-12
2.51308e-12
2.55401e-12
2.59298e-12
2.6301e-12
3.03873e-12
3.48789e-12
3.98148e-12
4.52378e-12
5.1194e-12
5.77336e-12
6.49103e-12
7.27818e-12
8.14095e-12
9.08582e-12
1.01195e-11
1.12491e-11
1.24814e-11
1.38233e-11
1.52813e-11
1.6861e-11
1.85666e-11
2.04004e-11
2.23619e-11
2.44463e-11
2.66437e-11
2.89371e-11
3.13003e-11
3.36963e-11
3.60744e-11
3.83687e-11
4.04961e-11
4.23563e-11
4.38328e-11
4.47965e-11
4.51127e-11
4.46509e-11
4.32969e-11
4.09665e-11
3.76177e-11
3.3259e-11
2.79516e-11
2.1805e-11
1.49687e-11
7.62593e-12
1.48276e-33
2.09799e-16
1.41844e-13
2.76761e-13
4.0525e-13
5.27616e-13
6.4415e-13
7.55129e-13
8.60817e-13
9.61466e-13
1.05732e-12
1.14859e-12
1.23552e-12
1.3183e-12
1.39713e-12
1.47221e-12
1.5437e-12
1.61178e-12
1.67662e-12
1.73836e-12
1.79716e-12
1.85316e-12
1.90648e-12
1.95727e-12
2.00563e-12
2.05168e-12
2.09554e-12
2.13731e-12
2.17708e-12
2.21496e-12
2.25104e-12
2.28539e-12
2.31811e-12
2.67829e-12
3.07421e-12
3.50932e-12
3.98739e-12
4.51251e-12
5.0891e-12
5.72194e-12
6.41614e-12
7.17715e-12
8.01075e-12
8.92297e-12
9.92003e-12
1.10082e-11
1.21938e-11
1.34827e-11
1.488e-11
1.63901e-11
1.80155e-11
1.97562e-11
2.16091e-11
2.35664e-11
2.56143e-11
2.77314e-11
2.98866e-11
3.20371e-11
3.41264e-11
3.60829e-11
3.78188e-11
3.92308e-11
4.02028e-11
4.0611e-11
4.0332e-11
3.92534e-11
3.72862e-11
3.43768e-11
3.05164e-11
2.57458e-11
2.01542e-11
1.38751e-11
7.08273e-12
1.51582e-33
1.83086e-16
1.23784e-13
2.41523e-13
3.53653e-13
4.60439e-13
5.62137e-13
6.58986e-13
7.51219e-13
8.39055e-13
9.22702e-13
1.00236e-12
1.07822e-12
1.15046e-12
1.21926e-12
1.28478e-12
1.34717e-12
1.40659e-12
1.46317e-12
1.51706e-12
1.56837e-12
1.61724e-12
1.66378e-12
1.7081e-12
1.75031e-12
1.7905e-12
1.82878e-12
1.86523e-12
1.89994e-12
1.933e-12
1.96449e-12
1.99447e-12
2.02302e-12
2.33738e-12
2.68294e-12
3.06272e-12
3.48002e-12
3.93842e-12
4.4418e-12
4.99434e-12
5.60054e-12
6.26519e-12
6.99338e-12
7.79044e-12
8.66191e-12
9.6134e-12
1.06505e-11
1.17786e-11
1.30025e-11
1.43263e-11
1.57526e-11
1.72822e-11
1.89129e-11
2.0639e-11
2.24495e-11
2.4327e-11
2.62459e-11
2.81706e-11
3.00532e-11
3.18327e-11
3.34333e-11
3.47647e-11
3.57235e-11
3.61976e-11
3.6072e-11
3.52384e-11
3.36055e-11
3.11111e-11
2.77317e-11
2.34894e-11
1.84541e-11
1.27425e-11
6.51796e-12
1.5355e-33
1.58084e-16
1.06881e-13
2.08543e-13
3.05361e-13
3.97567e-13
4.85378e-13
5.69003e-13
6.48642e-13
7.24485e-13
7.96711e-13
8.65494e-13
9.30997e-13
9.93377e-13
1.05278e-12
1.10935e-12
1.16323e-12
1.21454e-12
1.26339e-12
1.30992e-12
1.35424e-12
1.39643e-12
1.43662e-12
1.47489e-12
1.51133e-12
1.54604e-12
1.57909e-12
1.61057e-12
1.64055e-12
1.6691e-12
1.69628e-12
1.72217e-12
1.74683e-12
2.01829e-12
2.31671e-12
2.64469e-12
3.00509e-12
3.40101e-12
3.83583e-12
4.31315e-12
4.8369e-12
5.41124e-12
6.04062e-12
6.72969e-12
7.4833e-12
8.30642e-12
9.20402e-12
1.01809e-11
1.12415e-11
1.23896e-11
1.36279e-11
1.49575e-11
1.63774e-11
1.78831e-11
1.94664e-11
2.11133e-11
2.28029e-11
2.45061e-11
2.6183e-11
2.77821e-11
2.92389e-11
3.04754e-11
3.1401e-11
3.19155e-11
3.19135e-11
3.12925e-11
2.99618e-11
2.78534e-11
2.49322e-11
2.12038e-11
1.672e-11
1.15806e-11
5.93617e-12
1.53942e-33
1.34937e-16
9.12324e-14
1.7801e-13
2.60653e-13
3.39359e-13
4.14314e-13
4.85696e-13
5.53676e-13
6.18415e-13
6.80068e-13
7.38781e-13
7.94695e-13
8.47943e-13
8.98653e-13
9.46944e-13
9.92933e-13
1.03673e-12
1.07844e-12
1.11815e-12
1.15598e-12
1.192e-12
1.22631e-12
1.25897e-12
1.29009e-12
1.31971e-12
1.34793e-12
1.3748e-12
1.40039e-12
1.42476e-12
1.44797e-12
1.47007e-12
1.49112e-12
1.72286e-12
1.97762e-12
2.25763e-12
2.56533e-12
2.90339e-12
3.27468e-12
3.68232e-12
4.12965e-12
4.62028e-12
5.15802e-12
5.74691e-12
6.39114e-12
7.09505e-12
7.86298e-12
8.6992e-12
9.60768e-12
1.05919e-11
1.16546e-11
1.2797e-11
1.40188e-11
1.53169e-11
1.66851e-11
1.81125e-11
1.95824e-11
2.1071e-11
2.25458e-11
2.3964e-11
2.52713e-11
2.64014e-11
2.7276e-11
2.78068e-11
2.78991e-11
2.74576e-11
2.63948e-11
2.46397e-11
2.21486e-11
1.89137e-11
1.49701e-11
1.0401e-11
5.34309e-12
1.52539e-33
1.1375e-16
7.69081e-14
1.50061e-13
2.19729e-13
2.86077e-13
3.49264e-13
4.09439e-13
4.66746e-13
5.21321e-13
5.73294e-13
6.2279e-13
6.69926e-13
7.14815e-13
7.57564e-13
7.98274e-13
8.37044e-13
8.73965e-13
9.09125e-13
9.4261e-13
9.74497e-13
1.00486e-12
1.03378e-12
1.06133e-12
1.08755e-12
1.11253e-12
1.13632e-12
1.15897e-12
1.18055e-12
1.20109e-12
1.22066e-12
1.23929e-12
1.25703e-12
1.45241e-12
1.66719e-12
1.90328e-12
2.16273e-12
2.44779e-12
2.7609e-12
3.10469e-12
3.48202e-12
3.89592e-12
4.34964e-12
4.84664e-12
5.3905e-12
5.98495e-12
6.63374e-12
7.34058e-12
8.10901e-12
8.94216e-12
9.84255e-12
1.08117e-11
1.18497e-11
1.29545e-11
1.41216e-11
1.53426e-11
1.66044e-11
1.7888e-11
1.91671e-11
2.04067e-11
2.1562e-11
2.25772e-11
2.33857e-11
2.39112e-11
2.40699e-11
2.37753e-11
2.29446e-11
2.15073e-11
1.94141e-11
1.66465e-11
1.32253e-11
9.21765e-12
4.74561e-12
1.49156e-33
9.45823e-17
6.39491e-14
1.24775e-13
1.82704e-13
2.37873e-13
2.90413e-13
3.40449e-13
3.881e-13
4.3348e-13
4.76696e-13
5.17853e-13
5.57047e-13
5.94373e-13
6.2992e-13
6.63771e-13
6.96009e-13
7.2671e-13
7.55947e-13
7.83791e-13
8.10307e-13
8.35559e-13
8.59607e-13
8.82508e-13
9.04318e-13
9.25088e-13
9.44869e-13
9.63706e-13
9.81646e-13
9.9873e-13
1.015e-12
1.03049e-12
1.04525e-12
1.20772e-12
1.38634e-12
1.58267e-12
1.79845e-12
2.03555e-12
2.29599e-12
2.58197e-12
2.89589e-12
3.24029e-12
3.6179e-12
4.0316e-12
4.48444e-12
4.97956e-12
5.52015e-12
6.10942e-12
6.75041e-12
7.44592e-12
8.19824e-12
9.00891e-12
9.87837e-12
1.08054e-11
1.17868e-11
1.28162e-11
1.38835e-11
1.49738e-11
1.60663e-11
1.71327e-11
1.81365e-11
1.90316e-11
1.97625e-11
2.0264e-11
2.04637e-11
2.02846e-11
1.96507e-11
1.8494e-11
1.67629e-11
1.44313e-11
1.15082e-11
8.04606e-12
4.15152e-12
1.43664e-33
7.745e-17
5.23659e-14
1.02175e-13
1.49611e-13
1.94787e-13
2.37811e-13
2.78784e-13
3.17804e-13
3.54965e-13
3.90354e-13
4.24056e-13
4.56152e-13
4.86718e-13
5.15827e-13
5.43548e-13
5.69947e-13
5.95088e-13
6.1903e-13
6.41831e-13
6.63545e-13
6.84224e-13
7.03917e-13
7.22672e-13
7.40532e-13
7.57541e-13
7.7374e-13
7.89166e-13
8.03857e-13
8.17848e-13
8.31172e-13
8.43861e-13
8.55945e-13
9.88998e-13
1.13528e-12
1.29608e-12
1.47281e-12
1.667e-12
1.88034e-12
2.11463e-12
2.37182e-12
2.65402e-12
2.96348e-12
3.3026e-12
3.67389e-12
4.07997e-12
4.52352e-12
5.00723e-12
5.53369e-12
6.10533e-12
6.7242e-12
7.39177e-12
8.10867e-12
8.87431e-12
9.68637e-12
1.05403e-11
1.14284e-11
1.23392e-11
1.32563e-11
1.41575e-11
1.50134e-11
1.57869e-11
1.6432e-11
1.68947e-11
1.71132e-11
1.70206e-11
1.65492e-11
1.56356e-11
1.42286e-11
1.22977e-11
9.84251e-12
6.90268e-12
3.56926e-12
1.36001e-33
6.23238e-17
4.2139e-14
8.22204e-14
1.20392e-13
1.56746e-13
1.91367e-13
2.24339e-13
2.55739e-13
2.85642e-13
3.1412e-13
3.41241e-13
3.67069e-13
3.91666e-13
4.1509e-13
4.37398e-13
4.58642e-13
4.78874e-13
4.98141e-13
5.1649e-13
5.33964e-13
5.50605e-13
5.66453e-13
5.81545e-13
5.95919e-13
6.09607e-13
6.22642e-13
6.35056e-13
6.46879e-13
6.58138e-13
6.68861e-13
6.79073e-13
6.88797e-13
7.95874e-13
9.13599e-13
1.04301e-12
1.18525e-12
1.34156e-12
1.51328e-12
1.70189e-12
1.90895e-12
2.13618e-12
2.38539e-12
2.65854e-12
2.95767e-12
3.28493e-12
3.6425e-12
4.03261e-12
4.45744e-12
4.91901e-12
5.41911e-12
5.9591e-12
6.53968e-12
7.16064e-12
7.82045e-12
8.51582e-12
9.24108e-12
9.98754e-12
1.07426e-11
1.1489e-11
1.22037e-11
1.2857e-11
1.3412e-11
1.38246e-11
1.40435e-11
1.4012e-11
1.36711e-11
1.2964e-11
1.18423e-11
1.02737e-11
8.25136e-12
5.80397e-12
3.0074e-12
1.26185e-33
4.91297e-17
3.32183e-14
6.48145e-14
9.49057e-14
1.23563e-13
1.50855e-13
1.76847e-13
2.016e-13
2.25173e-13
2.47623e-13
2.69003e-13
2.89363e-13
3.08753e-13
3.27219e-13
3.44805e-13
3.61552e-13
3.77501e-13
3.9269e-13
4.07155e-13
4.2093e-13
4.34049e-13
4.46543e-13
4.58441e-13
4.69771e-13
4.80562e-13
4.90839e-13
5.00626e-13
5.09946e-13
5.18822e-13
5.27275e-13
5.35325e-13
5.42992e-13
6.27407e-13
7.20219e-13
8.22249e-13
9.34397e-13
1.05764e-12
1.19305e-12
1.34177e-12
1.50507e-12
1.6843e-12
1.88089e-12
2.0964e-12
2.33246e-12
2.59078e-12
2.87312e-12
3.18127e-12
3.51701e-12
3.882e-12
4.27773e-12
4.70541e-12
5.16574e-12
5.65873e-12
6.18343e-12
6.73753e-12
7.31693e-12
7.91517e-12
8.5228e-12
9.12662e-12
9.70891e-12
1.02466e-11
1.07107e-11
1.10659e-11
1.12708e-11
1.12785e-11
1.10395e-11
1.05044e-11
9.62958e-12
8.38353e-12
6.75549e-12
4.76511e-12
2.47399e-12
1.14311e-33
3.77489e-17
2.55235e-14
4.98007e-14
7.29216e-14
9.49409e-14
1.15911e-13
1.35882e-13
1.54901e-13
1.73014e-13
1.90264e-13
2.06691e-13
2.22336e-13
2.37234e-13
2.51423e-13
2.64935e-13
2.77804e-13
2.90059e-13
3.01729e-13
3.12844e-13
3.23429e-13
3.33509e-13
3.43109e-13
3.52251e-13
3.60957e-13
3.69249e-13
3.77145e-13
3.84665e-13
3.91827e-13
3.98647e-13
4.05143e-13
4.11329e-13
4.1722e-13
4.82085e-13
5.53404e-13
6.31808e-13
7.17991e-13
8.12704e-13
9.1677e-13
1.03108e-12
1.1566e-12
1.29438e-12
1.44552e-12
1.61124e-12
1.79279e-12
1.9915e-12
2.20876e-12
2.44596e-12
2.7045e-12
2.98572e-12
3.29082e-12
3.6208e-12
3.97631e-12
4.3575e-12
4.7638e-12
5.19363e-12
5.6441e-12
6.11052e-12
6.58597e-12
7.06064e-12
7.52122e-12
7.95025e-12
8.32552e-12
8.61963e-12
8.80001e-12
8.82943e-12
8.66747e-12
8.27307e-12
7.6086e-12
6.64543e-12
5.37114e-12
3.79841e-12
1.9757e-12
1.00527e-33
2.80165e-17
1.89431e-14
3.69612e-14
5.41211e-14
7.04635e-14
8.60273e-14
1.00849e-13
1.14965e-13
1.28408e-13
1.41211e-13
1.53403e-13
1.65014e-13
1.76072e-13
1.86603e-13
1.96632e-13
2.06183e-13
2.15278e-13
2.2394e-13
2.32189e-13
2.40045e-13
2.47527e-13
2.54652e-13
2.61437e-13
2.67899e-13
2.74054e-13
2.79914e-13
2.85496e-13
2.90811e-13
2.95874e-13
3.00694e-13
3.05286e-13
3.09658e-13
3.57803e-13
4.10738e-13
4.68935e-13
5.32906e-13
6.03212e-13
6.80464e-13
7.65326e-13
8.58517e-13
9.60814e-13
1.07305e-12
1.19612e-12
1.33098e-12
1.47861e-12
1.64006e-12
1.81638e-12
2.00864e-12
2.21784e-12
2.44495e-12
2.69073e-12
2.95575e-12
3.24021e-12
3.54377e-12
3.86542e-12
4.20316e-12
4.55371e-12
4.91213e-12
5.27138e-12
5.6218e-12
5.95061e-12
6.24138e-12
6.47367e-12
6.62285e-12
6.66043e-12
6.55495e-12
6.27384e-12
5.78643e-12
5.06837e-12
4.10751e-12
2.91148e-12
1.51684e-12
8.49783e-34
1.97151e-17
1.33302e-14
2.60096e-14
3.8085e-14
4.95852e-14
6.05374e-14
7.09678e-14
8.09011e-14
9.03611e-14
9.93702e-14
1.0795e-13
1.16121e-13
1.23902e-13
1.31313e-13
1.3837e-13
1.45091e-13
1.51492e-13
1.57588e-13
1.63393e-13
1.68921e-13
1.74186e-13
1.792e-13
1.83975e-13
1.88523e-13
1.92853e-13
1.96978e-13
2.00905e-13
2.04646e-13
2.08209e-13
2.11601e-13
2.14832e-13
2.17909e-13
2.5179e-13
2.89043e-13
3.29999e-13
3.7502e-13
4.24501e-13
4.78873e-13
5.38604e-13
6.042e-13
6.76212e-13
7.55228e-13
8.41881e-13
9.36843e-13
1.04082e-12
1.15455e-12
1.27879e-12
1.41429e-12
1.5618e-12
1.722e-12
1.89547e-12
2.08265e-12
2.28372e-12
2.49852e-12
2.7264e-12
2.96606e-12
3.21531e-12
3.4708e-12
3.7277e-12
3.97936e-12
4.21689e-12
4.4288e-12
4.60062e-12
4.71479e-12
4.75076e-12
4.68554e-12
4.49495e-12
4.15573e-12
3.64882e-12
2.96382e-12
2.10492e-12
1.09816e-12
6.76976e-34
1.25612e-17
8.49321e-15
1.65717e-14
2.42654e-14
3.15926e-14
3.85707e-14
4.52163e-14
5.15453e-14
5.75726e-14
6.33127e-14
6.87793e-14
7.39853e-14
7.89432e-14
8.36648e-14
8.81614e-14
9.24437e-14
9.65218e-14
1.00406e-13
1.04104e-13
1.07627e-13
1.10981e-13
1.14176e-13
1.17218e-13
1.20116e-13
1.22875e-13
1.25503e-13
1.28006e-13
1.30389e-13
1.32659e-13
1.3482e-13
1.36879e-13
1.3884e-13
1.60427e-13
1.84164e-13
2.1026e-13
2.38947e-13
2.70477e-13
3.05124e-13
3.43187e-13
3.8499e-13
4.30883e-13
4.81244e-13
5.36478e-13
5.97013e-13
6.63303e-13
7.35823e-13
8.15058e-13
9.01498e-13
9.95623e-13
1.09788e-12
1.20866e-12
1.32825e-12
1.4568e-12
1.59424e-12
1.74019e-12
1.89387e-12
2.05394e-12
2.21833e-12
2.38404e-12
2.54689e-12
2.70129e-12
2.83993e-12
2.95358e-12
3.03094e-12
3.05868e-12
3.02171e-12
2.904e-12
2.6899e-12
2.36625e-12
1.92547e-12
1.36958e-12
7.15301e-13
4.8417e-34
6.17273e-18
4.17367e-15
8.14356e-15
1.19244e-14
1.5525e-14
1.89542e-14
2.22199e-14
2.533e-14
2.8292e-14
3.11128e-14
3.37991e-14
3.63574e-14
3.87938e-14
4.11141e-14
4.33238e-14
4.54282e-14
4.74323e-14
4.93408e-14
5.11584e-14
5.28894e-14
5.45379e-14
5.61078e-14
5.7603e-14
5.90268e-14
6.03828e-14
6.16742e-14
6.2904e-14
6.40753e-14
6.51907e-14
6.6253e-14
6.72647e-14
6.82281e-14
7.88368e-14
9.05015e-14
1.03326e-13
1.17424e-13
1.32919e-13
1.49947e-13
1.68653e-13
1.89199e-13
2.11755e-13
2.36509e-13
2.63659e-13
2.93417e-13
3.26007e-13
3.61663e-13
4.00625e-13
4.43137e-13
4.89437e-13
5.39748e-13
5.94268e-13
6.53144e-13
7.16458e-13
7.84184e-13
8.56152e-13
9.3199e-13
1.01106e-12
1.09236e-12
1.17445e-12
1.2553e-12
1.33217e-12
1.40148e-12
1.4587e-12
1.49823e-12
1.51345e-12
1.4968e-12
1.44021e-12
1.33569e-12
1.17645e-12
9.58443e-13
6.82433e-13
3.5668e-13
2.62331e-34
1.84231e-42
2.42561e-41
7.97788e-41
1.60294e-40
2.57559e-40
3.64993e-40
4.7739e-40
5.90689e-40
7.0177e-40
8.08287e-40
9.08528e-40
1.0013e-39
1.08581e-39
1.16161e-39
1.22853e-39
1.28657e-39
1.33591e-39
1.37686e-39
1.40979e-39
1.43516e-39
1.45345e-39
1.46517e-39
1.47085e-39
1.471e-39
1.46613e-39
1.45675e-39
1.44334e-39
1.42633e-39
1.40618e-39
1.38327e-39
1.35799e-39
8.9939e-39
2.13169e-38
3.08856e-38
4.42699e-38
6.28788e-38
8.86184e-38
1.24061e-37
1.72673e-37
2.39114e-37
3.29642e-37
4.52643e-37
6.19335e-37
8.44703e-37
1.14872e-36
1.55795e-36
2.10767e-36
2.84455e-36
3.83021e-36
5.1457e-36
6.89715e-36
9.22293e-36
1.23022e-35
1.63654e-35
2.17059e-35
2.86929e-35
3.7784e-35
4.95347e-35
6.46014e-35
8.37291e-35
1.07715e-34
1.37327e-34
1.7316e-34
2.15394e-34
2.63412e-34
3.15258e-34
3.66896e-34
4.11298e-34
4.37471e-34
4.29719e-34
3.67699e-34
2.28306e-34
9.02182e-35
