-9.29465e-42
-1.22374e-40
-4.02491e-40
-8.08692e-40
-1.2994e-39
-1.8414e-39
-2.40844e-39
-2.98002e-39
-3.5404e-39
-4.07775e-39
-4.58343e-39
-5.0514e-39
-5.47772e-39
-5.86011e-39
-6.19764e-39
-6.49039e-39
-6.73928e-39
-6.9458e-39
-7.1119e-39
-7.23982e-39
-7.33204e-39
-7.39113e-39
-7.41972e-39
-7.42044e-39
-7.39586e-39
-7.34851e-39
-7.28078e-39
-7.19498e-39
-7.09328e-39
-6.9777e-39
-6.85015e-39
-4.5367e-38
-1.07522e-37
-1.55775e-37
-2.23261e-37
-3.17075e-37
-4.46809e-37
-6.25402e-37
-8.70273e-37
-1.20483e-36
-1.66044e-36
-2.2791e-36
-3.11691e-36
-4.2486e-36
-5.77352e-36
-7.82344e-36
-1.05725e-35
-1.42502e-35
-1.91574e-35
-2.56874e-35
-3.43502e-35
-4.58036e-35
-6.08881e-35
-8.06662e-35
-1.06463e-34
-1.39905e-34
-1.82939e-34
-2.37833e-34
-3.07118e-34
-3.93446e-34
-4.99325e-34
-6.2666e-34
-7.7606e-34
-9.45835e-34
-1.13066e-33
-1.31993e-33
-1.49582e-33
-1.63132e-33
-1.68843e-33
-1.61692e-33
-1.35434e-33
-8.28711e-34
-1.15263e-36
2.84858e-17
1.92597e-14
3.7579e-14
5.50256e-14
7.16409e-14
8.74645e-14
1.02534e-13
1.16885e-13
1.30552e-13
1.43568e-13
1.55963e-13
1.67767e-13
1.79009e-13
1.89714e-13
1.99909e-13
2.09618e-13
2.18864e-13
2.2767e-13
2.36055e-13
2.44041e-13
2.51646e-13
2.58888e-13
2.65786e-13
2.72354e-13
2.78609e-13
2.84566e-13
2.9024e-13
2.95642e-13
3.00788e-13
3.05688e-13
3.10354e-13
3.14798e-13
3.63727e-13
4.17519e-13
4.76646e-13
5.41627e-13
6.13025e-13
6.9145e-13
7.77566e-13
8.72087e-13
9.75779e-13
1.08946e-12
1.214e-12
1.3503e-12
1.49931e-12
1.66197e-12
1.83924e-12
2.03202e-12
2.24113e-12
2.46722e-12
2.71073e-12
2.97174e-12
3.24982e-12
3.54389e-12
3.85198e-12
4.17091e-12
4.49606e-12
4.82095e-12
5.13693e-12
5.43277e-12
5.6945e-12
5.90524e-12
6.04545e-12
6.09355e-12
6.02696e-12
5.82389e-12
5.46549e-12
4.93843e-12
4.23759e-12
3.36826e-12
2.34813e-12
1.20898e-12
-8.43303e-34
5.95461e-17
4.02598e-14
7.85536e-14
1.15023e-13
1.49755e-13
1.82832e-13
2.14332e-13
2.44331e-13
2.72899e-13
3.00106e-13
3.26016e-13
3.5069e-13
3.74188e-13
3.96566e-13
4.17876e-13
4.38171e-13
4.57498e-13
4.75903e-13
4.93431e-13
5.10123e-13
5.26019e-13
5.41157e-13
5.55574e-13
5.69303e-13
5.82378e-13
5.9483e-13
6.06688e-13
6.1798e-13
6.28735e-13
6.38976e-13
6.4873e-13
6.58019e-13
7.60287e-13
8.72712e-13
9.96285e-13
1.13208e-12
1.28128e-12
1.44514e-12
1.62506e-12
1.8225e-12
2.03906e-12
2.27644e-12
2.53641e-12
2.82084e-12
3.13165e-12
3.47079e-12
3.84014e-12
4.24151e-12
4.67646e-12
5.14621e-12
5.65143e-12
6.19202e-12
6.76676e-12
7.37296e-12
8.00596e-12
8.65861e-12
9.32055e-12
9.97761e-12
1.0611e-11
1.1197e-11
1.17061e-11
1.21036e-11
1.235e-11
1.24026e-11
1.22181e-11
1.17562e-11
1.09841e-11
9.88093e-12
8.44252e-12
6.68462e-12
4.64515e-12
2.38637e-12
-1.53478e-33
9.70668e-17
6.5627e-14
1.28049e-13
1.87498e-13
2.44113e-13
2.98031e-13
3.49378e-13
3.98278e-13
4.44847e-13
4.89195e-13
5.31429e-13
5.71648e-13
6.0995e-13
6.46426e-13
6.81162e-13
7.14242e-13
7.45744e-13
7.75744e-13
8.04314e-13
8.31521e-13
8.57431e-13
8.82105e-13
9.05603e-13
9.27981e-13
9.49291e-13
9.69586e-13
9.88913e-13
1.00732e-12
1.02485e-12
1.04154e-12
1.05744e-12
1.07258e-12
1.23925e-12
1.42247e-12
1.62385e-12
1.84512e-12
2.0882e-12
2.35515e-12
2.64818e-12
2.9697e-12
3.32226e-12
3.70857e-12
4.13148e-12
4.59396e-12
5.09903e-12
5.6497e-12
6.2489e-12
6.89929e-12
7.60313e-12
8.362e-12
9.17647e-12
1.00457e-11
1.0967e-11
1.19348e-11
1.29406e-11
1.39712e-11
1.50083e-11
1.60273e-11
1.69964e-11
1.78758e-11
1.86176e-11
1.91667e-11
1.94619e-11
1.94397e-11
1.90388e-11
1.82055e-11
1.69006e-11
1.51056e-11
1.28271e-11
1.00997e-11
6.98604e-12
3.5776e-12
-2.10035e-33
1.43329e-16
9.69032e-14
1.89074e-13
2.76854e-13
3.60451e-13
4.40063e-13
5.1588e-13
5.88083e-13
6.56843e-13
7.22325e-13
7.84684e-13
8.44069e-13
9.00621e-13
9.54477e-13
1.00576e-12
1.05461e-12
1.10112e-12
1.14541e-12
1.18759e-12
1.22776e-12
1.26602e-12
1.30245e-12
1.33714e-12
1.37018e-12
1.40164e-12
1.4316e-12
1.46013e-12
1.48731e-12
1.51319e-12
1.53783e-12
1.5613e-12
1.58365e-12
1.82971e-12
2.10018e-12
2.39742e-12
2.72401e-12
3.08273e-12
3.4766e-12
3.90889e-12
4.38308e-12
4.90289e-12
5.47225e-12
6.09528e-12
6.7762e-12
7.51932e-12
8.32884e-12
9.20877e-12
1.01627e-11
1.11933e-11
1.23023e-11
1.34898e-11
1.47534e-11
1.60876e-11
1.7483e-11
1.89247e-11
2.03913e-11
2.18533e-11
2.32722e-11
2.45988e-11
2.57733e-11
2.67253e-11
2.73759e-11
2.7641e-11
2.74371e-11
2.66885e-11
2.53355e-11
2.33431e-11
2.07069e-11
1.74567e-11
1.36552e-11
9.39464e-12
4.79324e-12
-2.5646e-33
1.97687e-16
1.33652e-13
2.60778e-13
3.81846e-13
4.97145e-13
6.06948e-13
7.11517e-13
8.11099e-13
9.05934e-13
9.96245e-13
1.08225e-12
1.16415e-12
1.24215e-12
1.31642e-12
1.38716e-12
1.45452e-12
1.51866e-12
1.57975e-12
1.63792e-12
1.69332e-12
1.74608e-12
1.79632e-12
1.84416e-12
1.88972e-12
1.93311e-12
1.97443e-12
2.01378e-12
2.05126e-12
2.08694e-12
2.12093e-12
2.15329e-12
2.18411e-12
2.52343e-12
2.89639e-12
3.30622e-12
3.75648e-12
4.25098e-12
4.79386e-12
5.38958e-12
6.0429e-12
6.75888e-12
7.54284e-12
8.40034e-12
9.33704e-12
1.03586e-11
1.14707e-11
1.26782e-11
1.39857e-11
1.53964e-11
1.69117e-11
1.85305e-11
2.02483e-11
2.20559e-11
2.39382e-11
2.58723e-11
2.78261e-11
2.9756e-11
3.16059e-11
3.33056e-11
3.47713e-11
3.59065e-11
3.66057e-11
3.67609e-11
3.62698e-11
3.50468e-11
3.30339e-11
3.02104e-11
2.65981e-11
2.2261e-11
1.72988e-11
1.18366e-11
6.01645e-12
-2.93443e-33
2.55402e-16
1.7267e-13
3.36908e-13
4.9332e-13
6.42278e-13
7.84135e-13
9.19229e-13
1.04788e-12
1.1704e-12
1.28707e-12
1.39818e-12
1.50399e-12
1.60475e-12
1.70071e-12
1.79209e-12
1.87911e-12
1.96198e-12
2.04089e-12
2.11604e-12
2.18761e-12
2.25576e-12
2.32066e-12
2.38247e-12
2.44133e-12
2.49738e-12
2.55076e-12
2.60159e-12
2.65e-12
2.6961e-12
2.74e-12
2.78181e-12
2.82163e-12
3.25995e-12
3.74169e-12
4.27106e-12
4.85258e-12
5.49121e-12
6.19224e-12
6.9614e-12
7.80479e-12
8.72889e-12
9.74048e-12
1.08466e-11
1.20545e-11
1.33712e-11
1.48036e-11
1.63581e-11
1.80397e-11
1.9852e-11
2.17962e-11
2.38698e-11
2.60656e-11
2.83704e-11
3.07625e-11
3.32103e-11
3.56695e-11
3.80814e-11
4.03704e-11
4.24438e-11
4.41916e-11
4.54897e-11
4.62051e-11
4.62054e-11
4.53708e-11
4.36084e-11
4.08665e-11
3.71448e-11
3.24983e-11
2.70321e-11
2.08876e-11
1.42245e-11
7.20634e-12
-3.20738e-33
3.08272e-16
2.08413e-13
4.06648e-13
5.95438e-13
7.7523e-13
9.46451e-13
1.10951e-12
1.26479e-12
1.41267e-12
1.55349e-12
1.6876e-12
1.81531e-12
1.93693e-12
2.05275e-12
2.16304e-12
2.26807e-12
2.36809e-12
2.46334e-12
2.55404e-12
2.64042e-12
2.72268e-12
2.80101e-12
2.87561e-12
2.94665e-12
3.0143e-12
3.07872e-12
3.14008e-12
3.1985e-12
3.25414e-12
3.30713e-12
3.35759e-12
3.40564e-12
3.93466e-12
4.51608e-12
5.15495e-12
5.85675e-12
6.62742e-12
7.47336e-12
8.40144e-12
9.41902e-12
1.05338e-11
1.17541e-11
1.30881e-11
1.45446e-11
1.61319e-11
1.78583e-11
1.9731e-11
2.1756e-11
2.39372e-11
2.62754e-11
2.87672e-11
3.1403e-11
3.41657e-11
3.70281e-11
3.99504e-11
4.28777e-11
4.57369e-11
4.84352e-11
5.08587e-11
5.28735e-11
5.43296e-11
5.5068e-11
5.4933e-11
5.37876e-11
5.15314e-11
4.81173e-11
4.35639e-11
3.79574e-11
3.14422e-11
2.42003e-11
1.64254e-11
8.30166e-12
-3.37675e-33
3.47195e-16
2.34727e-13
4.57992e-13
6.70618e-13
8.73111e-13
1.06595e-12
1.2496e-12
1.42449e-12
1.59103e-12
1.74964e-12
1.90068e-12
2.04451e-12
2.18149e-12
2.31193e-12
2.43615e-12
2.55444e-12
2.66708e-12
2.77436e-12
2.87652e-12
2.9738e-12
3.06644e-12
3.15467e-12
3.23868e-12
3.31869e-12
3.39489e-12
3.46744e-12
3.53654e-12
3.60235e-12
3.66501e-12
3.72469e-12
3.78152e-12
3.83564e-12
4.43145e-12
5.08628e-12
5.80581e-12
6.59622e-12
7.46419e-12
8.41693e-12
9.46219e-12
1.06082e-11
1.18638e-11
1.32381e-11
1.47405e-11
1.63808e-11
1.81685e-11
2.01127e-11
2.22217e-11
2.45022e-11
2.69586e-11
2.95916e-11
3.23973e-11
3.53651e-11
3.84754e-11
4.16975e-11
4.49864e-11
4.82797e-11
5.14949e-11
5.45268e-11
5.72463e-11
5.95018e-11
6.11233e-11
6.19307e-11
6.17481e-11
6.04213e-11
5.78385e-11
5.39504e-11
4.87836e-11
4.24434e-11
3.5102e-11
2.6973e-11
1.82802e-11
9.22894e-12
-3.4362e-33
3.65177e-16
2.46886e-13
4.81715e-13
7.05355e-13
9.18336e-13
1.12117e-12
1.31432e-12
1.49827e-12
1.67345e-12
1.84027e-12
1.99914e-12
2.15042e-12
2.2945e-12
2.43169e-12
2.56235e-12
2.68677e-12
2.80525e-12
2.91809e-12
3.02554e-12
3.12787e-12
3.22531e-12
3.31811e-12
3.40648e-12
3.49064e-12
3.57078e-12
3.6471e-12
3.71978e-12
3.78899e-12
3.85491e-12
3.91768e-12
3.97746e-12
4.03439e-12
4.66109e-12
5.34989e-12
6.10677e-12
6.93823e-12
7.85131e-12
8.85362e-12
9.95333e-12
1.11592e-11
1.24803e-11
1.39266e-11
1.5508e-11
1.72347e-11
1.9117e-11
2.11647e-11
2.33865e-11
2.579e-11
2.83801e-11
3.1158e-11
3.41204e-11
3.72566e-11
4.05471e-11
4.39607e-11
4.74511e-11
5.09541e-11
5.43842e-11
5.76318e-11
6.05616e-11
6.30139e-11
6.48079e-11
6.57509e-11
6.56517e-11
6.43399e-11
6.16876e-11
5.7632e-11
5.21913e-11
4.54699e-11
3.76476e-11
2.89541e-11
1.96341e-11
9.91574e-12
-3.38425e-33
3.59218e-16
2.42859e-13
4.73859e-13
6.93852e-13
9.03361e-13
1.10288e-12
1.2929e-12
1.47385e-12
1.64617e-12
1.81027e-12
1.96655e-12
2.11538e-12
2.2571e-12
2.39207e-12
2.5206e-12
2.64299e-12
2.75955e-12
2.87055e-12
2.97626e-12
3.07692e-12
3.17278e-12
3.26407e-12
3.35101e-12
3.4338e-12
3.51264e-12
3.58772e-12
3.65922e-12
3.72731e-12
3.79216e-12
3.85391e-12
3.91272e-12
3.96873e-12
4.58529e-12
5.26296e-12
6.00765e-12
6.82577e-12
7.72427e-12
8.71067e-12
9.79305e-12
1.09801e-11
1.22809e-11
1.37051e-11
1.52629e-11
1.69644e-11
1.882e-11
2.08397e-11
2.30326e-11
2.54066e-11
2.79673e-11
3.07172e-11
3.36538e-11
3.67686e-11
4.00441e-11
4.34518e-11
4.69489e-11
5.04752e-11
5.39496e-11
5.72668e-11
6.0296e-11
6.28803e-11
6.48397e-11
6.59789e-11
6.6099e-11
6.50159e-11
6.25822e-11
5.87105e-11
5.33925e-11
4.67085e-11
3.88218e-11
2.99574e-11
2.03687e-11
1.0305e-11
-1.80127e-33
3.57737e-16
2.41859e-13
4.71906e-13
6.90993e-13
8.99639e-13
1.09834e-12
1.28757e-12
1.46777e-12
1.63939e-12
1.80281e-12
1.95845e-12
2.10666e-12
2.2478e-12
2.38221e-12
2.51021e-12
2.63211e-12
2.74818e-12
2.85873e-12
2.964e-12
3.06425e-12
3.15971e-12
3.25063e-12
3.33721e-12
3.41966e-12
3.49817e-12
3.57295e-12
3.64415e-12
3.71197e-12
3.77654e-12
3.83804e-12
3.89661e-12
3.95239e-12
4.56641e-12
5.24131e-12
5.98294e-12
6.79771e-12
7.69254e-12
8.67492e-12
9.7529e-12
1.09351e-11
1.22307e-11
1.36492e-11
1.52008e-11
1.68956e-11
1.8744e-11
2.07558e-11
2.29405e-11
2.53057e-11
2.78572e-11
3.05974e-11
3.35243e-11
3.66292e-11
3.98951e-11
4.32938e-11
4.6783e-11
5.0303e-11
5.37732e-11
5.70894e-11
6.01212e-11
6.27126e-11
6.46842e-11
6.58407e-11
6.59831e-11
6.49266e-11
6.2522e-11
5.86795e-11
5.33881e-11
4.67252e-11
3.88518e-11
2.99916e-11
2.0398e-11
1.03219e-11
1.0068e-33
3.44938e-16
2.33208e-13
4.55028e-13
6.66279e-13
8.67463e-13
1.05906e-12
1.24152e-12
1.41528e-12
1.58076e-12
1.73834e-12
1.88842e-12
2.03133e-12
2.16743e-12
2.29703e-12
2.42046e-12
2.538e-12
2.64993e-12
2.75652e-12
2.85803e-12
2.9547e-12
3.04676e-12
3.13443e-12
3.21792e-12
3.29742e-12
3.37314e-12
3.44524e-12
3.51391e-12
3.5793e-12
3.64157e-12
3.70088e-12
3.75736e-12
3.81114e-12
4.40328e-12
5.05413e-12
5.76938e-12
6.5552e-12
7.41831e-12
8.36595e-12
9.40593e-12
1.05466e-11
1.17969e-11
1.31662e-11
1.46642e-11
1.63011e-11
1.8087e-11
2.00319e-11
2.2145e-11
2.44345e-11
2.69067e-11
2.95646e-11
3.24076e-11
3.54287e-11
3.86133e-11
4.19364e-11
4.53597e-11
4.88283e-11
5.22676e-11
5.55796e-11
5.8641e-11
6.1302e-11
6.33883e-11
6.47066e-11
6.50557e-11
6.42425e-11
6.21027e-11
5.85249e-11
5.34718e-11
4.69939e-11
3.92296e-11
3.03896e-11
2.07274e-11
1.05087e-11
2.28548e-33
3.40513e-16
2.30217e-13
4.49192e-13
6.57734e-13
8.56338e-13
1.04548e-12
1.2256e-12
1.39713e-12
1.56049e-12
1.71606e-12
1.8642e-12
2.00529e-12
2.13964e-12
2.26759e-12
2.38944e-12
2.50547e-12
2.61597e-12
2.7212e-12
2.82141e-12
2.91684e-12
3.00772e-12
3.09427e-12
3.17669e-12
3.25518e-12
3.32993e-12
3.40111e-12
3.4689e-12
3.53345e-12
3.59493e-12
3.65348e-12
3.70924e-12
3.76233e-12
4.34691e-12
4.98947e-12
5.69563e-12
6.47149e-12
7.32369e-12
8.2594e-12
9.28635e-12
1.04128e-11
1.16477e-11
1.30002e-11
1.44802e-11
1.60976e-11
1.78627e-11
1.97854e-11
2.18752e-11
2.41404e-11
2.65875e-11
2.92203e-11
3.20385e-11
3.50363e-11
3.82002e-11
4.15068e-11
4.49196e-11
4.83861e-11
5.18343e-11
5.51693e-11
5.82706e-11
6.0991e-11
6.31579e-11
6.45779e-11
6.50474e-11
6.43673e-11
6.2364e-11
5.89128e-11
5.39606e-11
4.7542e-11
3.9782e-11
3.08837e-11
2.11013e-11
1.07111e-11
2.21104e-33
3.42962e-16
2.31873e-13
4.52423e-13
6.62465e-13
8.62498e-13
1.053e-12
1.23442e-12
1.40718e-12
1.57172e-12
1.7284e-12
1.87762e-12
2.01972e-12
2.15504e-12
2.28391e-12
2.40663e-12
2.5235e-12
2.63479e-12
2.74078e-12
2.84171e-12
2.93783e-12
3.02937e-12
3.11654e-12
3.19955e-12
3.27861e-12
3.35389e-12
3.42559e-12
3.49387e-12
3.55889e-12
3.62081e-12
3.67978e-12
3.73594e-12
3.78942e-12
4.37821e-12
5.02541e-12
5.73667e-12
6.51814e-12
7.37652e-12
8.31903e-12
9.35346e-12
1.04882e-11
1.17321e-11
1.30946e-11
1.45855e-11
1.6215e-11
1.79934e-11
1.99308e-11
2.20366e-11
2.43196e-11
2.67862e-11
2.94406e-11
3.22825e-11
3.53064e-11
3.84989e-11
4.18369e-11
4.52841e-11
4.8788e-11
5.22769e-11
5.56554e-11
5.8803e-11
6.15715e-11
6.37873e-11
6.52551e-11
6.57686e-11
6.51251e-11
6.31463e-11
5.97019e-11
5.47329e-11
4.82678e-11
4.04272e-11
3.14119e-11
2.14781e-11
1.0908e-11
1.2511e-33
3.43979e-16
2.32561e-13
4.53766e-13
6.64431e-13
8.65058e-13
1.05612e-12
1.23808e-12
1.41136e-12
1.57638e-12
1.73353e-12
1.88319e-12
2.02571e-12
2.16143e-12
2.29068e-12
2.41377e-12
2.53099e-12
2.64261e-12
2.74891e-12
2.85015e-12
2.94655e-12
3.03836e-12
3.12579e-12
3.20905e-12
3.28834e-12
3.36385e-12
3.43575e-12
3.50423e-12
3.56945e-12
3.63155e-12
3.6907e-12
3.74702e-12
3.80066e-12
4.3912e-12
5.04032e-12
5.75369e-12
6.53748e-12
7.39841e-12
8.34371e-12
9.38121e-12
1.05193e-11
1.17669e-11
1.31334e-11
1.46287e-11
1.62631e-11
1.80467e-11
1.99898e-11
2.21019e-11
2.43916e-11
2.68655e-11
2.95276e-11
3.23779e-11
3.54107e-11
3.86125e-11
4.19602e-11
4.54173e-11
4.89314e-11
5.24302e-11
5.58184e-11
5.89749e-11
6.17512e-11
6.39731e-11
6.54451e-11
6.59601e-11
6.53152e-11
6.33314e-11
5.98782e-11
5.48962e-11
4.84138e-11
4.05514e-11
3.15101e-11
2.15463e-11
1.0943e-11
1.08246e-33
3.50712e-16
2.37112e-13
4.62646e-13
6.77434e-13
8.81987e-13
1.07679e-12
1.26231e-12
1.43898e-12
1.60723e-12
1.76746e-12
1.92004e-12
2.06535e-12
2.20373e-12
2.33551e-12
2.461e-12
2.58051e-12
2.69432e-12
2.8027e-12
2.90592e-12
3.00421e-12
3.09781e-12
3.18695e-12
3.27184e-12
3.35268e-12
3.42966e-12
3.50298e-12
3.5728e-12
3.63929e-12
3.70261e-12
3.76291e-12
3.82034e-12
3.87503e-12
4.47711e-12
5.13892e-12
5.86623e-12
6.66533e-12
7.54306e-12
8.50681e-12
9.56453e-12
1.07248e-11
1.19966e-11
1.33897e-11
1.4914e-11
1.658e-11
1.8398e-11
2.03784e-11
2.25309e-11
2.48641e-11
2.73848e-11
3.00968e-11
3.29999e-11
3.60882e-11
3.93477e-11
4.27544e-11
4.6271e-11
4.98435e-11
5.33978e-11
5.68366e-11
6.0036e-11
6.28449e-11
6.5086e-11
6.65609e-11
6.70602e-11
6.63792e-11
6.43386e-11
6.08084e-11
5.57308e-11
4.91364e-11
4.1148e-11
3.1969e-11
2.18583e-11
1.1101e-11
1.92315e-33
3.63155e-16
2.45525e-13
4.7906e-13
7.01468e-13
9.13278e-13
1.11499e-12
1.30709e-12
1.49003e-12
1.66425e-12
1.83016e-12
1.98815e-12
2.13862e-12
2.2819e-12
2.41836e-12
2.5483e-12
2.67205e-12
2.78989e-12
2.90212e-12
3.00899e-12
3.11077e-12
3.20769e-12
3.29999e-12
3.38789e-12
3.47159e-12
3.55131e-12
3.62722e-12
3.69951e-12
3.76836e-12
3.83393e-12
3.89636e-12
3.95583e-12
4.01245e-12
4.63587e-12
5.32112e-12
6.07418e-12
6.90155e-12
7.81031e-12
8.80808e-12
9.90311e-12
1.11042e-11
1.24207e-11
1.38626e-11
1.54403e-11
1.71642e-11
1.90453e-11
2.10939e-11
2.33201e-11
2.57325e-11
2.83378e-11
3.11397e-11
3.41374e-11
3.73241e-11
4.0685e-11
4.4194e-11
4.78116e-11
5.14807e-11
5.51237e-11
5.86385e-11
6.18962e-11
6.47402e-11
6.69877e-11
6.84357e-11
6.88717e-11
6.809e-11
6.59134e-11
6.2217e-11
5.69504e-11
5.01529e-11
4.19555e-11
3.25683e-11
2.22533e-11
1.12968e-11
1.97269e-33
3.79129e-16
2.56323e-13
5.00129e-13
7.32319e-13
9.53444e-13
1.16403e-12
1.36458e-12
1.55556e-12
1.73744e-12
1.91064e-12
2.07559e-12
2.23267e-12
2.38225e-12
2.5247e-12
2.66036e-12
2.78955e-12
2.91257e-12
3.02973e-12
3.1413e-12
3.24755e-12
3.34873e-12
3.44509e-12
3.53685e-12
3.62423e-12
3.70745e-12
3.7867e-12
3.86217e-12
3.93404e-12
4.00248e-12
4.06766e-12
4.12974e-12
4.18885e-12
4.83965e-12
5.55498e-12
6.34107e-12
7.20471e-12
8.15327e-12
9.19469e-12
1.03375e-11
1.1591e-11
1.29648e-11
1.44692e-11
1.6115e-11
1.79132e-11
1.98748e-11
2.20106e-11
2.43307e-11
2.68438e-11
2.95566e-11
3.24722e-11
3.55892e-11
3.88998e-11
4.2387e-11
4.60228e-11
4.97641e-11
5.35499e-11
5.72973e-11
6.08982e-11
6.42169e-11
6.70896e-11
6.93269e-11
7.072e-11
7.10534e-11
7.01218e-11
6.77526e-11
6.38297e-11
5.83151e-11
5.12615e-11
4.28125e-11
3.31871e-11
2.26515e-11
1.14908e-11
1.82326e-33
3.97737e-16
2.68902e-13
5.24672e-13
7.68256e-13
1.00023e-12
1.22115e-12
1.43154e-12
1.63189e-12
1.82269e-12
2.0044e-12
2.17743e-12
2.34222e-12
2.49914e-12
2.64858e-12
2.79089e-12
2.92641e-12
3.05547e-12
3.17838e-12
3.29542e-12
3.40687e-12
3.51302e-12
3.6141e-12
3.71036e-12
3.80202e-12
3.88932e-12
3.97246e-12
4.05162e-12
4.12702e-12
4.19882e-12
4.2672e-12
4.33231e-12
4.39432e-12
5.07701e-12
5.82736e-12
6.65193e-12
7.5578e-12
8.55269e-12
9.64492e-12
1.08434e-11
1.21578e-11
1.35983e-11
1.51754e-11
1.69005e-11
1.87849e-11
2.084e-11
2.30769e-11
2.55059e-11
2.81356e-11
3.09726e-11
3.40195e-11
3.7274e-11
4.07265e-11
4.43583e-11
4.81381e-11
5.2019e-11
5.59348e-11
5.97967e-11
6.34891e-11
6.68683e-11
6.97624e-11
7.1974e-11
7.32885e-11
7.34876e-11
7.23675e-11
6.97626e-11
6.55687e-11
5.97637e-11
5.24175e-11
4.36889e-11
3.38074e-11
2.30434e-11
1.16791e-11
1.68382e-33
4.18279e-16
2.82788e-13
5.51766e-13
8.07928e-13
1.05188e-12
1.28421e-12
1.50546e-12
1.71616e-12
1.91681e-12
2.10789e-12
2.28986e-12
2.46315e-12
2.62818e-12
2.78533e-12
2.93498e-12
3.0775e-12
3.21322e-12
3.34247e-12
3.46555e-12
3.58276e-12
3.69437e-12
3.80067e-12
3.90189e-12
3.99829e-12
4.09009e-12
4.17751e-12
4.26077e-12
4.34005e-12
4.41555e-12
4.48746e-12
4.55593e-12
4.62114e-12
5.33902e-12
6.12804e-12
6.99506e-12
7.94754e-12
8.99357e-12
1.01419e-11
1.14018e-11
1.27834e-11
1.42973e-11
1.59547e-11
1.77671e-11
1.97465e-11
2.19045e-11
2.42527e-11
2.68014e-11
2.95593e-11
3.25326e-11
3.57233e-11
3.91279e-11
4.27353e-11
4.65241e-11
5.04596e-11
5.44905e-11
5.85448e-11
6.25266e-11
6.63123e-11
6.97493e-11
7.26563e-11
7.4828e-11
7.60437e-11
7.60826e-11
7.4744e-11
7.18709e-11
6.7374e-11
6.12495e-11
5.3587e-11
4.45622e-11
3.44159e-11
2.34222e-11
1.1859e-11
1.55356e-33
4.40193e-16
2.97601e-13
5.80669e-13
8.5025e-13
1.10698e-12
1.35148e-12
1.58431e-12
1.80605e-12
2.01721e-12
2.2183e-12
2.4098e-12
2.59216e-12
2.76583e-12
2.93121e-12
3.0887e-12
3.23868e-12
3.3815e-12
3.51751e-12
3.64703e-12
3.77038e-12
3.88784e-12
3.9997e-12
4.10622e-12
4.20766e-12
4.30426e-12
4.39626e-12
4.48387e-12
4.5673e-12
4.64675e-12
4.72242e-12
4.79447e-12
4.86309e-12
5.61852e-12
6.44878e-12
7.36108e-12
8.36327e-12
9.46382e-12
1.06719e-11
1.19973e-11
1.34505e-11
1.50428e-11
1.67856e-11
1.86911e-11
2.07716e-11
2.30392e-11
2.55058e-11
2.81817e-11
3.10757e-11
3.41936e-11
3.75366e-11
4.11e-11
4.48708e-11
4.88247e-11
5.29233e-11
5.71103e-11
6.13075e-11
6.54112e-11
6.92892e-11
7.27793e-11
7.56907e-11
7.78094e-11
7.89089e-11
7.87668e-11
7.71865e-11
7.40218e-11
6.91997e-11
6.27371e-11
5.47445e-11
4.54158e-11
3.50029e-11
2.37832e-11
1.20289e-11
1.43186e-33
4.63017e-16
3.1303e-13
6.10773e-13
8.94329e-13
1.16437e-12
1.42154e-12
1.66645e-12
1.89967e-12
2.12178e-12
2.33329e-12
2.53471e-12
2.72653e-12
2.90919e-12
3.08314e-12
3.2488e-12
3.40654e-12
3.55677e-12
3.69982e-12
3.83606e-12
3.96579e-12
4.08933e-12
4.20698e-12
4.31902e-12
4.42572e-12
4.52732e-12
4.62409e-12
4.71623e-12
4.80398e-12
4.88755e-12
4.96713e-12
5.04292e-12
5.11509e-12
5.90961e-12
6.78281e-12
7.74228e-12
8.79622e-12
9.95354e-12
1.12238e-11
1.26174e-11
1.41452e-11
1.58189e-11
1.76507e-11
1.9653e-11
2.18386e-11
2.42202e-11
2.68096e-11
2.96177e-11
3.26529e-11
3.59205e-11
3.94212e-11
4.31487e-11
4.70878e-11
5.12114e-11
5.5477e-11
5.98228e-11
6.41641e-11
6.83892e-11
7.23566e-11
7.5894e-11
7.8801e-11
8.08549e-11
8.18237e-11
8.14842e-11
7.96451e-11
7.61723e-11
7.10111e-11
6.42e-11
5.58718e-11
4.62382e-11
3.55622e-11
2.41234e-11
1.21876e-11
1.31826e-33
4.86368e-16
3.28814e-13
6.4157e-13
9.39423e-13
1.22308e-12
1.49321e-12
1.75047e-12
1.99546e-12
2.22876e-12
2.45093e-12
2.66251e-12
2.86399e-12
3.05586e-12
3.23858e-12
3.41258e-12
3.57828e-12
3.73607e-12
3.88633e-12
4.02943e-12
4.1657e-12
4.29547e-12
4.41904e-12
4.53673e-12
4.6488e-12
4.75552e-12
4.85715e-12
4.95394e-12
5.04611e-12
5.13388e-12
5.21747e-12
5.29707e-12
5.37288e-12
6.20739e-12
7.12453e-12
8.13222e-12
9.2391e-12
1.04545e-11
1.17884e-11
1.32517e-11
1.48558e-11
1.66127e-11
1.85353e-11
2.06366e-11
2.29296e-11
2.54275e-11
2.81424e-11
3.10852e-11
3.42642e-11
3.76844e-11
4.13453e-11
4.52393e-11
4.9349e-11
5.3644e-11
5.80776e-11
6.25824e-11
6.70668e-11
7.14105e-11
7.54628e-11
7.90412e-11
8.19352e-11
8.39139e-11
8.47402e-11
8.41909e-11
8.20811e-11
7.829e-11
7.27823e-11
6.56194e-11
5.69559e-11
4.70215e-11
3.60896e-11
2.44412e-11
1.23348e-11
1.21236e-33
5.09921e-16
3.44735e-13
6.72635e-13
9.8491e-13
1.2823e-12
1.56551e-12
1.83522e-12
2.09207e-12
2.33667e-12
2.5696e-12
2.79141e-12
3.00265e-12
3.20381e-12
3.39537e-12
3.57779e-12
3.7515e-12
3.91693e-12
4.07446e-12
4.22448e-12
4.36734e-12
4.50339e-12
4.63295e-12
4.75632e-12
4.87381e-12
4.9857e-12
5.09225e-12
5.19371e-12
5.29034e-12
5.38236e-12
5.46999e-12
5.55344e-12
5.63291e-12
6.50776e-12
7.4692e-12
8.52554e-12
9.68581e-12
1.09597e-11
1.23579e-11
1.38914e-11
1.55723e-11
1.74133e-11
1.94274e-11
2.16283e-11
2.40295e-11
2.66445e-11
2.94857e-11
3.25639e-11
3.58875e-11
3.94608e-11
4.32825e-11
4.73433e-11
5.16234e-11
5.60893e-11
6.06896e-11
6.53514e-11
6.99759e-11
7.44343e-11
7.85661e-11
8.21787e-11
8.50518e-11
8.69465e-11
8.7621e-11
8.6853e-11
8.4465e-11
8.03507e-11
7.44948e-11
6.69817e-11
5.79882e-11
4.7761e-11
3.6583e-11
2.4736e-11
1.24705e-11
1.1138e-33
5.33409e-16
3.60612e-13
7.03612e-13
1.03027e-12
1.34135e-12
1.63761e-12
1.91974e-12
2.18841e-12
2.44427e-12
2.68792e-12
2.91995e-12
3.14091e-12
3.35133e-12
3.55171e-12
3.74252e-12
3.92423e-12
4.09728e-12
4.26206e-12
4.41898e-12
4.56842e-12
4.71072e-12
4.84624e-12
4.97529e-12
5.09819e-12
5.21522e-12
5.32667e-12
5.4328e-12
5.53387e-12
5.63012e-12
5.72178e-12
5.80907e-12
5.8922e-12
6.80727e-12
7.81288e-12
8.91772e-12
1.01312e-11
1.14635e-11
1.29256e-11
1.45292e-11
1.62867e-11
1.82113e-11
2.03167e-11
2.26168e-11
2.51258e-11
2.78573e-11
3.08241e-11
3.40371e-11
3.75043e-11
4.12297e-11
4.52107e-11
4.94367e-11
5.38853e-11
5.85195e-11
6.32837e-11
6.80989e-11
7.28591e-11
7.7427e-11
8.16325e-11
8.52727e-11
8.81178e-11
8.9921e-11
9.0437e-11
8.94446e-11
8.6775e-11
8.23368e-11
7.61354e-11
6.82782e-11
5.89634e-11
4.84541e-11
3.70418e-11
2.50079e-11
1.25948e-11
1.02224e-33
5.56604e-16
3.76291e-13
7.34205e-13
1.07506e-12
1.39967e-12
1.70881e-12
2.0032e-12
2.28356e-12
2.55054e-12
2.80478e-12
3.04689e-12
3.27746e-12
3.49702e-12
3.7061e-12
3.90521e-12
4.09482e-12
4.27538e-12
4.44732e-12
4.61106e-12
4.76699e-12
4.91548e-12
5.05688e-12
5.19153e-12
5.31977e-12
5.44188e-12
5.55817e-12
5.66891e-12
5.77437e-12
5.8748e-12
5.97044e-12
6.06152e-12
6.14826e-12
7.10304e-12
8.15228e-12
9.30501e-12
1.0571e-11
1.1961e-11
1.34862e-11
1.51589e-11
1.6992e-11
1.89992e-11
2.11946e-11
2.35927e-11
2.62079e-11
2.90543e-11
3.21449e-11
3.54906e-11
3.90993e-11
4.29742e-11
4.71118e-11
5.14998e-11
5.61133e-11
6.09121e-11
6.58357e-11
7.07995e-11
7.56902e-11
8.03619e-11
8.46348e-11
8.82963e-11
9.11069e-11
9.28131e-11
9.31658e-11
9.19465e-11
8.89951e-11
8.4236e-11
7.76955e-11
6.95034e-11
5.98788e-11
4.91001e-11
3.74661e-11
2.52576e-11
1.27083e-11
9.37349e-34
5.79323e-16
3.91647e-13
7.64167e-13
1.11894e-12
1.45679e-12
1.77854e-12
2.08495e-12
2.37674e-12
2.65461e-12
2.91923e-12
3.17122e-12
3.41119e-12
3.63971e-12
3.85732e-12
4.06455e-12
4.26189e-12
4.44981e-12
4.62877e-12
4.79918e-12
4.96147e-12
5.11601e-12
5.26318e-12
5.40332e-12
5.53678e-12
5.66387e-12
5.7849e-12
5.90016e-12
6.00992e-12
6.11444e-12
6.21398e-12
6.30877e-12
6.39904e-12
7.39272e-12
8.48467e-12
9.6843e-12
1.10018e-11
1.24482e-11
1.40352e-11
1.57756e-11
1.76828e-11
1.97707e-11
2.20542e-11
2.45481e-11
2.72672e-11
3.0226e-11
3.34376e-11
3.6913e-11
4.06598e-11
4.46805e-11
4.89708e-11
5.35165e-11
5.82903e-11
6.32485e-11
6.83262e-11
7.34329e-11
7.8448e-11
8.32173e-11
8.75515e-11
9.12283e-11
9.39993e-11
9.56041e-11
9.57912e-11
9.43447e-11
9.11143e-11
8.60404e-11
7.91698e-11
7.06546e-11
6.07336e-11
4.96992e-11
3.78569e-11
2.54861e-11
1.28116e-11
8.58776e-34
6.01413e-16
4.06579e-13
7.93301e-13
1.16159e-12
1.51233e-12
1.84635e-12
2.16443e-12
2.46735e-12
2.75581e-12
3.03051e-12
3.29211e-12
3.54122e-12
3.77845e-12
4.00435e-12
4.21948e-12
4.42434e-12
4.61942e-12
4.80519e-12
4.9821e-12
5.15057e-12
5.31099e-12
5.46376e-12
5.60925e-12
5.74779e-12
5.87972e-12
6.00536e-12
6.125e-12
6.23894e-12
6.34744e-12
6.45077e-12
6.54917e-12
6.64288e-12
7.67437e-12
8.80786e-12
1.00531e-11
1.14206e-11
1.29218e-11
1.4569e-11
1.63752e-11
1.83542e-11
2.05208e-11
2.28898e-11
2.54768e-11
2.82969e-11
3.13648e-11
3.46938e-11
3.8295e-11
4.21756e-11
4.63377e-11
5.07758e-11
5.54739e-11
6.04024e-11
6.55142e-11
7.07398e-11
7.5983e-11
8.11161e-11
8.59766e-11
9.03661e-11
9.40527e-11
9.67798e-11
9.82805e-11
9.83013e-11
9.66298e-11
9.31256e-11
8.77453e-11
8.0556e-11
7.17312e-11
6.15283e-11
5.02527e-11
3.82157e-11
2.56945e-11
1.29054e-11
7.86177e-34
6.22755e-16
4.21005e-13
8.21449e-13
1.20281e-12
1.56599e-12
1.91186e-12
2.24123e-12
2.55489e-12
2.85359e-12
3.13803e-12
3.40891e-12
3.66685e-12
3.91249e-12
4.14641e-12
4.36916e-12
4.58129e-12
4.78328e-12
4.97564e-12
5.15882e-12
5.33326e-12
5.49938e-12
5.65756e-12
5.8082e-12
5.95166e-12
6.08826e-12
6.21835e-12
6.34224e-12
6.46021e-12
6.57256e-12
6.67955e-12
6.78143e-12
6.87846e-12
7.94649e-12
9.1201e-12
1.04094e-11
1.18252e-11
1.33794e-11
1.50846e-11
1.69544e-11
1.90029e-11
2.12453e-11
2.3697e-11
2.63737e-11
2.92912e-11
3.24644e-11
3.59068e-11
3.96292e-11
4.36389e-11
4.79371e-11
5.25173e-11
5.73618e-11
6.24388e-11
6.76976e-11
7.30644e-11
7.84373e-11
8.36817e-11
8.8627e-11
9.3066e-11
9.67578e-11
9.94375e-11
1.00833e-10
1.00688e-10
9.87958e-11
9.5025e-11
8.93486e-11
8.18537e-11
7.27339e-11
6.22645e-11
5.07626e-11
3.85442e-11
2.58842e-11
1.29903e-11
7.19208e-34
6.43259e-16
4.34864e-13
8.4849e-13
1.2424e-12
1.61754e-12
1.97479e-12
2.315e-12
2.63899e-12
2.94751e-12
3.24132e-12
3.52111e-12
3.78755e-12
4.04127e-12
4.28288e-12
4.51296e-12
4.73206e-12
4.94071e-12
5.13939e-12
5.3286e-12
5.50877e-12
5.68035e-12
5.84374e-12
5.99933e-12
6.1475e-12
6.2886e-12
6.42297e-12
6.55093e-12
6.67278e-12
6.78882e-12
6.89933e-12
7.00456e-12
7.10478e-12
8.2079e-12
9.42005e-12
1.07516e-11
1.22139e-11
1.3819e-11
1.558e-11
1.75107e-11
1.9626e-11
2.19412e-11
2.44722e-11
2.72352e-11
3.02462e-11
3.35204e-11
3.70714e-11
4.09101e-11
4.50434e-11
4.9472e-11
5.41882e-11
5.91728e-11
6.43914e-11
6.97902e-11
7.52911e-11
8.07867e-11
8.61356e-11
9.11596e-11
9.56427e-11
9.93354e-11
1.01965e-10
1.03255e-10
1.02948e-10
1.0084e-10
9.68111e-11
9.08504e-11
8.30639e-11
7.36648e-11
6.29445e-11
5.1231e-11
3.88443e-11
2.60566e-11
1.30672e-11
6.57523e-34
6.62857e-16
4.48111e-13
8.74336e-13
1.28025e-12
1.66681e-12
2.03494e-12
2.38552e-12
2.71937e-12
3.03729e-12
3.34005e-12
3.62836e-12
3.9029e-12
4.16435e-12
4.41332e-12
4.65041e-12
4.87618e-12
5.09117e-12
5.29591e-12
5.49087e-12
5.67653e-12
5.85333e-12
6.02169e-12
6.18202e-12
6.33469e-12
6.48009e-12
6.61854e-12
6.75039e-12
6.87595e-12
6.99552e-12
7.10939e-12
7.21782e-12
7.32109e-12
8.45776e-12
9.70674e-12
1.10788e-11
1.25854e-11
1.42391e-11
1.60534e-11
1.80424e-11
2.02214e-11
2.26062e-11
2.5213e-11
2.80584e-11
3.11587e-11
3.45293e-11
3.8184e-11
4.21337e-11
4.63849e-11
5.09377e-11
5.57834e-11
6.09012e-11
6.62544e-11
7.17861e-11
7.74138e-11
8.30249e-11
8.84716e-11
9.35681e-11
9.80902e-11
1.0178e-10
1.04359e-10
1.05544e-10
1.05078e-10
1.02761e-10
9.84844e-11
9.22522e-11
8.4189e-11
7.45264e-11
6.3571e-11
5.16605e-11
3.9118e-11
2.62131e-11
1.31367e-11
6.00782e-34
6.81503e-16
4.60714e-13
8.98927e-13
1.31626e-12
1.71369e-12
2.09218e-12
2.45261e-12
2.79585e-12
3.12271e-12
3.43398e-12
3.73039e-12
4.01266e-12
4.28146e-12
4.53743e-12
4.78118e-12
5.01329e-12
5.23433e-12
5.44482e-12
5.64526e-12
5.83614e-12
6.0179e-12
6.191e-12
6.35583e-12
6.51279e-12
6.66227e-12
6.80462e-12
6.94017e-12
7.06926e-12
7.19219e-12
7.30925e-12
7.42073e-12
7.52689e-12
8.69547e-12
9.9795e-12
1.139e-11
1.29388e-11
1.46388e-11
1.65038e-11
1.85483e-11
2.07879e-11
2.32388e-11
2.59177e-11
2.88414e-11
3.20266e-11
3.54889e-11
3.92421e-11
4.32972e-11
4.76603e-11
5.2331e-11
5.72995e-11
6.25435e-11
6.80241e-11
7.36811e-11
7.94283e-11
8.51479e-11
9.06857e-11
9.5849e-11
1.00406e-10
1.0409e-10
1.06617e-10
1.07699e-10
1.07078e-10
1.0456e-10
1.00047e-10
9.35568e-11
8.52322e-11
7.5322e-11
6.4147e-11
5.20535e-11
3.93673e-11
2.63549e-11
1.31994e-11
5.48653e-34
6.99171e-16
4.72656e-13
9.22228e-13
1.35037e-12
1.75811e-12
2.1464e-12
2.51618e-12
2.86831e-12
3.20365e-12
3.52298e-12
3.82708e-12
4.11666e-12
4.39242e-12
4.65502e-12
4.90508e-12
5.14321e-12
5.36997e-12
5.58591e-12
5.79155e-12
5.98737e-12
6.17384e-12
6.35141e-12
6.52052e-12
6.68155e-12
6.83489e-12
6.98092e-12
7.11999e-12
7.25241e-12
7.37852e-12
7.49862e-12
7.61299e-12
7.7219e-12
8.92071e-12
1.02379e-11
1.16849e-11
1.32737e-11
1.50175e-11
1.69305e-11
1.90276e-11
2.13246e-11
2.38382e-11
2.65853e-11
2.95832e-11
3.28487e-11
3.63977e-11
4.02442e-11
4.4399e-11
4.8868e-11
5.36501e-11
5.87346e-11
6.40977e-11
6.96984e-11
7.54734e-11
8.13328e-11
8.71537e-11
9.27764e-11
9.80009e-11
1.02588e-10
1.06265e-10
1.08739e-10
1.0972e-10
1.08951e-10
1.06241e-10
1.01502e-10
9.47677e-11
8.61971e-11
7.60552e-11
6.46757e-11
5.24128e-11
3.95942e-11
2.64834e-11
1.3256e-11
3.93787e-34
7.08305e-16
4.7883e-13
9.34274e-13
1.36801e-12
1.78108e-12
2.17444e-12
2.54904e-12
2.90578e-12
3.24549e-12
3.56899e-12
3.87706e-12
4.17042e-12
4.44978e-12
4.71581e-12
4.96914e-12
5.21038e-12
5.4401e-12
5.65886e-12
5.86718e-12
6.06555e-12
6.25446e-12
6.43435e-12
6.60566e-12
6.76879e-12
6.92414e-12
7.07207e-12
7.21295e-12
7.34711e-12
7.47486e-12
7.59652e-12
7.71238e-12
7.82271e-12
9.03716e-12
1.03716e-11
1.18373e-11
1.34468e-11
1.52133e-11
1.71511e-11
1.92753e-11
2.16021e-11
2.4148e-11
2.69304e-11
2.99666e-11
3.32737e-11
3.68675e-11
4.07622e-11
4.49684e-11
4.9492e-11
5.43317e-11
5.94761e-11
6.49006e-11
7.0563e-11
7.63988e-11
8.23158e-11
8.81887e-11
9.38545e-11
9.911e-11
1.03712e-10
1.07384e-10
1.0983e-10
1.10758e-10
1.0991e-10
1.071e-10
1.02245e-10
9.53844e-11
8.66872e-11
7.64267e-11
6.49428e-11
5.25937e-11
3.97081e-11
2.65477e-11
1.32843e-11
-2.38671e-34
7.15194e-16
4.83487e-13
9.4336e-13
1.38132e-12
1.79839e-12
2.19558e-12
2.57383e-12
2.93403e-12
3.27705e-12
3.6037e-12
3.91476e-12
4.21097e-12
4.49305e-12
4.76166e-12
5.01745e-12
5.26103e-12
5.49299e-12
5.71387e-12
5.92422e-12
6.12452e-12
6.31526e-12
6.4969e-12
6.66987e-12
6.83459e-12
6.99144e-12
7.14082e-12
7.28306e-12
7.41852e-12
7.54752e-12
7.67036e-12
7.78734e-12
7.89874e-12
9.12498e-12
1.04723e-11
1.19523e-11
1.35774e-11
1.5361e-11
1.73174e-11
1.94622e-11
2.18113e-11
2.43817e-11
2.71906e-11
3.02557e-11
3.35941e-11
3.72217e-11
4.11527e-11
4.53977e-11
4.99625e-11
5.48454e-11
6.00348e-11
6.55055e-11
7.12144e-11
7.70958e-11
8.30559e-11
8.89676e-11
9.46656e-11
9.99437e-11
1.04556e-10
1.08223e-10
1.10647e-10
1.11534e-10
1.10627e-10
1.07741e-10
1.02796e-10
9.58408e-11
8.70482e-11
7.66986e-11
6.51368e-11
5.27239e-11
3.97891e-11
2.65929e-11
1.3304e-11
-1.12387e-33
7.25478e-16
4.90438e-13
9.56922e-13
1.40118e-12
1.82425e-12
2.22715e-12
2.61083e-12
2.97621e-12
3.32416e-12
3.6555e-12
3.97103e-12
4.2715e-12
4.55763e-12
4.83011e-12
5.08957e-12
5.33665e-12
5.57194e-12
5.796e-12
6.00936e-12
6.21254e-12
6.40602e-12
6.59027e-12
6.76573e-12
6.93281e-12
7.09192e-12
7.24343e-12
7.38772e-12
7.52512e-12
7.65597e-12
7.78058e-12
7.89924e-12
8.01224e-12
9.25607e-12
1.06227e-11
1.21239e-11
1.37722e-11
1.55813e-11
1.75658e-11
1.9741e-11
2.21235e-11
2.47303e-11
2.7579e-11
3.06872e-11
3.40721e-11
3.77501e-11
4.17351e-11
4.60379e-11
5.06638e-11
5.5611e-11
6.08672e-11
6.64062e-11
7.21837e-11
7.81321e-11
8.41553e-11
9.01233e-11
9.58671e-11
1.01177e-10
1.05802e-10
1.09458e-10
1.11845e-10
1.12667e-10
1.11666e-10
1.08661e-10
1.03581e-10
9.64804e-11
8.75447e-11
7.70633e-11
6.53886e-11
5.28854e-11
3.98841e-11
2.66423e-11
1.33241e-11
-1.43879e-33
7.30461e-16
4.93806e-13
9.63493e-13
1.4108e-12
1.83678e-12
2.24244e-12
2.62876e-12
2.99665e-12
3.34698e-12
3.6806e-12
3.9983e-12
4.30083e-12
4.58892e-12
4.86327e-12
5.12451e-12
5.37329e-12
5.61019e-12
5.83579e-12
6.05061e-12
6.25519e-12
6.45e-12
6.63551e-12
6.81216e-12
6.98039e-12
7.14059e-12
7.29315e-12
7.43842e-12
7.57677e-12
7.70852e-12
7.83398e-12
7.95345e-12
8.06723e-12
9.31958e-12
1.06956e-11
1.22071e-11
1.38666e-11
1.56881e-11
1.7686e-11
1.98761e-11
2.22747e-11
2.48991e-11
2.77669e-11
3.08959e-11
3.43033e-11
3.80055e-11
4.20165e-11
4.63469e-11
5.10021e-11
5.598e-11
6.12678e-11
6.6839e-11
7.26485e-11
7.86279e-11
8.46797e-11
9.06725e-11
9.64355e-11
1.01756e-10
1.06383e-10
1.10029e-10
1.12391e-10
1.13174e-10
1.12121e-10
1.09053e-10
1.03901e-10
9.67264e-11
8.77201e-11
7.71764e-11
6.54517e-11
5.29127e-11
3.98895e-11
2.66381e-11
1.33194e-11
-1.30767e-33
7.31343e-16
4.94402e-13
9.64656e-13
1.4125e-12
1.83899e-12
2.24515e-12
2.63193e-12
3.00026e-12
3.35102e-12
3.68504e-12
4.00312e-12
4.30602e-12
4.59446e-12
4.86913e-12
5.1307e-12
5.37977e-12
5.61696e-12
5.84283e-12
6.05791e-12
6.26273e-12
6.45777e-12
6.64351e-12
6.82038e-12
6.98881e-12
7.1492e-12
7.30194e-12
7.44739e-12
7.5859e-12
7.71781e-12
7.84342e-12
7.96304e-12
8.07695e-12
9.33081e-12
1.07085e-11
1.22217e-11
1.38833e-11
1.57069e-11
1.77072e-11
1.98999e-11
2.23013e-11
2.49287e-11
2.77998e-11
3.09323e-11
3.43436e-11
3.80498e-11
4.20651e-11
4.63999e-11
5.10597e-11
5.60422e-11
6.13346e-11
6.69102e-11
7.27236e-11
7.87061e-11
8.476e-11
9.07533e-11
9.65149e-11
1.01832e-10
1.06451e-10
1.10087e-10
1.12436e-10
1.13202e-10
1.12128e-10
1.09039e-10
1.03865e-10
9.66716e-11
8.76505e-11
7.70982e-11
6.53718e-11
5.28384e-11
3.98274e-11
2.65936e-11
1.32961e-11
-1.18691e-33
7.2912e-16
4.92899e-13
9.61725e-13
1.40821e-12
1.8334e-12
2.23833e-12
2.62393e-12
2.99115e-12
3.34084e-12
3.67384e-12
3.99095e-12
4.29293e-12
4.5805e-12
4.85433e-12
5.1151e-12
5.36342e-12
5.59989e-12
5.82507e-12
6.0395e-12
6.2437e-12
6.43815e-12
6.62332e-12
6.79965e-12
6.96757e-12
7.12747e-12
7.27975e-12
7.42476e-12
7.56285e-12
7.69435e-12
7.81958e-12
7.93884e-12
8.0524e-12
9.30245e-12
1.06759e-11
1.21846e-11
1.38411e-11
1.56592e-11
1.76534e-11
1.98394e-11
2.22335e-11
2.4853e-11
2.77154e-11
3.08384e-11
3.42393e-11
3.79343e-11
4.19374e-11
4.62592e-11
5.09049e-11
5.58723e-11
6.11488e-11
6.67076e-11
7.25036e-11
7.84683e-11
8.45042e-11
9.04799e-11
9.62247e-11
1.01526e-10
1.06133e-10
1.09759e-10
1.12102e-10
1.12867e-10
1.11798e-10
1.08719e-10
1.03562e-10
9.63914e-11
8.7398e-11
7.68774e-11
6.51858e-11
5.26891e-11
3.97157e-11
2.65195e-11
1.32593e-11
-1.07624e-33
7.24605e-16
4.89847e-13
9.5577e-13
1.39949e-12
1.82205e-12
2.22447e-12
2.60769e-12
2.97263e-12
3.32015e-12
3.6511e-12
3.96625e-12
4.26635e-12
4.55214e-12
4.82428e-12
5.08343e-12
5.33022e-12
5.56522e-12
5.78901e-12
6.00211e-12
6.20504e-12
6.39829e-12
6.58232e-12
6.75756e-12
6.92444e-12
7.08335e-12
7.23469e-12
7.3788e-12
7.51603e-12
7.64672e-12
7.77118e-12
7.88969e-12
8.00256e-12
9.24487e-12
1.06099e-11
1.21092e-11
1.37555e-11
1.55623e-11
1.75442e-11
1.97167e-11
2.20962e-11
2.46995e-11
2.75443e-11
3.06482e-11
3.40283e-11
3.77008e-11
4.16797e-11
4.59754e-11
5.05932e-11
5.55312e-11
6.07766e-11
6.63031e-11
7.2066e-11
7.79974e-11
8.40007e-11
8.99453e-11
9.5662e-11
1.0094e-10
1.05529e-10
1.09146e-10
1.11489e-10
1.12265e-10
1.1122e-10
1.08176e-10
1.03064e-10
9.59466e-11
8.70121e-11
7.65531e-11
6.49231e-11
5.24858e-11
3.95684e-11
2.64244e-11
1.32128e-11
-9.75188e-34
7.18453e-16
4.85689e-13
9.47656e-13
1.38761e-12
1.80658e-12
2.20558e-12
2.58555e-12
2.94739e-12
3.29197e-12
3.6201e-12
3.93258e-12
4.23014e-12
4.5135e-12
4.78333e-12
5.04028e-12
5.28497e-12
5.51798e-12
5.73987e-12
5.95117e-12
6.15238e-12
6.34398e-12
6.52645e-12
6.7002e-12
6.86567e-12
7.02323e-12
7.17328e-12
7.31617e-12
7.45224e-12
7.58182e-12
7.70522e-12
7.82273e-12
7.93464e-12
9.16642e-12
1.05198e-11
1.20065e-11
1.36388e-11
1.54304e-11
1.73955e-11
1.95497e-11
2.1909e-11
2.44905e-11
2.73114e-11
3.03892e-11
3.37412e-11
3.73831e-11
4.1329e-11
4.55894e-11
5.01696e-11
5.50676e-11
6.02713e-11
6.57544e-11
7.14731e-11
7.73601e-11
8.33203e-11
8.92243e-11
9.49049e-11
1.00154e-10
1.04722e-10
1.0833e-10
1.10678e-10
1.11475e-10
1.10466e-10
1.07474e-10
1.02428e-10
9.53857e-11
8.65326e-11
7.61564e-11
6.46069e-11
5.22452e-11
3.93968e-11
2.63149e-11
1.31599e-11
-8.83195e-34
7.11184e-16
4.80775e-13
9.38069e-13
1.37357e-12
1.78831e-12
2.18327e-12
2.55939e-12
2.91757e-12
3.25867e-12
3.58348e-12
3.8928e-12
4.18735e-12
4.46784e-12
4.73494e-12
4.9893e-12
5.23151e-12
5.46217e-12
5.68181e-12
5.89097e-12
6.09015e-12
6.27982e-12
6.46044e-12
6.63243e-12
6.79622e-12
6.9522e-12
7.10073e-12
7.24218e-12
7.37687e-12
7.50514e-12
7.6273e-12
7.74362e-12
7.8544e-12
9.07373e-12
1.04135e-11
1.18851e-11
1.3501e-11
1.52745e-11
1.72198e-11
1.93523e-11
2.1688e-11
2.42435e-11
2.70362e-11
3.00834e-11
3.3402e-11
3.70079e-11
4.0915e-11
4.51337e-11
4.96696e-11
5.45207e-11
5.96752e-11
6.51074e-11
7.07742e-11
7.66095e-11
8.25194e-11
8.83764e-11
9.40155e-11
9.92309e-11
1.03777e-10
1.07376e-10
1.09733e-10
1.10556e-10
1.09593e-10
1.06665e-10
1.01698e-10
9.4747e-11
8.59906e-11
7.57119e-11
6.42558e-11
5.19804e-11
3.92096e-11
2.61965e-11
1.31028e-11
-7.99626e-34
7.03206e-16
4.75383e-13
9.27547e-13
1.35816e-12
1.76825e-12
2.15878e-12
2.53069e-12
2.88485e-12
3.22212e-12
3.54329e-12
3.84914e-12
4.14039e-12
4.41773e-12
4.68184e-12
4.93335e-12
5.17285e-12
5.40091e-12
5.6181e-12
5.82491e-12
6.02185e-12
6.2094e-12
6.38799e-12
6.55806e-12
6.72002e-12
6.87425e-12
7.02111e-12
7.16097e-12
7.29416e-12
7.42099e-12
7.54178e-12
7.6568e-12
7.76633e-12
8.97201e-12
1.02968e-11
1.17519e-11
1.33497e-11
1.51034e-11
1.7027e-11
1.91357e-11
2.14454e-11
2.39726e-11
2.67343e-11
2.97478e-11
3.30299e-11
3.65963e-11
4.04608e-11
4.46339e-11
4.91212e-11
5.39209e-11
5.90216e-11
6.43982e-11
7.00083e-11
7.57871e-11
8.16422e-11
8.74483e-11
9.30426e-11
9.82221e-11
1.02745e-10
1.06336e-10
1.08703e-10
1.09556e-10
1.08645e-10
1.05789e-10
1.00911e-10
9.40605e-11
8.54107e-11
7.52386e-11
6.38842e-11
5.17018e-11
3.90136e-11
2.60731e-11
1.30436e-11
-7.23834e-34
6.94838e-16
4.69726e-13
9.1651e-13
1.342e-12
1.74721e-12
2.1331e-12
2.50058e-12
2.85053e-12
3.18378e-12
3.50113e-12
3.80334e-12
4.09112e-12
4.36517e-12
4.62614e-12
4.87465e-12
5.1113e-12
5.33666e-12
5.55126e-12
5.75561e-12
5.95021e-12
6.13553e-12
6.312e-12
6.48005e-12
6.64008e-12
6.79247e-12
6.93759e-12
7.07579e-12
7.20739e-12
7.33272e-12
7.45207e-12
7.56572e-12
7.67395e-12
8.8653e-12
1.01743e-11
1.16122e-11
1.3191e-11
1.49239e-11
1.68248e-11
1.89086e-11
2.11909e-11
2.36883e-11
2.64176e-11
2.93958e-11
3.26396e-11
3.61646e-11
3.99845e-11
4.41098e-11
4.85461e-11
5.3292e-11
5.83363e-11
6.36546e-11
6.92055e-11
7.49253e-11
8.07232e-11
8.64761e-11
9.20238e-11
9.71663e-11
1.01665e-10
1.05248e-10
1.07627e-10
1.08514e-10
1.07658e-10
1.04878e-10
1.00094e-10
9.33496e-11
8.48119e-11
7.47515e-11
6.3503e-11
5.14171e-11
3.88142e-11
2.5948e-11
1.29838e-11
-2.33444e-34
6.8601e-16
4.63759e-13
9.04868e-13
1.32495e-12
1.72501e-12
2.106e-12
2.46881e-12
2.81432e-12
3.14334e-12
3.45666e-12
3.75503e-12
4.03916e-12
4.30973e-12
4.56738e-12
4.81274e-12
5.04638e-12
5.26888e-12
5.48075e-12
5.68251e-12
5.87464e-12
6.05761e-12
6.23184e-12
6.39775e-12
6.55575e-12
6.70621e-12
6.84949e-12
6.98593e-12
7.11587e-12
7.2396e-12
7.35743e-12
7.46964e-12
7.5765e-12
8.75274e-12
1.00451e-11
1.14648e-11
1.30236e-11
1.47346e-11
1.66114e-11
1.86689e-11
2.09225e-11
2.33885e-11
2.60835e-11
2.90245e-11
3.22278e-11
3.57091e-11
3.9482e-11
4.35568e-11
4.79394e-11
5.26285e-11
5.76134e-11
6.28703e-11
6.83586e-11
7.40161e-11
7.97537e-11
8.54505e-11
9.0949e-11
9.60525e-11
1.00526e-10
1.04101e-10
1.06492e-10
1.07414e-10
1.06617e-10
1.03917e-10
9.92325e-11
9.26003e-11
8.41811e-11
7.42388e-11
6.31021e-11
5.1118e-11
3.8605e-11
2.58168e-11
1.29211e-11
2.30688e-34
6.76453e-16
4.57299e-13
8.92263e-13
1.3065e-12
1.70099e-12
2.07666e-12
2.43442e-12
2.77512e-12
3.09956e-12
3.40851e-12
3.70273e-12
3.9829e-12
4.2497e-12
4.50377e-12
4.74571e-12
4.9761e-12
5.1955e-12
5.40442e-12
5.60337e-12
5.79283e-12
5.97325e-12
6.14505e-12
6.30866e-12
6.46446e-12
6.61282e-12
6.75411e-12
6.88865e-12
7.01678e-12
7.13879e-12
7.25498e-12
7.36563e-12
7.47101e-12
8.63087e-12
9.90531e-12
1.13052e-11
1.28424e-11
1.45296e-11
1.63805e-11
1.84095e-11
2.06319e-11
2.30639e-11
2.57219e-11
2.86225e-11
3.17821e-11
3.5216e-11
3.89379e-11
4.29581e-11
4.72825e-11
5.191e-11
5.68304e-11
6.20207e-11
6.74412e-11
7.30311e-11
7.87031e-11
8.43389e-11
8.97838e-11
9.48445e-11
9.92898e-11
1.02856e-10
1.05259e-10
1.06218e-10
1.05484e-10
1.02871e-10
9.82933e-11
9.17825e-11
8.34918e-11
7.36778e-11
6.26631e-11
5.07901e-11
3.83754e-11
2.56728e-11
1.28522e-11
2.52423e-34
6.66123e-16
4.50316e-13
8.78639e-13
1.28655e-12
1.67501e-12
2.04496e-12
2.39725e-12
2.73275e-12
3.05223e-12
3.35647e-12
3.64619e-12
3.92209e-12
4.18482e-12
4.43501e-12
4.67326e-12
4.90013e-12
5.11618e-12
5.32191e-12
5.51783e-12
5.7044e-12
5.88206e-12
6.05124e-12
6.21235e-12
6.36578e-12
6.51188e-12
6.65101e-12
6.7835e-12
6.90967e-12
7.02982e-12
7.14424e-12
7.25321e-12
7.35697e-12
8.49915e-12
9.75417e-12
1.11328e-11
1.26466e-11
1.43081e-11
1.61308e-11
1.8129e-11
2.03178e-11
2.2713e-11
2.53309e-11
2.81879e-11
3.13001e-11
3.46829e-11
3.83497e-11
4.23108e-11
4.65721e-11
5.11331e-11
5.59838e-11
6.11019e-11
6.64488e-11
7.19654e-11
7.75663e-11
8.31357e-11
8.85221e-11
9.35362e-11
9.79504e-11
1.01505e-10
1.03921e-10
1.0492e-10
1.04252e-10
1.01733e-10
9.72704e-11
9.08906e-11
8.27392e-11
7.30646e-11
6.21826e-11
5.04309e-11
3.81235e-11
2.55147e-11
1.27765e-11
2.76053e-34
6.54976e-16
4.42781e-13
8.63937e-13
1.26502e-12
1.64699e-12
2.01074e-12
2.35714e-12
2.68702e-12
3.00116e-12
3.30031e-12
3.58519e-12
3.85647e-12
4.1148e-12
4.36081e-12
4.59507e-12
4.81815e-12
5.03059e-12
5.23288e-12
5.42552e-12
5.60897e-12
5.78366e-12
5.95002e-12
6.10843e-12
6.25929e-12
6.40295e-12
6.53975e-12
6.67003e-12
6.79409e-12
6.91224e-12
7.02474e-12
7.13188e-12
7.23392e-12
8.35701e-12
9.59106e-12
1.09466e-11
1.24352e-11
1.4069e-11
1.58614e-11
1.78263e-11
1.99788e-11
2.23343e-11
2.49089e-11
2.77188e-11
3.078e-11
3.41076e-11
3.77148e-11
4.1612e-11
4.58054e-11
5.02944e-11
5.50696e-11
6.01097e-11
6.53771e-11
7.08143e-11
7.63381e-11
8.18354e-11
8.71583e-11
9.21212e-11
9.65012e-11
1.00043e-10
1.02472e-10
1.03512e-10
1.02916e-10
1.00496e-10
9.61573e-11
8.99189e-11
8.1918e-11
7.23946e-11
6.16569e-11
5.00373e-11
3.78474e-11
2.53412e-11
1.26934e-11
1.69644e-34
6.5301e-16
4.41453e-13
8.61345e-13
1.26123e-12
1.64205e-12
2.00471e-12
2.35007e-12
2.67896e-12
2.99216e-12
3.29041e-12
3.57443e-12
3.8449e-12
4.10246e-12
4.34772e-12
4.58128e-12
4.8037e-12
5.01549e-12
5.21718e-12
5.40924e-12
5.59214e-12
5.76631e-12
5.93216e-12
6.09011e-12
6.24051e-12
6.38374e-12
6.52013e-12
6.65002e-12
6.77371e-12
6.8915e-12
7.00367e-12
7.11049e-12
7.21221e-12
8.33194e-12
9.5623e-12
1.09138e-11
1.23979e-11
1.40269e-11
1.58139e-11
1.7773e-11
1.9919e-11
2.22675e-11
2.48345e-11
2.76361e-11
3.06883e-11
3.40061e-11
3.76028e-11
4.14888e-11
4.56701e-11
5.01464e-11
5.49084e-11
5.99346e-11
6.5188e-11
7.06112e-11
7.61214e-11
8.16059e-11
8.69175e-11
9.18713e-11
9.62452e-11
9.97849e-11
1.02216e-10
1.03263e-10
1.02679e-10
1.00277e-10
9.596e-11
8.97465e-11
8.17722e-11
7.22755e-11
6.15634e-11
4.99672e-11
3.77982e-11
2.53103e-11
1.26786e-11
1.5764e-34
6.42969e-16
4.34666e-13
8.48102e-13
1.24184e-12
1.6168e-12
1.97389e-12
2.31394e-12
2.63777e-12
2.94616e-12
3.23983e-12
3.51948e-12
3.78579e-12
4.03939e-12
4.28089e-12
4.51086e-12
4.72986e-12
4.9384e-12
5.13699e-12
5.3261e-12
5.50618e-12
5.67768e-12
5.84098e-12
5.9965e-12
6.14459e-12
6.28562e-12
6.41992e-12
6.54781e-12
6.6696e-12
6.78558e-12
6.89603e-12
7.00121e-12
7.10137e-12
8.20391e-12
9.41538e-12
1.07462e-11
1.22075e-11
1.38115e-11
1.55712e-11
1.75003e-11
1.96136e-11
2.19264e-11
2.44544e-11
2.72136e-11
3.02197e-11
3.34877e-11
3.70308e-11
4.08592e-11
4.49792e-11
4.93906e-11
5.40845e-11
5.90403e-11
6.42218e-11
6.95731e-11
7.50135e-11
8.04327e-11
8.56864e-11
9.05935e-11
9.49357e-11
9.84629e-11
1.00904e-10
1.01988e-10
1.01467e-10
9.91532e-11
9.49475e-11
8.88612e-11
8.10229e-11
7.16631e-11
6.10821e-11
4.96064e-11
3.75447e-11
2.51508e-11
1.26022e-11
3.03955e-34
6.30063e-16
4.25942e-13
8.3108e-13
1.21691e-12
1.58435e-12
1.93427e-12
2.2675e-12
2.58483e-12
2.88703e-12
3.17481e-12
3.44885e-12
3.70982e-12
3.95833e-12
4.19498e-12
4.42034e-12
4.63494e-12
4.8393e-12
5.03391e-12
5.21922e-12
5.3957e-12
5.56375e-12
5.72378e-12
5.87618e-12
6.0213e-12
6.1595e-12
6.29111e-12
6.41644e-12
6.53578e-12
6.64944e-12
6.75767e-12
6.86074e-12
6.9589e-12
8.03933e-12
9.22653e-12
1.05307e-11
1.19628e-11
1.35347e-11
1.52592e-11
1.71499e-11
1.92211e-11
2.14879e-11
2.39657e-11
2.66704e-11
2.96174e-11
3.28213e-11
3.62953e-11
4.00497e-11
4.40907e-11
4.84185e-11
5.30248e-11
5.78899e-11
6.29788e-11
6.82374e-11
7.35876e-11
7.89222e-11
8.41009e-11
8.89469e-11
9.32474e-11
9.67574e-11
9.92108e-11
1.00339e-10
9.98983e-11
9.76979e-11
9.36342e-11
8.77112e-11
8.0048e-11
7.08651e-11
6.0454e-11
4.9135e-11
3.7213e-11
2.4942e-11
1.2502e-11
3.59641e-34
6.16221e-16
4.16585e-13
8.12824e-13
1.19018e-12
1.54955e-12
1.89178e-12
2.21769e-12
2.52806e-12
2.82361e-12
3.10507e-12
3.3731e-12
3.62833e-12
3.87139e-12
4.10284e-12
4.32325e-12
4.53314e-12
4.73301e-12
4.92334e-12
5.10459e-12
5.27719e-12
5.44156e-12
5.59808e-12
5.74713e-12
5.88907e-12
6.02423e-12
6.15295e-12
6.27553e-12
6.39225e-12
6.50342e-12
6.60927e-12
6.71008e-12
6.80608e-12
7.86281e-12
9.02397e-12
1.02995e-11
1.17002e-11
1.32378e-11
1.49246e-11
1.6774e-11
1.88e-11
2.10175e-11
2.34416e-11
2.60877e-11
2.89712e-11
3.21064e-11
3.55062e-11
3.91811e-11
4.31374e-11
4.73754e-11
5.18875e-11
5.66549e-11
6.16442e-11
6.6803e-11
7.20559e-11
7.72991e-11
8.23963e-11
8.71759e-11
9.14303e-11
9.49202e-11
9.7385e-11
9.85603e-11
9.82032e-11
9.61228e-11
9.22105e-11
8.64624e-11
7.89873e-11
6.99954e-11
5.97684e-11
4.86194e-11
3.68499e-11
2.47131e-11
1.23922e-11
3.92176e-34
6.0141e-16
4.06573e-13
7.93289e-13
1.16158e-12
1.51231e-12
1.84632e-12
2.1644e-12
2.4673e-12
2.75576e-12
3.03045e-12
3.29204e-12
3.54114e-12
3.77836e-12
4.00425e-12
4.21936e-12
4.42421e-12
4.61928e-12
4.80504e-12
4.98194e-12
5.1504e-12
5.31081e-12
5.46357e-12
5.60904e-12
5.74757e-12
5.87949e-12
6.00512e-12
6.12475e-12
6.23868e-12
6.34717e-12
6.45049e-12
6.54888e-12
6.64257e-12
7.67394e-12
8.80724e-12
1.00522e-11
1.14194e-11
1.29201e-11
1.45665e-11
1.63717e-11
1.83495e-11
2.05141e-11
2.28807e-11
2.54642e-11
2.82796e-11
3.13412e-11
3.46617e-11
3.82514e-11
4.21168e-11
4.62586e-11
5.06697e-11
5.53324e-11
6.02145e-11
6.52661e-11
7.04142e-11
7.55587e-11
8.05678e-11
8.52749e-11
8.94785e-11
9.29453e-11
9.54203e-11
9.66436e-11
9.63744e-11
9.44208e-11
9.06694e-11
8.5108e-11
7.78348e-11
6.90485e-11
5.90204e-11
4.8056e-11
3.64524e-11
2.44623e-11
1.22717e-11
4.27255e-34
5.85604e-16
3.95889e-13
7.72443e-13
1.13105e-12
1.47257e-12
1.7978e-12
2.10752e-12
2.40247e-12
2.68334e-12
2.95082e-12
3.20553e-12
3.44809e-12
3.67908e-12
3.89904e-12
4.1085e-12
4.30797e-12
4.49791e-12
4.6788e-12
4.85105e-12
5.01508e-12
5.17128e-12
5.32003e-12
5.46168e-12
5.59657e-12
5.72503e-12
5.84736e-12
5.96385e-12
6.07479e-12
6.18043e-12
6.28103e-12
6.37684e-12
6.46808e-12
7.47237e-12
8.57594e-12
9.78826e-12
1.11196e-11
1.2581e-11
1.41844e-11
1.59424e-11
1.78686e-11
1.99769e-11
2.2282e-11
2.47986e-11
2.75414e-11
3.05243e-11
3.37601e-11
3.72588e-11
4.10271e-11
4.5066e-11
4.93691e-11
5.39196e-11
5.8687e-11
6.36234e-11
6.8659e-11
7.36972e-11
7.8611e-11
8.32394e-11
8.73869e-11
9.08269e-11
9.33106e-11
9.45827e-11
9.44051e-11
9.25849e-11
8.90038e-11
8.36413e-11
7.65841e-11
6.80187e-11
5.82053e-11
4.7441e-11
3.60177e-11
2.41877e-11
1.21396e-11
4.64989e-34
5.68784e-16
3.84519e-13
7.50259e-13
1.09857e-12
1.43028e-12
1.74617e-12
2.047e-12
2.33347e-12
2.60629e-12
2.86608e-12
3.11348e-12
3.34908e-12
3.57343e-12
3.78707e-12
3.99052e-12
4.18426e-12
4.36876e-12
4.54445e-12
4.71176e-12
4.87108e-12
5.0228e-12
5.16728e-12
5.30486e-12
5.43589e-12
5.56066e-12
5.67947e-12
5.79262e-12
5.90038e-12
6.00299e-12
6.10071e-12
6.19376e-12
6.28238e-12
7.25787e-12
8.3298e-12
9.50737e-12
1.08006e-11
1.22202e-11
1.37777e-11
1.54856e-11
1.73568e-11
1.94051e-11
2.16448e-11
2.40902e-11
2.67556e-11
2.96549e-11
3.28003e-11
3.62021e-11
3.98668e-11
4.3796e-11
4.79837e-11
5.24145e-11
5.70593e-11
6.18725e-11
6.67874e-11
7.17114e-11
7.65223e-11
8.10652e-11
8.5151e-11
8.85602e-11
9.10505e-11
9.23718e-11
9.2289e-11
9.06085e-11
8.72071e-11
8.20556e-11
7.52288e-11
6.69002e-11
5.73181e-11
4.677e-11
3.55427e-11
2.3887e-11
1.19949e-11
5.05471e-34
5.50941e-16
3.72458e-13
7.26725e-13
1.06411e-12
1.38541e-12
1.6914e-12
1.98279e-12
2.26028e-12
2.52454e-12
2.77619e-12
3.01583e-12
3.24403e-12
3.46135e-12
3.6683e-12
3.86537e-12
4.05303e-12
4.23174e-12
4.40193e-12
4.56399e-12
4.71832e-12
4.86528e-12
5.00523e-12
5.1385e-12
5.26542e-12
5.38628e-12
5.50137e-12
5.61098e-12
5.71535e-12
5.81475e-12
5.9094e-12
5.99954e-12
6.08539e-12
7.03031e-12
8.06867e-12
9.20939e-12
1.04621e-11
1.18374e-11
1.33463e-11
1.50009e-11
1.68138e-11
1.87985e-11
2.09687e-11
2.33385e-11
2.59218e-11
2.87321e-11
3.17816e-11
3.50804e-11
3.86351e-11
4.24476e-11
4.65127e-11
5.08159e-11
5.533e-11
6.00118e-11
6.47975e-11
6.9599e-11
7.42993e-11
7.87494e-11
8.27674e-11
8.61412e-11
8.86353e-11
9.00057e-11
9.00204e-11
8.84853e-11
8.52728e-11
8.03443e-11
7.37625e-11
6.56871e-11
5.63534e-11
4.60388e-11
3.5024e-11
2.35583e-11
1.18365e-11
5.48768e-34
5.32075e-16
3.59705e-13
7.01843e-13
1.02768e-12
1.33798e-12
1.63349e-12
1.9149e-12
2.1829e-12
2.43811e-12
2.68114e-12
2.91258e-12
3.13297e-12
3.34285e-12
3.54271e-12
3.73304e-12
3.91428e-12
4.08688e-12
4.25124e-12
4.40775e-12
4.5568e-12
4.69873e-12
4.8339e-12
4.96261e-12
5.08518e-12
5.20191e-12
5.31307e-12
5.41892e-12
5.51972e-12
5.61572e-12
5.70714e-12
5.7942e-12
5.8771e-12
6.78972e-12
7.79258e-12
8.89432e-12
1.01043e-11
1.14326e-11
1.28901e-11
1.44883e-11
1.62397e-11
1.8157e-11
2.02537e-11
2.25435e-11
2.504e-11
2.77562e-11
3.07042e-11
3.38938e-11
3.73319e-11
4.10207e-11
4.49557e-11
4.91235e-11
5.34988e-11
5.80406e-11
6.26887e-11
6.73592e-11
7.19405e-11
7.62902e-11
8.02338e-11
8.35669e-11
8.60616e-11
8.74802e-11
8.75943e-11
8.62099e-11
8.31948e-11
7.85012e-11
7.2179e-11
6.43734e-11
5.5306e-11
4.5243e-11
3.44583e-11
2.3199e-11
1.16632e-11
5.94917e-34
5.12202e-16
3.46271e-13
6.75631e-13
9.89297e-13
1.28801e-12
1.57248e-12
1.84339e-12
2.10138e-12
2.34705e-12
2.58101e-12
2.80381e-12
3.01598e-12
3.21802e-12
3.41042e-12
3.59364e-12
3.76812e-12
3.93427e-12
4.09249e-12
4.24317e-12
4.38665e-12
4.52329e-12
4.65341e-12
4.77732e-12
4.89532e-12
5.00768e-12
5.11469e-12
5.2166e-12
5.31364e-12
5.40605e-12
5.49406e-12
5.57787e-12
5.65768e-12
6.53626e-12
7.50172e-12
8.5624e-12
9.7273e-12
1.10062e-11
1.24095e-11
1.39484e-11
1.56348e-11
1.74811e-11
1.95004e-11
2.17059e-11
2.41107e-11
2.67277e-11
2.95685e-11
3.2643e-11
3.59581e-11
3.95162e-11
4.33137e-11
4.73383e-11
5.15663e-11
5.59596e-11
6.04614e-11
6.49921e-11
6.9446e-11
7.36873e-11
7.75494e-11
8.08359e-11
8.33273e-11
8.47923e-11
8.5007e-11
8.37777e-11
8.09679e-11
7.65205e-11
7.04724e-11
6.29535e-11
5.41706e-11
4.43781e-11
3.38419e-11
2.28069e-11
1.14738e-11
6.43911e-34
4.91349e-16
3.32176e-13
6.48128e-13
9.49025e-13
1.23558e-12
1.50847e-12
1.76835e-12
2.01584e-12
2.25152e-12
2.47595e-12
2.68968e-12
2.89322e-12
3.08704e-12
3.27161e-12
3.44737e-12
3.61475e-12
3.77414e-12
3.92593e-12
4.07047e-12
4.20812e-12
4.3392e-12
4.46402e-12
4.58289e-12
4.69609e-12
4.80389e-12
4.90654e-12
5.0043e-12
5.0974e-12
5.18605e-12
5.27048e-12
5.35088e-12
5.42745e-12
6.2703e-12
7.19652e-12
8.21411e-12
9.33172e-12
1.05587e-11
1.19051e-11
1.33817e-11
1.49999e-11
1.67718e-11
1.87098e-11
2.08267e-11
2.31353e-11
2.56481e-11
2.83763e-11
3.13298e-11
3.45154e-11
3.7936e-11
4.15886e-11
4.54622e-11
4.95349e-11
5.37712e-11
5.81177e-11
6.24999e-11
6.68176e-11
7.09422e-11
7.47151e-11
7.79487e-11
8.04318e-11
8.19408e-11
8.22561e-11
8.11853e-11
7.85877e-11
7.43972e-11
6.86371e-11
6.14216e-11
5.2942e-11
4.34393e-11
3.31712e-11
2.23793e-11
1.1267e-11
6.95687e-34
4.69563e-16
3.17448e-13
6.19393e-13
9.0695e-13
1.1808e-12
1.4416e-12
1.68995e-12
1.92647e-12
2.1517e-12
2.36619e-12
2.57044e-12
2.76496e-12
2.95019e-12
3.12658e-12
3.29455e-12
3.45451e-12
3.60684e-12
3.7519e-12
3.89004e-12
4.02158e-12
4.14686e-12
4.26615e-12
4.37975e-12
4.48794e-12
4.59096e-12
4.68907e-12
4.78249e-12
4.87147e-12
4.9562e-12
5.03688e-12
5.11372e-12
5.1869e-12
5.99242e-12
6.87764e-12
7.85021e-12
8.91839e-12
1.00912e-11
1.13781e-11
1.27896e-11
1.43366e-11
1.60306e-11
1.78836e-11
1.99079e-11
2.21159e-11
2.45195e-11
2.71299e-11
2.99567e-11
3.30067e-11
3.62832e-11
3.97838e-11
4.34988e-11
4.74082e-11
5.1479e-11
5.56617e-11
5.98864e-11
6.4059e-11
6.80583e-11
7.1734e-11
7.49075e-11
7.73767e-11
7.89259e-11
7.93409e-11
7.84308e-11
7.60512e-11
7.21271e-11
6.66684e-11
5.97728e-11
5.16151e-11
4.24223e-11
3.24426e-11
2.19137e-11
1.10414e-11
7.50115e-34
4.46906e-16
3.02132e-13
5.89509e-13
8.63193e-13
1.12383e-12
1.37204e-12
1.60842e-12
1.83353e-12
2.04789e-12
2.25203e-12
2.44644e-12
2.63157e-12
2.80786e-12
2.97575e-12
3.13562e-12
3.28787e-12
3.43285e-12
3.57091e-12
3.70239e-12
3.82759e-12
3.94682e-12
4.06036e-12
4.16849e-12
4.27146e-12
4.36951e-12
4.46289e-12
4.55182e-12
4.6365e-12
4.71714e-12
4.79394e-12
4.86708e-12
4.93673e-12
5.70343e-12
6.546e-12
7.47173e-12
8.48851e-12
9.60487e-12
1.083e-11
1.21738e-11
1.36466e-11
1.52595e-11
1.70241e-11
1.8952e-11
2.10552e-11
2.33452e-11
2.58329e-11
2.85276e-11
3.14362e-11
3.45623e-11
3.79042e-11
4.14533e-11
4.51916e-11
4.90888e-11
5.30992e-11
5.71576e-11
6.11762e-11
6.50413e-11
6.86112e-11
7.17169e-11
7.41658e-11
7.57504e-11
7.62628e-11
7.5514e-11
7.33568e-11
6.97075e-11
6.45623e-11
5.80025e-11
5.01852e-11
4.13227e-11
3.16524e-11
2.14075e-11
1.07958e-11
8.0698e-34
4.2346e-16
2.86283e-13
5.58585e-13
8.17912e-13
1.06488e-12
1.30007e-12
1.52405e-12
1.73735e-12
1.94047e-12
2.13391e-12
2.31811e-12
2.49353e-12
2.66058e-12
2.81966e-12
2.97115e-12
3.11541e-12
3.25279e-12
3.38362e-12
3.5082e-12
3.62684e-12
3.73982e-12
3.84741e-12
3.94987e-12
4.04744e-12
4.14035e-12
4.22884e-12
4.3131e-12
4.39334e-12
4.46976e-12
4.54254e-12
4.61184e-12
4.67784e-12
5.40436e-12
6.2028e-12
7.08006e-12
8.04363e-12
9.10162e-12
1.02628e-11
1.15364e-11
1.29324e-11
1.44615e-11
1.61344e-11
1.79625e-11
1.99571e-11
2.21294e-11
2.44898e-11
2.70475e-11
2.98094e-11
3.27792e-11
3.5956e-11
3.93325e-11
4.28924e-11
4.66083e-11
5.04381e-11
5.43216e-11
5.81774e-11
6.18993e-11
6.53547e-11
6.83842e-11
7.08053e-11
7.24194e-11
7.30253e-11
7.2437e-11
7.05048e-11
6.71369e-11
6.23163e-11
5.6107e-11
4.86483e-11
4.01364e-11
3.07972e-11
2.08583e-11
1.05287e-11
8.65965e-34
3.99328e-16
2.6997e-13
5.26755e-13
7.71305e-13
1.0042e-12
1.22599e-12
1.43721e-12
1.63835e-12
1.8299e-12
2.01232e-12
2.18603e-12
2.35146e-12
2.50899e-12
2.65901e-12
2.80187e-12
2.93791e-12
3.06747e-12
3.19084e-12
3.30833e-12
3.42021e-12
3.52676e-12
3.62822e-12
3.72484e-12
3.81685e-12
3.90448e-12
3.98792e-12
4.06739e-12
4.14307e-12
4.21513e-12
4.28376e-12
4.34912e-12
4.41136e-12
5.09653e-12
5.84954e-12
6.6769e-12
7.5857e-12
8.58358e-12
9.67881e-12
1.08802e-11
1.21972e-11
1.36398e-11
1.52184e-11
1.69436e-11
1.88264e-11
2.08773e-11
2.31064e-11
2.55227e-11
2.8133e-11
3.09413e-11
3.39475e-11
3.71451e-11
4.052e-11
4.40473e-11
4.76887e-11
5.13891e-11
5.50734e-11
5.86433e-11
6.1975e-11
6.49195e-11
6.73043e-11
6.89408e-11
6.9635e-11
6.92043e-11
6.74977e-11
6.44161e-11
5.99291e-11
5.40839e-11
4.70011e-11
3.886e-11
2.98737e-11
2.02634e-11
1.0239e-11
9.26629e-34
3.74632e-16
2.53275e-13
4.94182e-13
7.23609e-13
9.42102e-13
1.15018e-12
1.34833e-12
1.53704e-12
1.71675e-12
1.88788e-12
2.05086e-12
2.20606e-12
2.35385e-12
2.49459e-12
2.62862e-12
2.75626e-12
2.87781e-12
2.99355e-12
3.10378e-12
3.20875e-12
3.30871e-12
3.4039e-12
3.49455e-12
3.58088e-12
3.66309e-12
3.74138e-12
3.81593e-12
3.88693e-12
3.95454e-12
4.01893e-12
4.08025e-12
4.13865e-12
4.78149e-12
5.488e-12
6.26429e-12
7.11702e-12
8.05338e-12
9.08113e-12
1.02086e-11
1.14447e-11
1.27988e-11
1.42806e-11
1.59005e-11
1.76686e-11
1.9595e-11
2.16896e-11
2.39607e-11
2.64154e-11
2.90578e-11
3.18882e-11
3.49017e-11
3.80855e-11
4.14178e-11
4.48638e-11
4.83734e-11
5.18779e-11
5.52868e-11
5.84858e-11
6.13358e-11
6.36754e-11
6.53257e-11
6.6101e-11
6.58233e-11
6.43408e-11
6.15478e-11
5.74016e-11
5.19321e-11
4.52413e-11
3.74906e-11
2.88792e-11
1.96209e-11
9.9253e-12
9.88391e-34
3.49514e-16
2.36295e-13
4.61051e-13
6.75098e-13
8.78943e-13
1.07307e-12
1.25794e-12
1.434e-12
1.60166e-12
1.76133e-12
1.91338e-12
2.05817e-12
2.19606e-12
2.32737e-12
2.45242e-12
2.5715e-12
2.6849e-12
2.79289e-12
2.89573e-12
2.99367e-12
3.08693e-12
3.17574e-12
3.26032e-12
3.34086e-12
3.41756e-12
3.49061e-12
3.56017e-12
3.62641e-12
3.68949e-12
3.74957e-12
3.80678e-12
3.86127e-12
4.46106e-12
5.12026e-12
5.8446e-12
6.64029e-12
7.51405e-12
8.47316e-12
9.52541e-12
1.06791e-11
1.19431e-11
1.33265e-11
1.48391e-11
1.64903e-11
1.829e-11
2.02473e-11
2.23704e-11
2.46662e-11
2.71391e-11
2.97898e-11
3.26145e-11
3.56024e-11
3.87339e-11
4.19782e-11
4.52901e-11
4.86071e-11
5.18466e-11
5.49036e-11
5.76495e-11
5.99338e-11
6.15884e-11
6.24361e-11
6.23045e-11
6.1042e-11
5.85375e-11
5.47365e-11
4.96524e-11
4.3368e-11
3.60262e-11
2.78114e-11
1.89287e-11
9.5866e-12
1.0505e-33
3.24135e-16
2.19139e-13
4.27576e-13
6.26082e-13
8.15127e-13
9.95161e-13
1.16661e-12
1.32989e-12
1.48538e-12
1.63345e-12
1.77446e-12
1.90875e-12
2.03663e-12
2.15841e-12
2.27438e-12
2.38482e-12
2.48999e-12
2.59014e-12
2.68552e-12
2.77634e-12
2.86284e-12
2.94521e-12
3.02365e-12
3.09834e-12
3.16948e-12
3.23722e-12
3.30174e-12
3.36317e-12
3.42168e-12
3.4774e-12
3.53046e-12
3.58099e-12
4.13727e-12
4.74868e-12
5.42051e-12
6.15855e-12
6.96906e-12
7.85878e-12
8.83497e-12
9.90538e-12
1.10782e-11
1.23622e-11
1.37661e-11
1.52992e-11
1.69704e-11
1.87887e-11
2.07618e-11
2.28965e-11
2.51972e-11
2.76653e-11
3.02978e-11
3.30857e-11
3.6012e-11
3.90494e-11
4.21574e-11
4.528e-11
4.83422e-11
5.12483e-11
5.38802e-11
5.60988e-11
5.77467e-11
5.86565e-11
5.86618e-11
5.76128e-11
5.53938e-11
5.19396e-11
4.72478e-11
4.1382e-11
3.44662e-11
2.6669e-11
1.81854e-11
9.22203e-12
1.11204e-33
2.98672e-16
2.01925e-13
3.9399e-13
5.76903e-13
7.51099e-13
9.16992e-13
1.07498e-12
1.22543e-12
1.3687e-12
1.50515e-12
1.63509e-12
1.75883e-12
1.87666e-12
1.98888e-12
2.09574e-12
2.19751e-12
2.29442e-12
2.38671e-12
2.4746e-12
2.55829e-12
2.638e-12
2.7139e-12
2.78618e-12
2.85502e-12
2.92057e-12
2.98299e-12
3.04244e-12
3.09906e-12
3.15297e-12
3.20431e-12
3.25321e-12
3.29978e-12
3.8124e-12
4.37584e-12
4.99498e-12
5.67517e-12
6.42218e-12
7.24225e-12
8.14209e-12
9.12888e-12
1.02102e-11
1.13942e-11
1.2689e-11
1.41033e-11
1.56455e-11
1.73238e-11
1.9146e-11
2.11183e-11
2.32454e-11
2.5529e-11
2.79673e-11
3.05525e-11
3.32703e-11
3.60967e-11
3.8996e-11
4.19181e-11
4.47958e-11
4.75424e-11
5.00507e-11
5.21925e-11
5.38221e-11
5.4782e-11
5.4913e-11
5.40681e-11
5.21283e-11
4.90194e-11
4.47236e-11
3.92862e-11
3.28114e-11
2.54515e-11
1.73903e-11
8.831e-12
1.17186e-33
2.73315e-16
1.84783e-13
3.60543e-13
5.27929e-13
6.87337e-13
8.39148e-13
9.83721e-13
1.1214e-12
1.25252e-12
1.37738e-12
1.49629e-12
1.60952e-12
1.71736e-12
1.82005e-12
1.91785e-12
2.01098e-12
2.09967e-12
2.18412e-12
2.26455e-12
2.34115e-12
2.41409e-12
2.48355e-12
2.5497e-12
2.61269e-12
2.67268e-12
2.72981e-12
2.78422e-12
2.83603e-12
2.88537e-12
2.93236e-12
2.9771e-12
3.01972e-12
3.48887e-12
4.00452e-12
4.57119e-12
5.19375e-12
5.8775e-12
6.62818e-12
7.45195e-12
8.35541e-12
9.34557e-12
1.04298e-11
1.16159e-11
1.29116e-11
1.4325e-11
1.58637e-11
1.75349e-11
1.93448e-11
2.12981e-11
2.33969e-11
2.564e-11
2.80214e-11
3.05287e-11
3.31414e-11
3.58283e-11
3.85452e-11
4.12321e-11
4.38117e-11
4.61867e-11
4.82407e-11
4.98394e-11
5.0836e-11
5.10794e-11
5.04264e-11
4.87567e-11
4.59879e-11
4.20885e-11
3.70858e-11
3.10647e-11
2.416e-11
1.65434e-11
8.41333e-12
1.22863e-33
2.48264e-16
1.67848e-13
3.27499e-13
4.79544e-13
6.24343e-13
7.62241e-13
8.93564e-13
1.01863e-12
1.13773e-12
1.25115e-12
1.35916e-12
1.46202e-12
1.55997e-12
1.65326e-12
1.74209e-12
1.82669e-12
1.90725e-12
1.98397e-12
2.05703e-12
2.12661e-12
2.19287e-12
2.25596e-12
2.31605e-12
2.37328e-12
2.42777e-12
2.47967e-12
2.52909e-12
2.57616e-12
2.62098e-12
2.66366e-12
2.70431e-12
2.74302e-12
3.16921e-12
3.63766e-12
4.15246e-12
4.71807e-12
5.33931e-12
6.0214e-12
6.76996e-12
7.59102e-12
8.491e-12
9.47666e-12
1.05551e-11
1.17335e-11
1.30193e-11
1.44196e-11
1.59412e-11
1.759e-11
1.93705e-11
2.12854e-11
2.3334e-11
2.55118e-11
2.78084e-11
3.02064e-11
3.26788e-11
3.51869e-11
3.76782e-11
4.00838e-11
4.23168e-11
4.42719e-11
4.58268e-11
4.68455e-11
4.7186e-11
4.67104e-11
4.52981e-11
4.28606e-11
3.93541e-11
3.47889e-11
2.92309e-11
2.27971e-11
1.56458e-11
7.96933e-12
1.28078e-33
2.23722e-16
1.51256e-13
2.95126e-13
4.32142e-13
5.62628e-13
6.86895e-13
8.05239e-13
9.1794e-13
1.02527e-12
1.12748e-12
1.22482e-12
1.31751e-12
1.40578e-12
1.48985e-12
1.5699e-12
1.64614e-12
1.71874e-12
1.78788e-12
1.85372e-12
1.91642e-12
1.97613e-12
2.033e-12
2.08715e-12
2.13872e-12
2.18783e-12
2.2346e-12
2.27914e-12
2.32156e-12
2.36195e-12
2.40042e-12
2.43705e-12
2.47194e-12
2.85603e-12
3.27822e-12
3.74221e-12
4.252e-12
4.81197e-12
5.42683e-12
6.10167e-12
6.84195e-12
7.65349e-12
8.54243e-12
9.51521e-12
1.05785e-11
1.17389e-11
1.30033e-11
1.43777e-11
1.58679e-11
1.74784e-11
1.92117e-11
2.10681e-11
2.30441e-11
2.51314e-11
2.73153e-11
2.95727e-11
3.18704e-11
3.41625e-11
3.63885e-11
3.84715e-11
4.03173e-11
4.18152e-11
4.28408e-11
4.32617e-11
4.29463e-11
4.17757e-11
3.96568e-11
3.65356e-11
3.24067e-11
2.73175e-11
2.13672e-11
1.46998e-11
7.49992e-12
1.32656e-33
1.99891e-16
1.35146e-13
2.63692e-13
3.86114e-13
5.02702e-13
6.13734e-13
7.19473e-13
8.20172e-13
9.16069e-13
1.00739e-12
1.09437e-12
1.17719e-12
1.25606e-12
1.33117e-12
1.4027e-12
1.47082e-12
1.53569e-12
1.59747e-12
1.6563e-12
1.71233e-12
1.76568e-12
1.81649e-12
1.86488e-12
1.91096e-12
1.95484e-12
1.99663e-12
2.03643e-12
2.07433e-12
2.11042e-12
2.1448e-12
2.17753e-12
2.2087e-12
2.55191e-12
2.92918e-12
3.34381e-12
3.7994e-12
4.29985e-12
4.8494e-12
5.4526e-12
6.11438e-12
6.83995e-12
7.63485e-12
8.50491e-12
9.45613e-12
1.04946e-11
1.16265e-11
1.28575e-11
1.4193e-11
1.56372e-11
1.7193e-11
1.88611e-11
2.06389e-11
2.252e-11
2.44922e-11
2.65361e-11
2.86233e-11
3.07144e-11
3.27568e-11
3.4683e-11
3.64098e-11
3.7838e-11
3.88548e-11
3.93381e-11
3.91638e-11
3.82162e-11
3.63999e-11
3.36522e-11
2.99537e-11
2.5335e-11
1.98772e-11
1.37093e-11
7.00677e-12
1.36402e-33
1.76968e-16
1.19648e-13
2.33454e-13
3.41838e-13
4.45057e-13
5.43357e-13
6.36971e-13
7.26123e-13
8.11025e-13
8.91879e-13
9.68877e-13
1.0422e-12
1.11204e-12
1.17854e-12
1.24187e-12
1.30218e-12
1.35961e-12
1.4143e-12
1.46639e-12
1.51599e-12
1.56323e-12
1.60822e-12
1.65106e-12
1.69186e-12
1.73071e-12
1.76771e-12
1.80294e-12
1.8365e-12
1.86846e-12
1.89889e-12
1.92787e-12
1.95548e-12
2.25935e-12
2.5934e-12
2.96054e-12
3.36396e-12
3.80714e-12
4.29382e-12
4.82808e-12
5.41427e-12
6.05706e-12
6.76139e-12
7.53246e-12
8.37568e-12
9.29656e-12
1.03006e-11
1.13931e-11
1.2579e-11
1.38624e-11
1.52461e-11
1.67312e-11
1.83163e-11
1.99961e-11
2.17608e-11
2.35945e-11
2.54732e-11
2.73634e-11
2.92199e-11
3.09842e-11
3.25835e-11
3.39299e-11
3.49224e-11
3.54495e-11
3.53958e-11
3.46501e-11
3.31166e-11
3.07263e-11
2.74483e-11
2.32969e-11
1.83362e-11
1.26798e-11
6.49241e-12
1.3911e-33
1.55134e-16
1.04887e-13
2.04652e-13
2.99664e-13
3.90149e-13
4.76322e-13
5.58388e-13
6.36542e-13
7.1097e-13
7.81849e-13
8.49349e-13
9.13631e-13
9.74848e-13
1.03315e-12
1.08866e-12
1.14153e-12
1.19188e-12
1.23983e-12
1.2855e-12
1.32898e-12
1.37039e-12
1.40983e-12
1.44739e-12
1.48315e-12
1.51722e-12
1.54965e-12
1.58054e-12
1.60996e-12
1.63798e-12
1.66466e-12
1.69007e-12
1.71427e-12
1.98068e-12
2.27354e-12
2.59544e-12
2.94916e-12
3.33776e-12
3.76454e-12
4.23308e-12
4.74722e-12
5.31107e-12
5.92901e-12
6.60565e-12
7.34578e-12
8.15432e-12
9.03623e-12
9.99629e-12
1.1039e-11
1.21682e-11
1.33868e-11
1.4696e-11
1.60952e-11
1.75805e-11
1.9144e-11
2.07728e-11
2.24469e-11
2.41383e-11
2.58086e-11
2.74077e-11
2.88727e-11
3.01266e-11
3.10799e-11
3.16323e-11
3.16775e-11
3.11105e-11
2.98371e-11
2.77844e-11
2.49118e-11
2.12197e-11
1.6756e-11
1.16187e-11
5.96032e-12
1.40569e-33
1.34551e-16
9.09718e-14
1.77501e-13
2.59909e-13
3.38389e-13
4.1313e-13
4.84309e-13
5.52095e-13
6.16649e-13
6.78126e-13
7.36672e-13
7.92427e-13
8.45524e-13
8.96088e-13
9.44242e-13
9.901e-13
1.03377e-12
1.07536e-12
1.11497e-12
1.15268e-12
1.1886e-12
1.22281e-12
1.25539e-12
1.28641e-12
1.31595e-12
1.34409e-12
1.37088e-12
1.3964e-12
1.4207e-12
1.44385e-12
1.46588e-12
1.48687e-12
1.71796e-12
1.972e-12
2.25123e-12
2.55809e-12
2.89521e-12
3.2655e-12
3.67204e-12
4.1182e-12
4.60756e-12
5.14396e-12
5.73142e-12
6.37417e-12
7.07655e-12
7.84294e-12
8.67763e-12
9.5847e-12
1.05677e-11
1.16294e-11
1.27713e-11
1.39931e-11
1.52923e-11
1.66627e-11
1.80938e-11
1.95694e-11
2.10662e-11
2.25522e-11
2.3985e-11
2.53107e-11
2.64631e-11
2.73636e-11
2.79231e-11
2.80453e-11
2.76327e-11
2.65944e-11
2.48558e-11
2.23692e-11
1.91233e-11
1.5151e-11
1.05352e-11
5.415e-12
1.40575e-33
1.15359e-16
7.79961e-14
1.52184e-13
2.22837e-13
2.90124e-13
3.54205e-13
4.15231e-13
4.73349e-13
5.28697e-13
5.81406e-13
6.31602e-13
6.79405e-13
7.24929e-13
7.68283e-13
8.0957e-13
8.48888e-13
8.86331e-13
9.2199e-13
9.55948e-13
9.88287e-13
1.01909e-12
1.04841e-12
1.07635e-12
1.10295e-12
1.12828e-12
1.1524e-12
1.17537e-12
1.19725e-12
1.21809e-12
1.23793e-12
1.25683e-12
1.27483e-12
1.47297e-12
1.6908e-12
1.93024e-12
2.19337e-12
2.48249e-12
2.80005e-12
3.14875e-12
3.53147e-12
3.9513e-12
4.41155e-12
4.91572e-12
5.46747e-12
6.07059e-12
6.72891e-12
7.44624e-12
8.22618e-12
9.07198e-12
9.98625e-12
1.09706e-11
1.20253e-11
1.31483e-11
1.43353e-11
1.55778e-11
1.6863e-11
1.81716e-11
1.94774e-11
2.07449e-11
2.19288e-11
2.29725e-11
2.38084e-11
2.43583e-11
2.45362e-11
2.4253e-11
2.34229e-11
2.1972e-11
1.9848e-11
1.70302e-11
1.35383e-11
9.44047e-12
4.86195e-12
1.38942e-33
9.7665e-17
6.60334e-14
1.28842e-13
1.88659e-13
2.45626e-13
2.99879e-13
3.51545e-13
4.0075e-13
4.47609e-13
4.92234e-13
5.34732e-13
5.75204e-13
6.13747e-13
6.50452e-13
6.85407e-13
7.18696e-13
7.50398e-13
7.80588e-13
8.09339e-13
8.3672e-13
8.62795e-13
8.87627e-13
9.11275e-13
9.33796e-13
9.55243e-13
9.75668e-13
9.9512e-13
1.01364e-12
1.03129e-12
1.04809e-12
1.06409e-12
1.07932e-12
1.24709e-12
1.43153e-12
1.63427e-12
1.85709e-12
2.10192e-12
2.37086e-12
2.66619e-12
2.99036e-12
3.34602e-12
3.73598e-12
4.16324e-12
4.63092e-12
5.14229e-12
5.70067e-12
6.30936e-12
6.97153e-12
7.69009e-12
8.46743e-12
9.30521e-12
1.02039e-11
1.11623e-11
1.21772e-11
1.3242e-11
1.43465e-11
1.54755e-11
1.66073e-11
1.7713e-11
1.87549e-11
1.96854e-11
2.0447e-11
2.09723e-11
2.11857e-11
2.10074e-11
2.03579e-11
1.91661e-11
1.73777e-11
1.49651e-11
1.19369e-11
8.34749e-12
4.30763e-12
1.35519e-33
8.15446e-17
5.51344e-14
1.07577e-13
1.57521e-13
2.05085e-13
2.50383e-13
2.93523e-13
3.34606e-13
3.73731e-13
4.10991e-13
4.46476e-13
4.80268e-13
5.1245e-13
5.43097e-13
5.72284e-13
6.00079e-13
6.26549e-13
6.51757e-13
6.75764e-13
6.98626e-13
7.20398e-13
7.41132e-13
7.60878e-13
7.79683e-13
7.97592e-13
8.14646e-13
8.30888e-13
8.46356e-13
8.61087e-13
8.75115e-13
8.88475e-13
9.01198e-13
1.04129e-12
1.1953e-12
1.3646e-12
1.55068e-12
1.75514e-12
1.97976e-12
2.22643e-12
2.49723e-12
2.79436e-12
3.12019e-12
3.47726e-12
3.86819e-12
4.29577e-12
4.7628e-12
5.27213e-12
5.82649e-12
6.42843e-12
7.08013e-12
7.78314e-12
8.53813e-12
9.34449e-12
1.01998e-11
1.10992e-11
1.20348e-11
1.29943e-11
1.39607e-11
1.49104e-11
1.58125e-11
1.66278e-11
1.73081e-11
1.77962e-11
1.80269e-11
1.793e-11
1.74336e-11
1.64711e-11
1.49886e-11
1.29541e-11
1.03673e-11
7.27034e-12
3.75922e-12
1.30204e-33
6.70368e-17
4.53256e-14
8.8438e-14
1.29497e-13
1.68599e-13
2.05839e-13
2.41303e-13
2.75078e-13
3.07243e-13
3.37875e-13
3.67046e-13
3.94827e-13
4.21284e-13
4.4648e-13
4.70475e-13
4.93325e-13
5.15087e-13
5.35811e-13
5.55547e-13
5.74343e-13
5.92242e-13
6.09288e-13
6.25522e-13
6.40982e-13
6.55705e-13
6.69727e-13
6.8308e-13
6.95796e-13
7.07907e-13
7.1944e-13
7.30424e-13
7.40885e-13
8.56058e-13
9.82684e-13
1.12188e-12
1.27488e-12
1.44301e-12
1.62771e-12
1.83057e-12
2.05329e-12
2.29769e-12
2.56575e-12
2.85954e-12
3.18127e-12
3.53325e-12
3.91783e-12
4.3374e-12
4.79429e-12
5.29069e-12
5.8285e-12
6.40917e-12
7.03347e-12
7.70113e-12
8.4105e-12
9.158e-12
9.93753e-12
1.07397e-11
1.15509e-11
1.23525e-11
1.31196e-11
1.38203e-11
1.4415e-11
1.48561e-11
1.50884e-11
1.50512e-11
1.46813e-11
1.39181e-11
1.271e-11
1.1023e-11
8.85058e-12
6.22383e-12
3.22436e-12
1.2296e-33
5.41429e-17
3.66079e-14
7.14283e-14
1.0459e-13
1.36172e-13
1.66249e-13
1.94893e-13
2.22171e-13
2.4815e-13
2.7289e-13
2.96452e-13
3.1889e-13
3.40259e-13
3.60609e-13
3.79989e-13
3.98445e-13
4.16021e-13
4.3276e-13
4.48701e-13
4.63882e-13
4.78339e-13
4.92107e-13
5.05219e-13
5.17706e-13
5.29598e-13
5.40923e-13
5.51708e-13
5.6198e-13
5.71762e-13
5.81077e-13
5.89949e-13
5.98398e-13
6.91426e-13
7.93707e-13
9.06147e-13
1.02974e-12
1.16555e-12
1.31477e-12
1.47867e-12
1.65862e-12
1.85612e-12
2.07275e-12
2.31023e-12
2.57034e-12
2.85498e-12
3.16607e-12
3.50558e-12
3.87546e-12
4.27755e-12
4.71346e-12
5.18451e-12
5.69146e-12
6.23429e-12
6.81192e-12
7.42176e-12
8.05924e-12
8.71719e-12
9.38512e-12
1.00484e-11
1.06875e-11
1.12768e-11
1.17845e-11
1.21716e-11
1.23925e-11
1.23962e-11
1.21281e-11
1.15348e-11
1.05688e-11
9.19652e-12
7.40703e-12
5.22252e-12
2.71067e-12
1.13821e-33
4.2825e-17
2.89556e-14
5.64973e-14
8.27272e-14
1.07707e-13
1.31497e-13
1.54154e-13
1.7573e-13
1.96279e-13
2.15848e-13
2.34484e-13
2.52232e-13
2.69135e-13
2.85231e-13
3.0056e-13
3.15159e-13
3.29062e-13
3.42302e-13
3.54911e-13
3.66919e-13
3.78354e-13
3.89245e-13
3.99616e-13
4.09494e-13
4.189e-13
4.27858e-13
4.36389e-13
4.44514e-13
4.52251e-13
4.5962e-13
4.66638e-13
4.73321e-13
5.46907e-13
6.27815e-13
7.16761e-13
8.14529e-13
9.21975e-13
1.04003e-12
1.1697e-12
1.31209e-12
1.46838e-12
1.63983e-12
1.82781e-12
2.03374e-12
2.25912e-12
2.50553e-12
2.77454e-12
3.06773e-12
3.3866e-12
3.73252e-12
4.10659e-12
4.50954e-12
4.9415e-12
5.4018e-12
5.8886e-12
6.39856e-12
6.92632e-12
7.46394e-12
8.00022e-12
8.52e-12
9.00342e-12
9.42523e-12
9.75442e-12
9.95415e-12
9.98247e-12
9.79398e-12
9.34279e-12
8.5871e-12
7.4954e-12
6.05458e-12
4.27959e-12
2.22518e-12
1.02886e-33
3.30045e-17
2.23157e-14
4.35418e-14
6.37568e-14
8.30088e-14
1.01343e-13
1.18805e-13
1.35434e-13
1.5127e-13
1.66352e-13
1.80715e-13
1.94393e-13
2.0742e-13
2.19825e-13
2.3164e-13
2.42891e-13
2.53606e-13
2.6381e-13
2.73528e-13
2.82782e-13
2.91596e-13
2.99989e-13
3.07983e-13
3.15595e-13
3.22845e-13
3.29749e-13
3.36324e-13
3.42586e-13
3.4855e-13
3.54229e-13
3.59637e-13
3.64788e-13
4.21504e-13
4.83863e-13
5.52419e-13
6.27777e-13
7.10598e-13
8.016e-13
9.01565e-13
1.01134e-12
1.13184e-12
1.26404e-12
1.40901e-12
1.56784e-12
1.74172e-12
1.93186e-12
2.13951e-12
2.36589e-12
2.61222e-12
2.87959e-12
3.16891e-12
3.48082e-12
3.81552e-12
4.17261e-12
4.55085e-12
4.94784e-12
5.35968e-12
5.78048e-12
6.20189e-12
6.61248e-12
6.99713e-12
7.33648e-12
7.60647e-12
7.7782e-12
7.81832e-12
7.69015e-12
7.35588e-12
6.78011e-12
5.93496e-12
4.80693e-12
3.40549e-12
1.77357e-12
9.03002e-34
2.456e-17
1.66061e-14
3.24013e-14
4.74442e-14
6.17704e-14
7.54141e-14
8.84077e-14
1.00782e-13
1.12567e-13
1.2379e-13
1.34478e-13
1.44657e-13
1.54351e-13
1.63582e-13
1.72374e-13
1.80746e-13
1.8872e-13
1.96314e-13
2.03545e-13
2.10432e-13
2.16991e-13
2.23237e-13
2.29185e-13
2.3485e-13
2.40245e-13
2.45383e-13
2.50276e-13
2.54936e-13
2.59374e-13
2.636e-13
2.67625e-13
2.71458e-13
3.13665e-13
3.60072e-13
4.11092e-13
4.67175e-13
5.28814e-13
5.96545e-13
6.7095e-13
7.52661e-13
8.42362e-13
9.40787e-13
1.04872e-12
1.167e-12
1.2965e-12
1.43815e-12
1.59287e-12
1.76162e-12
1.94529e-12
2.14475e-12
2.36071e-12
2.59369e-12
2.84391e-12
3.11117e-12
3.39462e-12
3.69261e-12
4.00239e-12
4.31973e-12
4.63861e-12
4.95068e-12
5.24485e-12
5.50676e-12
5.71843e-12
5.85806e-12
5.90017e-12
5.81637e-12
5.57689e-12
5.15325e-12
4.52223e-12
3.67141e-12
2.60632e-12
1.35932e-12
7.61986e-34
1.73208e-17
1.17114e-14
2.2851e-14
3.34599e-14
4.35635e-14
5.31857e-14
6.23494e-14
7.10765e-14
7.93877e-14
8.73028e-14
9.48407e-14
1.02019e-13
1.08856e-13
1.15367e-13
1.21567e-13
1.27472e-13
1.33095e-13
1.38451e-13
1.43551e-13
1.48408e-13
1.53034e-13
1.57439e-13
1.61634e-13
1.65629e-13
1.69434e-13
1.73058e-13
1.76509e-13
1.79795e-13
1.82925e-13
1.85906e-13
1.88744e-13
1.91448e-13
2.21215e-13
2.53945e-13
2.89929e-13
3.29486e-13
3.72961e-13
4.20736e-13
4.7322e-13
5.3086e-13
5.9414e-13
6.6358e-13
7.39736e-13
8.23201e-13
9.146e-13
1.01458e-12
1.12382e-12
1.24299e-12
1.37275e-12
1.51371e-12
1.6664e-12
1.83122e-12
2.00838e-12
2.19775e-12
2.39882e-12
2.6105e-12
2.83091e-12
3.0572e-12
3.28521e-12
3.50917e-12
3.72133e-12
3.91164e-12
4.06736e-12
4.17294e-12
4.21005e-12
4.15801e-12
3.99485e-12
3.69918e-12
3.2531e-12
2.64636e-12
1.88188e-12
9.82699e-13
6.0613e-34
1.10545e-17
7.47448e-15
1.4584e-14
2.13549e-14
2.78032e-14
3.39443e-14
3.97928e-14
4.53627e-14
5.06671e-14
5.57187e-14
6.05296e-14
6.51112e-14
6.94745e-14
7.36298e-14
7.7587e-14
8.13557e-14
8.49447e-14
8.83627e-14
9.16178e-14
9.47178e-14
9.767e-14
1.00482e-13
1.03159e-13
1.05709e-13
1.08137e-13
1.1045e-13
1.12653e-13
1.1475e-13
1.16748e-13
1.1865e-13
1.20462e-13
1.22187e-13
1.41186e-13
1.62076e-13
1.85043e-13
2.10291e-13
2.3804e-13
2.68534e-13
3.02036e-13
3.3883e-13
3.79226e-13
4.23557e-13
4.72179e-13
5.25472e-13
5.83838e-13
6.47694e-13
7.17472e-13
7.93608e-13
8.76529e-13
9.66634e-13
1.06428e-12
1.16973e-12
1.28312e-12
1.40443e-12
1.53333e-12
1.66918e-12
1.81081e-12
1.95646e-12
2.10353e-12
2.24839e-12
2.38614e-12
2.51038e-12
2.61299e-12
2.68395e-12
2.71137e-12
2.68174e-12
2.58055e-12
2.39349e-12
2.10835e-12
1.71782e-12
1.22323e-12
6.39373e-13
4.33001e-34
5.43842e-18
3.67718e-15
7.17481e-15
1.05058e-14
1.36782e-14
1.66994e-14
1.95767e-14
2.23168e-14
2.49264e-14
2.74116e-14
2.97784e-14
3.20324e-14
3.4179e-14
3.62233e-14
3.81701e-14
4.00242e-14
4.17899e-14
4.34714e-14
4.50728e-14
4.65979e-14
4.80503e-14
4.94335e-14
5.07508e-14
5.20053e-14
5.32e-14
5.43378e-14
5.54213e-14
5.64533e-14
5.7436e-14
5.83719e-14
5.92633e-14
6.01121e-14
6.9459e-14
7.97364e-14
9.10358e-14
1.03457e-13
1.1711e-13
1.32113e-13
1.48596e-13
1.667e-13
1.86576e-13
2.0839e-13
2.32316e-13
2.58542e-13
2.87266e-13
3.18695e-13
3.53043e-13
3.90525e-13
4.31353e-13
4.75729e-13
5.23827e-13
5.75787e-13
6.31683e-13
6.91502e-13
7.55106e-13
8.22178e-13
8.92171e-13
9.64224e-13
1.03708e-12
1.10897e-12
1.1775e-12
1.23953e-12
1.29107e-12
1.32715e-12
1.34187e-12
1.32848e-12
1.27968e-12
1.18822e-12
1.04782e-12
8.54616e-13
6.09106e-13
3.18579e-13
2.3443e-34
1.62384e-42
2.13797e-41
7.03181e-41
1.41285e-40
2.27016e-40
3.2171e-40
4.20779e-40
5.20642e-40
6.1855e-40
7.12436e-40
8.0079e-40
8.82557e-40
9.57047e-40
1.02386e-39
1.08284e-39
1.134e-39
1.17749e-39
1.21358e-39
1.24261e-39
1.26497e-39
1.28109e-39
1.29143e-39
1.29643e-39
1.29656e-39
1.29228e-39
1.28401e-39
1.27218e-39
1.2572e-39
1.23943e-39
1.21924e-39
1.19696e-39
7.9274e-39
1.87891e-38
2.72233e-38
3.90206e-38
5.54233e-38
7.81112e-38
1.09352e-37
1.52202e-37
2.10768e-37
2.90568e-37
3.98994e-37
5.45939e-37
7.44615e-37
1.01264e-36
1.37343e-36
1.85811e-36
2.50786e-36
3.37705e-36
4.53721e-36
6.08207e-36
8.13383e-36
1.08508e-35
1.44368e-35
1.91514e-35
2.53215e-35
3.3353e-35
4.37392e-35
5.70639e-35
7.39917e-35
9.5236e-35
1.21489e-34
1.53295e-34
1.90831e-34
2.33579e-34
2.79825e-34
3.26001e-34
3.65854e-34
3.89565e-34
3.83059e-34
3.28062e-34
2.03819e-34
8.0581e-35
