-6.22066e-42
-8.19018e-41
-2.69376e-40
-5.41236e-40
-8.69653e-40
-1.2324e-39
-1.6119e-39
-1.99444e-39
-2.36949e-39
-2.72912e-39
-3.06756e-39
-3.38076e-39
-3.66608e-39
-3.922e-39
-4.1479e-39
-4.34383e-39
-4.5104e-39
-4.64862e-39
-4.75978e-39
-4.8454e-39
-4.90712e-39
-4.94666e-39
-4.9658e-39
-4.96628e-39
-4.94983e-39
-4.91814e-39
-4.87281e-39
-4.81538e-39
-4.74731e-39
-4.66996e-39
-4.58459e-39
-3.03627e-38
-7.1961e-38
-1.04255e-37
-1.49421e-37
-2.12206e-37
-2.9903e-37
-4.18553e-37
-5.8243e-37
-8.06321e-37
-1.11122e-36
-1.52524e-36
-2.08588e-36
-2.84317e-36
-3.86355e-36
-5.23516e-36
-7.07447e-36
-9.53489e-36
-1.28177e-35
-1.71855e-35
-2.29793e-35
-3.06383e-35
-4.07236e-35
-5.39441e-35
-7.11835e-35
-9.35241e-35
-1.22263e-34
-1.58905e-34
-2.05129e-34
-2.62689e-34
-3.33232e-34
-4.18e-34
-5.17358e-34
-6.30139e-34
-7.52755e-34
-8.78114e-34
-9.94362e-34
-1.0836e-33
-1.1207e-33
-1.0725e-33
-8.97834e-34
-5.49175e-34
5.21197e-35
2.84841e-17
1.92586e-14
3.75768e-14
5.50223e-14
7.16367e-14
8.74593e-14
1.02528e-13
1.16878e-13
1.30544e-13
1.43559e-13
1.55954e-13
1.67757e-13
1.78998e-13
1.89703e-13
1.99897e-13
2.09606e-13
2.18851e-13
2.27656e-13
2.36041e-13
2.44026e-13
2.51631e-13
2.58873e-13
2.6577e-13
2.72338e-13
2.78593e-13
2.84549e-13
2.90222e-13
2.95625e-13
3.0077e-13
3.05669e-13
3.10335e-13
3.14779e-13
3.63706e-13
4.17494e-13
4.76618e-13
5.41595e-13
6.12988e-13
6.91409e-13
7.7752e-13
8.72035e-13
9.75721e-13
1.0894e-12
1.21393e-12
1.35022e-12
1.49922e-12
1.66187e-12
1.83913e-12
2.0319e-12
2.241e-12
2.46708e-12
2.71058e-12
2.97157e-12
3.24964e-12
3.5437e-12
3.85176e-12
4.17068e-12
4.49582e-12
4.82071e-12
5.13667e-12
5.43252e-12
5.69425e-12
5.905e-12
6.04524e-12
6.09336e-12
6.0268e-12
5.82376e-12
5.46539e-12
4.93837e-12
4.23755e-12
3.36824e-12
2.34812e-12
1.20898e-12
-5.44319e-34
5.9405e-17
4.01645e-14
7.83677e-14
1.14751e-13
1.494e-13
1.82399e-13
2.13825e-13
2.43752e-13
2.72253e-13
2.99396e-13
3.25244e-13
3.4986e-13
3.73303e-13
3.95627e-13
4.16887e-13
4.37134e-13
4.56415e-13
4.74777e-13
4.92263e-13
5.08916e-13
5.24775e-13
5.39877e-13
5.5426e-13
5.67957e-13
5.81e-13
5.93423e-13
6.05252e-13
6.16518e-13
6.27247e-13
6.37465e-13
6.47196e-13
6.56462e-13
7.58489e-13
8.7065e-13
9.93932e-13
1.12941e-12
1.27826e-12
1.44174e-12
1.62123e-12
1.81822e-12
2.03428e-12
2.27111e-12
2.53049e-12
2.81428e-12
3.12441e-12
3.4628e-12
3.83136e-12
4.23189e-12
4.66596e-12
5.13479e-12
5.63907e-12
6.17871e-12
6.75252e-12
7.35784e-12
7.99005e-12
8.64204e-12
9.30351e-12
9.96034e-12
1.05939e-11
1.11802e-11
1.16902e-11
1.20889e-11
1.23369e-11
1.23914e-11
1.2209e-11
1.17492e-11
1.0979e-11
9.87745e-12
8.44034e-12
6.68337e-12
4.64451e-12
2.38611e-12
-9.91119e-34
9.6048e-17
6.49384e-14
1.26706e-13
1.8553e-13
2.41552e-13
2.94904e-13
3.45713e-13
3.941e-13
4.4018e-13
4.84063e-13
5.25854e-13
5.65652e-13
6.03552e-13
6.39645e-13
6.74017e-13
7.0675e-13
7.37923e-13
7.67608e-13
7.95878e-13
8.22801e-13
8.48439e-13
8.72855e-13
8.96107e-13
9.1825e-13
9.39338e-13
9.5942e-13
9.78545e-13
9.96758e-13
1.0141e-12
1.03062e-12
1.04635e-12
1.06133e-12
1.22627e-12
1.40757e-12
1.60684e-12
1.82581e-12
2.06637e-12
2.33054e-12
2.62055e-12
2.93876e-12
3.28771e-12
3.67008e-12
4.08873e-12
4.54658e-12
5.04665e-12
5.59196e-12
6.18542e-12
6.82973e-12
7.52716e-12
8.27936e-12
9.087e-12
9.94936e-12
1.08638e-11
1.18253e-11
1.28252e-11
1.38509e-11
1.48844e-11
1.59016e-11
1.68711e-11
1.77534e-11
1.8501e-11
1.90586e-11
1.93651e-11
1.93564e-11
1.89702e-11
1.81519e-11
1.68611e-11
1.50783e-11
1.28096e-11
1.00893e-11
6.98058e-12
3.57533e-12
-1.35717e-33
1.39379e-16
9.42336e-14
1.83866e-13
2.69227e-13
3.50521e-13
4.27941e-13
5.0167e-13
5.71884e-13
6.38751e-13
7.02429e-13
7.63071e-13
8.20821e-13
8.75817e-13
9.2819e-13
9.78066e-13
1.02556e-12
1.0708e-12
1.11387e-12
1.15489e-12
1.19396e-12
1.23116e-12
1.26658e-12
1.30032e-12
1.33245e-12
1.36305e-12
1.39219e-12
1.41994e-12
1.44636e-12
1.47153e-12
1.4955e-12
1.51832e-12
1.54006e-12
1.77936e-12
2.04241e-12
2.3315e-12
2.64915e-12
2.99807e-12
3.3812e-12
3.80174e-12
4.26309e-12
4.76889e-12
5.32298e-12
5.92942e-12
6.59236e-12
7.31606e-12
8.1047e-12
8.96229e-12
9.89244e-12
1.08981e-11
1.19811e-11
1.31417e-11
1.43782e-11
1.56857e-11
1.70554e-11
1.84737e-11
1.99203e-11
2.13674e-11
2.27778e-11
2.41043e-11
2.52884e-11
2.62609e-11
2.69432e-11
2.72506e-11
2.70979e-11
2.64062e-11
2.51119e-11
2.31755e-11
2.05889e-11
1.73792e-11
1.36082e-11
9.36915e-12
4.7824e-12
-1.65763e-33
1.87226e-16
1.26582e-13
2.46982e-13
3.61645e-13
4.70845e-13
5.7484e-13
6.73877e-13
7.68193e-13
8.58011e-13
9.43547e-13
1.025e-12
1.10258e-12
1.17645e-12
1.2468e-12
1.31379e-12
1.37759e-12
1.43835e-12
1.4962e-12
1.5513e-12
1.60377e-12
1.65374e-12
1.70133e-12
1.74665e-12
1.7898e-12
1.8309e-12
1.87004e-12
1.90731e-12
1.9428e-12
1.9766e-12
2.0088e-12
2.03945e-12
2.06865e-12
2.39006e-12
2.74334e-12
3.13159e-12
3.55816e-12
4.02669e-12
4.54112e-12
5.10569e-12
5.72496e-12
6.40376e-12
7.14722e-12
7.96066e-12
8.8496e-12
9.81958e-12
1.0876e-11
1.20241e-11
1.32683e-11
1.46122e-11
1.60576e-11
1.76044e-11
1.92491e-11
2.09842e-11
2.27966e-11
2.46661e-11
2.65638e-11
2.84502e-11
3.02733e-11
3.19676e-11
3.34531e-11
3.46368e-11
3.54147e-11
3.56776e-11
3.53192e-11
3.42462e-11
3.23905e-11
2.97199e-11
2.62456e-11
2.2024e-11
1.71515e-11
1.17547e-11
5.98087e-12
-1.89519e-33
2.34286e-16
1.58397e-13
3.09059e-13
4.52542e-13
5.89188e-13
7.19321e-13
8.4325e-13
9.6127e-13
1.07366e-12
1.1807e-12
1.28262e-12
1.37969e-12
1.47213e-12
1.56016e-12
1.64399e-12
1.72382e-12
1.79985e-12
1.87224e-12
1.94119e-12
2.00685e-12
2.06937e-12
2.12892e-12
2.18562e-12
2.23962e-12
2.29104e-12
2.34002e-12
2.38665e-12
2.43107e-12
2.47336e-12
2.51364e-12
2.552e-12
2.58853e-12
2.9907e-12
3.43274e-12
3.9185e-12
4.4522e-12
5.03836e-12
5.6819e-12
6.38813e-12
7.16269e-12
8.01163e-12
8.94128e-12
9.95828e-12
1.10694e-11
1.22815e-11
1.36013e-11
1.50349e-11
1.65877e-11
1.82639e-11
2.00654e-11
2.19913e-11
2.40367e-11
2.61912e-11
2.84375e-11
3.07489e-11
3.30878e-11
3.54029e-11
3.76276e-11
3.96781e-11
4.14533e-11
4.2836e-11
4.36974e-11
4.39044e-11
4.333e-11
4.18677e-11
3.94464e-11
3.60429e-11
3.16902e-11
2.64761e-11
2.05334e-11
1.40227e-11
7.11701e-12
-2.06578e-33
2.73607e-16
1.84981e-13
3.60929e-13
5.28493e-13
6.88072e-13
8.40045e-13
9.84773e-13
1.1226e-12
1.25386e-12
1.37885e-12
1.49789e-12
1.61124e-12
1.7192e-12
1.822e-12
1.9199e-12
2.01313e-12
2.10191e-12
2.18646e-12
2.26697e-12
2.34365e-12
2.41667e-12
2.4862e-12
2.55242e-12
2.61548e-12
2.67554e-12
2.73273e-12
2.78719e-12
2.83906e-12
2.88845e-12
2.93549e-12
2.98029e-12
3.02295e-12
3.4926e-12
4.00881e-12
4.57608e-12
5.1993e-12
5.88379e-12
6.63527e-12
7.45992e-12
8.36435e-12
9.35557e-12
1.0441e-11
1.16283e-11
1.29254e-11
1.43403e-11
1.58807e-11
1.75537e-11
1.93655e-11
2.13208e-11
2.34217e-11
2.5667e-11
2.80505e-11
3.05599e-11
3.31742e-11
3.58619e-11
3.85784e-11
4.12629e-11
4.38366e-11
4.62009e-11
4.82367e-11
4.98067e-11
5.07604e-11
5.09432e-11
5.02092e-11
4.84385e-11
4.55544e-11
4.15389e-11
3.64412e-11
3.0375e-11
2.35039e-11
1.60194e-11
8.11871e-12
-2.16315e-33
2.98868e-16
2.0206e-13
3.94252e-13
5.77287e-13
7.516e-13
9.17604e-13
1.07569e-12
1.22625e-12
1.36962e-12
1.50616e-12
1.63618e-12
1.76001e-12
1.87793e-12
1.99022e-12
2.09716e-12
2.199e-12
2.29598e-12
2.38833e-12
2.47628e-12
2.56004e-12
2.6398e-12
2.71576e-12
2.78809e-12
2.85698e-12
2.92258e-12
2.98505e-12
3.04454e-12
3.1012e-12
3.15515e-12
3.20653e-12
3.25547e-12
3.30207e-12
3.81509e-12
4.37897e-12
4.99864e-12
5.67944e-12
6.42717e-12
7.24811e-12
8.14899e-12
9.13704e-12
1.022e-11
1.14058e-11
1.27031e-11
1.41205e-11
1.56666e-11
1.73499e-11
1.91785e-11
2.11591e-11
2.32969e-11
2.55944e-11
2.80503e-11
3.06584e-11
3.34052e-11
3.62683e-11
3.92135e-11
4.21924e-11
4.51392e-11
4.79678e-11
5.05707e-11
5.28175e-11
5.45575e-11
5.56251e-11
5.58492e-11
5.50679e-11
5.31469e-11
4.99994e-11
4.56034e-11
4.00121e-11
3.33512e-11
2.58036e-11
1.75831e-11
8.90946e-12
-2.18301e-33
3.06231e-16
2.07039e-13
4.03967e-13
5.91513e-13
7.70121e-13
9.40216e-13
1.1022e-12
1.25647e-12
1.40338e-12
1.54328e-12
1.67651e-12
1.80339e-12
1.92421e-12
2.03928e-12
2.14885e-12
2.2532e-12
2.35258e-12
2.44721e-12
2.53733e-12
2.62315e-12
2.70488e-12
2.78271e-12
2.85683e-12
2.92742e-12
2.99464e-12
3.05865e-12
3.11961e-12
3.17767e-12
3.23296e-12
3.28561e-12
3.33575e-12
3.3835e-12
3.9092e-12
4.48703e-12
5.12204e-12
5.81972e-12
6.58602e-12
7.42739e-12
8.35076e-12
9.36356e-12
1.04737e-11
1.16896e-11
1.30198e-11
1.44735e-11
1.60596e-11
1.77871e-11
1.96641e-11
2.16982e-11
2.38948e-11
2.62571e-11
2.87844e-11
3.14709e-11
3.43039e-11
3.72615e-11
4.03101e-11
4.34014e-11
4.64695e-11
4.9428e-11
5.21676e-11
5.45554e-11
5.64364e-11
5.76383e-11
5.79809e-11
5.72905e-11
5.54186e-11
5.22628e-11
4.77861e-11
4.20297e-11
3.51134e-11
2.72218e-11
1.85794e-11
9.42442e-12
-2.12636e-33
2.95037e-16
1.99473e-13
3.89204e-13
5.69897e-13
7.41978e-13
9.05859e-13
1.06193e-12
1.21056e-12
1.3521e-12
1.48689e-12
1.61526e-12
1.7375e-12
1.85391e-12
1.96478e-12
2.07035e-12
2.17089e-12
2.26664e-12
2.35782e-12
2.44465e-12
2.52734e-12
2.60608e-12
2.68108e-12
2.75249e-12
2.8205e-12
2.88527e-12
2.94695e-12
3.00569e-12
3.06163e-12
3.1149e-12
3.16563e-12
3.21394e-12
3.25995e-12
3.76649e-12
4.32329e-12
4.93521e-12
5.60756e-12
6.3461e-12
7.15705e-12
8.04713e-12
9.02357e-12
1.0094e-11
1.12667e-11
1.255e-11
1.39528e-11
1.5484e-11
1.71524e-11
1.89665e-11
2.09336e-11
2.30599e-11
2.53491e-11
2.78015e-11
3.04128e-11
3.31723e-11
3.60607e-11
3.90479e-11
4.209e-11
4.51261e-11
4.80756e-11
5.08357e-11
5.32797e-11
5.52576e-11
5.66003e-11
5.71269e-11
5.66578e-11
5.50318e-11
5.21273e-11
4.78824e-11
4.23108e-11
3.55071e-11
2.76392e-11
1.89277e-11
9.62322e-12
-1.12149e-33
2.9341e-16
1.98373e-13
3.87059e-13
5.66755e-13
7.37888e-13
9.00865e-13
1.05607e-12
1.20388e-12
1.34464e-12
1.47869e-12
1.60635e-12
1.72792e-12
1.84369e-12
1.95395e-12
2.05894e-12
2.15893e-12
2.25414e-12
2.34482e-12
2.43117e-12
2.51341e-12
2.59172e-12
2.6663e-12
2.73732e-12
2.80496e-12
2.86937e-12
2.93071e-12
2.98913e-12
3.04476e-12
3.09773e-12
3.14819e-12
3.19623e-12
3.24199e-12
3.74574e-12
4.29948e-12
4.90804e-12
5.5767e-12
6.31119e-12
7.1177e-12
8.00292e-12
8.97403e-12
1.00387e-11
1.1205e-11
1.24814e-11
1.38767e-11
1.53997e-11
1.70593e-11
1.88639e-11
2.08209e-11
2.29365e-11
2.52143e-11
2.76549e-11
3.0254e-11
3.30012e-11
3.58775e-11
3.88531e-11
4.18846e-11
4.49117e-11
4.78547e-11
5.06113e-11
5.30558e-11
5.50391e-11
5.63926e-11
5.69358e-11
5.64888e-11
5.48898e-11
5.20152e-11
4.78011e-11
4.22583e-11
3.54789e-11
2.76284e-11
1.89267e-11
9.62494e-12
1.02002e-33
2.77973e-16
1.87938e-13
3.66698e-13
5.36942e-13
6.99073e-13
8.53477e-13
1.00052e-12
1.14056e-12
1.27392e-12
1.40092e-12
1.52186e-12
1.63704e-12
1.74673e-12
1.85118e-12
1.95065e-12
2.04538e-12
2.1356e-12
2.22151e-12
2.30332e-12
2.38124e-12
2.45543e-12
2.52609e-12
2.59338e-12
2.65747e-12
2.71849e-12
2.77661e-12
2.83196e-12
2.88466e-12
2.93486e-12
2.98266e-12
3.02819e-12
3.07154e-12
3.54884e-12
4.07352e-12
4.65018e-12
5.28381e-12
5.97988e-12
6.74426e-12
7.58334e-12
8.50394e-12
9.51338e-12
1.06194e-11
1.18302e-11
1.31541e-11
1.45998e-11
1.61759e-11
1.78906e-11
1.97514e-11
2.17646e-11
2.39346e-11
2.62627e-11
2.8746e-11
3.13759e-11
3.41364e-11
3.70011e-11
3.99313e-11
4.28726e-11
4.57518e-11
4.84745e-11
5.09231e-11
5.29562e-11
5.44115e-11
5.51117e-11
5.48755e-11
5.35331e-11
5.09458e-11
4.70277e-11
4.17631e-11
3.52173e-11
2.75348e-11
1.89253e-11
9.64641e-12
2.19218e-33
2.68635e-16
1.81625e-13
3.54382e-13
5.18908e-13
6.75594e-13
8.24813e-13
9.6692e-13
1.10225e-12
1.23113e-12
1.35387e-12
1.47075e-12
1.58207e-12
1.68807e-12
1.78902e-12
1.88515e-12
1.97671e-12
2.06389e-12
2.14692e-12
2.22599e-12
2.30129e-12
2.373e-12
2.44128e-12
2.50632e-12
2.56825e-12
2.62723e-12
2.6834e-12
2.73689e-12
2.78783e-12
2.83634e-12
2.88254e-12
2.92654e-12
2.96844e-12
3.42975e-12
3.93685e-12
4.49421e-12
5.10667e-12
5.77949e-12
6.51841e-12
7.32958e-12
8.21966e-12
9.19573e-12
1.02654e-11
1.14365e-11
1.27173e-11
1.41163e-11
1.5642e-11
1.73024e-11
1.91053e-11
2.1057e-11
2.31622e-11
2.54227e-11
2.78367e-11
3.03967e-11
3.30884e-11
3.58878e-11
3.8759e-11
4.16511e-11
4.44954e-11
4.72023e-11
4.9659e-11
5.17292e-11
5.32545e-11
5.40594e-11
5.39614e-11
5.27853e-11
5.03825e-11
4.6652e-11
4.15602e-11
3.51538e-11
2.75625e-11
1.89888e-11
9.69449e-12
2.0923e-33
2.64707e-16
1.7897e-13
3.492e-13
5.11321e-13
6.65717e-13
8.12754e-13
9.52784e-13
1.08614e-12
1.21314e-12
1.33408e-12
1.44926e-12
1.55894e-12
1.66339e-12
1.76287e-12
1.8576e-12
1.94781e-12
2.03373e-12
2.11554e-12
2.19346e-12
2.26766e-12
2.33832e-12
2.40561e-12
2.46969e-12
2.53072e-12
2.58884e-12
2.64419e-12
2.6969e-12
2.7471e-12
2.7949e-12
2.84043e-12
2.88378e-12
2.92507e-12
3.37965e-12
3.87937e-12
4.42862e-12
5.03217e-12
5.69524e-12
6.42346e-12
7.22292e-12
8.10019e-12
9.06228e-12
1.01167e-11
1.12712e-11
1.2534e-11
1.39136e-11
1.54183e-11
1.70563e-11
1.88352e-11
2.07616e-11
2.28403e-11
2.50735e-11
2.74597e-11
2.99921e-11
3.26572e-11
3.54322e-11
3.82824e-11
4.11589e-11
4.39947e-11
4.67025e-11
4.91719e-11
5.12686e-11
5.28358e-11
5.36986e-11
5.36734e-11
5.25817e-11
5.02691e-11
4.66264e-11
4.161e-11
3.52565e-11
2.7687e-11
1.91001e-11
9.76044e-12
1.1736e-33
2.64438e-16
1.78788e-13
3.48846e-13
5.10802e-13
6.65041e-13
8.1193e-13
9.51817e-13
1.08504e-12
1.21191e-12
1.33273e-12
1.44778e-12
1.55736e-12
1.66171e-12
1.76108e-12
1.85572e-12
1.94584e-12
2.03166e-12
2.1134e-12
2.19123e-12
2.26536e-12
2.33595e-12
2.40317e-12
2.46719e-12
2.52816e-12
2.58622e-12
2.64151e-12
2.69417e-12
2.74431e-12
2.79207e-12
2.83755e-12
2.88086e-12
2.92211e-12
3.37623e-12
3.87544e-12
4.42413e-12
5.02708e-12
5.68949e-12
6.41698e-12
7.21565e-12
8.09205e-12
9.05319e-12
1.01065e-11
1.12599e-11
1.25216e-11
1.38998e-11
1.54031e-11
1.70397e-11
1.88171e-11
2.07419e-11
2.28189e-11
2.50505e-11
2.7435e-11
2.9966e-11
3.26298e-11
3.54036e-11
3.82533e-11
4.11297e-11
4.39662e-11
4.66756e-11
4.91477e-11
5.12485e-11
5.2821e-11
5.36905e-11
5.36731e-11
5.259e-11
5.0286e-11
4.6651e-11
4.16402e-11
3.5289e-11
2.77176e-11
1.91242e-11
9.77386e-12
9.89531e-34
2.64892e-16
1.79095e-13
3.49445e-13
5.11679e-13
6.66183e-13
8.13324e-13
9.53451e-13
1.0869e-12
1.21399e-12
1.33501e-12
1.45027e-12
1.56003e-12
1.66456e-12
1.76411e-12
1.8589e-12
1.94918e-12
2.03515e-12
2.11703e-12
2.195e-12
2.26925e-12
2.33996e-12
2.4073e-12
2.47143e-12
2.5325e-12
2.59066e-12
2.64605e-12
2.6988e-12
2.74903e-12
2.79687e-12
2.84242e-12
2.88581e-12
2.92713e-12
3.38203e-12
3.88211e-12
4.43176e-12
5.03575e-12
5.69931e-12
6.42807e-12
7.22815e-12
8.1061e-12
9.06896e-12
1.01242e-11
1.12797e-11
1.25437e-11
1.39245e-11
1.54307e-11
1.70705e-11
1.88515e-11
2.07803e-11
2.28619e-11
2.50985e-11
2.74889e-11
3.00264e-11
3.26975e-11
3.54799e-11
3.83391e-11
4.12263e-11
4.40751e-11
4.67982e-11
4.92854e-11
5.14024e-11
5.29922e-11
5.38791e-11
5.38783e-11
5.28096e-11
5.05157e-11
4.68842e-11
4.18675e-11
3.54983e-11
2.78947e-11
1.9254e-11
9.84303e-12
1.7416e-33
2.68591e-16
1.81596e-13
3.54325e-13
5.18825e-13
6.75487e-13
8.24682e-13
9.66767e-13
1.10208e-12
1.23094e-12
1.35366e-12
1.47052e-12
1.58182e-12
1.68781e-12
1.78874e-12
1.88486e-12
1.9764e-12
2.06357e-12
2.14659e-12
2.22565e-12
2.30094e-12
2.37264e-12
2.44092e-12
2.50594e-12
2.56787e-12
2.62684e-12
2.683e-12
2.73648e-12
2.78742e-12
2.83592e-12
2.88212e-12
2.92611e-12
2.968e-12
3.42926e-12
3.93631e-12
4.49363e-12
5.10605e-12
5.77885e-12
6.51777e-12
7.32899e-12
8.21916e-12
9.19541e-12
1.02653e-11
1.14368e-11
1.27183e-11
1.41182e-11
1.56452e-11
1.73074e-11
1.91128e-11
2.10679e-11
2.31777e-11
2.54443e-11
2.78665e-11
3.04373e-11
3.31431e-11
3.59607e-11
3.88553e-11
4.17772e-11
4.46585e-11
4.74108e-11
4.99222e-11
5.20565e-11
5.36546e-11
5.45392e-11
5.45239e-11
5.34275e-11
5.10926e-11
4.7407e-11
4.23244e-11
3.58789e-11
2.81898e-11
1.94561e-11
9.94588e-12
1.77493e-33
2.7489e-16
1.85854e-13
3.62633e-13
5.3099e-13
6.91325e-13
8.44019e-13
9.89435e-13
1.12792e-12
1.2598e-12
1.3854e-12
1.505e-12
1.61891e-12
1.72738e-12
1.83068e-12
1.92905e-12
2.02274e-12
2.11195e-12
2.19692e-12
2.27783e-12
2.35488e-12
2.42826e-12
2.49814e-12
2.56469e-12
2.62806e-12
2.68842e-12
2.74589e-12
2.80063e-12
2.85276e-12
2.9024e-12
2.94968e-12
2.9947e-12
3.03758e-12
3.50964e-12
4.02857e-12
4.59892e-12
5.22567e-12
5.91421e-12
6.67039e-12
7.50053e-12
8.41145e-12
9.41041e-12
1.05052e-11
1.17038e-11
1.30149e-11
1.4447e-11
1.6009e-11
1.77091e-11
1.95553e-11
2.15542e-11
2.37108e-11
2.60271e-11
2.85014e-11
3.11264e-11
3.38877e-11
3.67611e-11
3.97104e-11
4.26841e-11
4.56122e-11
4.84035e-11
5.09431e-11
5.30917e-11
5.4687e-11
5.5549e-11
5.54896e-11
5.43275e-11
5.19069e-11
4.8119e-11
4.29224e-11
3.63563e-11
2.8545e-11
1.96904e-11
1.0062e-11
1.6317e-33
2.83094e-16
1.91401e-13
3.73455e-13
5.46836e-13
7.11955e-13
8.69206e-13
1.01896e-12
1.16158e-12
1.29739e-12
1.42674e-12
1.54991e-12
1.66721e-12
1.77892e-12
1.8853e-12
1.98661e-12
2.08309e-12
2.17497e-12
2.26246e-12
2.34579e-12
2.42514e-12
2.50071e-12
2.57267e-12
2.6412e-12
2.70647e-12
2.76862e-12
2.82781e-12
2.88418e-12
2.93787e-12
2.98899e-12
3.03767e-12
3.08404e-12
3.12819e-12
3.61432e-12
4.14871e-12
4.73606e-12
5.38146e-12
6.09047e-12
6.86912e-12
7.7239e-12
8.66181e-12
9.69032e-12
1.08174e-11
1.20513e-11
1.34008e-11
1.48748e-11
1.64821e-11
1.82313e-11
2.01304e-11
2.2186e-11
2.4403e-11
2.67832e-11
2.93244e-11
3.20187e-11
3.48505e-11
3.77944e-11
4.08122e-11
4.38499e-11
4.68345e-11
4.96713e-11
5.22412e-11
5.44009e-11
5.59839e-11
5.68073e-11
5.66812e-11
5.54247e-11
5.28852e-11
4.89597e-11
4.36144e-11
3.68966e-11
2.89376e-11
1.99438e-11
1.01856e-11
1.5009e-33
2.92674e-16
1.97877e-13
3.86092e-13
5.6534e-13
7.36047e-13
8.98618e-13
1.05344e-12
1.20088e-12
1.34129e-12
1.47501e-12
1.60235e-12
1.72362e-12
1.83911e-12
1.94909e-12
2.05383e-12
2.15357e-12
2.24855e-12
2.33901e-12
2.42515e-12
2.50719e-12
2.58531e-12
2.65971e-12
2.73056e-12
2.79803e-12
2.86229e-12
2.92348e-12
2.98175e-12
3.03725e-12
3.0901e-12
3.14043e-12
3.18836e-12
3.23401e-12
3.73657e-12
4.28901e-12
4.89619e-12
5.56337e-12
6.29629e-12
7.10116e-12
7.9847e-12
8.95411e-12
1.00171e-11
1.11819e-11
1.24569e-11
1.38513e-11
1.5374e-11
1.70342e-11
1.88406e-11
2.08011e-11
2.29226e-11
2.52097e-11
2.7664e-11
3.02826e-11
3.30568e-11
3.59698e-11
3.89945e-11
4.20902e-11
4.52001e-11
4.82475e-11
5.11335e-11
5.37344e-11
5.59016e-11
5.74645e-11
5.82364e-11
5.8026e-11
5.66535e-11
5.39708e-11
4.98824e-11
4.4364e-11
3.74734e-11
2.93503e-11
2.02063e-11
1.03121e-11
1.38077e-33
3.03219e-16
2.05006e-13
4.00001e-13
5.85706e-13
7.62562e-13
9.3099e-13
1.09139e-12
1.24414e-12
1.38961e-12
1.52815e-12
1.66007e-12
1.78571e-12
1.90536e-12
2.0193e-12
2.12781e-12
2.23114e-12
2.32954e-12
2.42326e-12
2.5125e-12
2.59749e-12
2.67842e-12
2.7555e-12
2.8289e-12
2.8988e-12
2.96537e-12
3.02876e-12
3.08914e-12
3.14663e-12
3.20138e-12
3.25353e-12
3.30318e-12
3.35047e-12
3.87111e-12
4.44343e-12
5.07242e-12
5.76357e-12
6.52279e-12
7.35653e-12
8.2717e-12
9.27577e-12
1.03767e-11
1.15829e-11
1.29032e-11
1.43469e-11
1.59232e-11
1.76414e-11
1.95105e-11
2.15386e-11
2.37324e-11
2.60963e-11
2.86315e-11
3.13348e-11
3.41962e-11
3.71976e-11
4.03097e-11
4.34895e-11
4.66767e-11
4.97907e-11
5.27276e-11
5.53586e-11
5.75298e-11
5.90656e-11
5.97757e-11
5.94676e-11
5.79633e-11
5.51199e-11
5.0851e-11
4.51435e-11
3.80667e-11
2.97699e-11
2.04701e-11
1.04381e-11
1.27003e-33
3.14401e-16
2.12565e-13
4.1475e-13
6.07303e-13
7.9068e-13
9.65317e-13
1.13163e-12
1.29001e-12
1.44085e-12
1.58449e-12
1.72128e-12
1.85155e-12
1.97561e-12
2.09375e-12
2.20625e-12
2.3134e-12
2.41543e-12
2.51259e-12
2.60513e-12
2.69325e-12
2.77716e-12
2.85708e-12
2.93318e-12
3.00566e-12
3.07468e-12
3.14041e-12
3.20301e-12
3.26262e-12
3.31939e-12
3.37345e-12
3.42494e-12
3.47397e-12
4.01378e-12
4.60716e-12
5.2593e-12
5.97586e-12
6.76297e-12
7.62729e-12
8.576e-12
9.61681e-12
1.07579e-11
1.20081e-11
1.33763e-11
1.48722e-11
1.65052e-11
1.8285e-11
2.02205e-11
2.232e-11
2.45901e-11
2.70352e-11
2.96559e-11
3.24483e-11
3.54015e-11
3.84956e-11
4.16993e-11
4.49667e-11
4.8234e-11
5.14161e-11
5.44041e-11
5.70636e-11
5.92352e-11
6.0738e-11
6.13782e-11
6.09623e-11
5.93147e-11
5.62987e-11
5.18379e-11
4.59315e-11
3.86612e-11
3.01865e-11
2.07298e-11
1.05613e-11
1.16769e-33
3.25958e-16
2.20378e-13
4.29995e-13
6.29624e-13
8.19741e-13
1.0008e-12
1.17322e-12
1.33743e-12
1.4938e-12
1.64272e-12
1.78454e-12
1.9196e-12
2.04821e-12
2.17069e-12
2.28733e-12
2.39841e-12
2.50419e-12
2.60493e-12
2.70086e-12
2.79221e-12
2.87921e-12
2.96206e-12
3.04096e-12
3.1161e-12
3.18766e-12
3.2558e-12
3.3207e-12
3.3825e-12
3.44135e-12
3.4974e-12
3.55078e-12
3.60161e-12
4.16124e-12
4.77639e-12
5.45244e-12
6.19525e-12
7.01118e-12
7.90712e-12
8.89049e-12
9.96924e-12
1.11519e-11
1.24474e-11
1.38652e-11
1.54149e-11
1.71066e-11
1.89498e-11
2.09538e-11
2.31269e-11
2.54758e-11
2.80044e-11
3.07132e-11
3.35972e-11
3.66445e-11
3.98336e-11
4.31309e-11
4.64874e-11
4.98356e-11
5.30859e-11
5.61241e-11
5.881e-11
6.09782e-11
6.24431e-11
6.30072e-11
6.24763e-11
6.06775e-11
5.74816e-11
5.28225e-11
4.67124e-11
3.9246e-11
3.0593e-11
2.09812e-11
1.06798e-11
1.07302e-33
3.3768e-16
2.28302e-13
4.45455e-13
6.52263e-13
8.49215e-13
1.03678e-12
1.2154e-12
1.38551e-12
1.54751e-12
1.70178e-12
1.8487e-12
1.98861e-12
2.12185e-12
2.24873e-12
2.36956e-12
2.48463e-12
2.59421e-12
2.69857e-12
2.79795e-12
2.89259e-12
2.98271e-12
3.06854e-12
3.15028e-12
3.22811e-12
3.30224e-12
3.37283e-12
3.44006e-12
3.50408e-12
3.56504e-12
3.62311e-12
3.6784e-12
3.73106e-12
4.31078e-12
4.94801e-12
5.64831e-12
6.41776e-12
7.26291e-12
8.1909e-12
9.2094e-12
1.03266e-11
1.15514e-11
1.28929e-11
1.43608e-11
1.59653e-11
1.77162e-11
1.96237e-11
2.16971e-11
2.39447e-11
2.63732e-11
2.89863e-11
3.1784e-11
3.47605e-11
3.79026e-11
4.11872e-11
4.45784e-11
4.8024e-11
5.14526e-11
5.477e-11
5.78566e-11
6.05663e-11
6.27279e-11
6.41507e-11
6.46341e-11
6.39833e-11
6.20289e-11
5.86491e-11
5.37891e-11
4.74746e-11
3.98131e-11
3.09845e-11
2.12218e-11
1.07927e-11
9.85395e-34
3.49395e-16
2.36222e-13
4.60909e-13
6.7489e-13
8.78674e-13
1.07275e-12
1.25757e-12
1.43357e-12
1.60119e-12
1.76082e-12
1.91283e-12
2.05759e-12
2.19545e-12
2.32673e-12
2.45175e-12
2.57081e-12
2.68419e-12
2.79217e-12
2.89499e-12
2.99291e-12
3.08616e-12
3.17496e-12
3.25953e-12
3.34007e-12
3.41676e-12
3.4898e-12
3.55936e-12
3.6256e-12
3.68868e-12
3.74875e-12
3.80596e-12
3.86044e-12
4.46025e-12
5.11955e-12
5.84409e-12
6.64014e-12
7.5145e-12
8.47453e-12
9.52813e-12
1.06838e-11
1.19506e-11
1.33381e-11
1.48562e-11
1.65151e-11
1.83254e-11
2.0297e-11
2.24396e-11
2.47616e-11
2.72695e-11
2.99668e-11
3.2853e-11
3.59215e-11
3.91578e-11
4.25372e-11
4.60211e-11
4.95545e-11
5.3062e-11
5.64446e-11
5.95772e-11
6.2308e-11
6.446e-11
6.58376e-11
6.6237e-11
6.54634e-11
6.33514e-11
5.97868e-11
5.47266e-11
4.82098e-11
4.03569e-11
3.13577e-11
2.14497e-11
1.08991e-11
9.04318e-34
3.60969e-16
2.44046e-13
4.76175e-13
6.97244e-13
9.07778e-13
1.10828e-12
1.29922e-12
1.48106e-12
1.65422e-12
1.81913e-12
1.97618e-12
2.12573e-12
2.26816e-12
2.40379e-12
2.53295e-12
2.65595e-12
2.77308e-12
2.88463e-12
2.99086e-12
3.09202e-12
3.18836e-12
3.2801e-12
3.36747e-12
3.45067e-12
3.5299e-12
3.60535e-12
3.67721e-12
3.74564e-12
3.81081e-12
3.87287e-12
3.93197e-12
3.98826e-12
4.60791e-12
5.289e-12
6.03749e-12
6.85983e-12
7.76304e-12
8.7547e-12
9.84298e-12
1.10366e-11
1.2345e-11
1.37778e-11
1.53454e-11
1.70582e-11
1.89269e-11
2.09619e-11
2.31728e-11
2.55681e-11
2.81542e-11
3.09345e-11
3.39078e-11
3.70668e-11
4.03957e-11
4.38679e-11
4.74426e-11
5.10616e-11
5.46456e-11
5.80908e-11
6.12669e-11
6.40161e-11
6.61558e-11
6.74856e-11
6.77992e-11
6.69019e-11
6.46322e-11
6.08845e-11
5.56271e-11
4.89125e-11
4.08739e-11
3.17105e-11
2.16641e-11
1.09987e-11
8.29343e-34
3.72294e-16
2.51702e-13
4.91112e-13
7.19115e-13
9.36253e-13
1.14304e-12
1.33997e-12
1.52751e-12
1.70611e-12
1.87619e-12
2.03816e-12
2.19241e-12
2.3393e-12
2.47918e-12
2.61239e-12
2.73925e-12
2.86006e-12
2.9751e-12
3.08466e-12
3.18899e-12
3.28835e-12
3.38296e-12
3.47307e-12
3.55888e-12
3.64059e-12
3.71841e-12
3.79252e-12
3.8631e-12
3.93031e-12
3.99432e-12
4.05527e-12
4.11332e-12
4.75238e-12
5.4548e-12
6.22671e-12
7.07477e-12
8.0062e-12
9.02881e-12
1.0151e-11
1.13818e-11
1.27308e-11
1.4208e-11
1.58239e-11
1.75895e-11
1.95153e-11
2.16122e-11
2.38898e-11
2.63568e-11
2.90193e-11
3.18805e-11
3.49388e-11
3.81859e-11
4.16049e-11
4.51673e-11
4.88301e-11
5.25318e-11
5.61893e-11
5.96943e-11
6.29109e-11
6.56758e-11
6.7801e-11
6.90815e-11
6.93085e-11
6.82878e-11
6.58624e-11
6.19348e-11
5.64852e-11
4.95791e-11
4.13619e-11
3.20418e-11
2.18644e-11
1.10915e-11
7.60068e-34
3.83285e-16
2.59132e-13
5.05609e-13
7.40342e-13
9.63889e-13
1.17678e-12
1.37952e-12
1.5726e-12
1.75647e-12
1.93157e-12
2.09832e-12
2.25712e-12
2.40834e-12
2.55235e-12
2.68949e-12
2.82009e-12
2.94447e-12
3.0629e-12
3.17569e-12
3.2831e-12
3.38539e-12
3.4828e-12
3.57556e-12
3.6639e-12
3.74803e-12
3.82814e-12
3.90444e-12
3.97709e-12
4.04629e-12
4.11218e-12
4.17493e-12
4.23469e-12
4.89259e-12
5.61571e-12
6.41035e-12
7.28336e-12
8.24218e-12
9.29483e-12
1.045e-11
1.17168e-11
1.31052e-11
1.46254e-11
1.62883e-11
1.81049e-11
2.00863e-11
2.22431e-11
2.45854e-11
2.71218e-11
2.98583e-11
3.2798e-11
3.59384e-11
3.92707e-11
4.27767e-11
4.64262e-11
5.01736e-11
5.39547e-11
5.76824e-11
6.12438e-11
6.44981e-11
6.72762e-11
6.93851e-11
7.06154e-11
7.0756e-11
6.96136e-11
6.70356e-11
6.29331e-11
5.72977e-11
5.02076e-11
4.182e-11
3.23513e-11
2.20507e-11
1.11775e-11
6.96123e-34
3.93878e-16
2.66293e-13
5.19581e-13
7.60802e-13
9.90526e-13
1.2093e-12
1.41765e-12
1.61606e-12
1.80501e-12
1.98495e-12
2.1563e-12
2.31949e-12
2.47489e-12
2.62288e-12
2.76381e-12
2.89802e-12
3.02582e-12
3.14753e-12
3.26344e-12
3.37381e-12
3.47892e-12
3.57902e-12
3.67435e-12
3.76513e-12
3.85158e-12
3.9339e-12
4.0123e-12
4.08697e-12
4.15807e-12
4.22578e-12
4.29026e-12
4.35167e-12
5.02773e-12
5.7708e-12
6.58735e-12
7.48441e-12
8.46962e-12
9.55122e-12
1.07381e-11
1.20396e-11
1.3466e-11
1.50277e-11
1.67358e-11
1.86016e-11
2.06364e-11
2.2851e-11
2.52556e-11
2.78587e-11
3.06665e-11
3.36815e-11
3.6901e-11
4.03151e-11
4.39046e-11
4.76374e-11
5.14659e-11
5.53226e-11
5.91169e-11
6.27315e-11
6.60204e-11
6.88096e-11
7.09006e-11
7.20804e-11
7.21357e-11
7.08742e-11
6.81481e-11
6.38767e-11
5.80629e-11
5.07972e-11
4.22479e-11
3.26392e-11
2.22233e-11
1.12569e-11
6.37161e-34
4.04027e-16
2.73154e-13
5.32968e-13
7.80403e-13
1.01605e-12
1.24046e-12
1.45417e-12
1.65769e-12
1.85151e-12
2.03608e-12
2.21185e-12
2.37924e-12
2.53864e-12
2.69044e-12
2.835e-12
2.97267e-12
3.10377e-12
3.22861e-12
3.3475e-12
3.46072e-12
3.56853e-12
3.67121e-12
3.76899e-12
3.8621e-12
3.95078e-12
4.03522e-12
4.11564e-12
4.19223e-12
4.26516e-12
4.33462e-12
4.40076e-12
4.46375e-12
5.1572e-12
5.91938e-12
6.75691e-12
7.67702e-12
8.68752e-12
9.79684e-12
1.10141e-11
1.23489e-11
1.38116e-11
1.54131e-11
1.71645e-11
1.90774e-11
2.11633e-11
2.34333e-11
2.58975e-11
2.85645e-11
3.14404e-11
3.45274e-11
3.78224e-11
4.13147e-11
4.49837e-11
4.8796e-11
5.27015e-11
5.66299e-11
6.04871e-11
6.41515e-11
6.74723e-11
7.02703e-11
7.23425e-11
7.3472e-11
7.34437e-11
7.20667e-11
6.91976e-11
6.47643e-11
5.87803e-11
5.13479e-11
4.2646e-11
3.2906e-11
2.23826e-11
1.13299e-11
5.82852e-34
4.137e-16
2.79692e-13
5.45726e-13
7.99084e-13
1.04037e-12
1.27015e-12
1.48898e-12
1.69737e-12
1.89583e-12
2.08482e-12
2.26479e-12
2.43619e-12
2.59941e-12
2.75484e-12
2.90286e-12
3.04381e-12
3.17805e-12
3.30588e-12
3.42761e-12
3.54354e-12
3.65393e-12
3.75907e-12
3.85918e-12
3.95453e-12
4.04532e-12
4.13179e-12
4.21413e-12
4.29254e-12
4.36722e-12
4.43834e-12
4.50606e-12
4.57056e-12
5.28058e-12
6.06097e-12
6.91851e-12
7.86058e-12
8.89517e-12
1.00309e-11
1.12771e-11
1.26436e-11
1.4141e-11
1.57803e-11
1.7573e-11
1.95308e-11
2.16654e-11
2.3988e-11
2.65089e-11
2.92368e-11
3.21775e-11
3.53331e-11
3.86998e-11
4.22664e-11
4.6011e-11
4.98985e-11
5.38769e-11
5.78731e-11
6.17894e-11
6.55002e-11
6.88501e-11
7.16552e-11
7.37079e-11
7.47877e-11
7.46783e-11
7.31897e-11
7.01837e-11
6.55958e-11
5.94503e-11
5.18606e-11
4.30153e-11
3.31525e-11
2.25293e-11
1.1397e-11
5.3288e-34
4.22875e-16
2.85895e-13
5.57828e-13
8.16804e-13
1.06344e-12
1.29832e-12
1.522e-12
1.73501e-12
1.93787e-12
2.13105e-12
2.31502e-12
2.49021e-12
2.65704e-12
2.81592e-12
2.96722e-12
3.1113e-12
3.24851e-12
3.37918e-12
3.50361e-12
3.6221e-12
3.73495e-12
3.84241e-12
3.94474e-12
4.0422e-12
4.13501e-12
4.22339e-12
4.30755e-12
4.38771e-12
4.46404e-12
4.53673e-12
4.60595e-12
4.67188e-12
5.39763e-12
6.19529e-12
7.07181e-12
8.0347e-12
9.09214e-12
1.02529e-11
1.15266e-11
1.29232e-11
1.44534e-11
1.61286e-11
1.79605e-11
1.99608e-11
2.21416e-11
2.45141e-11
2.70888e-11
2.98743e-11
3.28765e-11
3.60969e-11
3.95316e-11
4.31684e-11
4.69844e-11
5.0943e-11
5.499e-11
5.90499e-11
6.30216e-11
6.67755e-11
7.01521e-11
7.29626e-11
7.49954e-11
7.60267e-11
7.58388e-11
7.42434e-11
7.11066e-11
6.63721e-11
6.0074e-11
5.23363e-11
4.33568e-11
3.33798e-11
2.26641e-11
1.14585e-11
4.86947e-34
4.31543e-16
2.91754e-13
5.69261e-13
8.33545e-13
1.08523e-12
1.32493e-12
1.55319e-12
1.77057e-12
1.97758e-12
2.17472e-12
2.36246e-12
2.54124e-12
2.7115e-12
2.87363e-12
3.02803e-12
3.17506e-12
3.31508e-12
3.44842e-12
3.5754e-12
3.69632e-12
3.81148e-12
3.92114e-12
4.02557e-12
4.12502e-12
4.21973e-12
4.30992e-12
4.39581e-12
4.47761e-12
4.5555e-12
4.62968e-12
4.70032e-12
4.7676e-12
5.5082e-12
6.32219e-12
7.21662e-12
8.19919e-12
9.27822e-12
1.04627e-11
1.17623e-11
1.31872e-11
1.47486e-11
1.64577e-11
1.83264e-11
2.0367e-11
2.25913e-11
2.5011e-11
2.76365e-11
3.04764e-11
3.35365e-11
3.68181e-11
4.03169e-11
4.40198e-11
4.7903e-11
5.19285e-11
5.604e-11
6.01595e-11
6.41829e-11
6.79769e-11
7.13776e-11
7.41922e-11
7.62049e-11
7.71891e-11
7.6926e-11
7.52286e-11
7.19678e-11
6.70947e-11
6.0653e-11
5.27766e-11
4.3672e-11
3.35888e-11
2.27877e-11
1.15148e-11
3.49685e-34
4.36015e-16
2.94777e-13
5.75159e-13
8.42181e-13
1.09648e-12
1.33865e-12
1.56928e-12
1.78891e-12
1.99807e-12
2.19725e-12
2.38693e-12
2.56757e-12
2.73958e-12
2.9034e-12
3.05939e-12
3.20795e-12
3.34942e-12
3.48414e-12
3.61243e-12
3.73461e-12
3.85096e-12
3.96175e-12
4.06727e-12
4.16775e-12
4.26343e-12
4.35456e-12
4.44134e-12
4.52398e-12
4.60268e-12
4.67762e-12
4.749e-12
4.81697e-12
5.56524e-12
6.38764e-12
7.29132e-12
8.28404e-12
9.37421e-12
1.05709e-11
1.18838e-11
1.33235e-11
1.49008e-11
1.66274e-11
1.85152e-11
2.05765e-11
2.28233e-11
2.52673e-11
2.79189e-11
3.07869e-11
3.38768e-11
3.719e-11
4.07217e-11
4.44587e-11
4.83765e-11
5.24364e-11
5.65811e-11
6.07311e-11
6.47809e-11
6.85952e-11
7.20081e-11
7.48244e-11
7.68264e-11
7.77858e-11
7.74834e-11
7.57331e-11
7.24081e-11
6.74635e-11
6.09479e-11
5.30004e-11
4.38318e-11
3.36946e-11
2.28501e-11
1.15431e-11
-1.35791e-34
4.39366e-16
2.97043e-13
5.79579e-13
8.48654e-13
1.1049e-12
1.34894e-12
1.58134e-12
1.80266e-12
2.01342e-12
2.21414e-12
2.40528e-12
2.5873e-12
2.76064e-12
2.92571e-12
3.0829e-12
3.2326e-12
3.37516e-12
3.51091e-12
3.64019e-12
3.76331e-12
3.88055e-12
3.9922e-12
4.09852e-12
4.19977e-12
4.29619e-12
4.38802e-12
4.47546e-12
4.55874e-12
4.63804e-12
4.71356e-12
4.78549e-12
4.85398e-12
5.60799e-12
6.4367e-12
7.34731e-12
8.34764e-12
9.44615e-12
1.0652e-11
1.1975e-11
1.34256e-11
1.50149e-11
1.67546e-11
1.86567e-11
2.07335e-11
2.29971e-11
2.54593e-11
2.81306e-11
3.10195e-11
3.41318e-11
3.74686e-11
4.10249e-11
4.47874e-11
4.8731e-11
5.28165e-11
5.69859e-11
6.11586e-11
6.52279e-11
6.90572e-11
7.24787e-11
7.52958e-11
7.72891e-11
7.82293e-11
7.78969e-11
7.61062e-11
7.27326e-11
6.77342e-11
6.11632e-11
5.31627e-11
4.39468e-11
3.37699e-11
2.28941e-11
1.15629e-11
-7.67317e-34
4.44252e-16
3.00345e-13
5.86023e-13
8.58089e-13
1.11719e-12
1.36394e-12
1.59892e-12
1.8227e-12
2.03581e-12
2.23875e-12
2.43201e-12
2.61606e-12
2.79133e-12
2.95823e-12
3.11717e-12
3.26853e-12
3.41267e-12
3.54994e-12
3.68065e-12
3.80513e-12
3.92368e-12
4.03657e-12
4.14407e-12
4.24645e-12
4.34394e-12
4.43678e-12
4.5252e-12
4.6094e-12
4.68959e-12
4.76595e-12
4.83867e-12
4.90792e-12
5.6703e-12
6.50821e-12
7.42892e-12
8.44033e-12
9.551e-12
1.07702e-11
1.21078e-11
1.35743e-11
1.51811e-11
1.69399e-11
1.88628e-11
2.09622e-11
2.32503e-11
2.5739e-11
2.84387e-11
3.13581e-11
3.45027e-11
3.78737e-11
4.14657e-11
4.52648e-11
4.92456e-11
5.33677e-11
5.75721e-11
6.17768e-11
6.58731e-11
6.97222e-11
7.31541e-11
7.59697e-11
7.79473e-11
7.88563e-11
7.84765e-11
7.66238e-11
7.31766e-11
6.80977e-11
6.14455e-11
5.33689e-11
4.4087e-11
3.38573e-11
2.29422e-11
1.15835e-11
-9.82548e-34
4.46435e-16
3.01821e-13
5.88902e-13
8.62305e-13
1.12268e-12
1.37064e-12
1.60678e-12
1.83166e-12
2.04581e-12
2.24975e-12
2.44396e-12
2.62891e-12
2.80504e-12
2.97276e-12
3.13249e-12
3.28459e-12
3.42944e-12
3.56738e-12
3.69873e-12
3.82383e-12
3.94295e-12
4.05639e-12
4.16443e-12
4.2673e-12
4.36528e-12
4.45858e-12
4.54743e-12
4.63204e-12
4.71262e-12
4.78935e-12
4.86243e-12
4.93202e-12
5.69814e-12
6.54016e-12
7.46538e-12
8.48173e-12
9.59783e-12
1.0823e-11
1.21671e-11
1.36408e-11
1.52553e-11
1.70226e-11
1.89547e-11
2.10641e-11
2.33631e-11
2.58635e-11
2.85758e-11
3.15086e-11
3.46674e-11
3.80533e-11
4.16607e-11
4.54755e-11
4.9472e-11
5.36094e-11
5.7828e-11
6.20451e-11
6.61511e-11
7.00062e-11
7.34393e-11
7.625e-11
7.82158e-11
7.91055e-11
7.8699e-11
7.68133e-11
7.33286e-11
6.82107e-11
6.15213e-11
5.34125e-11
4.41058e-11
3.38602e-11
2.29379e-11
1.15792e-11
-8.93051e-34
4.46537e-16
3.0189e-13
5.89037e-13
8.62502e-13
1.12293e-12
1.37095e-12
1.60714e-12
1.83207e-12
2.04628e-12
2.25026e-12
2.44452e-12
2.62951e-12
2.80568e-12
2.97344e-12
3.1332e-12
3.28534e-12
3.43022e-12
3.56819e-12
3.69958e-12
3.8247e-12
3.94385e-12
4.05732e-12
4.16537e-12
4.26828e-12
4.36627e-12
4.45959e-12
4.54846e-12
4.63309e-12
4.71369e-12
4.79044e-12
4.86354e-12
4.93314e-12
5.69944e-12
6.54164e-12
7.46706e-12
8.48364e-12
9.59999e-12
1.08254e-11
1.21698e-11
1.36438e-11
1.52587e-11
1.70262e-11
1.89587e-11
2.10685e-11
2.33679e-11
2.58686e-11
2.85812e-11
3.15143e-11
3.46733e-11
3.80592e-11
4.16665e-11
4.5481e-11
4.94768e-11
5.3613e-11
5.78298e-11
6.20444e-11
6.6147e-11
6.99975e-11
7.34247e-11
7.62282e-11
7.81854e-11
7.90652e-11
7.86483e-11
7.6752e-11
7.32579e-11
6.8133e-11
6.14402e-11
5.33328e-11
4.40329e-11
3.37995e-11
2.28943e-11
1.15563e-11
-8.10435e-34
4.4507e-16
3.00898e-13
5.87102e-13
8.59669e-13
1.11924e-12
1.36645e-12
1.60186e-12
1.82605e-12
2.03955e-12
2.24287e-12
2.43649e-12
2.62087e-12
2.79646e-12
2.96367e-12
3.12291e-12
3.27455e-12
3.41895e-12
3.55647e-12
3.68742e-12
3.81213e-12
3.93089e-12
4.04399e-12
4.15169e-12
4.25425e-12
4.35193e-12
4.44494e-12
4.53352e-12
4.61787e-12
4.6982e-12
4.77471e-12
4.84756e-12
4.91694e-12
5.68072e-12
6.52015e-12
7.44253e-12
8.45578e-12
9.56845e-12
1.07898e-11
1.21298e-11
1.35989e-11
1.52085e-11
1.69703e-11
1.88965e-11
2.09993e-11
2.32911e-11
2.57836e-11
2.84873e-11
3.14108e-11
3.45595e-11
3.79343e-11
4.15298e-11
4.53318e-11
4.93145e-11
5.34372e-11
5.76402e-11
6.18411e-11
6.59304e-11
6.97685e-11
7.31847e-11
7.59793e-11
7.79304e-11
7.88078e-11
7.83926e-11
7.6503e-11
7.30208e-11
6.79131e-11
6.12426e-11
5.31618e-11
4.38923e-11
3.3692e-11
2.28218e-11
1.15199e-11
-7.34612e-34
4.4245e-16
2.99127e-13
5.83646e-13
8.54609e-13
1.11266e-12
1.3584e-12
1.59244e-12
1.81531e-12
2.02755e-12
2.22967e-12
2.42215e-12
2.60545e-12
2.78e-12
2.94623e-12
3.10453e-12
3.25527e-12
3.39883e-12
3.53554e-12
3.66572e-12
3.7897e-12
3.90776e-12
4.02019e-12
4.12726e-12
4.22922e-12
4.32631e-12
4.41878e-12
4.50684e-12
4.5907e-12
4.67056e-12
4.74661e-12
4.81903e-12
4.888e-12
5.64729e-12
6.48178e-12
7.39874e-12
8.40603e-12
9.51217e-12
1.07263e-11
1.20584e-11
1.3519e-11
1.51192e-11
1.68706e-11
1.87855e-11
2.08761e-11
2.31545e-11
2.56325e-11
2.83206e-11
3.12271e-11
3.43577e-11
3.77132e-11
4.12883e-11
4.50689e-11
4.90295e-11
5.31297e-11
5.73102e-11
6.14892e-11
6.5558e-11
6.93779e-11
7.27794e-11
7.5564e-11
7.75111e-11
7.83916e-11
7.79874e-11
7.61173e-11
7.26628e-11
6.75901e-11
6.09605e-11
5.2925e-11
4.37031e-11
3.35512e-11
2.27288e-11
1.14738e-11
-6.65329e-34
4.39012e-16
2.96803e-13
5.79111e-13
8.47967e-13
1.10401e-12
1.34785e-12
1.58006e-12
1.8012e-12
2.01179e-12
2.21234e-12
2.40333e-12
2.5852e-12
2.7584e-12
2.92334e-12
3.0804e-12
3.22998e-12
3.37242e-12
3.50806e-12
3.63724e-12
3.76025e-12
3.8774e-12
3.98895e-12
4.09519e-12
4.19636e-12
4.2927e-12
4.38445e-12
4.47182e-12
4.55503e-12
4.63427e-12
4.70973e-12
4.78159e-12
4.85003e-12
5.60341e-12
6.43143e-12
7.34127e-12
8.34074e-12
9.4383e-12
1.06431e-11
1.19649e-11
1.34141e-11
1.50019e-11
1.67398e-11
1.86399e-11
2.07144e-11
2.29754e-11
2.54345e-11
2.8102e-11
3.09866e-11
3.40935e-11
3.7424e-11
4.09726e-11
4.47255e-11
4.86576e-11
5.27288e-11
5.68806e-11
6.10319e-11
6.50751e-11
6.8873e-11
7.22573e-11
7.50312e-11
7.69758e-11
7.78633e-11
7.74769e-11
7.56354e-11
7.22199e-11
6.7195e-11
6.06199e-11
5.26427e-11
4.34805e-11
3.33875e-11
2.26219e-11
1.14212e-11
-6.02234e-34
4.3502e-16
2.94104e-13
5.73845e-13
8.40257e-13
1.09397e-12
1.33559e-12
1.56569e-12
1.78482e-12
1.9935e-12
2.19223e-12
2.38148e-12
2.5617e-12
2.73332e-12
2.89676e-12
3.0524e-12
3.20061e-12
3.34176e-12
3.47617e-12
3.60417e-12
3.72607e-12
3.84215e-12
3.95269e-12
4.05796e-12
4.15821e-12
4.25368e-12
4.34459e-12
4.43117e-12
4.51362e-12
4.59214e-12
4.66691e-12
4.73812e-12
4.80594e-12
5.55248e-12
6.37298e-12
7.27456e-12
8.26495e-12
9.35256e-12
1.05464e-11
1.18562e-11
1.32923e-11
1.48658e-11
1.6588e-11
1.8471e-11
2.05269e-11
2.27676e-11
2.52047e-11
2.78485e-11
3.07075e-11
3.37872e-11
3.70886e-11
4.06066e-11
4.43277e-11
4.82269e-11
5.22648e-11
5.63838e-11
6.05036e-11
6.45179e-11
6.8291e-11
7.16565e-11
7.44193e-11
7.63626e-11
7.72601e-11
7.68961e-11
7.50896e-11
7.17208e-11
6.67524e-11
6.02408e-11
5.23308e-11
4.32364e-11
3.32092e-11
2.25063e-11
1.13645e-11
-5.44919e-34
4.30682e-16
2.91172e-13
5.68124e-13
8.3188e-13
1.08307e-12
1.32228e-12
1.55008e-12
1.76703e-12
1.97363e-12
2.17037e-12
2.35774e-12
2.53616e-12
2.70607e-12
2.86788e-12
3.02197e-12
3.16871e-12
3.30845e-12
3.44152e-12
3.56824e-12
3.68892e-12
3.80384e-12
3.91329e-12
4.01751e-12
4.11676e-12
4.21127e-12
4.30128e-12
4.387e-12
4.46863e-12
4.54636e-12
4.62039e-12
4.69089e-12
4.75803e-12
5.49714e-12
6.30946e-12
7.20207e-12
8.18261e-12
9.25939e-12
1.04414e-11
1.17382e-11
1.31601e-11
1.47179e-11
1.64231e-11
1.82875e-11
2.03231e-11
2.25418e-11
2.49551e-11
2.75731e-11
3.04045e-11
3.34546e-11
3.67245e-11
4.02094e-11
4.38959e-11
4.77596e-11
5.17617e-11
5.58452e-11
5.99311e-11
6.39145e-11
6.76613e-11
7.1007e-11
7.37587e-11
7.57014e-11
7.66109e-11
7.62723e-11
7.45049e-11
7.11878e-11
6.62815e-11
5.98391e-11
5.20018e-11
4.29801e-11
3.3023e-11
2.23859e-11
1.13058e-11
-4.92952e-34
4.26161e-16
2.88115e-13
5.62159e-13
8.23146e-13
1.0717e-12
1.3084e-12
1.53381e-12
1.74848e-12
1.95291e-12
2.14759e-12
2.33298e-12
2.50953e-12
2.67766e-12
2.83777e-12
2.99025e-12
3.13544e-12
3.27372e-12
3.40539e-12
3.53079e-12
3.6502e-12
3.76392e-12
3.87221e-12
3.97534e-12
4.07354e-12
4.16707e-12
4.25613e-12
4.34095e-12
4.42172e-12
4.49864e-12
4.5719e-12
4.64166e-12
4.70809e-12
5.43944e-12
6.24325e-12
7.1265e-12
8.09677e-12
9.16227e-12
1.03319e-11
1.16151e-11
1.30222e-11
1.45637e-11
1.62512e-11
1.80962e-11
2.01107e-11
2.23065e-11
2.46949e-11
2.72862e-11
3.00887e-11
3.31079e-11
3.63452e-11
3.97956e-11
4.34461e-11
4.72729e-11
5.12377e-11
5.52845e-11
5.93354e-11
6.32868e-11
6.70065e-11
7.03321e-11
7.30727e-11
7.50155e-11
7.59381e-11
7.56267e-11
7.39008e-11
7.06382e-11
6.57971e-11
5.9427e-11
5.16654e-11
4.27188e-11
3.28337e-11
2.22639e-11
1.12463e-11
-1.38157e-34
4.21396e-16
2.84894e-13
5.55876e-13
8.13945e-13
1.05972e-12
1.29377e-12
1.51667e-12
1.72893e-12
1.93108e-12
2.12358e-12
2.30691e-12
2.48148e-12
2.64774e-12
2.80606e-12
2.95682e-12
3.1004e-12
3.23713e-12
3.36733e-12
3.49132e-12
3.6094e-12
3.72185e-12
3.82893e-12
3.93091e-12
4.02802e-12
4.1205e-12
4.20857e-12
4.29244e-12
4.37231e-12
4.44837e-12
4.5208e-12
4.58978e-12
4.65548e-12
5.37866e-12
6.17349e-12
7.04688e-12
8.00633e-12
9.05995e-12
1.02165e-11
1.14855e-11
1.28769e-11
1.44013e-11
1.60701e-11
1.78947e-11
1.9887e-11
2.20586e-11
2.44208e-11
2.69838e-11
2.9756e-11
3.27428e-11
3.59455e-11
3.93596e-11
4.29723e-11
4.67602e-11
5.06858e-11
5.46939e-11
5.87078e-11
6.26257e-11
6.63169e-11
6.96213e-11
7.23503e-11
7.42933e-11
7.52298e-11
7.49473e-11
7.32652e-11
7.00603e-11
6.52879e-11
5.89941e-11
5.13121e-11
4.24447e-11
3.26354e-11
2.21362e-11
1.11841e-11
2.00375e-34
4.16227e-16
2.814e-13
5.49057e-13
8.03962e-13
1.04672e-12
1.2779e-12
1.49806e-12
1.70773e-12
1.90739e-12
2.09754e-12
2.27861e-12
2.45105e-12
2.61526e-12
2.77164e-12
2.92056e-12
3.06237e-12
3.19742e-12
3.32603e-12
3.44851e-12
3.56514e-12
3.6762e-12
3.78197e-12
3.8827e-12
3.97862e-12
4.06997e-12
4.15696e-12
4.2398e-12
4.31869e-12
4.39382e-12
4.46537e-12
4.5335e-12
4.59839e-12
5.31271e-12
6.0978e-12
6.96049e-12
7.90819e-12
8.94893e-12
1.00914e-11
1.13448e-11
1.27192e-11
1.42251e-11
1.58736e-11
1.7676e-11
1.96442e-11
2.17896e-11
2.41234e-11
2.66557e-11
2.93949e-11
3.23464e-11
3.55117e-11
3.88864e-11
4.2458e-11
4.62037e-11
5.00865e-11
5.40525e-11
5.80263e-11
6.19075e-11
6.55677e-11
6.88488e-11
7.15649e-11
7.35078e-11
7.4459e-11
7.42074e-11
7.25725e-11
6.94299e-11
6.47321e-11
5.85211e-11
5.09258e-11
4.21448e-11
3.24181e-11
2.19961e-11
1.11159e-11
2.19083e-34
4.10626e-16
2.77613e-13
5.41669e-13
7.93143e-13
1.03263e-12
1.26071e-12
1.47791e-12
1.68475e-12
1.88173e-12
2.06931e-12
2.24795e-12
2.41807e-12
2.58007e-12
2.73435e-12
2.88126e-12
3.02117e-12
3.1544e-12
3.28128e-12
3.40211e-12
3.51717e-12
3.62674e-12
3.73109e-12
3.83046e-12
3.92509e-12
4.01521e-12
4.10103e-12
4.18276e-12
4.26059e-12
4.33471e-12
4.40529e-12
4.47251e-12
4.53652e-12
5.24124e-12
6.01578e-12
6.86688e-12
7.80186e-12
8.82862e-12
9.95574e-12
1.11924e-11
1.25484e-11
1.40342e-11
1.56606e-11
1.74391e-11
1.93811e-11
2.14981e-11
2.38011e-11
2.63002e-11
2.90036e-11
3.19169e-11
3.50416e-11
3.83734e-11
4.19005e-11
4.56003e-11
4.94368e-11
5.33571e-11
5.72871e-11
6.11284e-11
6.47546e-11
6.80102e-11
7.07119e-11
7.26543e-11
7.3621e-11
7.34024e-11
7.18184e-11
6.87429e-11
6.41258e-11
5.80046e-11
5.05036e-11
4.18166e-11
3.21802e-11
2.18427e-11
1.10411e-11
2.39387e-34
4.04565e-16
2.73516e-13
5.33675e-13
7.81438e-13
1.01739e-12
1.2421e-12
1.45609e-12
1.65989e-12
1.85396e-12
2.03878e-12
2.21478e-12
2.38238e-12
2.542e-12
2.694e-12
2.83874e-12
2.97659e-12
3.10785e-12
3.23286e-12
3.3519e-12
3.46527e-12
3.57323e-12
3.67603e-12
3.77394e-12
3.86717e-12
3.95596e-12
4.04052e-12
4.12104e-12
4.19772e-12
4.27075e-12
4.34029e-12
4.40652e-12
4.46959e-12
5.16391e-12
5.92704e-12
6.7656e-12
7.68679e-12
8.69844e-12
9.80898e-12
1.10275e-11
1.23635e-11
1.38275e-11
1.54302e-11
1.71826e-11
1.90963e-11
2.11826e-11
2.34523e-11
2.59154e-11
2.85801e-11
3.1452e-11
3.45327e-11
3.78182e-11
4.12969e-11
4.4947e-11
4.87333e-11
5.26039e-11
5.64865e-11
6.02843e-11
6.38734e-11
6.71011e-11
6.97868e-11
7.17281e-11
7.27111e-11
7.25277e-11
7.09982e-11
6.79951e-11
6.3465e-11
5.74412e-11
5.00425e-11
4.14578e-11
3.19199e-11
2.16747e-11
1.09592e-11
1.47017e-34
4.03495e-16
2.72792e-13
5.32262e-13
7.7937e-13
1.0147e-12
1.23881e-12
1.45224e-12
1.65549e-12
1.84905e-12
2.03338e-12
2.20892e-12
2.37608e-12
2.53527e-12
2.68687e-12
2.83123e-12
2.96871e-12
3.09963e-12
3.22431e-12
3.34304e-12
3.4561e-12
3.56377e-12
3.66631e-12
3.76395e-12
3.85694e-12
3.9455e-12
4.02983e-12
4.11014e-12
4.18662e-12
4.25945e-12
4.32881e-12
4.39486e-12
4.45776e-12
5.15025e-12
5.91136e-12
6.7477e-12
7.66647e-12
8.67545e-12
9.78305e-12
1.09983e-11
1.23309e-11
1.3791e-11
1.53895e-11
1.71373e-11
1.9046e-11
2.11268e-11
2.33907e-11
2.58474e-11
2.85053e-11
3.13699e-11
3.44428e-11
3.77201e-11
4.11903e-11
4.48316e-11
4.86089e-11
5.24708e-11
5.63449e-11
6.01351e-11
6.37176e-11
6.69403e-11
6.96232e-11
7.15642e-11
7.255e-11
7.23728e-11
7.08529e-11
6.78625e-11
6.33478e-11
5.73412e-11
4.99606e-11
4.13941e-11
3.18736e-11
2.16448e-11
1.09446e-11
1.36524e-34
3.98018e-16
2.6909e-13
5.25038e-13
7.68792e-13
1.00093e-12
1.222e-12
1.43253e-12
1.63303e-12
1.82396e-12
2.00578e-12
2.17894e-12
2.34383e-12
2.50086e-12
2.6504e-12
2.79281e-12
2.92842e-12
3.05757e-12
3.18055e-12
3.29767e-12
3.4092e-12
3.51541e-12
3.61656e-12
3.71288e-12
3.8046e-12
3.89196e-12
3.97514e-12
4.05436e-12
4.12981e-12
4.20165e-12
4.27007e-12
4.33523e-12
4.39728e-12
5.08038e-12
5.83117e-12
6.65617e-12
7.56249e-12
8.55781e-12
9.65043e-12
1.08493e-11
1.21639e-11
1.36043e-11
1.51812e-11
1.69056e-11
1.87887e-11
2.08417e-11
2.30754e-11
2.54996e-11
2.81225e-11
3.09496e-11
3.39828e-11
3.72182e-11
4.06446e-11
4.42408e-11
4.79727e-11
5.17895e-11
5.56205e-11
5.93711e-11
6.29199e-11
6.61169e-11
6.87848e-11
7.07243e-11
7.17242e-11
7.15783e-11
7.01071e-11
6.71818e-11
6.27456e-11
5.6827e-11
4.95393e-11
4.10659e-11
3.16351e-11
2.14908e-11
1.08695e-11
2.63055e-34
3.90957e-16
2.64317e-13
5.15725e-13
7.55155e-13
9.83174e-13
1.20032e-12
1.40712e-12
1.60406e-12
1.79161e-12
1.97021e-12
2.14029e-12
2.30226e-12
2.45651e-12
2.60339e-12
2.74328e-12
2.87648e-12
3.00334e-12
3.12414e-12
3.23918e-12
3.34874e-12
3.45306e-12
3.55242e-12
3.64703e-12
3.73713e-12
3.82293e-12
3.90465e-12
3.98246e-12
4.05657e-12
4.12714e-12
4.19434e-12
4.25835e-12
4.3193e-12
4.99029e-12
5.72777e-12
6.53817e-12
7.42844e-12
8.40615e-12
9.47945e-12
1.06571e-11
1.19485e-11
1.33635e-11
1.49127e-11
1.66068e-11
1.84569e-11
2.04741e-11
2.26689e-11
2.50512e-11
2.76289e-11
3.04077e-11
3.33895e-11
3.65708e-11
3.99407e-11
4.34788e-11
4.71518e-11
5.09103e-11
5.46855e-11
5.83848e-11
6.18896e-11
6.5053e-11
6.77012e-11
6.96381e-11
7.06555e-11
7.05492e-11
6.91403e-11
6.62983e-11
6.19632e-11
5.61582e-11
4.89905e-11
4.06379e-11
3.1324e-11
2.12896e-11
1.07712e-11
3.10918e-34
3.83358e-16
2.59179e-13
5.05701e-13
7.40477e-13
9.64065e-13
1.17699e-12
1.37977e-12
1.57288e-12
1.75678e-12
1.93191e-12
2.09869e-12
2.25752e-12
2.40876e-12
2.5528e-12
2.68996e-12
2.82058e-12
2.94497e-12
3.06342e-12
3.17623e-12
3.28366e-12
3.38596e-12
3.48338e-12
3.57615e-12
3.6645e-12
3.74864e-12
3.82877e-12
3.90507e-12
3.97774e-12
4.04694e-12
4.11284e-12
4.17559e-12
4.23536e-12
4.89332e-12
5.61649e-12
6.41116e-12
7.28416e-12
8.24291e-12
9.29541e-12
1.04503e-11
1.17167e-11
1.31044e-11
1.46237e-11
1.62852e-11
1.80998e-11
2.00784e-11
2.22314e-11
2.45684e-11
2.70975e-11
2.98243e-11
3.27507e-11
3.58736e-11
3.91827e-11
4.2658e-11
4.62674e-11
4.9963e-11
5.36777e-11
5.73214e-11
6.07783e-11
6.3905e-11
6.65312e-11
6.84644e-11
6.94998e-11
6.94353e-11
6.80926e-11
6.53398e-11
6.11132e-11
5.54306e-11
4.83928e-11
4.01711e-11
3.09841e-11
2.10697e-11
1.06638e-11
3.38633e-34
3.75195e-16
2.53661e-13
4.94934e-13
7.24712e-13
9.43539e-13
1.15194e-12
1.3504e-12
1.5394e-12
1.71938e-12
1.89078e-12
2.05401e-12
2.20945e-12
2.35748e-12
2.49845e-12
2.63269e-12
2.76053e-12
2.88227e-12
2.99821e-12
3.10861e-12
3.21375e-12
3.31388e-12
3.40923e-12
3.50003e-12
3.5865e-12
3.66884e-12
3.74726e-12
3.82194e-12
3.89306e-12
3.96079e-12
4.02529e-12
4.08671e-12
4.14521e-12
4.78917e-12
5.49696e-12
6.27473e-12
7.12918e-12
8.06757e-12
9.09773e-12
1.02281e-11
1.14677e-11
1.2826e-11
1.43132e-11
1.59397e-11
1.77162e-11
1.96532e-11
2.17613e-11
2.40497e-11
2.65265e-11
2.91974e-11
3.20643e-11
3.51244e-11
3.83679e-11
4.17756e-11
4.53165e-11
4.89442e-11
5.25936e-11
5.61771e-11
5.9582e-11
6.26685e-11
6.52702e-11
6.71986e-11
6.82522e-11
6.82316e-11
6.69591e-11
6.43014e-11
6.0191e-11
5.464e-11
4.77422e-11
3.96623e-11
3.06131e-11
2.08294e-11
1.05463e-11
3.68434e-34
3.66448e-16
2.47747e-13
4.83396e-13
7.07817e-13
9.21543e-13
1.12508e-12
1.31892e-12
1.50351e-12
1.6793e-12
1.84671e-12
2.00613e-12
2.15795e-12
2.30253e-12
2.44021e-12
2.57132e-12
2.69618e-12
2.81509e-12
2.92832e-12
3.03615e-12
3.13884e-12
3.23663e-12
3.32976e-12
3.41845e-12
3.5029e-12
3.58333e-12
3.65992e-12
3.73286e-12
3.80232e-12
3.86847e-12
3.93147e-12
3.99146e-12
4.04859e-12
4.67756e-12
5.36887e-12
6.12853e-12
6.9631e-12
7.87966e-12
8.88588e-12
9.99e-12
1.12008e-11
1.25277e-11
1.39805e-11
1.55694e-11
1.7305e-11
1.91976e-11
2.12574e-11
2.34937e-11
2.59145e-11
2.85253e-11
3.13284e-11
3.43211e-11
3.74941e-11
4.08292e-11
4.42964e-11
4.7851e-11
5.14299e-11
5.49483e-11
5.82968e-11
6.13394e-11
6.39138e-11
6.58359e-11
6.69079e-11
6.69331e-11
6.57347e-11
6.3178e-11
5.91918e-11
5.37819e-11
4.7035e-11
3.91083e-11
3.02087e-11
2.0567e-11
1.04179e-11
4.00394e-34
3.57097e-16
2.41426e-13
4.71062e-13
6.89757e-13
8.98029e-13
1.09637e-12
1.28526e-12
1.46515e-12
1.63645e-12
1.79959e-12
1.95495e-12
2.10289e-12
2.24378e-12
2.37795e-12
2.50572e-12
2.6274e-12
2.74327e-12
2.85361e-12
2.95869e-12
3.05876e-12
3.15406e-12
3.24481e-12
3.33124e-12
3.41354e-12
3.49192e-12
3.56655e-12
3.63764e-12
3.70533e-12
3.76979e-12
3.83118e-12
3.88964e-12
3.94532e-12
4.55825e-12
5.23193e-12
5.97224e-12
6.78556e-12
7.67879e-12
8.65941e-12
9.73547e-12
1.09155e-11
1.22088e-11
1.36248e-11
1.51736e-11
1.68654e-11
1.87104e-11
2.07186e-11
2.28992e-11
2.526e-11
2.78065e-11
3.05412e-11
3.34618e-11
3.65593e-11
3.98165e-11
4.32047e-11
4.66806e-11
5.01837e-11
5.36319e-11
5.69193e-11
5.99139e-11
6.2458e-11
6.4372e-11
6.54623e-11
6.5535e-11
6.44145e-11
6.1965e-11
5.8111e-11
5.28521e-11
4.62673e-11
3.85059e-11
2.97682e-11
2.02809e-11
1.02778e-11
4.34568e-34
3.47128e-16
2.34687e-13
4.57913e-13
6.70503e-13
8.72962e-13
1.06577e-12
1.24939e-12
1.42425e-12
1.59078e-12
1.74936e-12
1.90038e-12
2.0442e-12
2.18115e-12
2.31158e-12
2.43578e-12
2.55406e-12
2.6667e-12
2.77397e-12
2.87612e-12
2.97339e-12
3.06603e-12
3.15425e-12
3.23826e-12
3.31827e-12
3.39446e-12
3.46702e-12
3.53611e-12
3.60192e-12
3.66458e-12
3.72426e-12
3.78109e-12
3.83521e-12
4.43105e-12
5.08595e-12
5.80562e-12
6.59627e-12
7.46463e-12
8.41797e-12
9.4641e-12
1.06114e-11
1.18688e-11
1.32455e-11
1.47515e-11
1.63966e-11
1.81909e-11
2.01441e-11
2.22652e-11
2.45619e-11
2.70399e-11
2.97016e-11
3.2545e-11
3.55619e-11
3.87358e-11
4.20392e-11
4.54309e-11
4.88525e-11
5.22251e-11
5.54463e-11
5.83887e-11
6.08992e-11
6.2803e-11
6.39111e-11
6.40328e-11
6.29939e-11
6.06574e-11
5.69438e-11
5.18461e-11
4.5435e-11
3.78516e-11
2.92889e-11
1.99692e-11
1.01249e-11
4.70985e-34
3.36532e-16
2.27524e-13
4.43936e-13
6.50038e-13
8.46318e-13
1.03324e-12
1.21125e-12
1.38078e-12
1.54222e-12
1.69597e-12
1.84238e-12
1.98181e-12
2.11458e-12
2.24103e-12
2.36144e-12
2.47611e-12
2.58532e-12
2.68931e-12
2.78834e-12
2.88265e-12
2.97246e-12
3.05799e-12
3.13944e-12
3.217e-12
3.29087e-12
3.36121e-12
3.4282e-12
3.492e-12
3.55275e-12
3.61061e-12
3.66571e-12
3.71818e-12
4.29584e-12
4.93077e-12
5.62851e-12
6.39508e-12
7.23699e-12
8.16131e-12
9.17563e-12
1.02881e-11
1.15073e-11
1.28424e-11
1.43028e-11
1.58983e-11
1.76386e-11
1.95333e-11
2.15911e-11
2.38197e-11
2.62246e-11
2.88086e-11
3.15698e-11
3.45007e-11
3.75857e-11
4.07987e-11
4.41002e-11
4.74345e-11
5.07258e-11
5.38757e-11
5.67611e-11
5.92343e-11
6.11256e-11
6.22506e-11
6.24226e-11
6.14687e-11
5.92509e-11
5.56858e-11
5.07595e-11
4.45342e-11
3.71419e-11
2.87681e-11
1.963e-11
9.95841e-12
5.09646e-34
3.25306e-16
2.19934e-13
4.29128e-13
6.28354e-13
8.18087e-13
9.98776e-13
1.17085e-12
1.33472e-12
1.49078e-12
1.6394e-12
1.78092e-12
1.9157e-12
2.04405e-12
2.16628e-12
2.28268e-12
2.39353e-12
2.49909e-12
2.59961e-12
2.69534e-12
2.78651e-12
2.87332e-12
2.956e-12
3.03473e-12
3.10971e-12
3.18111e-12
3.24911e-12
3.31387e-12
3.37554e-12
3.43427e-12
3.49019e-12
3.54346e-12
3.59418e-12
4.15259e-12
4.76636e-12
5.44086e-12
6.18189e-12
6.99579e-12
7.88937e-12
8.86998e-12
9.9455e-12
1.11243e-11
1.24152e-11
1.38273e-11
1.53702e-11
1.70533e-11
1.88859e-11
2.08766e-11
2.30329e-11
2.53603e-11
2.78617e-11
3.05356e-11
3.33751e-11
3.63656e-11
3.94822e-11
4.26877e-11
4.59287e-11
4.91328e-11
5.22058e-11
5.50294e-11
5.74612e-11
5.93371e-11
6.0478e-11
6.07008e-11
5.98349e-11
5.77414e-11
5.43327e-11
4.95881e-11
4.35609e-11
3.63735e-11
2.82031e-11
1.92613e-11
9.77724e-12
5.50507e-34
3.13452e-16
2.11921e-13
4.13492e-13
6.0546e-13
7.8828e-13
9.62386e-13
1.12819e-12
1.28609e-12
1.43646e-12
1.57967e-12
1.71604e-12
1.84591e-12
1.96958e-12
2.08736e-12
2.19952e-12
2.30633e-12
2.40804e-12
2.5049e-12
2.59715e-12
2.68499e-12
2.76865e-12
2.84831e-12
2.92418e-12
2.99643e-12
3.06523e-12
3.13075e-12
3.19315e-12
3.25257e-12
3.30916e-12
3.36305e-12
3.41438e-12
3.46325e-12
4.00133e-12
4.59277e-12
5.24272e-12
5.9568e-12
6.74111e-12
7.60223e-12
8.54724e-12
9.58375e-12
1.07198e-11
1.1964e-11
1.33252e-11
1.48125e-11
1.64352e-11
1.82022e-11
2.01219e-11
2.22018e-11
2.44472e-11
2.68613e-11
2.94428e-11
3.21854e-11
3.50755e-11
3.80899e-11
4.11932e-11
4.43347e-11
4.74456e-11
5.0436e-11
5.31926e-11
5.55787e-11
5.7436e-11
5.8591e-11
5.88649e-11
5.80896e-11
5.61253e-11
5.28808e-11
4.83282e-11
4.25113e-11
3.55428e-11
2.7591e-11
1.88611e-11
9.58038e-12
5.93476e-34
3.00985e-16
2.03492e-13
3.97047e-13
5.8138e-13
7.56928e-13
9.2411e-13
1.08332e-12
1.23494e-12
1.37933e-12
1.51684e-12
1.64779e-12
1.77249e-12
1.89125e-12
2.00434e-12
2.11204e-12
2.21461e-12
2.31228e-12
2.40529e-12
2.49386e-12
2.57822e-12
2.65855e-12
2.73504e-12
2.80789e-12
2.87727e-12
2.94334e-12
3.00626e-12
3.06617e-12
3.12323e-12
3.17757e-12
3.22932e-12
3.27861e-12
3.32554e-12
3.84223e-12
4.41017e-12
5.03431e-12
5.72004e-12
6.47322e-12
7.30018e-12
8.20775e-12
9.20322e-12
1.02944e-11
1.14894e-11
1.2797e-11
1.42258e-11
1.57848e-11
1.74827e-11
1.93278e-11
2.13271e-11
2.34862e-11
2.58081e-11
2.82921e-11
3.09325e-11
3.37167e-11
3.66228e-11
3.96177e-11
4.26535e-11
4.56651e-11
4.85669e-11
5.1251e-11
5.35865e-11
5.54216e-11
5.65885e-11
5.69133e-11
5.62304e-11
5.44e-11
5.13268e-11
4.69761e-11
4.13821e-11
3.46468e-11
2.69291e-11
1.84276e-11
9.36681e-12
6.38401e-34
2.87925e-16
1.94663e-13
3.7982e-13
5.56155e-13
7.24087e-13
8.84015e-13
1.03632e-12
1.18136e-12
1.31949e-12
1.45103e-12
1.5763e-12
1.69559e-12
1.8092e-12
1.91739e-12
2.02041e-12
2.11853e-12
2.21196e-12
2.30094e-12
2.38567e-12
2.46637e-12
2.54321e-12
2.61639e-12
2.68608e-12
2.75245e-12
2.81565e-12
2.87584e-12
2.93316e-12
2.98775e-12
3.03973e-12
3.08924e-12
3.13638e-12
3.18128e-12
3.67557e-12
4.21889e-12
4.81598e-12
5.47201e-12
6.19259e-12
6.98377e-12
7.8521e-12
8.80457e-12
9.84865e-12
1.09922e-11
1.22435e-11
1.3611e-11
1.51033e-11
1.67288e-11
1.84955e-11
2.04103e-11
2.24788e-11
2.47039e-11
2.70855e-11
2.96184e-11
3.22909e-11
3.5083e-11
3.79634e-11
4.08873e-11
4.37932e-11
4.66003e-11
4.92062e-11
5.14861e-11
5.32949e-11
5.44709e-11
5.48455e-11
5.42563e-11
5.25635e-11
4.96683e-11
4.5529e-11
4.017e-11
3.36824e-11
2.62149e-11
1.79589e-11
9.13553e-12
6.85053e-34
2.74305e-16
1.85455e-13
3.61854e-13
5.29849e-13
6.89838e-13
8.42202e-13
9.87303e-13
1.12549e-12
1.25708e-12
1.3824e-12
1.50174e-12
1.6154e-12
1.72363e-12
1.8267e-12
1.92486e-12
2.01833e-12
2.10735e-12
2.19212e-12
2.27285e-12
2.34972e-12
2.42293e-12
2.49266e-12
2.55905e-12
2.62228e-12
2.6825e-12
2.73984e-12
2.79445e-12
2.84645e-12
2.89598e-12
2.94315e-12
2.98806e-12
3.03084e-12
3.50177e-12
4.01941e-12
4.5883e-12
5.21335e-12
5.89991e-12
6.65377e-12
7.48117e-12
8.38879e-12
9.38376e-12
1.04736e-11
1.16662e-11
1.29698e-11
1.43924e-11
1.59423e-11
1.76271e-11
1.94536e-11
2.14273e-11
2.35514e-11
2.58257e-11
2.82459e-11
3.08015e-11
3.34737e-11
3.62337e-11
3.90395e-11
4.18336e-11
4.45397e-11
4.70614e-11
4.92804e-11
5.10581e-11
5.22399e-11
5.26626e-11
5.21674e-11
5.06151e-11
4.79039e-11
4.39848e-11
3.88726e-11
3.2647e-11
2.54461e-11
1.74531e-11
8.88558e-12
7.33116e-34
2.6017e-16
1.75899e-13
3.43209e-13
5.02547e-13
6.54293e-13
7.98806e-13
9.36431e-13
1.06749e-12
1.19231e-12
1.31117e-12
1.42437e-12
1.53217e-12
1.63482e-12
1.73258e-12
1.82568e-12
1.91434e-12
1.99877e-12
2.07918e-12
2.15574e-12
2.22866e-12
2.2981e-12
2.36423e-12
2.42721e-12
2.48718e-12
2.5443e-12
2.59869e-12
2.65048e-12
2.69981e-12
2.74679e-12
2.79152e-12
2.83413e-12
2.8747e-12
3.32138e-12
3.81238e-12
4.35199e-12
4.94488e-12
5.59614e-12
6.31126e-12
7.09617e-12
7.95722e-12
8.90119e-12
9.93527e-12
1.1067e-11
1.2304e-11
1.36543e-11
1.51256e-11
1.67253e-11
1.84601e-11
2.03352e-11
2.23539e-11
2.45166e-11
2.68194e-11
2.92527e-11
3.17996e-11
3.44334e-11
3.71152e-11
3.97912e-11
4.23903e-11
4.48217e-11
4.69739e-11
4.87156e-11
4.9899e-11
5.03673e-11
4.99655e-11
4.85557e-11
4.60331e-11
4.23424e-11
3.74881e-11
3.15386e-11
2.46206e-11
1.69087e-11
8.6161e-12
7.82171e-34
2.45576e-16
1.66033e-13
3.23958e-13
4.74359e-13
6.17594e-13
7.54001e-13
8.83907e-13
1.00762e-12
1.12543e-12
1.23763e-12
1.34448e-12
1.44623e-12
1.54313e-12
1.63541e-12
1.72329e-12
1.80697e-12
1.88667e-12
1.96257e-12
2.03484e-12
2.10367e-12
2.16922e-12
2.23164e-12
2.29109e-12
2.3477e-12
2.40161e-12
2.45295e-12
2.50184e-12
2.5484e-12
2.59275e-12
2.63497e-12
2.67519e-12
2.71349e-12
3.13513e-12
3.59861e-12
4.10799e-12
4.66768e-12
5.28249e-12
5.9576e-12
6.69863e-12
7.51158e-12
8.40288e-12
9.37933e-12
1.04481e-11
1.16164e-11
1.28919e-11
1.4282e-11
1.57938e-11
1.74336e-11
1.92066e-11
2.11163e-11
2.31632e-11
2.5344e-11
2.76505e-11
3.0067e-11
3.25691e-11
3.51211e-11
3.76731e-11
4.01589e-11
4.24939e-11
4.45734e-11
4.62735e-11
4.74539e-11
4.79642e-11
4.76542e-11
4.63875e-11
4.40573e-11
4.06017e-11
3.60157e-11
3.03557e-11
2.37369e-11
1.63244e-11
8.32633e-12
8.31682e-34
2.30593e-16
1.55903e-13
3.04194e-13
4.45419e-13
5.79915e-13
7.08001e-13
8.29981e-13
9.46147e-13
1.05677e-12
1.16213e-12
1.26246e-12
1.358e-12
1.44899e-12
1.53564e-12
1.61816e-12
1.69674e-12
1.77158e-12
1.84284e-12
1.91071e-12
1.97534e-12
2.03689e-12
2.09551e-12
2.15133e-12
2.20448e-12
2.25511e-12
2.30332e-12
2.34923e-12
2.39295e-12
2.43459e-12
2.47424e-12
2.51201e-12
2.54797e-12
2.94391e-12
3.37914e-12
3.85747e-12
4.38307e-12
4.96044e-12
5.59447e-12
6.29042e-12
7.05398e-12
7.89118e-12
8.80843e-12
9.81247e-12
1.09103e-11
1.21089e-11
1.34155e-11
1.48367e-11
1.63788e-11
1.80468e-11
1.98441e-11
2.17716e-11
2.38267e-11
2.60019e-11
2.82833e-11
3.06488e-11
3.30656e-11
3.54879e-11
3.78546e-11
4.00871e-11
4.20877e-11
4.37402e-11
4.49121e-11
4.54601e-11
4.52392e-11
4.4115e-11
4.19792e-11
3.87643e-11
3.44557e-11
2.90979e-11
2.27941e-11
1.56993e-11
8.01568e-12
8.80981e-34
2.15302e-16
1.45566e-13
2.84023e-13
4.15884e-13
5.41462e-13
6.61055e-13
7.74948e-13
8.83411e-13
9.86704e-13
1.08507e-12
1.17875e-12
1.26796e-12
1.35292e-12
1.43382e-12
1.51087e-12
1.58424e-12
1.65412e-12
1.72066e-12
1.78403e-12
1.84438e-12
1.90185e-12
1.95657e-12
2.00869e-12
2.05833e-12
2.1056e-12
2.15061e-12
2.19348e-12
2.23431e-12
2.27319e-12
2.31021e-12
2.34547e-12
2.37905e-12
2.74875e-12
3.15515e-12
3.6018e-12
4.0926e-12
4.63176e-12
5.22384e-12
5.8738e-12
6.58692e-12
7.36887e-12
8.22567e-12
9.16364e-12
1.01893e-11
1.13094e-11
1.25306e-11
1.38593e-11
1.53015e-11
1.68619e-11
1.85441e-11
2.03492e-11
2.22752e-11
2.43155e-11
2.6458e-11
2.86824e-11
3.09592e-11
3.32466e-11
3.54885e-11
3.76123e-11
3.95278e-11
4.11265e-11
4.2284e-11
4.28644e-11
4.27283e-11
4.17445e-11
3.98038e-11
3.68335e-11
3.28099e-11
2.77658e-11
2.1792e-11
1.50328e-11
7.68382e-12
9.29255e-34
1.99798e-16
1.35084e-13
2.63572e-13
3.85938e-13
5.02474e-13
6.13456e-13
7.19148e-13
8.19802e-13
9.15657e-13
1.00694e-12
1.09388e-12
1.17666e-12
1.2555e-12
1.33058e-12
1.40208e-12
1.47018e-12
1.53502e-12
1.59677e-12
1.65558e-12
1.71158e-12
1.76492e-12
1.81571e-12
1.86407e-12
1.91014e-12
1.954e-12
1.99578e-12
2.03556e-12
2.07345e-12
2.10953e-12
2.14389e-12
2.17661e-12
2.20777e-12
2.55087e-12
2.92803e-12
3.34256e-12
3.79806e-12
4.29847e-12
4.84802e-12
5.45131e-12
6.11327e-12
6.83918e-12
7.63465e-12
8.50557e-12
9.45808e-12
1.04984e-11
1.16329e-11
1.28676e-11
1.42081e-11
1.56592e-11
1.72243e-11
1.89047e-11
2.06989e-11
2.26015e-11
2.46016e-11
2.66813e-11
2.8814e-11
3.09617e-11
3.30736e-11
3.50831e-11
3.69073e-11
3.84457e-11
3.95821e-11
4.01886e-11
4.01321e-11
3.9285e-11
3.75382e-11
3.48145e-11
3.10817e-11
2.63614e-11
2.07314e-11
1.43253e-11
7.33069e-12
9.75539e-34
1.84187e-16
1.2453e-13
2.42979e-13
3.55785e-13
4.63216e-13
5.65527e-13
6.62962e-13
7.55752e-13
8.44119e-13
9.28272e-13
1.00841e-12
1.08473e-12
1.15742e-12
1.22663e-12
1.29255e-12
1.35532e-12
1.4151e-12
1.47203e-12
1.52624e-12
1.57787e-12
1.62704e-12
1.67386e-12
1.71845e-12
1.76092e-12
1.80136e-12
1.83987e-12
1.87654e-12
1.91147e-12
1.94474e-12
1.97641e-12
2.00658e-12
2.03531e-12
2.35162e-12
2.69933e-12
3.0815e-12
3.50147e-12
3.96284e-12
4.46955e-12
5.02584e-12
5.63626e-12
6.30571e-12
7.03938e-12
7.84273e-12
8.72147e-12
9.68143e-12
1.07285e-11
1.18683e-11
1.31062e-11
1.44468e-11
1.58934e-11
1.74476e-11
1.91084e-11
2.08712e-11
2.27265e-11
2.46586e-11
2.66437e-11
2.86479e-11
3.06251e-11
3.25151e-11
3.42419e-11
3.57133e-11
3.68217e-11
3.74471e-11
3.74636e-11
3.6748e-11
3.51918e-11
3.27147e-11
2.92766e-11
2.4888e-11
1.96144e-11
1.35775e-11
6.95663e-12
1.01871e-33
1.68584e-16
1.13981e-13
2.22397e-13
3.25648e-13
4.23979e-13
5.17624e-13
6.06806e-13
6.91736e-13
7.72618e-13
8.49644e-13
9.22998e-13
9.92855e-13
1.05938e-12
1.12273e-12
1.18307e-12
1.24052e-12
1.29524e-12
1.34735e-12
1.39697e-12
1.44423e-12
1.48923e-12
1.53209e-12
1.5729e-12
1.61177e-12
1.64879e-12
1.68404e-12
1.71761e-12
1.74958e-12
1.78003e-12
1.80902e-12
1.83664e-12
1.86293e-12
2.15246e-12
2.47074e-12
2.82058e-12
3.20501e-12
3.62737e-12
4.09125e-12
4.60054e-12
5.15943e-12
5.77242e-12
6.44427e-12
7.18002e-12
7.98494e-12
8.86442e-12
9.8239e-12
1.08687e-11
1.20038e-11
1.32336e-11
1.45613e-11
1.59887e-11
1.75152e-11
1.9137e-11
2.08461e-11
2.26288e-11
2.44639e-11
2.63215e-11
2.81602e-11
2.99259e-11
3.15497e-11
3.29476e-11
3.40205e-11
3.46571e-11
3.47388e-11
3.41477e-11
3.2777e-11
3.0544e-11
2.74021e-11
2.33511e-11
1.84443e-11
1.27914e-11
6.56241e-12
1.0575e-33
1.53114e-16
1.03522e-13
2.01989e-13
2.95765e-13
3.85073e-13
4.70125e-13
5.51124e-13
6.28262e-13
7.01722e-13
7.71681e-13
8.38304e-13
9.01751e-13
9.62173e-13
1.01971e-12
1.07451e-12
1.1267e-12
1.17639e-12
1.22372e-12
1.26879e-12
1.31171e-12
1.35259e-12
1.39151e-12
1.42858e-12
1.46389e-12
1.49751e-12
1.52953e-12
1.56002e-12
1.58906e-12
1.61671e-12
1.64305e-12
1.66813e-12
1.69201e-12
1.95498e-12
2.24408e-12
2.56184e-12
2.91104e-12
3.29471e-12
3.7161e-12
4.17878e-12
4.68655e-12
5.24351e-12
5.85402e-12
6.52268e-12
7.25431e-12
8.05387e-12
8.92636e-12
9.87672e-12
1.09096e-11
1.20291e-11
1.32384e-11
1.45393e-11
1.59317e-11
1.74126e-11
1.89752e-11
2.06076e-11
2.22915e-11
2.40003e-11
2.56976e-11
2.7335e-11
2.88507e-11
3.01687e-11
3.11987e-11
3.18381e-11
3.19762e-11
3.1501e-11
3.03087e-11
2.83151e-11
2.54681e-11
2.17579e-11
1.7226e-11
1.19699e-11
6.14937e-12
1.09049e-33
1.37903e-16
9.32387e-14
1.81925e-13
2.66386e-13
3.46822e-13
4.23426e-13
4.96379e-13
5.65854e-13
6.32018e-13
6.95028e-13
7.55034e-13
8.12179e-13
8.66599e-13
9.18425e-13
9.6778e-13
1.01478e-12
1.05954e-12
1.10217e-12
1.14276e-12
1.18142e-12
1.21824e-12
1.2533e-12
1.28669e-12
1.31849e-12
1.34877e-12
1.37761e-12
1.40507e-12
1.43123e-12
1.45613e-12
1.47985e-12
1.50244e-12
1.52396e-12
1.76082e-12
2.02122e-12
2.30744e-12
2.622e-12
2.9676e-12
3.34722e-12
3.76404e-12
4.22152e-12
4.72336e-12
5.27351e-12
5.87615e-12
6.53563e-12
7.25649e-12
8.04329e-12
8.90057e-12
9.83261e-12
1.08433e-11
1.19356e-11
1.31115e-11
1.43711e-11
1.57122e-11
1.7129e-11
1.86116e-11
2.01441e-11
2.17034e-11
2.32574e-11
2.47635e-11
2.61668e-11
2.7399e-11
2.83787e-11
2.90121e-11
2.9197e-11
2.88278e-11
2.78046e-11
2.60432e-11
2.3487e-11
2.0118e-11
1.59663e-11
1.11172e-11
5.71943e-12
1.11618e-33
1.23084e-16
8.32191e-14
1.62375e-13
2.37759e-13
3.09552e-13
3.77924e-13
4.43038e-13
5.05048e-13
5.64102e-13
6.20341e-13
6.73899e-13
7.24904e-13
7.73477e-13
8.19735e-13
8.63787e-13
9.05739e-13
9.4569e-13
9.83738e-13
1.01997e-12
1.05448e-12
1.08734e-12
1.11863e-12
1.14843e-12
1.17682e-12
1.20384e-12
1.22958e-12
1.2541e-12
1.27744e-12
1.29967e-12
1.32085e-12
1.34101e-12
1.36021e-12
1.57164e-12
1.80407e-12
2.05956e-12
2.34035e-12
2.64886e-12
2.98775e-12
3.35988e-12
3.76834e-12
4.21644e-12
4.70773e-12
5.24596e-12
5.83506e-12
6.4791e-12
7.18224e-12
7.94859e-12
8.78208e-12
9.68628e-12
1.06641e-11
1.17175e-11
1.28468e-11
1.40503e-11
1.53236e-11
1.6658e-11
1.80403e-11
1.94504e-11
2.08606e-11
2.22335e-11
2.35209e-11
2.46622e-11
2.55845e-11
2.62032e-11
2.64244e-11
2.61501e-11
2.52849e-11
2.3746e-11
2.14738e-11
1.84431e-11
1.46736e-11
1.02387e-11
5.27524e-12
1.13299e-33
1.08782e-16
7.35499e-14
1.43508e-13
2.10134e-13
2.73586e-13
3.34014e-13
3.91562e-13
4.46367e-13
4.9856e-13
5.48265e-13
5.95601e-13
6.4068e-13
6.8361e-13
7.24494e-13
7.63428e-13
8.00507e-13
8.35817e-13
8.69444e-13
9.01468e-13
9.31966e-13
9.61009e-13
9.88668e-13
1.01501e-12
1.04009e-12
1.06398e-12
1.08673e-12
1.1084e-12
1.12903e-12
1.14868e-12
1.1674e-12
1.18522e-12
1.20219e-12
1.38906e-12
1.5945e-12
1.82033e-12
2.06852e-12
2.34124e-12
2.64081e-12
2.96979e-12
3.33091e-12
3.72712e-12
4.16155e-12
4.63756e-12
5.15864e-12
5.72844e-12
6.35068e-12
7.02905e-12
7.76712e-12
8.56818e-12
9.43495e-12
1.03693e-11
1.13719e-11
1.24415e-11
1.35746e-11
1.4764e-11
1.59986e-11
1.72613e-11
1.85284e-11
1.97676e-11
2.09368e-11
2.1983e-11
2.28416e-11
2.34368e-11
2.36838e-11
2.34922e-11
2.27724e-11
2.14441e-11
1.9446e-11
1.67474e-11
1.33586e-11
9.34123e-12
4.82016e-12
1.13937e-33
9.51205e-17
6.43134e-14
1.25486e-13
1.83745e-13
2.39229e-13
2.92068e-13
3.42389e-13
3.90313e-13
4.35951e-13
4.79415e-13
5.20807e-13
5.60225e-13
5.97765e-13
6.33515e-13
6.6756e-13
6.99983e-13
7.3086e-13
7.60265e-13
7.88268e-13
8.14936e-13
8.40333e-13
8.64519e-13
8.87553e-13
9.09488e-13
9.30378e-13
9.50272e-13
9.69218e-13
9.87261e-13
1.00444e-12
1.02081e-12
1.03639e-12
1.05123e-12
1.21464e-12
1.3943e-12
1.59179e-12
1.80884e-12
2.04735e-12
2.30936e-12
2.5971e-12
2.91298e-12
3.25957e-12
3.63965e-12
4.05616e-12
4.51218e-12
5.01093e-12
5.55571e-12
6.14982e-12
6.79646e-12
7.4986e-12
8.25875e-12
9.07875e-12
9.95936e-12
1.08998e-11
1.18973e-11
1.29462e-11
1.40371e-11
1.51557e-11
1.62819e-11
1.73882e-11
1.84383e-11
1.93863e-11
2.01757e-11
2.07394e-11
2.10015e-11
2.08799e-11
2.02916e-11
1.91598e-11
1.74233e-11
1.50471e-11
1.20334e-11
8.43309e-12
4.35828e-12
1.13385e-33
8.22107e-17
5.55851e-14
1.08456e-13
1.58808e-13
2.06762e-13
2.5243e-13
2.95922e-13
3.37342e-13
3.76787e-13
4.14352e-13
4.50127e-13
4.84196e-13
5.16641e-13
5.4754e-13
5.76966e-13
6.04988e-13
6.31675e-13
6.5709e-13
6.81294e-13
7.04343e-13
7.26294e-13
7.47199e-13
7.67107e-13
7.86066e-13
8.04121e-13
8.21316e-13
8.37691e-13
8.53286e-13
8.68138e-13
8.82282e-13
8.95751e-13
9.08579e-13
1.04982e-12
1.2051e-12
1.37581e-12
1.56343e-12
1.7696e-12
1.9961e-12
2.24485e-12
2.51795e-12
2.81763e-12
3.1463e-12
3.50652e-12
3.90097e-12
4.33247e-12
4.80391e-12
5.31818e-12
5.87814e-12
6.48641e-12
7.14532e-12
7.85657e-12
8.62103e-12
9.4383e-12
1.03062e-11
1.12203e-11
1.21728e-11
1.31521e-11
1.41412e-11
1.51169e-11
1.60485e-11
1.68966e-11
1.76124e-11
1.81374e-11
1.84044e-11
1.83401e-11
1.78683e-11
1.69172e-11
1.54271e-11
1.33602e-11
1.07122e-11
7.52379e-12
3.89442e-12
1.11517e-33
7.01499e-17
4.74306e-14
9.25453e-14
1.35511e-13
1.76429e-13
2.15398e-13
2.5251e-13
2.87854e-13
3.21513e-13
3.53567e-13
3.84094e-13
4.13165e-13
4.40851e-13
4.67217e-13
4.92327e-13
5.16239e-13
5.39011e-13
5.60698e-13
5.81352e-13
6.0102e-13
6.19751e-13
6.3759e-13
6.54578e-13
6.70756e-13
6.86163e-13
7.00836e-13
7.1481e-13
7.28117e-13
7.40791e-13
7.5286e-13
7.64355e-13
7.75301e-13
8.95828e-13
1.02834e-12
1.17402e-12
1.33413e-12
1.51008e-12
1.70339e-12
1.91571e-12
2.14882e-12
2.40464e-12
2.68524e-12
2.99281e-12
3.32966e-12
3.69823e-12
4.10099e-12
4.54049e-12
5.01919e-12
5.53943e-12
6.10327e-12
6.7123e-12
7.36743e-12
8.06851e-12
8.81397e-12
9.60026e-12
1.04212e-11
1.12673e-11
1.21245e-11
1.29735e-11
1.37887e-11
1.45367e-11
1.51759e-11
1.56561e-11
1.59188e-11
1.5899e-11
1.55286e-11
1.47412e-11
1.34799e-11
1.17061e-11
9.41023e-12
6.62393e-12
3.43398e-12
1.08237e-33
5.9017e-17
3.99034e-14
7.78585e-14
1.14006e-13
1.4843e-13
1.81215e-13
2.12438e-13
2.42172e-13
2.7049e-13
2.97457e-13
3.2314e-13
3.47598e-13
3.70891e-13
3.93073e-13
4.14198e-13
4.34315e-13
4.53474e-13
4.7172e-13
4.89096e-13
5.05644e-13
5.21403e-13
5.3641e-13
5.50703e-13
5.64314e-13
5.77277e-13
5.89622e-13
6.01378e-13
6.12574e-13
6.23237e-13
6.33391e-13
6.43062e-13
6.52271e-13
7.53676e-13
8.65168e-13
9.87735e-13
1.12246e-12
1.27051e-12
1.43317e-12
1.61184e-12
1.80802e-12
2.02333e-12
2.25951e-12
2.51843e-12
2.80204e-12
3.11241e-12
3.45166e-12
3.82195e-12
4.2254e-12
4.66405e-12
5.13971e-12
5.65382e-12
6.20727e-12
6.80011e-12
7.43122e-12
8.09788e-12
8.79521e-12
9.51552e-12
1.02475e-11
1.09753e-11
1.16778e-11
1.23271e-11
1.28885e-11
1.33192e-11
1.35692e-11
1.35821e-11
1.32977e-11
1.26562e-11
1.16047e-11
1.01048e-11
8.14362e-12
5.74478e-12
2.98279e-12
1.03492e-33
4.88689e-17
3.30421e-14
6.44708e-14
9.44025e-14
1.22908e-13
1.50056e-13
1.7591e-13
2.00531e-13
2.2398e-13
2.46311e-13
2.67577e-13
2.8783e-13
3.07118e-13
3.25486e-13
3.42979e-13
3.59638e-13
3.75503e-13
3.90611e-13
4.05e-13
4.18703e-13
4.31752e-13
4.4418e-13
4.56015e-13
4.67286e-13
4.7802e-13
4.88243e-13
4.97978e-13
5.07249e-13
5.16079e-13
5.24488e-13
5.32496e-13
5.40122e-13
6.24095e-13
7.16422e-13
8.17922e-13
9.29491e-13
1.0521e-12
1.18682e-12
1.3348e-12
1.4973e-12
1.67565e-12
1.87132e-12
2.08584e-12
2.32086e-12
2.57809e-12
2.85932e-12
3.16637e-12
3.50102e-12
3.86501e-12
4.25991e-12
4.68698e-12
5.14708e-12
5.64036e-12
6.16608e-12
6.72219e-12
7.3049e-12
7.90812e-12
8.52283e-12
9.13629e-12
9.73122e-12
1.0285e-11
1.07687e-11
1.11469e-11
1.13774e-11
1.14122e-11
1.11991e-11
1.06855e-11
9.82316e-12
8.57587e-12
6.9284e-12
4.8978e-12
2.54681e-12
9.72789e-34
3.97378e-17
2.68683e-14
5.24247e-14
7.67638e-14
9.99433e-14
1.22018e-13
1.43042e-13
1.63063e-13
1.8213e-13
2.00289e-13
2.17582e-13
2.34051e-13
2.49735e-13
2.64672e-13
2.78896e-13
2.92443e-13
3.05343e-13
3.17629e-13
3.2933e-13
3.40472e-13
3.51084e-13
3.6119e-13
3.70814e-13
3.79979e-13
3.88708e-13
3.97021e-13
4.04937e-13
4.12477e-13
4.19657e-13
4.26494e-13
4.33006e-13
4.39208e-13
5.07494e-13
5.82575e-13
6.65117e-13
7.55849e-13
8.55565e-13
9.65132e-13
1.08549e-12
1.21766e-12
1.36274e-12
1.52191e-12
1.69645e-12
1.88769e-12
2.09703e-12
2.32596e-12
2.57596e-12
2.84852e-12
3.14509e-12
3.46698e-12
3.8153e-12
4.19081e-12
4.59375e-12
5.02363e-12
5.47896e-12
5.95683e-12
6.45253e-12
6.95898e-12
7.4661e-12
7.9601e-12
8.42276e-12
8.83074e-12
9.15506e-12
9.36091e-12
9.40817e-12
9.25272e-12
8.84917e-12
8.15511e-12
7.13724e-12
5.77963e-12
4.09392e-12
2.13184e-12
8.96482e-34
3.16277e-17
2.13849e-14
4.17256e-14
6.10974e-14
7.95463e-14
9.71163e-14
1.13849e-13
1.29785e-13
1.44961e-13
1.59413e-13
1.73177e-13
1.86285e-13
1.98769e-13
2.10657e-13
2.21978e-13
2.3276e-13
2.43029e-13
2.52807e-13
2.6212e-13
2.70989e-13
2.79435e-13
2.87478e-13
2.95139e-13
3.02434e-13
3.09381e-13
3.15998e-13
3.22299e-13
3.283e-13
3.34014e-13
3.39457e-13
3.4464e-13
3.49576e-13
4.03928e-13
4.6369e-13
5.29391e-13
6.01613e-13
6.80989e-13
7.68209e-13
8.64023e-13
9.69245e-13
1.08475e-12
1.2115e-12
1.35048e-12
1.50278e-12
1.66954e-12
1.85192e-12
2.05113e-12
2.26839e-12
2.50486e-12
2.76164e-12
3.03963e-12
3.33952e-12
3.66156e-12
4.00547e-12
4.37016e-12
4.75348e-12
5.15184e-12
5.55979e-12
5.96953e-12
6.37027e-12
6.74771e-12
7.08332e-12
7.35397e-12
7.5316e-12
7.58352e-12
7.47335e-12
7.16307e-12
6.6164e-12
5.80395e-12
4.71021e-12
3.34267e-12
1.74296e-12
8.06988e-34
2.45122e-17
1.65738e-14
3.23384e-14
4.7352e-14
6.16504e-14
7.52676e-14
8.8236e-14
1.00586e-13
1.12348e-13
1.2355e-13
1.34217e-13
1.44376e-13
1.54051e-13
1.63265e-13
1.7204e-13
1.80396e-13
1.88354e-13
1.95933e-13
2.03151e-13
2.10025e-13
2.16571e-13
2.22805e-13
2.28742e-13
2.34396e-13
2.3978e-13
2.44908e-13
2.49792e-13
2.54443e-13
2.58872e-13
2.6309e-13
2.67108e-13
2.70933e-13
3.13059e-13
3.59378e-13
4.10302e-13
4.6628e-13
5.27806e-13
5.95413e-13
6.69685e-13
7.51254e-13
8.40802e-13
9.39065e-13
1.04683e-12
1.16494e-12
1.29427e-12
1.43574e-12
1.5903e-12
1.7589e-12
1.94248e-12
2.14188e-12
2.35787e-12
2.59099e-12
2.84152e-12
3.10928e-12
3.39353e-12
3.69269e-12
4.00411e-12
4.32369e-12
4.64554e-12
4.96146e-12
5.26046e-12
5.52827e-12
5.74691e-12
5.8944e-12
5.94489e-12
5.86929e-12
5.63678e-12
5.21745e-12
4.58638e-12
3.7295e-12
2.65123e-12
1.38411e-12
7.0558e-34
1.83301e-17
1.23939e-14
2.41826e-14
3.54098e-14
4.61021e-14
5.6285e-14
6.59828e-14
7.52184e-14
8.40139e-14
9.23903e-14
1.00368e-13
1.07965e-13
1.152e-13
1.2209e-13
1.28651e-13
1.349e-13
1.40852e-13
1.46519e-13
1.51917e-13
1.57057e-13
1.61952e-13
1.66614e-13
1.71054e-13
1.75282e-13
1.79309e-13
1.83143e-13
1.86795e-13
1.90274e-13
1.93586e-13
1.9674e-13
1.99744e-13
2.02605e-13
2.34108e-13
2.68747e-13
3.0683e-13
3.48694e-13
3.94707e-13
4.45269e-13
5.00819e-13
5.61828e-13
6.28809e-13
7.02314e-13
7.82933e-13
8.71295e-13
9.68066e-13
1.07394e-12
1.18963e-12
1.31586e-12
1.45333e-12
1.6027e-12
1.76456e-12
1.93936e-12
2.12731e-12
2.32834e-12
2.54195e-12
2.76703e-12
3.00166e-12
3.24288e-12
3.48638e-12
3.72612e-12
3.95398e-12
4.15935e-12
4.32873e-12
4.44556e-12
4.49017e-12
4.44021e-12
4.27176e-12
3.96123e-12
3.48855e-12
2.84176e-12
2.02321e-12
1.05739e-12
5.93397e-34
1.29803e-17
8.77659e-15
1.71247e-14
2.50751e-14
3.26468e-14
3.98577e-14
4.67251e-14
5.32652e-14
5.94937e-14
6.54254e-14
7.10744e-14
7.64542e-14
8.15776e-14
8.64568e-14
9.11035e-14
9.55287e-14
9.97431e-14
1.03757e-13
1.07579e-13
1.11219e-13
1.14685e-13
1.17987e-13
1.21131e-13
1.24125e-13
1.26976e-13
1.29692e-13
1.32278e-13
1.34741e-13
1.37087e-13
1.39321e-13
1.41448e-13
1.43474e-13
1.65783e-13
1.90313e-13
2.17282e-13
2.4693e-13
2.79516e-13
3.15325e-13
3.54667e-13
3.97878e-13
4.4532e-13
4.97385e-13
5.54493e-13
6.17092e-13
6.85655e-13
7.60675e-13
8.42663e-13
9.32135e-13
1.0296e-12
1.13553e-12
1.25036e-12
1.37441e-12
1.50787e-12
1.6507e-12
1.80259e-12
1.96278e-12
2.12997e-12
2.30212e-12
2.47622e-12
2.64808e-12
2.81199e-12
2.96046e-12
3.08393e-12
3.17059e-12
3.20631e-12
3.17493e-12
3.05896e-12
2.84096e-12
2.50586e-12
2.04429e-12
1.45731e-12
7.62324e-13
4.7069e-34
8.31058e-18
5.6192e-15
1.0964e-14
1.60543e-14
2.09021e-14
2.55189e-14
2.99157e-14
3.4103e-14
3.80908e-14
4.18886e-14
4.55054e-14
4.89498e-14
5.22301e-14
5.5354e-14
5.83291e-14
6.11623e-14
6.38606e-14
6.64302e-14
6.88774e-14
7.1208e-14
7.34274e-14
7.55412e-14
7.75541e-14
7.94712e-14
8.12969e-14
8.30356e-14
8.46915e-14
8.62684e-14
8.77702e-14
8.92005e-14
9.05626e-14
9.18598e-14
1.06143e-13
1.21849e-13
1.39117e-13
1.58099e-13
1.78964e-13
2.01893e-13
2.27084e-13
2.54753e-13
2.85133e-13
3.18474e-13
3.55047e-13
3.95139e-13
4.39053e-13
4.87108e-13
5.39633e-13
5.9696e-13
6.59418e-13
7.27318e-13
8.00938e-13
8.80496e-13
9.66121e-13
1.05781e-12
1.15536e-12
1.25832e-12
1.36588e-12
1.47676e-12
1.58907e-12
1.70014e-12
1.80635e-12
1.90293e-12
1.98375e-12
2.04121e-12
2.06616e-12
2.04809e-12
1.97553e-12
1.83695e-12
1.62224e-12
1.32496e-12
9.45464e-13
4.94929e-13
3.3551e-34
4.09706e-18
2.77023e-15
5.40521e-15
7.91467e-15
1.03046e-14
1.25807e-14
1.47483e-14
1.68126e-14
1.87786e-14
2.06508e-14
2.24339e-14
2.4132e-14
2.57491e-14
2.72892e-14
2.87559e-14
3.01527e-14
3.14829e-14
3.27498e-14
3.39562e-14
3.51052e-14
3.61994e-14
3.72414e-14
3.82338e-14
3.9179e-14
4.0079e-14
4.09362e-14
4.17525e-14
4.253e-14
4.32704e-14
4.39755e-14
4.4647e-14
4.52865e-14
5.23283e-14
6.00713e-14
6.85844e-14
7.79431e-14
8.82296e-14
9.9534e-14
1.11954e-13
1.25596e-13
1.40574e-13
1.57014e-13
1.75047e-13
1.94816e-13
2.16471e-13
2.4017e-13
2.66074e-13
2.9435e-13
3.2516e-13
3.58659e-13
3.94986e-13
4.34252e-13
4.76523e-13
5.21801e-13
5.69994e-13
6.20885e-13
6.7408e-13
7.28957e-13
7.84596e-13
8.39692e-13
8.92471e-13
9.40581e-13
9.81004e-13
1.00998e-12
1.02296e-12
1.01472e-12
9.7951e-13
9.11524e-13
8.05629e-13
6.585e-13
4.70204e-13
2.46257e-13
1.8139e-34
1.2243e-42
1.61193e-41
5.30166e-41
1.06522e-40
1.7116e-40
2.42555e-40
3.17248e-40
3.92541e-40
4.66359e-40
5.37145e-40
6.0376e-40
6.65409e-40
7.21572e-40
7.71949e-40
8.16417e-40
8.54988e-40
8.8778e-40
9.14992e-40
9.36879e-40
9.53737e-40
9.65892e-40
9.73683e-40
9.77455e-40
9.77556e-40
9.74325e-40
9.68092e-40
9.59176e-40
9.47878e-40
9.34484e-40
9.19262e-40
9.02462e-40
5.97696e-39
1.41664e-38
2.05255e-38
2.94205e-38
4.17879e-38
5.88947e-38
8.2451e-38
1.14761e-37
1.58923e-37
2.19098e-37
3.00863e-37
4.11681e-37
5.61521e-37
7.63674e-37
1.03583e-36
1.40147e-36
1.89171e-36
2.54762e-36
3.42329e-36
4.58959e-36
6.13904e-36
8.19161e-36
1.09018e-35
1.44668e-35
1.91354e-35
2.52169e-35
3.30885e-35
4.31981e-35
5.60579e-35
7.22216e-35
9.22326e-35
1.16528e-34
1.45274e-34
1.78109e-34
2.13762e-34
2.49529e-34
2.80614e-34
2.99421e-34
2.94998e-34
2.53064e-34
1.57404e-34
6.2288e-35
