-4.88705e-42
-6.43434e-41
-2.11626e-40
-4.25203e-40
-6.83213e-40
-9.68193e-40
-1.26634e-39
-1.56687e-39
-1.86151e-39
-2.14404e-39
-2.40992e-39
-2.65598e-39
-2.88013e-39
-3.08119e-39
-3.25865e-39
-3.41258e-39
-3.54344e-39
-3.65202e-39
-3.73935e-39
-3.80662e-39
-3.8551e-39
-3.88617e-39
-3.9012e-39
-3.90157e-39
-3.88865e-39
-3.86375e-39
-3.82814e-39
-3.78303e-39
-3.72955e-39
-3.66878e-39
-3.60171e-39
-2.38533e-38
-5.65334e-38
-8.1904e-38
-1.17386e-37
-1.6671e-37
-2.34919e-37
-3.28815e-37
-4.57555e-37
-6.33438e-37
-8.7296e-37
-1.19819e-36
-1.6386e-36
-2.23347e-36
-3.03498e-36
-4.11234e-36
-5.55702e-36
-7.48944e-36
-1.00676e-35
-1.34976e-35
-1.80471e-35
-2.40605e-35
-3.19778e-35
-4.23547e-35
-5.58834e-35
-7.34115e-35
-9.59528e-35
-1.24684e-34
-1.60915e-34
-2.06009e-34
-2.61244e-34
-3.27574e-34
-4.05263e-34
-4.93367e-34
-5.89053e-34
-6.86751e-34
-7.77193e-34
-8.46417e-34
-8.74868e-34
-8.36787e-34
-7.00191e-34
-4.28153e-34
7.51789e-35
2.84676e-17
1.92475e-14
3.75551e-14
5.49905e-14
7.15953e-14
8.74087e-14
1.02469e-13
1.16811e-13
1.30469e-13
1.43476e-13
1.55864e-13
1.6766e-13
1.78895e-13
1.89593e-13
1.99782e-13
2.09485e-13
2.18725e-13
2.27525e-13
2.35905e-13
2.43885e-13
2.51486e-13
2.58723e-13
2.65616e-13
2.7218e-13
2.78432e-13
2.84385e-13
2.90055e-13
2.95454e-13
3.00596e-13
3.05493e-13
3.10156e-13
3.14597e-13
3.63496e-13
4.17253e-13
4.76343e-13
5.41283e-13
6.12635e-13
6.91011e-13
7.77073e-13
8.71534e-13
9.75162e-13
1.08877e-12
1.21323e-12
1.34945e-12
1.49837e-12
1.66094e-12
1.8381e-12
2.03077e-12
2.23976e-12
2.46573e-12
2.70912e-12
2.96999e-12
3.24794e-12
3.54189e-12
3.84986e-12
4.16869e-12
4.49376e-12
4.8186e-12
5.13455e-12
5.43043e-12
5.69224e-12
5.90312e-12
6.04353e-12
6.09187e-12
6.02556e-12
5.82278e-12
5.46466e-12
4.93786e-12
4.23722e-12
3.36805e-12
2.34802e-12
1.20894e-12
-4.14912e-34
5.92122e-17
4.00341e-14
7.81133e-14
1.14378e-13
1.48916e-13
1.81807e-13
2.13131e-13
2.42961e-13
2.7137e-13
2.98424e-13
3.24189e-13
3.48725e-13
3.72091e-13
3.94344e-13
4.15535e-13
4.35716e-13
4.54935e-13
4.73237e-13
4.90666e-13
5.07265e-13
5.23072e-13
5.38126e-13
5.52462e-13
5.66115e-13
5.79116e-13
5.91498e-13
6.0329e-13
6.14519e-13
6.25213e-13
6.35398e-13
6.45097e-13
6.54334e-13
7.5603e-13
8.67829e-13
9.90712e-13
1.12575e-12
1.27412e-12
1.43708e-12
1.616e-12
1.81236e-12
2.02773e-12
2.26382e-12
2.52238e-12
2.8053e-12
3.11447e-12
3.45183e-12
3.8193e-12
4.21865e-12
4.65149e-12
5.11903e-12
5.62197e-12
6.16026e-12
6.73272e-12
7.33674e-12
7.96776e-12
8.6187e-12
9.27936e-12
9.93569e-12
1.05691e-11
1.11558e-11
1.16667e-11
1.20669e-11
1.23169e-11
1.23739e-11
1.21943e-11
1.17375e-11
1.09702e-11
9.87129e-12
8.43631e-12
6.68095e-12
4.64322e-12
2.38557e-12
-7.55846e-34
9.51037e-17
6.43001e-14
1.2546e-13
1.83707e-13
2.39178e-13
2.92005e-13
3.42315e-13
3.90226e-13
4.35854e-13
4.79306e-13
5.20686e-13
5.60093e-13
5.97621e-13
6.3336e-13
6.67394e-13
6.99806e-13
7.30672e-13
7.60066e-13
7.88059e-13
8.14717e-13
8.40104e-13
8.6428e-13
8.87304e-13
9.0923e-13
9.3011e-13
9.49996e-13
9.68933e-13
9.86967e-13
1.00414e-12
1.0205e-12
1.03607e-12
1.05091e-12
1.21422e-12
1.39376e-12
1.59108e-12
1.80791e-12
2.04612e-12
2.30772e-12
2.59492e-12
2.91005e-12
3.25563e-12
3.63435e-12
4.04901e-12
4.50254e-12
4.99793e-12
5.53821e-12
6.12627e-12
6.76482e-12
7.45618e-12
8.20201e-12
9.00306e-12
9.85872e-12
1.07665e-11
1.17215e-11
1.27153e-11
1.37357e-11
1.47651e-11
1.57796e-11
1.67482e-11
1.7632e-11
1.83836e-11
1.89481e-11
1.92642e-11
1.92676e-11
1.88952e-11
1.80915e-11
1.68151e-11
1.50454e-11
1.27876e-11
1.00758e-11
6.97316e-12
3.57215e-12
-1.03564e-33
1.3645e-16
9.22532e-14
1.80002e-13
2.63569e-13
3.43155e-13
4.18948e-13
4.91127e-13
5.59866e-13
6.25328e-13
6.87669e-13
7.47037e-13
8.03574e-13
8.57415e-13
9.08688e-13
9.57516e-13
1.00402e-12
1.0483e-12
1.09047e-12
1.13063e-12
1.16887e-12
1.20529e-12
1.23998e-12
1.27301e-12
1.30446e-12
1.33442e-12
1.36295e-12
1.39011e-12
1.41599e-12
1.44062e-12
1.46409e-12
1.48643e-12
1.50771e-12
1.742e-12
1.99954e-12
2.28258e-12
2.59359e-12
2.93522e-12
3.31038e-12
3.72218e-12
4.17397e-12
4.66933e-12
5.21204e-12
5.80609e-12
6.45559e-12
7.16474e-12
7.93769e-12
8.77846e-12
9.69067e-12
1.06773e-11
1.17403e-11
1.28803e-11
1.40957e-11
1.5382e-11
1.67312e-11
1.81301e-11
1.95595e-11
2.09926e-11
2.23934e-11
2.37161e-11
2.49033e-11
2.58869e-11
2.65891e-11
2.69252e-11
2.68089e-11
2.61596e-11
2.49109e-11
2.30201e-11
2.04756e-11
1.73019e-11
1.35596e-11
9.34185e-12
4.77047e-12
-1.26547e-33
1.80555e-16
1.22072e-13
2.38183e-13
3.48762e-13
4.54071e-13
5.54362e-13
6.49871e-13
7.40828e-13
8.27447e-13
9.09937e-13
9.88493e-13
1.0633e-12
1.13454e-12
1.20239e-12
1.267e-12
1.32853e-12
1.38712e-12
1.44292e-12
1.49606e-12
1.54666e-12
1.59485e-12
1.64074e-12
1.68445e-12
1.72607e-12
1.7657e-12
1.80345e-12
1.83939e-12
1.87363e-12
1.90623e-12
1.93727e-12
1.96684e-12
1.99499e-12
2.30498e-12
2.64571e-12
3.02018e-12
3.43163e-12
3.88356e-12
4.37981e-12
4.92447e-12
5.52195e-12
6.17695e-12
6.89444e-12
7.67962e-12
8.53786e-12
9.4746e-12
1.04952e-11
1.16048e-11
1.28079e-11
1.41081e-11
1.55077e-11
1.70068e-11
1.86026e-11
2.02885e-11
2.20527e-11
2.38765e-11
2.57329e-11
2.7585e-11
2.93833e-11
3.10654e-11
3.25544e-11
3.37595e-11
3.45788e-11
3.49034e-11
3.46253e-11
3.36476e-11
3.18962e-11
2.93315e-11
2.59572e-11
2.18232e-11
1.70223e-11
1.16804e-11
5.94785e-12
-1.44646e-33
2.22212e-16
1.50235e-13
2.93133e-13
4.29224e-13
5.58828e-13
6.82256e-13
7.998e-13
9.1174e-13
1.01834e-12
1.11986e-12
1.21654e-12
1.30861e-12
1.39629e-12
1.47978e-12
1.55929e-12
1.63502e-12
1.70713e-12
1.7758e-12
1.84119e-12
1.90347e-12
1.96277e-12
2.01925e-12
2.07304e-12
2.12426e-12
2.17304e-12
2.21949e-12
2.26373e-12
2.30585e-12
2.34597e-12
2.38418e-12
2.42057e-12
2.45522e-12
2.8367e-12
3.25601e-12
3.71683e-12
4.22313e-12
4.77925e-12
5.38986e-12
6.06001e-12
6.7951e-12
7.60089e-12
8.48347e-12
9.44918e-12
1.05046e-11
1.16563e-11
1.29109e-11
1.42743e-11
1.57522e-11
1.73487e-11
1.90663e-11
2.09047e-11
2.28601e-11
2.49237e-11
2.708e-11
2.93054e-11
3.15656e-11
3.38136e-11
3.59876e-11
3.80093e-11
3.9783e-11
4.11966e-11
4.21249e-11
4.2436e-11
4.20012e-11
4.0708e-11
3.84754e-11
3.52676e-11
3.11036e-11
2.60592e-11
2.02591e-11
1.38617e-11
7.04415e-12
-1.57447e-33
2.55323e-16
1.72621e-13
3.36812e-13
4.9318e-13
6.42097e-13
7.83916e-13
9.18975e-13
1.04759e-12
1.17008e-12
1.28673e-12
1.39781e-12
1.5036e-12
1.60434e-12
1.70027e-12
1.79164e-12
1.87864e-12
1.96149e-12
2.0404e-12
2.11554e-12
2.18709e-12
2.25523e-12
2.32013e-12
2.38193e-12
2.44078e-12
2.49683e-12
2.5502e-12
2.60103e-12
2.64943e-12
2.69553e-12
2.73943e-12
2.78124e-12
2.82105e-12
3.25937e-12
3.74116e-12
4.27063e-12
4.85236e-12
5.49132e-12
6.19289e-12
6.96285e-12
7.80742e-12
8.73321e-12
9.74719e-12
1.08567e-11
1.20691e-11
1.33922e-11
1.48333e-11
1.63995e-11
1.8097e-11
1.99305e-11
2.19028e-11
2.40136e-11
2.62582e-11
2.86265e-11
3.11005e-11
3.36526e-11
3.62432e-11
3.88179e-11
4.13052e-11
4.36144e-11
4.56351e-11
4.7238e-11
4.82789e-11
4.86062e-11
4.80728e-11
4.65513e-11
4.39519e-11
4.02381e-11
3.54385e-11
2.96474e-11
2.30147e-11
1.57262e-11
7.98387e-12
-1.64403e-33
2.74869e-16
1.85836e-13
3.62598e-13
5.30938e-13
6.91255e-13
8.43932e-13
9.89331e-13
1.1278e-12
1.25966e-12
1.38524e-12
1.50483e-12
1.61871e-12
1.72717e-12
1.83045e-12
1.92881e-12
2.02247e-12
2.11167e-12
2.19662e-12
2.27751e-12
2.35454e-12
2.42791e-12
2.49777e-12
2.5643e-12
2.62766e-12
2.688e-12
2.74546e-12
2.80018e-12
2.85229e-12
2.90192e-12
2.94918e-12
2.99419e-12
3.03705e-12
3.50894e-12
4.02763e-12
4.59767e-12
5.22398e-12
5.91192e-12
6.66728e-12
7.49631e-12
8.40569e-12
9.40257e-12
1.04945e-11
1.16893e-11
1.29952e-11
1.44203e-11
1.59728e-11
1.76602e-11
1.94895e-11
2.14658e-11
2.35924e-11
2.5869e-11
2.82911e-11
3.0848e-11
3.35208e-11
3.62804e-11
3.90846e-11
4.18754e-11
4.45763e-11
4.70903e-11
4.92983e-11
5.10609e-11
5.22215e-11
5.26149e-11
5.20795e-11
5.04738e-11
4.76959e-11
4.37018e-11
3.85181e-11
3.22446e-11
2.50434e-11
1.71185e-11
8.69242e-12
-1.65199e-33
2.78246e-16
1.88121e-13
3.67055e-13
5.37464e-13
6.99753e-13
8.54307e-13
1.00149e-12
1.14166e-12
1.27515e-12
1.40227e-12
1.52333e-12
1.63862e-12
1.74841e-12
1.85296e-12
1.95253e-12
2.04735e-12
2.13765e-12
2.22364e-12
2.30553e-12
2.38351e-12
2.45778e-12
2.5285e-12
2.59586e-12
2.66e-12
2.72108e-12
2.77925e-12
2.83464e-12
2.8874e-12
2.93764e-12
2.98548e-12
3.03105e-12
3.07444e-12
3.55216e-12
4.07728e-12
4.65439e-12
5.28849e-12
5.98502e-12
6.74986e-12
7.58934e-12
8.51027e-12
9.5199e-12
1.06259e-11
1.18364e-11
1.31596e-11
1.4604e-11
1.61779e-11
1.78892e-11
1.97452e-11
2.17515e-11
2.39117e-11
2.62263e-11
2.86913e-11
3.12967e-11
3.40245e-11
3.68466e-11
3.97216e-11
4.25925e-11
4.53833e-11
4.79972e-11
5.03146e-11
5.21939e-11
5.3475e-11
5.39865e-11
5.35576e-11
5.2035e-11
4.93022e-11
4.52992e-11
4.00379e-11
3.3607e-11
2.61651e-11
1.79209e-11
9.1123e-12
-1.60008e-33
2.65561e-16
1.79546e-13
3.50324e-13
5.12966e-13
6.67858e-13
8.15368e-13
9.55847e-13
1.08963e-12
1.21703e-12
1.33836e-12
1.45391e-12
1.56394e-12
1.66873e-12
1.76852e-12
1.86355e-12
1.95405e-12
2.04024e-12
2.12231e-12
2.20047e-12
2.27491e-12
2.34579e-12
2.4133e-12
2.47758e-12
2.5388e-12
2.59711e-12
2.65263e-12
2.7055e-12
2.75586e-12
2.80381e-12
2.84948e-12
2.89297e-12
2.93439e-12
3.39038e-12
3.89163e-12
4.44253e-12
5.04788e-12
5.71286e-12
6.44311e-12
7.24471e-12
8.12421e-12
9.08857e-12
1.01452e-11
1.13019e-11
1.25667e-11
1.39478e-11
1.54535e-11
1.70916e-11
1.88693e-11
2.07926e-11
2.28656e-11
2.50895e-11
2.74618e-11
2.99741e-11
3.2611e-11
3.53475e-11
3.81465e-11
4.09558e-11
4.37058e-11
4.63061e-11
4.86442e-11
5.05852e-11
5.19741e-11
5.26415e-11
5.24143e-11
5.11305e-11
4.8658e-11
4.49148e-11
3.98863e-11
3.36349e-11
2.62982e-11
1.8076e-11
9.21383e-12
-8.4005e-34
2.63932e-16
1.78444e-13
3.48175e-13
5.09819e-13
6.63761e-13
8.10366e-13
9.49983e-13
1.08294e-12
1.20957e-12
1.33015e-12
1.44499e-12
1.55435e-12
1.65849e-12
1.75767e-12
1.85212e-12
1.94207e-12
2.02772e-12
2.1093e-12
2.18698e-12
2.26096e-12
2.33141e-12
2.3985e-12
2.46239e-12
2.52323e-12
2.58118e-12
2.63636e-12
2.68891e-12
2.73896e-12
2.78662e-12
2.83201e-12
2.87523e-12
2.91639e-12
3.36959e-12
3.86778e-12
4.41531e-12
5.01695e-12
5.67787e-12
6.40367e-12
7.20039e-12
8.07454e-12
9.03306e-12
1.00833e-11
1.1233e-11
1.24903e-11
1.38632e-11
1.53599e-11
1.69884e-11
1.87558e-11
2.06681e-11
2.27295e-11
2.49412e-11
2.73008e-11
2.98001e-11
3.24241e-11
3.51478e-11
3.79348e-11
4.07336e-11
4.34749e-11
4.60694e-11
4.84053e-11
5.03486e-11
5.17449e-11
5.24256e-11
5.22176e-11
5.09583e-11
4.85144e-11
4.48022e-11
3.98044e-11
3.35807e-11
2.62666e-11
1.80605e-11
9.20812e-12
1.00893e-33
2.48067e-16
1.67719e-13
3.27249e-13
4.79178e-13
6.23868e-13
7.61663e-13
8.9289e-13
1.01786e-12
1.13688e-12
1.25022e-12
1.35815e-12
1.46094e-12
1.55883e-12
1.65205e-12
1.74083e-12
1.82537e-12
1.90588e-12
1.98255e-12
2.05557e-12
2.1251e-12
2.19132e-12
2.25439e-12
2.31444e-12
2.37163e-12
2.4261e-12
2.47797e-12
2.52736e-12
2.57441e-12
2.6192e-12
2.66187e-12
2.7025e-12
2.74119e-12
3.16719e-12
3.6355e-12
4.15021e-12
4.71582e-12
5.3372e-12
6.01963e-12
6.76882e-12
7.59092e-12
8.4925e-12
9.48056e-12
1.05624e-11
1.17458e-11
1.30385e-11
1.44485e-11
1.59834e-11
1.76502e-11
1.94552e-11
2.14028e-11
2.34951e-11
2.57305e-11
2.81029e-11
3.05993e-11
3.31984e-11
3.58677e-11
3.85613e-11
4.12165e-11
4.37514e-11
4.60628e-11
4.8025e-11
4.94913e-11
5.02982e-11
5.02741e-11
4.9252e-11
4.70875e-11
4.36782e-11
3.89827e-11
3.30344e-11
2.59456e-11
1.79014e-11
9.14893e-12
2.1183e-33
2.37399e-16
1.60508e-13
3.13179e-13
4.58576e-13
5.97046e-13
7.28916e-13
8.54502e-13
9.74101e-13
1.088e-12
1.19647e-12
1.29976e-12
1.39814e-12
1.49182e-12
1.58103e-12
1.66599e-12
1.7469e-12
1.82396e-12
1.89733e-12
1.96721e-12
2.03376e-12
2.09714e-12
2.15749e-12
2.21497e-12
2.2697e-12
2.32183e-12
2.37147e-12
2.41874e-12
2.46376e-12
2.50664e-12
2.54747e-12
2.58636e-12
2.62339e-12
3.03111e-12
3.47932e-12
3.97197e-12
4.51335e-12
5.10814e-12
5.7614e-12
6.47864e-12
7.26574e-12
8.12904e-12
9.07527e-12
1.01115e-11
1.12453e-11
1.24841e-11
1.38357e-11
1.53075e-11
1.69068e-11
1.86396e-11
2.05107e-11
2.25226e-11
2.46746e-11
2.69615e-11
2.93721e-11
3.18872e-11
3.44774e-11
3.71003e-11
3.96977e-11
4.21928e-11
4.44882e-11
4.64639e-11
4.79784e-11
4.88722e-11
4.89744e-11
4.81155e-11
4.61431e-11
4.29421e-11
3.84541e-11
3.26936e-11
2.57559e-11
1.78157e-11
9.12137e-12
2.00629e-33
2.31536e-16
1.56545e-13
3.05445e-13
4.47252e-13
5.82302e-13
7.10917e-13
8.33401e-13
9.50048e-13
1.06113e-12
1.16692e-12
1.26767e-12
1.36361e-12
1.45498e-12
1.542e-12
1.62486e-12
1.70377e-12
1.77893e-12
1.85049e-12
1.91865e-12
1.98355e-12
2.04537e-12
2.10423e-12
2.16029e-12
2.21367e-12
2.26451e-12
2.31293e-12
2.35904e-12
2.40295e-12
2.44477e-12
2.48459e-12
2.52252e-12
2.55864e-12
2.95631e-12
3.39348e-12
3.874e-12
4.40206e-12
4.98224e-12
5.61948e-12
6.31916e-12
7.08703e-12
7.92929e-12
8.85255e-12
9.86377e-12
1.09702e-11
1.21795e-11
1.3499e-11
1.49364e-11
1.64986e-11
1.81919e-11
2.00211e-11
2.19891e-11
2.40955e-11
2.63358e-11
2.86999e-11
3.11697e-11
3.37174e-11
3.63026e-11
3.88698e-11
4.13451e-11
4.36341e-11
4.56203e-11
4.71649e-11
4.81105e-11
4.82868e-11
4.75223e-11
4.56603e-11
4.25779e-11
3.82063e-11
3.25487e-11
2.56899e-11
1.77983e-11
9.12255e-12
1.11965e-33
2.30865e-16
1.56091e-13
3.0456e-13
4.45956e-13
5.80615e-13
7.08856e-13
8.30986e-13
9.47295e-13
1.05806e-12
1.16354e-12
1.264e-12
1.35966e-12
1.45077e-12
1.53753e-12
1.62015e-12
1.69884e-12
1.77377e-12
1.84513e-12
1.91309e-12
1.97781e-12
2.03944e-12
2.09813e-12
2.15403e-12
2.20726e-12
2.25795e-12
2.30623e-12
2.35221e-12
2.39599e-12
2.43769e-12
2.4774e-12
2.51521e-12
2.55123e-12
2.94774e-12
3.38365e-12
3.86278e-12
4.38933e-12
4.96783e-12
5.60324e-12
6.30091e-12
7.06658e-12
7.90644e-12
8.82707e-12
9.83543e-12
1.09388e-11
1.21446e-11
1.34605e-11
1.4894e-11
1.64519e-11
1.81407e-11
1.99652e-11
2.19282e-11
2.40295e-11
2.62646e-11
2.86235e-11
3.10882e-11
3.36312e-11
3.62124e-11
3.87764e-11
4.12498e-11
4.35386e-11
4.55265e-11
4.70752e-11
4.80274e-11
4.82129e-11
4.746e-11
4.56113e-11
4.2543e-11
3.8185e-11
3.25389e-11
2.56884e-11
1.78009e-11
9.1252e-12
9.32885e-34
2.29317e-16
1.55044e-13
3.02518e-13
4.42966e-13
5.76722e-13
7.04104e-13
8.25415e-13
9.40944e-13
1.05097e-12
1.15574e-12
1.25552e-12
1.35055e-12
1.44104e-12
1.52722e-12
1.60929e-12
1.68745e-12
1.76188e-12
1.83277e-12
1.90027e-12
1.96455e-12
2.02577e-12
2.08407e-12
2.1396e-12
2.19247e-12
2.24282e-12
2.29078e-12
2.33645e-12
2.37994e-12
2.42135e-12
2.4608e-12
2.49836e-12
2.53414e-12
2.928e-12
3.36099e-12
3.83693e-12
4.35996e-12
4.93462e-12
5.56581e-12
6.25885e-12
7.01947e-12
7.85381e-12
8.76841e-12
9.77021e-12
1.08664e-11
1.20646e-11
1.33721e-11
1.47966e-11
1.63451e-11
1.80238e-11
1.98376e-11
2.17896e-11
2.38796e-11
2.61034e-11
2.84512e-11
3.09056e-11
3.34395e-11
3.60134e-11
3.85727e-11
4.10449e-11
4.33368e-11
4.5333e-11
4.68962e-11
4.78691e-11
4.80816e-11
4.7361e-11
4.55479e-11
4.25154e-11
3.81896e-11
3.25679e-11
2.57299e-11
1.78407e-11
9.14965e-12
1.63376e-33
2.3017e-16
1.55622e-13
3.03644e-13
4.44615e-13
5.78869e-13
7.06726e-13
8.28489e-13
9.44448e-13
1.05488e-12
1.16005e-12
1.2602e-12
1.35558e-12
1.44641e-12
1.53291e-12
1.61529e-12
1.69374e-12
1.76844e-12
1.83959e-12
1.90734e-12
1.97187e-12
2.03332e-12
2.09183e-12
2.14756e-12
2.20063e-12
2.25118e-12
2.29931e-12
2.34515e-12
2.3888e-12
2.43037e-12
2.46996e-12
2.50767e-12
2.54357e-12
2.93891e-12
3.37352e-12
3.85123e-12
4.37621e-12
4.95301e-12
5.58656e-12
6.2822e-12
7.04567e-12
7.88314e-12
8.80119e-12
9.80676e-12
1.09071e-11
1.21098e-11
1.34224e-11
1.48524e-11
1.64068e-11
1.8092e-11
1.9913e-11
2.18727e-11
2.39712e-11
2.62042e-11
2.85619e-11
3.10269e-11
3.3572e-11
3.61578e-11
3.87295e-11
4.12142e-11
4.35186e-11
4.55269e-11
4.7101e-11
4.80832e-11
4.83023e-11
4.75847e-11
4.57699e-11
4.273e-11
3.83898e-11
3.27455e-11
2.58757e-11
1.79453e-11
9.20468e-12
1.65832e-33
2.33292e-16
1.57732e-13
3.07762e-13
4.50645e-13
5.8672e-13
7.1631e-13
8.39724e-13
9.57255e-13
1.06918e-12
1.17578e-12
1.27729e-12
1.37396e-12
1.46602e-12
1.5537e-12
1.63719e-12
1.7167e-12
1.79242e-12
1.86453e-12
1.93321e-12
1.99861e-12
2.06089e-12
2.1202e-12
2.17668e-12
2.23047e-12
2.2817e-12
2.33049e-12
2.37694e-12
2.42119e-12
2.46332e-12
2.50345e-12
2.54167e-12
2.57806e-12
2.97875e-12
3.41925e-12
3.90343e-12
4.43552e-12
5.02013e-12
5.66225e-12
6.36729e-12
7.14107e-12
7.98983e-12
8.92025e-12
9.93935e-12
1.10545e-11
1.22733e-11
1.36034e-11
1.50523e-11
1.66273e-11
1.83347e-11
2.01795e-11
2.21646e-11
2.42898e-11
2.6551e-11
2.89378e-11
3.14326e-11
3.40075e-11
3.66222e-11
3.9221e-11
4.17299e-11
4.40538e-11
4.60755e-11
4.76549e-11
4.86326e-11
4.88362e-11
4.80912e-11
4.62373e-11
4.31473e-11
3.87481e-11
3.3038e-11
2.6098e-11
1.80946e-11
9.27965e-12
1.51924e-33
2.38076e-16
1.60966e-13
3.14072e-13
4.59885e-13
5.98749e-13
7.30996e-13
8.56941e-13
9.76882e-13
1.09111e-12
1.19988e-12
1.30348e-12
1.40213e-12
1.49608e-12
1.58555e-12
1.67075e-12
1.7519e-12
1.82917e-12
1.90276e-12
1.97284e-12
2.03958e-12
2.10314e-12
2.16366e-12
2.2213e-12
2.2762e-12
2.32847e-12
2.37826e-12
2.42567e-12
2.47082e-12
2.51382e-12
2.55477e-12
2.59377e-12
2.63091e-12
3.0398e-12
3.48932e-12
3.98341e-12
4.52639e-12
5.12296e-12
5.77819e-12
6.49762e-12
7.28718e-12
8.15322e-12
9.10254e-12
1.01423e-11
1.128e-11
1.25233e-11
1.38801e-11
1.5358e-11
1.69642e-11
1.87052e-11
2.05859e-11
2.26091e-11
2.47746e-11
2.70777e-11
2.95077e-11
3.20461e-11
3.46642e-11
3.73203e-11
3.99569e-11
4.2498e-11
4.48463e-11
4.68817e-11
4.84616e-11
4.94244e-11
4.95957e-11
4.88006e-11
4.68796e-11
4.37083e-11
3.92175e-11
3.34104e-11
2.63726e-11
1.82742e-11
9.36793e-12
1.39367e-33
2.44063e-16
1.65014e-13
3.2197e-13
4.71449e-13
6.13806e-13
7.49378e-13
8.78489e-13
1.00145e-12
1.11854e-12
1.23006e-12
1.33625e-12
1.43739e-12
1.5337e-12
1.62542e-12
1.71276e-12
1.79595e-12
1.87516e-12
1.9506e-12
2.02244e-12
2.09086e-12
2.15601e-12
2.21806e-12
2.27715e-12
2.33342e-12
2.38701e-12
2.43805e-12
2.48665e-12
2.53294e-12
2.57702e-12
2.61899e-12
2.65897e-12
2.69704e-12
3.11621e-12
3.57702e-12
4.08351e-12
4.64012e-12
5.25163e-12
5.92328e-12
6.66071e-12
7.47e-12
8.35765e-12
9.33061e-12
1.03962e-11
1.1562e-11
1.28361e-11
1.42261e-11
1.57401e-11
1.73853e-11
1.9168e-11
2.10934e-11
2.31641e-11
2.53794e-11
2.77344e-11
3.02176e-11
3.28096e-11
3.54803e-11
3.81863e-11
4.08681e-11
4.3447e-11
4.58225e-11
4.78714e-11
4.94478e-11
5.03872e-11
5.05133e-11
4.9651e-11
4.76424e-11
4.43669e-11
3.97613e-11
3.38353e-11
2.66809e-11
1.84725e-11
9.46429e-12
1.27946e-33
2.509e-16
1.69636e-13
3.30989e-13
4.84655e-13
6.30999e-13
7.70368e-13
9.03096e-13
1.0295e-12
1.14987e-12
1.26451e-12
1.37368e-12
1.47764e-12
1.57665e-12
1.67094e-12
1.76073e-12
1.84624e-12
1.92768e-12
2.00523e-12
2.07908e-12
2.14941e-12
2.21639e-12
2.28018e-12
2.34092e-12
2.39877e-12
2.45386e-12
2.50632e-12
2.55629e-12
2.60387e-12
2.64918e-12
2.69233e-12
2.73343e-12
2.77257e-12
3.20347e-12
3.67716e-12
4.19781e-12
4.76997e-12
5.39856e-12
6.08895e-12
6.84693e-12
7.67873e-12
8.59104e-12
9.59097e-12
1.0686e-11
1.1884e-11
1.3193e-11
1.4621e-11
1.61761e-11
1.78656e-11
1.9696e-11
2.16722e-11
2.37967e-11
2.60686e-11
2.84823e-11
3.10257e-11
3.36781e-11
3.64079e-11
3.91697e-11
4.19015e-11
4.45214e-11
4.69256e-11
4.89872e-11
5.05565e-11
5.14658e-11
5.1537e-11
5.05948e-11
4.84836e-11
4.50879e-11
4.03512e-11
3.42916e-11
2.70084e-11
1.86809e-11
9.56469e-12
1.175e-33
2.5831e-16
1.74646e-13
3.40763e-13
4.98966e-13
6.49632e-13
7.93117e-13
9.29763e-13
1.0599e-12
1.18383e-12
1.30185e-12
1.41424e-12
1.52128e-12
1.62321e-12
1.72028e-12
1.81272e-12
1.90076e-12
1.98459e-12
2.06443e-12
2.14047e-12
2.21287e-12
2.28183e-12
2.3475e-12
2.41003e-12
2.46959e-12
2.5263e-12
2.58032e-12
2.63175e-12
2.68074e-12
2.72739e-12
2.77181e-12
2.81412e-12
2.85442e-12
3.29802e-12
3.78569e-12
4.32168e-12
4.91069e-12
5.55778e-12
6.26848e-12
7.04872e-12
7.90492e-12
8.84394e-12
9.87309e-12
1.1e-11
1.22328e-11
1.35797e-11
1.50488e-11
1.66484e-11
1.83858e-11
2.02677e-11
2.22987e-11
2.44814e-11
2.68144e-11
2.92914e-11
3.18994e-11
3.46166e-11
3.74095e-11
4.02307e-11
4.30152e-11
4.5678e-11
4.81115e-11
5.01844e-11
5.17434e-11
5.26173e-11
5.26262e-11
5.15949e-11
4.93707e-11
4.58436e-11
4.09655e-11
3.47631e-11
2.7344e-11
1.88928e-11
9.6661e-12
1.07907e-33
2.66074e-16
1.79894e-13
3.51004e-13
5.13961e-13
6.69154e-13
8.16951e-13
9.57704e-13
1.09175e-12
1.2194e-12
1.34097e-12
1.45674e-12
1.56699e-12
1.67198e-12
1.77197e-12
1.86719e-12
1.95787e-12
2.04423e-12
2.12646e-12
2.20478e-12
2.27936e-12
2.35039e-12
2.41803e-12
2.48244e-12
2.54379e-12
2.60221e-12
2.65784e-12
2.71082e-12
2.76128e-12
2.80933e-12
2.85509e-12
2.89867e-12
2.94017e-12
3.39709e-12
3.89939e-12
4.45146e-12
5.05813e-12
5.7246e-12
6.45656e-12
7.26012e-12
8.14188e-12
9.10889e-12
1.01686e-11
1.1329e-11
1.25982e-11
1.39847e-11
1.54969e-11
1.71429e-11
1.89305e-11
2.08662e-11
2.29546e-11
2.5198e-11
2.75946e-11
3.01376e-11
3.28129e-11
3.55973e-11
3.84557e-11
4.13381e-11
4.41768e-11
4.6883e-11
4.93452e-11
5.14279e-11
5.29738e-11
5.38082e-11
5.37494e-11
5.26226e-11
5.02785e-11
4.66134e-11
4.15876e-11
3.52376e-11
2.76794e-11
1.91032e-11
9.76629e-12
9.90763e-34
2.74017e-16
1.85264e-13
3.61482e-13
5.29304e-13
6.8913e-13
8.41338e-13
9.86292e-13
1.12434e-12
1.2558e-12
1.381e-12
1.50022e-12
1.61376e-12
1.72189e-12
1.82486e-12
1.92292e-12
2.01631e-12
2.10524e-12
2.18993e-12
2.27059e-12
2.34739e-12
2.42054e-12
2.4902e-12
2.55653e-12
2.61971e-12
2.67987e-12
2.73716e-12
2.79172e-12
2.84368e-12
2.89317e-12
2.94029e-12
2.98517e-12
3.02791e-12
3.49846e-12
4.01573e-12
4.58425e-12
5.20897e-12
5.89528e-12
6.64899e-12
7.47642e-12
8.38432e-12
9.37994e-12
1.0471e-11
1.16655e-11
1.2972e-11
1.4399e-11
1.59551e-11
1.76488e-11
1.94876e-11
2.14782e-11
2.36252e-11
2.59305e-11
2.8392e-11
3.10021e-11
3.37459e-11
3.65986e-11
3.95232e-11
4.24674e-11
4.53602e-11
4.81095e-11
5.05995e-11
5.26905e-11
5.42208e-11
5.50126e-11
5.48823e-11
5.3656e-11
5.11879e-11
4.73812e-11
4.22051e-11
3.5706e-11
2.80087e-11
1.93087e-11
9.86367e-12
9.09344e-34
2.82003e-16
1.90663e-13
3.72015e-13
5.44728e-13
7.09211e-13
8.65854e-13
1.01503e-12
1.1571e-12
1.29239e-12
1.42123e-12
1.54393e-12
1.66078e-12
1.77206e-12
1.87803e-12
1.97895e-12
2.07505e-12
2.16658e-12
2.25374e-12
2.33674e-12
2.41578e-12
2.49106e-12
2.56274e-12
2.63101e-12
2.69602e-12
2.75794e-12
2.8169e-12
2.87305e-12
2.92652e-12
2.97745e-12
3.02595e-12
3.07213e-12
3.11611e-12
3.60036e-12
4.13268e-12
4.71773e-12
5.36061e-12
6.06685e-12
6.84243e-12
7.69384e-12
8.62801e-12
9.65239e-12
1.07749e-11
1.20038e-11
1.33476e-11
1.48153e-11
1.64157e-11
1.81571e-11
2.00473e-11
2.2093e-11
2.42988e-11
2.66662e-11
2.91927e-11
3.187e-11
3.46822e-11
3.7603e-11
4.05936e-11
4.35991e-11
4.65454e-11
4.93367e-11
5.18532e-11
5.39506e-11
5.54633e-11
5.62103e-11
5.60063e-11
5.46783e-11
5.20847e-11
4.81353e-11
4.28089e-11
3.61619e-11
2.83275e-11
1.95066e-11
9.95714e-12
8.34225e-34
2.89921e-16
1.96016e-13
3.8246e-13
5.60022e-13
7.29123e-13
8.90164e-13
1.04353e-12
1.18958e-12
1.32868e-12
1.46114e-12
1.58728e-12
1.70741e-12
1.82181e-12
1.93076e-12
2.03451e-12
2.13331e-12
2.2274e-12
2.317e-12
2.40233e-12
2.4836e-12
2.56098e-12
2.63468e-12
2.70487e-12
2.7717e-12
2.83535e-12
2.89597e-12
2.95369e-12
3.00867e-12
3.06102e-12
3.11088e-12
3.15836e-12
3.20358e-12
3.7014e-12
4.24864e-12
4.85009e-12
5.51098e-12
6.23698e-12
7.03424e-12
7.90942e-12
8.86964e-12
9.92253e-12
1.10762e-11
1.23391e-11
1.37201e-11
1.52281e-11
1.68722e-11
1.86609e-11
2.06021e-11
2.27024e-11
2.49663e-11
2.73951e-11
2.99858e-11
3.27295e-11
3.56092e-11
3.85971e-11
4.16525e-11
4.4718e-11
4.77165e-11
5.05483e-11
5.30896e-11
5.51919e-11
5.66855e-11
5.73861e-11
5.71073e-11
5.56771e-11
5.29579e-11
4.88671e-11
4.33926e-11
3.66006e-11
2.86329e-11
1.96953e-11
1.0046e-11
7.64909e-34
2.97688e-16
2.01266e-13
3.92704e-13
5.75022e-13
7.48652e-13
9.14007e-13
1.07148e-12
1.22145e-12
1.36426e-12
1.50027e-12
1.62979e-12
1.75314e-12
1.8706e-12
1.98246e-12
2.08899e-12
2.19044e-12
2.28705e-12
2.37905e-12
2.46667e-12
2.55011e-12
2.62957e-12
2.70524e-12
2.7773e-12
2.84592e-12
2.91128e-12
2.97352e-12
3.03279e-12
3.08923e-12
3.14299e-12
3.19418e-12
3.24293e-12
3.28936e-12
3.8005e-12
4.36238e-12
4.9799e-12
5.65844e-12
6.40382e-12
7.22235e-12
8.12084e-12
9.1066e-12
1.01875e-11
1.13717e-11
1.26679e-11
1.40853e-11
1.56329e-11
1.73198e-11
1.91549e-11
2.1146e-11
2.32997e-11
2.56205e-11
2.81094e-11
3.0763e-11
3.35716e-11
3.6517e-11
3.95704e-11
4.26888e-11
4.58125e-11
4.88612e-11
5.17318e-11
5.42962e-11
5.64018e-11
5.7875e-11
5.85285e-11
5.81747e-11
5.6643e-11
5.38001e-11
4.95705e-11
4.39515e-11
3.7019e-11
2.8923e-11
1.98739e-11
1.01298e-11
7.00963e-34
3.05236e-16
2.06369e-13
4.02661e-13
5.89601e-13
7.67633e-13
9.3718e-13
1.09865e-12
1.25241e-12
1.39885e-12
1.53831e-12
1.67111e-12
1.79758e-12
1.91802e-12
2.03272e-12
2.14195e-12
2.24597e-12
2.34503e-12
2.43936e-12
2.5292e-12
2.61475e-12
2.69622e-12
2.77381e-12
2.8477e-12
2.91806e-12
2.98507e-12
3.04889e-12
3.10966e-12
3.16753e-12
3.22265e-12
3.27514e-12
3.32512e-12
3.37273e-12
3.89682e-12
4.47292e-12
5.10607e-12
5.80177e-12
6.56598e-12
7.40517e-12
8.32632e-12
9.3369e-12
1.04449e-11
1.16588e-11
1.29875e-11
1.44402e-11
1.60262e-11
1.77548e-11
1.96348e-11
2.16744e-11
2.388e-11
2.6256e-11
2.88032e-11
3.15177e-11
3.43891e-11
3.73983e-11
4.05148e-11
4.3694e-11
4.68736e-11
4.99704e-11
5.28777e-11
5.54634e-11
5.7571e-11
5.90229e-11
5.96291e-11
5.92011e-11
5.75696e-11
5.46058e-11
5.02414e-11
4.44827e-11
3.74152e-11
2.91966e-11
2.00417e-11
1.02083e-11
6.42002e-34
3.12517e-16
2.11291e-13
4.12265e-13
6.03664e-13
7.85942e-13
9.59533e-13
1.12485e-12
1.28228e-12
1.43221e-12
1.57499e-12
1.71097e-12
1.84045e-12
1.96377e-12
2.0812e-12
2.19303e-12
2.29953e-12
2.40095e-12
2.49753e-12
2.58951e-12
2.6771e-12
2.76052e-12
2.83995e-12
2.9156e-12
2.98764e-12
3.05625e-12
3.12159e-12
3.18381e-12
3.24306e-12
3.29949e-12
3.35323e-12
3.40441e-12
3.45315e-12
3.98972e-12
4.57954e-12
5.22776e-12
5.94001e-12
6.72239e-12
7.58151e-12
8.52451e-12
9.55903e-12
1.06932e-11
1.19358e-11
1.32957e-11
1.47825e-11
1.64055e-11
1.81742e-11
2.00977e-11
2.21839e-11
2.44395e-11
2.68687e-11
2.94719e-11
3.2245e-11
3.51768e-11
3.82472e-11
4.14244e-11
4.46618e-11
4.78947e-11
5.10372e-11
5.39791e-11
5.65844e-11
5.86927e-11
6.01228e-11
6.06821e-11
6.01813e-11
5.84525e-11
5.53715e-11
5.08771e-11
4.49846e-11
3.77883e-11
2.94533e-11
2.01987e-11
1.02815e-11
5.87675e-34
3.19495e-16
2.16009e-13
4.21469e-13
6.17141e-13
8.03488e-13
9.80954e-13
1.14996e-12
1.31091e-12
1.46419e-12
1.61015e-12
1.74916e-12
1.88154e-12
2.0076e-12
2.12766e-12
2.24199e-12
2.35086e-12
2.45454e-12
2.55328e-12
2.64731e-12
2.73686e-12
2.82213e-12
2.90334e-12
2.98068e-12
3.05433e-12
3.12447e-12
3.19126e-12
3.25487e-12
3.31544e-12
3.37313e-12
3.42807e-12
3.48039e-12
3.53021e-12
4.07875e-12
4.68172e-12
5.34439e-12
6.07249e-12
6.87228e-12
7.7505e-12
8.71444e-12
9.77189e-12
1.09312e-11
1.22012e-11
1.35911e-11
1.51104e-11
1.67689e-11
1.85761e-11
2.05411e-11
2.26721e-11
2.49755e-11
2.74555e-11
3.01125e-11
3.29416e-11
3.59311e-11
3.90599e-11
4.22949e-11
4.55876e-11
4.88713e-11
5.2057e-11
5.50312e-11
5.76544e-11
5.97623e-11
6.11703e-11
6.16836e-11
6.11118e-11
5.9289e-11
5.60953e-11
5.14764e-11
4.54562e-11
3.81378e-11
2.96931e-11
2.03448e-11
1.03495e-11
5.37657e-34
3.26145e-16
2.20504e-13
4.30241e-13
6.29985e-13
8.2021e-13
1.00137e-12
1.17389e-12
1.33819e-12
1.49466e-12
1.64366e-12
1.78556e-12
1.92069e-12
2.04938e-12
2.17193e-12
2.28864e-12
2.39978e-12
2.50562e-12
2.60641e-12
2.7024e-12
2.79381e-12
2.88086e-12
2.96376e-12
3.0427e-12
3.11788e-12
3.18948e-12
3.25766e-12
3.32259e-12
3.38443e-12
3.44331e-12
3.49939e-12
3.5528e-12
3.60366e-12
4.1636e-12
4.7791e-12
5.45553e-12
6.19875e-12
7.01513e-12
7.91155e-12
8.89543e-12
9.97475e-12
1.1158e-11
1.24541e-11
1.38725e-11
1.5423e-11
1.71153e-11
1.89591e-11
2.09636e-11
2.31371e-11
2.54862e-11
2.80146e-11
3.07226e-11
3.36049e-11
3.66493e-11
3.98336e-11
4.31234e-11
4.64686e-11
4.98001e-11
5.30264e-11
5.60308e-11
5.86703e-11
6.07769e-11
6.21629e-11
6.26312e-11
6.19909e-11
6.00777e-11
5.67762e-11
5.20389e-11
4.58976e-11
3.84639e-11
2.99161e-11
2.04803e-11
1.04125e-11
4.91646e-34
3.32452e-16
2.24768e-13
4.3856e-13
6.42166e-13
8.36069e-13
1.02073e-12
1.19659e-12
1.36407e-12
1.52356e-12
1.67544e-12
1.82008e-12
1.95783e-12
2.089e-12
2.21392e-12
2.33289e-12
2.44618e-12
2.55406e-12
2.6568e-12
2.75464e-12
2.84782e-12
2.93655e-12
3.02105e-12
3.10152e-12
3.17815e-12
3.25113e-12
3.32063e-12
3.38682e-12
3.44985e-12
3.50987e-12
3.56704e-12
3.62147e-12
3.67332e-12
4.24408e-12
4.87145e-12
5.56094e-12
6.31849e-12
7.1506e-12
8.06428e-12
9.06708e-12
1.01671e-11
1.1373e-11
1.2694e-11
1.41394e-11
1.57193e-11
1.74437e-11
1.93222e-11
2.13642e-11
2.35781e-11
2.59703e-11
2.85445e-11
3.13009e-11
3.42337e-11
3.73299e-11
4.05666e-11
4.39082e-11
4.73028e-11
5.06794e-11
5.39437e-11
5.69761e-11
5.96303e-11
6.17349e-11
6.30992e-11
6.35239e-11
6.28178e-11
6.08183e-11
5.74143e-11
5.25647e-11
4.63093e-11
3.87672e-11
3.0123e-11
2.06057e-11
1.04706e-11
4.49355e-34
3.38408e-16
2.28794e-13
4.46416e-13
6.53669e-13
8.51046e-13
1.03902e-12
1.21802e-12
1.3885e-12
1.55085e-12
1.70545e-12
1.85268e-12
1.9929e-12
2.12642e-12
2.25358e-12
2.37467e-12
2.48999e-12
2.59981e-12
2.70439e-12
2.80398e-12
2.89882e-12
2.98914e-12
3.07515e-12
3.15706e-12
3.23507e-12
3.30935e-12
3.3801e-12
3.44747e-12
3.51163e-12
3.57273e-12
3.63091e-12
3.68633e-12
3.7391e-12
4.32007e-12
4.95867e-12
5.66047e-12
6.43157e-12
7.27853e-12
8.20851e-12
9.22918e-12
1.03488e-11
1.15761e-11
1.29204e-11
1.43915e-11
1.59992e-11
1.77537e-11
1.9665e-11
2.17425e-11
2.39944e-11
2.64273e-11
2.90448e-11
3.18467e-11
3.4827e-11
3.79721e-11
4.12582e-11
4.46485e-11
4.80896e-11
5.15083e-11
5.48082e-11
5.78666e-11
6.05341e-11
6.2636e-11
6.3979e-11
6.43618e-11
6.35928e-11
6.15113e-11
5.80101e-11
5.30546e-11
4.66919e-11
3.90484e-11
3.03142e-11
2.07214e-11
1.05241e-11
3.22747e-34
3.41479e-16
2.3087e-13
4.50467e-13
6.596e-13
8.58768e-13
1.04844e-12
1.22908e-12
1.4011e-12
1.56492e-12
1.72093e-12
1.8695e-12
2.01098e-12
2.14571e-12
2.27403e-12
2.39622e-12
2.51258e-12
2.62339e-12
2.72892e-12
2.82942e-12
2.92512e-12
3.01626e-12
3.10305e-12
3.18571e-12
3.26442e-12
3.33938e-12
3.41076e-12
3.47874e-12
3.54348e-12
3.60514e-12
3.66385e-12
3.71977e-12
3.77301e-12
4.35925e-12
5.00364e-12
5.7118e-12
6.48987e-12
7.3445e-12
8.28287e-12
9.31275e-12
1.04425e-11
1.16808e-11
1.30372e-11
1.45214e-11
1.61435e-11
1.79136e-11
1.98418e-11
2.19375e-11
2.4209e-11
2.66629e-11
2.93027e-11
3.21281e-11
3.51329e-11
3.83031e-11
4.16146e-11
4.50299e-11
4.84949e-11
5.19353e-11
5.52533e-11
5.83249e-11
6.0999e-11
6.30993e-11
6.4431e-11
6.47919e-11
6.39902e-11
6.18662e-11
5.83149e-11
5.33048e-11
4.6887e-11
3.91915e-11
3.04114e-11
2.078e-11
1.05512e-11
-9.57713e-35
3.43771e-16
2.3242e-13
4.5349e-13
6.64028e-13
8.64532e-13
1.05548e-12
1.23733e-12
1.4105e-12
1.57542e-12
1.73248e-12
1.88204e-12
2.02448e-12
2.16012e-12
2.28929e-12
2.4123e-12
2.52944e-12
2.641e-12
2.74724e-12
2.84841e-12
2.94475e-12
3.0365e-12
3.12388e-12
3.20708e-12
3.28632e-12
3.36179e-12
3.43365e-12
3.50209e-12
3.56726e-12
3.62933e-12
3.68844e-12
3.74472e-12
3.79833e-12
4.3885e-12
5.0372e-12
5.75011e-12
6.53339e-12
7.39373e-12
8.33838e-12
9.37514e-12
1.05124e-11
1.1759e-11
1.31244e-11
1.46184e-11
1.62512e-11
1.80329e-11
1.99737e-11
2.2083e-11
2.43692e-11
2.68386e-11
2.94951e-11
3.2338e-11
3.5361e-11
3.85499e-11
4.18803e-11
4.53141e-11
4.87967e-11
5.22531e-11
5.55844e-11
5.86655e-11
6.13442e-11
6.3443e-11
6.47658e-11
6.51098e-11
6.42832e-11
6.2127e-11
5.85379e-11
5.34869e-11
4.70281e-11
3.92942e-11
3.04805e-11
2.08214e-11
1.05702e-11
-6.18625e-34
3.4705e-16
2.34637e-13
4.57815e-13
6.70361e-13
8.72777e-13
1.06555e-12
1.24913e-12
1.42395e-12
1.59045e-12
1.749e-12
1.89999e-12
2.04378e-12
2.18071e-12
2.31112e-12
2.4353e-12
2.55356e-12
2.66618e-12
2.77343e-12
2.87557e-12
2.97283e-12
3.06545e-12
3.15366e-12
3.23766e-12
3.31766e-12
3.39384e-12
3.46639e-12
3.53548e-12
3.60127e-12
3.66393e-12
3.7236e-12
3.78043e-12
3.83454e-12
4.43033e-12
5.08521e-12
5.8049e-12
6.59563e-12
7.46415e-12
8.41776e-12
9.46435e-12
1.06123e-11
1.18707e-11
1.3249e-11
1.4757e-11
1.64051e-11
1.82034e-11
2.01622e-11
2.22909e-11
2.45978e-11
2.70896e-11
2.97696e-11
3.26372e-11
3.5686e-11
3.89013e-11
4.22582e-11
4.57179e-11
4.92249e-11
5.27029e-11
5.60519e-11
5.9145e-11
6.18282e-11
6.39222e-11
6.52296e-11
6.55465e-11
6.46813e-11
6.24764e-11
5.88312e-11
5.37208e-11
4.72037e-11
3.9417e-11
3.05592e-11
2.08659e-11
1.05896e-11
-7.92213e-34
3.48415e-16
2.35559e-13
4.59616e-13
6.72997e-13
8.7621e-13
1.06974e-12
1.25404e-12
1.42955e-12
1.5967e-12
1.75588e-12
1.90746e-12
2.05182e-12
2.18929e-12
2.32021e-12
2.44488e-12
2.5636e-12
2.67667e-12
2.78434e-12
2.88687e-12
2.98452e-12
3.07751e-12
3.16606e-12
3.25039e-12
3.3307e-12
3.40718e-12
3.48001e-12
3.54937e-12
3.61543e-12
3.67833e-12
3.73824e-12
3.79529e-12
3.84962e-12
4.44774e-12
5.10519e-12
5.82771e-12
6.62153e-12
7.49345e-12
8.45079e-12
9.50145e-12
1.06539e-11
1.19172e-11
1.33008e-11
1.48146e-11
1.6469e-11
1.82742e-11
2.02403e-11
2.2377e-11
2.46925e-11
2.71932e-11
2.98828e-11
3.27604e-11
3.58194e-11
3.9045e-11
4.24121e-11
4.58815e-11
4.93972e-11
5.28825e-11
5.62366e-11
5.93319e-11
6.20136e-11
6.41018e-11
6.53983e-11
6.56992e-11
6.48131e-11
6.25834e-11
5.89116e-11
5.37747e-11
4.7234e-11
3.94287e-11
3.05589e-11
2.08605e-11
1.0585e-11
-7.20047e-34
3.4831e-16
2.35488e-13
4.59477e-13
6.72794e-13
8.75946e-13
1.06941e-12
1.25366e-12
1.42912e-12
1.59622e-12
1.75535e-12
1.90689e-12
2.0512e-12
2.18863e-12
2.31951e-12
2.44414e-12
2.56283e-12
2.67586e-12
2.7835e-12
2.886e-12
2.98362e-12
3.07658e-12
3.1651e-12
3.24941e-12
3.32969e-12
3.40615e-12
3.47896e-12
3.5483e-12
3.61434e-12
3.67722e-12
3.73711e-12
3.79414e-12
3.84845e-12
4.4464e-12
5.10365e-12
5.82594e-12
6.61952e-12
7.49116e-12
8.4482e-12
9.49854e-12
1.06506e-11
1.19135e-11
1.32966e-11
1.481e-11
1.64638e-11
1.82683e-11
2.02337e-11
2.23696e-11
2.46841e-11
2.71838e-11
2.98721e-11
3.27483e-11
3.58056e-11
3.90293e-11
4.2394e-11
4.58607e-11
4.93732e-11
5.28548e-11
5.62044e-11
5.92946e-11
6.19704e-11
6.4052e-11
6.53413e-11
6.56348e-11
6.47416e-11
6.25059e-11
5.883e-11
5.36921e-11
4.71542e-11
3.93566e-11
3.04991e-11
2.08176e-11
1.05625e-11
-6.53362e-34
3.471e-16
2.3467e-13
4.57881e-13
6.70457e-13
8.72902e-13
1.0657e-12
1.2493e-12
1.42416e-12
1.59067e-12
1.74925e-12
1.90026e-12
2.04407e-12
2.18103e-12
2.31145e-12
2.43565e-12
2.55392e-12
2.66656e-12
2.77382e-12
2.87597e-12
2.97325e-12
3.06589e-12
3.15411e-12
3.23812e-12
3.31813e-12
3.39432e-12
3.46688e-12
3.53597e-12
3.60178e-12
3.66444e-12
3.72412e-12
3.78096e-12
3.83508e-12
4.43095e-12
5.08591e-12
5.8057e-12
6.59652e-12
7.46514e-12
8.41885e-12
9.46554e-12
1.06136e-11
1.18721e-11
1.32504e-11
1.47585e-11
1.64066e-11
1.82049e-11
2.01635e-11
2.22919e-11
2.45984e-11
2.70894e-11
2.97684e-11
3.26346e-11
3.56813e-11
3.88938e-11
4.22469e-11
4.57016e-11
4.92019e-11
5.26715e-11
5.60096e-11
5.90892e-11
6.17558e-11
6.38303e-11
6.51154e-11
6.54081e-11
6.45184e-11
6.22907e-11
5.86279e-11
5.35081e-11
4.69931e-11
3.92225e-11
3.03956e-11
2.07472e-11
1.05269e-11
-5.92121e-34
3.45081e-16
2.33305e-13
4.55217e-13
6.66556e-13
8.67824e-13
1.0595e-12
1.24204e-12
1.41587e-12
1.58142e-12
1.73907e-12
1.88921e-12
2.03218e-12
2.16834e-12
2.298e-12
2.42148e-12
2.53907e-12
2.65105e-12
2.75769e-12
2.85924e-12
2.95595e-12
3.04805e-12
3.13576e-12
3.21928e-12
3.29882e-12
3.37457e-12
3.44671e-12
3.51541e-12
3.58083e-12
3.64313e-12
3.70246e-12
3.75896e-12
3.81277e-12
4.40518e-12
5.05633e-12
5.77193e-12
6.55816e-12
7.42173e-12
8.3699e-12
9.41051e-12
1.05519e-11
1.18031e-11
1.31734e-11
1.46728e-11
1.63113e-11
1.80992e-11
2.00465e-11
2.21627e-11
2.4456e-11
2.69328e-11
2.95965e-11
3.24465e-11
3.54761e-11
3.86707e-11
4.20053e-11
4.54412e-11
4.89229e-11
5.23744e-11
5.56959e-11
5.87609e-11
6.14161e-11
6.34834e-11
6.47665e-11
6.50635e-11
6.41849e-11
6.19758e-11
5.83387e-11
5.3251e-11
4.67735e-11
3.90442e-11
3.0261e-11
2.06573e-11
1.0482e-11
-5.36145e-34
3.4249e-16
2.31553e-13
4.51799e-13
6.61551e-13
8.61308e-13
1.05154e-12
1.23271e-12
1.40524e-12
1.56955e-12
1.72601e-12
1.87502e-12
2.01692e-12
2.15206e-12
2.28075e-12
2.4033e-12
2.52e-12
2.63114e-12
2.73698e-12
2.83778e-12
2.93376e-12
3.02517e-12
3.11222e-12
3.19511e-12
3.27406e-12
3.34924e-12
3.42083e-12
3.48901e-12
3.55394e-12
3.61578e-12
3.67466e-12
3.73074e-12
3.78415e-12
4.37211e-12
5.01838e-12
5.72861e-12
6.50894e-12
7.36603e-12
8.3071e-12
9.33992e-12
1.04728e-11
1.17146e-11
1.30747e-11
1.45629e-11
1.61892e-11
1.79638e-11
1.98967e-11
2.19972e-11
2.42736e-11
2.67322e-11
2.93765e-11
3.22059e-11
3.52137e-11
3.83857e-11
4.1697e-11
4.51093e-11
4.85679e-11
5.19972e-11
5.52983e-11
5.83461e-11
6.09884e-11
6.30484e-11
6.43312e-11
6.4636e-11
6.37743e-11
6.15913e-11
5.79888e-11
5.29433e-11
4.65136e-11
3.88356e-11
3.01051e-11
2.05542e-11
1.04309e-11
-4.85162e-34
3.39514e-16
2.29542e-13
4.47875e-13
6.55805e-13
8.53827e-13
1.04241e-12
1.222e-12
1.39304e-12
1.55591e-12
1.71102e-12
1.85874e-12
1.9994e-12
2.13336e-12
2.26094e-12
2.38242e-12
2.49812e-12
2.60829e-12
2.71321e-12
2.81313e-12
2.90828e-12
2.99889e-12
3.08519e-12
3.16736e-12
3.24562e-12
3.32015e-12
3.39112e-12
3.45871e-12
3.52308e-12
3.58438e-12
3.64275e-12
3.69834e-12
3.75129e-12
4.33414e-12
4.9748e-12
5.67887e-12
6.45243e-12
7.30209e-12
8.23501e-12
9.25888e-12
1.0382e-11
1.1613e-11
1.29614e-11
1.44367e-11
1.6049e-11
1.78084e-11
1.97247e-11
2.18073e-11
2.40643e-11
2.65021e-11
2.91243e-11
3.193e-11
3.49131e-11
3.80592e-11
4.1344e-11
4.47297e-11
4.81619e-11
5.15663e-11
5.48448e-11
5.78736e-11
6.0502e-11
6.25547e-11
6.38384e-11
6.41538e-11
6.33128e-11
6.1161e-11
5.75994e-11
5.26028e-11
4.62277e-11
3.86075e-11
2.99358e-11
2.04428e-11
1.03758e-11
-4.38852e-34
3.36303e-16
2.27371e-13
4.43638e-13
6.49602e-13
8.4575e-13
1.03255e-12
1.21045e-12
1.37986e-12
1.5412e-12
1.69484e-12
1.84115e-12
1.98049e-12
2.11319e-12
2.23955e-12
2.35989e-12
2.47449e-12
2.58362e-12
2.68755e-12
2.78652e-12
2.88077e-12
2.97053e-12
3.05601e-12
3.13741e-12
3.21493e-12
3.28875e-12
3.35905e-12
3.426e-12
3.48976e-12
3.55048e-12
3.6083e-12
3.66337e-12
3.71581e-12
4.29315e-12
4.92776e-12
5.62517e-12
6.39143e-12
7.23307e-12
8.15718e-12
9.1714e-12
1.02839e-11
1.15034e-11
1.28391e-11
1.43006e-11
1.58978e-11
1.76407e-11
1.95391e-11
2.16024e-11
2.38385e-11
2.6254e-11
2.88521e-11
3.16325e-11
3.45889e-11
3.77073e-11
4.09636e-11
4.43207e-11
4.77248e-11
5.11025e-11
5.43571e-11
5.73659e-11
5.99799e-11
6.20255e-11
6.3311e-11
6.36385e-11
6.28209e-11
6.07035e-11
5.71867e-11
5.22431e-11
4.59269e-11
3.83686e-11
2.97592e-11
2.03271e-11
1.03188e-11
-3.96871e-34
3.32969e-16
2.25117e-13
4.3924e-13
6.43162e-13
8.37366e-13
1.02231e-12
1.19845e-12
1.36618e-12
1.52592e-12
1.67804e-12
1.8229e-12
1.96086e-12
2.09224e-12
2.21735e-12
2.3365e-12
2.44996e-12
2.55801e-12
2.66091e-12
2.7589e-12
2.85222e-12
2.94109e-12
3.02572e-12
3.10631e-12
3.18306e-12
3.25615e-12
3.32576e-12
3.39204e-12
3.45517e-12
3.51529e-12
3.57254e-12
3.62706e-12
3.67898e-12
4.2506e-12
4.87892e-12
5.56943e-12
6.3281e-12
7.16142e-12
8.07639e-12
9.08058e-12
1.01821e-11
1.13896e-11
1.27121e-11
1.41592e-11
1.57407e-11
1.74666e-11
1.93465e-11
2.13897e-11
2.36042e-11
2.59964e-11
2.85698e-11
3.13238e-11
3.42525e-11
3.73422e-11
4.05691e-11
4.38966e-11
4.72717e-11
5.0622e-11
5.38519e-11
5.68403e-11
5.94397e-11
6.14784e-11
6.27664e-11
6.31071e-11
6.23143e-11
6.02333e-11
5.67633e-11
5.18751e-11
4.56199e-11
3.81255e-11
2.958e-11
2.02099e-11
1.02611e-11
-1.00751e-34
3.2946e-16
2.22745e-13
4.34612e-13
6.36385e-13
8.28543e-13
1.01154e-12
1.18582e-12
1.35179e-12
1.50984e-12
1.66036e-12
1.8037e-12
1.9402e-12
2.07019e-12
2.19399e-12
2.31188e-12
2.42415e-12
2.53106e-12
2.63287e-12
2.72983e-12
2.82217e-12
2.9101e-12
2.99384e-12
3.07358e-12
3.14952e-12
3.22185e-12
3.29072e-12
3.35631e-12
3.41877e-12
3.47825e-12
3.5349e-12
3.58885e-12
3.64022e-12
4.20583e-12
4.82753e-12
5.51077e-12
6.26146e-12
7.08602e-12
7.99137e-12
8.98502e-12
1.0075e-11
1.12698e-11
1.25785e-11
1.40105e-11
1.55755e-11
1.72834e-11
1.91438e-11
2.11659e-11
2.33576e-11
2.57254e-11
2.82726e-11
3.0999e-11
3.38986e-11
3.69581e-11
4.0154e-11
4.34504e-11
4.67951e-11
5.01166e-11
5.33205e-11
5.62875e-11
5.88717e-11
6.09032e-11
6.21939e-11
6.25486e-11
6.17819e-11
5.97393e-11
5.63187e-11
5.14889e-11
4.5298e-11
3.78707e-11
2.93923e-11
2.00873e-11
1.02008e-11
1.83104e-34
3.25649e-16
2.20168e-13
4.29585e-13
6.29024e-13
8.1896e-13
9.99843e-13
1.1721e-12
1.33615e-12
1.49238e-12
1.64115e-12
1.78284e-12
1.91776e-12
2.04625e-12
2.16861e-12
2.28514e-12
2.39611e-12
2.50179e-12
2.60243e-12
2.69826e-12
2.78953e-12
2.87644e-12
2.95921e-12
3.03804e-12
3.1131e-12
3.18459e-12
3.25266e-12
3.31749e-12
3.37923e-12
3.43803e-12
3.49402e-12
3.54734e-12
3.59813e-12
4.15719e-12
4.77172e-12
5.44706e-12
6.18908e-12
7.00412e-12
7.89903e-12
8.88122e-12
9.95862e-12
1.11397e-11
1.24333e-11
1.38489e-11
1.5396e-11
1.70844e-11
1.89236e-11
2.09228e-11
2.30898e-11
2.5431e-11
2.79498e-11
3.06461e-11
3.35141e-11
3.65407e-11
3.9703e-11
4.29655e-11
4.6277e-11
4.95671e-11
5.27428e-11
5.56863e-11
5.82538e-11
6.02773e-11
6.15706e-11
6.19402e-11
6.12018e-11
5.92006e-11
5.58336e-11
5.10671e-11
4.49462e-11
3.7592e-11
2.91868e-11
1.9953e-11
1.01348e-11
2.00122e-34
3.21515e-16
2.17374e-13
4.24132e-13
6.2104e-13
8.08564e-13
9.87151e-13
1.15722e-12
1.31919e-12
1.47343e-12
1.62032e-12
1.76021e-12
1.89342e-12
2.02028e-12
2.14109e-12
2.25614e-12
2.3657e-12
2.47003e-12
2.56939e-12
2.66402e-12
2.75413e-12
2.83994e-12
2.92166e-12
2.99948e-12
3.07359e-12
3.14417e-12
3.21138e-12
3.27539e-12
3.33635e-12
3.3944e-12
3.44968e-12
3.50232e-12
3.55246e-12
4.10444e-12
4.71117e-12
5.37795e-12
6.11057e-12
6.91528e-12
7.79886e-12
8.76862e-12
9.8324e-12
1.09985e-11
1.22759e-11
1.36736e-11
1.52013e-11
1.68685e-11
1.86848e-11
2.0659e-11
2.27992e-11
2.51115e-11
2.75996e-11
3.02633e-11
3.30969e-11
3.60878e-11
3.92135e-11
4.24392e-11
4.57146e-11
4.89705e-11
5.21154e-11
5.50333e-11
5.75824e-11
5.95969e-11
6.08928e-11
6.12783e-11
6.05702e-11
5.86138e-11
5.53046e-11
5.06068e-11
4.45619e-11
3.72874e-11
2.89621e-11
1.98059e-11
1.00624e-11
2.18577e-34
3.17037e-16
2.14346e-13
4.18225e-13
6.1239e-13
7.97303e-13
9.73403e-13
1.14111e-12
1.30082e-12
1.45291e-12
1.59776e-12
1.73569e-12
1.86705e-12
1.99214e-12
2.11127e-12
2.22472e-12
2.33275e-12
2.43564e-12
2.53361e-12
2.62692e-12
2.71577e-12
2.80039e-12
2.88097e-12
2.95771e-12
3.03079e-12
3.10038e-12
3.16666e-12
3.22978e-12
3.28989e-12
3.34713e-12
3.40164e-12
3.45355e-12
3.50299e-12
4.04729e-12
4.64557e-12
5.30308e-12
6.02551e-12
6.81904e-12
7.69034e-12
8.64664e-12
9.69566e-12
1.08456e-11
1.21053e-11
1.34837e-11
1.49903e-11
1.66346e-11
1.8426e-11
2.03733e-11
2.24844e-11
2.47654e-11
2.72201e-11
2.98484e-11
3.26448e-11
3.55969e-11
3.86829e-11
4.18687e-11
4.51049e-11
4.83236e-11
5.1435e-11
5.43249e-11
5.68537e-11
5.88582e-11
6.01565e-11
6.05589e-11
5.98833e-11
5.7975e-11
5.47284e-11
5.01049e-11
4.41425e-11
3.69546e-11
2.87164e-11
1.96451e-11
9.9832e-12
1.34193e-34
3.16245e-16
2.13811e-13
4.17181e-13
6.10861e-13
7.95313e-13
9.70972e-13
1.13826e-12
1.29757e-12
1.44929e-12
1.59377e-12
1.73136e-12
1.86239e-12
1.98717e-12
2.106e-12
2.21916e-12
2.32693e-12
2.42956e-12
2.52729e-12
2.62036e-12
2.70899e-12
2.7934e-12
2.87378e-12
2.95033e-12
3.02322e-12
3.09265e-12
3.15876e-12
3.22172e-12
3.28167e-12
3.33877e-12
3.39315e-12
3.44493e-12
3.49425e-12
4.03718e-12
4.63398e-12
5.28985e-12
6.01048e-12
6.80202e-12
7.67116e-12
8.62508e-12
9.67149e-12
1.08186e-11
1.20751e-11
1.34502e-11
1.49531e-11
1.65933e-11
1.83803e-11
2.03228e-11
2.24287e-11
2.47042e-11
2.7153e-11
2.9775e-11
3.25648e-11
3.55102e-11
3.85891e-11
4.17678e-11
4.49971e-11
4.82092e-11
5.13146e-11
5.41995e-11
5.67248e-11
5.87275e-11
6.00262e-11
6.04315e-11
5.97615e-11
5.78617e-11
5.46262e-11
5.00158e-11
4.4068e-11
3.68955e-11
2.86727e-11
1.96165e-11
9.9691e-12
1.24576e-34
3.12193e-16
2.11071e-13
4.11835e-13
6.03034e-13
7.85122e-13
9.58531e-13
1.12367e-12
1.28094e-12
1.43072e-12
1.57335e-12
1.70918e-12
1.83853e-12
1.96171e-12
2.07902e-12
2.19073e-12
2.29712e-12
2.39843e-12
2.49491e-12
2.58679e-12
2.67429e-12
2.75761e-12
2.83696e-12
2.91253e-12
2.98449e-12
3.05302e-12
3.11829e-12
3.18044e-12
3.23963e-12
3.296e-12
3.34968e-12
3.4008e-12
3.44949e-12
3.98547e-12
4.57462e-12
5.2221e-12
5.93351e-12
6.71493e-12
7.57296e-12
8.5147e-12
9.54776e-12
1.06803e-11
1.19208e-11
1.32783e-11
1.47622e-11
1.63817e-11
1.81461e-11
2.00642e-11
2.21438e-11
2.4391e-11
2.68096e-11
2.93994e-11
3.21555e-11
3.50658e-11
3.81087e-11
4.12512e-11
4.44449e-11
4.76231e-11
5.0698e-11
5.35573e-11
5.6064e-11
5.80572e-11
5.93578e-11
5.9778e-11
5.9137e-11
5.72804e-11
5.41012e-11
4.95581e-11
4.36851e-11
3.65913e-11
2.84479e-11
1.94692e-11
9.89654e-12
2.39948e-34
3.06962e-16
2.07535e-13
4.04935e-13
5.92931e-13
7.71968e-13
9.42472e-13
1.10485e-12
1.25948e-12
1.40675e-12
1.54699e-12
1.68054e-12
1.80772e-12
1.92884e-12
2.04419e-12
2.15403e-12
2.25863e-12
2.35825e-12
2.45311e-12
2.54345e-12
2.62948e-12
2.71141e-12
2.78943e-12
2.86374e-12
2.9345e-12
3.00188e-12
3.06605e-12
3.12716e-12
3.18536e-12
3.24079e-12
3.29357e-12
3.34383e-12
3.3917e-12
3.91871e-12
4.498e-12
5.13465e-12
5.83415e-12
6.60251e-12
7.4462e-12
8.37221e-12
9.38803e-12
1.05017e-11
1.17215e-11
1.30565e-11
1.45157e-11
1.61084e-11
1.78437e-11
1.97303e-11
2.17759e-11
2.39865e-11
2.6366e-11
2.89145e-11
3.1627e-11
3.44918e-11
3.74883e-11
4.05838e-11
4.37314e-11
4.68658e-11
4.99009e-11
5.2727e-11
5.52093e-11
5.719e-11
5.84924e-11
5.89313e-11
5.83272e-11
5.6526e-11
5.34194e-11
4.8963e-11
4.31868e-11
3.61951e-11
2.81547e-11
1.9277e-11
9.8018e-12
2.83458e-34
3.01323e-16
2.03723e-13
3.97497e-13
5.82039e-13
7.57788e-13
9.2516e-13
1.08455e-12
1.23635e-12
1.38091e-12
1.51857e-12
1.64967e-12
1.77452e-12
1.89341e-12
2.00664e-12
2.11446e-12
2.21715e-12
2.31493e-12
2.40805e-12
2.49674e-12
2.58119e-12
2.66161e-12
2.7382e-12
2.81114e-12
2.8806e-12
2.94675e-12
3.00974e-12
3.06973e-12
3.12686e-12
3.18127e-12
3.23308e-12
3.28242e-12
3.32941e-12
3.84675e-12
4.41541e-12
5.04037e-12
5.72704e-12
6.48132e-12
7.30955e-12
8.2186e-12
9.21583e-12
1.03091e-11
1.15067e-11
1.28174e-11
1.425e-11
1.58138e-11
1.75177e-11
1.93703e-11
2.13792e-11
2.35504e-11
2.58878e-11
2.83915e-11
3.10569e-11
3.38728e-11
3.68189e-11
3.98638e-11
4.29614e-11
4.60483e-11
4.90404e-11
5.18301e-11
5.42858e-11
5.62524e-11
5.75562e-11
5.80146e-11
5.74498e-11
5.57078e-11
5.26791e-11
4.8316e-11
4.26443e-11
3.57632e-11
2.78349e-11
1.90671e-11
9.69827e-12
3.0854e-34
2.95256e-16
1.99621e-13
3.89494e-13
5.70321e-13
7.42531e-13
9.06534e-13
1.06272e-12
1.21146e-12
1.35311e-12
1.488e-12
1.61646e-12
1.7388e-12
1.8553e-12
1.96624e-12
2.0719e-12
2.17251e-12
2.26833e-12
2.35958e-12
2.44647e-12
2.52923e-12
2.60803e-12
2.68308e-12
2.75455e-12
2.82261e-12
2.88743e-12
2.94916e-12
3.00794e-12
3.06392e-12
3.11723e-12
3.168e-12
3.21635e-12
3.26239e-12
3.76932e-12
4.32654e-12
4.93894e-12
5.61181e-12
6.35092e-12
7.16252e-12
8.05333e-12
9.03057e-12
1.01019e-11
1.12756e-11
1.25601e-11
1.39642e-11
1.54969e-11
1.7167e-11
1.8983e-11
2.09523e-11
2.30811e-11
2.53731e-11
2.78286e-11
3.04433e-11
3.32064e-11
3.60982e-11
3.90883e-11
4.21321e-11
4.51676e-11
4.81129e-11
5.08632e-11
5.32896e-11
5.52404e-11
5.65451e-11
5.70237e-11
5.65004e-11
5.48216e-11
5.18762e-11
4.76135e-11
4.20546e-11
3.52931e-11
2.74863e-11
1.88382e-11
9.58524e-12
3.35472e-34
2.88743e-16
1.95218e-13
3.80903e-13
5.57741e-13
7.26153e-13
8.86538e-13
1.03928e-12
1.18474e-12
1.32326e-12
1.45518e-12
1.58081e-12
1.70044e-12
1.81438e-12
1.92287e-12
2.0262e-12
2.1246e-12
2.2183e-12
2.30754e-12
2.39252e-12
2.47344e-12
2.55051e-12
2.62391e-12
2.6938e-12
2.76036e-12
2.82375e-12
2.88411e-12
2.9416e-12
2.99634e-12
3.04848e-12
3.09813e-12
3.14542e-12
3.19044e-12
3.6862e-12
4.23114e-12
4.83004e-12
5.48809e-12
6.21093e-12
7.00467e-12
7.87589e-12
8.83166e-12
9.87951e-12
1.10274e-11
1.22838e-11
1.36572e-11
1.51565e-11
1.67904e-11
1.8567e-11
2.04939e-11
2.25771e-11
2.48203e-11
2.72241e-11
2.97842e-11
3.24904e-11
3.53239e-11
3.8255e-11
4.12406e-11
4.42206e-11
4.71153e-11
4.98227e-11
5.22171e-11
5.41502e-11
5.5455e-11
5.59545e-11
5.54749e-11
5.38631e-11
5.10068e-11
4.68518e-11
4.14141e-11
3.47819e-11
2.71067e-11
1.85885e-11
9.46194e-12
3.64313e-34
2.81767e-16
1.90502e-13
3.717e-13
5.44267e-13
7.0861e-13
8.6512e-13
1.01417e-12
1.15611e-12
1.29129e-12
1.42002e-12
1.54262e-12
1.65936e-12
1.77054e-12
1.87642e-12
1.97725e-12
2.07327e-12
2.16471e-12
2.25179e-12
2.33472e-12
2.41369e-12
2.4889e-12
2.56052e-12
2.62873e-12
2.69368e-12
2.75554e-12
2.81444e-12
2.87054e-12
2.92397e-12
2.97484e-12
3.0233e-12
3.06944e-12
3.11338e-12
3.59716e-12
4.12895e-12
4.7134e-12
5.35558e-12
6.06099e-12
6.8356e-12
7.68583e-12
8.6186e-12
9.64126e-12
1.07616e-11
1.19879e-11
1.33284e-11
1.47919e-11
1.63869e-11
1.81214e-11
2.00028e-11
2.20371e-11
2.4228e-11
2.65762e-11
2.90778e-11
3.1723e-11
3.44937e-11
3.73615e-11
4.02844e-11
4.32046e-11
4.60446e-11
4.87054e-11
5.10648e-11
5.29781e-11
5.42821e-11
5.4803e-11
5.43692e-11
5.28284e-11
5.00668e-11
4.60269e-11
4.07195e-11
3.42266e-11
2.66939e-11
1.83167e-11
9.32756e-12
3.951e-34
2.74314e-16
1.85463e-13
3.61869e-13
5.29871e-13
6.89867e-13
8.42238e-13
9.87346e-13
1.12554e-12
1.25714e-12
1.38247e-12
1.50182e-12
1.61548e-12
1.72372e-12
1.82679e-12
1.92496e-12
2.01844e-12
2.10746e-12
2.19224e-12
2.27297e-12
2.34986e-12
2.42308e-12
2.4928e-12
2.55921e-12
2.62244e-12
2.68266e-12
2.74001e-12
2.79463e-12
2.84664e-12
2.89617e-12
2.94334e-12
2.98827e-12
3.03105e-12
3.50204e-12
4.01978e-12
4.58878e-12
5.214e-12
5.90079e-12
6.65496e-12
7.48277e-12
8.39096e-12
9.38671e-12
1.04776e-11
1.16717e-11
1.29771e-11
1.44024e-11
1.59557e-11
1.76452e-11
1.9478e-11
2.146e-11
2.35949e-11
2.58836e-11
2.83226e-11
3.09025e-11
3.36059e-11
3.64056e-11
3.92614e-11
4.21171e-11
4.48981e-11
4.75085e-11
4.98296e-11
5.17208e-11
5.30227e-11
5.35653e-11
5.31793e-11
5.17134e-11
4.90524e-11
4.51353e-11
3.99674e-11
3.36243e-11
2.62454e-11
1.80211e-11
9.18127e-12
4.2785e-34
2.66373e-16
1.80095e-13
3.51395e-13
5.14534e-13
6.69899e-13
8.17859e-13
9.58767e-13
1.09296e-12
1.22075e-12
1.34245e-12
1.45835e-12
1.56872e-12
1.67383e-12
1.77392e-12
1.86924e-12
1.96002e-12
2.04646e-12
2.12879e-12
2.20719e-12
2.28185e-12
2.35295e-12
2.42066e-12
2.48514e-12
2.54655e-12
2.60502e-12
2.66071e-12
2.71375e-12
2.76426e-12
2.81236e-12
2.85816e-12
2.90179e-12
2.94333e-12
3.4007e-12
3.90346e-12
4.45601e-12
5.06316e-12
5.73011e-12
6.4625e-12
7.26642e-12
8.14843e-12
9.11549e-12
1.0175e-11
1.13348e-11
1.26028e-11
1.39872e-11
1.54963e-11
1.71378e-11
1.89187e-11
2.08448e-11
2.29201e-11
2.51454e-11
2.75174e-11
3.00275e-11
3.2659e-11
3.5386e-11
3.81697e-11
4.09562e-11
4.36737e-11
4.62295e-11
4.85088e-11
5.03752e-11
5.16738e-11
5.2238e-11
5.19016e-11
5.05143e-11
4.79596e-11
4.41731e-11
3.91544e-11
3.29721e-11
2.5759e-11
1.77e-11
9.0222e-12
4.62546e-34
2.57939e-16
1.74392e-13
3.40269e-13
4.98243e-13
6.48689e-13
7.91965e-13
9.28411e-13
1.05835e-12
1.1821e-12
1.29995e-12
1.41218e-12
1.51905e-12
1.62083e-12
1.71776e-12
1.81006e-12
1.89796e-12
1.98168e-12
2.06139e-12
2.13731e-12
2.20961e-12
2.27846e-12
2.34402e-12
2.40646e-12
2.46593e-12
2.52256e-12
2.57648e-12
2.62784e-12
2.67675e-12
2.72333e-12
2.76768e-12
2.80992e-12
2.85015e-12
3.29305e-12
3.77991e-12
4.31499e-12
4.90294e-12
5.5488e-12
6.25806e-12
7.03661e-12
7.89079e-12
8.82738e-12
9.85355e-12
1.09769e-11
1.22051e-11
1.35462e-11
1.50082e-11
1.65986e-11
1.83244e-11
2.01912e-11
2.22029e-11
2.43607e-11
2.66615e-11
2.90972e-11
3.16521e-11
3.43013e-11
3.7008e-11
3.97205e-11
4.23697e-11
4.48665e-11
4.71003e-11
4.89391e-11
5.02325e-11
5.08182e-11
5.05329e-11
4.92277e-11
4.67851e-11
4.31369e-11
3.82771e-11
3.2267e-11
2.52321e-11
1.73516e-11
8.84948e-12
4.99136e-34
2.4901e-16
1.68355e-13
3.2849e-13
4.80995e-13
6.26233e-13
7.6455e-13
8.96273e-13
1.02172e-12
1.14118e-12
1.25495e-12
1.36329e-12
1.46647e-12
1.56473e-12
1.6583e-12
1.74741e-12
1.83227e-12
1.91308e-12
1.99004e-12
2.06333e-12
2.13313e-12
2.19959e-12
2.26289e-12
2.32317e-12
2.38058e-12
2.43525e-12
2.48731e-12
2.53689e-12
2.5841e-12
2.62907e-12
2.67189e-12
2.71267e-12
2.75151e-12
3.17908e-12
3.6491e-12
4.16568e-12
4.7333e-12
5.35685e-12
6.04161e-12
6.79329e-12
7.61801e-12
8.52233e-12
9.51319e-12
1.05979e-11
1.1784e-11
1.30792e-11
1.44913e-11
1.60276e-11
1.76949e-11
1.94988e-11
2.14433e-11
2.35294e-11
2.57546e-11
2.81112e-11
3.05846e-11
3.31512e-11
3.57757e-11
3.84091e-11
4.09851e-11
4.34185e-11
4.56028e-11
4.74108e-11
4.8697e-11
4.93035e-11
4.90706e-11
4.78507e-11
4.55256e-11
4.20235e-11
3.73323e-11
3.1506e-11
2.46624e-11
1.69744e-11
8.66222e-12
5.37521e-34
2.3959e-16
1.61987e-13
3.16064e-13
4.62801e-13
6.02545e-13
7.3563e-13
8.62371e-13
9.8307e-13
1.09802e-12
1.20748e-12
1.31173e-12
1.411e-12
1.50554e-12
1.59557e-12
1.68131e-12
1.76296e-12
1.84072e-12
1.91477e-12
1.98529e-12
2.05245e-12
2.1164e-12
2.1773e-12
2.2353e-12
2.29054e-12
2.34314e-12
2.39323e-12
2.44094e-12
2.48637e-12
2.52963e-12
2.57084e-12
2.61008e-12
2.64744e-12
3.05886e-12
3.51111e-12
4.00816e-12
4.55435e-12
5.15435e-12
5.81327e-12
6.53659e-12
7.33023e-12
8.2005e-12
9.15409e-12
1.01981e-11
1.13397e-11
1.25865e-11
1.39459e-11
1.54251e-11
1.70306e-11
1.87681e-11
2.06414e-11
2.26517e-11
2.4797e-11
2.707e-11
2.9457e-11
3.19358e-11
3.44731e-11
3.70221e-11
3.952e-11
4.18851e-11
4.40156e-11
4.57894e-11
4.7066e-11
4.76925e-11
4.75127e-11
4.6381e-11
4.41785e-11
4.08301e-11
3.63174e-11
3.06867e-11
2.40477e-11
1.65666e-11
8.45955e-12
5.77543e-34
2.29691e-16
1.55295e-13
3.03007e-13
4.43681e-13
5.77653e-13
7.05239e-13
8.26745e-13
9.42458e-13
1.05265e-12
1.1576e-12
1.25754e-12
1.35271e-12
1.44335e-12
1.52966e-12
1.61186e-12
1.69014e-12
1.76468e-12
1.83567e-12
1.90328e-12
1.96766e-12
2.02898e-12
2.08736e-12
2.14297e-12
2.19592e-12
2.24635e-12
2.29438e-12
2.34011e-12
2.38367e-12
2.42515e-12
2.46465e-12
2.50227e-12
2.53809e-12
2.93252e-12
3.3661e-12
3.84264e-12
4.36629e-12
4.94155e-12
5.57331e-12
6.26684e-12
7.0278e-12
7.86228e-12
8.7767e-12
9.77783e-12
1.08727e-11
1.20686e-11
1.33726e-11
1.47917e-11
1.63323e-11
1.79998e-11
1.97981e-11
2.17287e-11
2.37896e-11
2.59744e-11
2.82703e-11
3.06563e-11
3.31011e-11
3.55607e-11
3.79752e-11
4.02671e-11
4.23395e-11
4.40752e-11
4.53395e-11
4.59845e-11
4.58581e-11
4.4817e-11
4.27419e-11
3.95542e-11
3.52297e-11
2.98065e-11
2.33859e-11
1.61267e-11
8.24064e-12
6.18977e-34
2.19333e-16
1.48292e-13
2.89344e-13
4.23675e-13
5.51605e-13
6.73439e-13
7.89466e-13
8.99961e-13
1.00519e-12
1.1054e-12
1.20083e-12
1.29172e-12
1.37827e-12
1.46069e-12
1.53918e-12
1.61393e-12
1.68512e-12
1.75291e-12
1.81747e-12
1.87895e-12
1.93749e-12
1.99325e-12
2.04635e-12
2.09692e-12
2.14507e-12
2.19093e-12
2.23461e-12
2.2762e-12
2.31581e-12
2.35353e-12
2.38945e-12
2.42366e-12
2.80031e-12
3.21436e-12
3.66944e-12
4.1695e-12
4.71887e-12
5.3222e-12
5.98454e-12
6.71131e-12
7.50833e-12
8.38174e-12
9.33804e-12
1.0384e-11
1.15265e-11
1.27724e-11
1.41286e-11
1.56012e-11
1.71954e-11
1.89151e-11
2.0762e-11
2.27344e-11
2.48265e-11
2.70264e-11
2.93147e-11
3.1662e-11
3.40268e-11
3.63528e-11
3.85666e-11
4.05761e-11
4.22698e-11
4.35186e-11
4.41802e-11
4.4107e-11
4.31582e-11
4.12146e-11
3.81944e-11
3.40674e-11
2.88635e-11
2.26751e-11
1.56534e-11
8.00471e-12
6.6152e-34
2.08544e-16
1.40998e-13
2.75111e-13
4.02835e-13
5.24473e-13
6.40315e-13
7.50634e-13
8.55696e-13
9.55748e-13
1.05103e-12
1.14177e-12
1.22818e-12
1.31048e-12
1.38885e-12
1.46348e-12
1.53455e-12
1.60224e-12
1.66669e-12
1.72808e-12
1.78653e-12
1.8422e-12
1.89522e-12
1.94571e-12
1.99379e-12
2.03958e-12
2.08318e-12
2.12471e-12
2.16425e-12
2.20192e-12
2.23778e-12
2.27194e-12
2.30447e-12
2.6626e-12
3.0563e-12
3.48901e-12
3.96452e-12
4.4869e-12
5.06062e-12
5.69047e-12
6.38162e-12
7.1396e-12
7.97028e-12
8.87986e-12
9.87479e-12
1.09617e-11
1.21471e-11
1.34377e-11
1.48392e-11
1.6357e-11
1.79947e-11
1.97541e-11
2.1634e-11
2.36291e-11
2.57285e-11
2.79143e-11
3.01591e-11
3.2424e-11
3.46563e-11
3.67868e-11
3.87286e-11
4.03759e-11
4.16057e-11
4.22815e-11
4.22606e-11
4.14052e-11
3.95965e-11
3.67499e-11
3.28292e-11
2.78561e-11
2.19139e-11
1.51453e-11
7.75109e-12
7.04774e-34
1.97362e-16
1.33438e-13
2.6036e-13
3.81236e-13
4.96352e-13
6.05982e-13
7.10387e-13
8.09815e-13
9.04503e-13
9.94677e-13
1.08055e-12
1.16233e-12
1.24021e-12
1.31438e-12
1.38501e-12
1.45228e-12
1.51633e-12
1.57733e-12
1.63543e-12
1.69075e-12
1.74344e-12
1.79361e-12
1.84139e-12
1.88689e-12
1.93023e-12
1.9715e-12
2.0108e-12
2.04822e-12
2.08387e-12
2.11781e-12
2.15014e-12
2.18092e-12
2.51987e-12
2.89247e-12
3.302e-12
3.75204e-12
4.24646e-12
4.78948e-12
5.38565e-12
6.03986e-12
6.75736e-12
7.54374e-12
8.40487e-12
9.34688e-12
1.03761e-11
1.14988e-11
1.27212e-11
1.4049e-11
1.54873e-11
1.70398e-11
1.87083e-11
2.04919e-11
2.2386e-11
2.43807e-11
2.64594e-11
2.85968e-11
3.07569e-11
3.28904e-11
3.49326e-11
3.68018e-11
3.83982e-11
3.9605e-11
4.0292e-11
4.03218e-11
3.95601e-11
3.78888e-11
3.5221e-11
3.15147e-11
2.67835e-11
2.11011e-11
1.46015e-11
7.47921e-12
7.4824e-34
1.85833e-16
1.25644e-13
2.45152e-13
3.58967e-13
4.67359e-13
5.70586e-13
6.68893e-13
7.62513e-13
8.51671e-13
9.36579e-13
1.01744e-12
1.09444e-12
1.16777e-12
1.23761e-12
1.30412e-12
1.36745e-12
1.42777e-12
1.48521e-12
1.53991e-12
1.592e-12
1.64161e-12
1.68885e-12
1.73384e-12
1.77669e-12
1.81749e-12
1.85635e-12
1.89336e-12
1.9286e-12
1.96216e-12
1.99412e-12
2.02456e-12
2.05355e-12
2.37271e-12
2.72356e-12
3.1092e-12
3.53298e-12
3.99857e-12
4.50993e-12
5.07136e-12
5.68748e-12
6.36325e-12
7.10392e-12
7.91507e-12
8.80249e-12
9.77216e-12
1.08301e-11
1.19822e-11
1.32339e-11
1.45901e-11
1.60545e-11
1.7629e-11
1.93129e-11
2.11023e-11
2.29883e-11
2.49557e-11
2.69814e-11
2.90319e-11
3.10617e-11
3.30106e-11
3.48022e-11
3.63428e-11
3.75224e-11
3.82171e-11
3.82952e-11
3.76264e-11
3.60941e-11
3.36093e-11
3.01247e-11
2.56457e-11
2.02363e-11
1.40215e-11
7.18872e-12
7.91302e-34
1.74016e-16
1.17654e-13
2.29564e-13
3.36142e-13
4.37642e-13
5.34304e-13
6.2636e-13
7.14028e-13
7.97517e-13
8.77026e-13
9.52744e-13
1.02485e-12
1.09352e-12
1.15892e-12
1.2212e-12
1.28051e-12
1.33699e-12
1.39077e-12
1.442e-12
1.49078e-12
1.53723e-12
1.58147e-12
1.62361e-12
1.66373e-12
1.70194e-12
1.73833e-12
1.77298e-12
1.80598e-12
1.83741e-12
1.86734e-12
1.89585e-12
1.92299e-12
2.22186e-12
2.55042e-12
2.91156e-12
3.30843e-12
3.74446e-12
4.22337e-12
4.74919e-12
5.32625e-12
5.95921e-12
6.65302e-12
7.4129e-12
8.24433e-12
9.15292e-12
1.01444e-11
1.12242e-11
1.23978e-11
1.36697e-11
1.50435e-11
1.65213e-11
1.81027e-11
1.97842e-11
2.1558e-11
2.34103e-11
2.53201e-11
2.72568e-11
2.91783e-11
3.1029e-11
3.2738e-11
3.4218e-11
3.53656e-11
3.60639e-11
3.61872e-11
3.56098e-11
3.42168e-11
3.1918e-11
2.86611e-11
2.44436e-11
1.93199e-11
1.34053e-11
6.87947e-12
8.33219e-34
1.61979e-16
1.09516e-13
2.13684e-13
3.1289e-13
4.07369e-13
4.97346e-13
5.83034e-13
6.64639e-13
7.42353e-13
8.16362e-13
8.86843e-13
9.53964e-13
1.01789e-12
1.07876e-12
1.13673e-12
1.19194e-12
1.24451e-12
1.29458e-12
1.34226e-12
1.38767e-12
1.43091e-12
1.47209e-12
1.51131e-12
1.54866e-12
1.58423e-12
1.6181e-12
1.65035e-12
1.68107e-12
1.71033e-12
1.73819e-12
1.76473e-12
1.78999e-12
2.0682e-12
2.37405e-12
2.71023e-12
3.07967e-12
3.48558e-12
3.93143e-12
4.42096e-12
4.95823e-12
5.54757e-12
6.19361e-12
6.90125e-12
7.67558e-12
8.5219e-12
9.44553e-12
1.04518e-11
1.15455e-11
1.27313e-11
1.40126e-11
1.53915e-11
1.68679e-11
1.84389e-11
2.00976e-11
2.18317e-11
2.3622e-11
2.54409e-11
2.72499e-11
2.89979e-11
3.06196e-11
3.20339e-11
3.31447e-11
3.38418e-11
3.40064e-11
3.35175e-11
3.2263e-11
3.01518e-11
2.71274e-11
2.31795e-11
1.83529e-11
1.27532e-11
6.55161e-12
8.73121e-34
1.49798e-16
1.01281e-13
1.97617e-13
2.89363e-13
3.76738e-13
4.59949e-13
5.39194e-13
6.14663e-13
6.86534e-13
7.54979e-13
8.20161e-13
8.82235e-13
9.4135e-13
9.97647e-13
1.05126e-12
1.10232e-12
1.15094e-12
1.19724e-12
1.24134e-12
1.28333e-12
1.32332e-12
1.36141e-12
1.39768e-12
1.43222e-12
1.46511e-12
1.49644e-12
1.52627e-12
1.55468e-12
1.58174e-12
1.60751e-12
1.63205e-12
1.65542e-12
1.91271e-12
2.19558e-12
2.5065e-12
2.8482e-12
3.22363e-12
3.63601e-12
4.08881e-12
4.5858e-12
5.13098e-12
5.72867e-12
6.38339e-12
7.09991e-12
7.88314e-12
8.73807e-12
9.66964e-12
1.06826e-11
1.1781e-11
1.29684e-11
1.42468e-11
1.56165e-11
1.7075e-11
1.86162e-11
2.02295e-11
2.18975e-11
2.35953e-11
2.52881e-11
2.69293e-11
2.84591e-11
2.98029e-11
3.08715e-11
3.15625e-11
3.17635e-11
3.13594e-11
3.02411e-11
2.83176e-11
2.55286e-11
2.18568e-11
1.73377e-11
1.20665e-11
6.20564e-12
9.10006e-34
1.37562e-16
9.30083e-14
1.81475e-13
2.65727e-13
3.45966e-13
4.2238e-13
4.95153e-13
5.64457e-13
6.30458e-13
6.93313e-13
7.53171e-13
8.10175e-13
8.64462e-13
9.16161e-13
9.65395e-13
1.01228e-12
1.05693e-12
1.09946e-12
1.13995e-12
1.17852e-12
1.21524e-12
1.25022e-12
1.28353e-12
1.31525e-12
1.34545e-12
1.37422e-12
1.40162e-12
1.42771e-12
1.45256e-12
1.47622e-12
1.49876e-12
1.52022e-12
1.75651e-12
2.01628e-12
2.30183e-12
2.61564e-12
2.96045e-12
3.3392e-12
3.7551e-12
4.2116e-12
4.71241e-12
5.26148e-12
5.86301e-12
6.52139e-12
7.24118e-12
8.027e-12
8.88344e-12
9.81491e-12
1.08254e-11
1.19181e-11
1.30952e-11
1.4357e-11
1.57018e-11
1.71242e-11
1.86148e-11
2.01584e-11
2.17326e-11
2.33061e-11
2.48369e-11
2.62706e-11
2.75391e-11
2.85604e-11
2.92396e-11
2.94716e-11
2.91474e-11
2.81617e-11
2.64242e-11
2.38718e-11
2.04809e-11
1.62777e-11
1.13474e-11
5.84249e-12
9.42751e-34
1.25364e-16
8.47614e-14
1.65384e-13
2.42166e-13
3.1529e-13
3.84929e-13
4.51249e-13
5.14409e-13
5.74558e-13
6.31839e-13
6.8639e-13
7.38341e-13
7.87815e-13
8.3493e-13
8.798e-13
9.2253e-13
9.63222e-13
1.00198e-12
1.03888e-12
1.07403e-12
1.1075e-12
1.13937e-12
1.16973e-12
1.19864e-12
1.22617e-12
1.25238e-12
1.27735e-12
1.30113e-12
1.32378e-12
1.34534e-12
1.36588e-12
1.38544e-12
1.60079e-12
1.83754e-12
2.09778e-12
2.3838e-12
2.69807e-12
3.0433e-12
3.42239e-12
3.83852e-12
4.29507e-12
4.79565e-12
5.34411e-12
5.94449e-12
6.60095e-12
7.31777e-12
8.09919e-12
8.94929e-12
9.87181e-12
1.08698e-11
1.19454e-11
1.30993e-11
1.43299e-11
1.56328e-11
1.69999e-11
1.84178e-11
1.98667e-11
2.13186e-11
2.2736e-11
2.407e-11
2.52587e-11
2.62276e-11
2.68892e-11
2.71461e-11
2.68957e-11
2.60374e-11
2.44825e-11
2.2166e-11
1.90585e-11
1.51778e-11
1.05987e-11
5.46356e-12
9.70123e-34
1.13305e-16
7.66082e-14
1.49476e-13
2.18872e-13
2.84962e-13
3.47902e-13
4.07844e-13
4.64928e-13
5.19291e-13
5.71064e-13
6.20368e-13
6.67322e-13
7.12037e-13
7.54621e-13
7.95175e-13
8.33795e-13
8.70574e-13
9.056e-13
9.38956e-13
9.70722e-13
1.00097e-12
1.02978e-12
1.05722e-12
1.08335e-12
1.10823e-12
1.13193e-12
1.15449e-12
1.17599e-12
1.19645e-12
1.21595e-12
1.23451e-12
1.25219e-12
1.44683e-12
1.66082e-12
1.89605e-12
2.15458e-12
2.43866e-12
2.75072e-12
3.09343e-12
3.46962e-12
3.88239e-12
4.335e-12
4.83096e-12
5.37392e-12
5.9677e-12
6.6162e-12
7.3233e-12
8.09277e-12
8.92808e-12
9.83214e-12
1.0807e-11
1.18534e-11
1.29704e-11
1.41542e-11
1.53978e-11
1.66897e-11
1.80125e-11
1.93415e-11
2.06435e-11
2.18747e-11
2.29798e-11
2.38912e-11
2.45292e-11
2.48044e-11
2.4621e-11
2.38836e-11
2.2506e-11
2.04223e-11
1.75986e-11
1.40444e-11
9.82457e-12
5.07083e-12
9.90818e-34
1.01488e-16
6.86185e-14
1.33887e-13
1.96045e-13
2.55243e-13
3.11619e-13
3.65309e-13
4.1644e-13
4.65134e-13
5.11508e-13
5.5567e-13
5.97728e-13
6.3778e-13
6.75923e-13
7.12248e-13
7.46841e-13
7.79785e-13
8.11159e-13
8.41037e-13
8.6949e-13
8.96587e-13
9.22393e-13
9.46968e-13
9.70372e-13
9.92661e-13
1.01389e-12
1.0341e-12
1.05335e-12
1.07169e-12
1.08915e-12
1.10577e-12
1.12161e-12
1.29596e-12
1.48764e-12
1.69836e-12
1.92995e-12
2.18443e-12
2.464e-12
2.77102e-12
3.10807e-12
3.47791e-12
3.88349e-12
4.32795e-12
4.8146e-12
5.34688e-12
5.92832e-12
6.56245e-12
7.25271e-12
8.0023e-12
8.81394e-12
9.68961e-12
1.06302e-11
1.1635e-11
1.2701e-11
1.38223e-11
1.49889e-11
1.61859e-11
1.73918e-11
1.85772e-11
1.97035e-11
2.07216e-11
2.15709e-11
2.21796e-11
2.24661e-11
2.23418e-11
2.17175e-11
2.05102e-11
1.86542e-11
1.61117e-11
1.28854e-11
9.03024e-12
4.66684e-12
1.00349e-33
9.00169e-17
6.08631e-14
1.18754e-13
1.73888e-13
2.26395e-13
2.76399e-13
3.24021e-13
3.69374e-13
4.12565e-13
4.53697e-13
4.92868e-13
5.30173e-13
5.65699e-13
5.99531e-13
6.31751e-13
6.62435e-13
6.91656e-13
7.19484e-13
7.45986e-13
7.71224e-13
7.95259e-13
8.18148e-13
8.39947e-13
8.60706e-13
8.80476e-13
8.99304e-13
9.17234e-13
9.3431e-13
9.50572e-13
9.66059e-13
9.80807e-13
9.94853e-13
1.14951e-12
1.31954e-12
1.50645e-12
1.71188e-12
1.93763e-12
2.18564e-12
2.45802e-12
2.75706e-12
3.08521e-12
3.4451e-12
3.83953e-12
4.27146e-12
4.74396e-12
5.2602e-12
5.82335e-12
6.43654e-12
7.10266e-12
7.82423e-12
8.60316e-12
9.44039e-12
1.03355e-11
1.12861e-11
1.22873e-11
1.33307e-11
1.44033e-11
1.54868e-11
1.65555e-11
1.75758e-11
1.85044e-11
1.92877e-11
1.98615e-11
2.01521e-11
2.00787e-11
1.95585e-11
1.85127e-11
1.68768e-11
1.46106e-11
1.17104e-11
8.2221e-12
4.25479e-12
1.00684e-33
7.89943e-17
5.34106e-14
1.04213e-13
1.52596e-13
1.98673e-13
2.42555e-13
2.84346e-13
3.24146e-13
3.62048e-13
3.98144e-13
4.32519e-13
4.65256e-13
4.96433e-13
5.26123e-13
5.54398e-13
5.81325e-13
6.06968e-13
6.3139e-13
6.54647e-13
6.76795e-13
6.97888e-13
7.17975e-13
7.37105e-13
7.55323e-13
7.72672e-13
7.89195e-13
8.0493e-13
8.19916e-13
8.34187e-13
8.47778e-13
8.60721e-13
8.73048e-13
1.00877e-12
1.15799e-12
1.32203e-12
1.50233e-12
1.70046e-12
1.91814e-12
2.15722e-12
2.4197e-12
2.70777e-12
3.02372e-12
3.37004e-12
3.74932e-12
4.16431e-12
4.61779e-12
5.1126e-12
5.65152e-12
6.23718e-12
6.87188e-12
7.55739e-12
8.2947e-12
9.08362e-12
9.92232e-12
1.08068e-11
1.17299e-11
1.26809e-11
1.3644e-11
1.45972e-11
1.55115e-11
1.63491e-11
1.70631e-11
1.75969e-11
1.78847e-11
1.78536e-11
1.74275e-11
1.65329e-11
1.51074e-11
1.31095e-11
1.05306e-11
7.40768e-12
3.83846e-12
9.99652e-34
6.85158e-17
4.63259e-14
9.03897e-14
1.32355e-13
1.7232e-13
2.10382e-13
2.46629e-13
2.81149e-13
3.14024e-13
3.45333e-13
3.75148e-13
4.03543e-13
4.30584e-13
4.56337e-13
4.80861e-13
5.04217e-13
5.2646e-13
5.47642e-13
5.67814e-13
5.87025e-13
6.0532e-13
6.22743e-13
6.39336e-13
6.55138e-13
6.70187e-13
6.84518e-13
6.98167e-13
7.11165e-13
7.23543e-13
7.35332e-13
7.46559e-13
7.57251e-13
8.74975e-13
1.00441e-12
1.1467e-12
1.3031e-12
1.47497e-12
1.6638e-12
1.87121e-12
2.09895e-12
2.34888e-12
2.62304e-12
2.92357e-12
3.25276e-12
3.61299e-12
4.0067e-12
4.43641e-12
4.90456e-12
5.41348e-12
5.96526e-12
6.56153e-12
7.20328e-12
7.8905e-12
8.62183e-12
9.394e-12
1.02012e-11
1.10345e-11
1.18804e-11
1.27205e-11
1.35298e-11
1.42761e-11
1.49187e-11
1.54081e-11
1.56865e-11
1.56888e-11
1.53464e-11
1.45914e-11
1.33646e-11
1.16245e-11
9.35835e-12
6.59555e-12
3.42222e-12
9.80906e-34
5.86677e-17
3.96674e-14
7.73979e-14
1.13331e-13
1.47552e-13
1.80143e-13
2.11181e-13
2.4074e-13
2.6889e-13
2.95698e-13
3.21229e-13
3.45542e-13
3.68697e-13
3.90748e-13
4.11748e-13
4.31747e-13
4.50793e-13
4.68931e-13
4.86205e-13
5.02655e-13
5.18321e-13
5.3324e-13
5.47448e-13
5.60979e-13
5.73865e-13
5.86137e-13
5.97824e-13
6.08954e-13
6.19554e-13
6.29649e-13
6.39262e-13
6.48418e-13
7.49225e-13
8.60062e-13
9.81909e-13
1.11584e-12
1.26303e-12
1.42475e-12
1.60238e-12
1.79743e-12
2.01151e-12
2.24636e-12
2.50383e-12
2.78588e-12
3.09458e-12
3.43203e-12
3.80042e-12
4.20188e-12
4.63845e-12
5.11199e-12
5.62398e-12
6.17537e-12
6.7663e-12
7.39578e-12
8.06122e-12
8.75794e-12
9.47847e-12
1.02118e-11
1.09424e-11
1.16493e-11
1.23051e-11
1.28751e-11
1.33168e-11
1.35798e-11
1.36071e-11
1.33374e-11
1.27094e-11
1.16678e-11
1.01722e-11
8.20714e-12
5.79507e-12
3.01089e-12
9.49873e-34
4.95234e-17
3.34847e-14
6.53344e-14
9.5667e-14
1.24555e-13
1.52066e-13
1.78266e-13
2.03218e-13
2.2698e-13
2.4961e-13
2.71162e-13
2.91686e-13
3.11232e-13
3.29847e-13
3.47574e-13
3.64456e-13
3.80533e-13
3.95845e-13
4.10426e-13
4.24312e-13
4.37537e-13
4.50131e-13
4.62125e-13
4.73548e-13
4.84425e-13
4.94785e-13
5.04651e-13
5.14046e-13
5.22994e-13
5.31516e-13
5.39631e-13
5.4736e-13
6.32459e-13
7.26025e-13
8.28889e-13
9.41957e-13
1.06622e-12
1.20275e-12
1.35273e-12
1.51742e-12
1.69819e-12
1.89652e-12
2.11396e-12
2.3522e-12
2.61297e-12
2.8981e-12
3.20943e-12
3.54881e-12
3.91799e-12
4.3186e-12
4.75195e-12
5.21895e-12
5.71981e-12
6.25385e-12
6.81907e-12
7.41172e-12
8.02575e-12
8.65215e-12
9.27813e-12
9.88631e-12
1.04538e-11
1.09514e-11
1.1343e-11
1.15856e-11
1.16299e-11
1.14222e-11
1.09078e-11
1.00365e-11
8.76985e-12
7.09089e-12
5.01612e-12
2.60959e-12
9.0619e-34
4.11398e-17
2.78163e-14
5.42745e-14
7.94723e-14
1.0347e-13
1.26324e-13
1.48089e-13
1.68817e-13
1.88557e-13
2.07356e-13
2.2526e-13
2.4231e-13
2.58547e-13
2.74011e-13
2.88737e-13
3.02762e-13
3.16118e-13
3.28837e-13
3.40951e-13
3.52486e-13
3.63473e-13
3.73935e-13
3.83899e-13
3.93388e-13
4.02425e-13
4.11031e-13
4.19227e-13
4.27032e-13
4.34465e-13
4.41545e-13
4.48286e-13
4.54707e-13
5.25403e-13
6.03135e-13
6.88591e-13
7.82527e-13
8.85766e-13
9.99205e-13
1.12382e-12
1.26066e-12
1.41088e-12
1.57569e-12
1.75641e-12
1.95443e-12
2.17122e-12
2.4083e-12
2.66722e-12
2.94953e-12
3.25674e-12
3.59022e-12
3.95114e-12
4.34031e-12
4.75801e-12
5.20378e-12
5.6761e-12
6.17202e-12
6.68675e-12
7.213e-12
7.74043e-12
8.25482e-12
8.73737e-12
9.16392e-12
9.5044e-12
9.72262e-12
9.77671e-12
9.62051e-12
9.20632e-12
8.48934e-12
7.43415e-12
6.02336e-12
4.26853e-12
2.22348e-12
8.49936e-34
3.35542e-17
2.26874e-14
4.42671e-14
6.48189e-14
8.43916e-14
1.03032e-13
1.20784e-13
1.3769e-13
1.5379e-13
1.69123e-13
1.83726e-13
1.97632e-13
2.10876e-13
2.23488e-13
2.355e-13
2.46938e-13
2.57832e-13
2.68206e-13
2.78086e-13
2.87495e-13
2.96456e-13
3.0499e-13
3.13116e-13
3.20856e-13
3.28227e-13
3.35246e-13
3.41931e-13
3.48297e-13
3.5436e-13
3.60135e-13
3.65633e-13
3.7087e-13
4.28533e-13
4.91936e-13
5.6164e-13
6.38262e-13
7.22475e-13
8.1501e-13
9.16665e-13
1.0283e-12
1.15085e-12
1.28533e-12
1.43279e-12
1.59439e-12
1.77133e-12
1.96486e-12
2.17625e-12
2.40681e-12
2.65777e-12
2.9303e-12
3.22539e-12
3.54374e-12
3.88568e-12
4.25089e-12
4.63825e-12
5.04552e-12
5.46891e-12
5.90268e-12
6.33858e-12
6.76522e-12
7.16743e-12
7.52559e-12
7.8151e-12
8.00612e-12
8.06382e-12
7.94935e-12
7.62202e-12
7.04288e-12
6.18027e-12
5.01727e-12
3.56158e-12
1.85747e-12
7.81647e-34
2.67808e-17
1.81077e-14
3.53313e-14
5.17345e-14
6.73563e-14
8.22338e-14
9.64024e-14
1.09896e-13
1.22746e-13
1.34984e-13
1.46639e-13
1.57739e-13
1.68309e-13
1.78375e-13
1.87962e-13
1.97092e-13
2.05787e-13
2.14067e-13
2.21953e-13
2.29463e-13
2.36615e-13
2.43426e-13
2.49912e-13
2.5609e-13
2.61973e-13
2.67575e-13
2.72911e-13
2.77992e-13
2.82832e-13
2.8744e-13
2.91829e-13
2.96009e-13
3.42034e-13
3.9264e-13
4.48277e-13
5.09437e-13
5.76658e-13
6.50523e-13
7.31671e-13
8.20791e-13
9.18631e-13
1.02599e-12
1.14374e-12
1.27278e-12
1.41409e-12
1.56868e-12
1.73756e-12
1.9218e-12
2.1224e-12
2.34031e-12
2.57635e-12
2.83114e-12
3.10497e-12
3.39767e-12
3.70842e-12
4.03553e-12
4.37609e-12
4.72567e-12
5.07783e-12
5.42362e-12
5.75106e-12
6.04457e-12
6.28446e-12
6.44671e-12
6.503e-12
6.42145e-12
6.16822e-12
5.71044e-12
5.02068e-12
4.08336e-12
2.90321e-12
1.51581e-12
7.02262e-34
2.08081e-17
1.40693e-14
2.74517e-14
4.01967e-14
5.23345e-14
6.3894e-14
7.49027e-14
8.53869e-14
9.53715e-14
1.0488e-13
1.13936e-13
1.2256e-13
1.30773e-13
1.38594e-13
1.46043e-13
1.53137e-13
1.59893e-13
1.66327e-13
1.72454e-13
1.78289e-13
1.83846e-13
1.89138e-13
1.94178e-13
1.98978e-13
2.03549e-13
2.07902e-13
2.12048e-13
2.15996e-13
2.19756e-13
2.23337e-13
2.26747e-13
2.29995e-13
2.65756e-13
3.05078e-13
3.48309e-13
3.95833e-13
4.48066e-13
5.05465e-13
5.68525e-13
6.37782e-13
7.13819e-13
7.97262e-13
8.88782e-13
9.89094e-13
1.09895e-12
1.21914e-12
1.35048e-12
1.49378e-12
1.64985e-12
1.81944e-12
2.00321e-12
2.20166e-12
2.41506e-12
2.64333e-12
2.88589e-12
3.14149e-12
3.40796e-12
3.68195e-12
3.95856e-12
4.23095e-12
4.48991e-12
4.72338e-12
4.91604e-12
5.04908e-12
5.10014e-12
5.04383e-12
4.85291e-12
4.50053e-12
3.96385e-12
3.2292e-12
2.29922e-12
1.20169e-12
6.12937e-34
1.55945e-17
1.05442e-14
2.05736e-14
3.01253e-14
3.92219e-14
4.78852e-14
5.61357e-14
6.3993e-14
7.1476e-14
7.86023e-14
8.53891e-14
9.18523e-14
9.80076e-14
1.0387e-13
1.09452e-13
1.14769e-13
1.19832e-13
1.24653e-13
1.29245e-13
1.33619e-13
1.37783e-13
1.4175e-13
1.45527e-13
1.49124e-13
1.5255e-13
1.55813e-13
1.5892e-13
1.61879e-13
1.64697e-13
1.6738e-13
1.69936e-13
1.7237e-13
1.99173e-13
2.28643e-13
2.61044e-13
2.96663e-13
3.35812e-13
3.78834e-13
4.261e-13
4.78013e-13
5.35011e-13
5.97563e-13
6.66174e-13
7.41383e-13
8.23756e-13
9.13889e-13
1.01239e-12
1.11989e-12
1.23699e-12
1.36427e-12
1.50224e-12
1.65129e-12
1.81165e-12
1.98328e-12
2.1658e-12
2.3583e-12
2.55923e-12
2.76613e-12
2.97541e-12
3.18201e-12
3.37908e-12
3.55764e-12
3.7062e-12
3.81054e-12
3.8537e-12
3.81623e-12
3.67709e-12
3.41529e-12
3.01266e-12
2.45791e-12
1.75227e-12
9.16656e-13
5.14687e-34
1.10635e-17
7.48056e-15
1.45959e-14
2.13723e-14
2.78259e-14
3.3972e-14
3.98253e-14
4.53997e-14
5.07084e-14
5.57642e-14
6.05791e-14
6.51644e-14
6.95313e-14
7.36901e-14
7.76506e-14
8.14224e-14
8.50144e-14
8.84353e-14
9.16931e-14
9.47957e-14
9.77504e-14
1.00564e-13
1.03244e-13
1.05796e-13
1.08227e-13
1.10541e-13
1.12746e-13
1.14845e-13
1.16844e-13
1.18748e-13
1.20562e-13
1.22288e-13
1.41303e-13
1.62212e-13
1.852e-13
2.1047e-13
2.38247e-13
2.68771e-13
3.02307e-13
3.39142e-13
3.79586e-13
4.23973e-13
4.72662e-13
5.26036e-13
5.845e-13
6.48477e-13
7.18406e-13
7.94729e-13
8.77886e-13
9.68291e-13
1.06631e-12
1.17225e-12
1.28627e-12
1.40836e-12
1.53828e-12
1.67542e-12
1.81869e-12
1.96641e-12
2.11606e-12
2.26409e-12
2.4057e-12
2.53452e-12
2.64241e-12
2.71923e-12
2.7528e-12
2.72908e-12
2.63277e-12
2.44846e-12
2.16261e-12
1.76656e-12
1.26075e-12
6.60032e-13
4.07726e-34
7.09349e-18
4.79628e-15
9.35837e-15
1.37032e-14
1.7841e-14
2.17817e-14
2.55346e-14
2.91087e-14
3.25125e-14
3.57541e-14
3.88412e-14
4.17812e-14
4.45811e-14
4.72476e-14
4.97869e-14
5.22053e-14
5.45084e-14
5.67017e-14
5.87906e-14
6.07798e-14
6.26743e-14
6.44785e-14
6.61967e-14
6.7833e-14
6.93914e-14
7.08755e-14
7.22888e-14
7.36349e-14
7.49168e-14
7.61376e-14
7.73002e-14
7.84074e-14
9.05995e-14
1.04005e-13
1.18745e-13
1.34948e-13
1.52758e-13
1.72331e-13
1.93835e-13
2.17455e-13
2.43389e-13
2.71853e-13
3.03078e-13
3.37308e-13
3.74805e-13
4.15842e-13
4.60699e-13
5.09665e-13
5.63022e-13
6.2104e-13
6.8396e-13
7.51977e-13
8.25206e-13
9.03655e-13
9.87171e-13
1.07538e-12
1.1676e-12
1.26278e-12
1.35931e-12
1.45496e-12
1.54665e-12
1.63032e-12
1.70075e-12
1.7514e-12
1.77441e-12
1.76065e-12
1.70013e-12
1.58268e-12
1.39932e-12
1.14416e-12
8.17234e-13
4.28097e-13
2.90336e-34
3.50035e-18
2.36677e-15
4.61798e-15
6.76196e-15
8.8038e-15
1.07484e-14
1.26003e-14
1.4364e-14
1.60436e-14
1.76432e-14
1.91666e-14
2.06174e-14
2.1999e-14
2.33148e-14
2.45679e-14
2.57613e-14
2.68977e-14
2.79801e-14
2.90108e-14
2.99925e-14
3.09273e-14
3.18176e-14
3.26655e-14
3.34729e-14
3.42419e-14
3.49743e-14
3.56717e-14
3.6336e-14
3.69685e-14
3.75709e-14
3.81447e-14
3.86911e-14
4.47074e-14
5.13228e-14
5.85963e-14
6.65922e-14
7.53811e-14
8.50397e-14
9.56517e-14
1.07308e-13
1.20107e-13
1.34154e-13
1.49564e-13
1.66458e-13
1.84966e-13
2.05221e-13
2.27364e-13
2.51536e-13
2.77878e-13
3.06525e-13
3.37597e-13
3.71191e-13
4.07368e-13
4.46133e-13
4.87415e-13
5.31034e-13
5.76662e-13
6.23778e-13
6.71606e-13
7.19043e-13
7.64582e-13
8.06223e-13
8.41385e-13
8.6684e-13
8.78682e-13
8.72371e-13
8.42908e-13
7.85198e-13
6.94693e-13
5.68381e-13
4.06199e-13
2.12866e-13
1.56865e-34
1.04636e-42
1.37765e-41
4.53113e-41
9.10406e-41
1.46284e-40
2.07302e-40
2.7114e-40
3.3549e-40
3.9858e-40
4.59078e-40
5.16011e-40
5.68701e-40
6.16701e-40
6.59756e-40
6.97762e-40
7.30727e-40
7.58754e-40
7.8201e-40
8.00717e-40
8.15125e-40
8.25514e-40
8.32172e-40
8.35397e-40
8.35483e-40
8.32721e-40
8.27395e-40
8.19774e-40
8.10118e-40
7.98671e-40
7.85662e-40
7.71304e-40
5.10831e-39
1.21075e-38
1.75425e-38
2.51449e-38
3.57151e-38
5.03361e-38
7.04694e-38
9.80846e-38
1.35831e-37
1.87264e-37
2.57152e-37
3.51875e-37
4.79955e-37
6.52758e-37
8.85409e-37
1.19799e-36
1.61712e-36
2.17793e-36
2.92669e-36
3.92409e-36
5.24932e-36
7.00515e-36
9.32397e-36
1.23749e-35
1.63714e-35
2.15792e-35
2.83226e-35
3.69875e-35
4.80161e-35
6.18876e-35
7.9075e-35
9.99623e-35
1.24705e-34
1.53005e-34
1.83786e-34
2.1473e-34
2.41707e-34
2.58151e-34
2.54564e-34
2.18544e-34
1.36004e-34
5.38421e-35
