-3.67164e-42
-4.83412e-41
-1.58995e-40
-3.19455e-40
-5.13298e-40
-7.27403e-40
-9.51397e-40
-1.17719e-39
-1.39855e-39
-1.61082e-39
-1.81057e-39
-1.99543e-39
-2.16384e-39
-2.31489e-39
-2.44822e-39
-2.56386e-39
-2.66218e-39
-2.74376e-39
-2.80937e-39
-2.8599e-39
-2.89633e-39
-2.91967e-39
-2.93096e-39
-2.93124e-39
-2.92153e-39
-2.90282e-39
-2.87607e-39
-2.84218e-39
-2.802e-39
-2.75634e-39
-2.70595e-39
-1.79209e-38
-4.24732e-38
-6.15338e-38
-8.81911e-38
-1.25247e-37
-1.76491e-37
-2.47032e-37
-3.43749e-37
-4.75882e-37
-6.55819e-37
-9.0014e-37
-1.23098e-36
-1.67783e-36
-2.27989e-36
-3.08911e-36
-4.17417e-36
-5.62546e-36
-7.56155e-36
-1.01371e-35
-1.35528e-35
-1.80669e-35
-2.40092e-35
-3.17957e-35
-4.19447e-35
-5.50896e-35
-7.19877e-35
-9.35163e-35
-1.20649e-34
-1.54397e-34
-1.95702e-34
-2.45258e-34
-3.03235e-34
-3.68899e-34
-4.40102e-34
-5.12661e-34
-5.79654e-34
-6.30701e-34
-6.51312e-34
-6.22445e-34
-5.20479e-34
-3.18114e-34
9.61313e-35
2.84224e-17
1.92169e-14
3.74955e-14
5.49033e-14
7.14817e-14
8.72701e-14
1.02306e-13
1.16625e-13
1.30262e-13
1.43249e-13
1.55616e-13
1.67394e-13
1.78611e-13
1.89293e-13
1.99465e-13
2.09153e-13
2.18378e-13
2.27164e-13
2.35531e-13
2.43499e-13
2.51087e-13
2.58313e-13
2.65195e-13
2.71749e-13
2.77991e-13
2.83934e-13
2.89595e-13
2.94986e-13
3.0012e-13
3.05009e-13
3.09665e-13
3.14099e-13
3.6292e-13
4.16592e-13
4.75589e-13
5.40426e-13
6.11667e-13
6.8992e-13
7.75847e-13
8.70161e-13
9.73627e-13
1.08706e-12
1.21133e-12
1.34734e-12
1.49604e-12
1.65836e-12
1.83527e-12
2.02766e-12
2.23636e-12
2.46202e-12
2.70509e-12
2.96563e-12
3.24326e-12
3.53689e-12
3.84455e-12
4.16312e-12
4.48797e-12
4.81266e-12
5.12856e-12
5.42449e-12
5.68647e-12
5.89767e-12
6.03853e-12
6.08744e-12
6.02181e-12
5.81976e-12
5.46235e-12
4.93621e-12
4.23613e-12
3.36739e-12
2.34766e-12
1.20879e-12
-2.97315e-34
5.88779e-17
3.98081e-14
7.76724e-14
1.13733e-13
1.48075e-13
1.80781e-13
2.11928e-13
2.4159e-13
2.69838e-13
2.9674e-13
3.22359e-13
3.46757e-13
3.69992e-13
3.92118e-13
4.1319e-13
4.33257e-13
4.52367e-13
4.70566e-13
4.87898e-13
5.04403e-13
5.20121e-13
5.3509e-13
5.49345e-13
5.62921e-13
5.75849e-13
5.88161e-13
5.99886e-13
6.11052e-13
6.21686e-13
6.31814e-13
6.41458e-13
6.50643e-13
7.51767e-13
8.62936e-13
9.85129e-13
1.11941e-12
1.26695e-12
1.429e-12
1.60692e-12
1.80219e-12
2.01637e-12
2.25115e-12
2.50831e-12
2.78968e-12
3.09719e-12
3.43276e-12
3.79831e-12
4.19561e-12
4.62626e-12
5.09152e-12
5.5921e-12
6.12796e-12
6.69799e-12
7.29964e-12
7.92841e-12
8.57736e-12
9.23638e-12
9.89157e-12
1.05245e-11
1.11116e-11
1.16237e-11
1.20261e-11
1.22794e-11
1.23406e-11
1.2166e-11
1.17144e-11
1.09524e-11
9.85842e-12
8.42764e-12
6.67558e-12
4.64026e-12
2.3843e-12
-5.42125e-34
9.3768e-17
6.33972e-14
1.23699e-13
1.81127e-13
2.3582e-13
2.87905e-13
3.37509e-13
3.84747e-13
4.29734e-13
4.72576e-13
5.13376e-13
5.5223e-13
5.89232e-13
6.24469e-13
6.58026e-13
6.89983e-13
7.20416e-13
7.49398e-13
7.76998e-13
8.03282e-13
8.28313e-13
8.5215e-13
8.74851e-13
8.96469e-13
9.17057e-13
9.36664e-13
9.55335e-13
9.73117e-13
9.90051e-13
1.00618e-12
1.02154e-12
1.03616e-12
1.19719e-12
1.37421e-12
1.56877e-12
1.78258e-12
2.01746e-12
2.27543e-12
2.55863e-12
2.8694e-12
3.21022e-12
3.58374e-12
3.99274e-12
4.44012e-12
4.92886e-12
5.46195e-12
6.0423e-12
6.67261e-12
7.35523e-12
8.09188e-12
8.88338e-12
9.72925e-12
1.06272e-11
1.15725e-11
1.25572e-11
1.35693e-11
1.45918e-11
1.56014e-11
1.65676e-11
1.74521e-11
1.82082e-11
1.87811e-11
1.91098e-11
1.91296e-11
1.87766e-11
1.79941e-11
1.67391e-11
1.49896e-11
1.27493e-11
1.00516e-11
6.95952e-12
3.56618e-12
-7.43787e-34
1.32802e-16
8.97874e-14
1.7519e-13
2.56524e-13
3.33983e-13
4.0775e-13
4.78001e-13
5.44903e-13
6.08615e-13
6.6929e-13
7.27072e-13
7.82098e-13
8.34501e-13
8.84405e-13
9.31929e-13
9.77187e-13
1.02029e-12
1.06133e-12
1.10042e-12
1.13764e-12
1.17309e-12
1.20685e-12
1.239e-12
1.26961e-12
1.29877e-12
1.32653e-12
1.35298e-12
1.37816e-12
1.40214e-12
1.42498e-12
1.44673e-12
1.46744e-12
1.69548e-12
1.94615e-12
2.22165e-12
2.52439e-12
2.85695e-12
3.22216e-12
3.62306e-12
4.06293e-12
4.54525e-12
5.07375e-12
5.65231e-12
6.28498e-12
6.9759e-12
7.72917e-12
8.54878e-12
9.43836e-12
1.0401e-11
1.14387e-11
1.25523e-11
1.37406e-11
1.49996e-11
1.63218e-11
1.76949e-11
1.91008e-11
2.05139e-11
2.19e-11
2.32145e-11
2.44019e-11
2.53958e-11
2.61191e-11
2.64878e-11
2.64149e-11
2.58177e-11
2.46269e-11
2.27956e-11
2.0308e-11
1.71847e-11
1.3484e-11
9.29834e-12
4.75111e-12
-9.09999e-34
1.72955e-16
1.16935e-13
2.28159e-13
3.34085e-13
4.34962e-13
5.31033e-13
6.22523e-13
7.09653e-13
7.92628e-13
8.71647e-13
9.46898e-13
1.01856e-12
1.08681e-12
1.1518e-12
1.21369e-12
1.27263e-12
1.32876e-12
1.38221e-12
1.43311e-12
1.48159e-12
1.52775e-12
1.57172e-12
1.61358e-12
1.65345e-12
1.69142e-12
1.72758e-12
1.76202e-12
1.79481e-12
1.82604e-12
1.85578e-12
1.88411e-12
1.91108e-12
2.20804e-12
2.53448e-12
2.89323e-12
3.28743e-12
3.72046e-12
4.19596e-12
4.7179e-12
5.29051e-12
5.91833e-12
6.60615e-12
7.359e-12
8.1821e-12
9.08074e-12
1.00602e-11
1.11254e-11
1.22811e-11
1.35309e-11
1.48773e-11
1.63208e-11
1.78593e-11
1.94871e-11
2.11936e-11
2.29619e-11
2.47673e-11
2.65751e-11
2.83392e-11
3.00006e-11
3.14859e-11
3.27077e-11
3.35665e-11
3.39546e-11
3.37632e-11
3.2892e-11
3.12608e-11
2.88221e-11
2.55704e-11
2.15477e-11
1.68407e-11
1.15739e-11
5.89963e-12
-1.04082e-33
2.09319e-16
1.41519e-13
2.76128e-13
4.04323e-13
5.26409e-13
6.42677e-13
7.53403e-13
8.5885e-13
9.5927e-13
1.0549e-12
1.14597e-12
1.2327e-12
1.31529e-12
1.39395e-12
1.46885e-12
1.54018e-12
1.60811e-12
1.6728e-12
1.7344e-12
1.79307e-12
1.84894e-12
1.90215e-12
1.95281e-12
2.00107e-12
2.04702e-12
2.09078e-12
2.13245e-12
2.17214e-12
2.20993e-12
2.24593e-12
2.2802e-12
2.31285e-12
2.67223e-12
3.06727e-12
3.50143e-12
3.97847e-12
4.50248e-12
5.07788e-12
5.70944e-12
6.4023e-12
7.16191e-12
7.99406e-12
8.90482e-12
9.90044e-12
1.09873e-11
1.21717e-11
1.34597e-11
1.48566e-11
1.63668e-11
1.79932e-11
1.97361e-11
2.15927e-11
2.35556e-11
2.56116e-11
2.77396e-11
2.99089e-11
3.20768e-11
3.41868e-11
3.61662e-11
3.79255e-11
3.93585e-11
4.03448e-11
4.07552e-11
4.04602e-11
3.9343e-11
3.73131e-11
3.43219e-11
3.03733e-11
2.55288e-11
1.99024e-11
1.36482e-11
6.94605e-12
-1.13233e-33
2.36715e-16
1.60042e-13
3.12268e-13
4.57242e-13
5.95307e-13
7.26792e-13
8.5201e-13
9.71258e-13
1.08482e-12
1.19297e-12
1.29596e-12
1.39404e-12
1.48744e-12
1.57639e-12
1.6611e-12
1.74176e-12
1.81858e-12
1.89174e-12
1.96141e-12
2.02775e-12
2.09093e-12
2.1511e-12
2.2084e-12
2.26297e-12
2.31493e-12
2.36442e-12
2.41155e-12
2.45643e-12
2.49917e-12
2.53988e-12
2.57864e-12
2.61556e-12
3.02198e-12
3.46873e-12
3.95971e-12
4.49918e-12
5.09178e-12
5.74249e-12
6.45672e-12
7.24026e-12
8.09929e-12
9.04037e-12
1.00703e-11
1.11963e-11
1.24254e-11
1.37649e-11
1.52214e-11
1.68012e-11
1.85091e-11
2.03484e-11
2.23195e-11
2.44191e-11
2.6639e-11
2.8964e-11
3.13705e-11
3.38234e-11
3.62746e-11
3.86599e-11
4.08968e-11
4.28839e-11
4.45007e-11
4.56105e-11
4.60667e-11
4.57227e-11
4.44463e-11
4.21359e-11
3.87379e-11
3.42598e-11
2.87749e-11
2.24161e-11
1.53611e-11
7.81361e-12
-1.18001e-33
2.51308e-16
1.69909e-13
3.3152e-13
4.85432e-13
6.3201e-13
7.71602e-13
9.0454e-13
1.03114e-12
1.15171e-12
1.26652e-12
1.37586e-12
1.47999e-12
1.57915e-12
1.67359e-12
1.76352e-12
1.84916e-12
1.93071e-12
2.00838e-12
2.08234e-12
2.15278e-12
2.21986e-12
2.28374e-12
2.34457e-12
2.40251e-12
2.45768e-12
2.51022e-12
2.56025e-12
2.6079e-12
2.65328e-12
2.69649e-12
2.73765e-12
2.77684e-12
3.20833e-12
3.68265e-12
4.20393e-12
4.77671e-12
5.4059e-12
6.09682e-12
6.8552e-12
7.68722e-12
8.59945e-12
9.59886e-12
1.06928e-11
1.18887e-11
1.31945e-11
1.46176e-11
1.61654e-11
1.78445e-11
1.96604e-11
2.16166e-11
2.37138e-11
2.59489e-11
2.83136e-11
3.07922e-11
3.33602e-11
3.59812e-11
3.86047e-11
4.11631e-11
4.35697e-11
4.57169e-11
4.74768e-11
4.87034e-11
4.92389e-11
4.89244e-11
4.76147e-11
4.51958e-11
4.16041e-11
3.68409e-11
3.09791e-11
2.41581e-11
1.65684e-11
8.43231e-12
-1.1816e-33
2.51499e-16
1.70038e-13
3.31773e-13
4.85803e-13
6.32493e-13
7.72192e-13
9.05233e-13
1.03193e-12
1.15259e-12
1.26749e-12
1.37692e-12
1.48113e-12
1.58037e-12
1.67488e-12
1.76488e-12
1.85058e-12
1.93221e-12
2.00994e-12
2.08396e-12
2.15445e-12
2.22158e-12
2.28551e-12
2.3464e-12
2.40437e-12
2.45959e-12
2.51217e-12
2.56225e-12
2.60994e-12
2.65535e-12
2.6986e-12
2.73979e-12
2.77901e-12
3.21087e-12
3.68558e-12
4.20732e-12
4.78062e-12
5.41041e-12
6.10202e-12
6.86122e-12
7.6942e-12
8.60757e-12
9.60836e-12
1.07039e-11
1.19019e-11
1.32102e-11
1.46365e-11
1.61883e-11
1.78725e-11
1.96948e-11
2.16591e-11
2.37668e-11
2.60153e-11
2.83971e-11
3.08975e-11
3.34932e-11
3.6149e-11
3.88158e-11
4.14278e-11
4.38995e-11
4.61243e-11
4.79742e-11
4.93019e-11
4.99463e-11
4.97423e-11
4.85351e-11
4.61982e-11
4.26526e-11
3.78837e-11
3.19504e-11
2.49834e-11
1.71734e-11
8.75405e-12
-1.13898e-33
2.37936e-16
1.6087e-13
3.13885e-13
4.5961e-13
5.98392e-13
7.30559e-13
8.56427e-13
9.76295e-13
1.09045e-12
1.19916e-12
1.30269e-12
1.40128e-12
1.49517e-12
1.58459e-12
1.66974e-12
1.75083e-12
1.82805e-12
1.90159e-12
1.97163e-12
2.03832e-12
2.10184e-12
2.16232e-12
2.21993e-12
2.27478e-12
2.32702e-12
2.37677e-12
2.42415e-12
2.46927e-12
2.51224e-12
2.55316e-12
2.59213e-12
2.62925e-12
3.03785e-12
3.48703e-12
3.98072e-12
4.52323e-12
5.11923e-12
5.77379e-12
6.49238e-12
7.28089e-12
8.14564e-12
9.09333e-12
1.0131e-11
1.1266e-11
1.25059e-11
1.38582e-11
1.53303e-11
1.6929e-11
1.86601e-11
2.05279e-11
2.25344e-11
2.46781e-11
2.6953e-11
2.93468e-11
3.18388e-11
3.43978e-11
3.69798e-11
3.95245e-11
4.19534e-11
4.41673e-11
4.60456e-11
4.74476e-11
4.82166e-11
4.81882e-11
4.72026e-11
4.5122e-11
4.18489e-11
3.73446e-11
3.16418e-11
2.48489e-11
1.7143e-11
8.76082e-12
-5.95566e-34
2.3634e-16
1.59791e-13
3.1178e-13
4.56528e-13
5.94378e-13
7.25659e-13
8.50683e-13
9.69748e-13
1.08314e-12
1.19112e-12
1.29395e-12
1.39188e-12
1.48515e-12
1.57396e-12
1.65854e-12
1.73909e-12
1.81579e-12
1.88884e-12
1.95841e-12
2.02465e-12
2.08774e-12
2.14782e-12
2.20504e-12
2.25953e-12
2.31142e-12
2.36084e-12
2.4079e-12
2.45272e-12
2.4954e-12
2.53605e-12
2.57476e-12
2.61162e-12
3.01749e-12
3.46366e-12
3.95405e-12
4.49293e-12
5.08495e-12
5.73514e-12
6.44894e-12
7.23221e-12
8.09121e-12
9.03262e-12
1.00634e-11
1.1191e-11
1.24228e-11
1.37663e-11
1.52289e-11
1.68173e-11
1.85374e-11
2.03936e-11
2.23878e-11
2.45187e-11
2.67804e-11
2.91607e-11
3.16394e-11
3.41857e-11
3.67559e-11
3.92904e-11
4.17115e-11
4.39208e-11
4.57986e-11
4.7205e-11
4.7984e-11
4.79715e-11
4.70076e-11
4.49536e-11
4.17105e-11
3.72374e-11
3.15648e-11
2.47984e-11
1.7114e-11
8.74812e-12
9.86763e-34
2.20506e-16
1.49087e-13
2.90894e-13
4.25945e-13
5.54561e-13
6.77048e-13
7.93698e-13
9.04787e-13
1.01058e-12
1.11133e-12
1.20728e-12
1.29865e-12
1.38567e-12
1.46853e-12
1.54745e-12
1.6226e-12
1.69417e-12
1.76233e-12
1.82724e-12
1.88905e-12
1.94792e-12
2.00398e-12
2.05736e-12
2.1082e-12
2.15662e-12
2.20273e-12
2.24664e-12
2.28846e-12
2.32829e-12
2.36621e-12
2.40233e-12
2.43673e-12
2.81545e-12
3.23178e-12
3.68939e-12
4.19228e-12
4.74478e-12
5.35162e-12
6.0179e-12
6.7491e-12
7.55112e-12
8.43022e-12
9.39304e-12
1.04465e-11
1.15977e-11
1.28538e-11
1.42219e-11
1.57087e-11
1.73199e-11
1.90602e-11
2.0932e-11
2.29349e-11
2.50644e-11
2.73104e-11
2.96557e-11
3.20732e-11
3.45243e-11
3.69556e-11
3.92964e-11
4.14567e-11
4.33256e-11
4.47714e-11
4.5645e-11
4.57861e-11
4.50337e-11
4.32417e-11
4.02965e-11
3.61365e-11
3.07674e-11
2.42716e-11
1.68089e-11
8.61312e-12
2.02804e-33
2.09098e-16
1.41375e-13
2.75846e-13
4.03911e-13
5.25875e-13
6.42026e-13
7.52642e-13
8.57985e-13
9.58307e-13
1.05385e-12
1.14483e-12
1.23148e-12
1.314e-12
1.39258e-12
1.46741e-12
1.53868e-12
1.60655e-12
1.67118e-12
1.73274e-12
1.79135e-12
1.84718e-12
1.90034e-12
1.95097e-12
1.99918e-12
2.0451e-12
2.08882e-12
2.13046e-12
2.17012e-12
2.20789e-12
2.24386e-12
2.27811e-12
2.31073e-12
2.66988e-12
3.06471e-12
3.49871e-12
3.97566e-12
4.49969e-12
5.0753e-12
5.70732e-12
6.401e-12
7.16194e-12
7.99614e-12
8.90993e-12
9.90993e-12
1.1003e-11
1.21961e-11
1.34961e-11
1.49094e-11
1.6442e-11
1.80985e-11
1.98818e-11
2.1792e-11
2.38257e-11
2.59744e-11
2.82226e-11
3.05463e-11
3.29102e-11
3.52653e-11
3.75463e-11
3.96691e-11
4.1529e-11
4.30007e-11
4.39401e-11
4.419e-11
4.3589e-11
4.1986e-11
3.92572e-11
3.53259e-11
3.01797e-11
2.38835e-11
1.65844e-11
8.51412e-12
1.90503e-33
2.01955e-16
1.36546e-13
2.66424e-13
3.90115e-13
5.07913e-13
6.20097e-13
7.26935e-13
8.28681e-13
9.25577e-13
1.01785e-12
1.10573e-12
1.18942e-12
1.26912e-12
1.34502e-12
1.4173e-12
1.48613e-12
1.55169e-12
1.61411e-12
1.67356e-12
1.73018e-12
1.7841e-12
1.83545e-12
1.88435e-12
1.93091e-12
1.97526e-12
2.0175e-12
2.05772e-12
2.09602e-12
2.1325e-12
2.16724e-12
2.20032e-12
2.23183e-12
2.57873e-12
2.9601e-12
3.37931e-12
3.84002e-12
4.34623e-12
4.90227e-12
5.51285e-12
6.18303e-12
6.91825e-12
7.72432e-12
8.6074e-12
9.57394e-12
1.06306e-11
1.17842e-11
1.30415e-11
1.44088e-11
1.58921e-11
1.74961e-11
1.92239e-11
2.1076e-11
2.30496e-11
2.51371e-11
2.73243e-11
2.95889e-11
3.18979e-11
3.42049e-11
3.6448e-11
3.85467e-11
4.04005e-11
4.18878e-11
4.28681e-11
4.31858e-11
4.26798e-11
4.11957e-11
3.86036e-11
3.4817e-11
2.98121e-11
2.36422e-11
1.64461e-11
8.45367e-12
1.05726e-33
2.01007e-16
1.35905e-13
2.65173e-13
3.88284e-13
5.05529e-13
6.17187e-13
7.23523e-13
8.24791e-13
9.21232e-13
1.01308e-12
1.10054e-12
1.18384e-12
1.26316e-12
1.33871e-12
1.41065e-12
1.47916e-12
1.5444e-12
1.60654e-12
1.66571e-12
1.72206e-12
1.77573e-12
1.82683e-12
1.8755e-12
1.92185e-12
1.96599e-12
2.00803e-12
2.04806e-12
2.08619e-12
2.12249e-12
2.15707e-12
2.19e-12
2.22136e-12
2.56663e-12
2.94622e-12
3.36346e-12
3.82202e-12
4.32586e-12
4.87931e-12
5.48704e-12
6.1541e-12
6.8859e-12
7.68825e-12
8.56725e-12
9.52934e-12
1.05812e-11
1.17295e-11
1.29811e-11
1.43424e-11
1.58192e-11
1.74162e-11
1.91366e-11
2.0981e-11
2.29466e-11
2.5026e-11
2.72051e-11
2.94619e-11
3.17636e-11
3.40643e-11
3.63023e-11
3.83979e-11
4.02508e-11
4.17403e-11
4.2726e-11
4.30529e-11
4.25595e-11
4.10913e-11
3.85174e-11
3.47501e-11
2.9764e-11
2.36109e-11
1.64284e-11
8.44602e-12
8.70908e-34
1.98047e-16
1.33904e-13
2.61269e-13
3.82567e-13
4.98085e-13
6.08099e-13
7.1287e-13
8.12648e-13
9.07669e-13
9.98161e-13
1.08434e-12
1.16641e-12
1.24457e-12
1.319e-12
1.38988e-12
1.45738e-12
1.52167e-12
1.58289e-12
1.64119e-12
1.69671e-12
1.74959e-12
1.79994e-12
1.8479e-12
1.89356e-12
1.93706e-12
1.97847e-12
2.01792e-12
2.05548e-12
2.09126e-12
2.12532e-12
2.15777e-12
2.18867e-12
2.52886e-12
2.90287e-12
3.31399e-12
3.76581e-12
4.26227e-12
4.80761e-12
5.40646e-12
6.06379e-12
6.78494e-12
7.57564e-12
8.44193e-12
9.39017e-12
1.0427e-11
1.1559e-11
1.27929e-11
1.41352e-11
1.55916e-11
1.7167e-11
1.88645e-11
2.0685e-11
2.2626e-11
2.46803e-11
2.68346e-11
2.90674e-11
3.13469e-11
3.36285e-11
3.58518e-11
3.79385e-11
3.97903e-11
4.12877e-11
4.2292e-11
4.26488e-11
4.21965e-11
4.07792e-11
3.82631e-11
3.45564e-11
2.96285e-11
2.35259e-11
1.63826e-11
8.42736e-12
1.51731e-33
1.96839e-16
1.33087e-13
2.59676e-13
3.80234e-13
4.95048e-13
6.04391e-13
7.08523e-13
8.07692e-13
9.02135e-13
9.92075e-13
1.07773e-12
1.1593e-12
1.23698e-12
1.31096e-12
1.38141e-12
1.4485e-12
1.51239e-12
1.57324e-12
1.63119e-12
1.68637e-12
1.73892e-12
1.78897e-12
1.83663e-12
1.88202e-12
1.92525e-12
1.96642e-12
2.00562e-12
2.04295e-12
2.07851e-12
2.11237e-12
2.14462e-12
2.17533e-12
2.51346e-12
2.88519e-12
3.29381e-12
3.74289e-12
4.23634e-12
4.77839e-12
5.37362e-12
6.02699e-12
6.74382e-12
7.5298e-12
8.39094e-12
9.33359e-12
1.03643e-11
1.14898e-11
1.27166e-11
1.40513e-11
1.54997e-11
1.70665e-11
1.87551e-11
2.05665e-11
2.24981e-11
2.45432e-11
2.66885e-11
2.89131e-11
3.11855e-11
3.34616e-11
3.56818e-11
3.77683e-11
3.96236e-11
4.11288e-11
4.21454e-11
4.25192e-11
4.20884e-11
4.06957e-11
3.82058e-11
3.45244e-11
2.96179e-11
2.35302e-11
1.63932e-11
8.43559e-12
1.53302e-33
1.97627e-16
1.3362e-13
2.60715e-13
3.81756e-13
4.9703e-13
6.0681e-13
7.11359e-13
8.10925e-13
9.05746e-13
9.96046e-13
1.08204e-12
1.16394e-12
1.24193e-12
1.3162e-12
1.38694e-12
1.4543e-12
1.51845e-12
1.57954e-12
1.63772e-12
1.69312e-12
1.74588e-12
1.79613e-12
1.84399e-12
1.88956e-12
1.93296e-12
1.97429e-12
2.01365e-12
2.05113e-12
2.08683e-12
2.12083e-12
2.1532e-12
2.18404e-12
2.52352e-12
2.89674e-12
3.307e-12
3.75788e-12
4.2533e-12
4.79752e-12
5.39514e-12
6.05113e-12
6.77084e-12
7.55997e-12
8.42458e-12
9.37101e-12
1.04059e-11
1.15359e-11
1.27677e-11
1.41078e-11
1.5562e-11
1.71352e-11
1.88308e-11
2.06495e-11
2.25891e-11
2.46426e-11
2.67968e-11
2.90307e-11
3.13126e-11
3.35983e-11
3.58278e-11
3.79231e-11
3.9786e-11
4.12973e-11
4.23179e-11
4.26927e-11
4.22594e-11
4.08602e-11
3.83594e-11
3.46626e-11
2.97363e-11
2.36243e-11
1.6459e-11
8.46955e-12
1.39875e-33
1.99883e-16
1.35145e-13
2.63691e-13
3.86113e-13
5.02703e-13
6.13737e-13
7.19479e-13
8.20181e-13
9.16084e-13
1.00741e-12
1.09439e-12
1.17722e-12
1.2561e-12
1.33123e-12
1.40277e-12
1.4709e-12
1.53578e-12
1.59756e-12
1.65641e-12
1.71244e-12
1.76581e-12
1.81663e-12
1.86503e-12
1.91112e-12
1.95502e-12
1.99682e-12
2.03663e-12
2.07454e-12
2.11065e-12
2.14503e-12
2.17778e-12
2.20896e-12
2.55232e-12
2.92979e-12
3.34473e-12
3.80075e-12
4.30182e-12
4.85223e-12
5.45665e-12
6.1201e-12
6.84798e-12
7.64606e-12
8.52046e-12
9.4776e-12
1.05241e-11
1.16668e-11
1.29125e-11
1.42675e-11
1.57378e-11
1.73284e-11
1.90424e-11
2.08808e-11
2.2841e-11
2.4916e-11
2.70922e-11
2.93482e-11
3.16518e-11
3.3958e-11
3.6206e-11
3.83165e-11
4.01902e-11
4.17063e-11
4.27244e-11
4.30882e-11
4.26346e-11
4.12058e-11
3.86668e-11
3.49246e-11
2.9948e-11
2.37832e-11
1.65644e-11
8.52196e-12
1.27896e-33
2.0321e-16
1.37394e-13
2.68079e-13
3.92539e-13
5.11069e-13
6.2395e-13
7.31452e-13
8.3383e-13
9.31328e-13
1.02418e-12
1.1126e-12
1.19681e-12
1.27701e-12
1.35338e-12
1.42611e-12
1.49537e-12
1.56133e-12
1.62415e-12
1.68397e-12
1.74094e-12
1.79519e-12
1.84686e-12
1.89606e-12
1.94292e-12
1.98754e-12
2.03004e-12
2.07051e-12
2.10906e-12
2.14576e-12
2.18072e-12
2.21401e-12
2.24571e-12
2.59478e-12
2.97853e-12
3.40036e-12
3.86395e-12
4.37334e-12
4.93289e-12
5.54732e-12
6.22176e-12
6.96168e-12
7.77294e-12
8.66174e-12
9.63461e-12
1.06983e-11
1.18596e-11
1.31255e-11
1.45024e-11
1.59964e-11
1.76122e-11
1.93532e-11
2.12201e-11
2.32102e-11
2.53161e-11
2.75238e-11
2.98112e-11
3.21454e-11
3.448e-11
3.67529e-11
3.88832e-11
4.07696e-11
4.22893e-11
4.32998e-11
4.36436e-11
4.31564e-11
4.16809e-11
3.90834e-11
3.52741e-11
3.02253e-11
2.39872e-11
1.66972e-11
8.58699e-12
1.1711e-33
2.07303e-16
1.40161e-13
2.73478e-13
4.00445e-13
5.21362e-13
6.36516e-13
7.46183e-13
8.50623e-13
9.50085e-13
1.04481e-12
1.13501e-12
1.22091e-12
1.30272e-12
1.38063e-12
1.45483e-12
1.52548e-12
1.59277e-12
1.65685e-12
1.71788e-12
1.776e-12
1.83134e-12
1.88405e-12
1.93424e-12
1.98204e-12
2.02757e-12
2.07092e-12
2.11221e-12
2.15152e-12
2.18897e-12
2.22463e-12
2.25859e-12
2.29093e-12
2.64702e-12
3.03849e-12
3.4688e-12
3.94172e-12
4.46133e-12
5.03211e-12
5.65887e-12
6.34682e-12
7.10153e-12
7.92899e-12
8.83551e-12
9.8277e-12
1.09124e-11
1.20967e-11
1.33874e-11
1.47912e-11
1.63141e-11
1.79609e-11
1.97348e-11
2.16366e-11
2.36631e-11
2.58066e-11
2.80526e-11
3.03781e-11
3.27489e-11
3.51174e-11
3.74197e-11
3.95727e-11
4.14729e-11
4.29949e-11
4.3994e-11
4.43107e-11
4.37801e-11
4.22452e-11
3.95748e-11
3.56827e-11
3.05464e-11
2.4221e-11
1.68478e-11
8.66012e-12
1.07329e-33
2.11926e-16
1.43287e-13
2.79577e-13
4.09375e-13
5.32988e-13
6.50711e-13
7.62824e-13
8.69592e-13
9.71272e-13
1.0681e-12
1.16032e-12
1.24814e-12
1.33177e-12
1.41142e-12
1.48727e-12
1.5595e-12
1.62829e-12
1.6938e-12
1.75618e-12
1.8156e-12
1.87217e-12
1.92606e-12
1.97737e-12
2.02624e-12
2.07277e-12
2.11709e-12
2.1593e-12
2.19949e-12
2.23777e-12
2.27423e-12
2.30894e-12
2.34201e-12
2.70603e-12
3.10622e-12
3.54611e-12
4.02955e-12
4.56073e-12
5.14419e-12
5.78486e-12
6.48806e-12
7.25949e-12
8.10524e-12
9.03174e-12
1.00458e-11
1.11543e-11
1.23644e-11
1.36831e-11
1.51172e-11
1.66727e-11
1.83544e-11
2.01654e-11
2.21063e-11
2.41738e-11
2.63595e-11
2.86483e-11
3.10162e-11
3.34278e-11
3.58338e-11
3.81683e-11
4.03459e-11
4.22602e-11
4.37833e-11
4.47678e-11
4.50523e-11
4.4471e-11
4.28678e-11
4.01142e-11
3.61287e-11
3.08945e-11
2.44726e-11
1.70087e-11
8.73785e-12
9.84111e-34
2.16895e-16
1.46646e-13
2.86132e-13
4.18973e-13
5.45484e-13
6.65967e-13
7.80708e-13
8.8998e-13
9.94043e-13
1.09315e-12
1.18752e-12
1.2774e-12
1.363e-12
1.44451e-12
1.52213e-12
1.59606e-12
1.66646e-12
1.7335e-12
1.79735e-12
1.85816e-12
1.91606e-12
1.97121e-12
2.02372e-12
2.07373e-12
2.12136e-12
2.16672e-12
2.20991e-12
2.25105e-12
2.29023e-12
2.32754e-12
2.36307e-12
2.3969e-12
2.76945e-12
3.17901e-12
3.6292e-12
4.12395e-12
4.66754e-12
5.26463e-12
5.92026e-12
6.63985e-12
7.42924e-12
8.29463e-12
9.24262e-12
1.02801e-11
1.14141e-11
1.2652e-11
1.40008e-11
1.54674e-11
1.70578e-11
1.87769e-11
2.06278e-11
2.26107e-11
2.47219e-11
2.69528e-11
2.92872e-11
3.17003e-11
3.41552e-11
3.66009e-11
3.89692e-11
4.11721e-11
4.31005e-11
4.46235e-11
4.55908e-11
4.58392e-11
4.52021e-11
4.35245e-11
4.0681e-11
3.65952e-11
3.12568e-11
2.4733e-11
1.71744e-11
8.81751e-12
9.02485e-34
2.22065e-16
1.50142e-13
2.92952e-13
4.28958e-13
5.58485e-13
6.81839e-13
7.99314e-13
9.1119e-13
1.01773e-12
1.1192e-12
1.21582e-12
1.30784e-12
1.39548e-12
1.47893e-12
1.55841e-12
1.63409e-12
1.70617e-12
1.77481e-12
1.84018e-12
1.90243e-12
1.96172e-12
2.01818e-12
2.07194e-12
2.12315e-12
2.17191e-12
2.21835e-12
2.26257e-12
2.30469e-12
2.3448e-12
2.38299e-12
2.41937e-12
2.45401e-12
2.83543e-12
3.25474e-12
3.71564e-12
4.22215e-12
4.77867e-12
5.38994e-12
6.06112e-12
6.79776e-12
7.60582e-12
8.49165e-12
9.46197e-12
1.05238e-11
1.16844e-11
1.29511e-11
1.43312e-11
1.58316e-11
1.74583e-11
1.92163e-11
2.11084e-11
2.31348e-11
2.52915e-11
2.75691e-11
2.99508e-11
3.24105e-11
3.491e-11
3.73963e-11
3.97991e-11
4.20276e-11
4.39696e-11
4.54912e-11
4.64395e-11
4.66491e-11
4.59527e-11
4.41968e-11
4.12593e-11
3.70694e-11
3.16234e-11
2.49954e-11
1.73405e-11
8.89714e-12
8.27573e-34
2.27321e-16
1.53695e-13
2.99885e-13
4.39111e-13
5.71703e-13
6.97976e-13
8.18232e-13
9.32755e-13
1.04182e-12
1.14568e-12
1.2446e-12
1.3388e-12
1.4285e-12
1.51393e-12
1.59529e-12
1.67277e-12
1.74655e-12
1.81681e-12
1.88373e-12
1.94745e-12
2.00814e-12
2.06593e-12
2.12097e-12
2.17339e-12
2.2233e-12
2.27084e-12
2.31611e-12
2.35922e-12
2.40028e-12
2.43938e-12
2.47662e-12
2.51208e-12
2.90251e-12
3.33174e-12
3.80352e-12
4.322e-12
4.89165e-12
5.51733e-12
6.20432e-12
6.9583e-12
7.78534e-12
8.69195e-12
9.68496e-12
1.07716e-11
1.19591e-11
1.32552e-11
1.4667e-11
1.62017e-11
1.78653e-11
1.96627e-11
2.15968e-11
2.36673e-11
2.587e-11
2.81949e-11
3.06244e-11
3.31312e-11
3.56756e-11
3.82028e-11
4.06399e-11
4.28936e-11
4.48486e-11
4.63678e-11
4.72955e-11
4.74645e-11
4.67069e-11
4.48704e-11
4.1837e-11
3.75415e-11
3.19871e-11
2.52546e-11
1.75041e-11
8.97529e-12
7.58709e-34
2.32575e-16
1.57247e-13
3.06815e-13
4.49258e-13
5.84914e-13
7.14105e-13
8.37139e-13
9.54308e-13
1.06589e-12
1.17216e-12
1.27336e-12
1.36973e-12
1.46151e-12
1.54891e-12
1.63215e-12
1.71141e-12
1.7869e-12
1.85879e-12
1.92725e-12
1.99245e-12
2.05454e-12
2.11366e-12
2.16997e-12
2.2236e-12
2.27467e-12
2.3233e-12
2.36962e-12
2.41372e-12
2.45573e-12
2.49573e-12
2.53383e-12
2.57011e-12
2.96956e-12
3.40869e-12
3.89136e-12
4.42179e-12
5.00456e-12
5.64465e-12
6.34745e-12
7.11874e-12
7.96476e-12
8.89211e-12
9.90781e-12
1.10192e-11
1.22337e-11
1.3559e-11
1.50026e-11
1.65715e-11
1.82719e-11
2.01087e-11
2.20846e-11
2.41992e-11
2.64477e-11
2.88197e-11
3.12967e-11
3.38503e-11
3.64392e-11
3.90068e-11
4.14777e-11
4.37558e-11
4.57229e-11
4.72387e-11
4.81449e-11
4.82721e-11
4.74524e-11
4.55349e-11
4.24053e-11
3.80044e-11
3.23425e-11
2.5507e-11
1.76628e-11
9.05092e-12
6.95344e-34
2.37756e-16
1.60749e-13
3.13649e-13
4.59265e-13
5.97943e-13
7.30012e-13
8.55786e-13
9.75565e-13
1.08963e-12
1.19827e-12
1.30172e-12
1.40024e-12
1.49406e-12
1.58341e-12
1.6685e-12
1.74953e-12
1.8267e-12
1.90019e-12
1.97018e-12
2.03682e-12
2.10029e-12
2.16074e-12
2.2183e-12
2.27312e-12
2.32533e-12
2.37504e-12
2.42239e-12
2.46748e-12
2.51042e-12
2.55131e-12
2.59026e-12
2.62734e-12
3.03568e-12
3.48458e-12
3.97799e-12
4.5202e-12
5.11592e-12
5.77022e-12
6.48859e-12
7.27697e-12
8.14169e-12
9.08951e-12
1.01276e-11
1.12633e-11
1.25044e-11
1.38586e-11
1.53334e-11
1.69361e-11
1.86728e-11
2.05484e-11
2.25654e-11
2.47233e-11
2.7017e-11
2.94352e-11
3.19589e-11
3.45584e-11
3.71909e-11
3.97978e-11
4.23015e-11
4.46031e-11
4.65813e-11
4.80929e-11
4.89769e-11
4.90621e-11
4.81802e-11
4.61821e-11
4.29574e-11
3.84529e-11
3.26857e-11
2.575e-11
1.78151e-11
9.12335e-12
6.37015e-34
2.42812e-16
1.64167e-13
3.20318e-13
4.69031e-13
6.10657e-13
7.45534e-13
8.73982e-13
9.96308e-13
1.1128e-12
1.22374e-12
1.3294e-12
1.43001e-12
1.52583e-12
1.61708e-12
1.70397e-12
1.78673e-12
1.86554e-12
1.94059e-12
2.01206e-12
2.08013e-12
2.14494e-12
2.20667e-12
2.26546e-12
2.32144e-12
2.37476e-12
2.42553e-12
2.47388e-12
2.51993e-12
2.56378e-12
2.60555e-12
2.64532e-12
2.68319e-12
3.10021e-12
3.55864e-12
4.06251e-12
4.61624e-12
5.22458e-12
5.89274e-12
6.62632e-12
7.43136e-12
8.31433e-12
9.28212e-12
1.0342e-11
1.15015e-11
1.27685e-11
1.41509e-11
1.56562e-11
1.72918e-11
1.90639e-11
2.09772e-11
2.30344e-11
2.52344e-11
2.7572e-11
3.00353e-11
3.26044e-11
3.52484e-11
3.79231e-11
4.0568e-11
4.31032e-11
4.54272e-11
4.74156e-11
4.89223e-11
4.97837e-11
4.9827e-11
4.88837e-11
4.68064e-11
4.34888e-11
3.88834e-11
3.30143e-11
2.59819e-11
1.79601e-11
9.19212e-12
5.83322e-34
2.47702e-16
1.67474e-13
3.2677e-13
4.78477e-13
6.22955e-13
7.60548e-13
8.91584e-13
1.01637e-12
1.13521e-12
1.24839e-12
1.35617e-12
1.45881e-12
1.55655e-12
1.64964e-12
1.73829e-12
1.82271e-12
1.9031e-12
1.97967e-12
2.05258e-12
2.12201e-12
2.18814e-12
2.25111e-12
2.31108e-12
2.36819e-12
2.42258e-12
2.47437e-12
2.5237e-12
2.57067e-12
2.61541e-12
2.65801e-12
2.69858e-12
2.73722e-12
3.16262e-12
3.63027e-12
4.14428e-12
4.70913e-12
5.32969e-12
6.01126e-12
6.75955e-12
7.5807e-12
8.48133e-12
9.46843e-12
1.05494e-11
1.1732e-11
1.3024e-11
1.44336e-11
1.59684e-11
1.76358e-11
1.9442e-11
2.13919e-11
2.34878e-11
2.57286e-11
2.81086e-11
3.06153e-11
3.32281e-11
3.59149e-11
3.86303e-11
4.13116e-11
4.38769e-11
4.62219e-11
4.82195e-11
4.97208e-11
5.05596e-11
5.05617e-11
4.95582e-11
4.74039e-11
4.39962e-11
3.92934e-11
3.33264e-11
2.62016e-11
1.80971e-11
9.25697e-12
5.33908e-34
2.52399e-16
1.70649e-13
3.32965e-13
4.87548e-13
6.34766e-13
7.74967e-13
9.08487e-13
1.03564e-12
1.15673e-12
1.27206e-12
1.38188e-12
1.48646e-12
1.58606e-12
1.68091e-12
1.77124e-12
1.85726e-12
1.93918e-12
2.01719e-12
2.09149e-12
2.16224e-12
2.22961e-12
2.29378e-12
2.35488e-12
2.41308e-12
2.46849e-12
2.52127e-12
2.57153e-12
2.6194e-12
2.66498e-12
2.70839e-12
2.74973e-12
2.7891e-12
3.22256e-12
3.69906e-12
4.2228e-12
4.79834e-12
5.43063e-12
6.12507e-12
6.88748e-12
7.72411e-12
8.64168e-12
9.64732e-12
1.07486e-11
1.19532e-11
1.32693e-11
1.4705e-11
1.62681e-11
1.7966e-11
1.98051e-11
2.179e-11
2.3923e-11
2.62029e-11
2.86235e-11
3.11719e-11
3.38264e-11
3.65543e-11
3.93083e-11
4.20244e-11
4.46181e-11
4.69829e-11
4.89888e-11
5.04842e-11
5.13006e-11
5.12624e-11
5.02006e-11
4.79719e-11
4.44776e-11
3.96815e-11
3.3621e-11
2.64085e-11
1.82258e-11
9.31779e-12
4.88454e-34
2.56881e-16
1.73679e-13
3.38877e-13
4.96206e-13
6.46037e-13
7.88728e-13
9.24618e-13
1.05403e-12
1.17727e-12
1.29464e-12
1.40641e-12
1.51286e-12
1.61422e-12
1.71076e-12
1.80269e-12
1.89024e-12
1.97361e-12
2.05301e-12
2.12862e-12
2.20063e-12
2.2692e-12
2.3345e-12
2.39669e-12
2.45592e-12
2.51232e-12
2.56603e-12
2.61718e-12
2.6659e-12
2.71229e-12
2.75647e-12
2.79854e-12
2.83861e-12
3.27976e-12
3.76472e-12
4.29774e-12
4.88347e-12
5.52696e-12
6.23369e-12
7.00957e-12
7.86097e-12
8.79472e-12
9.81805e-12
1.09386e-11
1.21643e-11
1.35034e-11
1.4964e-11
1.65541e-11
1.82812e-11
2.01515e-11
2.21698e-11
2.43382e-11
2.66554e-11
2.91146e-11
3.17026e-11
3.4397e-11
3.71638e-11
3.99546e-11
4.27034e-11
4.5324e-11
4.77072e-11
4.97206e-11
5.12098e-11
5.20043e-11
5.1927e-11
5.0809e-11
4.85089e-11
4.49318e-11
4.0047e-11
3.38979e-11
2.66024e-11
1.83462e-11
9.37458e-12
4.46666e-34
2.61136e-16
1.76556e-13
3.4449e-13
5.04424e-13
6.56738e-13
8.01792e-13
9.39933e-13
1.07149e-12
1.19677e-12
1.31608e-12
1.42971e-12
1.53791e-12
1.64096e-12
1.73909e-12
1.83254e-12
1.92154e-12
2.0063e-12
2.08701e-12
2.16387e-12
2.23707e-12
2.30678e-12
2.37316e-12
2.43638e-12
2.49659e-12
2.55392e-12
2.60852e-12
2.66052e-12
2.71004e-12
2.7572e-12
2.80211e-12
2.84488e-12
2.88562e-12
3.33407e-12
3.82704e-12
4.36888e-12
4.96429e-12
5.61841e-12
6.3368e-12
7.12547e-12
7.99089e-12
8.93999e-12
9.98012e-12
1.1119e-11
1.23648e-11
1.37256e-11
1.52099e-11
1.68256e-11
1.85803e-11
2.04802e-11
2.25302e-11
2.47323e-11
2.70847e-11
2.95806e-11
3.22061e-11
3.49382e-11
3.77418e-11
4.05673e-11
4.3347e-11
4.59928e-11
4.83932e-11
5.04131e-11
5.18961e-11
5.26692e-11
5.25542e-11
5.13825e-11
4.90142e-11
4.53585e-11
4.03896e-11
3.41568e-11
2.67834e-11
1.84583e-11
9.42739e-12
4.08272e-34
2.65157e-16
1.79274e-13
3.49794e-13
5.12191e-13
6.66849e-13
8.14137e-13
9.54405e-13
1.08799e-12
1.2152e-12
1.33635e-12
1.45172e-12
1.56159e-12
1.66622e-12
1.76587e-12
1.86076e-12
1.95112e-12
2.03718e-12
2.11914e-12
2.19718e-12
2.27151e-12
2.34229e-12
2.40969e-12
2.47389e-12
2.53502e-12
2.59324e-12
2.64868e-12
2.70148e-12
2.75176e-12
2.79964e-12
2.84525e-12
2.88867e-12
2.93003e-12
3.38538e-12
3.88594e-12
4.4361e-12
5.04066e-12
5.70482e-12
6.43423e-12
7.23499e-12
8.11366e-12
9.07726e-12
1.01333e-11
1.12895e-11
1.25541e-11
1.39356e-11
1.54422e-11
1.70821e-11
1.88628e-11
2.07909e-11
2.28708e-11
2.51045e-11
2.74902e-11
3.00207e-11
3.26817e-11
3.54492e-11
3.82875e-11
4.11456e-11
4.39544e-11
4.66237e-11
4.90399e-11
5.10658e-11
5.25423e-11
5.32947e-11
5.31437e-11
5.19208e-11
4.94879e-11
4.57577e-11
4.07096e-11
3.43982e-11
2.69518e-11
1.85624e-11
9.47636e-12
2.93263e-34
2.67231e-16
1.80677e-13
3.5253e-13
5.16197e-13
6.72065e-13
8.20505e-13
9.61869e-13
1.0965e-12
1.2247e-12
1.3468e-12
1.46307e-12
1.5738e-12
1.67925e-12
1.77968e-12
1.87531e-12
1.96638e-12
2.05311e-12
2.13571e-12
2.21437e-12
2.28927e-12
2.36061e-12
2.42854e-12
2.49323e-12
2.55484e-12
2.61352e-12
2.66939e-12
2.7226e-12
2.77328e-12
2.82154e-12
2.86749e-12
2.91126e-12
2.95294e-12
3.41185e-12
3.91632e-12
4.47078e-12
5.08006e-12
5.7494e-12
6.48449e-12
7.29149e-12
8.17699e-12
9.14807e-12
1.02122e-11
1.13774e-11
1.26518e-11
1.40439e-11
1.5562e-11
1.72144e-11
1.90086e-11
2.0951e-11
2.30464e-11
2.52965e-11
2.76994e-11
3.02477e-11
3.29268e-11
3.57126e-11
3.85687e-11
4.14436e-11
4.42673e-11
4.69486e-11
4.9373e-11
5.14017e-11
5.28748e-11
5.36164e-11
5.34466e-11
5.21971e-11
4.97308e-11
4.59622e-11
4.08733e-11
3.45215e-11
2.70377e-11
1.86154e-11
9.50127e-12
-6.29619e-35
2.68771e-16
1.81717e-13
3.54561e-13
5.19171e-13
6.75937e-13
8.25231e-13
9.6741e-13
1.10281e-12
1.23176e-12
1.35456e-12
1.4715e-12
1.58287e-12
1.68893e-12
1.78993e-12
1.88611e-12
1.97771e-12
2.06494e-12
2.14801e-12
2.22712e-12
2.30246e-12
2.3742e-12
2.44253e-12
2.50759e-12
2.56956e-12
2.62857e-12
2.68477e-12
2.73828e-12
2.78925e-12
2.83779e-12
2.88401e-12
2.92803e-12
2.96995e-12
3.4315e-12
3.93887e-12
4.49652e-12
5.1093e-12
5.78248e-12
6.5218e-12
7.33342e-12
8.22399e-12
9.20063e-12
1.02709e-11
1.14427e-11
1.27243e-11
1.41242e-11
1.56509e-11
1.73126e-11
1.91167e-11
2.10699e-11
2.31766e-11
2.54388e-11
2.78544e-11
3.0416e-11
3.31086e-11
3.59078e-11
3.87771e-11
4.16643e-11
4.44989e-11
4.71889e-11
4.9619e-11
5.16496e-11
5.31197e-11
5.38529e-11
5.36687e-11
5.23991e-11
4.99077e-11
4.61104e-11
4.09911e-11
3.46096e-11
2.70985e-11
1.86527e-11
9.51866e-12
-4.89158e-34
2.70915e-16
1.83167e-13
3.57389e-13
5.23311e-13
6.81328e-13
8.31813e-13
9.75126e-13
1.11161e-12
1.24158e-12
1.36536e-12
1.48324e-12
1.59549e-12
1.7024e-12
1.8042e-12
1.90115e-12
1.99348e-12
2.08141e-12
2.16514e-12
2.24488e-12
2.32082e-12
2.39313e-12
2.462e-12
2.52759e-12
2.59005e-12
2.64953e-12
2.70617e-12
2.76012e-12
2.81149e-12
2.86041e-12
2.907e-12
2.95138e-12
2.99363e-12
3.45885e-12
3.97027e-12
4.53235e-12
5.15001e-12
5.82855e-12
6.57373e-12
7.39179e-12
8.28942e-12
9.27378e-12
1.03525e-11
1.15335e-11
1.28252e-11
1.42361e-11
1.57746e-11
1.74491e-11
1.92671e-11
2.1235e-11
2.33576e-11
2.56365e-11
2.80695e-11
3.06491e-11
3.33601e-11
3.61777e-11
3.90646e-11
4.19681e-11
4.48168e-11
4.75178e-11
4.99543e-11
5.19856e-11
5.34494e-11
5.41685e-11
5.39619e-11
5.26618e-11
5.01334e-11
4.62948e-11
4.11333e-11
3.47118e-11
2.71657e-11
1.86917e-11
9.53598e-12
-6.26444e-34
2.71711e-16
1.83705e-13
3.5844e-13
5.24849e-13
6.8333e-13
8.34258e-13
9.77992e-13
1.11487e-12
1.24523e-12
1.36937e-12
1.4876e-12
1.60018e-12
1.7074e-12
1.8095e-12
1.90674e-12
1.99934e-12
2.08752e-12
2.1715e-12
2.25148e-12
2.32764e-12
2.40017e-12
2.46924e-12
2.53501e-12
2.59766e-12
2.65731e-12
2.71412e-12
2.76823e-12
2.81975e-12
2.86882e-12
2.91554e-12
2.96005e-12
3.00243e-12
3.46901e-12
3.98192e-12
4.54566e-12
5.16512e-12
5.84564e-12
6.593e-12
7.41345e-12
8.31369e-12
9.3009e-12
1.03827e-11
1.15671e-11
1.28625e-11
1.42774e-11
1.58203e-11
1.74994e-11
1.93225e-11
2.12958e-11
2.3424e-11
2.57088e-11
2.8148e-11
3.07338e-11
3.3451e-11
3.62746e-11
3.9167e-11
4.20752e-11
4.49275e-11
4.76303e-11
5.00666e-11
5.2095e-11
5.3553e-11
5.42627e-11
5.40436e-11
5.27281e-11
5.01826e-11
4.63266e-11
4.11491e-11
3.4715e-11
2.7161e-11
1.86843e-11
9.53081e-12
-5.69352e-34
2.71476e-16
1.83546e-13
3.58129e-13
5.24395e-13
6.82738e-13
8.33535e-13
9.77144e-13
1.11391e-12
1.24415e-12
1.36819e-12
1.48631e-12
1.59879e-12
1.70592e-12
1.80794e-12
1.90509e-12
1.99761e-12
2.08571e-12
2.16962e-12
2.24952e-12
2.32562e-12
2.39809e-12
2.4671e-12
2.53282e-12
2.5954e-12
2.65501e-12
2.71177e-12
2.76583e-12
2.8173e-12
2.86633e-12
2.91302e-12
2.95748e-12
2.99982e-12
3.466e-12
3.97847e-12
4.54171e-12
5.16064e-12
5.84056e-12
6.58727e-12
7.407e-12
8.30645e-12
9.29279e-12
1.03736e-11
1.1557e-11
1.28512e-11
1.42648e-11
1.58063e-11
1.74839e-11
1.93052e-11
2.12766e-11
2.34028e-11
2.56853e-11
2.81219e-11
3.07049e-11
3.3419e-11
3.62392e-11
3.91278e-11
4.20319e-11
4.48797e-11
4.75776e-11
5.00087e-11
5.20316e-11
5.3484e-11
5.41884e-11
5.39644e-11
5.26453e-11
5.00979e-11
4.62427e-11
4.10695e-11
3.46437e-11
2.71023e-11
1.86423e-11
9.50879e-12
-5.16551e-34
2.70468e-16
1.82864e-13
3.56799e-13
5.22447e-13
6.80203e-13
8.3044e-13
9.73516e-13
1.10977e-12
1.23953e-12
1.36311e-12
1.48079e-12
1.59286e-12
1.69958e-12
1.80122e-12
1.89801e-12
1.99019e-12
2.07797e-12
2.16156e-12
2.24117e-12
2.31698e-12
2.38918e-12
2.45793e-12
2.52341e-12
2.58577e-12
2.64515e-12
2.7017e-12
2.75555e-12
2.80684e-12
2.85568e-12
2.9022e-12
2.9465e-12
2.98868e-12
3.45313e-12
3.9637e-12
4.52485e-12
5.14147e-12
5.81888e-12
6.56281e-12
7.37949e-12
8.2756e-12
9.25828e-12
1.03351e-11
1.15141e-11
1.28035e-11
1.42119e-11
1.57476e-11
1.7419e-11
1.92335e-11
2.11977e-11
2.33159e-11
2.55899e-11
2.80176e-11
3.0591e-11
3.3295e-11
3.61047e-11
3.89827e-11
4.18761e-11
4.47134e-11
4.74014e-11
4.98236e-11
5.18392e-11
5.32863e-11
5.39883e-11
5.37654e-11
5.24515e-11
4.99139e-11
4.60733e-11
4.09194e-11
3.45175e-11
2.70039e-11
1.85748e-11
9.47446e-12
-4.68037e-34
2.68896e-16
1.81802e-13
3.54726e-13
5.19412e-13
6.76251e-13
8.25615e-13
9.6786e-13
1.10332e-12
1.23233e-12
1.35519e-12
1.47218e-12
1.5836e-12
1.68971e-12
1.79076e-12
1.88699e-12
1.97863e-12
2.0659e-12
2.14901e-12
2.22815e-12
2.30352e-12
2.3753e-12
2.44366e-12
2.50875e-12
2.57075e-12
2.62978e-12
2.68601e-12
2.73955e-12
2.79054e-12
2.8391e-12
2.88534e-12
2.92938e-12
2.97132e-12
3.43308e-12
3.94067e-12
4.49857e-12
5.11161e-12
5.78508e-12
6.5247e-12
7.33664e-12
8.22756e-12
9.20454e-12
1.02751e-11
1.14473e-11
1.27293e-11
1.41295e-11
1.56564e-11
1.73181e-11
1.91222e-11
2.10751e-11
2.31812e-11
2.54423e-11
2.78562e-11
3.04151e-11
3.31041e-11
3.58982e-11
3.87605e-11
4.16384e-11
4.44609e-11
4.71354e-11
4.9546e-11
5.1553e-11
5.29953e-11
5.36972e-11
5.34799e-11
5.21777e-11
4.96583e-11
4.58423e-11
4.07189e-11
3.43521e-11
2.68773e-11
1.84894e-11
9.43144e-12
-4.23683e-34
2.6693e-16
1.80472e-13
3.52132e-13
5.15613e-13
6.71305e-13
8.19577e-13
9.60781e-13
1.09525e-12
1.22332e-12
1.34527e-12
1.46142e-12
1.57202e-12
1.67735e-12
1.77766e-12
1.87319e-12
1.96416e-12
2.05079e-12
2.13329e-12
2.21186e-12
2.28668e-12
2.35793e-12
2.42578e-12
2.49041e-12
2.55194e-12
2.61055e-12
2.66636e-12
2.71951e-12
2.77013e-12
2.81833e-12
2.86424e-12
2.90796e-12
2.94959e-12
3.40797e-12
3.91186e-12
4.46567e-12
5.07424e-12
5.74279e-12
6.47701e-12
7.28302e-12
8.16743e-12
9.13729e-12
1.02001e-11
1.13637e-11
1.26364e-11
1.40264e-11
1.55422e-11
1.7192e-11
1.89831e-11
2.09219e-11
2.3013e-11
2.5258e-11
2.76548e-11
3.01958e-11
3.28661e-11
3.56412e-11
3.84843e-11
4.13434e-11
4.4148e-11
4.68066e-11
4.92039e-11
5.12014e-11
5.26392e-11
5.33428e-11
5.31341e-11
5.18484e-11
4.93533e-11
4.5569e-11
4.04838e-11
3.416e-11
2.67316e-11
1.83918e-11
9.3826e-12
-3.83283e-34
2.647e-16
1.78965e-13
3.49191e-13
5.11307e-13
6.65698e-13
8.12731e-13
9.52757e-13
1.08611e-12
1.2131e-12
1.33404e-12
1.44921e-12
1.55889e-12
1.66334e-12
1.76281e-12
1.85754e-12
1.94775e-12
2.03366e-12
2.11547e-12
2.19338e-12
2.26758e-12
2.33824e-12
2.40553e-12
2.46961e-12
2.53063e-12
2.58875e-12
2.64409e-12
2.6968e-12
2.74699e-12
2.7948e-12
2.84032e-12
2.88367e-12
2.92496e-12
3.37951e-12
3.87919e-12
4.42838e-12
5.03187e-12
5.69485e-12
6.42294e-12
7.22224e-12
8.09929e-12
9.06108e-12
1.0115e-11
1.1269e-11
1.25311e-11
1.39096e-11
1.54129e-11
1.70491e-11
1.88255e-11
2.07484e-11
2.28224e-11
2.50493e-11
2.74269e-11
2.99477e-11
3.2597e-11
3.53507e-11
3.81723e-11
4.10104e-11
4.37953e-11
4.64362e-11
4.88192e-11
5.08067e-11
5.22404e-11
5.29467e-11
5.2749e-11
5.14829e-11
4.90162e-11
4.52685e-11
4.02265e-11
3.39511e-11
2.65739e-11
1.82866e-11
9.33017e-12
-3.4659e-34
2.62312e-16
1.7735e-13
3.4604e-13
5.06693e-13
6.59691e-13
8.05398e-13
9.4416e-13
1.07631e-12
1.20215e-12
1.322e-12
1.43614e-12
1.54483e-12
1.64834e-12
1.74691e-12
1.84078e-12
1.93018e-12
2.01531e-12
2.09638e-12
2.17359e-12
2.24712e-12
2.31714e-12
2.38382e-12
2.44733e-12
2.5078e-12
2.56539e-12
2.62024e-12
2.67247e-12
2.72221e-12
2.76958e-12
2.81469e-12
2.85766e-12
2.89857e-12
3.34902e-12
3.8442e-12
4.38844e-12
4.98649e-12
5.64349e-12
6.36503e-12
7.15713e-12
8.02629e-12
8.97943e-12
1.00239e-11
1.11675e-11
1.24183e-11
1.37845e-11
1.52744e-11
1.6896e-11
1.86567e-11
2.05627e-11
2.26185e-11
2.48259e-11
2.71829e-11
2.96822e-11
3.23092e-11
3.504e-11
3.78388e-11
4.06546e-11
4.34186e-11
4.6041e-11
4.84089e-11
5.03864e-11
5.18161e-11
5.25261e-11
5.23408e-11
5.10964e-11
4.86607e-11
4.49525e-11
3.9957e-11
3.37329e-11
2.64098e-11
1.81776e-11
9.27588e-12
-3.13334e-34
2.59844e-16
1.75682e-13
3.42785e-13
5.01928e-13
6.53487e-13
7.97823e-13
9.3528e-13
1.06618e-12
1.19085e-12
1.30957e-12
1.42263e-12
1.5303e-12
1.63283e-12
1.73048e-12
1.82347e-12
1.91202e-12
1.99636e-12
2.07667e-12
2.15315e-12
2.22599e-12
2.29535e-12
2.3614e-12
2.42431e-12
2.48422e-12
2.54127e-12
2.5956e-12
2.64734e-12
2.69661e-12
2.74354e-12
2.78822e-12
2.83078e-12
2.87131e-12
3.31753e-12
3.80805e-12
4.34718e-12
4.93961e-12
5.59044e-12
6.30521e-12
7.08988e-12
7.95089e-12
8.8951e-12
9.92983e-12
1.10628e-11
1.23019e-11
1.36553e-11
1.51314e-11
1.6738e-11
1.84824e-11
2.03708e-11
2.24079e-11
2.45953e-11
2.69311e-11
2.94081e-11
3.20121e-11
3.47194e-11
3.74947e-11
4.02877e-11
4.30303e-11
4.56338e-11
4.79865e-11
4.99538e-11
5.13799e-11
5.20942e-11
5.19221e-11
5.07005e-11
4.82972e-11
4.46301e-11
3.96825e-11
3.35112e-11
2.62435e-11
1.80673e-11
9.22109e-12
-6.98118e-35
2.57252e-16
1.73929e-13
3.39365e-13
4.9692e-13
6.46967e-13
7.89864e-13
9.25949e-13
1.05555e-12
1.17897e-12
1.2965e-12
1.40844e-12
1.51503e-12
1.61654e-12
1.71322e-12
1.80528e-12
1.89295e-12
1.97644e-12
2.05595e-12
2.13167e-12
2.20378e-12
2.27245e-12
2.33785e-12
2.40013e-12
2.45944e-12
2.51592e-12
2.56971e-12
2.62093e-12
2.66971e-12
2.71617e-12
2.76041e-12
2.80255e-12
2.84267e-12
3.28444e-12
3.77007e-12
4.30383e-12
4.89035e-12
5.5347e-12
6.24235e-12
7.01922e-12
7.87166e-12
8.80649e-12
9.83095e-12
1.09526e-11
1.21795e-11
1.35196e-11
1.49811e-11
1.65719e-11
1.82992e-11
2.01693e-11
2.21866e-11
2.4353e-11
2.66665e-11
2.91202e-11
3.17e-11
3.43827e-11
3.71333e-11
3.99023e-11
4.26225e-11
4.52061e-11
4.75429e-11
4.94996e-11
5.09219e-11
5.16408e-11
5.14827e-11
5.02853e-11
4.79162e-11
4.42922e-11
3.93951e-11
3.32793e-11
2.60696e-11
1.7952e-11
9.16383e-12
1.64808e-34
2.54434e-16
1.72024e-13
3.35648e-13
4.91477e-13
6.3988e-13
7.81211e-13
9.15806e-13
1.04398e-12
1.16605e-12
1.2823e-12
1.39301e-12
1.49844e-12
1.59884e-12
1.69445e-12
1.7855e-12
1.87222e-12
1.95479e-12
2.03343e-12
2.10832e-12
2.17964e-12
2.24756e-12
2.31224e-12
2.37384e-12
2.4325e-12
2.48836e-12
2.54156e-12
2.59222e-12
2.64047e-12
2.68642e-12
2.73018e-12
2.77185e-12
2.81154e-12
3.24847e-12
3.72878e-12
4.2567e-12
4.83681e-12
5.47411e-12
6.17402e-12
6.9424e-12
7.78553e-12
8.71017e-12
9.72346e-12
1.08329e-11
1.20465e-11
1.3372e-11
1.48177e-11
1.63913e-11
1.81001e-11
1.99502e-11
2.1946e-11
2.40895e-11
2.63788e-11
2.88071e-11
3.13606e-11
3.40164e-11
3.67402e-11
3.94831e-11
4.21788e-11
4.47408e-11
4.70602e-11
4.90052e-11
5.04233e-11
5.1147e-11
5.10039e-11
4.98326e-11
4.75004e-11
4.39233e-11
3.90811e-11
3.30257e-11
2.58794e-11
1.78258e-11
9.10115e-12
1.80058e-34
2.51374e-16
1.69955e-13
3.31611e-13
4.85566e-13
6.32185e-13
7.71816e-13
9.04793e-13
1.03143e-12
1.15203e-12
1.26688e-12
1.37626e-12
1.48042e-12
1.57961e-12
1.67407e-12
1.76403e-12
1.8497e-12
1.93129e-12
2.00898e-12
2.08297e-12
2.15343e-12
2.22053e-12
2.28444e-12
2.34529e-12
2.40325e-12
2.45844e-12
2.511e-12
2.56105e-12
2.60872e-12
2.65412e-12
2.69735e-12
2.73852e-12
2.77773e-12
3.20941e-12
3.68395e-12
4.20552e-12
4.77866e-12
5.40831e-12
6.09983e-12
6.85899e-12
7.69201e-12
8.60557e-12
9.60674e-12
1.0703e-11
1.1902e-11
1.32118e-11
1.46403e-11
1.61953e-11
1.78839e-11
1.97122e-11
2.16847e-11
2.38034e-11
2.60664e-11
2.84671e-11
3.0992e-11
3.36186e-11
3.63132e-11
3.90276e-11
4.16967e-11
4.42351e-11
4.65354e-11
4.84676e-11
4.98809e-11
5.06095e-11
5.04826e-11
4.93394e-11
4.70472e-11
4.35209e-11
3.87383e-11
3.27487e-11
2.56714e-11
1.76879e-11
9.03256e-12
1.96582e-34
2.48055e-16
1.67712e-13
3.27234e-13
4.79156e-13
6.2384e-13
7.61628e-13
8.92849e-13
1.01782e-12
1.13682e-12
1.25016e-12
1.35809e-12
1.46087e-12
1.55876e-12
1.65198e-12
1.74075e-12
1.82529e-12
1.90579e-12
1.98246e-12
2.05548e-12
2.12501e-12
2.19122e-12
2.25428e-12
2.31434e-12
2.37153e-12
2.42599e-12
2.47786e-12
2.52725e-12
2.57429e-12
2.61909e-12
2.66175e-12
2.70238e-12
2.74107e-12
3.16705e-12
3.63533e-12
4.15003e-12
4.71561e-12
5.33696e-12
6.01937e-12
6.76853e-12
7.5906e-12
8.49215e-12
9.48016e-12
1.0562e-11
1.17453e-11
1.3038e-11
1.44479e-11
1.59827e-11
1.76494e-11
1.94541e-11
2.14014e-11
2.3493e-11
2.57275e-11
2.80982e-11
3.0592e-11
3.3187e-11
3.58498e-11
3.85333e-11
4.11734e-11
4.3686e-11
4.59655e-11
4.78836e-11
4.92915e-11
5.00252e-11
4.99156e-11
4.88026e-11
4.65536e-11
4.30823e-11
3.83644e-11
3.24462e-11
2.54442e-11
1.7537e-11
8.95755e-12
1.20652e-34
2.47468e-16
1.67315e-13
3.2646e-13
4.78023e-13
6.22364e-13
7.59826e-13
8.90737e-13
1.01541e-12
1.13413e-12
1.2472e-12
1.35488e-12
1.45742e-12
1.55507e-12
1.64807e-12
1.73663e-12
1.82097e-12
1.90129e-12
1.97777e-12
2.05061e-12
2.11998e-12
2.18604e-12
2.24895e-12
2.30886e-12
2.36592e-12
2.42025e-12
2.47199e-12
2.52127e-12
2.5682e-12
2.61289e-12
2.65545e-12
2.69598e-12
2.73458e-12
3.15956e-12
3.62674e-12
4.14021e-12
4.70446e-12
5.32434e-12
6.00513e-12
6.75253e-12
7.57266e-12
8.47208e-12
9.45777e-12
1.05371e-11
1.17176e-11
1.30073e-11
1.44139e-11
1.5945e-11
1.76079e-11
1.94085e-11
2.13512e-11
2.34381e-11
2.56675e-11
2.8033e-11
3.05213e-11
3.31106e-11
3.57678e-11
3.84459e-11
4.10808e-11
4.35888e-11
4.58646e-11
4.77801e-11
4.91871e-11
4.99217e-11
4.98151e-11
4.87074e-11
4.64661e-11
4.30045e-11
3.8298e-11
3.23925e-11
2.54038e-11
1.75102e-11
8.94421e-12
1.1197e-34
2.44462e-16
1.65282e-13
3.22494e-13
4.72215e-13
6.14803e-13
7.50595e-13
8.79916e-13
1.00307e-12
1.12036e-12
1.23205e-12
1.33842e-12
1.43971e-12
1.53618e-12
1.62805e-12
1.71553e-12
1.79885e-12
1.87819e-12
1.95375e-12
2.0257e-12
2.09423e-12
2.15949e-12
2.22163e-12
2.28082e-12
2.33718e-12
2.39085e-12
2.44197e-12
2.49065e-12
2.537e-12
2.58115e-12
2.6232e-12
2.66324e-12
2.70137e-12
3.12118e-12
3.58269e-12
4.08993e-12
4.64733e-12
5.2597e-12
5.93223e-12
6.67057e-12
7.48077e-12
8.36931e-12
9.34309e-12
1.04094e-11
1.15757e-11
1.28498e-11
1.42395e-11
1.57524e-11
1.73954e-11
1.91746e-11
2.10944e-11
2.31569e-11
2.53604e-11
2.76986e-11
3.01588e-11
3.27193e-11
3.53477e-11
3.79976e-11
4.06061e-11
4.30907e-11
4.53474e-11
4.725e-11
4.86517e-11
4.93908e-11
4.92995e-11
4.8219e-11
4.60165e-11
4.26047e-11
3.79569e-11
3.21163e-11
2.51962e-11
1.73722e-11
8.87556e-12
2.15595e-34
2.40576e-16
1.62655e-13
3.17368e-13
4.6471e-13
6.05032e-13
7.38666e-13
8.65931e-13
9.8713e-13
1.10255e-12
1.21247e-12
1.31715e-12
1.41683e-12
1.51177e-12
1.60217e-12
1.68827e-12
1.77026e-12
1.84834e-12
1.9227e-12
1.99351e-12
2.06095e-12
2.12517e-12
2.18633e-12
2.24457e-12
2.30004e-12
2.35286e-12
2.40316e-12
2.45107e-12
2.49669e-12
2.54013e-12
2.58151e-12
2.62091e-12
2.65844e-12
3.07159e-12
3.52576e-12
4.02495e-12
4.57351e-12
5.17615e-12
5.83802e-12
6.56465e-12
7.36202e-12
8.23649e-12
9.19487e-12
1.02443e-11
1.13922e-11
1.26463e-11
1.40142e-11
1.55034e-11
1.71208e-11
1.88723e-11
2.07625e-11
2.27933e-11
2.49633e-11
2.72664e-11
2.96901e-11
3.22133e-11
3.48044e-11
3.74179e-11
3.99921e-11
4.24462e-11
4.4678e-11
4.65635e-11
4.79583e-11
4.87027e-11
4.8631e-11
4.75852e-11
4.54328e-11
4.20852e-11
3.75132e-11
3.17568e-11
2.49256e-11
1.71923e-11
8.78602e-12
2.5456e-34
2.36382e-16
1.5982e-13
3.11835e-13
4.56609e-13
5.94484e-13
7.25789e-13
8.50835e-13
9.69921e-13
1.08333e-12
1.19133e-12
1.29418e-12
1.39213e-12
1.48541e-12
1.57424e-12
1.65884e-12
1.7394e-12
1.81612e-12
1.88918e-12
1.95876e-12
2.02502e-12
2.08812e-12
2.14822e-12
2.20544e-12
2.25994e-12
2.31184e-12
2.36127e-12
2.40834e-12
2.45317e-12
2.49586e-12
2.53651e-12
2.57523e-12
2.6121e-12
3.01805e-12
3.46431e-12
3.95481e-12
4.49381e-12
5.08597e-12
5.73632e-12
6.45032e-12
7.23382e-12
8.09311e-12
9.03486e-12
1.00661e-11
1.11942e-11
1.24266e-11
1.37709e-11
1.52345e-11
1.68242e-11
1.8546e-11
2.04041e-11
2.24007e-11
2.45345e-11
2.67996e-11
2.91838e-11
3.16668e-11
3.42174e-11
3.67915e-11
3.93285e-11
4.17494e-11
4.39542e-11
4.58209e-11
4.72078e-11
4.79576e-11
4.79064e-11
4.68978e-11
4.47992e-11
4.15206e-11
3.70305e-11
3.13654e-11
2.46308e-11
1.69961e-11
8.6883e-12
2.76923e-34
2.31863e-16
1.56764e-13
3.05874e-13
4.4788e-13
5.83119e-13
7.11914e-13
8.3457e-13
9.51379e-13
1.06262e-12
1.16856e-12
1.26944e-12
1.36552e-12
1.45702e-12
1.54415e-12
1.62713e-12
1.70615e-12
1.7814e-12
1.85307e-12
1.92132e-12
1.98631e-12
2.04821e-12
2.10715e-12
2.16329e-12
2.21674e-12
2.26765e-12
2.31613e-12
2.36231e-12
2.40628e-12
2.44815e-12
2.48803e-12
2.526e-12
2.56217e-12
2.96037e-12
3.3981e-12
3.87923e-12
4.40794e-12
4.98879e-12
5.62674e-12
6.32712e-12
7.09569e-12
7.93862e-12
8.86245e-12
9.87411e-12
1.09808e-11
1.21899e-11
1.35088e-11
1.49448e-11
1.65047e-11
1.81942e-11
2.00179e-11
2.19776e-11
2.40724e-11
2.62965e-11
2.86381e-11
3.10775e-11
3.35845e-11
3.61158e-11
3.86126e-11
4.09975e-11
4.31727e-11
4.50189e-11
4.63968e-11
4.71519e-11
4.71224e-11
4.61533e-11
4.41122e-11
4.0908e-11
3.65062e-11
3.09396e-11
2.43097e-11
1.67823e-11
8.58174e-12
3.00906e-34
2.27003e-16
1.53479e-13
2.99463e-13
4.38493e-13
5.70898e-13
6.96994e-13
8.17079e-13
9.31441e-13
1.04035e-12
1.14407e-12
1.24284e-12
1.3369e-12
1.42648e-12
1.51179e-12
1.59303e-12
1.67039e-12
1.74407e-12
1.81424e-12
1.88105e-12
1.94469e-12
2.00528e-12
2.06299e-12
2.11795e-12
2.17029e-12
2.22013e-12
2.2676e-12
2.3128e-12
2.35585e-12
2.39685e-12
2.43589e-12
2.47307e-12
2.50848e-12
2.89833e-12
3.3269e-12
3.79795e-12
4.3156e-12
4.8843e-12
5.50889e-12
6.19463e-12
6.94715e-12
7.77248e-12
8.67705e-12
9.66763e-12
1.07513e-11
1.19353e-11
1.32269e-11
1.46332e-11
1.6161e-11
1.78159e-11
1.96024e-11
2.15225e-11
2.35752e-11
2.57551e-11
2.80509e-11
3.04433e-11
3.29032e-11
3.53884e-11
3.78416e-11
4.01875e-11
4.23306e-11
4.41542e-11
4.5522e-11
4.62821e-11
4.62754e-11
4.53483e-11
4.33686e-11
4.0244e-11
3.59372e-11
3.04771e-11
2.39606e-11
1.65495e-11
8.46567e-12
3.2655e-34
2.21789e-16
1.49954e-13
2.92585e-13
4.28422e-13
5.57786e-13
6.80985e-13
7.98312e-13
9.10047e-13
1.01646e-12
1.11779e-12
1.21429e-12
1.3062e-12
1.39372e-12
1.47707e-12
1.55644e-12
1.63203e-12
1.70402e-12
1.77257e-12
1.83785e-12
1.90002e-12
1.95923e-12
2.01561e-12
2.06931e-12
2.12045e-12
2.16914e-12
2.21552e-12
2.25969e-12
2.30175e-12
2.3418e-12
2.37995e-12
2.41628e-12
2.45087e-12
2.83178e-12
3.25051e-12
3.71075e-12
4.21652e-12
4.77217e-12
5.38245e-12
6.05248e-12
6.78776e-12
7.59421e-12
8.4781e-12
9.44607e-12
1.0505e-11
1.16621e-11
1.29243e-11
1.42989e-11
1.57922e-11
1.74099e-11
1.91565e-11
2.10339e-11
2.30415e-11
2.51739e-11
2.74204e-11
2.97623e-11
3.21714e-11
3.46069e-11
3.70131e-11
3.93168e-11
4.14249e-11
4.32238e-11
4.45801e-11
4.5345e-11
4.5362e-11
4.44792e-11
4.2565e-11
3.95255e-11
3.53208e-11
2.99752e-11
2.35813e-11
1.62964e-11
8.33936e-12
3.53881e-34
2.16208e-16
1.4618e-13
2.85223e-13
4.17641e-13
5.4375e-13
6.63849e-13
7.78224e-13
8.87147e-13
9.90878e-13
1.08966e-12
1.18374e-12
1.27333e-12
1.35865e-12
1.4399e-12
1.51728e-12
1.59096e-12
1.66114e-12
1.72797e-12
1.79161e-12
1.85222e-12
1.90993e-12
1.9649e-12
2.01724e-12
2.06709e-12
2.11457e-12
2.15978e-12
2.20283e-12
2.24383e-12
2.28288e-12
2.32007e-12
2.35548e-12
2.38921e-12
2.76053e-12
3.16873e-12
3.6174e-12
4.11046e-12
4.65215e-12
5.2471e-12
5.90031e-12
6.61714e-12
7.40337e-12
8.26513e-12
9.20888e-12
1.02414e-11
1.13696e-11
1.26005e-11
1.39409e-11
1.53973e-11
1.69752e-11
1.8679e-11
2.05108e-11
2.24699e-11
2.45514e-11
2.6745e-11
2.90327e-11
3.13872e-11
3.37693e-11
3.61248e-11
3.83829e-11
4.0453e-11
4.22247e-11
4.3568e-11
4.43372e-11
4.43788e-11
4.35428e-11
4.1698e-11
3.87493e-11
3.46539e-11
2.94316e-11
2.31699e-11
1.60215e-11
8.20207e-12
3.82903e-34
2.10249e-16
1.42152e-13
2.77362e-13
4.06131e-13
5.28764e-13
6.45554e-13
7.56777e-13
8.62698e-13
9.63571e-13
1.05963e-12
1.15112e-12
1.23824e-12
1.32121e-12
1.40022e-12
1.47546e-12
1.54712e-12
1.61536e-12
1.68035e-12
1.74224e-12
1.80117e-12
1.8573e-12
1.91075e-12
1.96166e-12
2.01013e-12
2.0563e-12
2.10026e-12
2.14213e-12
2.182e-12
2.21998e-12
2.25614e-12
2.29058e-12
2.32337e-12
2.68447e-12
3.08143e-12
3.51774e-12
3.99722e-12
4.52401e-12
5.1026e-12
5.73784e-12
6.43498e-12
7.19963e-12
8.03775e-12
8.95564e-12
9.9599e-12
1.10573e-11
1.22546e-11
1.35586e-11
1.49756e-11
1.6511e-11
1.8169e-11
1.9952e-11
2.18593e-11
2.38864e-11
2.60233e-11
2.8253e-11
3.0549e-11
3.28736e-11
3.51747e-11
3.73835e-11
3.94126e-11
4.11546e-11
4.24831e-11
4.3256e-11
4.33229e-11
4.25359e-11
4.07644e-11
3.79124e-11
3.39337e-11
2.88436e-11
2.27243e-11
1.57235e-11
8.05306e-12
4.13591e-34
2.03905e-16
1.37863e-13
2.68994e-13
3.93878e-13
5.12812e-13
6.26077e-13
7.33945e-13
8.36671e-13
9.345e-13
1.02767e-12
1.11639e-12
1.20088e-12
1.28135e-12
1.35798e-12
1.43095e-12
1.50045e-12
1.56663e-12
1.62966e-12
1.68968e-12
1.74684e-12
1.80127e-12
1.85311e-12
1.90248e-12
1.94949e-12
1.99426e-12
2.0369e-12
2.07751e-12
2.11618e-12
2.15301e-12
2.18808e-12
2.22148e-12
2.25329e-12
2.60349e-12
2.98848e-12
3.41165e-12
3.87668e-12
4.38759e-12
4.94876e-12
5.56488e-12
6.24105e-12
6.98271e-12
7.79566e-12
8.68602e-12
9.6602e-12
1.07248e-11
1.18864e-11
1.31516e-11
1.45265e-11
1.60166e-11
1.76259e-11
1.93569e-11
2.12089e-11
2.31779e-11
2.52544e-11
2.7422e-11
2.96555e-11
3.19186e-11
3.41612e-11
3.6317e-11
3.83016e-11
4.00112e-11
4.1323e-11
4.20988e-11
4.21915e-11
4.14556e-11
3.97614e-11
3.70118e-11
3.31574e-11
2.82088e-11
2.22424e-11
1.54007e-11
7.89158e-12
4.45885e-34
1.97173e-16
1.33311e-13
2.60113e-13
3.80874e-13
4.95881e-13
6.05407e-13
7.09714e-13
8.09048e-13
9.03648e-13
9.93737e-13
1.07953e-12
1.16124e-12
1.23905e-12
1.31314e-12
1.38371e-12
1.45091e-12
1.51491e-12
1.57586e-12
1.6339e-12
1.68917e-12
1.74181e-12
1.79193e-12
1.83967e-12
1.88514e-12
1.92843e-12
1.96966e-12
2.00893e-12
2.04632e-12
2.08193e-12
2.11585e-12
2.14814e-12
2.1789e-12
2.51755e-12
2.88984e-12
3.29905e-12
3.74874e-12
4.24281e-12
4.78548e-12
5.38131e-12
6.03522e-12
6.75248e-12
7.53872e-12
8.39985e-12
9.3421e-12
1.03718e-11
1.14955e-11
1.27195e-11
1.40498e-11
1.54917e-11
1.70493e-11
1.87249e-11
2.05183e-11
2.24254e-11
2.44375e-11
2.6539e-11
2.87058e-11
3.09033e-11
3.30832e-11
3.51822e-11
3.71188e-11
3.87929e-11
4.00859e-11
4.08635e-11
4.09823e-11
4.02994e-11
3.86864e-11
3.60448e-11
3.23224e-11
2.75248e-11
2.17224e-11
1.50518e-11
7.71686e-12
4.79681e-34
1.90052e-16
1.28497e-13
2.5072e-13
3.6712e-13
4.77974e-13
5.83545e-13
6.84084e-13
7.79832e-13
8.71015e-13
9.57852e-13
1.04055e-12
1.1193e-12
1.1943e-12
1.26573e-12
1.33374e-12
1.39852e-12
1.46021e-12
1.51895e-12
1.5749e-12
1.62817e-12
1.67891e-12
1.72723e-12
1.77324e-12
1.81706e-12
1.8588e-12
1.89854e-12
1.93639e-12
1.97243e-12
2.00676e-12
2.03945e-12
2.07058e-12
2.10023e-12
2.42665e-12
2.78551e-12
3.17995e-12
3.61342e-12
4.08967e-12
4.61278e-12
5.18714e-12
5.8175e-12
6.50896e-12
7.26693e-12
8.09714e-12
9.0056e-12
9.99848e-12
1.1082e-11
1.22624e-11
1.35455e-11
1.49364e-11
1.64391e-11
1.80561e-11
1.97872e-11
2.16288e-11
2.35726e-11
2.56039e-11
2.76998e-11
2.98273e-11
3.19404e-11
3.39784e-11
3.58633e-11
3.74989e-11
3.87706e-11
3.95488e-11
3.96937e-11
3.90655e-11
3.75371e-11
3.50092e-11
3.14265e-11
2.67894e-11
2.11622e-11
1.46755e-11
7.52818e-12
5.14826e-34
1.82549e-16
1.23424e-13
2.40821e-13
3.52625e-13
4.59103e-13
5.60506e-13
6.57076e-13
7.49044e-13
8.36627e-13
9.20036e-13
9.99468e-13
1.07511e-12
1.14715e-12
1.21576e-12
1.28109e-12
1.34331e-12
1.40256e-12
1.45899e-12
1.51272e-12
1.5639e-12
1.61263e-12
1.65904e-12
1.70324e-12
1.74533e-12
1.78542e-12
1.82359e-12
1.85995e-12
1.89457e-12
1.92754e-12
1.95894e-12
1.98884e-12
2.01732e-12
2.33086e-12
2.67556e-12
3.05444e-12
3.47081e-12
3.92829e-12
4.43078e-12
4.98251e-12
5.58806e-12
6.25231e-12
6.98048e-12
7.7781e-12
8.65094e-12
9.60495e-12
1.06462e-11
1.17806e-11
1.30138e-11
1.43509e-11
1.57958e-11
1.73509e-11
1.90163e-11
2.07886e-11
2.26601e-11
2.46171e-11
2.66378e-11
2.8691e-11
3.0733e-11
3.27059e-11
3.45353e-11
3.61289e-11
3.73768e-11
3.81539e-11
3.83246e-11
3.77525e-11
3.63119e-11
3.39031e-11
3.04676e-11
2.60007e-11
2.05603e-11
1.42705e-11
7.32487e-12
5.51105e-34
1.74673e-16
1.18099e-13
2.30431e-13
3.37412e-13
4.39296e-13
5.36324e-13
6.28729e-13
7.16728e-13
8.00534e-13
8.80344e-13
9.56349e-13
1.02873e-12
1.09766e-12
1.16331e-12
1.22582e-12
1.28536e-12
1.34205e-12
1.39604e-12
1.44746e-12
1.49643e-12
1.54306e-12
1.58747e-12
1.62976e-12
1.67004e-12
1.7084e-12
1.74492e-12
1.77971e-12
1.81284e-12
1.84439e-12
1.87443e-12
1.90305e-12
1.9303e-12
2.23032e-12
2.56015e-12
2.9227e-12
3.32113e-12
3.7589e-12
4.23974e-12
4.76773e-12
5.34722e-12
5.98291e-12
6.67981e-12
7.4432e-12
8.27863e-12
9.19183e-12
1.01886e-11
1.12747e-11
1.24556e-11
1.37361e-11
1.51202e-11
1.66102e-11
1.82064e-11
1.99058e-11
2.17012e-11
2.35797e-11
2.55211e-11
2.74957e-11
2.94623e-11
3.13658e-11
3.31357e-11
3.46838e-11
3.5905e-11
3.66791e-11
3.68751e-11
3.636e-11
3.50101e-11
3.27253e-11
2.94443e-11
2.51572e-11
1.99153e-11
1.38357e-11
7.10632e-12
5.8823e-34
1.66442e-16
1.12534e-13
2.19574e-13
3.21514e-13
4.18597e-13
5.11054e-13
5.99104e-13
6.82958e-13
7.62814e-13
8.38864e-13
9.11289e-13
9.80261e-13
1.04594e-12
1.1085e-12
1.16807e-12
1.2248e-12
1.27882e-12
1.33027e-12
1.37927e-12
1.42593e-12
1.47036e-12
1.51268e-12
1.55298e-12
1.59136e-12
1.62791e-12
1.66271e-12
1.69586e-12
1.72743e-12
1.75749e-12
1.78612e-12
1.81339e-12
1.83936e-12
2.12525e-12
2.43955e-12
2.78503e-12
3.1647e-12
3.58187e-12
4.0401e-12
4.54326e-12
5.09552e-12
5.70136e-12
6.36555e-12
7.09317e-12
7.88949e-12
8.76002e-12
9.7103e-12
1.07459e-11
1.18719e-11
1.30933e-11
1.44137e-11
1.58356e-11
1.73593e-11
1.89822e-11
2.06978e-11
2.24939e-11
2.43518e-11
2.62435e-11
2.81303e-11
2.99603e-11
3.16666e-11
3.31655e-11
3.4357e-11
3.51258e-11
3.5346e-11
3.48883e-11
3.36315e-11
3.14754e-11
2.83558e-11
2.42579e-11
1.9226e-11
1.33701e-11
6.87201e-12
6.25836e-34
1.57881e-16
1.06746e-13
2.08281e-13
3.04978e-13
3.97068e-13
4.84769e-13
5.68291e-13
6.47832e-13
7.23582e-13
7.95721e-13
8.64421e-13
9.29846e-13
9.92151e-13
1.05149e-12
1.10799e-12
1.1618e-12
1.21305e-12
1.26186e-12
1.30833e-12
1.35259e-12
1.39474e-12
1.43489e-12
1.47311e-12
1.50952e-12
1.54419e-12
1.57721e-12
1.60865e-12
1.6386e-12
1.66711e-12
1.69427e-12
1.72013e-12
1.74477e-12
2.01596e-12
2.3141e-12
2.64183e-12
3.002e-12
3.39773e-12
3.83243e-12
4.30977e-12
4.8337e-12
5.40848e-12
6.03866e-12
6.72904e-12
7.48467e-12
8.31078e-12
9.21267e-12
1.01956e-11
1.12647e-11
1.24244e-11
1.36784e-11
1.50293e-11
1.64774e-11
1.80205e-11
1.96526e-11
2.13626e-11
2.31329e-11
2.49377e-11
2.67405e-11
2.84928e-11
3.01313e-11
3.15773e-11
3.27357e-11
3.34966e-11
3.37395e-11
3.33393e-11
3.21773e-11
3.01537e-11
2.7202e-11
2.33022e-11
1.84917e-11
1.28732e-11
6.62156e-12
6.63465e-34
1.49022e-16
1.00757e-13
1.96594e-13
2.87866e-13
3.74789e-13
4.5757e-13
5.36406e-13
6.11485e-13
6.82984e-13
7.51076e-13
8.15921e-13
8.77676e-13
9.36486e-13
9.92492e-13
1.04583e-12
1.09662e-12
1.14499e-12
1.19106e-12
1.23493e-12
1.27671e-12
1.31649e-12
1.35438e-12
1.39047e-12
1.42483e-12
1.45756e-12
1.48872e-12
1.5184e-12
1.54667e-12
1.57358e-12
1.59922e-12
1.62363e-12
1.64688e-12
1.90287e-12
2.18429e-12
2.49364e-12
2.83362e-12
3.20718e-12
3.61753e-12
4.06813e-12
4.56274e-12
5.10538e-12
5.70034e-12
6.35218e-12
7.06568e-12
7.84579e-12
8.69756e-12
9.62601e-12
1.0636e-11
1.17318e-11
1.29171e-11
1.41942e-11
1.55638e-11
1.7024e-11
1.85693e-11
2.01896e-11
2.18687e-11
2.35826e-11
2.52974e-11
2.69678e-11
2.85346e-11
2.99237e-11
3.10454e-11
3.17957e-11
3.20593e-11
3.17159e-11
3.06498e-11
2.8762e-11
2.59838e-11
2.22904e-11
1.77125e-11
1.23447e-11
6.35478e-12
7.0056e-34
1.39906e-16
9.45936e-14
1.84568e-13
2.70257e-13
3.51863e-13
4.2958e-13
5.03593e-13
5.74079e-13
6.41206e-13
7.05132e-13
7.66011e-13
8.23988e-13
8.79201e-13
9.31782e-13
9.81856e-13
1.02954e-12
1.07496e-12
1.1182e-12
1.15939e-12
1.19861e-12
1.23597e-12
1.27154e-12
1.30542e-12
1.33768e-12
1.3684e-12
1.39766e-12
1.42553e-12
1.45206e-12
1.47734e-12
1.5014e-12
1.52432e-12
1.54615e-12
1.78648e-12
2.0507e-12
2.34114e-12
2.66034e-12
3.01108e-12
3.39636e-12
3.81946e-12
4.28388e-12
4.79343e-12
5.35213e-12
5.96429e-12
6.63441e-12
7.36715e-12
8.1673e-12
9.03961e-12
9.98865e-12
1.10186e-11
1.21329e-11
1.3334e-11
1.46227e-11
1.59972e-11
1.74527e-11
1.89801e-11
2.05646e-11
2.21839e-11
2.38069e-11
2.53915e-11
2.68825e-11
2.82108e-11
2.92923e-11
3.00287e-11
3.03105e-11
3.00225e-11
2.90527e-11
2.7303e-11
2.47032e-11
2.12238e-11
1.68888e-11
1.17848e-11
6.07169e-12
7.36458e-34
1.30581e-16
8.82888e-14
1.72266e-13
2.52244e-13
3.2841e-13
4.00948e-13
4.70028e-13
5.35816e-13
5.98469e-13
6.58135e-13
7.14956e-13
7.69069e-13
8.20603e-13
8.69679e-13
9.16416e-13
9.60925e-13
1.00331e-12
1.04368e-12
1.08212e-12
1.11873e-12
1.15359e-12
1.1868e-12
1.21841e-12
1.24853e-12
1.2772e-12
1.30451e-12
1.33052e-12
1.35529e-12
1.37888e-12
1.40134e-12
1.42273e-12
1.44311e-12
1.66743e-12
1.91405e-12
2.18514e-12
2.48308e-12
2.81047e-12
3.17011e-12
3.56506e-12
3.9986e-12
4.47429e-12
4.99589e-12
5.56743e-12
6.19314e-12
6.8774e-12
7.62469e-12
8.4395e-12
9.32614e-12
1.02886e-11
1.13302e-11
1.24533e-11
1.36588e-11
1.49452e-11
1.63085e-11
1.77402e-11
1.9227e-11
2.07486e-11
2.22763e-11
2.37714e-11
2.51829e-11
2.64465e-11
2.74839e-11
2.82028e-11
2.84999e-11
2.82655e-11
2.73913e-11
2.57811e-11
2.33634e-11
2.01047e-11
1.60221e-11
1.11942e-11
5.77258e-12
7.70388e-34
1.21103e-16
8.18809e-14
1.59764e-13
2.33936e-13
3.04575e-13
3.71848e-13
4.35914e-13
4.96928e-13
5.55033e-13
6.10369e-13
6.63067e-13
7.13253e-13
7.61046e-13
8.06561e-13
8.49907e-13
8.91186e-13
9.30497e-13
9.67934e-13
1.00359e-12
1.03754e-12
1.06987e-12
1.10067e-12
1.12999e-12
1.15792e-12
1.18451e-12
1.20984e-12
1.23396e-12
1.25693e-12
1.27881e-12
1.29964e-12
1.31949e-12
1.33838e-12
1.54643e-12
1.77515e-12
2.02658e-12
2.30292e-12
2.60657e-12
2.94015e-12
3.30648e-12
3.70863e-12
4.14989e-12
4.63377e-12
5.16402e-12
5.74456e-12
6.3795e-12
7.07302e-12
7.82931e-12
8.65244e-12
9.54617e-12
1.05137e-11
1.15573e-11
1.26779e-11
1.38745e-11
1.51433e-11
1.64772e-11
1.78638e-11
1.92848e-11
2.07142e-11
2.21165e-11
2.34449e-11
2.46402e-11
2.56297e-11
2.63274e-11
2.66365e-11
2.64528e-11
2.56727e-11
2.42022e-11
2.19692e-11
1.89365e-11
1.51148e-11
1.05744e-11
5.45807e-12
8.0147e-34
1.11538e-16
7.54136e-14
1.47145e-13
2.15459e-13
2.80519e-13
3.42478e-13
4.01485e-13
4.57679e-13
5.11195e-13
5.62161e-13
6.10697e-13
6.56919e-13
7.00938e-13
7.42859e-13
7.82781e-13
8.208e-13
8.57006e-13
8.91487e-13
9.24323e-13
9.55595e-13
9.85376e-13
1.01374e-12
1.04075e-12
1.06647e-12
1.09096e-12
1.11429e-12
1.13651e-12
1.15767e-12
1.17781e-12
1.197e-12
1.21528e-12
1.23268e-12
1.4243e-12
1.63497e-12
1.86655e-12
2.12109e-12
2.40078e-12
2.70804e-12
3.04549e-12
3.41594e-12
3.82244e-12
4.26824e-12
4.75678e-12
5.29171e-12
5.87683e-12
6.51601e-12
7.21317e-12
7.97209e-12
8.79631e-12
9.68886e-12
1.06519e-11
1.16866e-11
1.2792e-11
1.39651e-11
1.51993e-11
1.64838e-11
1.78022e-11
1.91308e-11
2.04375e-11
2.16797e-11
2.28031e-11
2.37408e-11
2.44135e-11
2.47306e-11
2.45944e-11
2.39059e-11
2.25741e-11
2.05269e-11
1.77241e-11
1.41702e-11
9.92736e-12
5.12915e-12
8.28727e-34
1.01956e-16
6.89354e-14
1.34505e-13
1.96951e-13
2.56421e-13
3.13058e-13
3.66996e-13
4.18364e-13
4.67283e-13
5.13871e-13
5.58237e-13
6.00489e-13
6.40727e-13
6.79047e-13
7.1554e-13
7.50294e-13
7.8339e-13
8.14909e-13
8.44926e-13
8.73511e-13
9.00734e-13
9.2666e-13
9.51349e-13
9.74862e-13
9.97254e-13
1.01858e-12
1.03889e-12
1.05823e-12
1.07665e-12
1.09419e-12
1.11089e-12
1.1268e-12
1.30196e-12
1.49455e-12
1.70625e-12
1.93893e-12
2.19462e-12
2.47552e-12
2.78403e-12
3.12273e-12
3.49439e-12
3.90202e-12
4.34876e-12
4.83797e-12
5.37314e-12
5.95783e-12
6.59567e-12
7.29017e-12
8.04461e-12
8.86185e-12
9.74404e-12
1.06922e-11
1.17059e-11
1.27824e-11
1.3916e-11
1.50973e-11
1.63115e-11
1.75375e-11
1.87464e-11
1.98996e-11
2.09479e-11
2.18304e-11
2.24739e-11
2.27949e-11
2.2702e-11
2.21017e-11
2.09064e-11
1.90446e-11
1.64738e-11
1.3193e-11
9.25616e-12
4.78727e-12
8.511e-34
9.24354e-17
6.24984e-14
1.21945e-13
1.7856e-13
2.32478e-13
2.83826e-13
3.32728e-13
3.79299e-13
4.2365e-13
4.65888e-13
5.06112e-13
5.44419e-13
5.809e-13
6.15642e-13
6.48728e-13
6.80237e-13
7.10243e-13
7.38819e-13
7.66034e-13
7.9195e-13
8.16632e-13
8.40137e-13
8.62521e-13
8.83839e-13
9.04141e-13
9.23474e-13
9.41887e-13
9.59422e-13
9.76121e-13
9.92025e-13
1.00717e-12
1.02159e-12
1.18041e-12
1.35501e-12
1.54696e-12
1.75793e-12
1.98977e-12
2.24447e-12
2.52421e-12
2.83134e-12
3.16839e-12
3.53806e-12
3.94325e-12
4.387e-12
4.87248e-12
5.40298e-12
5.98179e-12
6.61215e-12
7.29711e-12
8.03932e-12
8.84083e-12
9.70274e-12
1.06248e-11
1.16046e-11
1.26376e-11
1.37151e-11
1.48244e-11
1.59468e-11
1.70563e-11
1.81185e-11
1.90891e-11
1.99129e-11
2.05234e-11
2.08438e-11
2.07895e-11
2.0273e-11
1.92104e-11
1.75322e-11
1.51937e-11
1.21891e-11
8.56465e-12
4.43433e-12
8.67476e-34
8.30576e-17
5.61579e-14
1.09574e-13
1.60445e-13
2.08893e-13
2.55032e-13
2.98973e-13
3.40819e-13
3.80672e-13
4.18624e-13
4.54768e-13
4.89189e-13
5.21969e-13
5.53187e-13
5.82917e-13
6.11229e-13
6.38192e-13
6.6387e-13
6.88323e-13
7.11611e-13
7.33789e-13
7.5491e-13
7.75024e-13
7.94179e-13
8.12422e-13
8.29794e-13
8.46339e-13
8.62096e-13
8.77101e-13
8.91392e-13
9.05001e-13
9.17962e-13
1.06067e-12
1.21757e-12
1.39005e-12
1.57963e-12
1.78797e-12
2.01686e-12
2.26827e-12
2.5443e-12
2.84723e-12
3.1795e-12
3.54373e-12
3.94265e-12
4.37915e-12
4.85619e-12
5.37677e-12
5.94384e-12
6.56019e-12
7.22829e-12
7.95006e-12
8.72661e-12
9.55783e-12
1.04419e-11
1.13748e-11
1.23491e-11
1.33537e-11
1.43721e-11
1.53815e-11
1.63514e-11
1.72422e-11
1.80044e-11
1.8578e-11
1.88932e-11
1.88725e-11
1.84343e-11
1.74997e-11
1.60011e-11
1.38932e-11
1.11658e-11
7.85768e-12
4.07274e-12
8.76729e-34
7.39062e-17
4.99706e-14
9.75012e-14
1.42768e-13
1.85878e-13
2.26933e-13
2.66033e-13
3.03269e-13
3.38731e-13
3.72502e-13
4.04664e-13
4.35293e-13
4.64461e-13
4.9224e-13
5.18694e-13
5.43888e-13
5.6788e-13
5.90729e-13
6.12488e-13
6.33211e-13
6.52946e-13
6.7174e-13
6.89638e-13
7.06683e-13
7.22916e-13
7.38375e-13
7.53098e-13
7.67118e-13
7.80471e-13
7.93187e-13
8.05298e-13
8.16831e-13
9.43818e-13
1.08344e-12
1.23693e-12
1.40563e-12
1.59104e-12
1.79474e-12
2.01848e-12
2.26414e-12
2.53377e-12
2.82953e-12
3.15375e-12
3.5089e-12
3.89755e-12
4.32236e-12
4.78603e-12
5.29122e-12
5.84046e-12
6.43601e-12
7.07968e-12
7.77255e-12
8.51468e-12
9.30463e-12
1.01389e-11
1.10115e-11
1.19125e-11
1.28277e-11
1.37372e-11
1.46142e-11
1.54237e-11
1.61219e-11
1.66552e-11
1.69607e-11
1.6968e-11
1.6602e-11
1.57892e-11
1.44648e-11
1.25835e-11
1.01316e-11
7.1411e-12
3.70544e-12
8.77772e-34
6.50649e-17
4.39928e-14
8.58375e-14
1.25689e-13
1.63642e-13
1.99786e-13
2.34209e-13
2.66991e-13
2.9821e-13
3.27942e-13
3.56256e-13
3.83221e-13
4.08901e-13
4.33357e-13
4.56647e-13
4.78826e-13
4.99949e-13
5.20065e-13
5.39222e-13
5.57466e-13
5.7484e-13
5.91386e-13
6.07144e-13
6.2215e-13
6.36441e-13
6.50051e-13
6.63013e-13
6.75357e-13
6.87112e-13
6.98308e-13
7.0897e-13
7.19123e-13
8.30924e-13
9.53846e-13
1.08898e-12
1.23752e-12
1.40076e-12
1.58011e-12
1.77712e-12
1.99344e-12
2.23088e-12
2.49134e-12
2.7769e-12
3.08972e-12
3.43209e-12
3.80637e-12
4.21496e-12
4.66024e-12
5.14449e-12
5.66975e-12
6.23767e-12
6.84933e-12
7.50488e-12
8.20323e-12
8.94152e-12
9.71456e-12
1.05141e-11
1.13278e-11
1.21386e-11
1.29231e-11
1.36509e-11
1.42834e-11
1.47734e-11
1.50648e-11
1.50943e-11
1.47938e-11
1.40953e-11
1.29379e-11
1.12771e-11
9.0965e-12
6.42164e-12
3.33587e-12
8.69621e-34
5.66142e-17
3.8279e-14
7.4689e-14
1.09365e-13
1.42388e-13
1.73838e-13
2.0379e-13
2.32314e-13
2.59479e-13
2.8535e-13
3.09987e-13
3.3345e-13
3.55794e-13
3.77074e-13
3.97339e-13
4.16639e-13
4.35018e-13
4.52522e-13
4.69191e-13
4.85065e-13
5.00183e-13
5.14581e-13
5.28292e-13
5.4135e-13
5.53785e-13
5.65628e-13
5.76906e-13
5.87647e-13
5.97876e-13
6.07618e-13
6.16895e-13
6.25731e-13
7.23014e-13
8.29976e-13
9.47567e-13
1.07682e-12
1.21888e-12
1.37496e-12
1.5464e-12
1.73467e-12
1.94132e-12
2.16803e-12
2.41659e-12
2.68892e-12
2.98702e-12
3.31294e-12
3.6688e-12
4.05671e-12
4.47867e-12
4.93653e-12
5.43179e-12
5.96545e-12
6.53778e-12
7.14793e-12
7.79362e-12
8.47051e-12
9.17165e-12
9.88667e-12
1.06009e-11
1.12944e-11
1.19408e-11
1.25068e-11
1.2951e-11
1.32242e-11
1.32703e-11
1.30281e-11
1.24357e-11
1.14365e-11
9.98773e-12
8.07126e-12
5.70688e-12
2.96791e-12
8.5147e-34
4.86286e-17
3.28798e-14
6.41542e-14
9.39388e-14
1.22305e-13
1.49319e-13
1.75046e-13
1.99547e-13
2.2288e-13
2.45102e-13
2.66264e-13
2.86418e-13
3.05611e-13
3.23889e-13
3.41296e-13
3.57874e-13
3.73661e-13
3.88696e-13
4.03014e-13
4.1665e-13
4.29635e-13
4.42002e-13
4.5378e-13
4.64996e-13
4.75678e-13
4.8585e-13
4.95538e-13
5.04764e-13
5.13551e-13
5.21918e-13
5.29887e-13
5.37477e-13
6.21041e-13
7.12921e-13
8.13931e-13
9.24964e-13
1.04699e-12
1.18108e-12
1.32836e-12
1.49011e-12
1.66765e-12
1.86245e-12
2.07604e-12
2.31007e-12
2.56628e-12
2.84644e-12
3.1524e-12
3.48598e-12
3.84894e-12
4.24291e-12
4.66924e-12
5.12886e-12
5.62208e-12
6.1483e-12
6.70569e-12
7.29072e-12
7.89761e-12
8.51769e-12
9.13861e-12
9.74349e-12
1.031e-11
1.08094e-11
1.12063e-11
1.14579e-11
1.1515e-11
1.13236e-11
1.08282e-11
9.97705e-12
8.72981e-12
7.06751e-12
5.00499e-12
2.60578e-12
8.22768e-34
4.11739e-17
2.78394e-14
5.43195e-14
7.95383e-14
1.03556e-13
1.26429e-13
1.48212e-13
1.68957e-13
1.88714e-13
2.07529e-13
2.25447e-13
2.42511e-13
2.58762e-13
2.74239e-13
2.88977e-13
3.03014e-13
3.16381e-13
3.29111e-13
3.41235e-13
3.5278e-13
3.63776e-13
3.74247e-13
3.84219e-13
3.93716e-13
4.0276e-13
4.11374e-13
4.19577e-13
4.27389e-13
4.34828e-13
4.41914e-13
4.48661e-13
4.55087e-13
5.25844e-13
6.03642e-13
6.89173e-13
7.83192e-13
8.86523e-13
1.00007e-12
1.12479e-12
1.26177e-12
1.41213e-12
1.57712e-12
1.75804e-12
1.95629e-12
2.17335e-12
2.41074e-12
2.67003e-12
2.95279e-12
3.26055e-12
3.59469e-12
3.95643e-12
4.3466e-12
4.76555e-12
5.21286e-12
5.6871e-12
6.18542e-12
6.70311e-12
7.23303e-12
7.76492e-12
8.28471e-12
8.77366e-12
9.20761e-12
9.5564e-12
9.78355e-12
9.84662e-12
9.69861e-12
9.29054e-12
8.57604e-12
7.51792e-12
6.09717e-12
4.32442e-12
2.25391e-12
7.83289e-34
3.43033e-17
2.3194e-14
4.52554e-14
6.62661e-14
8.62758e-14
1.05332e-13
1.2348e-13
1.40764e-13
1.57224e-13
1.72899e-13
1.87828e-13
2.02045e-13
2.15584e-13
2.28478e-13
2.40758e-13
2.52452e-13
2.63589e-13
2.74195e-13
2.84296e-13
2.93915e-13
3.03076e-13
3.118e-13
3.20108e-13
3.28021e-13
3.35556e-13
3.42732e-13
3.49566e-13
3.56075e-13
3.62273e-13
3.68176e-13
3.73798e-13
3.79152e-13
4.38104e-13
5.02923e-13
5.74185e-13
6.52521e-13
7.38618e-13
8.33225e-13
9.37157e-13
1.0513e-12
1.1766e-12
1.3141e-12
1.46488e-12
1.63013e-12
1.81107e-12
2.00899e-12
2.2252e-12
2.46104e-12
2.71778e-12
2.99663e-12
3.29861e-12
3.62449e-12
3.97459e-12
4.34867e-12
4.74562e-12
5.16317e-12
5.59756e-12
6.04297e-12
6.49105e-12
6.93025e-12
7.3451e-12
7.71556e-12
8.01646e-12
8.21713e-12
8.28165e-12
8.1698e-12
7.83922e-12
7.24916e-12
6.36614e-12
5.17186e-12
3.67354e-12
1.91668e-12
7.33184e-34
2.80549e-17
1.89692e-14
3.70122e-14
5.41958e-14
7.05607e-14
8.6146e-14
1.00989e-13
1.15124e-13
1.28586e-13
1.41406e-13
1.53615e-13
1.65243e-13
1.76316e-13
1.86862e-13
1.96905e-13
2.06469e-13
2.15577e-13
2.24252e-13
2.32513e-13
2.4038e-13
2.47872e-13
2.55007e-13
2.61802e-13
2.68274e-13
2.74436e-13
2.80306e-13
2.85895e-13
2.91218e-13
2.96288e-13
3.01116e-13
3.05714e-13
3.10092e-13
3.58307e-13
4.11322e-13
4.69607e-13
5.33678e-13
6.04099e-13
6.81482e-13
7.66495e-13
8.59861e-13
9.62364e-13
1.07485e-12
1.19821e-12
1.33342e-12
1.48148e-12
1.64346e-12
1.82043e-12
2.01351e-12
2.22375e-12
2.45216e-12
2.69961e-12
2.96675e-12
3.25391e-12
3.56094e-12
3.887e-12
4.23035e-12
4.58799e-12
4.95531e-12
5.32562e-12
5.68958e-12
6.03469e-12
6.34462e-12
6.59875e-12
6.77181e-12
6.83398e-12
6.75154e-12
6.48865e-12
6.01031e-12
5.28715e-12
4.30222e-12
3.06011e-12
1.59821e-12
6.72986e-34
2.24484e-17
1.51784e-14
2.96157e-14
4.33653e-14
5.64599e-14
6.89307e-14
8.08072e-14
9.21179e-14
1.0289e-13
1.13148e-13
1.22917e-13
1.32221e-13
1.41082e-13
1.4952e-13
1.57556e-13
1.65209e-13
1.72497e-13
1.79438e-13
1.86048e-13
1.92343e-13
1.98338e-13
2.04048e-13
2.09485e-13
2.14663e-13
2.19595e-13
2.24291e-13
2.28764e-13
2.33023e-13
2.3708e-13
2.40943e-13
2.44622e-13
2.48126e-13
2.86707e-13
3.29128e-13
3.75768e-13
4.27039e-13
4.83391e-13
5.45316e-13
6.13349e-13
6.88069e-13
7.70105e-13
8.60132e-13
9.58875e-13
1.06711e-12
1.18564e-12
1.31533e-12
1.45705e-12
1.61168e-12
1.7801e-12
1.96313e-12
2.16148e-12
2.3757e-12
2.60609e-12
2.85257e-12
3.11453e-12
3.39063e-12
3.67858e-12
3.97475e-12
4.27391e-12
4.56869e-12
4.84918e-12
5.10237e-12
5.31174e-12
5.45693e-12
5.51374e-12
5.45462e-12
5.24996e-12
4.8705e-12
4.29122e-12
3.49707e-12
2.49064e-12
1.302e-12
6.03559e-34
1.74818e-17
1.18203e-14
2.30634e-14
3.37711e-14
4.39686e-14
5.36803e-14
6.29292e-14
7.17375e-14
8.0126e-14
8.81148e-14
9.57229e-14
1.02968e-13
1.09869e-13
1.1644e-13
1.22698e-13
1.28658e-13
1.34334e-13
1.39739e-13
1.44887e-13
1.49789e-13
1.54458e-13
1.58904e-13
1.63139e-13
1.67171e-13
1.71012e-13
1.74669e-13
1.78152e-13
1.8147e-13
1.84629e-13
1.87637e-13
1.90502e-13
1.93231e-13
2.23277e-13
2.56314e-13
2.92637e-13
3.32566e-13
3.76454e-13
4.24683e-13
4.77671e-13
5.35868e-13
5.99766e-13
6.69892e-13
7.46811e-13
8.31127e-13
9.23477e-13
1.02453e-12
1.13497e-12
1.2555e-12
1.3868e-12
1.52951e-12
1.68423e-12
1.85138e-12
2.03123e-12
2.22375e-12
2.42849e-12
2.64448e-12
2.86997e-12
3.10222e-12
3.33721e-12
3.56929e-12
3.7908e-12
3.99166e-12
4.15899e-12
4.27684e-12
4.32614e-12
4.28501e-12
4.12975e-12
3.83665e-12
3.38517e-12
2.76245e-12
1.96976e-12
1.03058e-12
5.25936e-34
1.31279e-17
8.87644e-15
1.73195e-14
2.53603e-14
3.30182e-14
4.03112e-14
4.72567e-14
5.38713e-14
6.01706e-14
6.61698e-14
7.18831e-14
7.73242e-14
8.25059e-14
8.74406e-14
9.21402e-14
9.66159e-14
1.00878e-13
1.04937e-13
1.08803e-13
1.12485e-13
1.15991e-13
1.1933e-13
1.22509e-13
1.25538e-13
1.28422e-13
1.31168e-13
1.33784e-13
1.36275e-13
1.38647e-13
1.40907e-13
1.43058e-13
1.45108e-13
1.67671e-13
1.92481e-13
2.19758e-13
2.49745e-13
2.82705e-13
3.18925e-13
3.5872e-13
4.02429e-13
4.50421e-13
5.03093e-13
5.6087e-13
6.24207e-13
6.93585e-13
7.69507e-13
8.52494e-13
9.43071e-13
1.04176e-12
1.14906e-12
1.2654e-12
1.39114e-12
1.52648e-12
1.67143e-12
1.82567e-12
1.98851e-12
2.15867e-12
2.33413e-12
2.51193e-12
2.68788e-12
2.85626e-12
3.00954e-12
3.13804e-12
3.22973e-12
3.27013e-12
3.24253e-12
3.1287e-12
2.91025e-12
2.57101e-12
2.10057e-12
1.49937e-12
7.85047e-13
4.41002e-34
9.32916e-18
6.30792e-15
1.23079e-14
1.8022e-14
2.34639e-14
2.86466e-14
3.35824e-14
3.82829e-14
4.27595e-14
4.70228e-14
5.10829e-14
5.49495e-14
5.86318e-14
6.21387e-14
6.54784e-14
6.8659e-14
7.16879e-14
7.45726e-14
7.73197e-14
7.9936e-14
8.24275e-14
8.48003e-14
8.70601e-14
8.92121e-14
9.12616e-14
9.32135e-14
9.50723e-14
9.68426e-14
9.85285e-14
1.00134e-13
1.01663e-13
1.03119e-13
1.19154e-13
1.36785e-13
1.5617e-13
1.77481e-13
2.00904e-13
2.26646e-13
2.54928e-13
2.85993e-13
3.20102e-13
3.57539e-13
3.98607e-13
4.43629e-13
4.92947e-13
5.46923e-13
6.05926e-13
6.70334e-13
7.4052e-13
8.16841e-13
8.99615e-13
9.89099e-13
1.08545e-12
1.18868e-12
1.29858e-12
1.41468e-12
1.53609e-12
1.66142e-12
1.78856e-12
1.91459e-12
2.03548e-12
2.14587e-12
2.23889e-12
2.30597e-12
2.33671e-12
2.31908e-12
2.23988e-12
2.08566e-12
1.84448e-12
1.5085e-12
1.07769e-12
5.64615e-13
3.48936e-34
5.98931e-18
4.04969e-15
7.90165e-15
1.15701e-14
1.50639e-14
1.83911e-14
2.15599e-14
2.45777e-14
2.74516e-14
3.01887e-14
3.27952e-14
3.52776e-14
3.76417e-14
3.98931e-14
4.20372e-14
4.40791e-14
4.60238e-14
4.78757e-14
4.96394e-14
5.1319e-14
5.29186e-14
5.4442e-14
5.58927e-14
5.72744e-14
5.85902e-14
5.98433e-14
6.10367e-14
6.21732e-14
6.32555e-14
6.42863e-14
6.5268e-14
6.62029e-14
7.64973e-14
8.78168e-14
1.00262e-13
1.13944e-13
1.28983e-13
1.4551e-13
1.63668e-13
1.83613e-13
2.05514e-13
2.29552e-13
2.55921e-13
2.84831e-13
3.16502e-13
3.51165e-13
3.8906e-13
4.3043e-13
4.75517e-13
5.24551e-13
5.77741e-13
6.35253e-13
6.97195e-13
7.63579e-13
8.34286e-13
9.09012e-13
9.87204e-13
1.06798e-12
1.15e-12
1.23141e-12
1.30963e-12
1.38124e-12
1.44182e-12
1.48584e-12
1.5066e-12
1.49629e-12
1.44629e-12
1.3478e-12
1.19292e-12
9.76392e-13
6.98019e-13
3.65879e-13
2.48243e-34
2.95803e-18
2.00008e-15
3.9025e-15
5.71431e-15
7.4398e-15
9.0831e-15
1.06481e-14
1.21385e-14
1.35579e-14
1.49097e-14
1.61971e-14
1.74231e-14
1.85907e-14
1.97026e-14
2.07615e-14
2.177e-14
2.27304e-14
2.36451e-14
2.45162e-14
2.53457e-14
2.61357e-14
2.68881e-14
2.76046e-14
2.8287e-14
2.89368e-14
2.95557e-14
3.01451e-14
3.07064e-14
3.1241e-14
3.17501e-14
3.22349e-14
3.26967e-14
3.7781e-14
4.33716e-14
4.95183e-14
5.62757e-14
6.37032e-14
7.18658e-14
8.08344e-14
9.06856e-14
1.01503e-13
1.13376e-13
1.26401e-13
1.40681e-13
1.56325e-13
1.73449e-13
1.92169e-13
2.12608e-13
2.34884e-13
2.59113e-13
2.85398e-13
3.13824e-13
3.44444e-13
3.77266e-13
4.12235e-13
4.49203e-13
4.87902e-13
5.27897e-13
5.6854e-13
6.0891e-13
6.47741e-13
6.83346e-13
7.13547e-13
7.35606e-13
7.46195e-13
7.41433e-13
7.17021e-13
6.6855e-13
5.92048e-13
4.84835e-13
3.46763e-13
1.81821e-13
1.34042e-34
8.84534e-43
1.16459e-41
3.83035e-41
7.69604e-41
1.2366e-40
1.75241e-40
2.29206e-40
2.83604e-40
3.36936e-40
3.88078e-40
4.36206e-40
4.80747e-40
5.21323e-40
5.5772e-40
5.89848e-40
6.17715e-40
6.41407e-40
6.61067e-40
6.7688e-40
6.89061e-40
6.97843e-40
7.03472e-40
7.06198e-40
7.0627e-40
7.03936e-40
6.99433e-40
6.92992e-40
6.84829e-40
6.75152e-40
6.64155e-40
6.52018e-40
4.31829e-39
1.02351e-38
1.48295e-38
2.12562e-38
3.01919e-38
4.25519e-38
5.9572e-38
8.29173e-38
1.14827e-37
1.58309e-37
2.17393e-37
2.97474e-37
4.0576e-37
5.51861e-37
7.4857e-37
1.01287e-36
1.36728e-36
1.84153e-36
2.47478e-36
3.31839e-36
4.43941e-36
5.9249e-36
7.88705e-36
1.04692e-35
1.38526e-35
1.82628e-35
2.39756e-35
3.13194e-35
4.06715e-35
5.24419e-35
6.70367e-35
8.47892e-35
1.0584e-34
1.29949e-34
1.56209e-34
1.8266e-34
2.05786e-34
2.19977e-34
2.17098e-34
1.86509e-34
1.16123e-34
4.59894e-35
