1.59945e-43
2.10586e-42
6.92624e-42
1.39165e-41
2.23611e-41
3.16888e-41
4.14476e-41
5.1285e-41
6.09301e-41
7.01793e-41
7.88838e-41
8.69398e-41
9.42792e-41
1.00863e-40
1.06675e-40
1.11716e-40
1.16003e-40
1.1956e-40
1.22422e-40
1.24627e-40
1.26217e-40
1.27236e-40
1.27731e-40
1.27746e-40
1.27325e-40
1.26513e-40
1.25349e-40
1.23874e-40
1.22125e-40
1.20137e-40
1.17943e-40
7.81173e-40
1.85169e-39
2.68334e-39
3.847e-39
5.46559e-39
7.70554e-39
1.07919e-38
1.50283e-38
2.08243e-38
2.87309e-38
3.94895e-38
5.40961e-38
7.38876e-38
1.00657e-37
1.36809e-37
1.85563e-37
2.51228e-37
3.39565e-37
4.58274e-37
6.17626e-37
8.31306e-37
1.1175e-36
1.50031e-36
2.0115e-36
2.69272e-36
3.59803e-36
4.79665e-36
6.37555e-36
8.44087e-36
1.11166e-35
1.45377e-35
1.88333e-35
2.40934e-35
3.03126e-35
3.73022e-35
4.45692e-35
5.11677e-35
5.5551e-35
5.5475e-35
4.80461e-35
3.00536e-35
1.61483e-34
2.73975e-17
1.85241e-14
3.61436e-14
5.29239e-14
6.89046e-14
8.41238e-14
9.86177e-14
1.12421e-13
1.25566e-13
1.38085e-13
1.50007e-13
1.6136e-13
1.72172e-13
1.82469e-13
1.92275e-13
2.01614e-13
2.10507e-13
2.18976e-13
2.27042e-13
2.34723e-13
2.42037e-13
2.49003e-13
2.55638e-13
2.61955e-13
2.67972e-13
2.73702e-13
2.79159e-13
2.84355e-13
2.89304e-13
2.94017e-13
2.98506e-13
3.0278e-13
3.49844e-13
4.01586e-13
4.58463e-13
5.20973e-13
5.89658e-13
6.6511e-13
7.47966e-13
8.38917e-13
9.38706e-13
1.04812e-12
1.16801e-12
1.29925e-12
1.44276e-12
1.59948e-12
1.77034e-12
1.95624e-12
2.158e-12
2.37631e-12
2.61165e-12
2.86417e-12
3.13358e-12
3.41894e-12
3.71851e-12
4.02941e-12
4.34738e-12
4.66636e-12
4.9782e-12
5.27222e-12
5.53497e-12
5.75005e-12
5.89822e-12
5.95791e-12
5.90628e-12
5.72078e-12
5.38145e-12
4.87363e-12
4.19078e-12
3.33711e-12
2.32974e-12
1.20065e-12
7.25712e-35
5.49864e-17
3.71774e-14
7.25395e-14
1.06217e-13
1.3829e-13
1.68835e-13
1.97923e-13
2.25626e-13
2.52008e-13
2.77132e-13
3.01059e-13
3.23845e-13
3.45545e-13
3.6621e-13
3.8589e-13
4.04632e-13
4.2248e-13
4.39478e-13
4.55665e-13
4.7108e-13
4.85761e-13
4.99741e-13
5.13055e-13
5.25735e-13
5.3781e-13
5.49309e-13
5.6026e-13
5.7069e-13
5.80622e-13
5.90081e-13
5.99089e-13
6.07667e-13
7.0212e-13
8.0596e-13
9.20103e-13
1.04555e-12
1.18338e-12
1.33479e-12
1.50105e-12
1.68355e-12
1.88377e-12
2.10329e-12
2.3438e-12
2.60705e-12
2.89488e-12
3.20915e-12
3.5517e-12
3.92432e-12
4.32861e-12
4.76591e-12
5.2371e-12
5.7424e-12
6.28112e-12
6.85126e-12
7.44912e-12
8.06875e-12
8.70134e-12
9.3345e-12
9.95158e-12
1.05309e-11
1.10453e-11
1.14619e-11
1.17421e-11
1.18435e-11
1.17213e-11
1.13321e-11
1.06385e-11
9.61411e-12
8.24929e-12
6.55545e-12
4.56846e-12
2.35143e-12
1.27066e-34
8.33174e-17
5.63324e-14
1.09914e-13
1.60943e-13
2.09541e-13
2.55823e-13
2.99899e-13
3.41875e-13
3.81849e-13
4.19918e-13
4.56173e-13
4.90699e-13
5.23578e-13
5.54891e-13
5.8471e-13
6.13108e-13
6.40152e-13
6.65906e-13
6.90433e-13
7.1379e-13
7.36034e-13
7.57217e-13
7.77391e-13
7.96602e-13
8.14898e-13
8.32322e-13
8.48915e-13
8.64718e-13
8.79767e-13
8.94099e-13
9.07748e-13
9.20746e-13
1.06386e-12
1.22119e-12
1.39413e-12
1.58419e-12
1.79302e-12
2.02241e-12
2.27429e-12
2.55075e-12
2.85404e-12
3.18655e-12
3.55081e-12
3.94948e-12
4.38531e-12
4.86108e-12
5.37958e-12
5.94344e-12
6.55504e-12
7.21631e-12
7.9285e-12
8.69182e-12
9.50502e-12
1.03649e-11
1.12655e-11
1.21976e-11
1.31474e-11
1.40958e-11
1.5017e-11
1.58779e-11
1.6637e-11
1.72442e-11
1.76418e-11
1.77662e-11
1.75513e-11
1.69345e-11
1.58629e-11
1.43018e-11
1.22422e-11
9.70616e-12
6.75068e-12
3.46966e-12
1.62728e-34
1.10889e-16
7.49736e-14
1.46286e-13
2.14202e-13
2.78881e-13
3.40478e-13
3.9914e-13
4.55006e-13
5.08208e-13
5.58875e-13
6.07126e-13
6.53077e-13
6.96837e-13
7.3851e-13
7.78197e-13
8.15992e-13
8.51985e-13
8.86261e-13
9.18904e-13
9.4999e-13
9.79594e-13
1.00779e-12
1.03464e-12
1.0602e-12
1.08455e-12
1.10774e-12
1.12983e-12
1.15086e-12
1.17089e-12
1.18996e-12
1.20813e-12
1.22543e-12
1.41589e-12
1.62528e-12
1.85544e-12
2.10838e-12
2.38629e-12
2.69156e-12
3.02675e-12
3.39463e-12
3.7982e-12
4.24063e-12
4.72528e-12
5.25567e-12
5.83544e-12
6.46828e-12
7.15784e-12
7.90759e-12
8.72065e-12
9.59951e-12
1.05457e-11
1.15595e-11
1.26389e-11
1.37795e-11
1.49732e-11
1.62074e-11
1.74633e-11
1.87151e-11
1.99281e-11
2.10578e-11
2.20486e-11
2.28339e-11
2.3337e-11
2.3474e-11
2.31589e-11
2.23109e-11
2.08637e-11
1.87763e-11
1.60421e-11
1.26957e-11
8.81576e-12
4.52579e-12
1.80598e-34
1.3508e-16
9.13298e-14
1.782e-13
2.60932e-13
3.39722e-13
4.14757e-13
4.86216e-13
5.54269e-13
6.19078e-13
6.80798e-13
7.39575e-13
7.95551e-13
8.48857e-13
8.99622e-13
9.47967e-13
9.94006e-13
1.03785e-12
1.07961e-12
1.11937e-12
1.15724e-12
1.1933e-12
1.22764e-12
1.26035e-12
1.29149e-12
1.32116e-12
1.3494e-12
1.37631e-12
1.40192e-12
1.42632e-12
1.44956e-12
1.47169e-12
1.49276e-12
1.72477e-12
1.97984e-12
2.26021e-12
2.56832e-12
2.90685e-12
3.2787e-12
3.68699e-12
4.13511e-12
4.62668e-12
5.16558e-12
5.75589e-12
6.40189e-12
7.108e-12
7.87872e-12
8.71848e-12
9.63147e-12
1.06215e-11
1.16915e-11
1.28433e-11
1.40772e-11
1.53907e-11
1.67783e-11
1.82301e-11
1.97304e-11
2.12563e-11
2.27761e-11
2.42473e-11
2.56154e-11
2.68124e-11
2.77571e-11
2.83561e-11
2.85076e-11
2.81075e-11
2.70588e-11
2.52829e-11
2.27328e-11
1.94039e-11
1.53416e-11
1.0644e-11
5.46092e-12
1.82415e-34
1.53238e-16
1.03607e-13
2.02154e-13
2.96007e-13
3.85388e-13
4.7051e-13
5.51575e-13
6.28776e-13
7.02298e-13
7.72314e-13
8.38993e-13
9.02492e-13
9.62965e-13
1.02055e-12
1.0754e-12
1.12763e-12
1.17736e-12
1.22473e-12
1.26984e-12
1.3128e-12
1.35371e-12
1.39267e-12
1.42977e-12
1.4651e-12
1.49875e-12
1.5308e-12
1.56132e-12
1.59038e-12
1.61806e-12
1.64442e-12
1.66952e-12
1.69342e-12
1.95663e-12
2.24599e-12
2.56404e-12
2.91358e-12
3.29763e-12
3.71947e-12
4.18266e-12
4.69104e-12
5.24872e-12
5.86009e-12
6.5298e-12
7.26271e-12
8.06384e-12
8.93829e-12
9.89109e-12
1.0927e-11
1.20504e-11
1.32647e-11
1.45719e-11
1.59723e-11
1.74633e-11
1.90387e-11
2.06872e-11
2.23911e-11
2.41246e-11
2.58516e-11
2.75243e-11
2.90806e-11
3.04435e-11
3.15207e-11
3.22059e-11
3.23833e-11
3.19342e-11
3.07477e-11
2.87342e-11
2.58393e-11
2.20575e-11
1.74408e-11
1.21007e-11
6.20836e-12
1.7132e-34
1.63529e-16
1.10565e-13
2.1573e-13
3.15886e-13
4.1127e-13
5.02108e-13
5.88617e-13
6.71003e-13
7.49462e-13
8.24181e-13
8.95338e-13
9.63102e-13
1.02764e-12
1.08909e-12
1.14762e-12
1.20336e-12
1.25644e-12
1.30698e-12
1.35512e-12
1.40097e-12
1.44462e-12
1.4862e-12
1.5258e-12
1.5635e-12
1.59941e-12
1.63361e-12
1.66618e-12
1.69719e-12
1.72673e-12
1.75486e-12
1.78165e-12
1.80716e-12
2.08805e-12
2.39684e-12
2.73627e-12
3.1093e-12
3.51917e-12
3.96937e-12
4.46372e-12
5.00631e-12
5.60154e-12
6.2541e-12
6.96897e-12
7.75135e-12
8.60662e-12
9.54025e-12
1.05577e-11
1.1664e-11
1.28639e-11
1.41612e-11
1.55582e-11
1.70552e-11
1.86498e-11
2.03354e-11
2.21004e-11
2.39261e-11
2.57855e-11
2.76404e-11
2.94402e-11
3.1119e-11
3.25948e-11
3.3769e-11
3.45278e-11
3.47462e-11
3.42955e-11
3.30544e-11
3.0923e-11
2.78388e-11
2.3791e-11
1.88312e-11
1.30771e-11
6.71355e-12
1.51472e-34
1.65325e-16
1.1178e-13
2.18101e-13
3.19358e-13
4.1579e-13
5.07627e-13
5.95087e-13
6.78379e-13
7.577e-13
8.33241e-13
9.0518e-13
9.7369e-13
1.03893e-12
1.10107e-12
1.16024e-12
1.21659e-12
1.27025e-12
1.32136e-12
1.37002e-12
1.41637e-12
1.46051e-12
1.50255e-12
1.54258e-12
1.5807e-12
1.617e-12
1.65158e-12
1.6845e-12
1.71586e-12
1.74572e-12
1.77416e-12
1.80125e-12
1.82704e-12
2.11102e-12
2.42323e-12
2.76641e-12
3.14357e-12
3.55798e-12
4.0132e-12
4.51306e-12
5.06173e-12
5.66366e-12
6.32362e-12
7.04664e-12
7.83803e-12
8.70325e-12
9.6479e-12
1.06775e-11
1.17974e-11
1.30123e-11
1.43263e-11
1.57419e-11
1.72597e-11
1.88774e-11
2.0589e-11
2.23829e-11
2.42412e-11
2.61368e-11
2.80322e-11
2.98766e-11
3.16043e-11
3.31328e-11
3.43625e-11
3.51773e-11
3.54493e-11
3.50449e-11
3.38361e-11
3.1715e-11
2.86094e-11
2.44996e-11
1.94299e-11
1.35156e-11
6.94701e-12
1.27169e-34
1.59146e-16
1.07602e-13
2.09951e-13
3.07423e-13
4.00252e-13
4.88657e-13
5.72849e-13
6.53028e-13
7.29386e-13
8.02104e-13
8.71355e-13
9.37305e-13
1.00011e-12
1.05992e-12
1.11688e-12
1.17113e-12
1.22279e-12
1.27198e-12
1.31883e-12
1.36345e-12
1.40594e-12
1.44641e-12
1.48494e-12
1.52164e-12
1.55659e-12
1.58987e-12
1.62157e-12
1.65176e-12
1.6805e-12
1.70788e-12
1.73395e-12
1.75878e-12
2.03217e-12
2.33273e-12
2.66311e-12
3.02622e-12
3.4252e-12
3.86348e-12
4.34477e-12
4.87309e-12
5.45274e-12
6.08832e-12
6.78472e-12
7.54708e-12
8.3807e-12
9.29105e-12
1.02835e-11
1.13634e-11
1.25353e-11
1.38034e-11
1.51704e-11
1.66371e-11
1.82019e-11
1.98593e-11
2.1599e-11
2.34043e-11
2.52501e-11
2.71013e-11
2.89101e-11
3.0614e-11
3.21344e-11
3.33754e-11
3.42246e-11
3.45562e-11
3.42373e-11
3.31377e-11
3.11437e-11
2.81739e-11
2.41964e-11
1.92424e-11
1.34172e-11
6.90828e-12
1.02043e-34
1.46317e-16
9.89287e-14
1.93027e-13
2.82643e-13
3.67988e-13
4.49268e-13
5.26674e-13
6.0039e-13
6.70594e-13
7.37451e-13
8.01121e-13
8.61755e-13
9.195e-13
9.74492e-13
1.02686e-12
1.07674e-12
1.12423e-12
1.16946e-12
1.21254e-12
1.25356e-12
1.29263e-12
1.32983e-12
1.36526e-12
1.399e-12
1.43114e-12
1.46174e-12
1.49088e-12
1.51864e-12
1.54507e-12
1.57024e-12
1.59421e-12
1.61704e-12
1.86841e-12
2.14476e-12
2.44855e-12
2.78243e-12
3.14931e-12
3.55236e-12
3.99499e-12
4.4809e-12
5.01408e-12
5.59878e-12
6.23952e-12
6.94106e-12
7.70837e-12
8.54651e-12
9.46058e-12
1.04555e-11
1.15359e-11
1.27056e-11
1.39675e-11
1.53228e-11
1.67704e-11
1.83058e-11
1.99205e-11
2.15999e-11
2.33222e-11
2.5056e-11
2.67588e-11
2.83743e-11
2.98311e-11
3.10412e-11
3.19002e-11
3.22897e-11
3.20824e-11
3.11502e-11
2.93767e-11
2.66724e-11
2.29916e-11
1.8349e-11
1.28335e-11
6.62226e-12
4.66655e-35
1.45071e-16
9.80864e-14
1.91383e-13
2.80236e-13
3.64855e-13
4.45443e-13
5.22189e-13
5.95278e-13
6.64884e-13
7.31172e-13
7.943e-13
8.54418e-13
9.11671e-13
9.66195e-13
1.01812e-12
1.06757e-12
1.11466e-12
1.15951e-12
1.20222e-12
1.24289e-12
1.28162e-12
1.31851e-12
1.35364e-12
1.38709e-12
1.41895e-12
1.4493e-12
1.47819e-12
1.50571e-12
1.53192e-12
1.55687e-12
1.58064e-12
1.60328e-12
1.8525e-12
2.1265e-12
2.42771e-12
2.75875e-12
3.12252e-12
3.52214e-12
3.96102e-12
4.44281e-12
4.97147e-12
5.55121e-12
6.18654e-12
6.88217e-12
7.64302e-12
8.47413e-12
9.38056e-12
1.03672e-11
1.14387e-11
1.25988e-11
1.38504e-11
1.51947e-11
1.66307e-11
1.81542e-11
1.97565e-11
2.14234e-11
2.31332e-11
2.48551e-11
2.6547e-11
2.81531e-11
2.96028e-11
3.08087e-11
3.16674e-11
3.20613e-11
3.18635e-11
3.09463e-11
2.91934e-11
2.65145e-11
2.2863e-11
1.8252e-11
1.27692e-11
6.59032e-12
8.09127e-34
1.32209e-16
8.93903e-14
1.74416e-13
2.55391e-13
3.32508e-13
4.05951e-13
4.75894e-13
5.42504e-13
6.05939e-13
6.6635e-13
7.23882e-13
7.78672e-13
8.30849e-13
8.8054e-13
9.27862e-13
9.72928e-13
1.01585e-12
1.05672e-12
1.09564e-12
1.13271e-12
1.16801e-12
1.20163e-12
1.23364e-12
1.26413e-12
1.29317e-12
1.32082e-12
1.34716e-12
1.37224e-12
1.39612e-12
1.41887e-12
1.44053e-12
1.46116e-12
1.6883e-12
1.93803e-12
2.21256e-12
2.5143e-12
2.84587e-12
3.21015e-12
3.61022e-12
4.04946e-12
4.53147e-12
5.06012e-12
5.63953e-12
6.27404e-12
6.9682e-12
7.72665e-12
8.55411e-12
9.45516e-12
1.04341e-11
1.14947e-11
1.26398e-11
1.38708e-11
1.51873e-11
1.65858e-11
1.80593e-11
1.95955e-11
2.11757e-11
2.27728e-11
2.43494e-11
2.5856e-11
2.72288e-11
2.83885e-11
2.924e-11
2.96739e-11
2.957e-11
2.88046e-11
2.72611e-11
2.48444e-11
2.14973e-11
1.72186e-11
1.20806e-11
6.24771e-12
1.55034e-33
1.21658e-16
8.22572e-14
1.60498e-13
2.35012e-13
3.05975e-13
3.73558e-13
4.3792e-13
4.99214e-13
5.57588e-13
6.13179e-13
6.6612e-13
7.16538e-13
7.64553e-13
8.10279e-13
8.53826e-13
8.95296e-13
9.3479e-13
9.72401e-13
1.00822e-12
1.04233e-12
1.07482e-12
1.10575e-12
1.13521e-12
1.16327e-12
1.18999e-12
1.21544e-12
1.23967e-12
1.26275e-12
1.28473e-12
1.30566e-12
1.3256e-12
1.34458e-12
1.55361e-12
1.78343e-12
2.03607e-12
2.31377e-12
2.61893e-12
2.9542e-12
3.32245e-12
3.72676e-12
4.17048e-12
4.65719e-12
5.19069e-12
5.77503e-12
6.41441e-12
7.11317e-12
7.87572e-12
8.70638e-12
9.60923e-12
1.05879e-11
1.16452e-11
1.27828e-11
1.40005e-11
1.52957e-11
1.66623e-11
1.80899e-11
1.95618e-11
2.1054e-11
2.25332e-11
2.39545e-11
2.52599e-11
2.63767e-11
2.72169e-11
2.76778e-11
2.76453e-11
2.69995e-11
2.56248e-11
2.34225e-11
2.03277e-11
1.63283e-11
1.14843e-11
5.94974e-12
1.40462e-33
1.13709e-16
7.68824e-14
1.50011e-13
2.19656e-13
2.85983e-13
3.49149e-13
4.09306e-13
4.66596e-13
5.21155e-13
5.73114e-13
6.22597e-13
6.69721e-13
7.14599e-13
7.57338e-13
7.98039e-13
8.36801e-13
8.73714e-13
9.08869e-13
9.42347e-13
9.7423e-13
1.00459e-12
1.03351e-12
1.06105e-12
1.08727e-12
1.11225e-12
1.13603e-12
1.15868e-12
1.18025e-12
1.2008e-12
1.22036e-12
1.239e-12
1.25674e-12
1.45212e-12
1.66693e-12
1.90309e-12
2.16266e-12
2.44792e-12
2.76133e-12
3.10558e-12
3.48358e-12
3.89843e-12
4.35352e-12
4.85241e-12
5.39891e-12
5.99697e-12
6.6507e-12
7.36426e-12
8.14177e-12
8.98715e-12
9.90389e-12
1.08948e-11
1.19616e-11
1.31045e-11
1.43212e-11
1.56066e-11
1.69513e-11
1.83404e-11
1.97522e-11
2.11559e-11
2.25106e-11
2.37625e-11
2.48437e-11
2.56717e-11
2.61492e-11
2.61667e-11
2.56078e-11
2.43578e-11
2.23162e-11
1.94132e-11
1.56286e-11
1.10133e-11
5.71359e-12
7.60008e-34
1.12479e-16
7.60513e-14
1.48389e-13
2.17281e-13
2.82891e-13
3.45375e-13
4.04882e-13
4.61552e-13
5.15522e-13
5.6692e-13
6.15868e-13
6.62482e-13
7.06875e-13
7.49152e-13
7.89414e-13
8.27756e-13
8.64271e-13
8.99045e-13
9.32162e-13
9.637e-13
9.93735e-13
1.02234e-12
1.04958e-12
1.07552e-12
1.10023e-12
1.12375e-12
1.14616e-12
1.1675e-12
1.18782e-12
1.20717e-12
1.22561e-12
1.24316e-12
1.43643e-12
1.64892e-12
1.88252e-12
2.13929e-12
2.42148e-12
2.73151e-12
3.07205e-12
3.44597e-12
3.85637e-12
4.30656e-12
4.8001e-12
5.34074e-12
5.93241e-12
6.57917e-12
7.28516e-12
8.05444e-12
8.89092e-12
9.79807e-12
1.07787e-11
1.18346e-11
1.29658e-11
1.41703e-11
1.54431e-11
1.67749e-11
1.81511e-11
1.95503e-11
2.09423e-11
2.22865e-11
2.35298e-11
2.46053e-11
2.54311e-11
2.59108e-11
2.59357e-11
2.53899e-11
2.4159e-11
2.21423e-11
1.9269e-11
1.55179e-11
1.09386e-11
5.67608e-12
6.00108e-34
1.07756e-16
7.28576e-14
1.42158e-13
2.08157e-13
2.71012e-13
3.30872e-13
3.87879e-13
4.4217e-13
4.93874e-13
5.43113e-13
5.90006e-13
6.34663e-13
6.77192e-13
7.17694e-13
7.56265e-13
7.92998e-13
8.2798e-13
8.61294e-13
8.93021e-13
9.23235e-13
9.52009e-13
9.79412e-13
1.00551e-12
1.03036e-12
1.05403e-12
1.07657e-12
1.09804e-12
1.11848e-12
1.13795e-12
1.15649e-12
1.17415e-12
1.19096e-12
1.37612e-12
1.5797e-12
1.8035e-12
2.0495e-12
2.31986e-12
2.6169e-12
2.94318e-12
3.30146e-12
3.6947e-12
4.1261e-12
4.59906e-12
5.1172e-12
5.6843e-12
6.30427e-12
6.98111e-12
7.71877e-12
8.52102e-12
9.39129e-12
1.03324e-11
1.1346e-11
1.24326e-11
1.35902e-11
1.48144e-11
1.60965e-11
1.74229e-11
1.87735e-11
2.01198e-11
2.14233e-11
2.26335e-11
2.36863e-11
2.45032e-11
2.49908e-11
2.50435e-11
2.45476e-11
2.33895e-11
2.14678e-11
1.87091e-11
1.50877e-11
1.06479e-11
5.52984e-12
1.02167e-33
1.03437e-16
6.99377e-14
1.36461e-13
1.99815e-13
2.6015e-13
3.17612e-13
3.72335e-13
4.2445e-13
4.74082e-13
5.21348e-13
5.66361e-13
6.09229e-13
6.50054e-13
6.88933e-13
7.25959e-13
7.6122e-13
7.948e-13
8.26779e-13
8.57235e-13
8.86239e-13
9.1386e-13
9.40165e-13
9.65216e-13
9.89073e-13
1.01179e-12
1.03343e-12
1.05404e-12
1.07366e-12
1.09235e-12
1.11015e-12
1.1271e-12
1.14324e-12
1.32098e-12
1.51641e-12
1.73125e-12
1.96741e-12
2.22695e-12
2.51211e-12
2.82536e-12
3.16933e-12
3.54688e-12
3.96109e-12
4.41524e-12
4.9128e-12
5.45742e-12
6.0529e-12
6.70308e-12
7.4118e-12
8.18274e-12
9.01926e-12
9.9241e-12
1.08991e-11
1.19447e-11
1.30594e-11
1.4239e-11
1.54755e-11
1.67562e-11
1.80621e-11
1.93663e-11
2.06321e-11
2.18115e-11
2.28429e-11
2.36508e-11
2.41449e-11
2.42221e-11
2.3771e-11
2.26789e-11
2.08437e-11
1.81899e-11
1.46878e-11
1.03771e-11
5.39342e-12
1.00775e-33
1.00354e-16
6.78533e-14
1.32394e-13
1.93859e-13
2.52397e-13
3.08146e-13
3.61238e-13
4.118e-13
4.59953e-13
5.0581e-13
5.49482e-13
5.91073e-13
6.30681e-13
6.68401e-13
7.04324e-13
7.38534e-13
7.71114e-13
8.02141e-13
8.31689e-13
8.59828e-13
8.86627e-13
9.12148e-13
9.36452e-13
9.59599e-13
9.81642e-13
1.00263e-12
1.02263e-12
1.04167e-12
1.0598e-12
1.07707e-12
1.09351e-12
1.10917e-12
1.28162e-12
1.47123e-12
1.67968e-12
1.9088e-12
2.16062e-12
2.43731e-12
2.74125e-12
3.075e-12
3.44136e-12
3.8433e-12
4.28401e-12
4.76688e-12
5.29546e-12
5.87344e-12
6.50458e-12
7.19264e-12
7.94123e-12
8.75364e-12
9.63261e-12
1.058e-11
1.15964e-11
1.26804e-11
1.38281e-11
1.5032e-11
1.628e-11
1.75539e-11
1.88278e-11
2.00666e-11
2.12237e-11
2.22396e-11
2.30407e-11
2.35389e-11
2.36332e-11
2.32135e-11
2.2168e-11
2.03943e-11
1.78152e-11
1.43986e-11
1.01808e-11
5.29438e-12
8.99051e-34
9.82092e-17
6.64032e-14
1.29564e-13
1.89716e-13
2.47003e-13
3.0156e-13
3.53518e-13
4.03e-13
4.50123e-13
4.95001e-13
5.3774e-13
5.78442e-13
6.17204e-13
6.54118e-13
6.89273e-13
7.22752e-13
7.54636e-13
7.85e-13
8.13916e-13
8.41455e-13
8.67681e-13
8.92657e-13
9.16442e-13
9.39094e-13
9.60667e-13
9.81211e-13
1.00078e-12
1.01941e-12
1.03715e-12
1.05405e-12
1.07015e-12
1.08547e-12
1.25424e-12
1.4398e-12
1.6438e-12
1.86803e-12
2.11448e-12
2.38527e-12
2.68273e-12
3.00938e-12
3.36795e-12
3.76135e-12
4.19272e-12
4.66537e-12
5.18279e-12
5.7486e-12
6.3665e-12
7.04019e-12
7.77323e-12
8.56887e-12
9.42985e-12
1.03581e-11
1.13541e-11
1.24167e-11
1.35423e-11
1.47235e-11
1.59488e-11
1.72004e-11
1.84533e-11
1.96733e-11
2.08149e-11
2.18199e-11
2.26162e-11
2.31172e-11
2.32232e-11
2.28251e-11
2.18117e-11
2.00804e-11
1.7553e-11
1.41957e-11
1.00429e-11
5.22466e-12
8.06322e-34
9.67795e-17
6.54366e-14
1.27678e-13
1.86955e-13
2.43408e-13
2.97171e-13
3.48372e-13
3.97133e-13
4.43571e-13
4.87796e-13
5.29913e-13
5.70022e-13
6.0822e-13
6.44597e-13
6.7924e-13
7.12232e-13
7.43652e-13
7.73574e-13
8.0207e-13
8.29208e-13
8.55052e-13
8.79664e-13
9.03104e-13
9.25426e-13
9.46685e-13
9.6693e-13
9.86211e-13
1.00457e-12
1.02206e-12
1.03871e-12
1.05457e-12
1.06968e-12
1.23599e-12
1.41885e-12
1.61988e-12
1.84086e-12
2.08372e-12
2.35058e-12
2.64373e-12
2.96565e-12
3.31902e-12
3.70673e-12
4.13187e-12
4.59771e-12
5.1077e-12
5.6654e-12
6.27449e-12
6.9386e-12
7.66128e-12
8.44577e-12
9.29478e-12
1.02102e-11
1.11927e-11
1.22412e-11
1.3352e-11
1.45182e-11
1.57284e-11
1.69652e-11
1.82043e-11
1.94118e-11
2.05432e-11
2.15411e-11
2.23344e-11
2.28372e-11
2.29509e-11
2.25671e-11
2.15747e-11
1.98713e-11
1.73781e-11
1.40601e-11
9.95039e-12
5.17781e-12
7.26244e-34
9.58954e-17
6.48389e-14
1.26512e-13
1.85247e-13
2.41184e-13
2.94456e-13
3.4519e-13
3.93506e-13
4.3952e-13
4.8334e-13
5.25072e-13
5.64816e-13
6.02665e-13
6.38709e-13
6.73036e-13
7.05727e-13
7.3686e-13
7.66509e-13
7.94744e-13
8.21634e-13
8.47243e-13
8.7163e-13
8.94856e-13
9.16974e-13
9.38039e-13
9.58099e-13
9.77204e-13
9.95398e-13
1.01273e-12
1.02923e-12
1.04494e-12
1.05991e-12
1.2247e-12
1.40589e-12
1.60509e-12
1.82405e-12
2.06471e-12
2.32913e-12
2.61961e-12
2.9386e-12
3.28877e-12
3.67297e-12
4.09426e-12
4.55589e-12
5.06128e-12
5.61398e-12
6.21762e-12
6.87583e-12
7.59213e-12
8.36973e-12
9.21137e-12
1.01189e-11
1.10931e-11
1.21329e-11
1.32347e-11
1.43917e-11
1.55927e-11
1.68206e-11
1.80512e-11
1.92513e-11
2.03766e-11
2.13703e-11
2.21618e-11
2.26659e-11
2.27844e-11
2.24093e-11
2.14298e-11
1.97432e-11
1.72705e-11
1.39764e-11
9.8931e-12
5.1487e-12
6.56337e-34
9.54267e-17
6.4522e-14
1.25894e-13
1.84342e-13
2.40006e-13
2.93017e-13
3.43503e-13
3.91583e-13
4.37372e-13
4.80978e-13
5.22507e-13
5.62056e-13
5.9972e-13
6.35589e-13
6.69748e-13
7.02279e-13
7.3326e-13
7.62764e-13
7.90861e-13
8.1762e-13
8.43103e-13
8.67372e-13
8.90484e-13
9.12494e-13
9.33456e-13
9.53418e-13
9.7243e-13
9.90535e-13
1.00778e-12
1.0242e-12
1.03984e-12
1.05473e-12
1.21872e-12
1.39902e-12
1.59725e-12
1.81515e-12
2.05463e-12
2.31777e-12
2.60683e-12
2.92427e-12
3.27274e-12
3.65508e-12
4.07433e-12
4.53374e-12
5.0367e-12
5.58676e-12
6.18753e-12
6.84263e-12
7.55556e-12
8.32955e-12
9.16732e-12
1.00708e-11
1.10406e-11
1.20759e-11
1.3173e-11
1.43253e-11
1.55215e-11
1.67449e-11
1.79714e-11
1.91677e-11
2.02901e-11
2.1282e-11
2.20728e-11
2.25778e-11
2.26989e-11
2.23283e-11
2.13553e-11
1.96771e-11
1.72147e-11
1.39326e-11
9.86288e-12
5.13323e-12
5.94731e-34
9.52727e-17
6.44179e-14
1.25691e-13
1.84044e-13
2.39618e-13
2.92545e-13
3.42949e-13
3.90951e-13
4.36666e-13
4.80202e-13
5.21664e-13
5.61149e-13
5.98752e-13
6.34563e-13
6.68667e-13
7.01146e-13
7.32077e-13
7.61533e-13
7.89586e-13
8.16301e-13
8.41743e-13
8.65973e-13
8.89047e-13
9.11022e-13
9.3195e-13
9.51881e-13
9.70861e-13
9.88937e-13
1.00615e-12
1.02255e-12
1.03816e-12
1.05303e-12
1.21675e-12
1.39677e-12
1.59468e-12
1.81222e-12
2.05132e-12
2.31404e-12
2.60264e-12
2.91957e-12
3.26748e-12
3.64921e-12
4.06781e-12
4.52649e-12
5.02867e-12
5.57787e-12
6.17771e-12
6.83181e-12
7.54367e-12
8.31652e-12
9.15308e-12
1.00553e-11
1.10238e-11
1.20577e-11
1.31535e-11
1.43044e-11
1.54993e-11
1.67216e-11
1.7947e-11
1.91426e-11
2.02644e-11
2.12561e-11
2.20472e-11
2.25528e-11
2.26749e-11
2.23057e-11
2.13343e-11
1.96582e-11
1.71983e-11
1.39193e-11
9.85328e-12
5.12815e-12
5.40008e-34
9.53549e-17
6.44735e-14
1.25799e-13
1.84203e-13
2.39825e-13
2.92797e-13
3.43245e-13
3.91288e-13
4.37043e-13
4.80617e-13
5.22114e-13
5.61633e-13
5.99269e-13
6.3511e-13
6.69244e-13
7.01751e-13
7.32708e-13
7.6219e-13
7.90267e-13
8.17005e-13
8.42469e-13
8.6672e-13
8.89814e-13
9.11808e-13
9.32754e-13
9.52702e-13
9.71699e-13
9.89791e-13
1.00702e-12
1.02343e-12
1.03906e-12
1.05394e-12
1.2178e-12
1.39797e-12
1.59605e-12
1.81379e-12
2.05309e-12
2.31604e-12
2.60489e-12
2.9221e-12
3.27031e-12
3.65238e-12
4.07134e-12
4.53042e-12
5.03305e-12
5.58274e-12
6.18312e-12
6.83781e-12
7.55032e-12
8.32388e-12
9.16122e-12
1.00643e-11
1.10338e-11
1.20686e-11
1.31655e-11
1.43176e-11
1.55139e-11
1.67375e-11
1.79643e-11
1.91612e-11
2.02844e-11
2.12773e-11
2.20692e-11
2.25752e-11
2.26971e-11
2.23268e-11
2.13536e-11
1.96748e-11
1.72115e-11
1.39287e-11
9.85916e-12
5.13089e-12
4.91076e-34
9.56118e-17
6.46472e-14
1.26138e-13
1.84699e-13
2.40471e-13
2.93586e-13
3.44169e-13
3.92343e-13
4.3822e-13
4.81911e-13
5.2352e-13
5.63146e-13
6.00883e-13
6.36822e-13
6.71047e-13
7.03641e-13
7.34682e-13
7.64243e-13
7.92396e-13
8.19206e-13
8.44739e-13
8.69055e-13
8.92212e-13
9.14265e-13
9.35267e-13
9.55268e-13
9.74317e-13
9.92457e-13
1.00973e-12
1.02619e-12
1.04185e-12
1.05678e-12
1.22108e-12
1.40174e-12
1.60035e-12
1.81867e-12
2.05862e-12
2.32228e-12
2.61191e-12
2.92997e-12
3.27912e-12
3.66222e-12
4.08231e-12
4.54263e-12
5.04661e-12
5.59778e-12
6.19978e-12
6.85624e-12
7.57067e-12
8.34632e-12
9.18592e-12
1.00914e-11
1.10635e-11
1.21012e-11
1.3201e-11
1.43562e-11
1.55556e-11
1.67824e-11
1.80124e-11
1.92123e-11
2.03381e-11
2.13331e-11
2.21263e-11
2.26326e-11
2.27534e-11
2.23804e-11
2.14026e-11
1.97175e-11
1.72465e-11
1.3955e-11
9.87649e-12
5.1394e-12
4.47087e-34
9.59953e-17
6.49065e-14
1.26644e-13
1.8544e-13
2.41436e-13
2.94763e-13
3.4555e-13
3.93916e-13
4.39978e-13
4.83844e-13
5.2562e-13
5.65405e-13
6.03293e-13
6.39376e-13
6.73739e-13
7.06464e-13
7.37629e-13
7.67309e-13
7.95574e-13
8.22492e-13
8.48127e-13
8.7254e-13
8.9579e-13
9.17932e-13
9.39019e-13
9.591e-13
9.78225e-13
9.96438e-13
1.01378e-12
1.0303e-12
1.04603e-12
1.06102e-12
1.22598e-12
1.40736e-12
1.60677e-12
1.82597e-12
2.06688e-12
2.33159e-12
2.62238e-12
2.94172e-12
3.29227e-12
3.6769e-12
4.09867e-12
4.56084e-12
5.06683e-12
5.6202e-12
6.22461e-12
6.88368e-12
7.60096e-12
8.37968e-12
9.22261e-12
1.01317e-11
1.11076e-11
1.21493e-11
1.32534e-11
1.4413e-11
1.5617e-11
1.68483e-11
1.80827e-11
1.92868e-11
2.04163e-11
2.1414e-11
2.22089e-11
2.27154e-11
2.28343e-11
2.24573e-11
2.1473e-11
1.97791e-11
1.72972e-11
1.39935e-11
9.90206e-12
5.15207e-12
4.07373e-34
9.64678e-17
6.52259e-14
1.27267e-13
1.86353e-13
2.42624e-13
2.96214e-13
3.47251e-13
3.95855e-13
4.42143e-13
4.86226e-13
5.28207e-13
5.68187e-13
6.06262e-13
6.42523e-13
6.77054e-13
7.09941e-13
7.41259e-13
7.71085e-13
7.99489e-13
8.2654e-13
8.52301e-13
8.76834e-13
9.00199e-13
9.22449e-13
9.4364e-13
9.6382e-13
9.83039e-13
1.00134e-12
1.01877e-12
1.03537e-12
1.05118e-12
1.06624e-12
1.23201e-12
1.41429e-12
1.61468e-12
1.83495e-12
2.07705e-12
2.34306e-12
2.63528e-12
2.95619e-12
3.30846e-12
3.69498e-12
4.11882e-12
4.58325e-12
5.09172e-12
5.6478e-12
6.25516e-12
6.91745e-12
7.63821e-12
8.42072e-12
9.26772e-12
1.01812e-11
1.11617e-11
1.22084e-11
1.33177e-11
1.44827e-11
1.56922e-11
1.6929e-11
1.81687e-11
1.93778e-11
2.05115e-11
2.15125e-11
2.23093e-11
2.28158e-11
2.29325e-11
2.25505e-11
2.15584e-11
1.98538e-11
1.73589e-11
1.40405e-11
9.93337e-12
5.16763e-12
3.71398e-34
9.69996e-17
6.55855e-14
1.27969e-13
1.8738e-13
2.43962e-13
2.97847e-13
3.49165e-13
3.98037e-13
4.44581e-13
4.88906e-13
5.31119e-13
5.7132e-13
6.09605e-13
6.46065e-13
6.80787e-13
7.13855e-13
7.45346e-13
7.75336e-13
8.03897e-13
8.31097e-13
8.57e-13
8.81668e-13
9.05161e-13
9.27535e-13
9.48842e-13
9.69134e-13
9.88458e-13
1.00686e-12
1.02439e-12
1.04108e-12
1.05698e-12
1.07212e-12
1.2388e-12
1.42208e-12
1.62358e-12
1.84507e-12
2.08849e-12
2.35597e-12
2.6498e-12
2.97248e-12
3.32669e-12
3.71533e-12
4.1415e-12
4.60848e-12
5.11974e-12
5.67887e-12
6.28954e-12
6.95544e-12
7.68013e-12
8.46688e-12
9.31845e-12
1.02368e-11
1.12226e-11
1.22748e-11
1.33899e-11
1.4561e-11
1.57766e-11
1.70195e-11
1.82651e-11
1.94796e-11
2.06181e-11
2.16227e-11
2.24215e-11
2.29278e-11
2.30419e-11
2.26544e-11
2.16536e-11
1.99372e-11
1.74278e-11
1.40929e-11
9.96845e-12
5.1851e-12
3.38727e-34
9.75679e-17
6.59698e-14
1.28718e-13
1.88478e-13
2.45391e-13
2.99592e-13
3.51211e-13
4.00369e-13
4.47186e-13
4.91771e-13
5.34231e-13
5.74667e-13
6.13176e-13
6.4985e-13
6.84776e-13
7.18037e-13
7.49712e-13
7.79878e-13
8.08607e-13
8.35965e-13
8.6202e-13
8.86834e-13
9.10464e-13
9.32969e-13
9.54401e-13
9.74811e-13
9.94249e-13
1.01276e-12
1.03039e-12
1.04718e-12
1.06317e-12
1.0784e-12
1.24606e-12
1.43041e-12
1.63309e-12
1.85587e-12
2.10073e-12
2.36977e-12
2.66532e-12
2.98988e-12
3.34616e-12
3.73707e-12
4.16573e-12
4.63543e-12
5.14967e-12
5.71205e-12
6.32626e-12
6.99602e-12
7.72489e-12
8.51617e-12
9.37262e-12
1.02962e-11
1.12876e-11
1.23457e-11
1.3467e-11
1.46444e-11
1.58665e-11
1.7116e-11
1.83679e-11
1.95881e-11
2.07315e-11
2.17399e-11
2.25407e-11
2.3047e-11
2.31583e-11
2.27648e-11
2.17547e-11
2.00258e-11
1.7501e-11
1.41488e-11
1.00058e-11
5.20371e-12
3.08997e-34
9.81549e-17
6.63666e-14
1.29493e-13
1.89612e-13
2.46867e-13
3.01394e-13
3.53323e-13
4.02778e-13
4.49876e-13
4.94729e-13
5.37444e-13
5.78124e-13
6.16865e-13
6.53759e-13
6.88895e-13
7.22356e-13
7.54222e-13
7.8457e-13
8.13471e-13
8.40994e-13
8.67206e-13
8.92168e-13
9.15941e-13
9.38581e-13
9.60141e-13
9.80675e-13
1.00023e-12
1.01885e-12
1.03659e-12
1.05348e-12
1.06956e-12
1.08488e-12
1.25356e-12
1.43902e-12
1.64291e-12
1.86704e-12
2.11336e-12
2.38402e-12
2.68134e-12
3.00785e-12
3.36627e-12
3.75952e-12
4.19075e-12
4.66327e-12
5.18057e-12
5.74631e-12
6.36419e-12
7.03792e-12
7.77111e-12
8.56706e-12
9.42855e-12
1.03575e-11
1.13547e-11
1.24189e-11
1.35465e-11
1.47305e-11
1.59593e-11
1.72154e-11
1.84737e-11
1.96999e-11
2.08484e-11
2.18606e-11
2.26635e-11
2.31696e-11
2.32779e-11
2.28783e-11
2.18587e-11
2.01169e-11
1.75763e-11
1.42062e-11
1.00442e-11
5.22287e-12
2.81906e-34
9.87468e-17
6.67669e-14
1.30274e-13
1.90755e-13
2.48356e-13
3.03212e-13
3.55454e-13
4.05207e-13
4.52589e-13
4.97712e-13
5.40685e-13
5.8161e-13
6.20585e-13
6.57701e-13
6.93049e-13
7.26712e-13
7.5877e-13
7.89301e-13
8.18376e-13
8.46065e-13
8.72435e-13
8.97548e-13
9.21464e-13
9.4424e-13
9.65931e-13
9.86588e-13
1.00626e-12
1.025e-12
1.04284e-12
1.05983e-12
1.07601e-12
1.09142e-12
1.26112e-12
1.44769e-12
1.65282e-12
1.87829e-12
2.1261e-12
2.39839e-12
2.6975e-12
3.02598e-12
3.38655e-12
3.78217e-12
4.21598e-12
4.69133e-12
5.21174e-12
5.78086e-12
6.40242e-12
7.08017e-12
7.81771e-12
8.61837e-12
9.48493e-12
1.04193e-11
1.14223e-11
1.24926e-11
1.36267e-11
1.48173e-11
1.60528e-11
1.73156e-11
1.85804e-11
1.98125e-11
2.0966e-11
2.1982e-11
2.2787e-11
2.32928e-11
2.33982e-11
2.29923e-11
2.19631e-11
2.02083e-11
1.76519e-11
1.42638e-11
1.00828e-11
5.24213e-12
2.57195e-34
9.93334e-17
6.71634e-14
1.31047e-13
1.91888e-13
2.49831e-13
3.05013e-13
3.57565e-13
4.07614e-13
4.55277e-13
5.00669e-13
5.43897e-13
5.85065e-13
6.24271e-13
6.61608e-13
6.97165e-13
7.31028e-13
7.63277e-13
7.93989e-13
8.23237e-13
8.51091e-13
8.77617e-13
9.02879e-13
9.26937e-13
9.49849e-13
9.71668e-13
9.92448e-13
1.01224e-12
1.03108e-12
1.04903e-12
1.06612e-12
1.0824e-12
1.09791e-12
1.26861e-12
1.45629e-12
1.66263e-12
1.88944e-12
2.13872e-12
2.41263e-12
2.71351e-12
3.04393e-12
3.40664e-12
3.8046e-12
4.24098e-12
4.71914e-12
5.24262e-12
5.81509e-12
6.44031e-12
7.12203e-12
7.86389e-12
8.6692e-12
9.54078e-12
1.04806e-11
1.14892e-11
1.25656e-11
1.3706e-11
1.49032e-11
1.61454e-11
1.74148e-11
1.86859e-11
1.99239e-11
2.10824e-11
2.21021e-11
2.29091e-11
2.34147e-11
2.3517e-11
2.3105e-11
2.20663e-11
2.02987e-11
1.77266e-11
1.43208e-11
1.0121e-11
5.26115e-12
2.34638e-34
9.99069e-17
6.75512e-14
1.31804e-13
1.92996e-13
2.51273e-13
3.06774e-13
3.5963e-13
4.09967e-13
4.57905e-13
5.03559e-13
5.47037e-13
5.88442e-13
6.27874e-13
6.65427e-13
7.0119e-13
7.35248e-13
7.67683e-13
7.98572e-13
8.27989e-13
8.56003e-13
8.82683e-13
9.08091e-13
9.32288e-13
9.55331e-13
9.77277e-13
9.98177e-13
1.01808e-12
1.03704e-12
1.05509e-12
1.07228e-12
1.08865e-12
1.10424e-12
1.27593e-12
1.4647e-12
1.67223e-12
1.90035e-12
2.15106e-12
2.42655e-12
2.72917e-12
3.06149e-12
3.42629e-12
3.82654e-12
4.26542e-12
4.74633e-12
5.27281e-12
5.84855e-12
6.47735e-12
7.16295e-12
7.90902e-12
8.71889e-12
9.59537e-12
1.05404e-11
1.15547e-11
1.2637e-11
1.37836e-11
1.49872e-11
1.62359e-11
1.75117e-11
1.8789e-11
2.00327e-11
2.11961e-11
2.22194e-11
2.30283e-11
2.35336e-11
2.3633e-11
2.3215e-11
2.21669e-11
2.03867e-11
1.77994e-11
1.43763e-11
1.01581e-11
5.27969e-12
1.68308e-34
1.00209e-16
6.77556e-14
1.32203e-13
1.9358e-13
2.52034e-13
3.07702e-13
3.60718e-13
4.11207e-13
4.59291e-13
5.05082e-13
5.48692e-13
5.90223e-13
6.29774e-13
6.67441e-13
7.03312e-13
7.37473e-13
7.70006e-13
8.00988e-13
8.30494e-13
8.58594e-13
8.85354e-13
9.10838e-13
9.35109e-13
9.58222e-13
9.80234e-13
1.0012e-12
1.02116e-12
1.04017e-12
1.05828e-12
1.07552e-12
1.09195e-12
1.10758e-12
1.27979e-12
1.46913e-12
1.67728e-12
1.9061e-12
2.15757e-12
2.43389e-12
2.73742e-12
3.07075e-12
3.43665e-12
3.8381e-12
4.27831e-12
4.76066e-12
5.28872e-12
5.8662e-12
6.49687e-12
7.18452e-12
7.93281e-12
8.74508e-12
9.62415e-12
1.0572e-11
1.15892e-11
1.26746e-11
1.38245e-11
1.50314e-11
1.62835e-11
1.75628e-11
1.88433e-11
2.009e-11
2.1256e-11
2.22812e-11
2.30911e-11
2.35962e-11
2.3694e-11
2.32728e-11
2.22198e-11
2.04331e-11
1.78377e-11
1.44055e-11
1.01777e-11
5.28944e-12
6.9463e-36
1.00418e-16
6.7897e-14
1.32479e-13
1.93984e-13
2.5256e-13
3.08344e-13
3.61471e-13
4.12066e-13
4.60249e-13
5.06137e-13
5.49837e-13
5.91455e-13
6.31089e-13
6.68834e-13
7.04779e-13
7.39012e-13
7.71613e-13
8.0266e-13
8.32227e-13
8.60385e-13
8.87201e-13
9.12739e-13
9.3706e-13
9.60222e-13
9.8228e-13
1.00329e-12
1.02329e-12
1.04234e-12
1.06049e-12
1.07777e-12
1.09422e-12
1.1099e-12
1.28246e-12
1.47219e-12
1.68078e-12
1.91007e-12
2.16207e-12
2.43896e-12
2.74313e-12
3.07715e-12
3.44381e-12
3.8461e-12
4.28722e-12
4.77058e-12
5.29973e-12
5.8784e-12
6.51037e-12
7.19944e-12
7.94926e-12
8.76319e-12
9.64405e-12
1.05938e-11
1.1613e-11
1.27006e-11
1.38527e-11
1.5062e-11
1.63164e-11
1.7598e-11
1.88808e-11
2.01294e-11
2.12971e-11
2.23236e-11
2.31341e-11
2.3639e-11
2.37356e-11
2.3312e-11
2.22555e-11
2.04641e-11
1.78631e-11
1.44248e-11
1.01905e-11
5.29577e-12
-1.49847e-34
1.00595e-16
6.80167e-14
1.32712e-13
1.94326e-13
2.53005e-13
3.08888e-13
3.62108e-13
4.12792e-13
4.61061e-13
5.07029e-13
5.50807e-13
5.92498e-13
6.32202e-13
6.70013e-13
7.06022e-13
7.40315e-13
7.72974e-13
8.04076e-13
8.33695e-13
8.61903e-13
8.88766e-13
9.14349e-13
9.38713e-13
9.61915e-13
9.84012e-13
1.00506e-12
1.0251e-12
1.04418e-12
1.06236e-12
1.07967e-12
1.09615e-12
1.11185e-12
1.28472e-12
1.47479e-12
1.68375e-12
1.91344e-12
2.16588e-12
2.44326e-12
2.74796e-12
3.08257e-12
3.44987e-12
3.85287e-12
4.29476e-12
4.77896e-12
5.30904e-12
5.88871e-12
6.52178e-12
7.21203e-12
7.96313e-12
8.77845e-12
9.66079e-12
1.06121e-11
1.1633e-11
1.27224e-11
1.38762e-11
1.50874e-11
1.63436e-11
1.76269e-11
1.89114e-11
2.01614e-11
2.13301e-11
2.2357e-11
2.31674e-11
2.36714e-11
2.3766e-11
2.33396e-11
2.22792e-11
2.04832e-11
1.78774e-11
1.44343e-11
1.0196e-11
5.29817e-12
-1.91795e-34
1.00467e-16
6.79299e-14
1.32543e-13
1.94078e-13
2.52682e-13
3.08494e-13
3.61646e-13
4.12265e-13
4.60473e-13
5.06382e-13
5.50104e-13
5.91742e-13
6.31395e-13
6.69158e-13
7.05121e-13
7.39371e-13
7.71987e-13
8.03049e-13
8.32631e-13
8.60803e-13
8.87632e-13
9.13182e-13
9.37515e-13
9.60687e-13
9.82756e-13
1.00377e-12
1.02379e-12
1.04285e-12
1.061e-12
1.07829e-12
1.09475e-12
1.11043e-12
1.28308e-12
1.47291e-12
1.6816e-12
1.911e-12
2.16312e-12
2.44014e-12
2.74445e-12
3.07863e-12
3.44547e-12
3.84795e-12
4.28927e-12
4.77285e-12
5.30224e-12
5.88117e-12
6.51342e-12
7.20278e-12
7.95291e-12
8.76717e-12
9.64835e-12
1.05984e-11
1.1618e-11
1.27059e-11
1.38582e-11
1.50676e-11
1.63222e-11
1.76036e-11
1.88861e-11
2.01342e-11
2.13009e-11
2.2326e-11
2.31346e-11
2.36371e-11
2.37306e-11
2.33037e-11
2.22437e-11
2.04493e-11
1.78466e-11
1.44085e-11
1.01771e-11
5.28815e-12
-1.7417e-34
1.0011e-16
6.76888e-14
1.32072e-13
1.93389e-13
2.51785e-13
3.07399e-13
3.60362e-13
4.10802e-13
4.58838e-13
5.04584e-13
5.48151e-13
5.89641e-13
6.29153e-13
6.66782e-13
7.02618e-13
7.36745e-13
7.69246e-13
8.00198e-13
8.29675e-13
8.57747e-13
8.8448e-13
9.0994e-13
9.34186e-13
9.57277e-13
9.79267e-13
1.00021e-12
1.02015e-12
1.03915e-12
1.05724e-12
1.07446e-12
1.09087e-12
1.10649e-12
1.27852e-12
1.46768e-12
1.67563e-12
1.90421e-12
2.15544e-12
2.43148e-12
2.73471e-12
3.0677e-12
3.43323e-12
3.83428e-12
4.27405e-12
4.75591e-12
5.28342e-12
5.86029e-12
6.4903e-12
7.17722e-12
7.92469e-12
8.73605e-12
9.61411e-12
1.05608e-11
1.15768e-11
1.26608e-11
1.3809e-11
1.50142e-11
1.62643e-11
1.75412e-11
1.88192e-11
2.00628e-11
2.12254e-11
2.22468e-11
2.30525e-11
2.35531e-11
2.36462e-11
2.32206e-11
2.21642e-11
2.0376e-11
1.77824e-11
1.43564e-11
1.01402e-11
5.26893e-12
-1.57864e-34
9.95878e-17
6.73354e-14
1.31383e-13
1.9238e-13
2.50471e-13
3.05794e-13
3.58481e-13
4.08657e-13
4.56443e-13
5.0195e-13
5.45289e-13
5.86563e-13
6.25869e-13
6.63302e-13
6.9895e-13
7.329e-13
7.65231e-13
7.96021e-13
8.25344e-13
8.53269e-13
8.79863e-13
9.0519e-13
9.2931e-13
9.5228e-13
9.74155e-13
9.94988e-13
1.01483e-12
1.03372e-12
1.05172e-12
1.06885e-12
1.08517e-12
1.10072e-12
1.27185e-12
1.46002e-12
1.66688e-12
1.89427e-12
2.14419e-12
2.41879e-12
2.72044e-12
3.05169e-12
3.41532e-12
3.81428e-12
4.25175e-12
4.73109e-12
5.25586e-12
5.82973e-12
6.45645e-12
7.1398e-12
7.88338e-12
8.69053e-12
9.56404e-12
1.05058e-11
1.15165e-11
1.2595e-11
1.37373e-11
1.49363e-11
1.618e-11
1.74504e-11
1.87219e-11
1.99594e-11
2.11163e-11
2.21327e-11
2.29347e-11
2.34332e-11
2.35263e-11
2.31035e-11
2.20529e-11
2.02743e-11
1.76941e-11
1.42855e-11
1.00904e-11
5.24311e-12
-1.42885e-34
9.89493e-17
6.69037e-14
1.30541e-13
1.91146e-13
2.48865e-13
3.03833e-13
3.56183e-13
4.06037e-13
4.53516e-13
4.98732e-13
5.41793e-13
5.82802e-13
6.21856e-13
6.59049e-13
6.94469e-13
7.28201e-13
7.60325e-13
7.90918e-13
8.20053e-13
8.47799e-13
8.74222e-13
8.99387e-13
9.23352e-13
9.46174e-13
9.6791e-13
9.88609e-13
1.00832e-12
1.0271e-12
1.04497e-12
1.062e-12
1.07822e-12
1.09366e-12
1.2637e-12
1.45066e-12
1.6562e-12
1.88213e-12
2.13044e-12
2.40328e-12
2.703e-12
3.03213e-12
3.39343e-12
3.78983e-12
4.2245e-12
4.70078e-12
5.22219e-12
5.79239e-12
6.41511e-12
7.0941e-12
7.83294e-12
8.63495e-12
9.5029e-12
1.04387e-11
1.1443e-11
1.25146e-11
1.36498e-11
1.48413e-11
1.60772e-11
1.73398e-11
1.86036e-11
1.98336e-11
2.09836e-11
2.19943e-11
2.27919e-11
2.32882e-11
2.33818e-11
2.29626e-11
2.19196e-11
2.01528e-11
1.75891e-11
1.42016e-11
1.00316e-11
5.21276e-12
-1.29199e-34
9.82345e-17
6.64204e-14
1.29598e-13
1.89766e-13
2.47067e-13
3.01638e-13
3.5361e-13
4.03104e-13
4.5024e-13
4.95129e-13
5.37879e-13
5.78592e-13
6.17364e-13
6.54288e-13
6.89452e-13
7.2294e-13
7.54832e-13
7.85204e-13
8.14129e-13
8.41674e-13
8.67907e-13
8.9289e-13
9.16681e-13
9.39339e-13
9.60918e-13
9.81467e-13
1.00104e-12
1.01968e-12
1.03743e-12
1.05433e-12
1.07043e-12
1.08576e-12
1.25457e-12
1.44018e-12
1.64423e-12
1.86854e-12
2.11505e-12
2.38592e-12
2.68348e-12
3.01024e-12
3.36892e-12
3.76247e-12
4.194e-12
4.66685e-12
5.1845e-12
5.7506e-12
6.36884e-12
7.04294e-12
7.77648e-12
8.57274e-12
9.43448e-12
1.03636e-11
1.13608e-11
1.24248e-11
1.35519e-11
1.4735e-11
1.59624e-11
1.72162e-11
1.84714e-11
1.96931e-11
2.08356e-11
2.18399e-11
2.26329e-11
2.31268e-11
2.3221e-11
2.28062e-11
2.17719e-11
2.00186e-11
1.74734e-11
1.41093e-11
9.9671e-12
5.1795e-12
-1.16744e-34
9.74743e-17
6.59064e-14
1.28595e-13
1.88297e-13
2.45155e-13
2.99304e-13
3.50873e-13
3.99985e-13
4.46756e-13
4.91298e-13
5.33717e-13
5.74115e-13
6.12587e-13
6.49225e-13
6.84117e-13
7.17346e-13
7.48991e-13
7.79128e-13
8.07829e-13
8.35161e-13
8.61191e-13
8.8598e-13
9.09588e-13
9.32071e-13
9.53482e-13
9.73873e-13
9.93292e-13
1.01179e-12
1.0294e-12
1.04617e-12
1.06214e-12
1.07736e-12
1.24486e-12
1.42903e-12
1.63151e-12
1.85408e-12
2.09869e-12
2.36746e-12
2.66272e-12
2.98695e-12
3.34286e-12
3.73337e-12
4.16157e-12
4.63076e-12
5.14442e-12
5.70615e-12
6.31963e-12
6.98855e-12
7.71645e-12
8.5066e-12
9.36174e-12
1.02838e-11
1.12733e-11
1.23293e-11
1.34479e-11
1.46221e-11
1.58403e-11
1.70849e-11
1.83309e-11
1.9544e-11
2.06785e-11
2.16762e-11
2.24643e-11
2.29558e-11
2.30509e-11
2.26408e-11
2.16159e-11
1.9877e-11
1.73515e-11
1.40122e-11
9.89935e-12
5.14461e-12
-1.05446e-34
9.66927e-17
6.53779e-14
1.27564e-13
1.86787e-13
2.43189e-13
2.96904e-13
3.4806e-13
3.96777e-13
4.43174e-13
4.87358e-13
5.29438e-13
5.69511e-13
6.07675e-13
6.44019e-13
6.78632e-13
7.11594e-13
7.42986e-13
7.72881e-13
8.01351e-13
8.28465e-13
8.54286e-13
8.78876e-13
9.02295e-13
9.24597e-13
9.45837e-13
9.66064e-13
9.85327e-13
1.00367e-12
1.02114e-12
1.03778e-12
1.05363e-12
1.06872e-12
1.23488e-12
1.41758e-12
1.61843e-12
1.83921e-12
2.08186e-12
2.34849e-12
2.64137e-12
2.96301e-12
3.31607e-12
3.70345e-12
4.12822e-12
4.59367e-12
5.10322e-12
5.66046e-12
6.26904e-12
6.93262e-12
7.65473e-12
8.4386e-12
9.28696e-12
1.02017e-11
1.11835e-11
1.22311e-11
1.3341e-11
1.45061e-11
1.57149e-11
1.695e-11
1.81866e-11
1.93907e-11
2.05172e-11
2.1508e-11
2.22912e-11
2.27804e-11
2.28765e-11
2.24714e-11
2.14562e-11
1.97323e-11
1.7227e-11
1.39131e-11
9.83027e-12
5.10905e-12
-9.52189e-35
9.59079e-17
6.48473e-14
1.26528e-13
1.85271e-13
2.41216e-13
2.94495e-13
3.45235e-13
3.93557e-13
4.39577e-13
4.83403e-13
5.25141e-13
5.64889e-13
6.02743e-13
6.38793e-13
6.73124e-13
7.05819e-13
7.36956e-13
7.66609e-13
7.94848e-13
8.21741e-13
8.47353e-13
8.71744e-13
8.94972e-13
9.17094e-13
9.38161e-13
9.58224e-13
9.77331e-13
9.95527e-13
1.01286e-12
1.02936e-12
1.04508e-12
1.06005e-12
1.22486e-12
1.40607e-12
1.6053e-12
1.82429e-12
2.06497e-12
2.32943e-12
2.61994e-12
2.93897e-12
3.28917e-12
3.67341e-12
4.09475e-12
4.55642e-12
5.06185e-12
5.61459e-12
6.21825e-12
6.87648e-12
7.59277e-12
8.37033e-12
9.21188e-12
1.01193e-11
1.10932e-11
1.21325e-11
1.32337e-11
1.43896e-11
1.5589e-11
1.68146e-11
1.80419e-11
1.9237e-11
2.03553e-11
2.13394e-11
2.21177e-11
2.26046e-11
2.27017e-11
2.23018e-11
2.12964e-11
1.95874e-11
1.71025e-11
1.38142e-11
9.76132e-12
5.07358e-12
-1.48219e-36
9.50917e-17
6.42955e-14
1.25452e-13
1.83695e-13
2.39163e-13
2.91989e-13
3.42297e-13
3.90208e-13
4.35836e-13
4.79289e-13
5.20672e-13
5.60082e-13
5.97614e-13
6.33357e-13
6.67396e-13
6.99813e-13
7.30684e-13
7.60085e-13
7.88084e-13
8.14748e-13
8.40142e-13
8.64325e-13
8.87356e-13
9.09289e-13
9.30177e-13
9.5007e-13
9.69014e-13
9.87056e-13
1.00424e-12
1.0206e-12
1.03618e-12
1.05103e-12
1.21444e-12
1.39411e-12
1.59164e-12
1.80877e-12
2.0474e-12
2.30961e-12
2.59765e-12
2.91397e-12
3.2612e-12
3.64217e-12
4.05992e-12
4.51768e-12
5.01882e-12
5.56687e-12
6.16543e-12
6.81809e-12
7.52832e-12
8.29933e-12
9.1338e-12
1.00336e-11
1.09994e-11
1.203e-11
1.3122e-11
1.42685e-11
1.54581e-11
1.66738e-11
1.78913e-11
1.90772e-11
2.0187e-11
2.1164e-11
2.19373e-11
2.24218e-11
2.252e-11
2.21254e-11
2.11303e-11
1.94369e-11
1.69732e-11
1.37114e-11
9.6897e-12
5.03675e-12
9.12017e-35
9.42023e-17
6.36941e-14
1.24278e-13
1.81977e-13
2.36926e-13
2.89258e-13
3.39096e-13
3.86559e-13
4.3176e-13
4.74807e-13
5.15802e-13
5.54844e-13
5.92024e-13
6.27433e-13
6.61154e-13
6.93268e-13
7.23851e-13
7.52976e-13
7.80713e-13
8.07128e-13
8.32284e-13
8.56242e-13
8.79057e-13
9.00785e-13
9.21478e-13
9.41184e-13
9.59951e-13
9.77824e-13
9.94846e-13
1.01106e-12
1.02649e-12
1.0412e-12
1.20308e-12
1.38107e-12
1.57675e-12
1.79185e-12
2.02825e-12
2.28801e-12
2.57336e-12
2.88672e-12
3.23071e-12
3.60812e-12
4.02198e-12
4.47547e-12
4.97194e-12
5.51488e-12
6.10787e-12
6.75446e-12
7.4581e-12
8.22196e-12
9.04871e-12
9.94021e-12
1.08971e-11
1.19183e-11
1.30004e-11
1.41365e-11
1.53154e-11
1.65203e-11
1.77272e-11
1.89029e-11
2.00036e-11
2.09728e-11
2.17405e-11
2.22225e-11
2.23218e-11
2.1933e-11
2.0949e-11
1.92727e-11
1.6832e-11
1.35991e-11
9.61148e-12
4.99651e-12
9.95214e-35
9.32341e-17
6.30395e-14
1.23001e-13
1.80106e-13
2.34491e-13
2.86285e-13
3.3561e-13
3.82585e-13
4.27322e-13
4.69927e-13
5.10501e-13
5.49141e-13
5.8594e-13
6.20984e-13
6.54359e-13
6.86142e-13
7.16411e-13
7.45237e-13
7.72689e-13
7.98833e-13
8.2373e-13
8.47441e-13
8.70022e-13
8.91527e-13
9.12007e-13
9.31511e-13
9.50085e-13
9.67774e-13
9.84621e-13
1.00066e-12
1.01594e-12
1.03049e-12
1.19071e-12
1.36688e-12
1.56055e-12
1.77344e-12
2.00741e-12
2.2645e-12
2.54692e-12
2.85707e-12
3.19752e-12
3.57106e-12
3.98067e-12
4.42951e-12
4.92089e-12
5.45828e-12
6.0452e-12
6.68518e-12
7.38164e-12
8.13773e-12
8.95607e-12
9.83854e-12
1.07858e-11
1.17967e-11
1.28679e-11
1.39927e-11
1.516e-11
1.63532e-11
1.75485e-11
1.87131e-11
1.98038e-11
2.07646e-11
2.15262e-11
2.20053e-11
2.21059e-11
2.17233e-11
2.07514e-11
1.90936e-11
1.6678e-11
1.34766e-11
9.52613e-12
4.95259e-12
1.08512e-34
9.21811e-17
6.23275e-14
1.21612e-13
1.78072e-13
2.31843e-13
2.83051e-13
3.3182e-13
3.78265e-13
4.22496e-13
4.64619e-13
5.04735e-13
5.42939e-13
5.79322e-13
6.13971e-13
6.46968e-13
6.78393e-13
7.0832e-13
7.3682e-13
7.63962e-13
7.89811e-13
8.14427e-13
8.37871e-13
8.60196e-13
8.81458e-13
9.01707e-13
9.20991e-13
9.39355e-13
9.56845e-13
9.73501e-13
9.89363e-13
1.00447e-12
1.01886e-12
1.17727e-12
1.35144e-12
1.54292e-12
1.75341e-12
1.98474e-12
2.23893e-12
2.51817e-12
2.82481e-12
3.16142e-12
3.53075e-12
3.93575e-12
4.37953e-12
4.86538e-12
5.39672e-12
5.97704e-12
6.60984e-12
7.29849e-12
8.04611e-12
8.85532e-12
9.72795e-12
1.06647e-11
1.16644e-11
1.27239e-11
1.38364e-11
1.4991e-11
1.61714e-11
1.73541e-11
1.85067e-11
1.95864e-11
2.0538e-11
2.1293e-11
2.17689e-11
2.18708e-11
2.1495e-11
2.05362e-11
1.88984e-11
1.65102e-11
1.33431e-11
9.43305e-12
4.90469e-12
6.6533e-35
9.19945e-17
6.22013e-14
1.21366e-13
1.77712e-13
2.31373e-13
2.82478e-13
3.31148e-13
3.77499e-13
4.21641e-13
4.63679e-13
5.03713e-13
5.4184e-13
5.78149e-13
6.12728e-13
6.45659e-13
6.7702e-13
7.06886e-13
7.35329e-13
7.62416e-13
7.88212e-13
8.12779e-13
8.36175e-13
8.58455e-13
8.79674e-13
8.99882e-13
9.19126e-13
9.37454e-13
9.54908e-13
9.7153e-13
9.87361e-13
1.00244e-12
1.01679e-12
1.17488e-12
1.3487e-12
1.5398e-12
1.74986e-12
1.98073e-12
2.2344e-12
2.51307e-12
2.81909e-12
3.15503e-12
3.52361e-12
3.92779e-12
4.37067e-12
4.85554e-12
5.38581e-12
5.96496e-12
6.59649e-12
7.28376e-12
8.02988e-12
8.83747e-12
9.70836e-12
1.06432e-11
1.1641e-11
1.26983e-11
1.38087e-11
1.49611e-11
1.61392e-11
1.73196e-11
1.84701e-11
1.95478e-11
2.04978e-11
2.12517e-11
2.1727e-11
2.18291e-11
2.14545e-11
2.0498e-11
1.88638e-11
1.64805e-11
1.33194e-11
9.41653e-12
4.89619e-12
6.16841e-35
9.10372e-17
6.15541e-14
1.20103e-13
1.75862e-13
2.28966e-13
2.79539e-13
3.27702e-13
3.73571e-13
4.17253e-13
4.58854e-13
4.98472e-13
5.36202e-13
5.72133e-13
6.06352e-13
6.3894e-13
6.69975e-13
6.99531e-13
7.27677e-13
7.54483e-13
7.8001e-13
8.04321e-13
8.27474e-13
8.49523e-13
8.70521e-13
8.90518e-13
9.09562e-13
9.27699e-13
9.44972e-13
9.61421e-13
9.77087e-13
9.92006e-13
1.00621e-12
1.16266e-12
1.33467e-12
1.52378e-12
1.73166e-12
1.96012e-12
2.21116e-12
2.48693e-12
2.78977e-12
3.12221e-12
3.48697e-12
3.88694e-12
4.32523e-12
4.80507e-12
5.32984e-12
5.903e-12
6.52799e-12
7.20816e-12
7.94659e-12
8.74586e-12
9.60781e-12
1.05331e-11
1.15207e-11
1.25674e-11
1.36665e-11
1.48074e-11
1.59739e-11
1.71428e-11
1.82823e-11
1.93501e-11
2.02917e-11
2.10395e-11
2.15119e-11
2.16151e-11
2.12466e-11
2.0302e-11
1.8686e-11
1.63275e-11
1.31977e-11
9.33165e-12
4.8525e-12
1.18642e-34
8.97961e-17
6.07149e-14
1.18465e-13
1.73465e-13
2.25844e-13
2.75728e-13
3.23235e-13
3.68478e-13
4.11565e-13
4.52599e-13
4.91677e-13
5.28892e-13
5.64334e-13
5.98086e-13
6.3023e-13
6.60842e-13
6.89994e-13
7.17757e-13
7.44197e-13
7.69377e-13
7.93357e-13
8.16194e-13
8.37942e-13
8.58654e-13
8.78379e-13
8.97163e-13
9.15053e-13
9.3209e-13
9.48315e-13
9.63767e-13
9.78483e-13
9.92497e-13
1.14681e-12
1.31648e-12
1.50301e-12
1.70805e-12
1.9334e-12
2.18102e-12
2.45304e-12
2.75175e-12
3.07967e-12
3.43946e-12
3.83399e-12
4.26632e-12
4.73964e-12
5.25728e-12
5.82266e-12
6.43918e-12
7.11015e-12
7.8386e-12
8.6271e-12
9.47746e-12
1.03903e-11
1.13648e-11
1.23975e-11
1.34821e-11
1.46081e-11
1.57595e-11
1.69135e-11
1.80387e-11
1.90935e-11
2.00243e-11
2.07641e-11
2.12327e-11
2.13374e-11
2.09767e-11
2.00474e-11
1.84551e-11
1.61288e-11
1.30395e-11
9.22129e-12
4.79567e-12
1.39859e-34
8.84514e-17
5.98057e-14
1.16691e-13
1.70867e-13
2.22462e-13
2.71599e-13
3.18395e-13
3.6296e-13
4.05402e-13
4.45821e-13
4.84314e-13
5.20972e-13
5.55883e-13
5.8913e-13
6.20793e-13
6.50946e-13
6.79662e-13
7.07009e-13
7.33053e-13
7.57856e-13
7.81477e-13
8.03971e-13
8.25394e-13
8.45796e-13
8.65225e-13
8.83729e-13
9.01351e-13
9.18133e-13
9.34115e-13
9.49335e-13
9.63831e-13
9.77635e-13
1.12964e-12
1.29676e-12
1.4805e-12
1.68248e-12
1.90446e-12
2.14837e-12
2.41631e-12
2.71056e-12
3.03357e-12
3.38798e-12
3.77662e-12
4.20249e-12
4.66874e-12
5.17867e-12
5.73562e-12
6.34296e-12
7.00395e-12
7.72158e-12
8.4984e-12
9.3362e-12
1.02356e-11
1.11958e-11
1.22134e-11
1.32823e-11
1.43921e-11
1.55271e-11
1.66649e-11
1.77747e-11
1.88154e-11
1.97343e-11
2.04655e-11
2.09299e-11
2.10361e-11
2.06838e-11
1.97711e-11
1.82043e-11
1.59129e-11
1.28675e-11
9.1013e-12
4.73388e-12
1.51865e-34
8.69966e-17
5.88221e-14
1.14772e-13
1.68057e-13
2.18803e-13
2.67132e-13
3.13158e-13
3.5699e-13
3.98734e-13
4.38489e-13
4.76348e-13
5.12404e-13
5.4674e-13
5.79441e-13
6.10582e-13
6.4024e-13
6.68484e-13
6.95381e-13
7.20997e-13
7.45392e-13
7.68624e-13
7.90749e-13
8.11819e-13
8.31885e-13
8.50995e-13
8.69194e-13
8.86526e-13
9.03032e-13
9.18752e-13
9.33722e-13
9.47979e-13
9.61557e-13
1.11106e-12
1.27544e-12
1.45616e-12
1.65481e-12
1.87314e-12
2.11304e-12
2.37658e-12
2.666e-12
2.9837e-12
3.33229e-12
3.71455e-12
4.13343e-12
4.59204e-12
5.09361e-12
5.64144e-12
6.23885e-12
6.88904e-12
7.59498e-12
8.35916e-12
9.18336e-12
1.00683e-11
1.10129e-11
1.20143e-11
1.30661e-11
1.41584e-11
1.52756e-11
1.63959e-11
1.74889e-11
1.85143e-11
1.94203e-11
2.01422e-11
2.06019e-11
2.07096e-11
2.03664e-11
1.94715e-11
1.79323e-11
1.56786e-11
1.26809e-11
8.971e-12
4.66676e-12
1.64685e-34
8.54252e-17
5.77597e-14
1.12699e-13
1.65022e-13
2.14851e-13
2.62307e-13
3.07502e-13
3.50543e-13
3.91532e-13
4.30569e-13
4.67745e-13
5.03149e-13
5.36865e-13
5.68975e-13
5.99554e-13
6.28676e-13
6.5641e-13
6.82822e-13
7.07975e-13
7.31929e-13
7.54741e-13
7.76467e-13
7.97157e-13
8.1686e-13
8.35625e-13
8.53496e-13
8.70515e-13
8.86723e-13
9.02158e-13
9.16858e-13
9.30858e-13
9.4419e-13
1.09099e-12
1.2524e-12
1.42986e-12
1.62492e-12
1.83931e-12
2.07488e-12
2.33367e-12
2.61786e-12
2.92983e-12
3.27214e-12
3.64751e-12
4.05884e-12
4.50919e-12
5.00173e-12
5.53971e-12
6.12639e-12
6.76493e-12
7.45822e-12
8.20875e-12
9.01826e-12
9.88742e-12
1.08154e-11
1.17991e-11
1.28325e-11
1.39058e-11
1.50039e-11
1.61052e-11
1.718e-11
1.81889e-11
1.90809e-11
1.97925e-11
2.02472e-11
2.03564e-11
2.00228e-11
1.91472e-11
1.76377e-11
1.54248e-11
1.24785e-11
8.8297e-12
4.59395e-12
1.7833e-34
8.37311e-17
5.66142e-14
1.10464e-13
1.61749e-13
2.1059e-13
2.57105e-13
3.01403e-13
3.43591e-13
3.83768e-13
4.2203e-13
4.58468e-13
4.9317e-13
5.26218e-13
5.57691e-13
5.87664e-13
6.16208e-13
6.43392e-13
6.6928e-13
6.93934e-13
7.17414e-13
7.39774e-13
7.61068e-13
7.81348e-13
8.00661e-13
8.19054e-13
8.3657e-13
8.53251e-13
8.69138e-13
8.84267e-13
8.98676e-13
9.12398e-13
9.25466e-13
1.06936e-12
1.22757e-12
1.4015e-12
1.5927e-12
1.80284e-12
2.03374e-12
2.2874e-12
2.56596e-12
2.87175e-12
3.20728e-12
3.57522e-12
3.97842e-12
4.41986e-12
4.90267e-12
5.43003e-12
6.00514e-12
6.6311e-12
7.31076e-12
8.04656e-12
8.84022e-12
9.69243e-12
1.06023e-11
1.1567e-11
1.25806e-11
1.36334e-11
1.47108e-11
1.57916e-11
1.68468e-11
1.78377e-11
1.87146e-11
1.94151e-11
1.98642e-11
1.99749e-11
1.96517e-11
1.87966e-11
1.73191e-11
1.51502e-11
1.22595e-11
8.67667e-12
4.51507e-12
1.92799e-34
8.1908e-17
5.53816e-14
1.08059e-13
1.58227e-13
2.06005e-13
2.51507e-13
2.94841e-13
3.3611e-13
3.75412e-13
4.12841e-13
4.48487e-13
4.82433e-13
5.14762e-13
5.45549e-13
5.7487e-13
6.02793e-13
6.29385e-13
6.54709e-13
6.78827e-13
7.01795e-13
7.23668e-13
7.44499e-13
7.64337e-13
7.8323e-13
8.01222e-13
8.18357e-13
8.34675e-13
8.50216e-13
8.65016e-13
8.79111e-13
8.92534e-13
9.05317e-13
1.04608e-12
1.20084e-12
1.37099e-12
1.55803e-12
1.7636e-12
1.98948e-12
2.23761e-12
2.51012e-12
2.80926e-12
3.13749e-12
3.49744e-12
3.89187e-12
4.32373e-12
4.79607e-12
5.312e-12
5.87466e-12
6.48708e-12
7.15207e-12
7.87202e-12
8.64862e-12
9.48257e-12
1.03731e-11
1.13172e-11
1.23094e-11
1.33402e-11
1.43952e-11
1.54539e-11
1.64879e-11
1.74595e-11
1.832e-11
1.90084e-11
1.94514e-11
1.95636e-11
1.92513e-11
1.84183e-11
1.69752e-11
1.48535e-11
1.20228e-11
8.51122e-12
4.42976e-12
2.08076e-34
7.99506e-17
5.40581e-14
1.05477e-13
1.54446e-13
2.01083e-13
2.45497e-13
2.87795e-13
3.28078e-13
3.66441e-13
4.02976e-13
4.37769e-13
4.70905e-13
5.02461e-13
5.32513e-13
5.61132e-13
5.88388e-13
6.14344e-13
6.39064e-13
6.62605e-13
6.85024e-13
7.06375e-13
7.26708e-13
7.46072e-13
7.64513e-13
7.82076e-13
7.98801e-13
8.14729e-13
8.29899e-13
8.44345e-13
8.58103e-13
8.71206e-13
8.83684e-13
1.02108e-12
1.17215e-12
1.33823e-12
1.5208e-12
1.72146e-12
1.94194e-12
2.18416e-12
2.45015e-12
2.74215e-12
3.06256e-12
3.41391e-12
3.79895e-12
4.22052e-12
4.68161e-12
5.18526e-12
5.73455e-12
6.33244e-12
6.98167e-12
7.68458e-12
8.44287e-12
9.2572e-12
1.01268e-11
1.1049e-11
1.20182e-11
1.30252e-11
1.40562e-11
1.50911e-11
1.61023e-11
1.7053e-11
1.78958e-11
1.85712e-11
1.90074e-11
1.91211e-11
1.88204e-11
1.80109e-11
1.66046e-11
1.45337e-11
1.17674e-11
8.33266e-12
4.33766e-12
2.24129e-34
7.78539e-17
5.26404e-14
1.02711e-13
1.50396e-13
1.95809e-13
2.39059e-13
2.80248e-13
3.19474e-13
3.56831e-13
3.92408e-13
4.26289e-13
4.58555e-13
4.89284e-13
5.18548e-13
5.46417e-13
5.72958e-13
5.98234e-13
6.22305e-13
6.45229e-13
6.6706e-13
6.87851e-13
7.07651e-13
7.26507e-13
7.44465e-13
7.61567e-13
7.77853e-13
7.93364e-13
8.08136e-13
8.22203e-13
8.35601e-13
8.48359e-13
8.6051e-13
9.94303e-13
1.14141e-12
1.30314e-12
1.48093e-12
1.67632e-12
1.89103e-12
2.12689e-12
2.38592e-12
2.67027e-12
2.98228e-12
3.32444e-12
3.6994e-12
4.10995e-12
4.55899e-12
5.0495e-12
5.58445e-12
6.16676e-12
6.79911e-12
7.48378e-12
8.22243e-12
9.01573e-12
9.86299e-12
1.07615e-11
1.17061e-11
1.26877e-11
1.36929e-11
1.47022e-11
1.56889e-11
1.66172e-11
1.74409e-11
1.81021e-11
1.85309e-11
1.8646e-11
1.83576e-11
1.75731e-11
1.62061e-11
1.41896e-11
1.14925e-11
8.14031e-12
4.2384e-12
2.40907e-34
7.56138e-17
5.11258e-14
9.97553e-14
1.46068e-13
1.90175e-13
2.3218e-13
2.72184e-13
3.10282e-13
3.46564e-13
3.81117e-13
4.14023e-13
4.45361e-13
4.75206e-13
5.03628e-13
5.30695e-13
5.56472e-13
5.81021e-13
6.04399e-13
6.26664e-13
6.47867e-13
6.6806e-13
6.8729e-13
7.05604e-13
7.23045e-13
7.39654e-13
7.55473e-13
7.70537e-13
7.84884e-13
7.98547e-13
8.11559e-13
8.2395e-13
8.35752e-13
9.65695e-13
1.10857e-12
1.26565e-12
1.43832e-12
1.6281e-12
1.83663e-12
2.06571e-12
2.31729e-12
2.59347e-12
2.89652e-12
3.22885e-12
3.59305e-12
3.99181e-12
4.42798e-12
4.90443e-12
5.42408e-12
5.98974e-12
6.60404e-12
7.26921e-12
7.98686e-12
8.75769e-12
9.58102e-12
1.04543e-11
1.13724e-11
1.23268e-11
1.33044e-11
1.42864e-11
1.52468e-11
1.6151e-11
1.69541e-11
1.76001e-11
1.80208e-11
1.81371e-11
1.78616e-11
1.71037e-11
1.57787e-11
1.38202e-11
1.11972e-11
7.93357e-12
4.13167e-12
2.58331e-34
7.32272e-17
4.95121e-14
9.66068e-14
1.41458e-13
1.84173e-13
2.24852e-13
2.63594e-13
3.00489e-13
3.35626e-13
3.69088e-13
4.00956e-13
4.31305e-13
4.60207e-13
4.87732e-13
5.13945e-13
5.38909e-13
5.62683e-13
5.85324e-13
6.06885e-13
6.27419e-13
6.46975e-13
6.65598e-13
6.83334e-13
7.00224e-13
7.1631e-13
7.31629e-13
7.46218e-13
7.60112e-13
7.73344e-13
7.85945e-13
7.97946e-13
8.09375e-13
9.35218e-13
1.07359e-12
1.22571e-12
1.39293e-12
1.57672e-12
1.77867e-12
2.00053e-12
2.24418e-12
2.51165e-12
2.80515e-12
3.12701e-12
3.47973e-12
3.86595e-12
4.28839e-12
4.74987e-12
5.25321e-12
5.80113e-12
6.39619e-12
7.04057e-12
7.73585e-12
8.48271e-12
9.28054e-12
1.01269e-11
1.10169e-11
1.19422e-11
1.28903e-11
1.3843e-11
1.47753e-11
1.56537e-11
1.64348e-11
1.70642e-11
1.74761e-11
1.75936e-11
1.73316e-11
1.66018e-11
1.53212e-11
1.34247e-11
1.08808e-11
7.71188e-12
4.01717e-12
2.76297e-34
7.06925e-17
4.77984e-14
9.32629e-14
1.36562e-13
1.77798e-13
2.1707e-13
2.5447e-13
2.90088e-13
3.24009e-13
3.56313e-13
3.87078e-13
4.16376e-13
4.44278e-13
4.70851e-13
4.96156e-13
5.20256e-13
5.43207e-13
5.65064e-13
5.8588e-13
6.05703e-13
6.24581e-13
6.4256e-13
6.59682e-13
6.75988e-13
6.91517e-13
7.06306e-13
7.2039e-13
7.33803e-13
7.46577e-13
7.58742e-13
7.70327e-13
7.81361e-13
9.02849e-13
1.03643e-12
1.18329e-12
1.34472e-12
1.52215e-12
1.71712e-12
1.9313e-12
2.16652e-12
2.42475e-12
2.7081e-12
3.01884e-12
3.35939e-12
3.73227e-12
4.14014e-12
4.58571e-12
5.07171e-12
5.60079e-12
6.17542e-12
6.79771e-12
7.4692e-12
8.19059e-12
8.9613e-12
9.77902e-12
1.0639e-11
1.15334e-11
1.24502e-11
1.33717e-11
1.42741e-11
1.51249e-11
1.58824e-11
1.64941e-11
1.68963e-11
1.70147e-11
1.67667e-11
1.60665e-11
1.4833e-11
1.30022e-11
1.05426e-11
7.4748e-12
3.89466e-12
2.94667e-34
6.80098e-17
4.59845e-14
8.97236e-14
1.31379e-13
1.71051e-13
2.08832e-13
2.44813e-13
2.79079e-13
3.11713e-13
3.42791e-13
3.72389e-13
4.00575e-13
4.27418e-13
4.52982e-13
4.77328e-13
5.00513e-13
5.22593e-13
5.43621e-13
5.63646e-13
5.82717e-13
6.0088e-13
6.18176e-13
6.34648e-13
6.50336e-13
6.65275e-13
6.79503e-13
6.93053e-13
7.05957e-13
7.18246e-13
7.29949e-13
7.41095e-13
7.5171e-13
8.68588e-13
9.97099e-13
1.13839e-12
1.2937e-12
1.4644e-12
1.65197e-12
1.85803e-12
2.08433e-12
2.33277e-12
2.60538e-12
2.90435e-12
3.232e-12
3.59077e-12
3.98321e-12
4.41194e-12
4.87959e-12
5.38872e-12
5.9417e-12
6.5406e-12
7.1869e-12
7.8813e-12
8.62328e-12
9.41065e-12
1.02389e-11
1.11005e-11
1.19839e-11
1.28724e-11
1.37429e-11
1.45643e-11
1.52966e-11
1.58893e-11
1.62811e-11
1.64001e-11
1.61667e-11
1.54975e-11
1.43137e-11
1.25524e-11
1.01822e-11
7.22198e-12
3.76395e-12
3.13265e-34
6.51808e-17
4.40717e-14
8.59915e-14
1.25915e-13
1.63936e-13
2.00145e-13
2.3463e-13
2.67471e-13
2.98747e-13
3.28533e-13
3.56899e-13
3.83913e-13
4.0964e-13
4.34141e-13
4.57473e-13
4.79694e-13
5.00856e-13
5.21009e-13
5.40202e-13
5.58479e-13
5.75886e-13
5.92463e-13
6.08251e-13
6.23285e-13
6.37604e-13
6.5124e-13
6.64226e-13
6.76593e-13
6.88371e-13
6.99588e-13
7.1027e-13
7.20443e-13
8.3246e-13
9.55627e-13
1.09104e-12
1.23989e-12
1.40349e-12
1.58327e-12
1.78076e-12
1.99766e-12
2.23578e-12
2.49706e-12
2.78362e-12
3.09766e-12
3.44155e-12
3.81772e-12
4.22869e-12
4.67698e-12
5.16505e-12
5.69521e-12
6.26942e-12
6.88915e-12
7.55507e-12
8.26671e-12
9.02203e-12
9.81675e-12
1.06437e-11
1.14919e-11
1.23454e-11
1.3182e-11
1.39723e-11
1.46778e-11
1.52502e-11
1.56305e-11
1.57499e-11
1.55314e-11
1.48947e-11
1.37631e-11
1.20751e-11
9.79944e-12
6.95325e-12
3.62494e-12
3.31878e-34
6.22099e-17
4.20629e-14
8.20721e-14
1.20175e-13
1.56464e-13
1.91023e-13
2.23936e-13
2.5528e-13
2.85131e-13
3.13559e-13
3.40632e-13
3.66415e-13
3.90969e-13
4.14353e-13
4.36622e-13
4.5783e-13
4.78028e-13
4.97262e-13
5.1558e-13
5.33025e-13
5.49638e-13
5.6546e-13
5.80528e-13
5.94877e-13
6.08543e-13
6.21558e-13
6.33952e-13
6.45756e-13
6.56997e-13
6.67702e-13
6.77898e-13
6.87607e-13
7.94519e-13
9.12074e-13
1.04131e-12
1.18339e-12
1.33953e-12
1.51112e-12
1.69962e-12
1.90664e-12
2.13391e-12
2.3833e-12
2.65682e-12
2.95658e-12
3.28483e-12
3.64391e-12
4.03622e-12
4.46417e-12
4.93013e-12
5.4363e-12
5.98457e-12
6.57636e-12
7.21233e-12
7.89209e-12
8.61369e-12
9.37312e-12
1.01636e-11
1.09747e-11
1.17912e-11
1.25922e-11
1.33496e-11
1.40266e-11
1.45773e-11
1.49453e-11
1.50646e-11
1.48615e-11
1.42584e-11
1.31814e-11
1.15704e-11
9.39435e-12
6.66863e-12
3.47762e-12
3.50243e-34
5.91038e-17
3.99628e-14
7.79743e-14
1.14175e-13
1.48652e-13
1.81485e-13
2.12755e-13
2.42534e-13
2.70894e-13
2.97903e-13
3.23625e-13
3.4812e-13
3.71449e-13
3.93665e-13
4.14822e-13
4.34972e-13
4.54161e-13
4.72435e-13
4.89838e-13
5.06412e-13
5.22196e-13
5.37228e-13
5.51543e-13
5.65176e-13
5.7816e-13
5.90525e-13
6.023e-13
6.13515e-13
6.24194e-13
6.34366e-13
6.44052e-13
6.53277e-13
7.54852e-13
8.66537e-13
9.89327e-13
1.12431e-12
1.27266e-12
1.43568e-12
1.61478e-12
1.81147e-12
2.02741e-12
2.26436e-12
2.52424e-12
2.80907e-12
3.12097e-12
3.46217e-12
3.83496e-12
4.24165e-12
4.68448e-12
5.16555e-12
5.68668e-12
6.24923e-12
6.85387e-12
7.50024e-12
8.18653e-12
8.90899e-12
9.66122e-12
1.04334e-11
1.12111e-11
1.19747e-11
1.26973e-11
1.33444e-11
1.3872e-11
1.42266e-11
1.43454e-11
1.41579e-11
1.35896e-11
1.25694e-11
1.1039e-11
8.96737e-12
6.36836e-12
3.3221e-12
3.68055e-34
5.58721e-17
3.77777e-14
7.37109e-14
1.07932e-13
1.40524e-13
1.71562e-13
2.01122e-13
2.29273e-13
2.56083e-13
2.81615e-13
3.0593e-13
3.29086e-13
3.51139e-13
3.72141e-13
3.92141e-13
4.11189e-13
4.29329e-13
4.46604e-13
4.63056e-13
4.78723e-13
4.93645e-13
5.07854e-13
5.21387e-13
5.34275e-13
5.46549e-13
5.58237e-13
5.69369e-13
5.7997e-13
5.90066e-13
5.99681e-13
6.08838e-13
6.17559e-13
7.13581e-13
8.19161e-13
9.35238e-13
1.06284e-12
1.20308e-12
1.3572e-12
1.52651e-12
1.71245e-12
1.91659e-12
2.14061e-12
2.3863e-12
2.65558e-12
2.95047e-12
3.27307e-12
3.62555e-12
4.0101e-12
4.42885e-12
4.88379e-12
5.37667e-12
5.90878e-12
6.48078e-12
7.09235e-12
7.74185e-12
8.42575e-12
9.13808e-12
9.86959e-12
1.06069e-11
1.13312e-11
1.20174e-11
1.26329e-11
1.31361e-11
1.34764e-11
1.35942e-11
1.34223e-11
1.28899e-11
1.19284e-11
1.04818e-11
8.51926e-12
6.05295e-12
3.15864e-12
3.84959e-34
5.25277e-17
3.55165e-14
6.92988e-14
1.01472e-13
1.32112e-13
1.61293e-13
1.89083e-13
2.15549e-13
2.40754e-13
2.64758e-13
2.87618e-13
3.09388e-13
3.30121e-13
3.49866e-13
3.68669e-13
3.86577e-13
4.03631e-13
4.19872e-13
4.35339e-13
4.50069e-13
4.64097e-13
4.77456e-13
4.90179e-13
5.02296e-13
5.13835e-13
5.24824e-13
5.35289e-13
5.45256e-13
5.54748e-13
5.63787e-13
5.72396e-13
5.80595e-13
6.7087e-13
7.70131e-13
8.79262e-13
9.99227e-13
1.13108e-12
1.27597e-12
1.43515e-12
1.60998e-12
1.80191e-12
2.01253e-12
2.24354e-12
2.49673e-12
2.77401e-12
3.07735e-12
3.40881e-12
3.77044e-12
4.16425e-12
4.59214e-12
5.05575e-12
5.55633e-12
6.09451e-12
6.67003e-12
7.28136e-12
7.92528e-12
8.59619e-12
9.28549e-12
9.98062e-12
1.06641e-11
1.13124e-11
1.18947e-11
1.23723e-11
1.26973e-11
1.28134e-11
1.26572e-11
1.21614e-11
1.12605e-11
9.90048e-12
8.05126e-12
5.72324e-12
2.98764e-12
4.00554e-34
4.90868e-17
3.31899e-14
6.47592e-14
9.48249e-14
1.23458e-13
1.50727e-13
1.76697e-13
2.0143e-13
2.24983e-13
2.47415e-13
2.68777e-13
2.89122e-13
3.08496e-13
3.26948e-13
3.44519e-13
3.61254e-13
3.77191e-13
3.92368e-13
4.06822e-13
4.20587e-13
4.33696e-13
4.46181e-13
4.5807e-13
4.69393e-13
4.80176e-13
4.90445e-13
5.00225e-13
5.09539e-13
5.18409e-13
5.26857e-13
5.34902e-13
5.42563e-13
6.26925e-13
7.19686e-13
8.21669e-13
9.33778e-13
1.057e-12
1.1924e-12
1.34116e-12
1.50454e-12
1.68391e-12
1.88075e-12
2.09665e-12
2.33328e-12
2.59244e-12
2.87596e-12
3.18578e-12
3.52382e-12
3.89196e-12
4.292e-12
4.72547e-12
5.19357e-12
5.6969e-12
6.23526e-12
6.80727e-12
7.40993e-12
8.0381e-12
8.6838e-12
9.33536e-12
9.97655e-12
1.05854e-11
1.11333e-11
1.15839e-11
1.18926e-11
1.20065e-11
1.18658e-11
1.1407e-11
1.05681e-11
9.29728e-12
7.56512e-12
5.38041e-12
2.80971e-12
4.14396e-34
4.5569e-17
3.08114e-14
6.01183e-14
8.80293e-14
1.14611e-13
1.39926e-13
1.64034e-13
1.86994e-13
2.0886e-13
2.29684e-13
2.49516e-13
2.68402e-13
2.86388e-13
3.03517e-13
3.1983e-13
3.35365e-13
3.5016e-13
3.6425e-13
3.77668e-13
3.90447e-13
4.02616e-13
4.14206e-13
4.25243e-13
4.35755e-13
4.45765e-13
4.55299e-13
4.64378e-13
4.73024e-13
4.81259e-13
4.89101e-13
4.96569e-13
5.03682e-13
5.81999e-13
6.68113e-13
7.62789e-13
8.66866e-13
9.81258e-13
1.10696e-12
1.24507e-12
1.39675e-12
1.56327e-12
1.74602e-12
1.94647e-12
2.16617e-12
2.40679e-12
2.67005e-12
2.95774e-12
3.27164e-12
3.61353e-12
3.98507e-12
4.3877e-12
4.82256e-12
5.29022e-12
5.79053e-12
6.32224e-12
6.88261e-12
7.46694e-12
8.06787e-12
8.67466e-12
9.2723e-12
9.84052e-12
1.03528e-11
1.07753e-11
1.10667e-11
1.11776e-11
1.10522e-11
1.06307e-11
9.85479e-12
8.6751e-12
7.06309e-12
5.02601e-12
2.62564e-12
4.26007e-34
4.19974e-17
2.83965e-14
5.54064e-14
8.11298e-14
1.05628e-13
1.28959e-13
1.51178e-13
1.72338e-13
1.9249e-13
2.11682e-13
2.29959e-13
2.47366e-13
2.63942e-13
2.79729e-13
2.94763e-13
3.09081e-13
3.22716e-13
3.35701e-13
3.48068e-13
3.59845e-13
3.71061e-13
3.81743e-13
3.91915e-13
4.01603e-13
4.10828e-13
4.19615e-13
4.27982e-13
4.35951e-13
4.4354e-13
4.50768e-13
4.57651e-13
4.64206e-13
5.36386e-13
6.15751e-13
7.03008e-13
7.9893e-13
9.04359e-13
1.02022e-12
1.1475e-12
1.2873e-12
1.44079e-12
1.60923e-12
1.79398e-12
1.99649e-12
2.21829e-12
2.46097e-12
2.72617e-12
3.01556e-12
3.33078e-12
3.67336e-12
4.04466e-12
4.44572e-12
4.87711e-12
5.33872e-12
5.82942e-12
6.34675e-12
6.88641e-12
7.44169e-12
8.00277e-12
8.55588e-12
9.08243e-12
9.55799e-12
9.9515e-12
1.02246e-11
1.03318e-11
1.02212e-11
9.83707e-12
9.12469e-12
8.03752e-12
6.54804e-12
4.66204e-12
2.43646e-12
4.34884e-34
3.83985e-17
2.59631e-14
5.06586e-14
7.41777e-14
9.65764e-14
1.17908e-13
1.38223e-13
1.57571e-13
1.75996e-13
1.93543e-13
2.10254e-13
2.26169e-13
2.41325e-13
2.55759e-13
2.69505e-13
2.82595e-13
2.95062e-13
3.06935e-13
3.18242e-13
3.2901e-13
3.39265e-13
3.49031e-13
3.58332e-13
3.67189e-13
3.75625e-13
3.83658e-13
3.91309e-13
3.98595e-13
4.05534e-13
4.12142e-13
4.18435e-13
4.24429e-13
4.90424e-13
5.62989e-13
6.4277e-13
7.30474e-13
8.26872e-13
9.32804e-13
1.04919e-12
1.17701e-12
1.31736e-12
1.47138e-12
1.64032e-12
1.8255e-12
2.02833e-12
2.25026e-12
2.4928e-12
2.75748e-12
3.0458e-12
3.35918e-12
3.69887e-12
4.06584e-12
4.46063e-12
4.88317e-12
5.33245e-12
5.80628e-12
6.30076e-12
6.80983e-12
7.32458e-12
7.8325e-12
8.31663e-12
8.75472e-12
9.11836e-12
9.37247e-12
9.47517e-12
9.37869e-12
9.03156e-12
8.38282e-12
7.38887e-12
6.02341e-12
4.29091e-12
2.2434e-12
4.40516e-34
3.4802e-17
2.35313e-14
4.59137e-14
6.723e-14
8.75308e-14
1.06864e-13
1.25277e-13
1.42812e-13
1.59512e-13
1.75415e-13
1.90561e-13
2.04985e-13
2.18722e-13
2.31804e-13
2.44262e-13
2.56127e-13
2.67426e-13
2.78187e-13
2.88435e-13
2.98194e-13
3.07489e-13
3.1634e-13
3.2477e-13
3.32798e-13
3.40443e-13
3.47724e-13
3.54658e-13
3.61262e-13
3.67551e-13
3.73541e-13
3.79244e-13
3.84677e-13
4.44491e-13
5.1026e-13
5.8257e-13
6.62061e-13
7.49432e-13
8.45446e-13
9.50933e-13
1.06679e-12
1.194e-12
1.33361e-12
1.48675e-12
1.65461e-12
1.83847e-12
2.03966e-12
2.25954e-12
2.49951e-12
2.76094e-12
3.04511e-12
3.35317e-12
3.68603e-12
4.04419e-12
4.42759e-12
4.83539e-12
5.26561e-12
5.71478e-12
6.17745e-12
6.64562e-12
7.10801e-12
7.54933e-12
7.94944e-12
8.28262e-12
8.517e-12
8.61447e-12
8.53139e-12
8.22055e-12
7.63499e-12
6.73419e-12
5.49325e-12
3.91546e-12
2.04794e-12
4.42407e-34
3.12398e-17
2.11228e-14
4.12142e-14
6.03486e-14
7.85715e-14
9.59262e-14
1.12454e-13
1.28194e-13
1.43185e-13
1.57461e-13
1.71056e-13
1.84004e-13
1.96335e-13
2.08077e-13
2.19261e-13
2.29911e-13
2.40054e-13
2.49713e-13
2.58912e-13
2.67673e-13
2.76016e-13
2.83962e-13
2.91528e-13
2.98735e-13
3.05598e-13
3.12133e-13
3.18358e-13
3.24286e-13
3.29931e-13
3.35307e-13
3.40428e-13
3.45304e-13
3.98996e-13
4.58034e-13
5.22944e-13
5.943e-13
6.72731e-13
7.58921e-13
8.53615e-13
9.57622e-13
1.07182e-12
1.19715e-12
1.33463e-12
1.48533e-12
1.6504e-12
1.83104e-12
2.02847e-12
2.24395e-12
2.47872e-12
2.73394e-12
3.01065e-12
3.30967e-12
3.63148e-12
3.97606e-12
4.34266e-12
4.72955e-12
5.13366e-12
5.55016e-12
5.9719e-12
6.38884e-12
6.78731e-12
7.14927e-12
7.45164e-12
7.66576e-12
7.75727e-12
7.68669e-12
7.41113e-12
6.88772e-12
6.07916e-12
4.96216e-12
3.53893e-12
1.85177e-12
4.40101e-34
2.77458e-17
1.87603e-14
3.66046e-14
5.3599e-14
6.97838e-14
8.51975e-14
9.98769e-14
1.13857e-13
1.2717e-13
1.3985e-13
1.51925e-13
1.63424e-13
1.74376e-13
1.84806e-13
1.94738e-13
2.04197e-13
2.13206e-13
2.21785e-13
2.29955e-13
2.37736e-13
2.45146e-13
2.52203e-13
2.58923e-13
2.65324e-13
2.71419e-13
2.77224e-13
2.82752e-13
2.88017e-13
2.93031e-13
2.97806e-13
3.02354e-13
3.06685e-13
3.54372e-13
4.06808e-13
4.64459e-13
5.27836e-13
5.97497e-13
6.7405e-13
7.58157e-13
8.50538e-13
9.5197e-13
1.06329e-12
1.18541e-12
1.31928e-12
1.46591e-12
1.62638e-12
1.80178e-12
1.99323e-12
2.20183e-12
2.42863e-12
2.67455e-12
2.94034e-12
3.22644e-12
3.53285e-12
3.85894e-12
4.20319e-12
4.56293e-12
4.93391e-12
5.30984e-12
5.68184e-12
6.03782e-12
6.36182e-12
6.63334e-12
6.82687e-12
6.91175e-12
6.85265e-12
6.61103e-12
6.14814e-12
5.43005e-12
4.43521e-12
3.16492e-12
1.65675e-12
4.33211e-34
2.43547e-17
1.64675e-14
3.21309e-14
4.70483e-14
6.1255e-14
7.47849e-14
8.76702e-14
9.99415e-14
1.11628e-13
1.22758e-13
1.33357e-13
1.43451e-13
1.53064e-13
1.62219e-13
1.70938e-13
1.79241e-13
1.87148e-13
1.94679e-13
2.01851e-13
2.08681e-13
2.15185e-13
2.2138e-13
2.27279e-13
2.32897e-13
2.38247e-13
2.43343e-13
2.48196e-13
2.52817e-13
2.57218e-13
2.6141e-13
2.65402e-13
2.69203e-13
3.11063e-13
3.57091e-13
4.07697e-13
4.63329e-13
5.24478e-13
5.91677e-13
6.65509e-13
7.46604e-13
8.35646e-13
9.33373e-13
1.04058e-12
1.1581e-12
1.28684e-12
1.42773e-12
1.58174e-12
1.74985e-12
1.93303e-12
2.13221e-12
2.34822e-12
2.58172e-12
2.8331e-12
3.10239e-12
3.38905e-12
3.6918e-12
4.0083e-12
4.33487e-12
4.66604e-12
4.99406e-12
5.30838e-12
5.595e-12
5.83594e-12
6.00877e-12
6.08646e-12
6.03774e-12
5.82838e-12
5.42382e-12
4.79353e-12
3.91783e-12
2.7973e-12
1.46491e-12
4.21453e-34
2.1101e-17
1.42675e-14
2.78383e-14
4.07627e-14
5.30715e-14
6.47939e-14
7.59577e-14
8.65896e-14
9.67149e-14
1.06358e-13
1.15541e-13
1.24287e-13
1.32615e-13
1.40547e-13
1.48101e-13
1.55295e-13
1.62146e-13
1.68671e-13
1.74884e-13
1.80802e-13
1.86437e-13
1.91804e-13
1.96915e-13
2.01783e-13
2.06419e-13
2.10833e-13
2.15038e-13
2.19042e-13
2.22855e-13
2.26487e-13
2.29945e-13
2.33239e-13
2.69507e-13
3.09386e-13
3.53232e-13
4.01433e-13
4.54414e-13
5.12638e-13
5.76609e-13
6.46874e-13
7.24027e-13
8.08706e-13
9.01598e-13
1.00344e-12
1.115e-12
1.23709e-12
1.37056e-12
1.51626e-12
1.67504e-12
1.8477e-12
2.03498e-12
2.23744e-12
2.45545e-12
2.68905e-12
2.93779e-12
3.20057e-12
3.47541e-12
3.75916e-12
4.04711e-12
4.33259e-12
4.60649e-12
4.85673e-12
5.06773e-12
5.22001e-12
5.29005e-12
5.25054e-12
5.07151e-12
4.72249e-12
4.17644e-12
3.41563e-12
2.44009e-12
1.27835e-12
4.04678e-34
1.80171e-17
1.21823e-14
2.37698e-14
3.48054e-14
4.53153e-14
5.53245e-14
6.48568e-14
7.39348e-14
8.25804e-14
9.08139e-14
9.86551e-14
1.06123e-13
1.13234e-13
1.20007e-13
1.26457e-13
1.32599e-13
1.38449e-13
1.4402e-13
1.49326e-13
1.54379e-13
1.5919e-13
1.63773e-13
1.68137e-13
1.72294e-13
1.76252e-13
1.80021e-13
1.83611e-13
1.8703e-13
1.90286e-13
1.93387e-13
1.9634e-13
1.99152e-13
2.3012e-13
2.64172e-13
3.0161e-13
3.42768e-13
3.88007e-13
4.37724e-13
4.92348e-13
5.52348e-13
6.1823e-13
6.9054e-13
7.69866e-13
8.56834e-13
9.52107e-13
1.05638e-12
1.17038e-12
1.29483e-12
1.43046e-12
1.57796e-12
1.73797e-12
1.91098e-12
2.09731e-12
2.297e-12
2.5097e-12
2.73448e-12
2.96968e-12
3.21263e-12
3.45935e-12
3.70419e-12
3.93938e-12
4.15465e-12
4.33669e-12
4.46884e-12
4.53093e-12
4.49947e-12
4.34856e-12
4.05181e-12
3.58558e-12
2.93421e-12
2.09729e-12
1.09918e-12
3.82893e-34
1.51324e-17
1.02318e-14
1.9964e-14
2.92327e-14
3.80599e-14
4.64665e-14
5.44726e-14
6.20972e-14
6.93585e-14
7.62737e-14
8.28595e-14
8.91314e-14
9.51044e-14
1.00793e-13
1.0621e-13
1.11369e-13
1.16282e-13
1.20961e-13
1.25417e-13
1.29661e-13
1.33703e-13
1.37552e-13
1.41217e-13
1.44708e-13
1.48032e-13
1.51198e-13
1.54214e-13
1.57085e-13
1.5982e-13
1.62424e-13
1.64905e-13
1.67267e-13
1.93276e-13
2.21876e-13
2.53321e-13
2.8789e-13
3.25887e-13
3.67645e-13
4.13525e-13
4.63921e-13
5.19259e-13
5.79997e-13
6.4663e-13
7.19683e-13
7.99716e-13
8.87314e-13
9.83084e-13
1.08764e-12
1.2016e-12
1.32555e-12
1.46002e-12
1.60544e-12
1.76209e-12
1.93e-12
2.10889e-12
2.29801e-12
2.49599e-12
2.70059e-12
2.9085e-12
3.115e-12
3.31362e-12
3.49571e-12
3.65013e-12
3.76285e-12
3.81685e-12
3.79227e-12
3.66712e-12
3.4189e-12
3.02734e-12
2.47883e-12
1.7727e-12
9.29414e-13
3.56286e-34
1.24709e-17
8.43221e-15
1.64527e-14
2.40912e-14
3.13658e-14
3.82938e-14
4.48918e-14
5.11754e-14
5.71595e-14
6.28585e-14
6.8286e-14
7.34547e-14
7.83772e-14
8.30651e-14
8.75296e-14
9.17813e-14
9.58304e-14
9.96865e-14
1.03359e-13
1.06856e-13
1.10187e-13
1.13359e-13
1.1638e-13
1.19257e-13
1.21996e-13
1.24606e-13
1.2709e-13
1.29457e-13
1.31711e-13
1.33857e-13
1.35901e-13
1.37848e-13
1.59283e-13
1.82853e-13
2.08768e-13
2.37257e-13
2.68572e-13
3.02986e-13
3.40799e-13
3.82333e-13
4.27941e-13
4.78001e-13
5.3292e-13
5.93133e-13
6.591e-13
7.31306e-13
8.10251e-13
8.96447e-13
9.90401e-13
1.0926e-12
1.20348e-12
1.32341e-12
1.45262e-12
1.59115e-12
1.73878e-12
1.89489e-12
2.05838e-12
2.22742e-12
2.39931e-12
2.57018e-12
2.73471e-12
2.88579e-12
3.01425e-12
3.10849e-12
3.15445e-12
3.13563e-12
3.03375e-12
2.82998e-12
2.50731e-12
2.05415e-12
1.46971e-12
7.70823e-13
3.25208e-34
1.00496e-17
6.79506e-15
1.32583e-14
1.94138e-14
2.5276e-14
3.08589e-14
3.61758e-14
4.12394e-14
4.60618e-14
5.06543e-14
5.5028e-14
5.91932e-14
6.316e-14
6.69377e-14
7.05354e-14
7.39616e-14
7.72246e-14
8.0332e-14
8.32914e-14
8.61097e-14
8.87937e-14
9.13499e-14
9.37842e-14
9.61025e-14
9.83103e-14
1.00413e-13
1.02415e-13
1.04322e-13
1.06139e-13
1.07868e-13
1.09515e-13
1.11084e-13
1.28358e-13
1.47352e-13
1.68235e-13
1.91194e-13
2.16429e-13
2.44163e-13
2.74635e-13
3.08107e-13
3.44863e-13
3.85206e-13
4.29467e-13
4.77995e-13
5.31163e-13
5.89361e-13
6.52994e-13
7.22475e-13
7.98215e-13
8.80607e-13
9.70011e-13
1.06672e-12
1.17093e-12
1.28268e-12
1.40179e-12
1.52779e-12
1.65979e-12
1.79633e-12
1.93526e-12
2.07347e-12
2.20668e-12
2.3292e-12
2.43361e-12
2.51058e-12
2.5487e-12
2.53463e-12
2.45347e-12
2.28986e-12
2.02984e-12
1.66383e-12
1.19097e-12
6.24832e-13
2.9015e-34
7.87652e-18
5.32574e-15
1.03915e-14
1.52159e-14
1.98105e-14
2.41862e-14
2.83534e-14
3.23221e-14
3.61017e-14
3.97012e-14
4.31291e-14
4.63937e-14
4.95027e-14
5.24636e-14
5.52833e-14
5.79687e-14
6.05261e-14
6.29616e-14
6.52811e-14
6.749e-14
6.95937e-14
7.15971e-14
7.35051e-14
7.53221e-14
7.70525e-14
7.87005e-14
8.027e-14
8.17647e-14
8.31881e-14
8.45437e-14
8.58348e-14
8.70643e-14
1.00603e-13
1.1549e-13
1.31858e-13
1.49852e-13
1.69632e-13
1.91369e-13
2.15253e-13
2.41489e-13
2.70298e-13
3.0192e-13
3.36613e-13
3.74653e-13
4.1633e-13
4.61951e-13
5.11836e-13
5.66307e-13
6.25689e-13
6.90292e-13
7.60398e-13
8.36242e-13
9.17978e-13
1.00564e-12
1.09911e-12
1.198e-12
1.30164e-12
1.40889e-12
1.51807e-12
1.62676e-12
1.73162e-12
1.82819e-12
1.91067e-12
1.97172e-12
2.00238e-12
1.99212e-12
1.92918e-12
1.80138e-12
1.5976e-12
1.31013e-12
9.38166e-13
4.92342e-13
2.51648e-34
5.94827e-18
4.02195e-15
7.84753e-15
1.14909e-14
1.49607e-14
1.82652e-14
2.14122e-14
2.44094e-14
2.72637e-14
2.9982e-14
3.25707e-14
3.50361e-14
3.7384e-14
3.962e-14
4.17495e-14
4.37775e-14
4.57088e-14
4.75481e-14
4.92997e-14
5.09679e-14
5.25565e-14
5.40695e-14
5.55104e-14
5.68826e-14
5.81894e-14
5.9434e-14
6.06192e-14
6.1748e-14
6.2823e-14
6.38467e-14
6.48217e-14
6.57503e-14
7.59746e-14
8.72172e-14
9.95783e-14
1.13168e-13
1.28105e-13
1.44521e-13
1.62559e-13
1.82373e-13
2.0413e-13
2.28013e-13
2.54215e-13
2.82944e-13
3.14423e-13
3.48881e-13
3.8656e-13
4.27706e-13
4.72564e-13
5.21369e-13
5.74336e-13
6.31644e-13
6.93411e-13
7.5967e-13
8.30324e-13
9.051e-13
9.83483e-13
1.06463e-12
1.14728e-12
1.22961e-12
1.3091e-12
1.38239e-12
1.44511e-12
1.4917e-12
1.51537e-12
1.50814e-12
1.46106e-12
1.36483e-12
1.21094e-12
9.93443e-13
7.11641e-13
3.73558e-13
2.1014e-34
4.24709e-18
2.87169e-15
5.60316e-15
8.20454e-15
1.0682e-14
1.30414e-14
1.52884e-14
1.74284e-14
1.94664e-14
2.14072e-14
2.32556e-14
2.50159e-14
2.66923e-14
2.82889e-14
2.98093e-14
3.12573e-14
3.26363e-14
3.39495e-14
3.52002e-14
3.63913e-14
3.75256e-14
3.86059e-14
3.96347e-14
4.06144e-14
4.15475e-14
4.24361e-14
4.32824e-14
4.40884e-14
4.48559e-14
4.55869e-14
4.6283e-14
4.6946e-14
5.42463e-14
6.22736e-14
7.10996e-14
8.08026e-14
9.14682e-14
1.0319e-13
1.16069e-13
1.30216e-13
1.45752e-13
1.62805e-13
1.81515e-13
2.0203e-13
2.24508e-13
2.49114e-13
2.76022e-13
3.05406e-13
3.37442e-13
3.723e-13
4.10133e-13
4.51069e-13
4.95196e-13
5.42538e-13
5.93028e-13
6.46474e-13
7.02512e-13
7.60546e-13
8.19674e-13
8.78602e-13
9.35543e-13
9.88095e-13
1.03313e-12
1.06669e-12
1.0839e-12
1.07905e-12
1.0457e-12
9.77167e-13
8.67291e-13
7.11758e-13
5.1001e-13
2.67773e-13
1.65697e-34
2.73667e-18
1.85041e-15
3.61048e-15
5.28671e-15
6.88309e-15
8.40343e-15
9.85132e-15
1.12302e-14
1.25434e-14
1.37941e-14
1.49851e-14
1.61194e-14
1.71996e-14
1.82283e-14
1.92081e-14
2.01411e-14
2.10297e-14
2.18759e-14
2.26818e-14
2.34493e-14
2.41802e-14
2.48763e-14
2.55392e-14
2.61705e-14
2.67718e-14
2.73444e-14
2.78897e-14
2.8409e-14
2.89036e-14
2.93746e-14
2.98232e-14
3.02504e-14
3.49544e-14
4.0127e-14
4.58142e-14
5.20665e-14
5.89391e-14
6.64922e-14
7.47913e-14
8.39077e-14
9.39187e-14
1.04908e-13
1.16964e-13
1.30184e-13
1.44669e-13
1.60526e-13
1.77867e-13
1.96804e-13
2.17451e-13
2.39917e-13
2.64302e-13
2.9069e-13
3.19136e-13
3.49658e-13
3.82213e-13
4.1668e-13
4.52826e-13
4.90267e-13
5.28426e-13
5.66472e-13
6.03253e-13
6.37226e-13
6.66375e-13
6.88144e-13
6.99396e-13
6.96425e-13
6.75072e-13
6.30996e-13
5.60198e-13
4.59857e-13
3.29585e-13
1.73072e-13
1.17567e-34
1.35489e-18
9.16116e-16
1.7875e-15
2.61738e-15
3.40773e-15
4.16043e-15
4.87726e-15
5.55994e-15
6.21009e-15
6.82926e-15
7.41893e-15
7.98049e-15
8.5153e-15
9.02462e-15
9.50967e-15
9.9716e-15
1.04115e-14
1.08305e-14
1.12295e-14
1.16094e-14
1.19713e-14
1.23159e-14
1.26441e-14
1.29567e-14
1.32544e-14
1.35378e-14
1.38078e-14
1.40649e-14
1.43098e-14
1.4543e-14
1.47651e-14
1.49766e-14
1.73055e-14
1.98664e-14
2.26821e-14
2.57775e-14
2.91801e-14
3.29195e-14
3.70284e-14
4.15419e-14
4.64983e-14
5.19389e-14
5.79081e-14
6.44534e-14
7.16252e-14
7.94765e-14
8.80622e-14
9.74387e-14
1.07662e-13
1.18787e-13
1.30862e-13
1.43929e-13
1.58016e-13
1.73132e-13
1.89257e-13
2.06331e-13
2.24238e-13
2.4279e-13
2.61701e-13
2.80561e-13
2.98802e-13
3.15657e-13
3.30131e-13
3.40957e-13
3.46579e-13
3.4516e-13
3.34632e-13
3.1284e-13
2.77789e-13
2.28072e-13
1.63486e-13
8.58594e-14
6.33727e-35
4.05524e-43
5.33918e-42
1.75607e-41
3.52834e-41
5.66932e-41
8.03413e-41
1.05082e-40
1.30021e-40
1.54472e-40
1.77919e-40
1.99984e-40
2.20404e-40
2.39007e-40
2.55694e-40
2.70423e-40
2.832e-40
2.94062e-40
3.03076e-40
3.10325e-40
3.1591e-40
3.19936e-40
3.22517e-40
3.23767e-40
3.238e-40
3.2273e-40
3.20666e-40
3.17713e-40
3.13971e-40
3.09535e-40
3.04493e-40
2.98928e-40
1.97979e-39
4.69245e-39
6.79891e-39
9.74543e-39
1.38423e-38
1.95093e-38
2.73132e-38
3.80173e-38
5.2649e-38
7.25874e-38
9.96817e-38
1.36407e-37
1.8607e-37
2.53082e-37
3.43316e-37
4.64573e-37
6.27194e-37
8.44846e-37
1.13554e-36
1.5229e-36
2.03783e-36
2.72044e-36
3.62256e-36
4.81046e-36
6.36807e-36
8.4002e-36
1.10353e-35
1.4427e-35
1.87528e-35
2.42069e-35
3.09842e-35
3.92486e-35
4.90777e-35
6.03745e-35
7.27325e-35
8.5248e-35
9.6278e-35
1.03173e-34
1.02061e-34
8.78552e-35
5.47753e-35
2.17172e-35
