1.94893e-42
2.56598e-41
8.43954e-41
1.69569e-40
2.72463e-40
3.86113e-40
5.05013e-40
6.24866e-40
7.42372e-40
8.5505e-40
9.61088e-40
1.05922e-39
1.14862e-39
1.22881e-39
1.29959e-39
1.36098e-39
1.41317e-39
1.45649e-39
1.49132e-39
1.51815e-39
1.53749e-39
1.54989e-39
1.55589e-39
1.55605e-39
1.5509e-39
1.54097e-39
1.52678e-39
1.50879e-39
1.48747e-39
1.46323e-39
1.43649e-39
9.51369e-39
2.25485e-38
3.26691e-38
4.68246e-38
6.65046e-38
9.37233e-38
1.31199e-37
1.82592e-37
2.52823e-37
3.48498e-37
4.78459e-37
6.54532e-37
8.92497e-37
1.21336e-36
1.64505e-36
2.22453e-36
3.0007e-36
4.03789e-36
5.42049e-36
7.25864e-36
9.69525e-36
1.29144e-35
1.71511e-35
2.27023e-35
2.99375e-35
3.93086e-35
5.13546e-35
6.66976e-35
8.60213e-35
1.10021e-34
1.39312e-34
1.74272e-34
2.14797e-34
2.59953e-34
3.07506e-34
3.53328e-34
3.90748e-34
4.09916e-34
3.97386e-34
3.36211e-34
2.0712e-34
1.90022e-34
2.47694e-17
1.67473e-14
3.26769e-14
4.78477e-14
6.22956e-14
7.60552e-14
8.9159e-14
1.01638e-13
1.13523e-13
1.24841e-13
1.3562e-13
1.45884e-13
1.5566e-13
1.64969e-13
1.73835e-13
1.82278e-13
1.90319e-13
1.97976e-13
2.05269e-13
2.12213e-13
2.18827e-13
2.25125e-13
2.31123e-13
2.36836e-13
2.42276e-13
2.47456e-13
2.5239e-13
2.57089e-13
2.61564e-13
2.65825e-13
2.69883e-13
2.73748e-13
3.16303e-13
3.6309e-13
4.14522e-13
4.71051e-13
5.33171e-13
6.01416e-13
6.76367e-13
7.58654e-13
8.48953e-13
9.47988e-13
1.05653e-12
1.17539e-12
1.30542e-12
1.44749e-12
1.60248e-12
1.77124e-12
1.95458e-12
2.15319e-12
2.36761e-12
2.59808e-12
2.84451e-12
3.10624e-12
3.38192e-12
3.66924e-12
3.96464e-12
4.26302e-12
4.55732e-12
4.8382e-12
5.09365e-12
5.30878e-12
5.46573e-12
5.54401e-12
5.52119e-12
5.37433e-12
5.082e-12
4.62695e-12
3.99933e-12
3.19983e-12
2.24277e-12
1.15902e-12
2.55176e-34
4.80817e-17
3.25094e-14
6.34315e-14
9.28806e-14
1.20927e-13
1.47636e-13
1.73073e-13
1.97298e-13
2.20368e-13
2.42338e-13
2.63261e-13
2.83187e-13
3.02163e-13
3.20234e-13
3.37444e-13
3.53833e-13
3.69441e-13
3.84306e-13
3.98461e-13
4.11942e-13
4.2478e-13
4.37006e-13
4.4865e-13
4.59738e-13
4.70298e-13
4.80355e-13
4.89932e-13
4.99053e-13
5.07739e-13
5.16011e-13
5.23889e-13
5.31391e-13
6.13997e-13
7.04817e-13
8.04654e-13
9.14386e-13
1.03497e-12
1.16744e-12
1.31293e-12
1.47265e-12
1.64793e-12
1.84016e-12
2.05084e-12
2.28154e-12
2.53391e-12
2.80965e-12
3.11044e-12
3.43794e-12
3.79371e-12
4.17909e-12
4.59508e-12
5.04219e-12
5.52016e-12
6.02773e-12
6.56221e-12
7.11908e-12
7.6914e-12
8.26917e-12
8.83866e-12
9.38165e-12
9.87478e-12
1.02891e-11
1.05899e-11
1.07376e-11
1.06888e-11
1.03994e-11
9.82822e-12
8.94279e-12
7.72486e-12
6.17675e-12
4.3269e-12
2.23514e-12
4.49241e-34
6.96791e-17
4.7112e-14
9.19236e-14
1.34601e-13
1.75244e-13
2.13951e-13
2.50814e-13
2.85919e-13
3.19352e-13
3.51191e-13
3.81512e-13
4.10388e-13
4.37888e-13
4.64076e-13
4.89016e-13
5.12767e-13
5.35386e-13
5.56927e-13
5.77441e-13
5.96977e-13
6.15582e-13
6.333e-13
6.50173e-13
6.66242e-13
6.81545e-13
6.96119e-13
7.09998e-13
7.23216e-13
7.35804e-13
7.47791e-13
7.59208e-13
7.7008e-13
8.8979e-13
1.0214e-12
1.16608e-12
1.3251e-12
1.49984e-12
1.69181e-12
1.90265e-12
2.13411e-12
2.3881e-12
2.66666e-12
2.97195e-12
3.30626e-12
3.67195e-12
4.07149e-12
4.50731e-12
4.98183e-12
5.49728e-12
6.05559e-12
6.65821e-12
7.30584e-12
7.9981e-12
8.73312e-12
9.50698e-12
1.03131e-11
1.11413e-11
1.1977e-11
1.28004e-11
1.35848e-11
1.42964e-11
1.48932e-11
1.53249e-11
1.5534e-11
1.54581e-11
1.50334e-11
1.42013e-11
1.29154e-11
1.11504e-11
8.91102e-12
6.23928e-12
3.22188e-12
5.82435e-34
8.83603e-17
5.97429e-14
1.16569e-13
1.70687e-13
2.22228e-13
2.71312e-13
3.18058e-13
3.62575e-13
4.04971e-13
4.45346e-13
4.83797e-13
5.20415e-13
5.55287e-13
5.88496e-13
6.20123e-13
6.50242e-13
6.78925e-13
7.06241e-13
7.32255e-13
7.57029e-13
7.80621e-13
8.03089e-13
8.24487e-13
8.44864e-13
8.6427e-13
8.82751e-13
9.00351e-13
9.17112e-13
9.33075e-13
9.48277e-13
9.62754e-13
9.76541e-13
1.12835e-12
1.29525e-12
1.47872e-12
1.68037e-12
1.90196e-12
2.1454e-12
2.41275e-12
2.70627e-12
3.02836e-12
3.38161e-12
3.76875e-12
4.19268e-12
4.65642e-12
5.16308e-12
5.71575e-12
6.31749e-12
6.97114e-12
7.67914e-12
8.44333e-12
9.2646e-12
1.01425e-11
1.10746e-11
1.20559e-11
1.30781e-11
1.41283e-11
1.51881e-11
1.62321e-11
1.72267e-11
1.81288e-11
1.88851e-11
1.94319e-11
1.96962e-11
1.95987e-11
1.90587e-11
1.80019e-11
1.63696e-11
1.41304e-11
1.12907e-11
7.9042e-12
4.08112e-12
6.60663e-34
1.02714e-16
6.94479e-14
1.35505e-13
1.98415e-13
2.58328e-13
3.15386e-13
3.69725e-13
4.21474e-13
4.70757e-13
5.17691e-13
5.62388e-13
6.04954e-13
6.45491e-13
6.84096e-13
7.2086e-13
7.55872e-13
7.89215e-13
8.20968e-13
8.51208e-13
8.80006e-13
9.07431e-13
9.3355e-13
9.58423e-13
9.8211e-13
1.00467e-12
1.02615e-12
1.04661e-12
1.0661e-12
1.08465e-12
1.10232e-12
1.11915e-12
1.13518e-12
1.31165e-12
1.50566e-12
1.71894e-12
1.95335e-12
2.21094e-12
2.49393e-12
2.80473e-12
3.14595e-12
3.52038e-12
3.93104e-12
4.38111e-12
4.87396e-12
5.41311e-12
6.00217e-12
6.64476e-12
7.34443e-12
8.1045e-12
8.92783e-12
9.81659e-12
1.07718e-11
1.1793e-11
1.28775e-11
1.40195e-11
1.52094e-11
1.64323e-11
1.76669e-11
1.88837e-11
2.00438e-11
2.10972e-11
2.19819e-11
2.26237e-11
2.29375e-11
2.28306e-11
2.22088e-11
2.09844e-11
1.90884e-11
1.6483e-11
1.31746e-11
9.22557e-12
4.76426e-12
6.8983e-34
1.11721e-16
7.55378e-14
1.47387e-13
2.15814e-13
2.80981e-13
3.43042e-13
4.02147e-13
4.58434e-13
5.12039e-13
5.63088e-13
6.11705e-13
6.58004e-13
7.02096e-13
7.44086e-13
7.84074e-13
8.22157e-13
8.58423e-13
8.92961e-13
9.25853e-13
9.57177e-13
9.87007e-13
1.01542e-12
1.04247e-12
1.06824e-12
1.09277e-12
1.11614e-12
1.13839e-12
1.15959e-12
1.17977e-12
1.19899e-12
1.2173e-12
1.23473e-12
1.42667e-12
1.6377e-12
1.86969e-12
2.12466e-12
2.40486e-12
2.71268e-12
3.05076e-12
3.42193e-12
3.82924e-12
4.27597e-12
4.76559e-12
5.30177e-12
5.88836e-12
6.52928e-12
7.2285e-12
7.9899e-12
8.81713e-12
9.71334e-12
1.06809e-11
1.17211e-11
1.28335e-11
1.40151e-11
1.526e-11
1.65577e-11
1.78923e-11
1.92408e-11
2.05714e-11
2.1842e-11
2.29984e-11
2.39731e-11
2.46852e-11
2.5042e-11
2.49415e-11
2.42796e-11
2.29591e-11
2.09021e-11
1.80644e-11
1.44503e-11
1.0126e-11
5.23189e-12
6.77828e-34
1.15041e-16
7.77831e-14
1.51768e-13
2.22229e-13
2.89333e-13
3.53239e-13
4.141e-13
4.72061e-13
5.27259e-13
5.79826e-13
6.29888e-13
6.77563e-13
7.22966e-13
7.66204e-13
8.07382e-13
8.46596e-13
8.83941e-13
9.19506e-13
9.53376e-13
9.85631e-13
1.01635e-12
1.0456e-12
1.07346e-12
1.09999e-12
1.12526e-12
1.14932e-12
1.17224e-12
1.19406e-12
1.21484e-12
1.23464e-12
1.25349e-12
1.27144e-12
1.46909e-12
1.6864e-12
1.92529e-12
2.18786e-12
2.47639e-12
2.79339e-12
3.14156e-12
3.5238e-12
3.94329e-12
4.40338e-12
4.90768e-12
5.45997e-12
6.06422e-12
6.7245e-12
7.44492e-12
8.22952e-12
9.08209e-12
1.0006e-11
1.10037e-11
1.20766e-11
1.32243e-11
1.44442e-11
1.573e-11
1.70715e-11
1.84525e-11
1.98496e-11
2.12305e-11
2.2552e-11
2.37587e-11
2.47813e-11
2.55363e-11
2.59273e-11
2.58483e-11
2.51898e-11
2.38482e-11
2.17391e-11
1.88123e-11
1.50675e-11
1.05701e-11
5.46569e-12
6.34399e-34
1.13009e-16
7.6409e-14
1.49087e-13
2.18303e-13
2.84222e-13
3.46999e-13
4.06785e-13
4.63722e-13
5.17945e-13
5.69584e-13
6.18762e-13
6.65595e-13
7.10196e-13
7.52671e-13
7.93122e-13
8.31644e-13
8.68329e-13
9.03267e-13
9.36538e-13
9.68224e-13
9.98399e-13
1.02714e-12
1.0545e-12
1.08057e-12
1.10539e-12
1.12903e-12
1.15154e-12
1.17297e-12
1.19339e-12
1.21283e-12
1.23135e-12
1.24899e-12
1.44315e-12
1.65663e-12
1.89131e-12
2.14926e-12
2.43272e-12
2.74415e-12
3.08621e-12
3.46176e-12
3.87392e-12
4.326e-12
4.82154e-12
5.36429e-12
5.95816e-12
6.60716e-12
7.31539e-12
8.08684e-12
8.92531e-12
9.83412e-12
1.08159e-11
1.18721e-11
1.30026e-11
1.42048e-11
1.5473e-11
1.67974e-11
1.81625e-11
1.95457e-11
2.09158e-11
2.22309e-11
2.34367e-11
2.44654e-11
2.52349e-11
2.56496e-11
2.56038e-11
2.49868e-11
2.3693e-11
2.16338e-11
1.87533e-11
1.50452e-11
1.05697e-11
5.47124e-12
5.69908e-34
1.06445e-16
7.19714e-14
1.40429e-13
2.05625e-13
2.67715e-13
3.26847e-13
3.83161e-13
4.36791e-13
4.87865e-13
5.36505e-13
5.82827e-13
6.26941e-13
6.68952e-13
7.0896e-13
7.47062e-13
7.83347e-13
8.17903e-13
8.50811e-13
8.82151e-13
9.11997e-13
9.4042e-13
9.67489e-13
9.93267e-13
1.01782e-12
1.0412e-12
1.06346e-12
1.08467e-12
1.10486e-12
1.12409e-12
1.14241e-12
1.15985e-12
1.17646e-12
1.35936e-12
1.56044e-12
1.78151e-12
2.02449e-12
2.29152e-12
2.58489e-12
2.90713e-12
3.26095e-12
3.64927e-12
4.07522e-12
4.54217e-12
5.05364e-12
5.61335e-12
6.22512e-12
6.89282e-12
7.62029e-12
8.41117e-12
9.26868e-12
1.01954e-11
1.11929e-11
1.22611e-11
1.3398e-11
1.45985e-11
1.58537e-11
1.71494e-11
1.84648e-11
1.97711e-11
2.10294e-11
2.2189e-11
2.31862e-11
2.39435e-11
2.43701e-11
2.43643e-11
2.38187e-11
2.26287e-11
2.07044e-11
1.79854e-11
1.44585e-11
1.01757e-11
5.27408e-12
4.93976e-34
9.64224e-17
6.51947e-14
1.27206e-13
1.86264e-13
2.42508e-13
2.96072e-13
3.47083e-13
3.95664e-13
4.4193e-13
4.8599e-13
5.27951e-13
5.67911e-13
6.05967e-13
6.42209e-13
6.76723e-13
7.09593e-13
7.40895e-13
7.70706e-13
7.99095e-13
8.26131e-13
8.51879e-13
8.76399e-13
8.99751e-13
9.2199e-13
9.43169e-13
9.63338e-13
9.82546e-13
1.00084e-12
1.01826e-12
1.03485e-12
1.05065e-12
1.0657e-12
1.23138e-12
1.41354e-12
1.61381e-12
1.83393e-12
2.07584e-12
2.34164e-12
2.63359e-12
2.95417e-12
3.30603e-12
3.69202e-12
4.1152e-12
4.57879e-12
5.08616e-12
5.64083e-12
6.24634e-12
6.90622e-12
7.62385e-12
8.40224e-12
9.24388e-12
1.01503e-11
1.11218e-11
1.21566e-11
1.32506e-11
1.43961e-11
1.55806e-11
1.67861e-11
1.79869e-11
1.91484e-11
2.02252e-11
2.11599e-11
2.18821e-11
2.23085e-11
2.23449e-11
2.18904e-11
2.08447e-11
1.91191e-11
1.66502e-11
1.34178e-11
9.46336e-12
4.91238e-12
2.39999e-34
9.55174e-17
6.45828e-14
1.26012e-13
1.84515e-13
2.40232e-13
2.93293e-13
3.43826e-13
3.91951e-13
4.37782e-13
4.81429e-13
5.22996e-13
5.62581e-13
6.0028e-13
6.36182e-13
6.70372e-13
7.02933e-13
7.33942e-13
7.63472e-13
7.91595e-13
8.18378e-13
8.43884e-13
8.68174e-13
8.91307e-13
9.13337e-13
9.34317e-13
9.54297e-13
9.73325e-13
9.91447e-13
1.0087e-12
1.02514e-12
1.04079e-12
1.0557e-12
1.21982e-12
1.40028e-12
1.59866e-12
1.81672e-12
2.05637e-12
2.31967e-12
2.60889e-12
2.92646e-12
3.27503e-12
3.65742e-12
4.07664e-12
4.5359e-12
5.03854e-12
5.58805e-12
6.18793e-12
6.8417e-12
7.5527e-12
8.32393e-12
9.15785e-12
1.0056e-11
1.10187e-11
1.20443e-11
1.31286e-11
1.4264e-11
1.54384e-11
1.66338e-11
1.78249e-11
1.89773e-11
2.00463e-11
2.0975e-11
2.16936e-11
2.21195e-11
2.21592e-11
2.17124e-11
2.06794e-11
1.89715e-11
1.65253e-11
1.33199e-11
9.39607e-12
4.87809e-12
6.24595e-34
8.60556e-17
5.81855e-14
1.1353e-13
1.66238e-13
2.16435e-13
2.64241e-13
3.09768e-13
3.53126e-13
3.94418e-13
4.33742e-13
4.71191e-13
5.06856e-13
5.40821e-13
5.73167e-13
6.03971e-13
6.33307e-13
6.61244e-13
6.8785e-13
7.13188e-13
7.37318e-13
7.60298e-13
7.82183e-13
8.03024e-13
8.22873e-13
8.41775e-13
8.59777e-13
8.7692e-13
8.93247e-13
9.08796e-13
9.23603e-13
9.37705e-13
9.51135e-13
1.09901e-12
1.2616e-12
1.44034e-12
1.63682e-12
1.85275e-12
2.09001e-12
2.35062e-12
2.6368e-12
2.95093e-12
3.29556e-12
3.67343e-12
4.08743e-12
4.5406e-12
5.03609e-12
5.57713e-12
6.16691e-12
6.80851e-12
7.50473e-12
8.25789e-12
9.06953e-12
9.94008e-12
1.08683e-11
1.18508e-11
1.28809e-11
1.39482e-11
1.5037e-11
1.6125e-11
1.71817e-11
1.81674e-11
1.90308e-11
1.97091e-11
2.0127e-11
2.01986e-11
1.98303e-11
1.89275e-11
1.74042e-11
1.51957e-11
1.22758e-11
8.67662e-12
4.51097e-12
1.15089e-33
7.79932e-17
5.27344e-14
1.02894e-13
1.50664e-13
1.96159e-13
2.39486e-13
2.80748e-13
3.20044e-13
3.57468e-13
3.93108e-13
4.27049e-13
4.59373e-13
4.90156e-13
5.19472e-13
5.4739e-13
5.73978e-13
5.99299e-13
6.23412e-13
6.46377e-13
6.68247e-13
6.89074e-13
7.08909e-13
7.27798e-13
7.45788e-13
7.6292e-13
7.79235e-13
7.94773e-13
8.0957e-13
8.23663e-13
8.37083e-13
8.49865e-13
8.62037e-13
9.96063e-13
1.14343e-12
1.30543e-12
1.48352e-12
1.67924e-12
1.89429e-12
2.13053e-12
2.38996e-12
2.67473e-12
2.98718e-12
3.32978e-12
3.70518e-12
4.11616e-12
4.56558e-12
5.0564e-12
5.59156e-12
6.1739e-12
6.80603e-12
7.49015e-12
8.22776e-12
9.01941e-12
9.86417e-12
1.07591e-11
1.16987e-11
1.26737e-11
1.36702e-11
1.46685e-11
1.56416e-11
1.65535e-11
1.73582e-11
1.79986e-11
1.84058e-11
1.85005e-11
1.81954e-11
1.74008e-11
1.60333e-11
1.40282e-11
1.13556e-11
8.04039e-12
4.1855e-12
1.01668e-33
7.16526e-17
4.84474e-14
9.45292e-14
1.38416e-13
1.80212e-13
2.20017e-13
2.57925e-13
2.94027e-13
3.28408e-13
3.61151e-13
3.92333e-13
4.22029e-13
4.5031e-13
4.77242e-13
5.02892e-13
5.27318e-13
5.50581e-13
5.72734e-13
5.93832e-13
6.13924e-13
6.33059e-13
6.51282e-13
6.68636e-13
6.85163e-13
7.00902e-13
7.15892e-13
7.30167e-13
7.43762e-13
7.56709e-13
7.69039e-13
7.80781e-13
7.91964e-13
9.15098e-13
1.05049e-12
1.19933e-12
1.36295e-12
1.54277e-12
1.74037e-12
1.95743e-12
2.19581e-12
2.45749e-12
2.74461e-12
3.05947e-12
3.4045e-12
3.78226e-12
4.19541e-12
4.64669e-12
5.13883e-12
5.67448e-12
6.2561e-12
6.88576e-12
7.56496e-12
8.29429e-12
9.07306e-12
9.89878e-12
1.07665e-11
1.16681e-11
1.25911e-11
1.35177e-11
1.44234e-11
1.52756e-11
1.6032e-11
1.66402e-11
1.70364e-11
1.71465e-11
1.68884e-11
1.61769e-11
1.4931e-11
1.30865e-11
1.0611e-11
7.5241e-12
3.92083e-12
5.39881e-34
7.06445e-17
4.77658e-14
9.31993e-14
1.36469e-13
1.77677e-13
2.16921e-13
2.54296e-13
2.8989e-13
3.23787e-13
3.5607e-13
3.86813e-13
4.16091e-13
4.43974e-13
4.70528e-13
4.95817e-13
5.199e-13
5.42835e-13
5.64677e-13
5.85478e-13
6.05287e-13
6.24153e-13
6.42119e-13
6.59229e-13
6.75524e-13
6.91042e-13
7.0582e-13
7.19895e-13
7.33298e-13
7.46063e-13
7.5822e-13
7.69797e-13
7.80823e-13
9.02225e-13
1.03571e-12
1.18246e-12
1.34378e-12
1.52108e-12
1.71589e-12
1.92991e-12
2.16494e-12
2.42294e-12
2.70604e-12
3.01649e-12
3.35668e-12
3.72916e-12
4.13655e-12
4.58154e-12
5.06683e-12
5.59505e-12
6.16863e-12
6.78962e-12
7.45951e-12
8.17891e-12
8.94716e-12
9.76184e-12
1.06181e-11
1.1508e-11
1.24192e-11
1.33343e-11
1.42292e-11
1.50717e-11
1.58203e-11
1.64231e-11
1.68173e-11
1.69297e-11
1.66789e-11
1.59803e-11
1.47537e-11
1.29348e-11
1.04909e-11
7.44067e-12
3.87801e-12
4.14828e-34
6.66496e-17
4.50648e-14
8.79292e-14
1.28752e-13
1.6763e-13
2.04655e-13
2.39917e-13
2.73498e-13
3.05479e-13
3.35935e-13
3.6494e-13
3.92563e-13
4.1887e-13
4.43922e-13
4.67781e-13
4.90502e-13
5.1214e-13
5.32748e-13
5.52373e-13
5.71062e-13
5.88861e-13
6.05812e-13
6.21954e-13
6.37328e-13
6.51968e-13
6.65912e-13
6.7919e-13
6.91836e-13
7.03879e-13
7.15348e-13
7.26271e-13
7.36674e-13
8.51213e-13
9.77153e-13
1.11561e-12
1.26781e-12
1.43509e-12
1.61891e-12
1.82084e-12
2.0426e-12
2.28606e-12
2.55319e-12
2.84615e-12
3.1672e-12
3.51874e-12
3.90326e-12
4.32331e-12
4.78147e-12
5.28023e-12
5.82192e-12
6.40852e-12
7.0415e-12
7.72149e-12
8.44798e-12
9.21879e-12
1.00295e-11
1.08727e-11
1.17371e-11
1.26064e-11
1.34581e-11
1.42619e-11
1.4979e-11
1.55602e-11
1.5946e-11
1.60666e-11
1.58441e-11
1.51967e-11
1.40462e-11
1.23287e-11
1.00104e-11
7.1067e-12
3.70651e-12
6.94003e-34
6.27374e-17
4.24196e-14
8.2768e-14
1.21195e-13
1.5779e-13
1.92643e-13
2.25834e-13
2.57445e-13
2.87548e-13
3.16217e-13
3.4352e-13
3.69522e-13
3.94284e-13
4.17866e-13
4.40325e-13
4.61713e-13
4.82081e-13
5.01479e-13
5.19952e-13
5.37545e-13
5.54299e-13
5.70255e-13
5.8545e-13
5.99921e-13
6.13703e-13
6.26828e-13
6.39327e-13
6.51231e-13
6.62567e-13
6.73364e-13
6.83646e-13
6.93438e-13
8.01256e-13
9.19807e-13
1.05014e-12
1.19342e-12
1.35089e-12
1.52393e-12
1.71402e-12
1.9228e-12
2.15199e-12
2.4035e-12
2.67933e-12
2.98162e-12
3.31264e-12
3.67475e-12
4.07037e-12
4.50193e-12
4.97182e-12
5.48224e-12
6.03512e-12
6.63188e-12
7.27321e-12
7.95869e-12
8.6864e-12
9.45231e-12
1.02496e-11
1.10679e-11
1.18919e-11
1.27008e-11
1.34662e-11
1.41517e-11
1.4711e-11
1.50877e-11
1.52155e-11
1.50199e-11
1.4422e-11
1.33456e-11
1.17277e-11
9.53313e-12
6.77453e-12
3.53576e-12
6.70545e-34
5.96656e-17
4.03427e-14
7.87156e-14
1.15261e-13
1.50065e-13
1.83211e-13
2.14777e-13
2.4484e-13
2.7347e-13
3.00735e-13
3.26701e-13
3.5143e-13
3.7498e-13
3.97408e-13
4.18766e-13
4.39107e-13
4.58479e-13
4.76927e-13
4.94495e-13
5.11227e-13
5.27161e-13
5.42336e-13
5.56787e-13
5.7055e-13
5.83657e-13
5.9614e-13
6.08027e-13
6.19348e-13
6.3013e-13
6.40398e-13
6.50176e-13
6.59489e-13
7.6203e-13
8.74779e-13
9.98737e-13
1.135e-12
1.28477e-12
1.44935e-12
1.63015e-12
1.82872e-12
2.04672e-12
2.28595e-12
2.54832e-12
2.83589e-12
3.1508e-12
3.49531e-12
3.87173e-12
4.28239e-12
4.72959e-12
5.21544e-12
5.74181e-12
6.3101e-12
6.921e-12
7.57422e-12
8.26798e-12
8.99859e-12
9.7597e-12
1.05415e-11
1.13298e-11
1.21047e-11
1.28397e-11
1.34999e-11
1.40414e-11
1.44105e-11
1.45434e-11
1.43683e-11
1.38088e-11
1.27903e-11
1.12506e-11
9.15381e-12
6.5102e-12
3.39976e-12
5.85959e-34
5.7246e-17
3.87067e-14
7.55235e-14
1.10587e-13
1.43979e-13
1.75781e-13
2.06068e-13
2.34911e-13
2.6238e-13
2.8854e-13
3.13453e-13
3.37179e-13
3.59774e-13
3.81293e-13
4.01785e-13
4.21302e-13
4.39887e-13
4.57587e-13
4.74444e-13
4.90497e-13
5.05785e-13
5.20345e-13
5.3421e-13
5.47415e-13
5.59991e-13
5.71967e-13
5.83373e-13
5.94235e-13
6.04579e-13
6.14431e-13
6.23813e-13
6.32748e-13
7.31132e-13
8.39311e-13
9.58246e-13
1.08899e-12
1.23269e-12
1.3906e-12
1.56408e-12
1.75462e-12
1.9638e-12
2.19336e-12
2.44513e-12
2.72109e-12
3.02331e-12
3.35395e-12
3.71524e-12
4.10944e-12
4.53875e-12
5.00523e-12
5.5107e-12
6.05654e-12
6.64345e-12
7.27121e-12
7.93819e-12
8.64092e-12
9.37342e-12
1.01264e-11
1.08864e-11
1.16344e-11
1.23451e-11
1.29852e-11
1.35124e-11
1.38751e-11
1.40116e-11
1.38524e-11
1.33228e-11
1.23499e-11
1.08718e-11
8.8523e-12
6.2999e-12
3.29148e-12
5.15577e-34
5.53366e-17
3.74157e-14
7.30046e-14
1.06898e-13
1.39177e-13
1.69918e-13
1.99195e-13
2.27076e-13
2.53629e-13
2.78917e-13
3.02999e-13
3.25933e-13
3.47775e-13
3.68576e-13
3.88385e-13
4.0725e-13
4.25216e-13
4.42326e-13
4.5862e-13
4.74138e-13
4.88917e-13
5.0299e-13
5.16394e-13
5.29158e-13
5.41314e-13
5.52891e-13
5.63917e-13
5.74417e-13
5.84416e-13
5.93939e-13
6.03008e-13
6.11646e-13
7.0675e-13
8.11322e-13
9.26292e-13
1.05268e-12
1.19159e-12
1.34424e-12
1.51195e-12
1.69614e-12
1.89836e-12
2.12029e-12
2.3637e-12
2.63049e-12
2.92269e-12
3.24239e-12
3.59174e-12
3.97294e-12
4.38813e-12
4.83932e-12
5.32829e-12
5.85639e-12
6.42436e-12
7.032e-12
7.67781e-12
8.35851e-12
9.06839e-12
9.79858e-12
1.05361e-11
1.12628e-11
1.19542e-11
1.25783e-11
1.30941e-11
1.34515e-11
1.35907e-11
1.34438e-11
1.29377e-11
1.20006e-11
1.05712e-11
8.61284e-12
6.13276e-12
3.20537e-12
4.56327e-34
5.38288e-17
3.63962e-14
7.10154e-14
1.03986e-13
1.35385e-13
1.65289e-13
1.93767e-13
2.20889e-13
2.46718e-13
2.71317e-13
2.94743e-13
3.17053e-13
3.38299e-13
3.58533e-13
3.77803e-13
3.96154e-13
4.13631e-13
4.30274e-13
4.46125e-13
4.6122e-13
4.75596e-13
4.89286e-13
5.02324e-13
5.14741e-13
5.26566e-13
5.37828e-13
5.48553e-13
5.58766e-13
5.68494e-13
5.77757e-13
5.86579e-13
5.94981e-13
6.87495e-13
7.89219e-13
9.01058e-13
1.024e-12
1.15913e-12
1.30763e-12
1.47077e-12
1.64996e-12
1.84668e-12
2.06258e-12
2.29938e-12
2.55895e-12
2.84323e-12
3.15428e-12
3.49421e-12
3.86514e-12
4.26918e-12
4.70829e-12
5.18422e-12
5.69832e-12
6.25132e-12
6.84306e-12
7.47215e-12
8.13542e-12
8.82742e-12
9.53957e-12
1.02593e-11
1.09692e-11
1.16453e-11
1.22566e-11
1.27634e-11
1.31165e-11
1.32578e-11
1.31205e-11
1.26329e-11
1.1724e-11
1.03329e-11
8.42297e-12
6.00015e-12
3.13703e-12
4.05904e-34
5.26386e-17
3.55915e-14
6.94453e-14
1.01686e-13
1.32392e-13
1.61634e-13
1.89483e-13
2.16005e-13
2.41264e-13
2.65318e-13
2.88227e-13
3.10043e-13
3.3082e-13
3.50607e-13
3.6945e-13
3.87396e-13
4.04486e-13
4.20762e-13
4.36262e-13
4.51023e-13
4.65081e-13
4.78469e-13
4.91219e-13
5.03361e-13
5.14925e-13
5.25938e-13
5.36425e-13
5.46414e-13
5.55926e-13
5.64985e-13
5.73612e-13
5.81828e-13
6.72297e-13
7.71773e-13
8.81141e-13
1.00137e-12
1.13352e-12
1.27873e-12
1.43827e-12
1.6135e-12
1.80589e-12
2.01703e-12
2.24862e-12
2.50248e-12
2.78052e-12
3.08474e-12
3.41722e-12
3.78005e-12
4.17529e-12
4.60487e-12
5.07051e-12
5.57355e-12
6.11472e-12
6.69392e-12
7.3098e-12
7.95932e-12
8.63719e-12
9.3351e-12
1.00409e-11
1.07374e-11
1.14015e-11
1.20027e-11
1.25022e-11
1.2852e-11
1.29948e-11
1.2865e-11
1.2392e-11
1.15053e-11
1.01446e-11
8.27279e-12
5.89524e-12
3.08295e-12
3.62565e-34
5.17007e-17
3.49574e-14
6.8208e-14
9.98747e-14
1.30033e-13
1.58754e-13
1.86107e-13
2.12157e-13
2.36965e-13
2.60591e-13
2.83091e-13
3.04519e-13
3.24926e-13
3.4436e-13
3.62868e-13
3.80494e-13
3.9728e-13
4.13265e-13
4.28489e-13
4.42988e-13
4.56795e-13
4.69945e-13
4.82467e-13
4.94394e-13
5.05751e-13
5.16568e-13
5.26869e-13
5.36679e-13
5.46022e-13
5.54919e-13
5.63393e-13
5.71463e-13
6.6032e-13
7.58024e-13
8.65445e-13
9.83533e-13
1.11333e-12
1.25596e-12
1.41267e-12
1.58478e-12
1.77375e-12
1.98114e-12
2.20862e-12
2.45798e-12
2.73109e-12
3.02994e-12
3.35656e-12
3.713e-12
4.1013e-12
4.52337e-12
4.9809e-12
5.47522e-12
6.00709e-12
6.5764e-12
7.18188e-12
7.82057e-12
8.48731e-12
9.174e-12
9.86872e-12
1.05547e-11
1.12093e-11
1.18026e-11
1.22965e-11
1.26436e-11
1.27877e-11
1.26638e-11
1.22022e-11
1.1333e-11
9.99614e-12
8.15442e-12
5.81253e-12
3.0403e-12
3.24985e-34
5.09637e-17
3.44591e-14
6.72356e-14
9.8451e-14
1.28179e-13
1.56491e-13
1.83454e-13
2.09133e-13
2.33587e-13
2.56877e-13
2.79056e-13
3.00178e-13
3.20294e-13
3.39451e-13
3.57695e-13
3.7507e-13
3.91617e-13
4.07374e-13
4.22381e-13
4.36673e-13
4.50284e-13
4.63246e-13
4.7559e-13
4.87346e-13
4.98542e-13
5.09204e-13
5.19359e-13
5.29029e-13
5.38239e-13
5.47009e-13
5.55362e-13
5.63317e-13
6.50908e-13
7.47221e-13
8.53111e-13
9.69517e-13
1.09746e-12
1.23807e-12
1.39254e-12
1.56221e-12
1.74849e-12
1.95293e-12
2.17719e-12
2.42301e-12
2.69225e-12
2.98688e-12
3.30889e-12
3.66031e-12
4.04316e-12
4.45933e-12
4.91049e-12
5.39797e-12
5.92252e-12
6.48408e-12
7.08138e-12
7.71157e-12
8.36958e-12
9.04747e-12
9.73353e-12
1.04113e-11
1.10585e-11
1.16456e-11
1.2135e-11
1.24801e-11
1.26251e-11
1.2506e-11
1.20533e-11
1.11979e-11
9.87972e-12
8.06158e-12
5.74764e-12
3.00684e-12
2.92141e-34
5.03869e-17
3.40691e-14
6.64747e-14
9.73367e-14
1.26729e-13
1.5472e-13
1.81378e-13
2.06766e-13
2.30944e-13
2.53969e-13
2.75898e-13
2.96781e-13
3.16669e-13
3.3561e-13
3.53647e-13
3.70825e-13
3.87185e-13
4.02764e-13
4.17601e-13
4.31731e-13
4.45188e-13
4.58003e-13
4.70208e-13
4.81831e-13
4.929e-13
5.03442e-13
5.13481e-13
5.23042e-13
5.32148e-13
5.40819e-13
5.49077e-13
5.56942e-13
6.43543e-13
7.38765e-13
8.43458e-13
9.58548e-13
1.08505e-12
1.22406e-12
1.37679e-12
1.54454e-12
1.72872e-12
1.93086e-12
2.15259e-12
2.39564e-12
2.66186e-12
2.95318e-12
3.27158e-12
3.61908e-12
3.99767e-12
4.40922e-12
4.8554e-12
5.33753e-12
5.85636e-12
6.41185e-12
7.00277e-12
7.62631e-12
8.27751e-12
8.94853e-12
9.62784e-12
1.02992e-11
1.09406e-11
1.15228e-11
1.20089e-11
1.23524e-11
1.24982e-11
1.23828e-11
1.19372e-11
1.10925e-11
9.78895e-12
7.98919e-12
5.69705e-12
2.98075e-12
2.6324e-34
4.9938e-17
3.37656e-14
6.58825e-14
9.64696e-14
1.256e-13
1.53342e-13
1.79762e-13
2.04924e-13
2.28886e-13
2.51707e-13
2.7344e-13
2.94137e-13
3.13848e-13
3.3262e-13
3.50497e-13
3.67522e-13
3.83736e-13
3.99177e-13
4.13882e-13
4.27886e-13
4.41223e-13
4.53924e-13
4.6602e-13
4.77539e-13
4.8851e-13
4.98958e-13
5.08908e-13
5.18383e-13
5.27408e-13
5.36002e-13
5.44187e-13
5.51982e-13
6.37811e-13
7.32186e-13
8.35946e-13
9.50012e-13
1.07539e-12
1.21316e-12
1.36453e-12
1.53079e-12
1.71334e-12
1.91368e-12
2.13344e-12
2.37434e-12
2.63821e-12
2.92696e-12
3.24256e-12
3.58701e-12
3.96227e-12
4.37023e-12
4.81254e-12
5.29051e-12
5.8049e-12
6.35567e-12
6.94164e-12
7.56002e-12
8.20593e-12
8.87163e-12
9.54571e-12
1.02121e-11
1.0849e-11
1.14276e-11
1.1911e-11
1.22534e-11
1.23999e-11
1.22874e-11
1.18473e-11
1.1011e-11
9.71872e-12
7.9332e-12
5.65793e-12
2.96058e-12
2.37659e-34
4.95913e-17
3.35312e-14
6.54251e-14
9.57999e-14
1.24728e-13
1.52277e-13
1.78514e-13
2.03501e-13
2.27297e-13
2.4996e-13
2.71542e-13
2.92095e-13
3.1167e-13
3.30311e-13
3.48064e-13
3.64971e-13
3.81072e-13
3.96405e-13
4.11008e-13
4.24915e-13
4.3816e-13
4.50773e-13
4.62785e-13
4.74224e-13
4.85119e-13
4.95494e-13
5.05375e-13
5.14785e-13
5.23746e-13
5.32281e-13
5.40409e-13
5.4815e-13
6.33383e-13
7.27104e-13
8.30144e-13
9.43419e-13
1.06792e-12
1.20475e-12
1.35507e-12
1.52018e-12
1.70146e-12
1.90042e-12
2.11866e-12
2.3579e-12
2.61995e-12
2.90671e-12
3.22014e-12
3.56223e-12
3.93494e-12
4.34013e-12
4.77946e-12
5.25422e-12
5.76518e-12
6.31232e-12
6.89446e-12
7.50888e-12
8.15073e-12
8.81233e-12
9.48241e-12
1.0145e-11
1.07785e-11
1.13543e-11
1.18357e-11
1.21773e-11
1.23244e-11
1.22142e-11
1.17784e-11
1.09485e-11
9.66493e-12
7.89033e-12
5.62797e-12
2.94513e-12
2.14902e-34
4.93261e-17
3.33519e-14
6.50753e-14
9.52876e-14
1.24061e-13
1.51463e-13
1.7756e-13
2.02413e-13
2.26082e-13
2.48623e-13
2.7009e-13
2.90534e-13
3.10003e-13
3.28545e-13
3.46203e-13
3.63019e-13
3.79034e-13
3.94286e-13
4.08811e-13
4.22643e-13
4.35817e-13
4.48362e-13
4.6031e-13
4.71689e-13
4.82525e-13
4.92845e-13
5.02673e-13
5.12032e-13
5.20946e-13
5.29435e-13
5.3752e-13
5.45219e-13
6.29997e-13
7.23216e-13
8.25707e-13
9.38376e-13
1.06222e-12
1.19831e-12
1.34783e-12
1.51206e-12
1.69237e-12
1.89027e-12
2.10735e-12
2.34532e-12
2.60598e-12
2.89123e-12
3.203e-12
3.54329e-12
3.91405e-12
4.31712e-12
4.75416e-12
5.22648e-12
5.73483e-12
6.2792e-12
6.85843e-12
7.46983e-12
8.10858e-12
8.76709e-12
9.43413e-12
1.00939e-11
1.07248e-11
1.12985e-11
1.17785e-11
1.21194e-11
1.2267e-11
1.21586e-11
1.17261e-11
1.09012e-11
9.62425e-12
7.85793e-12
5.60535e-12
2.93347e-12
1.94572e-34
4.91259e-17
3.32165e-14
6.48111e-14
9.49009e-14
1.23557e-13
1.50848e-13
1.76839e-13
2.01591e-13
2.25164e-13
2.47614e-13
2.68994e-13
2.89354e-13
3.08745e-13
3.27211e-13
3.44798e-13
3.61546e-13
3.77496e-13
3.92686e-13
4.07152e-13
4.20928e-13
4.34048e-13
4.46543e-13
4.58442e-13
4.69774e-13
4.80567e-13
4.90844e-13
5.00633e-13
5.09954e-13
5.18832e-13
5.27287e-13
5.35338e-13
5.43006e-13
6.27441e-13
7.20282e-13
8.22356e-13
9.34569e-13
1.05791e-12
1.19345e-12
1.34236e-12
1.50593e-12
1.68551e-12
1.88261e-12
2.09882e-12
2.33583e-12
2.59544e-12
2.87954e-12
3.19007e-12
3.529e-12
3.89828e-12
4.29976e-12
4.73508e-12
5.20555e-12
5.71194e-12
6.25423e-12
6.83128e-12
7.44041e-12
8.07685e-12
8.73304e-12
9.39782e-12
1.00554e-11
1.06845e-11
1.12566e-11
1.17356e-11
1.20762e-11
1.22242e-11
1.21172e-11
1.16872e-11
1.0866e-11
9.59403e-12
7.83388e-12
5.58856e-12
2.92481e-12
1.76346e-34
4.89773e-17
3.3116e-14
6.46151e-14
9.46139e-14
1.23184e-13
1.50392e-13
1.76304e-13
2.00982e-13
2.24483e-13
2.46865e-13
2.6818e-13
2.88479e-13
3.07811e-13
3.26222e-13
3.43755e-13
3.60452e-13
3.76354e-13
3.91498e-13
4.0592e-13
4.19655e-13
4.32736e-13
4.45193e-13
4.57056e-13
4.68354e-13
4.79113e-13
4.8936e-13
4.99119e-13
5.08412e-13
5.17263e-13
5.25692e-13
5.3372e-13
5.41365e-13
6.25544e-13
7.18104e-13
8.1987e-13
9.31744e-13
1.05471e-12
1.18984e-12
1.33831e-12
1.50138e-12
1.68042e-12
1.87693e-12
2.09249e-12
2.32878e-12
2.58762e-12
2.87087e-12
3.18047e-12
3.5184e-12
3.88659e-12
4.28689e-12
4.72094e-12
5.19005e-12
5.69498e-12
6.23573e-12
6.81118e-12
7.41865e-12
8.05339e-12
8.70788e-12
9.37101e-12
1.00271e-11
1.06548e-11
1.12258e-11
1.17041e-11
1.20445e-11
1.21929e-11
1.2087e-11
1.16589e-11
1.08404e-11
9.5721e-12
7.81645e-12
5.5764e-12
2.91855e-12
1.59959e-34
4.88697e-17
3.30433e-14
6.44732e-14
9.4406e-14
1.22913e-13
1.50062e-13
1.75917e-13
2.0054e-13
2.2399e-13
2.46323e-13
2.67591e-13
2.87846e-13
3.07135e-13
3.25505e-13
3.43e-13
3.59661e-13
3.75527e-13
3.90638e-13
4.05029e-13
4.18733e-13
4.31785e-13
4.44214e-13
4.56052e-13
4.67325e-13
4.78061e-13
4.88285e-13
4.98022e-13
5.07296e-13
5.16127e-13
5.24537e-13
5.32547e-13
5.40175e-13
6.24169e-13
7.16527e-13
8.1807e-13
9.29698e-13
1.05239e-12
1.18723e-12
1.33537e-12
1.49808e-12
1.67674e-12
1.87282e-12
2.0879e-12
2.32368e-12
2.58196e-12
2.86459e-12
3.17353e-12
3.51073e-12
3.87813e-12
4.27758e-12
4.71071e-12
5.17884e-12
5.68273e-12
6.22238e-12
6.79667e-12
7.40295e-12
8.03648e-12
8.68977e-12
9.35175e-12
1.00068e-11
1.06335e-11
1.12038e-11
1.16816e-11
1.20219e-11
1.21707e-11
1.20656e-11
1.16389e-11
1.08224e-11
9.55673e-12
7.80426e-12
5.5679e-12
2.91417e-12
1.45189e-34
4.87944e-17
3.29923e-14
6.43738e-14
9.42605e-14
1.22723e-13
1.4983e-13
1.75646e-13
2.00231e-13
2.23645e-13
2.45943e-13
2.67179e-13
2.87402e-13
3.06662e-13
3.25003e-13
3.42471e-13
3.59106e-13
3.74949e-13
3.90036e-13
4.04404e-13
4.18088e-13
4.3112e-13
4.4353e-13
4.55349e-13
4.66605e-13
4.77324e-13
4.87533e-13
4.97255e-13
5.06514e-13
5.15332e-13
5.23729e-13
5.31727e-13
5.39343e-13
6.23208e-13
7.15423e-13
8.1681e-13
9.28266e-13
1.05077e-12
1.1854e-12
1.33331e-12
1.49578e-12
1.67416e-12
1.86994e-12
2.08469e-12
2.32012e-12
2.578e-12
2.8602e-12
3.16867e-12
3.50537e-12
3.87222e-12
4.27107e-12
4.70357e-12
5.17102e-12
5.67419e-12
6.21307e-12
6.78657e-12
7.39203e-12
8.02474e-12
8.67722e-12
9.33842e-12
9.99272e-12
1.06189e-11
1.11887e-11
1.16663e-11
1.20065e-11
1.21556e-11
1.20512e-11
1.16255e-11
1.08104e-11
9.54651e-12
7.79617e-12
5.56228e-12
2.91128e-12
1.31851e-34
4.87444e-17
3.29586e-14
6.43079e-14
9.4164e-14
1.22598e-13
1.49677e-13
1.75466e-13
2.00026e-13
2.23416e-13
2.45691e-13
2.66905e-13
2.87108e-13
3.06348e-13
3.24671e-13
3.42121e-13
3.58739e-13
3.74565e-13
3.89637e-13
4.03991e-13
4.1766e-13
4.30678e-13
4.43076e-13
4.54883e-13
4.66127e-13
4.76836e-13
4.87034e-13
4.96746e-13
5.05996e-13
5.14804e-13
5.23193e-13
5.31183e-13
5.38791e-13
6.2257e-13
7.14691e-13
8.15974e-13
9.27317e-13
1.0497e-12
1.18419e-12
1.33195e-12
1.49425e-12
1.67245e-12
1.86803e-12
2.08257e-12
2.31775e-12
2.57537e-12
2.8573e-12
3.16546e-12
3.50182e-12
3.86831e-12
4.26678e-12
4.69886e-12
5.16586e-12
5.66855e-12
6.20695e-12
6.77993e-12
7.38487e-12
8.01706e-12
8.66903e-12
9.32974e-12
9.98362e-12
1.06094e-11
1.1179e-11
1.16565e-11
1.19968e-11
1.21461e-11
1.20422e-11
1.16172e-11
1.08031e-11
9.5403e-12
7.7913e-12
5.5589e-12
2.90954e-12
9.42441e-35
4.8726e-17
3.29461e-14
6.42836e-14
9.41284e-14
1.22551e-13
1.4962e-13
1.754e-13
1.99951e-13
2.23332e-13
2.45598e-13
2.66804e-13
2.86999e-13
3.06232e-13
3.24548e-13
3.41991e-13
3.58603e-13
3.74423e-13
3.8949e-13
4.03838e-13
4.17502e-13
4.30515e-13
4.42909e-13
4.54711e-13
4.65951e-13
4.76655e-13
4.8685e-13
4.96558e-13
5.05804e-13
5.1461e-13
5.22995e-13
5.30982e-13
5.38587e-13
6.22335e-13
7.14421e-13
8.15666e-13
9.26966e-13
1.0493e-12
1.18374e-12
1.33145e-12
1.49369e-12
1.67182e-12
1.86732e-12
2.08178e-12
2.31688e-12
2.57441e-12
2.85623e-12
3.16428e-12
3.50051e-12
3.86687e-12
4.2652e-12
4.69712e-12
5.16396e-12
5.66649e-12
6.20471e-12
6.77751e-12
7.38227e-12
8.01427e-12
8.66606e-12
9.32662e-12
9.98036e-12
1.0606e-11
1.11756e-11
1.1653e-11
1.19935e-11
1.21429e-11
1.20392e-11
1.16145e-11
1.08007e-11
9.5383e-12
7.78973e-12
5.55782e-12
2.90899e-12
1.70746e-35
4.8699e-17
3.29279e-14
6.4248e-14
9.40763e-14
1.22484e-13
1.49538e-13
1.75303e-13
1.9984e-13
2.23208e-13
2.45463e-13
2.66657e-13
2.86841e-13
3.06063e-13
3.24369e-13
3.41802e-13
3.58405e-13
3.74216e-13
3.89274e-13
4.03614e-13
4.17271e-13
4.30277e-13
4.42664e-13
4.5446e-13
4.65693e-13
4.76392e-13
4.86581e-13
4.96284e-13
5.05525e-13
5.14325e-13
5.22706e-13
5.30688e-13
5.38289e-13
6.21991e-13
7.14026e-13
8.15215e-13
9.26454e-13
1.04872e-12
1.18309e-12
1.33071e-12
1.49286e-12
1.6709e-12
1.86629e-12
2.08063e-12
2.3156e-12
2.57299e-12
2.85466e-12
3.16254e-12
3.49859e-12
3.86475e-12
4.26286e-12
4.69456e-12
5.16116e-12
5.66342e-12
6.20136e-12
6.77387e-12
7.37833e-12
8.01003e-12
8.66153e-12
9.32179e-12
9.97526e-12
1.06007e-11
1.11701e-11
1.16474e-11
1.19878e-11
1.21373e-11
1.20338e-11
1.16094e-11
1.07961e-11
9.53434e-12
7.78657e-12
5.5556e-12
2.90784e-12
-4.3677e-35
4.85593e-17
3.28334e-14
6.40637e-14
9.38064e-14
1.22132e-13
1.49109e-13
1.748e-13
1.99267e-13
2.22568e-13
2.44758e-13
2.65891e-13
2.86017e-13
3.05184e-13
3.23438e-13
3.40821e-13
3.57376e-13
3.73142e-13
3.88157e-13
4.02456e-13
4.16074e-13
4.29043e-13
4.41393e-13
4.53155e-13
4.64357e-13
4.75025e-13
4.85184e-13
4.9486e-13
5.04074e-13
5.12849e-13
5.21206e-13
5.29165e-13
5.36745e-13
6.20206e-13
7.11977e-13
8.12876e-13
9.23796e-13
1.04571e-12
1.17969e-12
1.3269e-12
1.48858e-12
1.6661e-12
1.86094e-12
2.07467e-12
2.30897e-12
2.56562e-12
2.84648e-12
3.15349e-12
3.48858e-12
3.85371e-12
4.25069e-12
4.68117e-12
5.14645e-12
5.64731e-12
6.18376e-12
6.75469e-12
7.35749e-12
7.98748e-12
8.63724e-12
9.29577e-12
9.94757e-12
1.05715e-11
1.11395e-11
1.16158e-11
1.19555e-11
1.2105e-11
1.20021e-11
1.15792e-11
1.07684e-11
9.5101e-12
7.76696e-12
5.54172e-12
2.90061e-12
-5.5821e-35
4.83331e-17
3.26805e-14
6.37653e-14
9.33695e-14
1.21563e-13
1.48414e-13
1.73985e-13
1.98338e-13
2.21531e-13
2.43618e-13
2.64653e-13
2.84685e-13
3.03763e-13
3.21931e-13
3.39234e-13
3.55712e-13
3.71405e-13
3.86349e-13
4.00582e-13
4.14136e-13
4.27044e-13
4.39338e-13
4.51045e-13
4.62194e-13
4.72812e-13
4.82925e-13
4.92555e-13
5.01726e-13
5.10461e-13
5.18779e-13
5.26701e-13
5.34245e-13
6.17317e-13
7.08661e-13
8.0909e-13
9.19494e-13
1.04084e-12
1.1742e-12
1.32072e-12
1.48165e-12
1.65835e-12
1.85228e-12
2.06501e-12
2.29822e-12
2.55368e-12
2.83324e-12
3.13882e-12
3.47237e-12
3.8358e-12
4.23095e-12
4.65945e-12
5.12259e-12
5.62115e-12
6.15515e-12
6.72348e-12
7.32356e-12
7.95072e-12
8.59758e-12
9.25322e-12
9.90219e-12
1.05234e-11
1.10891e-11
1.15635e-11
1.19021e-11
1.20512e-11
1.19492e-11
1.15286e-11
1.07216e-11
9.46915e-12
7.73376e-12
5.51818e-12
2.88834e-12
-5.06113e-35
4.80456e-17
3.2486e-14
6.33859e-14
9.2814e-14
1.2084e-13
1.47531e-13
1.7295e-13
1.97158e-13
2.20213e-13
2.42169e-13
2.63078e-13
2.82992e-13
3.01956e-13
3.20016e-13
3.37216e-13
3.53596e-13
3.69195e-13
3.84051e-13
3.98199e-13
4.11672e-13
4.24504e-13
4.36724e-13
4.48362e-13
4.59445e-13
4.7e-13
4.80052e-13
4.89625e-13
4.98741e-13
5.07424e-13
5.15693e-13
5.23567e-13
5.31067e-13
6.13645e-13
7.04445e-13
8.04277e-13
9.14024e-13
1.03465e-12
1.16722e-12
1.31286e-12
1.47284e-12
1.64849e-12
1.84127e-12
2.05274e-12
2.28456e-12
2.5385e-12
2.8164e-12
3.12017e-12
3.45174e-12
3.81303e-12
4.20584e-12
4.63181e-12
5.09222e-12
5.58785e-12
6.11872e-12
6.68373e-12
7.28032e-12
7.90385e-12
8.547e-12
9.1989e-12
9.84421e-12
1.0462e-11
1.10247e-11
1.14966e-11
1.18335e-11
1.19822e-11
1.18811e-11
1.14633e-11
1.06614e-11
9.4163e-12
7.69088e-12
5.48775e-12
2.87247e-12
-4.58122e-35
4.77166e-17
3.22636e-14
6.29519e-14
9.21784e-14
1.20013e-13
1.46521e-13
1.71766e-13
1.95808e-13
2.18705e-13
2.40511e-13
2.61277e-13
2.81054e-13
2.99888e-13
3.17825e-13
3.34907e-13
3.51174e-13
3.66667e-13
3.81421e-13
3.95472e-13
4.08853e-13
4.21597e-13
4.33733e-13
4.45291e-13
4.56299e-13
4.66781e-13
4.76764e-13
4.86272e-13
4.95326e-13
5.03949e-13
5.12161e-13
5.19982e-13
5.2743e-13
6.09443e-13
6.99622e-13
7.9877e-13
9.07765e-13
1.02757e-12
1.15922e-12
1.30387e-12
1.46275e-12
1.6372e-12
1.82866e-12
2.03869e-12
2.26893e-12
2.52113e-12
2.79713e-12
3.09883e-12
3.42814e-12
3.78696e-12
4.1771e-12
4.60017e-12
5.05745e-12
5.54973e-12
6.077e-12
6.63821e-12
7.23079e-12
7.85016e-12
8.48902e-12
9.13662e-12
9.77772e-12
1.03916e-11
1.09506e-11
1.14197e-11
1.17547e-11
1.19028e-11
1.18028e-11
1.13882e-11
1.05919e-11
9.35535e-12
7.6414e-12
5.45263e-12
2.85416e-12
-4.1419e-35
4.73618e-17
3.20237e-14
6.24839e-14
9.14932e-14
1.19121e-13
1.45432e-13
1.70489e-13
1.94353e-13
2.17079e-13
2.38723e-13
2.59335e-13
2.78964e-13
2.97659e-13
3.15462e-13
3.32417e-13
3.48564e-13
3.63941e-13
3.78586e-13
3.92532e-13
4.05814e-13
4.18463e-13
4.30509e-13
4.41981e-13
4.52907e-13
4.63311e-13
4.7322e-13
4.82657e-13
4.91644e-13
5.00203e-13
5.08354e-13
5.16117e-13
5.2351e-13
6.04913e-13
6.94421e-13
7.92832e-13
9.01018e-13
1.01993e-12
1.15061e-12
1.29418e-12
1.45188e-12
1.62503e-12
1.81507e-12
2.02354e-12
2.25207e-12
2.5024e-12
2.77636e-12
3.07581e-12
3.40268e-12
3.75885e-12
4.1461e-12
4.56605e-12
5.01996e-12
5.50861e-12
6.03201e-12
6.5891e-12
7.17735e-12
7.79221e-12
8.42646e-12
9.0694e-12
9.70593e-12
1.03154e-11
1.08707e-11
1.13365e-11
1.16695e-11
1.18168e-11
1.1718e-11
1.13069e-11
1.05167e-11
9.28933e-12
7.58778e-12
5.41456e-12
2.83431e-12
-3.74163e-35
4.69936e-17
3.17748e-14
6.19982e-14
9.07819e-14
1.18195e-13
1.44301e-13
1.69164e-13
1.92842e-13
2.15392e-13
2.36867e-13
2.57319e-13
2.76796e-13
2.95345e-13
3.1301e-13
3.29833e-13
3.45854e-13
3.61112e-13
3.75643e-13
3.89481e-13
4.02659e-13
4.1521e-13
4.27162e-13
4.38545e-13
4.49386e-13
4.5971e-13
4.69542e-13
4.78905e-13
4.87822e-13
4.96315e-13
5.04402e-13
5.12105e-13
5.1944e-13
6.0021e-13
6.89023e-13
7.86669e-13
8.94014e-13
1.012e-12
1.14166e-12
1.28412e-12
1.4406e-12
1.6124e-12
1.80097e-12
2.00781e-12
2.23457e-12
2.48296e-12
2.75479e-12
3.05193e-12
3.37626e-12
3.72967e-12
4.11392e-12
4.53062e-12
4.98103e-12
5.46591e-12
5.98529e-12
6.53811e-12
7.12186e-12
7.73203e-12
8.36147e-12
8.99957e-12
9.63134e-12
1.02363e-11
1.07875e-11
1.12501e-11
1.15808e-11
1.17275e-11
1.16298e-11
1.12222e-11
1.04384e-11
9.22057e-12
7.53194e-12
5.37491e-12
2.81363e-12
-3.37822e-35
4.66214e-17
3.15231e-14
6.15071e-14
9.00628e-14
1.17258e-13
1.43158e-13
1.67824e-13
1.91314e-13
2.13686e-13
2.34991e-13
2.5528e-13
2.74603e-13
2.93005e-13
3.1053e-13
3.2722e-13
3.43115e-13
3.58252e-13
3.72667e-13
3.86396e-13
3.9947e-13
4.11921e-13
4.23779e-13
4.35072e-13
4.45826e-13
4.56068e-13
4.65822e-13
4.75112e-13
4.83958e-13
4.92383e-13
5.00407e-13
5.08048e-13
5.15326e-13
5.95456e-13
6.83565e-13
7.80438e-13
8.86933e-13
1.00399e-12
1.13262e-12
1.27395e-12
1.42919e-12
1.59963e-12
1.7867e-12
1.99191e-12
2.21688e-12
2.4633e-12
2.73298e-12
3.02777e-12
3.34954e-12
3.70016e-12
4.08139e-12
4.4948e-12
4.94167e-12
5.42274e-12
5.93804e-12
6.48653e-12
7.06573e-12
7.67116e-12
8.29573e-12
8.92892e-12
9.55587e-12
1.01563e-11
1.07034e-11
1.11627e-11
1.14911e-11
1.1637e-11
1.15405e-11
1.11364e-11
1.03591e-11
9.15089e-12
7.47534e-12
5.33472e-12
2.79267e-12
-3.04918e-35
4.62522e-17
3.12735e-14
6.102e-14
8.93496e-14
1.1633e-13
1.42024e-13
1.66495e-13
1.89799e-13
2.11993e-13
2.3313e-13
2.53259e-13
2.72429e-13
2.90685e-13
3.08071e-13
3.24629e-13
3.40397e-13
3.55414e-13
3.69716e-13
3.83336e-13
3.96306e-13
4.08659e-13
4.20423e-13
4.31626e-13
4.42296e-13
4.52457e-13
4.62133e-13
4.71349e-13
4.80126e-13
4.88484e-13
4.96444e-13
5.04025e-13
5.11245e-13
5.90741e-13
6.78152e-13
7.74258e-13
8.79909e-13
9.96036e-13
1.12365e-12
1.26387e-12
1.41787e-12
1.58697e-12
1.77256e-12
1.97614e-12
2.19933e-12
2.4438e-12
2.71135e-12
3.00381e-12
3.32304e-12
3.67089e-12
4.04911e-12
4.45927e-12
4.90262e-12
5.37991e-12
5.89117e-12
6.43537e-12
7.01005e-12
7.61077e-12
8.2305e-12
8.85881e-12
9.48098e-12
1.00769e-11
1.06199e-11
1.10758e-11
1.1402e-11
1.15471e-11
1.14518e-11
1.10512e-11
1.02803e-11
9.08165e-12
7.41909e-12
5.29478e-12
2.77183e-12
-2.75182e-35
4.58913e-17
3.10294e-14
6.05438e-14
8.86524e-14
1.15422e-13
1.40916e-13
1.65196e-13
1.88318e-13
2.10339e-13
2.31311e-13
2.51283e-13
2.70303e-13
2.88417e-13
3.05667e-13
3.22096e-13
3.37741e-13
3.52641e-13
3.66831e-13
3.80344e-13
3.93214e-13
4.0547e-13
4.17142e-13
4.28258e-13
4.38844e-13
4.48926e-13
4.58527e-13
4.67671e-13
4.76379e-13
4.84672e-13
4.9257e-13
5.00092e-13
5.07255e-13
5.86131e-13
6.72861e-13
7.68217e-13
8.73044e-13
9.88265e-13
1.11489e-12
1.254e-12
1.40681e-12
1.57459e-12
1.75873e-12
1.96073e-12
2.18217e-12
2.42475e-12
2.69021e-12
2.98039e-12
3.29714e-12
3.64228e-12
4.01756e-12
4.42454e-12
4.86445e-12
5.33804e-12
5.84535e-12
6.38535e-12
6.9556e-12
7.55172e-12
8.16672e-12
8.79026e-12
9.40774e-12
9.9992e-12
1.05382e-11
1.09909e-11
1.13149e-11
1.14592e-11
1.1365e-11
1.09679e-11
1.02031e-11
9.01387e-12
7.36403e-12
5.25568e-12
2.75144e-12
1.06949e-35
4.55199e-17
3.07784e-14
6.00539e-14
8.7935e-14
1.14488e-13
1.39776e-13
1.63859e-13
1.86794e-13
2.08637e-13
2.29439e-13
2.49249e-13
2.68116e-13
2.86083e-13
3.03194e-13
3.1949e-13
3.35008e-13
3.49788e-13
3.63863e-13
3.77267e-13
3.90032e-13
4.02189e-13
4.13767e-13
4.24793e-13
4.35294e-13
4.45294e-13
4.54817e-13
4.63887e-13
4.72525e-13
4.80751e-13
4.88585e-13
4.96046e-13
5.03151e-13
5.81389e-13
6.67417e-13
7.62001e-13
8.6598e-13
9.80269e-13
1.10587e-12
1.24386e-12
1.39543e-12
1.56185e-12
1.7445e-12
1.94487e-12
2.16452e-12
2.40514e-12
2.66846e-12
2.95629e-12
3.27048e-12
3.61284e-12
3.9851e-12
4.3888e-12
4.82517e-12
5.29496e-12
5.7982e-12
6.33388e-12
6.89958e-12
7.49095e-12
8.10108e-12
8.71972e-12
9.33237e-12
9.91924e-12
1.04542e-11
1.09035e-11
1.12252e-11
1.13687e-11
1.12756e-11
1.0882e-11
1.01237e-11
8.94408e-12
7.30731e-12
5.2154e-12
2.73043e-12
4.95744e-35
4.5115e-17
3.05046e-14
5.95197e-14
8.71528e-14
1.1347e-13
1.38533e-13
1.62401e-13
1.85133e-13
2.06781e-13
2.27398e-13
2.47032e-13
2.65731e-13
2.83538e-13
3.00497e-13
3.16648e-13
3.32028e-13
3.46676e-13
3.60626e-13
3.73911e-13
3.86563e-13
3.98612e-13
4.10087e-13
4.21014e-13
4.31422e-13
4.41333e-13
4.50772e-13
4.59761e-13
4.68322e-13
4.76474e-13
4.84239e-13
4.91633e-13
4.98675e-13
5.76217e-13
6.6148e-13
7.55223e-13
8.58277e-13
9.7155e-13
1.09603e-12
1.2328e-12
1.38302e-12
1.54796e-12
1.72899e-12
1.92757e-12
2.14528e-12
2.38375e-12
2.64473e-12
2.93002e-12
3.24142e-12
3.58074e-12
3.9497e-12
4.34982e-12
4.78234e-12
5.24798e-12
5.74678e-12
6.27775e-12
6.83849e-12
7.42469e-12
8.0295e-12
8.64278e-12
9.25016e-12
9.83204e-12
1.03625e-11
1.08081e-11
1.11273e-11
1.12699e-11
1.11781e-11
1.07884e-11
1.0037e-11
8.86792e-12
7.24543e-12
5.17144e-12
2.70749e-12
5.40732e-35
4.46739e-17
3.02063e-14
5.89377e-14
8.63006e-14
1.1236e-13
1.37178e-13
1.60813e-13
1.83323e-13
2.04759e-13
2.25174e-13
2.44617e-13
2.63132e-13
2.80766e-13
2.97559e-13
3.13551e-13
3.28782e-13
3.43286e-13
3.571e-13
3.70255e-13
3.82783e-13
3.94714e-13
4.06076e-13
4.16898e-13
4.27203e-13
4.37017e-13
4.46364e-13
4.55265e-13
4.63742e-13
4.71815e-13
4.79504e-13
4.86826e-13
4.93799e-13
5.70583e-13
6.55012e-13
7.47838e-13
8.49885e-13
9.6205e-13
1.08531e-12
1.22074e-12
1.3695e-12
1.53283e-12
1.71209e-12
1.90873e-12
2.12431e-12
2.36045e-12
2.61889e-12
2.90139e-12
3.20975e-12
3.54577e-12
3.91113e-12
4.30736e-12
4.73567e-12
5.19679e-12
5.69076e-12
6.21659e-12
6.77192e-12
7.35249e-12
7.95151e-12
8.55895e-12
9.16058e-12
9.73702e-12
1.02626e-11
1.07042e-11
1.10206e-11
1.11623e-11
1.10718e-11
1.06863e-11
9.94249e-12
8.78488e-12
7.17795e-12
5.12351e-12
2.68249e-12
5.89303e-35
4.41937e-17
2.98816e-14
5.83042e-14
8.5373e-14
1.11152e-13
1.35703e-13
1.59085e-13
1.81352e-13
2.02558e-13
2.22754e-13
2.41987e-13
2.60304e-13
2.77748e-13
2.9436e-13
3.10181e-13
3.25248e-13
3.39596e-13
3.53261e-13
3.66275e-13
3.78668e-13
3.90471e-13
4.01712e-13
4.12416e-13
4.22611e-13
4.3232e-13
4.41566e-13
4.50371e-13
4.58757e-13
4.66744e-13
4.7435e-13
4.81593e-13
4.88491e-13
5.6445e-13
6.47971e-13
7.398e-13
8.4075e-13
9.5171e-13
1.07365e-12
1.20762e-12
1.35478e-12
1.51635e-12
1.69369e-12
1.88822e-12
2.10148e-12
2.33509e-12
2.59075e-12
2.87022e-12
3.17528e-12
3.5077e-12
3.86915e-12
4.26114e-12
4.68487e-12
5.14107e-12
5.62977e-12
6.15002e-12
6.69946e-12
7.27389e-12
7.8666e-12
8.46768e-12
9.06307e-12
9.63357e-12
1.01538e-11
1.0591e-11
1.09045e-11
1.10451e-11
1.0956e-11
1.05751e-11
9.83956e-12
8.69442e-12
7.10443e-12
5.07128e-12
2.65524e-12
3.61194e-35
4.41085e-17
2.9824e-14
5.81919e-14
8.52085e-14
1.10938e-13
1.35442e-13
1.58778e-13
1.81003e-13
2.02168e-13
2.22325e-13
2.41521e-13
2.59803e-13
2.77213e-13
2.93793e-13
3.09583e-13
3.24621e-13
3.38942e-13
3.52581e-13
3.65569e-13
3.77939e-13
3.89719e-13
4.00938e-13
4.11622e-13
4.21797e-13
4.31487e-13
4.40715e-13
4.49504e-13
4.57874e-13
4.65845e-13
4.73436e-13
4.80665e-13
4.8755e-13
5.63362e-13
6.46723e-13
7.38375e-13
8.39131e-13
9.49877e-13
1.07158e-12
1.2053e-12
1.35217e-12
1.51343e-12
1.69043e-12
1.88459e-12
2.09744e-12
2.3306e-12
2.58577e-12
2.8647e-12
3.16917e-12
3.50095e-12
3.86171e-12
4.25294e-12
4.67586e-12
5.13119e-12
5.61896e-12
6.13821e-12
6.68661e-12
7.25995e-12
7.85155e-12
8.4515e-12
9.04578e-12
9.61523e-12
1.01345e-11
1.0571e-11
1.08839e-11
1.10243e-11
1.09355e-11
1.05553e-11
9.82131e-12
8.67838e-12
7.09139e-12
5.06202e-12
2.6504e-12
3.3475e-35
4.36715e-17
2.95286e-14
5.76154e-14
8.43643e-14
1.09839e-13
1.341e-13
1.57205e-13
1.79209e-13
2.00165e-13
2.20122e-13
2.39128e-13
2.57229e-13
2.74466e-13
2.90882e-13
3.06516e-13
3.21405e-13
3.35584e-13
3.49088e-13
3.61948e-13
3.74195e-13
3.85858e-13
3.96966e-13
4.07544e-13
4.17618e-13
4.27212e-13
4.36349e-13
4.45051e-13
4.53338e-13
4.6123e-13
4.68746e-13
4.75903e-13
4.8272e-13
5.57781e-13
6.40316e-13
7.3106e-13
8.30818e-13
9.40467e-13
1.06097e-12
1.19336e-12
1.33877e-12
1.49844e-12
1.67368e-12
1.86592e-12
2.07666e-12
2.30752e-12
2.56016e-12
2.83634e-12
3.1378e-12
3.4663e-12
3.8235e-12
4.21088e-12
4.62963e-12
5.08048e-12
5.56346e-12
6.07763e-12
6.62066e-12
7.18842e-12
7.77427e-12
8.36843e-12
8.95701e-12
9.52106e-12
1.00355e-11
1.04679e-11
1.07782e-11
1.09176e-11
1.08301e-11
1.04541e-11
9.72756e-12
8.59599e-12
7.02441e-12
5.01443e-12
2.62558e-12
6.43602e-35
4.31045e-17
2.91451e-14
5.68672e-14
8.32689e-14
1.08413e-13
1.32359e-13
1.55164e-13
1.76882e-13
1.97566e-13
2.17264e-13
2.36023e-13
2.53889e-13
2.70902e-13
2.87105e-13
3.02536e-13
3.17232e-13
3.31227e-13
3.44555e-13
3.57248e-13
3.69336e-13
3.80848e-13
3.91811e-13
4.02252e-13
4.12195e-13
4.21665e-13
4.30683e-13
4.39272e-13
4.47451e-13
4.55241e-13
4.62659e-13
4.69724e-13
4.76452e-13
5.50539e-13
6.32002e-13
7.21568e-13
8.2003e-13
9.28256e-13
1.04719e-12
1.17786e-12
1.32139e-12
1.47899e-12
1.65196e-12
1.8417e-12
2.04971e-12
2.27757e-12
2.52694e-12
2.79953e-12
3.09709e-12
3.42134e-12
3.77392e-12
4.15629e-12
4.56964e-12
5.01467e-12
5.49144e-12
5.999e-12
6.53507e-12
7.09558e-12
7.67398e-12
8.26062e-12
8.84181e-12
9.39883e-12
9.90693e-12
1.03342e-11
1.0641e-11
1.07791e-11
1.06932e-11
1.03226e-11
9.60583e-12
8.48897e-12
6.93742e-12
4.95262e-12
2.59332e-12
7.58256e-35
4.24893e-17
2.87292e-14
5.60557e-14
8.20806e-14
1.06866e-13
1.3047e-13
1.5295e-13
1.74358e-13
1.94747e-13
2.14164e-13
2.32655e-13
2.50265e-13
2.67037e-13
2.83008e-13
2.98219e-13
3.12705e-13
3.265e-13
3.39638e-13
3.5215e-13
3.64065e-13
3.75413e-13
3.8622e-13
3.96512e-13
4.06313e-13
4.15648e-13
4.24537e-13
4.33003e-13
4.41066e-13
4.48744e-13
4.56057e-13
4.63021e-13
4.69653e-13
5.42683e-13
6.22984e-13
7.11272e-13
8.08329e-13
9.15011e-13
1.03225e-12
1.16106e-12
1.30254e-12
1.45789e-12
1.62839e-12
1.81543e-12
2.02047e-12
2.24508e-12
2.4909e-12
2.75961e-12
3.05294e-12
3.37257e-12
3.72014e-12
4.09708e-12
4.50456e-12
4.94329e-12
5.41331e-12
5.9137e-12
6.44223e-12
6.99486e-12
7.56518e-12
8.14366e-12
8.71681e-12
9.26622e-12
9.76746e-12
1.01891e-11
1.0492e-11
1.06288e-11
1.05447e-11
1.01799e-11
9.47366e-12
8.37278e-12
6.84295e-12
4.88549e-12
2.55829e-12
8.22798e-35
4.18231e-17
2.82787e-14
5.51767e-14
8.07935e-14
1.0519e-13
1.28424e-13
1.50551e-13
1.71624e-13
1.91693e-13
2.10805e-13
2.29007e-13
2.46341e-13
2.62849e-13
2.78571e-13
2.93543e-13
3.07801e-13
3.2138e-13
3.34312e-13
3.46628e-13
3.58357e-13
3.69526e-13
3.80164e-13
3.90294e-13
3.99942e-13
4.0913e-13
4.1788e-13
4.26214e-13
4.3415e-13
4.41708e-13
4.48906e-13
4.55761e-13
4.62289e-13
5.34173e-13
6.13215e-13
7.00119e-13
7.95654e-13
9.00663e-13
1.01606e-12
1.14285e-12
1.28212e-12
1.43503e-12
1.60286e-12
1.78697e-12
1.9888e-12
2.2099e-12
2.45186e-12
2.71637e-12
3.00511e-12
3.31974e-12
3.66188e-12
4.03294e-12
4.43406e-12
4.86596e-12
5.32867e-12
5.8213e-12
6.34164e-12
6.88575e-12
7.4473e-12
8.01694e-12
8.58139e-12
9.12253e-12
9.61633e-12
1.00319e-11
1.03306e-11
1.04658e-11
1.03837e-11
1.00251e-11
9.33036e-12
8.24678e-12
6.74049e-12
4.81267e-12
2.52028e-12
8.91615e-35
4.11024e-17
2.77915e-14
5.4226e-14
7.94014e-14
1.03378e-13
1.26211e-13
1.47957e-13
1.68667e-13
1.8839e-13
2.07173e-13
2.25061e-13
2.42097e-13
2.5832e-13
2.73771e-13
2.88485e-13
3.02498e-13
3.15843e-13
3.28552e-13
3.40656e-13
3.52182e-13
3.63159e-13
3.73614e-13
3.8357e-13
3.93051e-13
4.02081e-13
4.1068e-13
4.1887e-13
4.26669e-13
4.34097e-13
4.41171e-13
4.47908e-13
4.54324e-13
5.24969e-13
6.0265e-13
6.88056e-13
7.81946e-13
8.85146e-13
9.98558e-13
1.12316e-12
1.26003e-12
1.41031e-12
1.57525e-12
1.75619e-12
1.95455e-12
2.17184e-12
2.40964e-12
2.6696e-12
2.95337e-12
3.26261e-12
3.59887e-12
3.96356e-12
4.35781e-12
4.78232e-12
5.23712e-12
5.72135e-12
6.23285e-12
6.76772e-12
7.31979e-12
7.87985e-12
8.43488e-12
8.96707e-12
9.45282e-12
9.86176e-12
1.01559e-11
1.02895e-11
1.02094e-11
9.85761e-12
9.17521e-12
8.11034e-12
6.62953e-12
4.73379e-12
2.47911e-12
9.64735e-35
4.03244e-17
2.72654e-14
5.31995e-14
7.78984e-14
1.01421e-13
1.23822e-13
1.45157e-13
1.65474e-13
1.84824e-13
2.03251e-13
2.20801e-13
2.37514e-13
2.5343e-13
2.68588e-13
2.83024e-13
2.96772e-13
3.09864e-13
3.22333e-13
3.34207e-13
3.45516e-13
3.56285e-13
3.66541e-13
3.76309e-13
3.85611e-13
3.9447e-13
4.02906e-13
4.10941e-13
4.18593e-13
4.2588e-13
4.3282e-13
4.39429e-13
4.45724e-13
5.15032e-13
5.91242e-13
6.75032e-13
7.67145e-13
8.68392e-13
9.79657e-13
1.10191e-12
1.23618e-12
1.38362e-12
1.54544e-12
1.72295e-12
1.91756e-12
2.13074e-12
2.36405e-12
2.6191e-12
2.89752e-12
3.20091e-12
3.53083e-12
3.88865e-12
4.27548e-12
4.692e-12
5.13827e-12
5.61342e-12
6.11536e-12
6.64027e-12
7.18209e-12
7.7318e-12
8.27665e-12
8.79916e-12
9.2762e-12
9.67796e-12
9.9672e-12
1.00989e-11
1.00211e-11
9.67657e-12
9.0075e-12
7.96283e-12
6.50954e-12
4.64849e-12
2.43458e-12
1.04212e-34
3.94858e-17
2.66984e-14
5.20932e-14
7.62785e-14
9.93116e-14
1.21247e-13
1.42138e-13
1.62033e-13
1.8098e-13
1.99025e-13
2.16209e-13
2.32575e-13
2.4816e-13
2.63003e-13
2.77139e-13
2.906e-13
3.03421e-13
3.1563e-13
3.27257e-13
3.38331e-13
3.48876e-13
3.58919e-13
3.68484e-13
3.77592e-13
3.86267e-13
3.94528e-13
4.02396e-13
4.09888e-13
4.17024e-13
4.2382e-13
4.30292e-13
4.36455e-13
5.04322e-13
5.78947e-13
6.60995e-13
7.51193e-13
8.50335e-13
9.59287e-13
1.07899e-12
1.21048e-12
1.35485e-12
1.51331e-12
1.68713e-12
1.8777e-12
2.08645e-12
2.31492e-12
2.56468e-12
2.83731e-12
3.13442e-12
3.4575e-12
3.80791e-12
4.18674e-12
4.59466e-12
5.03172e-12
5.49709e-12
5.98872e-12
6.50288e-12
7.03365e-12
7.5722e-12
8.10606e-12
8.61813e-12
9.08577e-12
9.47978e-12
9.76369e-12
9.89344e-12
9.81797e-12
9.48125e-12
8.82654e-12
7.80363e-12
6.38002e-12
4.5564e-12
2.3865e-12
1.12367e-34
3.85839e-17
2.60886e-14
5.09034e-14
7.45362e-14
9.70432e-14
1.18478e-13
1.38891e-13
1.58332e-13
1.76847e-13
1.94479e-13
2.11271e-13
2.27263e-13
2.42492e-13
2.56996e-13
2.70809e-13
2.83963e-13
2.9649e-13
3.08421e-13
3.19782e-13
3.30603e-13
3.40908e-13
3.50721e-13
3.60067e-13
3.68968e-13
3.77444e-13
3.85517e-13
3.93205e-13
4.00526e-13
4.07499e-13
4.14139e-13
4.20463e-13
4.26486e-13
4.92803e-13
5.65724e-13
6.45898e-13
7.34036e-13
8.30914e-13
9.37378e-13
1.05435e-12
1.18283e-12
1.32391e-12
1.47875e-12
1.64861e-12
1.83483e-12
2.03882e-12
2.26208e-12
2.50613e-12
2.77256e-12
3.0629e-12
3.37862e-12
3.72107e-12
4.09129e-12
4.48995e-12
4.91711e-12
5.37196e-12
5.85249e-12
6.35508e-12
6.87395e-12
7.4005e-12
7.92252e-12
8.42335e-12
8.88084e-12
9.26649e-12
9.54464e-12
9.67222e-12
9.59926e-12
9.27093e-12
8.63164e-12
7.63214e-12
6.24048e-12
4.45715e-12
2.33468e-12
1.20917e-34
3.7616e-17
2.54341e-14
4.96264e-14
7.26664e-14
9.46088e-14
1.15506e-13
1.35407e-13
1.5436e-13
1.7241e-13
1.896e-13
2.05971e-13
2.21562e-13
2.36409e-13
2.50549e-13
2.64015e-13
2.7684e-13
2.89053e-13
3.00684e-13
3.11761e-13
3.2231e-13
3.32356e-13
3.41923e-13
3.51035e-13
3.59712e-13
3.67976e-13
3.75846e-13
3.83341e-13
3.90479e-13
3.97277e-13
4.03751e-13
4.09916e-13
4.15788e-13
4.80441e-13
5.51533e-13
6.29696e-13
7.15623e-13
8.10071e-13
9.13866e-13
1.02791e-12
1.15317e-12
1.29071e-12
1.44166e-12
1.60726e-12
1.78881e-12
1.9877e-12
2.20536e-12
2.44331e-12
2.70307e-12
2.98614e-12
3.29397e-12
3.62786e-12
3.98885e-12
4.37757e-12
4.7941e-12
5.23764e-12
5.70627e-12
6.19644e-12
6.70253e-12
7.21617e-12
7.72549e-12
8.21422e-12
8.66081e-12
9.03745e-12
9.3094e-12
9.4346e-12
9.36431e-12
9.04495e-12
8.42217e-12
7.4478e-12
6.09044e-12
4.35043e-12
2.27894e-12
1.29829e-34
3.65798e-17
2.47335e-14
4.82594e-14
7.06647e-14
9.20027e-14
1.12324e-13
1.31677e-13
1.50108e-13
1.67661e-13
1.84378e-13
2.00297e-13
2.15458e-13
2.29897e-13
2.43648e-13
2.56743e-13
2.69214e-13
2.81091e-13
2.92401e-13
3.03173e-13
3.13431e-13
3.23201e-13
3.32505e-13
3.41365e-13
3.49804e-13
3.5784e-13
3.65493e-13
3.72782e-13
3.79723e-13
3.86334e-13
3.92629e-13
3.98625e-13
4.04335e-13
4.67207e-13
5.36341e-13
6.12351e-13
6.95912e-13
7.87759e-13
8.88695e-13
9.99594e-13
1.12141e-12
1.25516e-12
1.40196e-12
1.563e-12
1.73956e-12
1.93297e-12
2.14464e-12
2.37605e-12
2.62867e-12
2.90396e-12
3.20335e-12
3.52808e-12
3.87917e-12
4.25725e-12
4.66239e-12
5.09384e-12
5.5497e-12
6.02656e-12
6.51897e-12
7.01878e-12
7.51446e-12
7.99023e-12
8.42511e-12
8.79209e-12
9.05735e-12
9.17997e-12
9.11249e-12
8.80269e-12
8.19759e-12
7.2501e-12
5.9295e-12
4.23593e-12
2.21914e-12
1.3906e-34
3.54735e-17
2.39855e-14
4.67999e-14
6.85276e-14
8.92203e-14
1.08927e-13
1.27695e-13
1.45569e-13
1.62591e-13
1.78801e-13
1.9424e-13
2.08942e-13
2.22944e-13
2.36279e-13
2.48978e-13
2.61072e-13
2.72589e-13
2.83558e-13
2.94004e-13
3.03952e-13
3.13426e-13
3.22449e-13
3.31041e-13
3.39225e-13
3.47018e-13
3.5444e-13
3.61508e-13
3.68239e-13
3.7465e-13
3.80755e-13
3.86569e-13
3.92106e-13
4.53078e-13
5.20121e-13
5.93832e-13
6.74866e-13
7.63936e-13
8.6182e-13
9.69366e-13
1.0875e-12
1.21721e-12
1.35957e-12
1.51575e-12
1.68696e-12
1.87453e-12
2.07982e-12
2.30423e-12
2.54923e-12
2.81622e-12
3.10658e-12
3.42153e-12
3.76205e-12
4.12877e-12
4.52175e-12
4.94027e-12
5.3825e-12
5.84515e-12
6.32292e-12
6.80795e-12
7.28906e-12
7.75095e-12
8.17331e-12
8.52993e-12
8.788e-12
8.90783e-12
8.84329e-12
8.54367e-12
7.9574e-12
7.03862e-12
5.75729e-12
4.11338e-12
2.15512e-12
1.48549e-34
3.42958e-17
2.31892e-14
4.52462e-14
6.62525e-14
8.62582e-14
1.05311e-13
1.23456e-13
1.40736e-13
1.57193e-13
1.72865e-13
1.87791e-13
2.02006e-13
2.15543e-13
2.28435e-13
2.40712e-13
2.52405e-13
2.6354e-13
2.74144e-13
2.84243e-13
2.93861e-13
3.03021e-13
3.11744e-13
3.20051e-13
3.27963e-13
3.35497e-13
3.42673e-13
3.49506e-13
3.56014e-13
3.62212e-13
3.68114e-13
3.73735e-13
3.79089e-13
4.38036e-13
5.02854e-13
5.74118e-13
6.52462e-13
7.38575e-13
8.3321e-13
9.37187e-13
1.0514e-12
1.1768e-12
1.31444e-12
1.46544e-12
1.63098e-12
1.81232e-12
2.0108e-12
2.22778e-12
2.46466e-12
2.72281e-12
3.00356e-12
3.30809e-12
3.63737e-12
3.99199e-12
4.37201e-12
4.77676e-12
5.20448e-12
5.65198e-12
6.11416e-12
6.58343e-12
7.049e-12
7.4961e-12
7.90508e-12
8.25063e-12
8.501e-12
8.61779e-12
8.55634e-12
8.2675e-12
7.70124e-12
6.81302e-12
5.57354e-12
3.98259e-12
2.08678e-12
1.58218e-34
3.30461e-17
2.23442e-14
4.35975e-14
6.38384e-14
8.31151e-14
1.01473e-13
1.18957e-13
1.35608e-13
1.51465e-13
1.66566e-13
1.80948e-13
1.94645e-13
2.07689e-13
2.20111e-13
2.31941e-13
2.43207e-13
2.53937e-13
2.64155e-13
2.73886e-13
2.83154e-13
2.91979e-13
3.00385e-13
3.08389e-13
3.16012e-13
3.23272e-13
3.30186e-13
3.36771e-13
3.43042e-13
3.49014e-13
3.54701e-13
3.60118e-13
3.65276e-13
4.22075e-13
4.84531e-13
5.53199e-13
6.28689e-13
7.11665e-13
8.02852e-13
9.03042e-13
1.01309e-12
1.13393e-12
1.26656e-12
1.41205e-12
1.57157e-12
1.74631e-12
1.93757e-12
2.14666e-12
2.37492e-12
2.62369e-12
2.89424e-12
3.18772e-12
3.50505e-12
3.84682e-12
4.2131e-12
4.60323e-12
5.01553e-12
5.44694e-12
5.89256e-12
6.34509e-12
6.79415e-12
7.22551e-12
7.62026e-12
7.95401e-12
8.19616e-12
8.30966e-12
8.25143e-12
7.97397e-12
7.42891e-12
6.5731e-12
5.37807e-12
3.84343e-12
2.01406e-12
1.67969e-34
3.17248e-17
2.14508e-14
4.18542e-14
6.12858e-14
7.97918e-14
9.74161e-14
1.14201e-13
1.30185e-13
1.45409e-13
1.59906e-13
1.73713e-13
1.86862e-13
1.99384e-13
2.1131e-13
2.22667e-13
2.33483e-13
2.43783e-13
2.53593e-13
2.62935e-13
2.71832e-13
2.80305e-13
2.88374e-13
2.96059e-13
3.03377e-13
3.10347e-13
3.16984e-13
3.23305e-13
3.29325e-13
3.35059e-13
3.40519e-13
3.45719e-13
3.50671e-13
4.05199e-13
4.65158e-13
5.31081e-13
6.03552e-13
6.83211e-13
7.70753e-13
8.66937e-13
9.72587e-13
1.0886e-12
1.21592e-12
1.35561e-12
1.50875e-12
1.67651e-12
1.86013e-12
2.06087e-12
2.28003e-12
2.51887e-12
2.77864e-12
3.06043e-12
3.36513e-12
3.69331e-12
4.04504e-12
4.41971e-12
4.81569e-12
5.23008e-12
5.65817e-12
6.09298e-12
6.52454e-12
6.93921e-12
7.31887e-12
7.64008e-12
7.87347e-12
7.98344e-12
7.92853e-12
7.66305e-12
7.14037e-12
6.31882e-12
5.17085e-12
3.69586e-12
1.93693e-12
1.77684e-34
3.03331e-17
2.05098e-14
4.00182e-14
5.85974e-14
7.62915e-14
9.31426e-14
1.09191e-13
1.24475e-13
1.3903e-13
1.52892e-13
1.66093e-13
1.78665e-13
1.90638e-13
2.0204e-13
2.12899e-13
2.23241e-13
2.33089e-13
2.42468e-13
2.51401e-13
2.59907e-13
2.68009e-13
2.75724e-13
2.83071e-13
2.90069e-13
2.96732e-13
3.03079e-13
3.09123e-13
3.14879e-13
3.20361e-13
3.25581e-13
3.30553e-13
3.35288e-13
3.87424e-13
4.44753e-13
5.07784e-13
5.77077e-13
6.53242e-13
7.36944e-13
8.2891e-13
9.29927e-13
1.04085e-12
1.16259e-12
1.29615e-12
1.44258e-12
1.603e-12
1.77857e-12
1.97052e-12
2.18008e-12
2.40847e-12
2.65687e-12
2.92634e-12
3.21774e-12
3.5316e-12
3.86801e-12
4.22637e-12
4.60516e-12
5.0016e-12
5.41121e-12
5.82731e-12
6.24041e-12
6.63747e-12
7.00118e-12
7.30912e-12
7.53321e-12
7.63937e-12
7.58789e-12
7.33495e-12
6.83579e-12
6.05033e-12
4.95197e-12
3.53994e-12
1.85541e-12
1.87222e-34
2.88735e-17
1.95229e-14
3.80926e-14
5.57778e-14
7.26205e-14
8.86608e-14
1.03937e-13
1.18485e-13
1.3234e-13
1.45535e-13
1.58101e-13
1.70068e-13
1.81465e-13
1.92318e-13
2.02655e-13
2.12499e-13
2.21874e-13
2.30801e-13
2.39304e-13
2.47401e-13
2.55113e-13
2.62457e-13
2.69451e-13
2.76111e-13
2.82455e-13
2.88496e-13
2.94249e-13
2.99728e-13
3.04946e-13
3.09915e-13
3.14648e-13
3.19155e-13
3.68783e-13
4.23353e-13
4.83351e-13
5.4931e-13
6.21811e-13
7.01487e-13
7.89029e-13
8.85187e-13
9.90773e-13
1.10666e-12
1.2338e-12
1.37319e-12
1.52589e-12
1.69303e-12
1.87575e-12
2.07525e-12
2.29268e-12
2.52916e-12
2.78571e-12
3.06314e-12
3.36198e-12
3.68231e-12
4.02356e-12
4.3843e-12
4.7619e-12
5.15209e-12
5.54855e-12
5.94224e-12
6.32079e-12
6.6677e-12
6.96166e-12
7.17592e-12
7.278e-12
7.23002e-12
6.99015e-12
6.5156e-12
5.768e-12
4.72173e-12
3.37589e-12
1.76963e-12
1.96416e-34
2.73499e-17
1.84927e-14
3.60825e-14
5.28345e-14
6.87885e-14
8.39824e-14
9.84524e-14
1.12233e-13
1.25357e-13
1.37855e-13
1.49758e-13
1.61094e-13
1.71889e-13
1.8217e-13
1.91961e-13
2.01286e-13
2.10166e-13
2.18623e-13
2.26677e-13
2.34347e-13
2.41651e-13
2.48607e-13
2.55232e-13
2.61542e-13
2.6755e-13
2.73272e-13
2.78722e-13
2.83912e-13
2.88855e-13
2.93562e-13
2.98045e-13
3.02314e-13
3.49323e-13
4.01014e-13
4.57847e-13
5.20326e-13
5.89001e-13
6.64474e-13
7.47397e-13
8.38483e-13
9.38499e-13
1.04828e-12
1.16871e-12
1.30075e-12
1.4454e-12
1.60373e-12
1.77682e-12
1.96581e-12
2.17179e-12
2.39583e-12
2.63889e-12
2.90174e-12
3.18489e-12
3.48842e-12
3.8118e-12
4.15369e-12
4.51159e-12
4.88149e-12
5.2574e-12
5.6308e-12
5.98996e-12
6.31927e-12
6.59856e-12
6.80246e-12
6.90018e-12
6.85577e-12
6.62946e-12
6.18055e-12
5.47244e-12
4.48062e-12
3.20403e-12
1.67974e-12
2.05077e-34
2.57676e-17
1.74229e-14
3.3995e-14
4.97779e-14
6.48088e-14
7.91237e-14
9.27566e-14
1.0574e-13
1.18104e-13
1.2988e-13
1.41094e-13
1.51774e-13
1.61945e-13
1.71631e-13
1.80856e-13
1.89641e-13
1.98007e-13
2.05975e-13
2.13563e-13
2.20789e-13
2.27671e-13
2.34225e-13
2.40466e-13
2.46411e-13
2.52072e-13
2.57463e-13
2.62597e-13
2.67487e-13
2.72144e-13
2.76578e-13
2.80802e-13
2.84824e-13
3.29114e-13
3.77815e-13
4.3136e-13
4.90224e-13
5.54927e-13
6.26034e-13
7.04162e-13
7.89979e-13
8.84211e-13
9.87642e-13
1.10111e-12
1.22551e-12
1.36181e-12
1.51098e-12
1.67408e-12
1.85215e-12
2.04624e-12
2.25735e-12
2.48639e-12
2.7341e-12
3.00094e-12
3.28701e-12
3.59183e-12
3.91411e-12
4.25153e-12
4.60033e-12
4.95487e-12
5.30714e-12
5.6461e-12
5.95707e-12
6.22103e-12
6.41408e-12
6.50717e-12
6.46634e-12
6.25403e-12
5.83167e-12
5.16458e-12
4.22939e-12
3.0249e-12
1.58603e-12
2.12994e-34
2.41336e-17
1.6318e-14
3.18393e-14
4.66212e-14
6.0699e-14
7.41062e-14
8.68745e-14
9.90345e-14
1.10615e-13
1.21644e-13
1.32147e-13
1.4215e-13
1.51675e-13
1.60747e-13
1.69387e-13
1.77615e-13
1.85451e-13
1.92913e-13
2.0002e-13
2.06788e-13
2.13233e-13
2.19372e-13
2.25218e-13
2.30785e-13
2.36087e-13
2.41136e-13
2.45945e-13
2.50525e-13
2.54886e-13
2.5904e-13
2.62995e-13
2.66763e-13
3.08244e-13
3.53856e-13
4.04006e-13
4.59139e-13
5.19739e-13
5.86337e-13
6.59512e-13
7.39888e-13
8.28147e-13
9.25022e-13
1.0313e-12
1.14782e-12
1.27548e-12
1.4152e-12
1.56797e-12
1.73477e-12
1.91657e-12
2.11433e-12
2.32889e-12
2.56095e-12
2.81095e-12
3.07898e-12
3.36459e-12
3.66662e-12
3.98287e-12
4.30984e-12
4.64227e-12
4.97266e-12
5.2907e-12
5.58264e-12
5.83068e-12
6.01241e-12
6.1006e-12
6.06336e-12
5.86539e-12
5.4704e-12
4.84565e-12
3.96902e-12
2.83919e-12
1.48886e-12
2.19935e-34
2.24565e-17
1.5184e-14
2.96267e-14
4.33814e-14
5.64809e-14
6.89564e-14
8.08374e-14
9.21524e-14
1.02928e-13
1.1319e-13
1.22964e-13
1.32271e-13
1.41135e-13
1.49577e-13
1.57616e-13
1.65272e-13
1.72563e-13
1.79507e-13
1.8612e-13
1.92418e-13
1.98416e-13
2.04127e-13
2.09567e-13
2.14747e-13
2.19681e-13
2.24379e-13
2.28854e-13
2.33115e-13
2.37174e-13
2.41039e-13
2.44719e-13
2.48225e-13
2.86824e-13
3.29267e-13
3.75932e-13
4.27233e-13
4.83623e-13
5.45594e-13
6.13684e-13
6.88477e-13
7.70605e-13
8.6075e-13
9.59645e-13
1.06807e-12
1.18687e-12
1.31689e-12
1.45906e-12
1.61428e-12
1.78348e-12
1.96752e-12
2.16722e-12
2.3832e-12
2.61591e-12
2.86541e-12
3.13131e-12
3.41251e-12
3.70701e-12
4.01154e-12
4.32122e-12
4.6291e-12
4.9256e-12
5.19792e-12
5.42952e-12
5.59953e-12
5.68255e-12
5.64888e-12
5.46552e-12
5.09854e-12
4.51724e-12
3.70081e-12
2.64783e-12
1.38869e-12
2.2565e-34
2.07468e-17
1.4028e-14
2.73711e-14
4.00786e-14
5.21808e-14
6.37064e-14
7.46829e-14
8.51364e-14
9.50918e-14
1.04573e-13
1.13602e-13
1.22201e-13
1.3039e-13
1.38189e-13
1.45616e-13
1.52689e-13
1.59425e-13
1.65841e-13
1.7195e-13
1.77768e-13
1.83309e-13
1.88586e-13
1.93612e-13
1.98398e-13
2.02956e-13
2.07297e-13
2.1143e-13
2.15367e-13
2.19117e-13
2.22687e-13
2.26088e-13
2.29327e-13
2.64987e-13
3.04199e-13
3.47311e-13
3.94707e-13
4.46804e-13
5.04058e-13
5.66965e-13
6.36065e-13
7.11942e-13
7.95226e-13
8.86596e-13
9.86775e-13
1.09653e-12
1.21667e-12
1.34802e-12
1.49144e-12
1.64778e-12
1.81785e-12
2.00237e-12
2.20197e-12
2.41703e-12
2.64763e-12
2.89341e-12
3.15337e-12
3.42565e-12
3.70727e-12
3.99372e-12
4.27859e-12
4.55305e-12
4.80528e-12
5.02001e-12
5.17793e-12
5.25557e-12
5.2254e-12
5.05681e-12
4.7183e-12
4.1813e-12
3.42634e-12
2.45192e-12
1.28612e-12
2.29883e-34
1.90166e-17
1.28582e-14
2.50885e-14
3.67363e-14
4.78293e-14
5.83937e-14
6.84548e-14
7.80366e-14
8.71618e-14
9.58521e-14
1.04128e-13
1.1201e-13
1.19516e-13
1.26665e-13
1.33473e-13
1.39956e-13
1.46131e-13
1.52011e-13
1.57611e-13
1.62944e-13
1.68023e-13
1.7286e-13
1.77466e-13
1.81853e-13
1.86031e-13
1.9001e-13
1.93799e-13
1.97407e-13
2.00844e-13
2.04117e-13
2.07234e-13
2.10202e-13
2.42889e-13
2.78831e-13
3.18349e-13
3.61792e-13
4.09545e-13
4.62025e-13
5.19687e-13
5.83026e-13
6.52577e-13
7.28919e-13
8.12673e-13
9.04502e-13
1.00511e-12
1.11524e-12
1.23565e-12
1.36713e-12
1.51045e-12
1.66636e-12
1.83554e-12
2.01854e-12
2.21573e-12
2.4272e-12
2.6526e-12
2.89103e-12
3.14081e-12
3.39919e-12
3.66208e-12
3.92361e-12
4.17568e-12
4.40749e-12
4.60503e-12
4.7506e-12
4.82264e-12
4.79586e-12
4.64211e-12
4.33233e-12
3.84015e-12
3.14748e-12
2.25281e-12
1.18185e-12
2.32374e-34
1.72799e-17
1.16839e-14
2.27973e-14
3.33813e-14
4.34612e-14
5.30609e-14
6.22031e-14
7.09098e-14
7.92016e-14
8.70983e-14
9.46187e-14
1.01781e-13
1.08601e-13
1.15097e-13
1.21283e-13
1.27175e-13
1.32785e-13
1.38128e-13
1.43217e-13
1.48063e-13
1.52678e-13
1.57073e-13
1.61259e-13
1.65245e-13
1.69041e-13
1.72657e-13
1.761e-13
1.79379e-13
1.82502e-13
1.85476e-13
1.88308e-13
1.91006e-13
2.20707e-13
2.53367e-13
2.89276e-13
3.28752e-13
3.72144e-13
4.19832e-13
4.72229e-13
5.29785e-13
5.92986e-13
6.62358e-13
7.38466e-13
8.21913e-13
9.1334e-13
1.01342e-12
1.12284e-12
1.24233e-12
1.37258e-12
1.51428e-12
1.66805e-12
1.83438e-12
2.01363e-12
2.20587e-12
2.41079e-12
2.62759e-12
2.85474e-12
3.08977e-12
3.32895e-12
3.56697e-12
3.79649e-12
4.00771e-12
4.18787e-12
4.32091e-12
4.38719e-12
4.36368e-12
4.22468e-12
3.94366e-12
3.49645e-12
2.86644e-12
2.05206e-12
1.07669e-12
2.32877e-34
1.55519e-17
1.05155e-14
2.05176e-14
3.00432e-14
3.91151e-14
4.77548e-14
5.59829e-14
6.38189e-14
7.12816e-14
7.83886e-14
8.5157e-14
9.16028e-14
9.77415e-14
1.03588e-13
1.09155e-13
1.14457e-13
1.19507e-13
1.24316e-13
1.28895e-13
1.33257e-13
1.3741e-13
1.41366e-13
1.45133e-13
1.48721e-13
1.52138e-13
1.55391e-13
1.5849e-13
1.61442e-13
1.64252e-13
1.66929e-13
1.69478e-13
1.71906e-13
1.98637e-13
2.28031e-13
2.60349e-13
2.95878e-13
3.34932e-13
3.77852e-13
4.2501e-13
4.76811e-13
5.33694e-13
5.96131e-13
6.64631e-13
7.39738e-13
8.22028e-13
9.12105e-13
1.0106e-12
1.11815e-12
1.2354e-12
1.36295e-12
1.50137e-12
1.65112e-12
1.8125e-12
1.98559e-12
2.17012e-12
2.36537e-12
2.56998e-12
2.78172e-12
2.99727e-12
3.21183e-12
3.41883e-12
3.60944e-12
3.7722e-12
3.89263e-12
3.95304e-12
3.93263e-12
3.80818e-12
3.55569e-12
3.15323e-12
2.58565e-12
1.85142e-12
9.71562e-13
2.31168e-34
1.38492e-17
9.36417e-15
1.82711e-14
2.67538e-14
3.48325e-14
4.25262e-14
4.98534e-14
5.68315e-14
6.34771e-14
6.9806e-14
7.58333e-14
8.15734e-14
8.70399e-14
9.22459e-14
9.72039e-14
1.01926e-13
1.06422e-13
1.10705e-13
1.14783e-13
1.18667e-13
1.22366e-13
1.25888e-13
1.29243e-13
1.32438e-13
1.3548e-13
1.38378e-13
1.41138e-13
1.43766e-13
1.46268e-13
1.48652e-13
1.50922e-13
1.53084e-13
1.76889e-13
2.03065e-13
2.31844e-13
2.63484e-13
2.98262e-13
3.36483e-13
3.78478e-13
4.24609e-13
4.75265e-13
5.30868e-13
5.91871e-13
6.58758e-13
7.32043e-13
8.12265e-13
8.99984e-13
9.95772e-13
1.1002e-12
1.21381e-12
1.3371e-12
1.4705e-12
1.61426e-12
1.76846e-12
1.93288e-12
2.10688e-12
2.28923e-12
2.47799e-12
2.67018e-12
2.86157e-12
3.04629e-12
3.2165e-12
3.36199e-12
3.46986e-12
3.52432e-12
3.50681e-12
3.39658e-12
3.17212e-12
2.81374e-12
2.3078e-12
1.65281e-12
8.67461e-13
2.27063e-34
1.21888e-17
8.2415e-15
1.60806e-14
2.35463e-14
3.06564e-14
3.74277e-14
4.38765e-14
5.00179e-14
5.58668e-14
6.14369e-14
6.67416e-14
7.17935e-14
7.66047e-14
8.11866e-14
8.55501e-14
8.97057e-14
9.36632e-14
9.74322e-14
1.01022e-13
1.0444e-13
1.07695e-13
1.10795e-13
1.13748e-13
1.1656e-13
1.19238e-13
1.21788e-13
1.24217e-13
1.2653e-13
1.28732e-13
1.3083e-13
1.32828e-13
1.34731e-13
1.55682e-13
1.78719e-13
2.04049e-13
2.31895e-13
2.62504e-13
2.96143e-13
3.33105e-13
3.73706e-13
4.1829e-13
4.67228e-13
5.2092e-13
5.79791e-13
6.44294e-13
7.14904e-13
7.92115e-13
8.7643e-13
9.6835e-13
1.06836e-12
1.1769e-12
1.29433e-12
1.42091e-12
1.55668e-12
1.70147e-12
1.85471e-12
2.01534e-12
2.18163e-12
2.35101e-12
2.51972e-12
2.68264e-12
2.83285e-12
2.96138e-12
3.05686e-12
3.10539e-12
3.09057e-12
2.99407e-12
2.79685e-12
2.48146e-12
2.03573e-12
1.45825e-12
7.65457e-13
2.20432e-34
1.05881e-17
7.15918e-15
1.39688e-14
2.04541e-14
2.66304e-14
3.25125e-14
3.81144e-14
4.34494e-14
4.85301e-14
5.33687e-14
5.79768e-14
6.23653e-14
6.65446e-14
7.05248e-14
7.43153e-14
7.79251e-14
8.1363e-14
8.4637e-14
8.77549e-14
9.07243e-14
9.35522e-14
9.62453e-14
9.88101e-14
1.01253e-13
1.03579e-13
1.05794e-13
1.07904e-13
1.09913e-13
1.11827e-13
1.13649e-13
1.15385e-13
1.17037e-13
1.35237e-13
1.55249e-13
1.77253e-13
2.01442e-13
2.28032e-13
2.57254e-13
2.89362e-13
3.24631e-13
3.63362e-13
4.05875e-13
4.52518e-13
5.0366e-13
5.59696e-13
6.21039e-13
6.88117e-13
7.61368e-13
8.4123e-13
9.28122e-13
1.02243e-12
1.12447e-12
1.23446e-12
1.35246e-12
1.4783e-12
1.6115e-12
1.75115e-12
1.89576e-12
2.04308e-12
2.18987e-12
2.33169e-12
2.46253e-12
2.57459e-12
2.65801e-12
2.70067e-12
2.6883e-12
2.60491e-12
2.43388e-12
2.15992e-12
1.77235e-12
1.26982e-12
6.66646e-13
2.11218e-34
9.06385e-18
6.12857e-15
1.19579e-14
1.75096e-14
2.27968e-14
2.78321e-14
3.26276e-14
3.71945e-14
4.15438e-14
4.56859e-14
4.96306e-14
5.33874e-14
5.6965e-14
6.03723e-14
6.36171e-14
6.67073e-14
6.96502e-14
7.24529e-14
7.5122e-14
7.7664e-14
8.00847e-14
8.23902e-14
8.45858e-14
8.66767e-14
8.8668e-14
9.05645e-14
9.23705e-14
9.40905e-14
9.57286e-14
9.72886e-14
9.87743e-14
1.00189e-13
1.15769e-13
1.329e-13
1.51736e-13
1.72444e-13
1.95206e-13
2.20221e-13
2.47708e-13
2.77901e-13
3.11056e-13
3.47451e-13
3.8738e-13
4.31163e-13
4.79136e-13
5.31652e-13
5.89079e-13
6.51793e-13
7.20168e-13
7.94566e-13
8.75316e-13
9.62694e-13
1.05688e-12
1.15794e-12
1.26572e-12
1.37982e-12
1.49947e-12
1.62338e-12
1.74965e-12
1.87551e-12
1.99715e-12
2.10945e-12
2.20573e-12
2.27753e-12
2.31447e-12
2.30431e-12
2.23329e-12
2.08712e-12
1.85261e-12
1.52051e-12
1.0896e-12
5.72106e-13
1.99446e-34
7.63145e-18
5.16005e-15
1.00681e-14
1.47425e-14
1.91941e-14
2.34337e-14
2.74713e-14
3.13165e-14
3.49785e-14
3.8466e-14
4.17873e-14
4.49503e-14
4.79626e-14
5.08314e-14
5.35634e-14
5.61653e-14
5.86431e-14
6.10029e-14
6.32502e-14
6.53904e-14
6.74287e-14
6.93698e-14
7.12184e-14
7.29789e-14
7.46555e-14
7.62522e-14
7.77729e-14
7.92211e-14
8.06003e-14
8.19138e-14
8.31647e-14
8.43559e-14
9.74736e-14
1.11898e-13
1.27757e-13
1.45192e-13
1.64357e-13
1.8542e-13
2.08563e-13
2.33985e-13
2.61901e-13
2.92545e-13
3.26166e-13
3.63032e-13
4.03425e-13
4.47645e-13
4.96002e-13
5.48812e-13
6.0639e-13
6.69042e-13
7.37046e-13
8.10634e-13
8.89966e-13
9.75087e-13
1.06588e-12
1.16201e-12
1.26283e-12
1.36726e-12
1.4737e-12
1.57983e-12
1.68244e-12
1.77724e-12
1.85858e-12
1.91935e-12
1.9508e-12
1.94259e-12
1.88309e-12
1.76021e-12
1.56277e-12
1.28289e-12
9.19488e-13
4.82852e-13
1.85229e-34
6.30395e-18
4.26245e-15
8.31679e-15
1.2178e-14
1.58553e-14
1.93574e-14
2.26927e-14
2.5869e-14
2.8894e-14
3.17748e-14
3.45184e-14
3.71312e-14
3.96195e-14
4.19893e-14
4.42461e-14
4.63953e-14
4.84422e-14
5.03915e-14
5.22479e-14
5.40158e-14
5.56995e-14
5.73029e-14
5.883e-14
6.02842e-14
6.16692e-14
6.29882e-14
6.42443e-14
6.54406e-14
6.65799e-14
6.76649e-14
6.86982e-14
6.96823e-14
8.05181e-14
9.24333e-14
1.05534e-13
1.19936e-13
1.35768e-13
1.53167e-13
1.72284e-13
1.93284e-13
2.16346e-13
2.4166e-13
2.69433e-13
2.99887e-13
3.33257e-13
3.69788e-13
4.09736e-13
4.53364e-13
5.00934e-13
5.52696e-13
6.08883e-13
6.69687e-13
7.35239e-13
8.05581e-13
8.80619e-13
9.60074e-13
1.04341e-12
1.12976e-12
1.21778e-12
1.30558e-12
1.3905e-12
1.46899e-12
1.5364e-12
1.58686e-12
1.6131e-12
1.60658e-12
1.55767e-12
1.45631e-12
1.29322e-12
1.06183e-12
7.61174e-13
3.99765e-13
1.68766e-34
5.0911e-18
3.44238e-15
6.71667e-15
9.83502e-15
1.28048e-14
1.56331e-14
1.83267e-14
2.08919e-14
2.33349e-14
2.56615e-14
2.78772e-14
2.99873e-14
3.19969e-14
3.39107e-14
3.57333e-14
3.74691e-14
3.91221e-14
4.06964e-14
4.21956e-14
4.36234e-14
4.49831e-14
4.62781e-14
4.75113e-14
4.86858e-14
4.98043e-14
5.08696e-14
5.1884e-14
5.28501e-14
5.37702e-14
5.46465e-14
5.5481e-14
5.62757e-14
6.50269e-14
7.46496e-14
8.52298e-14
9.68614e-14
1.09647e-13
1.23698e-13
1.39138e-13
1.56098e-13
1.74723e-13
1.95167e-13
2.17598e-13
2.42194e-13
2.69145e-13
2.98649e-13
3.30915e-13
3.66153e-13
4.04575e-13
4.46385e-13
4.91771e-13
5.40888e-13
5.93845e-13
6.50674e-13
7.11302e-13
7.75506e-13
8.42857e-13
9.12649e-13
9.83814e-13
1.05481e-12
1.12351e-12
1.18704e-12
1.24165e-12
1.28258e-12
1.30398e-12
1.29892e-12
1.25959e-12
1.17785e-12
1.04614e-12
8.59107e-13
6.15951e-13
3.23531e-13
1.50321e-34
3.99815e-18
2.70337e-15
5.27475e-15
7.72365e-15
1.00559e-14
1.2277e-14
1.43923e-14
1.64069e-14
1.83254e-14
2.01525e-14
2.18926e-14
2.35497e-14
2.51279e-14
2.66308e-14
2.80622e-14
2.94253e-14
3.07234e-14
3.19597e-14
3.31371e-14
3.42584e-14
3.53263e-14
3.63432e-14
3.73117e-14
3.82341e-14
3.91124e-14
3.9949e-14
4.07457e-14
4.15044e-14
4.2227e-14
4.29151e-14
4.35705e-14
4.41946e-14
5.1067e-14
5.8624e-14
6.69329e-14
7.60675e-14
8.61084e-14
9.71435e-14
1.09269e-13
1.22588e-13
1.37215e-13
1.53271e-13
1.70887e-13
1.90203e-13
2.11369e-13
2.34541e-13
2.59882e-13
2.87558e-13
3.17735e-13
3.50575e-13
3.86223e-13
4.24805e-13
4.66404e-13
5.11048e-13
5.5868e-13
6.09126e-13
6.62051e-13
7.16903e-13
7.72844e-13
8.28668e-13
8.82701e-13
9.32692e-13
9.75697e-13
1.00798e-12
1.02492e-12
1.02109e-12
9.9033e-13
9.26215e-13
8.22783e-13
6.75796e-13
4.84591e-13
2.5456e-13
1.30177e-34
3.02464e-18
2.04513e-15
3.9904e-15
5.84301e-15
7.60738e-15
9.28769e-15
1.08879e-14
1.2412e-14
1.38633e-14
1.52456e-14
1.65619e-14
1.78156e-14
1.90095e-14
2.01465e-14
2.12293e-14
2.22605e-14
2.32426e-14
2.41779e-14
2.50686e-14
2.59168e-14
2.67247e-14
2.7494e-14
2.82267e-14
2.89244e-14
2.9589e-14
3.02218e-14
3.08245e-14
3.13985e-14
3.19451e-14
3.24657e-14
3.29615e-14
3.34336e-14
3.86327e-14
4.43497e-14
5.06355e-14
5.75459e-14
6.5142e-14
7.34902e-14
8.26631e-14
9.27396e-14
1.03805e-13
1.15952e-13
1.29279e-13
1.43893e-13
1.59906e-13
1.77436e-13
1.96608e-13
2.17547e-13
2.40379e-13
2.65225e-13
2.92198e-13
3.21391e-13
3.52869e-13
3.86652e-13
4.22699e-13
4.60879e-13
5.00939e-13
5.42463e-13
5.84819e-13
6.27095e-13
6.68027e-13
7.05913e-13
7.38525e-13
7.63033e-13
7.75951e-13
7.73145e-13
7.49958e-13
7.01507e-13
6.23262e-13
5.11991e-13
3.67178e-13
1.92899e-13
1.08562e-34
2.16278e-18
1.46237e-15
2.85335e-15
4.17807e-15
5.43968e-15
6.64119e-15
7.78546e-15
8.87521e-15
9.91303e-15
1.09014e-14
1.18427e-14
1.27391e-14
1.35928e-14
1.44058e-14
1.51801e-14
1.59175e-14
1.66197e-14
1.72885e-14
1.79254e-14
1.85319e-14
1.91096e-14
1.96597e-14
2.01836e-14
2.06825e-14
2.11577e-14
2.16102e-14
2.20412e-14
2.24516e-14
2.28425e-14
2.32147e-14
2.35692e-14
2.39069e-14
2.76245e-14
3.17124e-14
3.62071e-14
4.11485e-14
4.65801e-14
5.25496e-14
5.91088e-14
6.63141e-14
7.42266e-14
8.29123e-14
9.24421e-14
1.02892e-13
1.14343e-13
1.26879e-13
1.40588e-13
1.55562e-13
1.71889e-13
1.89658e-13
2.08947e-13
2.29825e-13
2.52338e-13
2.76501e-13
3.02284e-13
3.29595e-13
3.58254e-13
3.87962e-13
4.1827e-13
4.48527e-13
4.77829e-13
5.0496e-13
5.28326e-13
5.45904e-13
5.55199e-13
5.5325e-13
5.36719e-13
5.02106e-13
4.46158e-13
3.66549e-13
2.62901e-13
1.38127e-13
8.5507e-35
1.39521e-18
9.43381e-16
1.8407e-15
2.69528e-15
3.50915e-15
4.28425e-15
5.02242e-15
5.72542e-15
6.39492e-15
7.03252e-15
7.63974e-15
8.21802e-15
8.76874e-15
9.29322e-15
9.79271e-15
1.02684e-14
1.07214e-14
1.11528e-14
1.15637e-14
1.1955e-14
1.23276e-14
1.26825e-14
1.30205e-14
1.33423e-14
1.36489e-14
1.39408e-14
1.42188e-14
1.44836e-14
1.47357e-14
1.49759e-14
1.52046e-14
1.54224e-14
1.78206e-14
2.04578e-14
2.33573e-14
2.6545e-14
3.0049e-14
3.38999e-14
3.81313e-14
4.27795e-14
4.78839e-14
5.34872e-14
5.9635e-14
6.63764e-14
7.37634e-14
8.18508e-14
9.06953e-14
1.00355e-13
1.10889e-13
1.22352e-13
1.34797e-13
1.48267e-13
1.62793e-13
1.78383e-13
1.9502e-13
2.12644e-13
2.31138e-13
2.50312e-13
2.69874e-13
2.89407e-13
3.08326e-13
3.25848e-13
3.40946e-13
3.52312e-13
3.58337e-13
3.57108e-13
3.4647e-13
3.24157e-13
2.88065e-13
2.36687e-13
1.69773e-13
8.92031e-14
6.06184e-35
6.91275e-19
4.6741e-16
9.11998e-16
1.33541e-15
1.73865e-15
2.12268e-15
2.48842e-15
2.83673e-15
3.16844e-15
3.48435e-15
3.7852e-15
4.07172e-15
4.34458e-15
4.60444e-15
4.85192e-15
5.0876e-15
5.31205e-15
5.52581e-15
5.72938e-15
5.92324e-15
6.10787e-15
6.28371e-15
6.45116e-15
6.61063e-15
6.76251e-15
6.90714e-15
7.04489e-15
7.17607e-15
7.301e-15
7.41998e-15
7.53329e-15
7.64121e-15
8.82946e-15
1.01361e-14
1.15727e-14
1.31521e-14
1.48881e-14
1.67962e-14
1.88927e-14
2.11957e-14
2.37248e-14
2.6501e-14
2.9547e-14
3.28872e-14
3.65473e-14
4.05543e-14
4.49366e-14
4.97229e-14
5.49421e-14
6.06222e-14
6.67886e-14
7.34631e-14
8.06606e-14
8.83862e-14
9.66304e-14
1.05364e-13
1.14529e-13
1.24032e-13
1.33728e-13
1.4341e-13
1.52789e-13
1.61478e-13
1.68966e-13
1.74606e-13
1.77601e-13
1.77001e-13
1.71738e-13
1.60689e-13
1.42806e-13
1.17343e-13
8.41737e-14
4.42287e-14
3.26574e-35
2.06961e-43
2.72487e-42
8.96216e-42
1.8007e-41
2.89336e-41
4.10026e-41
5.36291e-41
6.6357e-41
7.88357e-41
9.08018e-41
1.02063e-40
1.12484e-40
1.21979e-40
1.30495e-40
1.38012e-40
1.44532e-40
1.50076e-40
1.54676e-40
1.58376e-40
1.61226e-40
1.63281e-40
1.64598e-40
1.65236e-40
1.65253e-40
1.64707e-40
1.63654e-40
1.62147e-40
1.60237e-40
1.57973e-40
1.554e-40
1.5256e-40
1.0104e-39
2.39483e-39
3.46988e-39
4.97367e-39
7.06457e-39
9.95683e-39
1.39397e-38
1.94028e-38
2.68705e-38
3.70468e-38
5.08755e-38
6.962e-38
9.49687e-38
1.29174e-37
1.75233e-37
2.3713e-37
3.20147e-37
4.31263e-37
5.79677e-37
7.77466e-37
1.04042e-36
1.38905e-36
1.84985e-36
2.45675e-36
3.25272e-36
4.29146e-36
5.63887e-36
7.37385e-36
9.58766e-36
1.23805e-35
1.58532e-35
2.00912e-35
2.51363e-35
3.09413e-35
3.73001e-35
4.37508e-35
4.945e-35
5.30329e-35
5.25003e-35
4.52212e-35
2.82064e-35
1.11871e-35
