2.55589e-42
3.36511e-41
1.10679e-40
2.22379e-40
3.57317e-40
5.06361e-40
6.62292e-40
8.19472e-40
9.73574e-40
1.12134e-39
1.26041e-39
1.3891e-39
1.50634e-39
1.6115e-39
1.70433e-39
1.78484e-39
1.8533e-39
1.9101e-39
1.95578e-39
1.99097e-39
2.01634e-39
2.0326e-39
2.04047e-39
2.04067e-39
2.03392e-39
2.02091e-39
2.00229e-39
1.9787e-39
1.95074e-39
1.91896e-39
1.88389e-39
1.24768e-38
2.95714e-38
4.28445e-38
6.14095e-38
8.72203e-38
1.22919e-37
1.72071e-37
2.39479e-37
3.316e-37
4.57098e-37
6.27582e-37
8.58571e-37
1.17078e-36
1.5918e-36
2.1583e-36
2.91888e-36
3.93779e-36
5.29967e-36
7.1156e-36
9.53067e-36
1.27333e-35
1.69666e-35
2.25415e-35
2.98512e-35
3.93869e-35
5.17505e-35
6.76637e-35
8.79635e-35
1.13577e-34
1.4546e-34
1.84474e-34
2.31187e-34
2.85543e-34
3.46392e-34
4.1084e-34
4.73419e-34
5.25147e-34
5.526e-34
5.37267e-34
4.55689e-34
2.81206e-34
1.95047e-34
2.18259e-17
1.47573e-14
2.8794e-14
4.2162e-14
5.48932e-14
6.70178e-14
7.85646e-14
8.95612e-14
1.00034e-13
1.10007e-13
1.19505e-13
1.2855e-13
1.37164e-13
1.45368e-13
1.5318e-13
1.60621e-13
1.67706e-13
1.74454e-13
1.8088e-13
1.86999e-13
1.92828e-13
1.98378e-13
2.03664e-13
2.08697e-13
2.13491e-13
2.18057e-13
2.22405e-13
2.26545e-13
2.30488e-13
2.34244e-13
2.3782e-13
2.41226e-13
2.78728e-13
3.19961e-13
3.65289e-13
4.15113e-13
4.69867e-13
5.30025e-13
5.96102e-13
6.68654e-13
7.48283e-13
8.35633e-13
9.3139e-13
1.03628e-12
1.15107e-12
1.27654e-12
1.4135e-12
1.56272e-12
1.72497e-12
1.9009e-12
2.09107e-12
2.29578e-12
2.51507e-12
2.74851e-12
2.9951e-12
3.253e-12
3.51937e-12
3.78997e-12
4.0589e-12
4.31822e-12
4.55755e-12
4.76382e-12
4.9211e-12
5.01064e-12
5.01145e-12
4.90127e-12
4.65836e-12
4.26391e-12
3.70529e-12
2.97957e-12
2.09744e-12
1.08725e-12
3.27261e-34
4.14809e-17
2.80467e-14
5.47239e-14
8.01304e-14
1.04326e-13
1.2737e-13
1.49315e-13
1.70214e-13
1.90118e-13
2.09072e-13
2.27123e-13
2.44314e-13
2.60686e-13
2.76277e-13
2.91125e-13
3.05265e-13
3.18731e-13
3.31555e-13
3.43768e-13
3.55399e-13
3.66476e-13
3.77024e-13
3.8707e-13
3.96637e-13
4.05748e-13
4.14424e-13
4.22688e-13
4.30557e-13
4.38051e-13
4.45189e-13
4.51986e-13
4.58459e-13
5.29733e-13
6.08097e-13
6.94246e-13
7.88937e-13
8.92999e-13
1.00733e-12
1.13291e-12
1.2708e-12
1.42214e-12
1.58815e-12
1.77015e-12
1.9695e-12
2.18767e-12
2.42614e-12
2.68643e-12
2.97004e-12
3.27841e-12
3.61279e-12
3.97423e-12
4.36332e-12
4.78012e-12
5.22383e-12
5.69253e-12
6.18277e-12
6.68909e-12
7.20348e-12
7.71473e-12
8.20772e-12
8.66275e-12
9.05496e-12
9.35403e-12
9.52435e-12
9.52597e-12
9.31658e-12
8.8548e-12
8.10493e-12
7.04293e-12
5.66334e-12
3.98652e-12
2.06643e-12
5.704e-34
5.84942e-17
3.955e-14
7.71689e-14
1.12996e-13
1.47116e-13
1.7961e-13
2.10556e-13
2.40027e-13
2.68094e-13
2.94823e-13
3.20278e-13
3.44519e-13
3.67606e-13
3.89591e-13
4.10529e-13
4.30469e-13
4.49458e-13
4.67542e-13
4.84765e-13
5.01166e-13
5.16785e-13
5.3166e-13
5.45826e-13
5.59317e-13
5.72165e-13
5.844e-13
5.96053e-13
6.0715e-13
6.17718e-13
6.27782e-13
6.37367e-13
6.46496e-13
7.47003e-13
8.57508e-13
9.78991e-13
1.11252e-12
1.25927e-12
1.42049e-12
1.59759e-12
1.79203e-12
2.00545e-12
2.23956e-12
2.49621e-12
2.77734e-12
3.085e-12
3.42131e-12
3.78839e-12
4.18838e-12
4.62328e-12
5.0949e-12
5.60468e-12
6.15351e-12
6.74145e-12
7.3674e-12
8.02866e-12
8.72039e-12
9.43491e-12
1.0161e-11
1.08827e-11
1.1579e-11
1.22218e-11
1.27763e-11
1.31996e-11
1.34415e-11
1.34454e-11
1.31516e-11
1.25014e-11
1.14443e-11
9.94601e-12
7.99867e-12
5.63093e-12
2.919e-12
7.29248e-34
7.20868e-17
4.87405e-14
9.51011e-14
1.39253e-13
1.81302e-13
2.21347e-13
2.59484e-13
2.95804e-13
3.30393e-13
3.63333e-13
3.94703e-13
4.24578e-13
4.53029e-13
4.80124e-13
5.05927e-13
5.305e-13
5.53902e-13
5.76189e-13
5.97413e-13
6.17626e-13
6.36875e-13
6.55206e-13
6.72664e-13
6.8929e-13
7.05124e-13
7.20202e-13
7.34563e-13
7.48238e-13
7.61262e-13
7.73666e-13
7.85478e-13
7.96728e-13
9.20591e-13
1.05678e-12
1.20649e-12
1.37105e-12
1.5519e-12
1.7506e-12
1.96885e-12
2.2085e-12
2.47152e-12
2.76005e-12
3.07636e-12
3.42286e-12
3.80206e-12
4.21658e-12
4.66905e-12
5.1621e-12
5.69822e-12
6.27964e-12
6.90816e-12
7.58489e-12
8.30994e-12
9.08198e-12
9.89773e-12
1.07513e-11
1.16332e-11
1.25297e-11
1.34214e-11
1.42821e-11
1.50776e-11
1.57647e-11
1.62908e-11
1.65936e-11
1.66033e-11
1.62457e-11
1.54479e-11
1.41468e-11
1.22992e-11
9.89452e-12
6.96765e-12
3.6127e-12
8.14298e-34
8.15791e-17
5.51586e-14
1.07624e-13
1.5759e-13
2.05176e-13
2.50494e-13
2.93653e-13
3.34755e-13
3.73899e-13
4.11177e-13
4.46678e-13
4.80487e-13
5.12684e-13
5.43347e-13
5.72548e-13
6.00357e-13
6.26841e-13
6.52062e-13
6.76081e-13
6.98955e-13
7.20739e-13
7.41485e-13
7.61242e-13
7.80057e-13
7.97976e-13
8.1504e-13
8.31291e-13
8.46768e-13
8.61507e-13
8.75544e-13
8.88912e-13
9.01643e-13
1.04182e-12
1.19594e-12
1.36537e-12
1.55161e-12
1.75627e-12
1.98115e-12
2.22815e-12
2.49937e-12
2.79705e-12
3.1236e-12
3.48161e-12
3.87379e-12
4.30301e-12
4.77222e-12
5.28443e-12
5.8426e-12
6.44958e-12
7.10792e-12
7.81969e-12
8.58616e-12
9.40752e-12
1.02823e-11
1.12069e-11
1.21747e-11
1.31752e-11
1.41928e-11
1.52057e-11
1.61845e-11
1.70905e-11
1.7875e-11
1.84782e-11
1.88295e-11
1.88495e-11
1.84533e-11
1.75573e-11
1.60884e-11
1.3996e-11
1.12664e-11
7.93786e-12
4.1173e-12
8.36876e-34
8.66749e-17
5.86042e-14
1.14347e-13
1.67434e-13
2.17992e-13
2.66142e-13
3.11997e-13
3.55666e-13
3.97255e-13
4.36862e-13
4.7458e-13
5.10501e-13
5.4471e-13
5.77288e-13
6.08314e-13
6.3786e-13
6.65998e-13
6.92795e-13
7.18315e-13
7.42618e-13
7.65763e-13
7.87805e-13
8.08796e-13
8.28787e-13
8.47825e-13
8.65955e-13
8.83222e-13
8.99666e-13
9.15326e-13
9.30239e-13
9.44443e-13
9.57969e-13
1.1069e-12
1.27065e-12
1.45067e-12
1.64855e-12
1.86601e-12
2.10494e-12
2.36739e-12
2.65557e-12
2.97188e-12
3.31888e-12
3.69931e-12
4.11608e-12
4.57223e-12
5.0709e-12
5.61531e-12
6.20864e-12
6.85391e-12
7.55389e-12
8.31078e-12
9.12604e-12
9.99989e-12
1.09309e-11
1.19153e-11
1.29462e-11
1.40125e-11
1.50981e-11
1.61797e-11
1.72264e-11
1.81973e-11
1.90406e-11
1.96927e-11
2.00786e-11
2.01129e-11
1.97044e-11
1.87626e-11
1.72076e-11
1.49827e-11
1.20709e-11
8.51102e-12
4.41697e-12
8.10075e-34
8.75355e-17
5.91861e-14
1.15482e-13
1.69097e-13
2.20157e-13
2.68785e-13
3.15095e-13
3.59199e-13
4.012e-13
4.412e-13
4.79294e-13
5.15571e-13
5.5012e-13
5.83022e-13
6.14356e-13
6.44196e-13
6.72613e-13
6.99677e-13
7.2545e-13
7.49995e-13
7.7337e-13
7.95631e-13
8.1683e-13
8.3702e-13
8.56247e-13
8.74558e-13
8.91996e-13
9.08603e-13
9.24419e-13
9.39481e-13
9.53826e-13
9.67486e-13
1.1179e-12
1.28328e-12
1.4651e-12
1.66494e-12
1.88457e-12
2.12589e-12
2.39097e-12
2.68205e-12
3.00154e-12
3.35204e-12
3.73632e-12
4.15733e-12
4.61815e-12
5.12197e-12
5.67205e-12
6.27162e-12
6.92377e-12
7.63132e-12
8.39658e-12
9.22104e-12
1.0105e-11
1.10472e-11
1.20439e-11
1.30883e-11
1.41695e-11
1.52712e-11
1.63704e-11
1.7436e-11
1.84268e-11
1.92908e-11
1.99637e-11
2.03691e-11
2.04204e-11
2.00238e-11
1.90859e-11
1.75228e-11
1.5274e-11
1.23187e-11
8.69391e-12
4.51494e-12
7.47935e-34
8.46946e-17
5.72654e-14
1.11735e-13
1.63609e-13
2.13013e-13
2.60062e-13
3.0487e-13
3.47542e-13
3.88181e-13
4.26883e-13
4.6374e-13
4.98841e-13
5.32268e-13
5.64103e-13
5.9442e-13
6.23292e-13
6.50787e-13
6.76973e-13
7.0191e-13
7.25658e-13
7.48275e-13
7.69814e-13
7.90326e-13
8.0986e-13
8.28464e-13
8.46181e-13
8.63053e-13
8.79122e-13
8.94424e-13
9.08998e-13
9.22877e-13
9.36095e-13
1.08163e-12
1.24165e-12
1.41757e-12
1.61094e-12
1.82346e-12
2.05696e-12
2.31346e-12
2.59512e-12
2.90429e-12
3.24348e-12
3.61539e-12
4.02285e-12
4.46888e-12
4.95657e-12
5.4891e-12
6.06961e-12
6.70114e-12
7.38645e-12
8.12783e-12
8.92681e-12
9.78381e-12
1.06976e-11
1.16649e-11
1.26792e-11
1.37301e-11
1.48023e-11
1.58737e-11
1.69144e-11
1.7885e-11
1.87351e-11
1.94026e-11
1.98133e-11
1.98822e-11
1.95171e-11
1.86251e-11
1.71215e-11
1.49439e-11
1.20679e-11
8.52642e-12
4.43156e-12
6.63911e-34
7.89054e-17
5.33511e-14
1.04097e-13
1.52426e-13
1.98453e-13
2.42286e-13
2.84031e-13
3.23787e-13
3.61648e-13
3.97705e-13
4.32043e-13
4.64744e-13
4.95887e-13
5.25546e-13
5.53791e-13
5.8069e-13
6.06306e-13
6.30702e-13
6.53935e-13
6.7606e-13
6.97131e-13
7.17198e-13
7.36308e-13
7.54508e-13
7.7184e-13
7.88346e-13
8.04066e-13
8.19036e-13
8.33293e-13
8.46871e-13
8.59801e-13
8.72116e-13
1.00771e-12
1.15679e-12
1.32069e-12
1.50086e-12
1.69886e-12
1.91643e-12
2.15542e-12
2.41787e-12
2.70595e-12
3.02203e-12
3.36861e-12
3.74835e-12
4.16407e-12
4.61867e-12
5.11512e-12
5.65639e-12
6.24534e-12
6.8846e-12
7.57635e-12
8.32212e-12
9.12238e-12
9.97618e-12
1.08805e-11
1.18296e-11
1.2814e-11
1.38197e-11
1.48264e-11
1.58067e-11
1.6724e-11
1.75317e-11
1.81717e-11
1.85745e-11
1.866e-11
1.83405e-11
1.75266e-11
1.61358e-11
1.41052e-11
1.14075e-11
8.07037e-12
4.19849e-12
5.69556e-34
7.0988e-17
4.7998e-14
9.36523e-14
1.37132e-13
1.7854e-13
2.17976e-13
2.55532e-13
2.91299e-13
3.25361e-13
3.578e-13
3.88693e-13
4.18114e-13
4.46132e-13
4.72815e-13
4.98226e-13
5.22426e-13
5.45473e-13
5.67421e-13
5.88323e-13
6.08228e-13
6.27185e-13
6.45239e-13
6.62432e-13
6.78806e-13
6.94399e-13
7.09249e-13
7.23392e-13
7.36861e-13
7.49687e-13
7.61903e-13
7.73536e-13
7.84615e-13
9.06606e-13
1.04074e-12
1.1882e-12
1.3503e-12
1.52845e-12
1.7242e-12
1.93924e-12
2.1754e-12
2.43463e-12
2.71907e-12
3.03097e-12
3.37276e-12
3.74695e-12
4.1562e-12
4.60318e-12
5.09061e-12
5.6211e-12
6.19705e-12
6.82052e-12
7.49294e-12
8.21488e-12
8.9856e-12
9.80257e-12
1.06608e-11
1.15522e-11
1.24642e-11
1.33791e-11
1.42724e-11
1.51117e-11
1.58551e-11
1.64503e-11
1.68344e-11
1.69342e-11
1.66689e-11
1.59552e-11
1.47148e-11
1.28861e-11
1.04397e-11
7.3969e-12
3.85236e-12
2.74925e-34
7.0296e-17
4.75301e-14
9.27395e-14
1.35795e-13
1.768e-13
2.15851e-13
2.53042e-13
2.8846e-13
3.2219e-13
3.54313e-13
3.84905e-13
4.14038e-13
4.41784e-13
4.68207e-13
4.9337e-13
5.17334e-13
5.40156e-13
5.6189e-13
5.82589e-13
6.023e-13
6.21073e-13
6.3895e-13
6.55976e-13
6.7219e-13
6.87631e-13
7.02337e-13
7.16342e-13
7.29679e-13
7.42381e-13
7.54477e-13
7.65997e-13
7.76968e-13
8.9777e-13
1.03059e-12
1.17662e-12
1.33714e-12
1.51355e-12
1.7074e-12
1.92035e-12
2.1542e-12
2.41092e-12
2.69259e-12
3.00146e-12
3.33993e-12
3.71049e-12
4.11577e-12
4.55843e-12
5.04115e-12
5.56652e-12
6.13693e-12
6.75442e-12
7.42042e-12
8.13549e-12
8.89892e-12
9.70822e-12
1.05585e-11
1.14417e-11
1.23454e-11
1.32522e-11
1.41378e-11
1.49701e-11
1.57077e-11
1.62988e-11
1.6681e-11
1.67818e-11
1.65211e-11
1.58159e-11
1.45885e-11
1.27775e-11
1.03532e-11
7.3366e-12
3.82132e-12
5.00045e-34
6.30285e-17
4.26163e-14
8.31518e-14
1.21756e-13
1.58522e-13
1.93536e-13
2.26882e-13
2.58638e-13
2.88881e-13
3.17683e-13
3.45113e-13
3.71235e-13
3.96112e-13
4.19803e-13
4.42365e-13
4.63852e-13
4.84315e-13
5.03802e-13
5.22361e-13
5.40035e-13
5.56867e-13
5.72896e-13
5.88162e-13
6.027e-13
6.16545e-13
6.29731e-13
6.42288e-13
6.54247e-13
6.65636e-13
6.76482e-13
6.86811e-13
6.96648e-13
8.04964e-13
9.24061e-13
1.055e-12
1.19893e-12
1.35712e-12
1.53094e-12
1.7219e-12
1.93161e-12
2.16183e-12
2.41444e-12
2.69147e-12
2.99506e-12
3.32747e-12
3.69107e-12
4.08825e-12
4.52146e-12
4.99304e-12
5.50519e-12
6.05977e-12
6.65817e-12
7.30096e-12
7.98763e-12
8.7161e-12
9.48217e-12
1.02788e-11
1.10952e-11
1.19159e-11
1.27196e-11
1.34775e-11
1.41529e-11
1.46992e-11
1.50602e-11
1.51698e-11
1.49548e-11
1.43382e-11
1.32469e-11
1.16217e-11
9.43181e-12
6.69305e-12
3.48964e-12
9.03305e-34
5.67475e-17
3.83696e-14
7.48657e-14
1.09623e-13
1.42725e-13
1.7425e-13
2.04273e-13
2.32865e-13
2.60094e-13
2.86026e-13
3.10722e-13
3.34242e-13
3.5664e-13
3.7797e-13
3.98284e-13
4.1763e-13
4.36054e-13
4.536e-13
4.70309e-13
4.86222e-13
5.01377e-13
5.15809e-13
5.29554e-13
5.42644e-13
5.55109e-13
5.66981e-13
5.78287e-13
5.89054e-13
5.99308e-13
6.09074e-13
6.18374e-13
6.27231e-13
7.24756e-13
8.31988e-13
9.4988e-13
1.07948e-12
1.22191e-12
1.37843e-12
1.55038e-12
1.73922e-12
1.94653e-12
2.17402e-12
2.42352e-12
2.69695e-12
2.99637e-12
3.3239e-12
3.68175e-12
4.07211e-12
4.49713e-12
4.95882e-12
5.45891e-12
5.99869e-12
6.57878e-12
7.19881e-12
7.85702e-12
8.54978e-12
9.27093e-12
1.0011e-11
1.07563e-11
1.14877e-11
1.21798e-11
1.27995e-11
1.33048e-11
1.36449e-11
1.37596e-11
1.35815e-11
1.30394e-11
1.20646e-11
1.06003e-11
8.61537e-12
6.12141e-12
3.19451e-12
7.87557e-34
5.17348e-17
3.49803e-14
6.82526e-14
9.99401e-14
1.30118e-13
1.58858e-13
1.86229e-13
2.12295e-13
2.3712e-13
2.60761e-13
2.83276e-13
3.04718e-13
3.25137e-13
3.44584e-13
3.63104e-13
3.80741e-13
3.97537e-13
4.13533e-13
4.28767e-13
4.43275e-13
4.57091e-13
4.70248e-13
4.82779e-13
4.94713e-13
5.06077e-13
5.16901e-13
5.27208e-13
5.37024e-13
5.46373e-13
5.55276e-13
5.63755e-13
5.7183e-13
6.60741e-13
7.58504e-13
8.65986e-13
9.8414e-13
1.114e-12
1.2567e-12
1.41348e-12
1.58566e-12
1.77469e-12
1.98213e-12
2.20963e-12
2.45899e-12
2.73206e-12
3.0308e-12
3.35722e-12
3.71334e-12
4.10115e-12
4.5225e-12
4.97901e-12
5.4719e-12
6.00179e-12
6.56841e-12
7.17027e-12
7.80417e-12
8.46462e-12
9.14316e-12
9.82746e-12
1.05004e-11
1.11388e-11
1.17126e-11
1.21837e-11
1.25054e-11
1.26223e-11
1.2472e-11
1.19879e-11
1.11053e-11
9.7697e-12
7.94984e-12
5.65449e-12
2.95308e-12
4.14054e-34
5.09306e-17
3.44366e-14
6.71917e-14
9.83867e-14
1.28096e-13
1.56389e-13
1.83334e-13
2.08996e-13
2.33434e-13
2.56708e-13
2.78873e-13
2.99981e-13
3.20084e-13
3.39228e-13
3.5746e-13
3.74823e-13
3.91358e-13
4.07106e-13
4.22103e-13
4.36385e-13
4.49986e-13
4.62939e-13
4.75275e-13
4.87023e-13
4.98212e-13
5.08867e-13
5.19014e-13
5.28678e-13
5.37881e-13
5.46645e-13
5.54992e-13
5.62942e-13
6.50472e-13
7.46715e-13
8.52528e-13
9.68845e-13
1.09669e-12
1.23718e-12
1.39152e-12
1.56102e-12
1.74712e-12
1.95134e-12
2.17532e-12
2.42081e-12
2.68965e-12
2.98377e-12
3.30515e-12
3.65578e-12
4.03761e-12
4.45248e-12
4.90199e-12
5.38735e-12
5.90917e-12
6.46721e-12
7.06001e-12
7.68443e-12
8.33511e-12
9.00373e-12
9.67819e-12
1.03416e-11
1.09713e-11
1.15377e-11
1.20032e-11
1.23217e-11
1.24388e-11
1.22928e-11
1.1818e-11
1.09501e-11
9.63513e-12
7.8419e-12
5.57868e-12
2.91385e-12
3.13559e-34
4.77137e-17
3.22615e-14
6.29478e-14
9.21724e-14
1.20005e-13
1.46511e-13
1.71755e-13
1.95795e-13
2.1869e-13
2.40494e-13
2.61259e-13
2.81034e-13
2.99867e-13
3.17802e-13
3.34883e-13
3.51149e-13
3.6664e-13
3.81393e-13
3.95443e-13
4.08823e-13
4.21565e-13
4.33701e-13
4.45257e-13
4.56264e-13
4.66745e-13
4.76727e-13
4.86234e-13
4.95287e-13
5.03909e-13
5.1212e-13
5.1994e-13
5.27388e-13
6.0939e-13
6.99556e-13
7.98688e-13
9.07662e-13
1.02744e-12
1.15906e-12
1.30366e-12
1.46247e-12
1.63683e-12
1.82818e-12
2.03804e-12
2.26807e-12
2.52e-12
2.79563e-12
3.09682e-12
3.42546e-12
3.78338e-12
4.17233e-12
4.59382e-12
5.04901e-12
5.53852e-12
6.06218e-12
6.61866e-12
7.2051e-12
7.81657e-12
8.44538e-12
9.08029e-12
9.70565e-12
1.03003e-11
1.08365e-11
1.12791e-11
1.15849e-11
1.17024e-11
1.15732e-11
1.11348e-11
1.03256e-11
9.09329e-12
7.40692e-12
5.27297e-12
2.75558e-12
5.19525e-34
4.45007e-17
3.0089e-14
5.87089e-14
8.59656e-14
1.11924e-13
1.36645e-13
1.60189e-13
1.82611e-13
2.03964e-13
2.243e-13
2.43666e-13
2.6211e-13
2.79675e-13
2.96402e-13
3.12333e-13
3.27504e-13
3.41952e-13
3.55711e-13
3.68815e-13
3.81294e-13
3.93179e-13
4.04497e-13
4.15275e-13
4.2554e-13
4.35316e-13
4.44626e-13
4.53493e-13
4.61937e-13
4.69978e-13
4.77636e-13
4.8493e-13
4.91876e-13
5.68357e-13
6.52453e-13
7.44912e-13
8.46551e-13
9.58265e-13
1.08103e-12
1.2159e-12
1.36403e-12
1.52667e-12
1.70515e-12
1.90092e-12
2.11551e-12
2.35053e-12
2.60768e-12
2.8887e-12
3.19536e-12
3.52939e-12
3.89241e-12
4.28588e-12
4.7109e-12
5.16809e-12
5.65732e-12
6.17742e-12
6.72581e-12
7.29795e-12
7.88678e-12
8.48193e-12
9.06891e-12
9.62808e-12
1.01337e-11
1.05529e-11
1.08453e-11
1.09625e-11
1.08495e-11
1.0447e-11
9.69612e-12
8.54645e-12
6.96738e-12
4.96372e-12
2.59535e-12
4.96022e-34
4.1916e-17
2.83415e-14
5.52992e-14
8.09728e-14
1.05423e-13
1.28709e-13
1.50885e-13
1.72005e-13
1.92118e-13
2.11273e-13
2.29515e-13
2.46887e-13
2.63432e-13
2.79188e-13
2.94193e-13
3.08483e-13
3.22092e-13
3.35052e-13
3.47395e-13
3.59149e-13
3.70344e-13
3.81005e-13
3.91157e-13
4.00826e-13
4.10034e-13
4.18804e-13
4.27155e-13
4.35109e-13
4.42683e-13
4.49897e-13
4.56767e-13
4.63309e-13
5.3535e-13
6.14563e-13
7.01653e-13
7.97392e-13
9.02622e-13
1.01826e-12
1.14531e-12
1.28484e-12
1.43805e-12
1.60619e-12
1.79061e-12
1.99277e-12
2.21419e-12
2.45647e-12
2.72126e-12
3.01023e-12
3.32502e-12
3.66718e-12
4.03808e-12
4.4388e-12
4.86994e-12
5.33142e-12
5.8222e-12
6.33987e-12
6.88025e-12
7.43676e-12
7.99974e-12
8.5556e-12
9.08595e-12
9.56657e-12
9.96658e-12
1.02477e-11
1.03642e-11
1.02638e-11
9.88973e-12
9.18555e-12
8.10241e-12
6.61007e-12
4.71208e-12
2.46487e-12
4.28115e-34
3.98243e-17
2.69272e-14
5.25396e-14
7.69321e-14
1.00162e-13
1.22286e-13
1.43356e-13
1.63421e-13
1.82531e-13
2.0073e-13
2.18061e-13
2.34567e-13
2.50286e-13
2.65256e-13
2.79512e-13
2.93089e-13
3.06019e-13
3.18333e-13
3.3006e-13
3.41228e-13
3.51863e-13
3.61992e-13
3.71638e-13
3.80825e-13
3.89574e-13
3.97905e-13
4.0584e-13
4.13397e-13
4.20594e-13
4.27447e-13
4.33974e-13
4.4019e-13
5.08637e-13
5.83898e-13
6.66644e-13
7.57607e-13
8.57588e-13
9.6746e-13
1.08817e-12
1.22076e-12
1.36633e-12
1.52609e-12
1.70133e-12
1.89343e-12
2.10384e-12
2.33409e-12
2.58573e-12
2.86038e-12
3.15959e-12
3.48485e-12
3.83747e-12
4.2185e-12
4.62854e-12
5.06753e-12
5.53451e-12
6.02727e-12
6.54187e-12
7.07213e-12
7.60893e-12
8.13945e-12
8.64627e-12
9.10645e-12
9.49062e-12
9.76236e-12
9.878e-12
9.78742e-12
9.43613e-12
8.7696e-12
7.74032e-12
6.31845e-12
4.50654e-12
2.35824e-12
3.72245e-34
3.81225e-17
2.57765e-14
5.02945e-14
7.36446e-14
9.58824e-14
1.17061e-13
1.3723e-13
1.56438e-13
1.74731e-13
1.92152e-13
2.08743e-13
2.24544e-13
2.39591e-13
2.53921e-13
2.67568e-13
2.80565e-13
2.92943e-13
3.0473e-13
3.15956e-13
3.26647e-13
3.36828e-13
3.46524e-13
3.55758e-13
3.64552e-13
3.72927e-13
3.80903e-13
3.88499e-13
3.95733e-13
4.02622e-13
4.09183e-13
4.15431e-13
4.21381e-13
4.86903e-13
5.58949e-13
6.3816e-13
7.25238e-13
8.2095e-13
9.2613e-13
1.04169e-12
1.16861e-12
1.30797e-12
1.46092e-12
1.62869e-12
1.81261e-12
2.01406e-12
2.23451e-12
2.47546e-12
2.73845e-12
3.02497e-12
3.33648e-12
3.67422e-12
4.03922e-12
4.43207e-12
4.85273e-12
5.30034e-12
5.77278e-12
6.26635e-12
6.77518e-12
7.2906e-12
7.8004e-12
8.28796e-12
8.73135e-12
9.10246e-12
9.36636e-12
9.48108e-12
9.39831e-12
9.06539e-12
8.42939e-12
7.44396e-12
6.0796e-12
4.33809e-12
2.27081e-12
3.2577e-34
3.67316e-17
2.48361e-14
4.84595e-14
7.09577e-14
9.23841e-14
1.1279e-13
1.32223e-13
1.50731e-13
1.68356e-13
1.85142e-13
2.01127e-13
2.16351e-13
2.3085e-13
2.44657e-13
2.57806e-13
2.70329e-13
2.82255e-13
2.93612e-13
3.04429e-13
3.1473e-13
3.24539e-13
3.33882e-13
3.42779e-13
3.51252e-13
3.59322e-13
3.67006e-13
3.74325e-13
3.81295e-13
3.87933e-13
3.94254e-13
4.00275e-13
4.06008e-13
4.6914e-13
5.38558e-13
6.1488e-13
6.98783e-13
7.91004e-13
8.92349e-13
1.0037e-12
1.126e-12
1.26028e-12
1.40766e-12
1.56932e-12
1.74654e-12
1.94067e-12
2.15311e-12
2.38532e-12
2.63878e-12
2.91494e-12
3.21519e-12
3.54077e-12
3.89266e-12
4.27144e-12
4.67711e-12
5.10885e-12
5.56467e-12
6.04102e-12
6.53229e-12
7.03019e-12
7.52298e-12
7.99471e-12
8.42428e-12
8.7846e-12
9.04197e-12
9.1558e-12
9.07928e-12
8.76127e-12
8.15017e-12
7.20057e-12
5.88334e-12
4.19961e-12
2.1989e-12
2.86708e-34
3.55901e-17
2.40643e-14
4.69536e-14
6.87527e-14
8.95133e-14
1.09285e-13
1.28114e-13
1.46047e-13
1.63125e-13
1.79389e-13
1.94877e-13
2.09628e-13
2.23676e-13
2.37055e-13
2.49795e-13
2.61929e-13
2.73484e-13
2.84489e-13
2.94969e-13
3.0495e-13
3.14455e-13
3.23507e-13
3.32128e-13
3.40337e-13
3.48156e-13
3.55602e-13
3.62693e-13
3.69447e-13
3.75878e-13
3.82004e-13
3.87837e-13
3.93392e-13
4.54563e-13
5.21824e-13
5.95775e-13
6.77072e-13
7.66429e-13
8.64627e-13
9.72517e-13
1.09102e-12
1.22114e-12
1.36394e-12
1.52059e-12
1.69233e-12
1.88044e-12
2.08631e-12
2.31134e-12
2.55698e-12
2.82463e-12
3.11564e-12
3.43123e-12
3.77235e-12
4.13959e-12
4.53295e-12
4.95166e-12
5.39382e-12
5.85601e-12
6.33285e-12
6.81632e-12
7.29512e-12
7.75381e-12
8.17197e-12
8.52337e-12
8.77528e-12
8.8883e-12
8.81684e-12
8.51098e-12
7.92027e-12
7.0001e-12
5.72161e-12
4.08545e-12
2.13961e-12
2.53561e-34
3.465e-17
2.34286e-14
4.57134e-14
6.69366e-14
8.71488e-14
1.06398e-13
1.2473e-13
1.42189e-13
1.58816e-13
1.7465e-13
1.8973e-13
2.04091e-13
2.17768e-13
2.30793e-13
2.43197e-13
2.5501e-13
2.6626e-13
2.76974e-13
2.87178e-13
2.96895e-13
3.06149e-13
3.14962e-13
3.23355e-13
3.31348e-13
3.3896e-13
3.4621e-13
3.53114e-13
3.59689e-13
3.6595e-13
3.71914e-13
3.77593e-13
3.83001e-13
4.42556e-13
5.08042e-13
5.8004e-13
6.5919e-13
7.46188e-13
8.41795e-13
9.46837e-13
1.06221e-12
1.1889e-12
1.32794e-12
1.48046e-12
1.64767e-12
1.83084e-12
2.03129e-12
2.25041e-12
2.4896e-12
2.75024e-12
3.03365e-12
3.34101e-12
3.67326e-12
4.03098e-12
4.41419e-12
4.82216e-12
5.25305e-12
5.70358e-12
6.16851e-12
6.64008e-12
7.10732e-12
7.55523e-12
7.96396e-12
8.30796e-12
8.55534e-12
8.66763e-12
8.60027e-12
8.30439e-12
7.73045e-12
6.83452e-12
5.58798e-12
3.9911e-12
2.0906e-12
2.25187e-34
3.38732e-17
2.29034e-14
4.46885e-14
6.5436e-14
8.51951e-14
1.04013e-13
1.21934e-13
1.39001e-13
1.55255e-13
1.70735e-13
1.85477e-13
1.99516e-13
2.12886e-13
2.25619e-13
2.37745e-13
2.49293e-13
2.60291e-13
2.70765e-13
2.8074e-13
2.90239e-13
2.99286e-13
3.07901e-13
3.16106e-13
3.2392e-13
3.31361e-13
3.38448e-13
3.45198e-13
3.51625e-13
3.57747e-13
3.63576e-13
3.69128e-13
3.74416e-13
4.32636e-13
4.96653e-13
5.67038e-13
6.44414e-13
7.29463e-13
8.22928e-13
9.25618e-13
1.03841e-12
1.16226e-12
1.29819e-12
1.4473e-12
1.61077e-12
1.78985e-12
1.98583e-12
2.20006e-12
2.43393e-12
2.68877e-12
2.96589e-12
3.26645e-12
3.59136e-12
3.94122e-12
4.31605e-12
4.71513e-12
5.13671e-12
5.57758e-12
6.03266e-12
6.49439e-12
6.95207e-12
7.39105e-12
7.79196e-12
8.12981e-12
8.37342e-12
8.48507e-12
8.42107e-12
8.13341e-12
7.5733e-12
6.69741e-12
5.47731e-12
3.91294e-12
2.04999e-12
2.00706e-34
3.32294e-17
2.24681e-14
4.38392e-14
6.41923e-14
8.35759e-14
1.02036e-13
1.19617e-13
1.36359e-13
1.52305e-13
1.6749e-13
1.81951e-13
1.95724e-13
2.0884e-13
2.21331e-13
2.33227e-13
2.44555e-13
2.55344e-13
2.65619e-13
2.75404e-13
2.84723e-13
2.93598e-13
3.02049e-13
3.10098e-13
3.17764e-13
3.25064e-13
3.32016e-13
3.38637e-13
3.44943e-13
3.50948e-13
3.56667e-13
3.62113e-13
3.673e-13
4.24414e-13
4.87215e-13
5.56263e-13
6.32169e-13
7.15602e-13
8.07292e-13
9.08032e-13
1.01868e-12
1.14018e-12
1.27353e-12
1.41982e-12
1.58019e-12
1.75587e-12
1.94815e-12
2.15833e-12
2.38778e-12
2.63783e-12
2.90973e-12
3.20465e-12
3.52349e-12
3.86682e-12
4.2347e-12
4.62642e-12
5.04028e-12
5.47314e-12
5.92005e-12
6.37362e-12
6.82335e-12
7.25493e-12
7.64934e-12
7.98208e-12
8.22253e-12
8.33365e-12
8.27242e-12
7.99154e-12
7.4429e-12
6.58362e-12
5.38544e-12
3.84805e-12
2.01627e-12
1.79433e-34
3.26944e-17
2.21064e-14
4.31333e-14
6.31588e-14
8.22302e-14
1.00393e-13
1.17691e-13
1.34164e-13
1.49852e-13
1.64793e-13
1.79022e-13
1.92573e-13
2.05477e-13
2.17767e-13
2.29472e-13
2.40618e-13
2.51233e-13
2.61343e-13
2.7097e-13
2.80139e-13
2.88871e-13
2.97186e-13
3.05106e-13
3.12648e-13
3.1983e-13
3.26671e-13
3.33185e-13
3.39389e-13
3.45297e-13
3.50924e-13
3.56283e-13
3.61386e-13
4.17581e-13
4.79371e-13
5.47307e-13
6.21992e-13
7.04083e-13
7.94297e-13
8.93417e-13
1.00229e-12
1.12183e-12
1.25304e-12
1.39698e-12
1.55478e-12
1.72764e-12
1.91683e-12
2.12365e-12
2.34943e-12
2.59549e-12
2.86306e-12
3.15329e-12
3.46708e-12
3.80499e-12
4.16708e-12
4.55269e-12
4.96012e-12
5.38634e-12
5.82645e-12
6.27322e-12
6.71636e-12
7.14177e-12
7.53077e-12
7.85927e-12
8.09709e-12
8.20774e-12
8.1488e-12
7.87356e-12
7.33444e-12
6.48896e-12
5.30901e-12
3.79406e-12
1.98822e-12
1.60831e-34
3.22486e-17
2.18049e-14
4.25452e-14
6.22976e-14
8.11091e-14
9.90243e-14
1.16086e-13
1.32335e-13
1.47809e-13
1.62546e-13
1.76581e-13
1.89947e-13
2.02676e-13
2.14798e-13
2.26343e-13
2.37337e-13
2.47808e-13
2.57779e-13
2.67276e-13
2.76319e-13
2.84932e-13
2.93134e-13
3.00946e-13
3.08385e-13
3.1547e-13
3.22217e-13
3.28642e-13
3.34762e-13
3.4059e-13
3.4614e-13
3.51425e-13
3.56459e-13
4.11888e-13
4.72836e-13
5.39846e-13
6.13513e-13
6.94485e-13
7.8347e-13
8.8124e-13
9.8863e-13
1.10655e-12
1.23597e-12
1.37795e-12
1.5336e-12
1.70412e-12
1.89074e-12
2.09476e-12
2.31748e-12
2.56021e-12
2.82417e-12
3.1105e-12
3.42007e-12
3.75347e-12
4.11075e-12
4.49125e-12
4.89334e-12
5.314e-12
5.74846e-12
6.18957e-12
6.6272e-12
7.04747e-12
7.43197e-12
7.75691e-12
7.99254e-12
8.1028e-12
8.04576e-12
7.77522e-12
7.24404e-12
6.41005e-12
5.24529e-12
3.74905e-12
1.96483e-12
1.44474e-34
3.18762e-17
2.15532e-14
4.2054e-14
6.15784e-14
8.01726e-14
9.7881e-14
1.14746e-13
1.30807e-13
1.46103e-13
1.6067e-13
1.74542e-13
1.87754e-13
2.00336e-13
2.12318e-13
2.2373e-13
2.34597e-13
2.44947e-13
2.54803e-13
2.6419e-13
2.73129e-13
2.81643e-13
2.8975e-13
2.97471e-13
3.04825e-13
3.11828e-13
3.18497e-13
3.24848e-13
3.30897e-13
3.36657e-13
3.42144e-13
3.47368e-13
3.52344e-13
4.07133e-13
4.67377e-13
5.33614e-13
6.06431e-13
6.86469e-13
7.74427e-13
8.71069e-13
9.77221e-13
1.09378e-12
1.22171e-12
1.36205e-12
1.51591e-12
1.68447e-12
1.86895e-12
2.07062e-12
2.29079e-12
2.53074e-12
2.79169e-12
3.07475e-12
3.38082e-12
3.71044e-12
4.06369e-12
4.43994e-12
4.83755e-12
5.25359e-12
5.68331e-12
6.11969e-12
6.55272e-12
6.96871e-12
7.34943e-12
7.67142e-12
7.90521e-12
8.01514e-12
7.9597e-12
7.69308e-12
7.16852e-12
6.34414e-12
5.19207e-12
3.71145e-12
1.94529e-12
1.30022e-34
3.15645e-17
2.13424e-14
4.16428e-14
6.09762e-14
7.93886e-14
9.69238e-14
1.13624e-13
1.29528e-13
1.44674e-13
1.59098e-13
1.72835e-13
1.85918e-13
1.98377e-13
2.10242e-13
2.21542e-13
2.32303e-13
2.42552e-13
2.52312e-13
2.61606e-13
2.70458e-13
2.78888e-13
2.86917e-13
2.94562e-13
3.01844e-13
3.08778e-13
3.15382e-13
3.21672e-13
3.27661e-13
3.33365e-13
3.38798e-13
3.43971e-13
3.48899e-13
4.03151e-13
4.62807e-13
5.28397e-13
6.00501e-13
6.79757e-13
7.66856e-13
8.62554e-13
9.67669e-13
1.08309e-12
1.20977e-12
1.34875e-12
1.50111e-12
1.66802e-12
1.8507e-12
2.05042e-12
2.26845e-12
2.50607e-12
2.7645e-12
3.04483e-12
3.34795e-12
3.67441e-12
4.0243e-12
4.39698e-12
4.79085e-12
5.20301e-12
5.62877e-12
6.06119e-12
6.49038e-12
6.90277e-12
7.28034e-12
7.59985e-12
7.83211e-12
7.94177e-12
7.88766e-12
7.62433e-12
7.10531e-12
6.28898e-12
5.14753e-12
3.67999e-12
1.92894e-12
1.17198e-34
3.13029e-17
2.11656e-14
4.12977e-14
6.04709e-14
7.87307e-14
9.61206e-14
1.12682e-13
1.28454e-13
1.43475e-13
1.5778e-13
1.71403e-13
1.84377e-13
1.96733e-13
2.085e-13
2.19706e-13
2.30378e-13
2.40542e-13
2.50221e-13
2.59439e-13
2.68217e-13
2.76577e-13
2.84539e-13
2.92122e-13
2.99343e-13
3.0622e-13
3.12769e-13
3.19006e-13
3.24946e-13
3.30603e-13
3.3599e-13
3.41121e-13
3.46007e-13
3.99811e-13
4.58972e-13
5.24018e-13
5.95526e-13
6.74125e-13
7.60503e-13
8.55409e-13
9.59654e-13
1.07412e-12
1.19975e-12
1.33758e-12
1.48868e-12
1.65422e-12
1.83539e-12
2.03346e-12
2.2497e-12
2.48537e-12
2.74168e-12
3.01972e-12
3.32037e-12
3.64418e-12
3.99124e-12
4.36093e-12
4.75166e-12
5.16056e-12
5.58301e-12
6.01211e-12
6.43807e-12
6.84744e-12
7.22238e-12
7.5398e-12
7.77078e-12
7.88022e-12
7.82723e-12
7.56666e-12
7.0523e-12
6.24272e-12
5.11019e-12
3.65361e-12
1.91523e-12
1.05779e-34
3.10829e-17
2.10168e-14
4.10074e-14
6.00459e-14
7.81774e-14
9.54451e-14
1.1189e-13
1.27552e-13
1.42467e-13
1.56671e-13
1.70199e-13
1.83081e-13
1.9535e-13
2.07035e-13
2.18162e-13
2.28759e-13
2.38851e-13
2.48462e-13
2.57615e-13
2.66332e-13
2.74634e-13
2.8254e-13
2.90069e-13
2.97239e-13
3.04068e-13
3.10571e-13
3.16764e-13
3.22663e-13
3.2828e-13
3.33629e-13
3.38724e-13
3.43576e-13
3.97001e-13
4.55747e-13
5.20336e-13
5.91342e-13
6.69389e-13
7.5516e-13
8.49399e-13
9.52913e-13
1.06657e-12
1.19133e-12
1.32819e-12
1.47823e-12
1.64261e-12
1.82252e-12
2.0192e-12
2.23393e-12
2.46796e-12
2.72249e-12
2.9986e-12
3.29717e-12
3.61876e-12
3.96344e-12
4.33061e-12
4.71871e-12
5.12487e-12
5.54453e-12
5.97084e-12
6.39408e-12
6.80092e-12
7.17364e-12
7.48932e-12
7.71922e-12
7.82848e-12
7.77644e-12
7.51819e-12
7.00776e-12
6.20385e-12
5.07881e-12
3.63145e-12
1.90372e-12
9.55782e-35
3.08975e-17
2.08914e-14
4.07628e-14
5.96877e-14
7.7711e-14
9.48757e-14
1.11223e-13
1.26791e-13
1.41617e-13
1.55736e-13
1.69183e-13
1.81989e-13
1.94185e-13
2.058e-13
2.16861e-13
2.27394e-13
2.37426e-13
2.4698e-13
2.56079e-13
2.64743e-13
2.72995e-13
2.80854e-13
2.88338e-13
2.95466e-13
3.02254e-13
3.08718e-13
3.14875e-13
3.20738e-13
3.26321e-13
3.31639e-13
3.36703e-13
3.41526e-13
3.94633e-13
4.53028e-13
5.17232e-13
5.87814e-13
6.65396e-13
7.50657e-13
8.44334e-13
9.47231e-13
1.06022e-12
1.18423e-12
1.32027e-12
1.46942e-12
1.63282e-12
1.81166e-12
2.00718e-12
2.22064e-12
2.45329e-12
2.70632e-12
2.9808e-12
3.27762e-12
3.59733e-12
3.94001e-12
4.30506e-12
4.69093e-12
5.09479e-12
5.5121e-12
5.93605e-12
6.35701e-12
6.76172e-12
7.13257e-12
7.44678e-12
7.67578e-12
7.78489e-12
7.73366e-12
7.47737e-12
6.97024e-12
6.17112e-12
5.05239e-12
3.61279e-12
1.89402e-12
8.6442e-35
3.07408e-17
2.07855e-14
4.05561e-14
5.93851e-14
7.7317e-14
9.43947e-14
1.10659e-13
1.26148e-13
1.40899e-13
1.54947e-13
1.68326e-13
1.81067e-13
1.93201e-13
2.04756e-13
2.15761e-13
2.26242e-13
2.36223e-13
2.45728e-13
2.5478e-13
2.63401e-13
2.71611e-13
2.7943e-13
2.86877e-13
2.93968e-13
3.00721e-13
3.07153e-13
3.13278e-13
3.19112e-13
3.24667e-13
3.29958e-13
3.34996e-13
3.39795e-13
3.92633e-13
4.50732e-13
5.1461e-13
5.84835e-13
6.62024e-13
7.46852e-13
8.40055e-13
9.42431e-13
1.05484e-12
1.17823e-12
1.31358e-12
1.46198e-12
1.62456e-12
1.8025e-12
1.99703e-12
2.20942e-12
2.44089e-12
2.69265e-12
2.96577e-12
3.26111e-12
3.57923e-12
3.92022e-12
4.28348e-12
4.66747e-12
5.06939e-12
5.4847e-12
5.90668e-12
6.3257e-12
6.72862e-12
7.09789e-12
7.41087e-12
7.63911e-12
7.7481e-12
7.69755e-12
7.44292e-12
6.93859e-12
6.14351e-12
5.03011e-12
3.59706e-12
1.88585e-12
6.15883e-35
3.06665e-17
2.07352e-14
4.0458e-14
5.92414e-14
7.713e-14
9.41663e-14
1.10391e-13
1.25843e-13
1.40558e-13
1.54572e-13
1.67918e-13
1.80629e-13
1.92733e-13
2.04261e-13
2.15239e-13
2.25694e-13
2.35651e-13
2.45133e-13
2.54164e-13
2.62764e-13
2.70954e-13
2.78754e-13
2.86182e-13
2.93257e-13
2.99994e-13
3.0641e-13
3.1252e-13
3.1834e-13
3.23882e-13
3.2916e-13
3.34186e-13
3.38973e-13
3.91683e-13
4.49641e-13
5.13366e-13
5.8342e-13
6.60422e-13
7.45046e-13
8.38023e-13
9.40152e-13
1.05229e-12
1.17538e-12
1.31041e-12
1.45845e-12
1.62063e-12
1.79814e-12
1.99221e-12
2.20409e-12
2.43501e-12
2.68617e-12
2.95863e-12
3.25327e-12
3.57064e-12
3.91083e-12
4.27323e-12
4.65634e-12
5.05733e-12
5.4717e-12
5.89273e-12
6.31084e-12
6.71291e-12
7.08143e-12
7.39382e-12
7.62171e-12
7.73064e-12
7.68042e-12
7.42658e-12
6.92358e-12
6.13042e-12
5.01955e-12
3.5896e-12
1.88198e-12
1.5822e-35
3.06006e-17
2.06907e-14
4.03711e-14
5.91141e-14
7.69643e-14
9.39641e-14
1.10154e-13
1.25572e-13
1.40256e-13
1.5424e-13
1.67558e-13
1.80241e-13
1.92319e-13
2.03822e-13
2.14777e-13
2.25209e-13
2.35145e-13
2.44607e-13
2.53618e-13
2.622e-13
2.70372e-13
2.78155e-13
2.85568e-13
2.92627e-13
2.9935e-13
3.05752e-13
3.11849e-13
3.17656e-13
3.23186e-13
3.28453e-13
3.33468e-13
3.38245e-13
3.90841e-13
4.48676e-13
5.12263e-13
5.82167e-13
6.59004e-13
7.43446e-13
8.36224e-13
9.38133e-13
1.05003e-12
1.17286e-12
1.3076e-12
1.45532e-12
1.61716e-12
1.79429e-12
1.98794e-12
2.19936e-12
2.42979e-12
2.68042e-12
2.9523e-12
3.24632e-12
3.56302e-12
3.9025e-12
4.26415e-12
4.64646e-12
5.04662e-12
5.46016e-12
5.88035e-12
6.29764e-12
6.69894e-12
7.06679e-12
7.37865e-12
7.6062e-12
7.71506e-12
7.66511e-12
7.41196e-12
6.91013e-12
6.11866e-12
5.01004e-12
3.58288e-12
1.87848e-12
-1.4283e-35
3.04257e-17
2.05724e-14
4.01404e-14
5.87763e-14
7.65245e-14
9.34271e-14
1.09524e-13
1.24855e-13
1.39454e-13
1.53359e-13
1.666e-13
1.79211e-13
1.9122e-13
2.02657e-13
2.13549e-13
2.23922e-13
2.33801e-13
2.43209e-13
2.52169e-13
2.60701e-13
2.68827e-13
2.76566e-13
2.83936e-13
2.90955e-13
2.97639e-13
3.04005e-13
3.10067e-13
3.15841e-13
3.21339e-13
3.26576e-13
3.31563e-13
3.36312e-13
3.88608e-13
4.46112e-13
5.09336e-13
5.78841e-13
6.55239e-13
7.39198e-13
8.31446e-13
9.32774e-13
1.04404e-12
1.16616e-12
1.30013e-12
1.44701e-12
1.60792e-12
1.78405e-12
1.9766e-12
2.18682e-12
2.41594e-12
2.66514e-12
2.93549e-12
3.22785e-12
3.54277e-12
3.88034e-12
4.23997e-12
4.62015e-12
5.01811e-12
5.42938e-12
5.8473e-12
6.26237e-12
6.66156e-12
7.02755e-12
7.3379e-12
7.56446e-12
7.67303e-12
7.6237e-12
7.37228e-12
6.87349e-12
6.08654e-12
4.98399e-12
3.5644e-12
1.86885e-12
-1.82338e-35
3.02189e-17
2.04326e-14
3.98675e-14
5.83767e-14
7.60042e-14
9.27919e-14
1.0878e-13
1.24006e-13
1.38506e-13
1.52316e-13
1.65467e-13
1.77992e-13
1.8992e-13
2.0128e-13
2.12098e-13
2.224e-13
2.32212e-13
2.41556e-13
2.50454e-13
2.58929e-13
2.67e-13
2.74686e-13
2.82006e-13
2.88977e-13
2.95615e-13
3.01938e-13
3.07959e-13
3.13694e-13
3.19155e-13
3.24355e-13
3.29309e-13
3.34026e-13
3.85966e-13
4.43079e-13
5.05873e-13
5.74906e-13
6.50785e-13
7.34173e-13
8.25795e-13
9.26434e-13
1.03694e-12
1.15823e-12
1.29129e-12
1.43718e-12
1.597e-12
1.77193e-12
1.96318e-12
2.17197e-12
2.39955e-12
2.64706e-12
2.91559e-12
3.20598e-12
3.51878e-12
3.85408e-12
4.21131e-12
4.58897e-12
4.98429e-12
5.39286e-12
5.80805e-12
6.22044e-12
6.6171e-12
6.98081e-12
7.2893e-12
7.5146e-12
7.62273e-12
7.57402e-12
7.32457e-12
6.82932e-12
6.04772e-12
4.95243e-12
3.54197e-12
1.85714e-12
-1.65134e-35
2.99913e-17
2.02787e-14
3.95673e-14
5.79372e-14
7.5432e-14
9.20933e-14
1.07961e-13
1.23072e-13
1.37464e-13
1.51169e-13
1.64222e-13
1.76652e-13
1.8849e-13
1.99764e-13
2.10501e-13
2.20726e-13
2.30463e-13
2.39737e-13
2.48569e-13
2.56979e-13
2.64989e-13
2.72618e-13
2.79882e-13
2.86801e-13
2.9339e-13
2.99665e-13
3.05641e-13
3.11332e-13
3.16752e-13
3.21913e-13
3.26829e-13
3.31511e-13
3.8306e-13
4.39743e-13
5.02065e-13
5.70578e-13
6.45885e-13
7.28647e-13
8.19579e-13
9.1946e-13
1.02914e-12
1.14951e-12
1.28158e-12
1.42636e-12
1.58498e-12
1.7586e-12
1.94841e-12
2.15564e-12
2.38151e-12
2.62717e-12
2.89368e-12
3.1819e-12
3.49237e-12
3.82518e-12
4.17976e-12
4.55462e-12
4.94703e-12
5.3526e-12
5.76477e-12
6.17418e-12
6.56801e-12
6.92918e-12
7.23557e-12
7.45943e-12
7.56701e-12
7.51894e-12
7.27159e-12
6.78022e-12
6.00449e-12
4.91723e-12
3.51693e-12
1.84406e-12
-1.49342e-35
2.9752e-17
2.01169e-14
3.92516e-14
5.74749e-14
7.483e-14
9.13584e-14
1.07099e-13
1.2209e-13
1.36367e-13
1.49963e-13
1.62911e-13
1.75242e-13
1.86986e-13
1.9817e-13
2.08821e-13
2.18964e-13
2.28624e-13
2.37824e-13
2.46585e-13
2.54929e-13
2.62875e-13
2.70442e-13
2.77649e-13
2.84512e-13
2.91049e-13
2.97273e-13
3.03202e-13
3.08847e-13
3.14224e-13
3.19345e-13
3.24221e-13
3.28865e-13
3.80004e-13
4.36234e-13
4.98059e-13
5.66025e-13
6.40732e-13
7.22833e-13
8.13039e-13
9.12124e-13
1.02092e-12
1.14034e-12
1.27135e-12
1.41499e-12
1.57234e-12
1.74457e-12
1.93287e-12
2.13845e-12
2.36252e-12
2.60624e-12
2.87064e-12
3.15657e-12
3.46458e-12
3.79476e-12
4.14654e-12
4.51845e-12
4.90779e-12
5.3102e-12
5.71917e-12
6.12544e-12
6.51627e-12
6.87472e-12
7.17887e-12
7.40117e-12
7.50814e-12
7.46069e-12
7.21552e-12
6.7282e-12
5.95866e-12
4.87988e-12
3.49033e-12
1.83015e-12
-1.34927e-35
2.95077e-17
1.99517e-14
3.89293e-14
5.70029e-14
7.42156e-14
9.06083e-14
1.0622e-13
1.21088e-13
1.35247e-13
1.48732e-13
1.61574e-13
1.73804e-13
1.85451e-13
1.96543e-13
2.07106e-13
2.17166e-13
2.26747e-13
2.35871e-13
2.4456e-13
2.52836e-13
2.60716e-13
2.68222e-13
2.75369e-13
2.82176e-13
2.88659e-13
2.94833e-13
3.00712e-13
3.06312e-13
3.11644e-13
3.16723e-13
3.21559e-13
3.26165e-13
3.76883e-13
4.32653e-13
4.93969e-13
5.61378e-13
6.35471e-13
7.16898e-13
8.06364e-13
9.04636e-13
1.01254e-12
1.13098e-12
1.26092e-12
1.40337e-12
1.55944e-12
1.73026e-12
1.91701e-12
2.12091e-12
2.34315e-12
2.58487e-12
2.8471e-12
3.1307e-12
3.4362e-12
3.7637e-12
4.11262e-12
4.48152e-12
4.86771e-12
5.26688e-12
5.67258e-12
6.07561e-12
6.46337e-12
6.81904e-12
7.12087e-12
7.34155e-12
7.44786e-12
7.40102e-12
7.15805e-12
6.67484e-12
5.91161e-12
4.84152e-12
3.46299e-12
1.81586e-12
-1.21822e-35
2.92637e-17
1.97867e-14
3.86074e-14
5.65316e-14
7.36019e-14
8.9859e-14
1.05341e-13
1.20086e-13
1.34129e-13
1.47502e-13
1.60237e-13
1.72366e-13
1.83917e-13
1.94918e-13
2.05394e-13
2.15371e-13
2.24872e-13
2.33921e-13
2.42538e-13
2.50745e-13
2.5856e-13
2.66004e-13
2.73092e-13
2.79843e-13
2.86272e-13
2.92394e-13
2.98225e-13
3.03778e-13
3.09067e-13
3.14103e-13
3.189e-13
3.23468e-13
3.73767e-13
4.29075e-13
4.89885e-13
5.56735e-13
6.30216e-13
7.1097e-13
7.99697e-13
8.97156e-13
1.00417e-12
1.12163e-12
1.25049e-12
1.39177e-12
1.54655e-12
1.71596e-12
1.90117e-12
2.10339e-12
2.32379e-12
2.56352e-12
2.8236e-12
3.10486e-12
3.40785e-12
3.73266e-12
4.07872e-12
4.44461e-12
4.82765e-12
5.22358e-12
5.626e-12
6.0258e-12
6.41046e-12
6.76333e-12
7.06284e-12
7.28188e-12
7.38751e-12
7.34125e-12
7.10045e-12
6.62135e-12
5.86443e-12
4.80303e-12
3.43555e-12
1.80151e-12
-1.09945e-35
2.90239e-17
1.96246e-14
3.8291e-14
5.60682e-14
7.29986e-14
8.91225e-14
1.04478e-13
1.19102e-13
1.33029e-13
1.46293e-13
1.58924e-13
1.70954e-13
1.8241e-13
1.9332e-13
2.0371e-13
2.13605e-13
2.23029e-13
2.32003e-13
2.4055e-13
2.4869e-13
2.56441e-13
2.63823e-13
2.70854e-13
2.77549e-13
2.83926e-13
2.89998e-13
2.95781e-13
3.01289e-13
3.06534e-13
3.11529e-13
3.16286e-13
3.20817e-13
3.70704e-13
4.25558e-13
4.8587e-13
5.52173e-13
6.25052e-13
7.05144e-13
7.93143e-13
8.89804e-13
9.95943e-13
1.11244e-12
1.24025e-12
1.38037e-12
1.53388e-12
1.7019e-12
1.8856e-12
2.08616e-12
2.30476e-12
2.54253e-12
2.80049e-12
3.07946e-12
3.37998e-12
3.70214e-12
4.0454e-12
4.40832e-12
4.78827e-12
5.18101e-12
5.5802e-12
5.9768e-12
6.35842e-12
6.70852e-12
7.00572e-12
7.22314e-12
7.32808e-12
7.28238e-12
7.04371e-12
6.56863e-12
5.81791e-12
4.76507e-12
3.40848e-12
1.78735e-12
-9.92051e-36
2.87911e-17
1.94672e-14
3.79838e-14
5.56185e-14
7.24131e-14
8.84076e-14
1.0364e-13
1.18147e-13
1.31962e-13
1.45119e-13
1.57649e-13
1.69582e-13
1.80947e-13
1.91769e-13
2.02076e-13
2.11892e-13
2.2124e-13
2.30143e-13
2.38621e-13
2.46695e-13
2.54384e-13
2.61707e-13
2.68681e-13
2.75323e-13
2.81648e-13
2.87672e-13
2.93409e-13
2.98872e-13
3.04075e-13
3.0903e-13
3.13749e-13
3.18244e-13
3.6773e-13
4.22145e-13
4.81973e-13
5.47744e-13
6.20038e-13
6.99488e-13
7.86782e-13
8.82668e-13
9.87956e-13
1.10352e-12
1.2303e-12
1.3693e-12
1.52158e-12
1.68826e-12
1.87048e-12
2.06944e-12
2.28629e-12
2.52216e-12
2.77805e-12
3.0548e-12
3.35292e-12
3.67252e-12
4.01304e-12
4.37308e-12
4.75002e-12
5.13966e-12
5.53571e-12
5.92921e-12
6.30787e-12
6.65528e-12
6.95023e-12
7.16605e-12
7.27032e-12
7.22515e-12
6.98853e-12
6.51734e-12
5.77264e-12
4.72811e-12
3.38213e-12
1.77356e-12
-8.95102e-36
2.85673e-17
1.93159e-14
3.76886e-14
5.51862e-14
7.18503e-14
8.77205e-14
1.02835e-13
1.17229e-13
1.30937e-13
1.43991e-13
1.56424e-13
1.68264e-13
1.7954e-13
1.90279e-13
2.00506e-13
2.10245e-13
2.19521e-13
2.28354e-13
2.36766e-13
2.44778e-13
2.52407e-13
2.59673e-13
2.66593e-13
2.73183e-13
2.79459e-13
2.85436e-13
2.91128e-13
2.96549e-13
3.01712e-13
3.06629e-13
3.11311e-13
3.1577e-13
3.64872e-13
4.18864e-13
4.78227e-13
5.43487e-13
6.1522e-13
6.94052e-13
7.80668e-13
8.75809e-13
9.80279e-13
1.09495e-12
1.22074e-12
1.35866e-12
1.50976e-12
1.67514e-12
1.85595e-12
2.05337e-12
2.26854e-12
2.50258e-12
2.75649e-12
3.03109e-12
3.32691e-12
3.64404e-12
3.98194e-12
4.33921e-12
4.71325e-12
5.09991e-12
5.49294e-12
5.88345e-12
6.25925e-12
6.60407e-12
6.89685e-12
7.11114e-12
7.21474e-12
7.17006e-12
6.93541e-12
6.46796e-12
5.72905e-12
4.69252e-12
3.35674e-12
1.76027e-12
1.09525e-35
2.83387e-17
1.91613e-14
3.73871e-14
5.47447e-14
7.12755e-14
8.70187e-14
1.02012e-13
1.16291e-13
1.29889e-13
1.42839e-13
1.55173e-13
1.66918e-13
1.78104e-13
1.88757e-13
1.98902e-13
2.08563e-13
2.17764e-13
2.26527e-13
2.34872e-13
2.42819e-13
2.50388e-13
2.57596e-13
2.6446e-13
2.70998e-13
2.77223e-13
2.83153e-13
2.88799e-13
2.94177e-13
2.99298e-13
3.04175e-13
3.0882e-13
3.13244e-13
3.61953e-13
4.15513e-13
4.74401e-13
5.39139e-13
6.10298e-13
6.885e-13
7.74422e-13
8.68802e-13
9.72437e-13
1.08619e-12
1.21098e-12
1.34779e-12
1.49768e-12
1.66174e-12
1.84111e-12
2.03695e-12
2.2504e-12
2.48257e-12
2.73446e-12
3.00688e-12
3.30034e-12
3.61495e-12
3.95016e-12
4.3046e-12
4.67569e-12
5.05929e-12
5.44924e-12
5.8367e-12
6.20958e-12
6.55174e-12
6.8423e-12
7.05501e-12
7.15793e-12
7.11376e-12
6.88111e-12
6.41747e-12
5.68447e-12
4.65612e-12
3.33077e-12
1.74668e-12
3.17333e-35
2.80895e-17
1.89928e-14
3.70582e-14
5.42632e-14
7.06485e-14
8.62533e-14
1.01115e-13
1.15268e-13
1.28746e-13
1.41583e-13
1.53808e-13
1.6545e-13
1.76537e-13
1.87096e-13
1.97152e-13
2.06729e-13
2.15849e-13
2.24534e-13
2.32806e-13
2.40683e-13
2.48185e-13
2.5533e-13
2.62134e-13
2.68614e-13
2.74785e-13
2.80662e-13
2.86259e-13
2.91589e-13
2.96665e-13
3.015e-13
3.06104e-13
3.10489e-13
3.58769e-13
4.11858e-13
4.70228e-13
5.34397e-13
6.0493e-13
6.82444e-13
7.67611e-13
8.61161e-13
9.63884e-13
1.07663e-12
1.20033e-12
1.33594e-12
1.48451e-12
1.64713e-12
1.82493e-12
2.01904e-12
2.23062e-12
2.46076e-12
2.71044e-12
2.98047e-12
3.27136e-12
3.58322e-12
3.91551e-12
4.26686e-12
4.63472e-12
5.015e-12
5.40157e-12
5.7857e-12
6.15539e-12
6.49466e-12
6.7828e-12
6.99379e-12
7.09596e-12
7.05233e-12
6.82186e-12
6.36239e-12
5.63584e-12
4.6164e-12
3.30244e-12
1.73185e-12
3.46096e-35
2.78178e-17
1.88091e-14
3.66998e-14
5.37384e-14
6.99653e-14
8.54192e-14
1.00137e-13
1.14153e-13
1.27501e-13
1.40214e-13
1.5232e-13
1.6385e-13
1.7483e-13
1.85287e-13
1.95246e-13
2.04729e-13
2.13761e-13
2.22363e-13
2.30555e-13
2.38356e-13
2.45785e-13
2.52861e-13
2.59599e-13
2.66016e-13
2.72128e-13
2.77948e-13
2.83491e-13
2.88769e-13
2.93797e-13
2.98584e-13
3.03144e-13
3.07486e-13
3.553e-13
4.07875e-13
4.65681e-13
5.29229e-13
5.9908e-13
6.75845e-13
7.60188e-13
8.52834e-13
9.54565e-13
1.06622e-12
1.18872e-12
1.32303e-12
1.47016e-12
1.63121e-12
1.80729e-12
1.99953e-12
2.20907e-12
2.43698e-12
2.68426e-12
2.95168e-12
3.23978e-12
3.54864e-12
3.87774e-12
4.22572e-12
4.59007e-12
4.96672e-12
5.34962e-12
5.73012e-12
6.09634e-12
6.43245e-12
6.71795e-12
6.92705e-12
7.02842e-12
6.98538e-12
6.75728e-12
6.30234e-12
5.58281e-12
4.5731e-12
3.27154e-12
1.71567e-12
3.77144e-35
2.75221e-17
1.86091e-14
3.63097e-14
5.31671e-14
6.92215e-14
8.45111e-14
9.90722e-14
1.12939e-13
1.26146e-13
1.38723e-13
1.50701e-13
1.62108e-13
1.72972e-13
1.83317e-13
1.9317e-13
2.02553e-13
2.11489e-13
2.19999e-13
2.28104e-13
2.35822e-13
2.43173e-13
2.50173e-13
2.56839e-13
2.63188e-13
2.69235e-13
2.74993e-13
2.80477e-13
2.857e-13
2.90673e-13
2.9541e-13
2.99921e-13
3.04217e-13
3.51523e-13
4.03539e-13
4.60731e-13
5.23603e-13
5.92712e-13
6.6866e-13
7.52108e-13
8.43769e-13
9.44418e-13
1.05489e-12
1.17609e-12
1.30896e-12
1.45454e-12
1.61388e-12
1.78809e-12
1.97829e-12
2.1856e-12
2.4111e-12
2.65575e-12
2.92035e-12
3.2054e-12
3.511e-12
3.83662e-12
4.18094e-12
4.54146e-12
4.91416e-12
5.29307e-12
5.66961e-12
6.03205e-12
6.36471e-12
6.64733e-12
6.85439e-12
6.95486e-12
6.91246e-12
6.68694e-12
6.23694e-12
5.52506e-12
4.52593e-12
3.23788e-12
1.69806e-12
2.31139e-35
2.74697e-17
1.85737e-14
3.62405e-14
5.30658e-14
6.90896e-14
8.43501e-14
9.88834e-14
1.12724e-13
1.25906e-13
1.38459e-13
1.50414e-13
1.61799e-13
1.72642e-13
1.82968e-13
1.92802e-13
2.02167e-13
2.11086e-13
2.1958e-13
2.27669e-13
2.35373e-13
2.42709e-13
2.49696e-13
2.5635e-13
2.62687e-13
2.68722e-13
2.74469e-13
2.79943e-13
2.85155e-13
2.9012e-13
2.94847e-13
2.9935e-13
3.03638e-13
3.50853e-13
4.02771e-13
4.59853e-13
5.22606e-13
5.91582e-13
6.67387e-13
7.50675e-13
8.42161e-13
9.42619e-13
1.05288e-12
1.17385e-12
1.30647e-12
1.45177e-12
1.6108e-12
1.78468e-12
1.97452e-12
2.18144e-12
2.40651e-12
2.6507e-12
2.91479e-12
3.1993e-12
3.50432e-12
3.82933e-12
4.173e-12
4.53284e-12
4.90484e-12
5.28304e-12
5.65888e-12
6.02064e-12
6.3527e-12
6.6348e-12
6.8415e-12
6.94181e-12
6.89953e-12
6.67447e-12
6.22534e-12
5.51481e-12
4.51757e-12
3.23191e-12
1.69493e-12
2.14199e-35
2.72005e-17
1.83917e-14
3.58854e-14
5.25458e-14
6.84126e-14
8.35235e-14
9.79144e-14
1.1162e-13
1.24672e-13
1.37102e-13
1.4894e-13
1.60214e-13
1.7095e-13
1.81175e-13
1.90913e-13
2.00186e-13
2.09018e-13
2.17428e-13
2.25438e-13
2.33066e-13
2.40331e-13
2.47249e-13
2.53838e-13
2.60113e-13
2.66089e-13
2.7178e-13
2.77199e-13
2.82361e-13
2.87277e-13
2.91958e-13
2.96416e-13
3.00662e-13
3.47415e-13
3.98824e-13
4.55347e-13
5.17485e-13
5.85786e-13
6.60847e-13
7.4332e-13
8.3391e-13
9.33384e-13
1.04257e-12
1.16235e-12
1.29367e-12
1.43755e-12
1.59503e-12
1.7672e-12
1.95518e-12
2.16008e-12
2.38295e-12
2.62476e-12
2.88627e-12
3.16801e-12
3.47005e-12
3.7919e-12
4.13223e-12
4.48858e-12
4.857e-12
5.23155e-12
5.60379e-12
5.96211e-12
6.29103e-12
6.57051e-12
6.77533e-12
6.87483e-12
6.83312e-12
6.61041e-12
6.16578e-12
5.46221e-12
4.4746e-12
3.20126e-12
1.67889e-12
4.11789e-35
2.68511e-17
1.81554e-14
3.54244e-14
5.18709e-14
6.75339e-14
8.24507e-14
9.66568e-14
1.10186e-13
1.2307e-13
1.35341e-13
1.47027e-13
1.58156e-13
1.68754e-13
1.78848e-13
1.8846e-13
1.97615e-13
2.06333e-13
2.14636e-13
2.22542e-13
2.30073e-13
2.37244e-13
2.44074e-13
2.50578e-13
2.56772e-13
2.62671e-13
2.68289e-13
2.73639e-13
2.78734e-13
2.83587e-13
2.88208e-13
2.92609e-13
2.968e-13
3.42953e-13
3.93701e-13
4.49498e-13
5.10838e-13
5.78262e-13
6.52359e-13
7.33773e-13
8.232e-13
9.21396e-13
1.02918e-12
1.14742e-12
1.27706e-12
1.41909e-12
1.57455e-12
1.74451e-12
1.93009e-12
2.13236e-12
2.35237e-12
2.59108e-12
2.84925e-12
3.12738e-12
3.42557e-12
3.74332e-12
4.07932e-12
4.43114e-12
4.79489e-12
5.16471e-12
5.53227e-12
5.88612e-12
6.21097e-12
6.48704e-12
6.68943e-12
6.78787e-12
6.74691e-12
6.52724e-12
6.08843e-12
5.39389e-12
4.41881e-12
3.16144e-12
1.65804e-12
4.85083e-35
2.6472e-17
1.78991e-14
3.49243e-14
5.11386e-14
6.65805e-14
8.12867e-14
9.52922e-14
1.0863e-13
1.21333e-13
1.3343e-13
1.44951e-13
1.55923e-13
1.66372e-13
1.76323e-13
1.858e-13
1.94825e-13
2.0342e-13
2.11605e-13
2.19401e-13
2.26825e-13
2.33895e-13
2.40628e-13
2.4704e-13
2.53147e-13
2.58963e-13
2.64501e-13
2.69776e-13
2.74799e-13
2.79583e-13
2.84139e-13
2.88478e-13
2.9261e-13
3.38111e-13
3.88143e-13
4.43152e-13
5.03627e-13
5.70099e-13
6.4315e-13
7.23415e-13
8.11579e-13
9.0839e-13
1.01465e-12
1.13123e-12
1.25904e-12
1.39906e-12
1.55233e-12
1.7199e-12
1.90286e-12
2.10228e-12
2.3192e-12
2.55454e-12
2.80908e-12
3.08331e-12
3.37731e-12
3.69061e-12
4.0219e-12
4.36882e-12
4.7275e-12
5.09219e-12
5.45467e-12
5.80366e-12
6.12408e-12
6.39645e-12
6.5962e-12
6.69348e-12
6.65333e-12
6.43696e-12
6.00446e-12
5.31973e-12
4.35822e-12
3.11821e-12
1.63541e-12
5.26294e-35
2.60613e-17
1.76214e-14
3.43825e-14
5.03452e-14
6.55475e-14
8.00255e-14
9.38137e-14
1.06945e-13
1.19451e-13
1.3136e-13
1.42702e-13
1.53504e-13
1.63791e-13
1.73587e-13
1.82917e-13
1.91802e-13
2.00264e-13
2.08322e-13
2.15997e-13
2.23305e-13
2.30266e-13
2.36894e-13
2.43207e-13
2.49219e-13
2.54945e-13
2.60397e-13
2.6559e-13
2.70536e-13
2.75245e-13
2.79731e-13
2.84002e-13
2.88071e-13
3.32865e-13
3.82121e-13
4.36277e-13
4.95813e-13
5.61254e-13
6.33172e-13
7.12192e-13
7.98989e-13
8.94298e-13
9.98911e-13
1.11368e-12
1.23951e-12
1.37736e-12
1.52825e-12
1.69323e-12
1.87335e-12
2.06968e-12
2.28325e-12
2.51495e-12
2.76556e-12
3.03555e-12
3.32502e-12
3.63349e-12
3.95969e-12
4.30128e-12
4.65447e-12
5.0136e-12
5.37057e-12
5.71429e-12
6.02992e-12
6.29826e-12
6.49515e-12
6.59117e-12
6.55188e-12
6.33908e-12
5.91342e-12
5.23931e-12
4.29253e-12
3.07132e-12
1.61086e-12
5.70218e-35
2.56169e-17
1.7321e-14
3.37963e-14
4.94868e-14
6.44299e-14
7.86611e-14
9.22142e-14
1.05122e-13
1.17414e-13
1.29121e-13
1.40269e-13
1.50887e-13
1.60998e-13
1.70628e-13
1.79798e-13
1.88532e-13
1.96849e-13
2.0477e-13
2.12314e-13
2.19498e-13
2.2634e-13
2.32855e-13
2.39061e-13
2.4497e-13
2.50598e-13
2.55958e-13
2.61062e-13
2.65923e-13
2.70553e-13
2.74961e-13
2.7916e-13
2.83159e-13
3.2719e-13
3.75606e-13
4.28839e-13
4.8736e-13
5.51685e-13
6.22378e-13
7.0005e-13
7.85368e-13
8.79053e-13
9.81883e-13
1.09469e-12
1.21838e-12
1.35389e-12
1.50221e-12
1.66437e-12
1.84143e-12
2.03442e-12
2.24435e-12
2.47212e-12
2.71847e-12
2.98388e-12
3.26844e-12
3.57169e-12
3.89238e-12
4.2282e-12
4.57545e-12
4.92856e-12
5.27958e-12
5.61759e-12
5.92803e-12
6.19201e-12
6.38579e-12
6.48043e-12
6.44208e-12
6.23312e-12
5.81487e-12
5.15224e-12
4.2214e-12
3.02055e-12
1.58428e-12
6.16871e-35
2.5137e-17
1.69965e-14
3.31631e-14
4.85597e-14
6.32228e-14
7.71874e-14
9.04866e-14
1.03152e-13
1.15214e-13
1.26701e-13
1.37641e-13
1.4806e-13
1.57982e-13
1.67431e-13
1.7643e-13
1.85e-13
1.93162e-13
2.00934e-13
2.08336e-13
2.15386e-13
2.22099e-13
2.28493e-13
2.34582e-13
2.40381e-13
2.45903e-13
2.51163e-13
2.56171e-13
2.60941e-13
2.65484e-13
2.6981e-13
2.7393e-13
2.77854e-13
3.21061e-13
3.6857e-13
4.20805e-13
4.7823e-13
5.4135e-13
6.10718e-13
6.86936e-13
7.70656e-13
8.62586e-13
9.6349e-13
1.07419e-12
1.19556e-12
1.32853e-12
1.47407e-12
1.6332e-12
1.80695e-12
1.99634e-12
2.20234e-12
2.42586e-12
2.66761e-12
2.92807e-12
3.20733e-12
3.50493e-12
3.81967e-12
4.14927e-12
4.4901e-12
4.83669e-12
5.18127e-12
5.51312e-12
5.81794e-12
6.07721e-12
6.26762e-12
6.36077e-12
6.32341e-12
6.11861e-12
5.70834e-12
5.05813e-12
4.1445e-12
2.96566e-12
1.55554e-12
6.66227e-35
2.46196e-17
1.66466e-14
3.24805e-14
4.75601e-14
6.19215e-14
7.55986e-14
8.86241e-14
1.01029e-13
1.12843e-13
1.24094e-13
1.34808e-13
1.45012e-13
1.5473e-13
1.63985e-13
1.72798e-13
1.81192e-13
1.89186e-13
1.96798e-13
2.04048e-13
2.10953e-13
2.17528e-13
2.2379e-13
2.29753e-13
2.35433e-13
2.40842e-13
2.45993e-13
2.50898e-13
2.5557e-13
2.60019e-13
2.64257e-13
2.68292e-13
2.72135e-13
3.14452e-13
3.60983e-13
4.12144e-13
4.68386e-13
5.30208e-13
5.98148e-13
6.72797e-13
7.54795e-13
8.44833e-13
9.43662e-13
1.05208e-12
1.17096e-12
1.30119e-12
1.44374e-12
1.5996e-12
1.76978e-12
1.95527e-12
2.15705e-12
2.37598e-12
2.61277e-12
2.86789e-12
3.14144e-12
3.43296e-12
3.74127e-12
4.06415e-12
4.39806e-12
4.73764e-12
5.07526e-12
5.40045e-12
5.69921e-12
5.9534e-12
6.14017e-12
6.2317e-12
6.1954e-12
5.99507e-12
5.5934e-12
4.95657e-12
4.06151e-12
2.90642e-12
1.52452e-12
7.1821e-35
2.40629e-17
1.62702e-14
3.1746e-14
4.64847e-14
6.05212e-14
7.38891e-14
8.66201e-14
9.87444e-14
1.10291e-13
1.21287e-13
1.3176e-13
1.41733e-13
1.51231e-13
1.60277e-13
1.68891e-13
1.77095e-13
1.84908e-13
1.92348e-13
1.99434e-13
2.06182e-13
2.12609e-13
2.18729e-13
2.24558e-13
2.30109e-13
2.35396e-13
2.4043e-13
2.45225e-13
2.49791e-13
2.5414e-13
2.58281e-13
2.62225e-13
2.65981e-13
3.07342e-13
3.52821e-13
4.02824e-13
4.57795e-13
5.18219e-13
5.84623e-13
6.57585e-13
7.37728e-13
8.25732e-13
9.22326e-13
1.0283e-12
1.14448e-12
1.27178e-12
1.41111e-12
1.56345e-12
1.72978e-12
1.91109e-12
2.10831e-12
2.32231e-12
2.55376e-12
2.80314e-12
3.07054e-12
3.35551e-12
3.6569e-12
3.97256e-12
4.29901e-12
4.63103e-12
4.96118e-12
5.2792e-12
5.57143e-12
5.82012e-12
6.00297e-12
6.09274e-12
6.05757e-12
5.86204e-12
5.46962e-12
4.84718e-12
3.97212e-12
2.8426e-12
1.4911e-12
7.72683e-35
2.34652e-17
1.58661e-14
3.09575e-14
4.53301e-14
5.9018e-14
7.20538e-14
8.44685e-14
9.62917e-14
1.07552e-13
1.18275e-13
1.28487e-13
1.38213e-13
1.47475e-13
1.56296e-13
1.64696e-13
1.72696e-13
1.80315e-13
1.87571e-13
1.9448e-13
2.01061e-13
2.07328e-13
2.13296e-13
2.1898e-13
2.24394e-13
2.29549e-13
2.34458e-13
2.39134e-13
2.43587e-13
2.47827e-13
2.51866e-13
2.55712e-13
2.59375e-13
2.99708e-13
3.44057e-13
3.92819e-13
4.46425e-13
5.05348e-13
5.70103e-13
6.41252e-13
7.19406e-13
8.05224e-13
8.9942e-13
1.00276e-12
1.11606e-12
1.2402e-12
1.37607e-12
1.52463e-12
1.68684e-12
1.86365e-12
2.05599e-12
2.26468e-12
2.49041e-12
2.73362e-12
2.99441e-12
3.27235e-12
3.56632e-12
3.87422e-12
4.19266e-12
4.51656e-12
4.83866e-12
5.14898e-12
5.43418e-12
5.67698e-12
5.85559e-12
5.94346e-12
5.9095e-12
5.7191e-12
5.3366e-12
4.72962e-12
3.87603e-12
2.77399e-12
1.45517e-12
8.29439e-35
2.2825e-17
1.54332e-14
3.01129e-14
4.40934e-14
5.74079e-14
7.00881e-14
8.21642e-14
9.36648e-14
1.04617e-13
1.15048e-13
1.24982e-13
1.34442e-13
1.43452e-13
1.52032e-13
1.60203e-13
1.67985e-13
1.75396e-13
1.82453e-13
1.89175e-13
1.95576e-13
2.01672e-13
2.07478e-13
2.13007e-13
2.18272e-13
2.23287e-13
2.28062e-13
2.3261e-13
2.36942e-13
2.41066e-13
2.44995e-13
2.48736e-13
2.52299e-13
2.91532e-13
3.34671e-13
3.82103e-13
4.34246e-13
4.91562e-13
5.54551e-13
6.2376e-13
6.99782e-13
7.8326e-13
8.74887e-13
9.7541e-13
1.08562e-12
1.20637e-12
1.33855e-12
1.48306e-12
1.64085e-12
1.81285e-12
1.99995e-12
2.20296e-12
2.42256e-12
2.65916e-12
2.91287e-12
3.18328e-12
3.46929e-12
3.76887e-12
4.07873e-12
4.39392e-12
4.70741e-12
5.00946e-12
5.28713e-12
5.52359e-12
5.69765e-12
5.78348e-12
5.75078e-12
5.56587e-12
5.194e-12
4.60357e-12
3.77299e-12
2.70041e-12
1.41664e-12
8.88184e-35
2.21412e-17
1.49709e-14
2.92108e-14
4.27725e-14
5.56881e-14
6.79884e-14
7.97027e-14
9.08588e-14
1.01483e-13
1.11602e-13
1.21238e-13
1.30415e-13
1.39154e-13
1.47477e-13
1.55404e-13
1.62952e-13
1.70141e-13
1.76988e-13
1.83508e-13
1.89717e-13
1.9563e-13
2.01262e-13
2.06625e-13
2.11733e-13
2.16597e-13
2.2123e-13
2.25642e-13
2.29843e-13
2.33845e-13
2.37655e-13
2.41284e-13
2.44741e-13
2.82798e-13
3.24645e-13
3.70656e-13
4.21238e-13
4.76836e-13
5.37939e-13
6.05075e-13
6.7882e-13
7.59797e-13
8.48681e-13
9.46194e-13
1.05311e-12
1.17024e-12
1.29846e-12
1.43865e-12
1.59172e-12
1.75857e-12
1.94008e-12
2.13703e-12
2.35007e-12
2.57961e-12
2.82576e-12
3.08812e-12
3.36563e-12
3.65632e-12
3.957e-12
4.26289e-12
4.56716e-12
4.86038e-12
5.12999e-12
5.35966e-12
5.52885e-12
5.61246e-12
5.58111e-12
5.40204e-12
5.0415e-12
4.46876e-12
3.66278e-12
2.6217e-12
1.37541e-12
9.48527e-35
2.14129e-17
1.44784e-14
2.82499e-14
4.13655e-14
5.38563e-14
6.5752e-14
7.70809e-14
8.78701e-14
9.81451e-14
1.07931e-13
1.1725e-13
1.26125e-13
1.34577e-13
1.42626e-13
1.50292e-13
1.57592e-13
1.64545e-13
1.71166e-13
1.77471e-13
1.83476e-13
1.89195e-13
1.94642e-13
1.99829e-13
2.04768e-13
2.09473e-13
2.13953e-13
2.18219e-13
2.22283e-13
2.26153e-13
2.29838e-13
2.33348e-13
2.3669e-13
2.73496e-13
3.13967e-13
3.58464e-13
4.07382e-13
4.61152e-13
5.20245e-13
5.85173e-13
6.56493e-13
7.34808e-13
8.20769e-13
9.15075e-13
1.01847e-12
1.13176e-12
1.25576e-12
1.39134e-12
1.53939e-12
1.70076e-12
1.87631e-12
2.0668e-12
2.27285e-12
2.49488e-12
2.73297e-12
2.98675e-12
3.2552e-12
3.53642e-12
3.82732e-12
4.1233e-12
4.41773e-12
4.70153e-12
4.96253e-12
5.18497e-12
5.34894e-12
5.43018e-12
5.40022e-12
5.22737e-12
4.87888e-12
4.32498e-12
3.54522e-12
2.53773e-12
1.33143e-12
1.00997e-34
2.06397e-17
1.39556e-14
2.72298e-14
3.98717e-14
5.19115e-14
6.33776e-14
7.42974e-14
8.4697e-14
9.4601e-14
1.04033e-13
1.13016e-13
1.2157e-13
1.29717e-13
1.37476e-13
1.44865e-13
1.51901e-13
1.58603e-13
1.64985e-13
1.71063e-13
1.76851e-13
1.82363e-13
1.87613e-13
1.92613e-13
1.97374e-13
2.01908e-13
2.06227e-13
2.10339e-13
2.14256e-13
2.17986e-13
2.21538e-13
2.24921e-13
2.28143e-13
2.6362e-13
3.02629e-13
3.4552e-13
3.92671e-13
4.445e-13
5.01459e-13
5.64043e-13
6.32788e-13
7.08276e-13
7.91134e-13
8.82037e-13
9.81704e-13
1.0909e-12
1.21043e-12
1.34112e-12
1.48383e-12
1.63938e-12
1.80861e-12
1.99224e-12
2.19087e-12
2.40491e-12
2.63444e-12
2.87911e-12
3.13794e-12
3.40909e-12
3.68961e-12
3.97505e-12
4.25903e-12
4.53281e-12
4.78466e-12
4.99939e-12
5.1578e-12
5.23649e-12
5.208e-12
5.04172e-12
4.70602e-12
4.17212e-12
3.42021e-12
2.44843e-12
1.28464e-12
1.07187e-34
1.98216e-17
1.34024e-14
2.61505e-14
3.82914e-14
4.98539e-14
6.08655e-14
7.13525e-14
8.13399e-14
9.08513e-14
9.99095e-14
1.08536e-13
1.16752e-13
1.24576e-13
1.32027e-13
1.39123e-13
1.4588e-13
1.52316e-13
1.58445e-13
1.64282e-13
1.69841e-13
1.75135e-13
1.80177e-13
1.84978e-13
1.89551e-13
1.93905e-13
1.98053e-13
2.02002e-13
2.05764e-13
2.09346e-13
2.12757e-13
2.16006e-13
2.191e-13
2.53171e-13
2.90634e-13
3.31825e-13
3.77108e-13
4.26882e-13
4.81584e-13
5.41688e-13
6.07709e-13
6.80205e-13
7.5978e-13
8.47081e-13
9.42801e-13
1.04767e-12
1.16247e-12
1.28799e-12
1.42504e-12
1.57444e-12
1.73697e-12
1.91334e-12
2.10413e-12
2.30972e-12
2.53019e-12
2.76522e-12
3.01386e-12
3.27436e-12
3.54388e-12
3.81815e-12
4.09107e-12
4.35423e-12
4.59638e-12
4.80292e-12
4.95542e-12
5.0314e-12
5.00442e-12
4.84507e-12
4.52289e-12
4.01014e-12
3.28773e-12
2.35378e-12
1.23505e-12
1.13349e-34
1.89594e-17
1.28195e-14
2.5013e-14
3.66258e-14
4.76853e-14
5.8218e-14
6.82488e-14
7.78017e-14
8.68995e-14
9.55637e-14
1.03815e-13
1.11673e-13
1.19157e-13
1.26284e-13
1.33071e-13
1.39535e-13
1.45691e-13
1.51553e-13
1.57136e-13
1.62453e-13
1.67517e-13
1.72339e-13
1.76932e-13
1.81306e-13
1.85471e-13
1.89438e-13
1.93216e-13
1.96813e-13
2.0024e-13
2.03503e-13
2.06611e-13
2.0957e-13
2.42158e-13
2.77992e-13
3.17391e-13
3.60705e-13
4.08314e-13
4.60637e-13
5.18127e-13
5.81277e-13
6.50621e-13
7.26735e-13
8.10241e-13
9.01799e-13
1.00211e-12
1.11192e-12
1.23198e-12
1.36308e-12
1.506e-12
1.66147e-12
1.83019e-12
2.0127e-12
2.20938e-12
2.42031e-12
2.64517e-12
2.88306e-12
3.13233e-12
3.39024e-12
3.65274e-12
3.91398e-12
4.16593e-12
4.39783e-12
4.59572e-12
4.74197e-12
4.81504e-12
4.78964e-12
4.63756e-12
4.32961e-12
3.83917e-12
3.14785e-12
2.25383e-12
1.18268e-12
1.19391e-34
1.80545e-17
1.22076e-14
2.38192e-14
3.48777e-14
4.54095e-14
5.54394e-14
6.49916e-14
7.40885e-14
8.27521e-14
9.10027e-14
9.88603e-14
1.06343e-13
1.1347e-13
1.20257e-13
1.2672e-13
1.32875e-13
1.38738e-13
1.4432e-13
1.49637e-13
1.547e-13
1.59522e-13
1.64114e-13
1.68488e-13
1.72653e-13
1.76619e-13
1.80397e-13
1.83994e-13
1.8742e-13
1.90683e-13
1.93791e-13
1.9675e-13
1.99568e-13
2.30601e-13
2.64725e-13
3.02244e-13
3.4349e-13
3.88828e-13
4.38654e-13
4.934e-13
5.53536e-13
6.19572e-13
6.92055e-13
7.71577e-13
8.58768e-13
9.54297e-13
1.05887e-12
1.17321e-12
1.29806e-12
1.43416e-12
1.58223e-12
1.74291e-12
1.91674e-12
2.10406e-12
2.30497e-12
2.51915e-12
2.74577e-12
2.98323e-12
3.22896e-12
3.47908e-12
3.72805e-12
3.96822e-12
4.18934e-12
4.37812e-12
4.51777e-12
4.58776e-12
4.56397e-12
4.4195e-12
4.12646e-12
3.65942e-12
3.00079e-12
2.14872e-12
1.1276e-12
1.25207e-34
1.71093e-17
1.15685e-14
2.25722e-14
3.30517e-14
4.3032e-14
5.25369e-14
6.15889e-14
7.02096e-14
7.84196e-14
8.62383e-14
9.36844e-14
1.00776e-13
1.07529e-13
1.13961e-13
1.20086e-13
1.25919e-13
1.31474e-13
1.36764e-13
1.41803e-13
1.46601e-13
1.5117e-13
1.55522e-13
1.59667e-13
1.63614e-13
1.67372e-13
1.70952e-13
1.74361e-13
1.77608e-13
1.807e-13
1.83645e-13
1.86449e-13
1.8912e-13
2.18528e-13
2.50866e-13
2.8642e-13
3.25507e-13
3.68471e-13
4.15689e-13
4.6757e-13
5.24558e-13
5.87137e-13
6.55827e-13
7.31187e-13
8.13815e-13
9.04346e-13
1.00344e-12
1.1118e-12
1.23013e-12
1.35912e-12
1.49945e-12
1.65173e-12
1.81648e-12
1.99403e-12
2.18446e-12
2.38749e-12
2.60232e-12
2.82744e-12
3.06043e-12
3.29761e-12
3.53374e-12
3.76157e-12
3.9714e-12
4.15064e-12
4.28336e-12
4.35009e-12
4.32795e-12
4.19138e-12
3.91391e-12
3.47132e-12
2.84685e-12
2.03869e-12
1.06993e-12
1.30678e-34
1.61268e-17
1.09042e-14
2.12761e-14
3.11539e-14
4.05611e-14
4.95202e-14
5.80524e-14
6.61782e-14
7.39167e-14
8.12864e-14
8.8305e-14
9.49891e-14
1.01355e-13
1.07417e-13
1.1319e-13
1.18688e-13
1.23925e-13
1.28911e-13
1.3366e-13
1.38183e-13
1.4249e-13
1.46592e-13
1.50499e-13
1.54219e-13
1.57762e-13
1.61136e-13
1.64349e-13
1.6741e-13
1.70324e-13
1.731e-13
1.75743e-13
1.78261e-13
2.0598e-13
2.36461e-13
2.69974e-13
3.06817e-13
3.47314e-13
3.91821e-13
4.40723e-13
4.9444e-13
5.53426e-13
6.18173e-13
6.89208e-13
7.67094e-13
8.52429e-13
9.45842e-13
1.04798e-12
1.15952e-12
1.28111e-12
1.4134e-12
1.55696e-12
1.71227e-12
1.87966e-12
2.0592e-12
2.25063e-12
2.45319e-12
2.66548e-12
2.88521e-12
3.10893e-12
3.33169e-12
3.54668e-12
3.74475e-12
3.91403e-12
4.0395e-12
4.1028e-12
4.08233e-12
3.95395e-12
3.69263e-12
3.27545e-12
2.68652e-12
1.92406e-12
1.00984e-12
1.35667e-34
1.51115e-17
1.02177e-14
1.99365e-14
2.91923e-14
3.80073e-14
4.64023e-14
5.43973e-14
6.20114e-14
6.92627e-14
7.61685e-14
8.27452e-14
8.90085e-14
9.49732e-14
1.00654e-13
1.06064e-13
1.11216e-13
1.16122e-13
1.20795e-13
1.25245e-13
1.29483e-13
1.33519e-13
1.37362e-13
1.41023e-13
1.44509e-13
1.47829e-13
1.50991e-13
1.54002e-13
1.56869e-13
1.596e-13
1.62201e-13
1.64678e-13
1.67037e-13
1.93012e-13
2.21573e-13
2.52976e-13
2.875e-13
3.25447e-13
3.67152e-13
4.12976e-13
4.63311e-13
5.18585e-13
5.79256e-13
6.4582e-13
7.18804e-13
7.9877e-13
8.86305e-13
9.82022e-13
1.08654e-12
1.20049e-12
1.32446e-12
1.459e-12
1.60456e-12
1.76144e-12
1.92972e-12
2.10915e-12
2.29903e-12
2.49805e-12
2.70406e-12
2.91384e-12
3.12277e-12
3.32445e-12
3.51033e-12
3.66927e-12
3.78722e-12
3.84693e-12
3.82814e-12
3.70818e-12
3.46352e-12
3.07261e-12
2.52045e-12
1.80531e-12
9.47586e-13
1.40028e-34
1.40684e-17
9.51243e-15
1.85604e-14
2.71774e-14
3.53839e-14
4.31995e-14
5.06427e-14
5.77312e-14
6.4482e-14
7.09111e-14
7.70339e-14
8.28649e-14
8.84179e-14
9.37064e-14
9.87428e-14
1.03539e-13
1.08107e-13
1.12457e-13
1.166e-13
1.20546e-13
1.24303e-13
1.27881e-13
1.31289e-13
1.34535e-13
1.37625e-13
1.40569e-13
1.43372e-13
1.46042e-13
1.48584e-13
1.51006e-13
1.53312e-13
1.55508e-13
1.7969e-13
2.0628e-13
2.35515e-13
2.67656e-13
3.02985e-13
3.41811e-13
3.84472e-13
4.31334e-13
4.82793e-13
5.39278e-13
6.01249e-13
6.69198e-13
7.43647e-13
8.25145e-13
9.14261e-13
1.01157e-12
1.11767e-12
1.23309e-12
1.35837e-12
1.4939e-12
1.63998e-12
1.79669e-12
1.96378e-12
2.14063e-12
2.326e-12
2.51791e-12
2.71336e-12
2.90804e-12
3.09603e-12
3.26935e-12
3.41764e-12
3.5278e-12
3.58378e-12
3.56666e-12
3.45531e-12
3.22774e-12
2.86381e-12
2.34946e-12
1.68302e-12
8.83465e-13
1.43604e-34
1.30041e-17
8.79281e-15
1.71563e-14
2.51214e-14
3.27071e-14
3.99314e-14
4.68116e-14
5.33639e-14
5.9604e-14
6.55467e-14
7.12063e-14
7.65961e-14
8.17291e-14
8.66175e-14
9.12729e-14
9.57065e-14
9.99288e-14
1.0395e-13
1.07779e-13
1.11426e-13
1.14899e-13
1.18207e-13
1.21357e-13
1.24357e-13
1.27214e-13
1.29935e-13
1.32526e-13
1.34994e-13
1.37344e-13
1.39582e-13
1.41714e-13
1.43744e-13
1.66096e-13
1.90675e-13
2.17699e-13
2.47408e-13
2.80065e-13
3.15954e-13
3.55388e-13
3.98706e-13
4.46273e-13
4.98486e-13
5.5577e-13
6.18581e-13
6.87401e-13
7.62737e-13
8.45116e-13
9.35075e-13
1.03315e-12
1.13986e-12
1.25567e-12
1.38097e-12
1.51603e-12
1.66092e-12
1.81543e-12
1.97896e-12
2.15039e-12
2.3279e-12
2.5087e-12
2.68883e-12
2.86281e-12
3.02328e-12
3.16066e-12
3.26282e-12
3.31493e-12
3.29948e-12
3.19686e-12
2.9867e-12
2.6503e-12
2.17458e-12
1.55792e-12
8.1786e-13
1.46231e-34
1.19261e-17
8.06391e-15
1.57341e-14
2.30389e-14
2.99958e-14
3.66213e-14
4.2931e-14
4.89402e-14
5.4663e-14
6.01131e-14
6.53035e-14
7.02466e-14
7.4954e-14
7.94372e-14
8.37067e-14
8.77728e-14
9.1645e-14
9.53328e-14
9.88448e-14
1.02189e-13
1.05375e-13
1.08408e-13
1.11297e-13
1.14048e-13
1.16668e-13
1.19164e-13
1.2154e-13
1.23803e-13
1.25959e-13
1.28011e-13
1.29966e-13
1.31828e-13
1.52327e-13
1.74869e-13
1.99653e-13
2.26899e-13
2.56849e-13
2.89764e-13
3.25929e-13
3.65656e-13
4.09281e-13
4.57167e-13
5.09704e-13
5.6731e-13
6.30427e-13
6.99522e-13
7.75077e-13
8.57585e-13
9.47539e-13
1.04541e-12
1.15164e-12
1.26658e-12
1.39047e-12
1.52338e-12
1.66513e-12
1.81517e-12
1.97247e-12
2.13536e-12
2.30131e-12
2.46667e-12
2.62643e-12
2.77384e-12
2.90012e-12
2.99414e-12
3.04227e-12
3.02844e-12
2.93463e-12
2.74208e-12
2.43356e-12
1.997e-12
1.43086e-12
7.51222e-13
1.47748e-34
1.0843e-17
7.33154e-15
1.43051e-14
2.09465e-14
2.72716e-14
3.32953e-14
3.9032e-14
4.44954e-14
4.96984e-14
5.46536e-14
5.93726e-14
6.38667e-14
6.81467e-14
7.22227e-14
7.61044e-14
7.98012e-14
8.33218e-14
8.66746e-14
8.98676e-14
9.29085e-14
9.58045e-14
9.85625e-14
1.01189e-13
1.0369e-13
1.06073e-13
1.08341e-13
1.10502e-13
1.12559e-13
1.14519e-13
1.16385e-13
1.18163e-13
1.19855e-13
1.38493e-13
1.58987e-13
1.8152e-13
2.06293e-13
2.33522e-13
2.63448e-13
2.96329e-13
3.32449e-13
3.72112e-13
4.1565e-13
4.63417e-13
5.15793e-13
5.7318e-13
6.36003e-13
7.047e-13
7.79722e-13
8.61514e-13
9.5051e-13
1.0471e-12
1.15162e-12
1.26429e-12
1.38516e-12
1.51408e-12
1.65055e-12
1.79364e-12
1.94184e-12
2.09283e-12
2.24333e-12
2.38877e-12
2.52302e-12
2.63809e-12
2.72387e-12
2.76796e-12
2.7557e-12
2.67068e-12
2.49579e-12
2.21529e-12
1.81814e-12
1.30285e-12
6.84072e-13
1.47998e-34
9.76422e-18
6.60213e-15
1.28819e-14
1.88626e-14
2.45583e-14
2.99828e-14
3.51487e-14
4.00686e-14
4.4754e-14
4.92161e-14
5.34657e-14
5.75127e-14
6.13668e-14
6.50373e-14
6.85329e-14
7.18619e-14
7.50322e-14
7.80514e-14
8.09268e-14
8.36652e-14
8.6273e-14
8.87566e-14
9.11218e-14
9.33744e-14
9.55196e-14
9.75625e-14
9.95081e-14
1.01361e-13
1.03126e-13
1.04806e-13
1.06407e-13
1.07931e-13
1.24715e-13
1.4317e-13
1.63461e-13
1.85769e-13
2.1029e-13
2.37238e-13
2.66849e-13
2.99375e-13
3.35093e-13
3.743e-13
4.17316e-13
4.64483e-13
5.16163e-13
5.72739e-13
6.34606e-13
7.02169e-13
7.75831e-13
8.55983e-13
9.4298e-13
1.03712e-12
1.1386e-12
1.24748e-12
1.36361e-12
1.48656e-12
1.61548e-12
1.74902e-12
1.8851e-12
2.02077e-12
2.15191e-12
2.27301e-12
2.37687e-12
2.4544e-12
2.49439e-12
2.48364e-12
2.40733e-12
2.25e-12
1.99741e-12
1.63953e-12
1.17501e-12
6.16999e-13
1.46842e-34
8.70012e-18
5.88263e-15
1.1478e-14
1.68069e-14
2.1882e-14
2.67153e-14
3.13182e-14
3.57019e-14
3.98767e-14
4.38526e-14
4.7639e-14
5.1245e-14
5.46791e-14
5.79496e-14
6.10642e-14
6.40304e-14
6.68552e-14
6.95455e-14
7.21075e-14
7.45474e-14
7.68711e-14
7.9084e-14
8.11914e-14
8.31985e-14
8.51099e-14
8.69302e-14
8.86638e-14
9.03148e-14
9.18871e-14
9.33846e-14
9.48106e-14
9.61687e-14
1.11123e-13
1.27567e-13
1.45648e-13
1.65524e-13
1.87373e-13
2.11385e-13
2.37769e-13
2.66751e-13
2.98577e-13
3.33512e-13
3.71841e-13
4.13869e-13
4.59919e-13
5.10332e-13
5.6546e-13
6.25665e-13
6.91307e-13
7.62733e-13
8.4026e-13
9.24155e-13
1.0146e-12
1.11164e-12
1.21515e-12
1.32475e-12
1.43968e-12
1.55875e-12
1.6801e-12
1.80111e-12
1.91811e-12
2.02619e-12
2.11896e-12
2.18828e-12
2.22417e-12
2.21486e-12
2.14709e-12
2.00705e-12
1.78198e-12
1.4629e-12
1.04855e-12
5.5064e-13
1.44166e-34
7.66144e-18
5.18032e-15
1.01077e-14
1.48004e-14
1.92696e-14
2.35258e-14
2.75793e-14
3.14396e-14
3.5116e-14
3.86172e-14
4.19515e-14
4.5127e-14
4.81511e-14
5.10312e-14
5.37739e-14
5.6386e-14
5.88736e-14
6.12426e-14
6.34988e-14
6.56474e-14
6.76937e-14
6.96424e-14
7.14983e-14
7.32657e-14
7.49489e-14
7.65519e-14
7.80786e-14
7.95324e-14
8.09171e-14
8.22357e-14
8.34915e-14
8.46875e-14
9.78567e-14
1.12338e-13
1.28259e-13
1.45763e-13
1.65004e-13
1.86149e-13
2.09383e-13
2.34905e-13
2.62932e-13
2.93697e-13
3.27451e-13
3.64463e-13
4.05017e-13
4.49414e-13
4.97964e-13
5.50985e-13
6.08796e-13
6.71702e-13
7.39985e-13
8.13878e-13
8.9354e-13
9.79022e-13
1.07021e-12
1.16676e-12
1.26803e-12
1.37294e-12
1.4799e-12
1.58657e-12
1.68973e-12
1.78508e-12
1.86696e-12
1.92822e-12
1.96006e-12
1.95208e-12
1.8926e-12
1.7694e-12
1.57121e-12
1.29005e-12
9.24759e-13
4.85674e-13
1.39891e-34
6.65907e-18
4.50257e-15
8.78529e-15
1.2864e-14
1.67485e-14
2.04479e-14
2.3971e-14
2.73263e-14
3.05216e-14
3.35648e-14
3.64629e-14
3.92229e-14
4.18514e-14
4.43546e-14
4.67386e-14
4.90089e-14
5.1171e-14
5.32301e-14
5.51911e-14
5.70586e-14
5.88371e-14
6.05309e-14
6.2144e-14
6.36802e-14
6.51432e-14
6.65365e-14
6.78634e-14
6.9127e-14
7.03305e-14
7.14766e-14
7.25681e-14
7.36076e-14
8.50539e-14
9.76403e-14
1.11479e-13
1.26693e-13
1.43416e-13
1.61795e-13
1.8199e-13
2.04173e-13
2.28534e-13
2.55274e-13
2.84613e-13
3.16783e-13
3.52033e-13
3.90623e-13
4.32824e-13
4.78913e-13
5.29165e-13
5.83847e-13
6.43205e-13
7.07442e-13
7.76698e-13
8.51017e-13
9.303e-13
1.01425e-12
1.10232e-12
1.19357e-12
1.2866e-12
1.37941e-12
1.46919e-12
1.5522e-12
1.62353e-12
1.67696e-12
1.70484e-12
1.6981e-12
1.64657e-12
1.5396e-12
1.36733e-12
1.1228e-12
8.04964e-13
4.22794e-13
1.33983e-34
5.7036e-18
3.85652e-15
7.52475e-15
1.10183e-14
1.43453e-14
1.75139e-14
2.05316e-14
2.34054e-14
2.61423e-14
2.87488e-14
3.12311e-14
3.35951e-14
3.58464e-14
3.79905e-14
4.00324e-14
4.19769e-14
4.38288e-14
4.55925e-14
4.72721e-14
4.88717e-14
5.0395e-14
5.18458e-14
5.32274e-14
5.45432e-14
5.57963e-14
5.69896e-14
5.81261e-14
5.92085e-14
6.02393e-14
6.1221e-14
6.21559e-14
6.30462e-14
7.28502e-14
8.36306e-14
9.54838e-14
1.08515e-13
1.22839e-13
1.38581e-13
1.55878e-13
1.74879e-13
1.95744e-13
2.18648e-13
2.43778e-13
2.71334e-13
3.01527e-13
3.34582e-13
3.7073e-13
4.10208e-13
4.53254e-13
5.00097e-13
5.50945e-13
6.05975e-13
6.65307e-13
7.28979e-13
7.96909e-13
8.68848e-13
9.44314e-13
1.02252e-12
1.10227e-12
1.18184e-12
1.25883e-12
1.33005e-12
1.39128e-12
1.4372e-12
1.46124e-12
1.45563e-12
1.41163e-12
1.3201e-12
1.17255e-12
9.62981e-13
6.90461e-13
3.62682e-13
1.26459e-34
4.8048e-18
3.2488e-15
6.33897e-15
9.28195e-15
1.20847e-14
1.4754e-14
1.72961e-14
1.97171e-14
2.20227e-14
2.42184e-14
2.63096e-14
2.8301e-14
3.01976e-14
3.20038e-14
3.37239e-14
3.5362e-14
3.69221e-14
3.84078e-14
3.98228e-14
4.11703e-14
4.24536e-14
4.36757e-14
4.48396e-14
4.5948e-14
4.70037e-14
4.8009e-14
4.89664e-14
4.98782e-14
5.07465e-14
5.15735e-14
5.23611e-14
5.31112e-14
6.13702e-14
7.04518e-14
8.04371e-14
9.14147e-14
1.03481e-13
1.16743e-13
1.31314e-13
1.47321e-13
1.64899e-13
1.84194e-13
2.05364e-13
2.28578e-13
2.54015e-13
2.81862e-13
3.12316e-13
3.45575e-13
3.81841e-13
4.21307e-13
4.64148e-13
5.10514e-13
5.60507e-13
6.14159e-13
6.71403e-13
7.32029e-13
7.95634e-13
8.61556e-13
9.28787e-13
9.9588e-13
1.06082e-12
1.12091e-12
1.1726e-12
1.2114e-12
1.23179e-12
1.2272e-12
1.19025e-12
1.11321e-12
9.88917e-13
8.12267e-13
5.82462e-13
3.05976e-13
1.17395e-34
3.97102e-18
2.68503e-15
5.23896e-15
7.67124e-15
9.98766e-15
1.21937e-14
1.42947e-14
1.62955e-14
1.82011e-14
2.00158e-14
2.1744e-14
2.33899e-14
2.49574e-14
2.64501e-14
2.78717e-14
2.92256e-14
3.0515e-14
3.17429e-14
3.29123e-14
3.4026e-14
3.50866e-14
3.60966e-14
3.70585e-14
3.79746e-14
3.88471e-14
3.96779e-14
4.04692e-14
4.12228e-14
4.19404e-14
4.26239e-14
4.32748e-14
4.38947e-14
5.07206e-14
5.82263e-14
6.64788e-14
7.55515e-14
8.55243e-14
9.64846e-14
1.08528e-13
1.21757e-13
1.36285e-13
1.52232e-13
1.69729e-13
1.88915e-13
2.09938e-13
2.32954e-13
2.58124e-13
2.85615e-13
3.1559e-13
3.4821e-13
3.83622e-13
4.21948e-13
4.63274e-13
5.07627e-13
5.54952e-13
6.05076e-13
6.57667e-13
7.1218e-13
7.67785e-13
8.23284e-13
8.77017e-13
9.26749e-13
9.69557e-13
1.00172e-12
1.01868e-12
1.01498e-12
9.84537e-13
9.20924e-13
8.182e-13
6.72123e-13
4.82016e-13
2.53229e-13
1.06919e-34
3.20852e-18
2.16946e-15
4.233e-15
6.19825e-15
8.06988e-15
9.85235e-15
1.15499e-14
1.31666e-14
1.47062e-14
1.61725e-14
1.75689e-14
1.88987e-14
2.01652e-14
2.13713e-14
2.252e-14
2.36139e-14
2.46557e-14
2.56478e-14
2.65927e-14
2.74925e-14
2.83494e-14
2.91655e-14
2.99428e-14
3.0683e-14
3.13879e-14
3.20592e-14
3.26985e-14
3.33074e-14
3.38873e-14
3.44395e-14
3.49654e-14
3.54663e-14
4.09815e-14
4.7046e-14
5.3714e-14
6.10446e-14
6.91025e-14
7.79583e-14
8.76891e-14
9.83782e-14
1.10117e-13
1.23002e-13
1.3714e-13
1.52642e-13
1.69629e-13
1.88226e-13
2.08565e-13
2.30778e-13
2.55e-13
2.81359e-13
3.09975e-13
3.40946e-13
3.74343e-13
4.10188e-13
4.48436e-13
4.8895e-13
5.31461e-13
5.7553e-13
6.20487e-13
6.65366e-13
7.08827e-13
7.49065e-13
7.83718e-13
8.09781e-13
8.23555e-13
8.2065e-13
7.96116e-13
7.4476e-13
6.61761e-13
5.43673e-13
3.89934e-13
2.04867e-13
9.51983e-35
2.5208e-18
1.70446e-15
3.32569e-15
4.86971e-15
6.34017e-15
7.74059e-15
9.07428e-15
1.03444e-14
1.1554e-14
1.2706e-14
1.38031e-14
1.48479e-14
1.5843e-14
1.67906e-14
1.7693e-14
1.85525e-14
1.93709e-14
2.01504e-14
2.08928e-14
2.15997e-14
2.2273e-14
2.29142e-14
2.35248e-14
2.41063e-14
2.46602e-14
2.51876e-14
2.56899e-14
2.61683e-14
2.66239e-14
2.70577e-14
2.74709e-14
2.78644e-14
3.21975e-14
3.69622e-14
4.22009e-14
4.79603e-14
5.42911e-14
6.12488e-14
6.88939e-14
7.7292e-14
8.65145e-14
9.66381e-14
1.07746e-13
1.19926e-13
1.33272e-13
1.47884e-13
1.63864e-13
1.81317e-13
2.00348e-13
2.21059e-13
2.43544e-13
2.67881e-13
2.94124e-13
3.22291e-13
3.52349e-13
3.84188e-13
4.17601e-13
4.5224e-13
4.87582e-13
5.22868e-13
5.57046e-13
5.88698e-13
6.15969e-13
6.36498e-13
6.47375e-13
6.45148e-13
6.2592e-13
5.85603e-13
5.20394e-13
4.27574e-13
3.06691e-13
1.61142e-13
8.2414e-35
1.90773e-18
1.28993e-15
2.51687e-15
3.68537e-15
4.79822e-15
5.85804e-15
6.86737e-15
7.82861e-15
8.74405e-15
9.61587e-15
1.04461e-14
1.12369e-14
1.19899e-14
1.2707e-14
1.339e-14
1.40404e-14
1.46598e-14
1.52498e-14
1.58115e-14
1.63466e-14
1.68561e-14
1.73414e-14
1.78035e-14
1.82436e-14
1.86627e-14
1.90619e-14
1.9442e-14
1.9804e-14
2.01488e-14
2.04772e-14
2.07899e-14
2.10877e-14
2.43669e-14
2.79728e-14
3.19375e-14
3.62962e-14
4.10873e-14
4.63529e-14
5.21387e-14
5.84945e-14
6.5474e-14
7.31357e-14
8.1542e-14
9.076e-14
1.00861e-13
1.11919e-13
1.24013e-13
1.37222e-13
1.51626e-13
1.67301e-13
1.84319e-13
2.0274e-13
2.22603e-13
2.43924e-13
2.66676e-13
2.90779e-13
3.16074e-13
3.423e-13
3.6906e-13
3.95782e-13
4.21669e-13
4.4565e-13
4.66319e-13
4.81889e-13
4.90158e-13
4.88509e-13
4.73989e-13
4.43497e-13
3.94148e-13
3.23873e-13
2.32326e-13
1.22076e-13
6.87096e-35
1.36457e-18
9.2266e-16
1.80027e-15
2.63608e-15
3.43207e-15
4.19015e-15
4.9121e-15
5.59966e-15
6.25446e-15
6.87805e-15
7.47193e-15
8.03751e-15
8.57614e-15
9.0891e-15
9.57761e-15
1.00428e-14
1.04859e-14
1.09079e-14
1.13097e-14
1.16924e-14
1.20569e-14
1.24039e-14
1.27345e-14
1.30493e-14
1.33491e-14
1.36346e-14
1.39065e-14
1.41655e-14
1.44121e-14
1.46469e-14
1.48706e-14
1.50836e-14
1.74292e-14
2.00084e-14
2.28443e-14
2.5962e-14
2.9389e-14
3.31554e-14
3.72939e-14
4.18401e-14
4.68325e-14
5.23128e-14
5.83258e-14
6.49194e-14
7.21445e-14
8.00546e-14
8.87055e-14
9.81541e-14
1.08457e-13
1.1967e-13
1.31844e-13
1.45021e-13
1.59231e-13
1.74483e-13
1.90761e-13
2.08005e-13
2.26103e-13
2.44869e-13
2.64018e-13
2.83142e-13
3.01672e-13
3.1884e-13
3.33642e-13
3.448e-13
3.50737e-13
3.4958e-13
3.39213e-13
3.17415e-13
2.82116e-13
2.31833e-13
1.66313e-13
8.73929e-14
5.41051e-35
8.80502e-19
5.95357e-16
1.16165e-15
1.70096e-15
2.21459e-15
2.70374e-15
3.16959e-15
3.61325e-15
4.03577e-15
4.43815e-15
4.82136e-15
5.1863e-15
5.53386e-15
5.86485e-15
6.18007e-15
6.48027e-15
6.76617e-15
7.03843e-15
7.29773e-15
7.54467e-15
7.77984e-15
8.0038e-15
8.21709e-15
8.42022e-15
8.61367e-15
8.7979e-15
8.97335e-15
9.14044e-15
9.29957e-15
9.45112e-15
9.59545e-15
9.7329e-15
1.12464e-14
1.29107e-14
1.47406e-14
1.67523e-14
1.89637e-14
2.1394e-14
2.40644e-14
2.69979e-14
3.02193e-14
3.37556e-14
3.76356e-14
4.18903e-14
4.65524e-14
5.16566e-14
5.72389e-14
6.33359e-14
6.99845e-14
7.72203e-14
8.5076e-14
9.35792e-14
1.02749e-13
1.12592e-13
1.23097e-13
1.34226e-13
1.45907e-13
1.58019e-13
1.70379e-13
1.82725e-13
1.94687e-13
2.05773e-13
2.15334e-13
2.22544e-13
2.26386e-13
2.2565e-13
2.1897e-13
2.04911e-13
1.82134e-13
1.4968e-13
1.07383e-13
5.64287e-14
3.83496e-35
4.36328e-19
2.95026e-16
5.75647e-16
8.42902e-16
1.09743e-15
1.33982e-15
1.57067e-15
1.79052e-15
1.9999e-15
2.1993e-15
2.38919e-15
2.57004e-15
2.74227e-15
2.90629e-15
3.0625e-15
3.21126e-15
3.35293e-15
3.48785e-15
3.61634e-15
3.73871e-15
3.85525e-15
3.96623e-15
4.07193e-15
4.17259e-15
4.26845e-15
4.35974e-15
4.44669e-15
4.52949e-15
4.60835e-15
4.68345e-15
4.75497e-15
4.82308e-15
5.5731e-15
6.39782e-15
7.30461e-15
8.30151e-15
9.39733e-15
1.06017e-14
1.1925e-14
1.33787e-14
1.4975e-14
1.67274e-14
1.86501e-14
2.07585e-14
2.30689e-14
2.55983e-14
2.83646e-14
3.1386e-14
3.46808e-14
3.82665e-14
4.21595e-14
4.63734e-14
5.09178e-14
5.57959e-14
6.1002e-14
6.65176e-14
7.23067e-14
7.83098e-14
8.44364e-14
9.05558e-14
9.6486e-14
1.01982e-13
1.06723e-13
1.10299e-13
1.12207e-13
1.11846e-13
1.08539e-13
1.01574e-13
9.02867e-14
7.42014e-14
5.3235e-14
2.79752e-14
2.06579e-35
1.30641e-43
1.72003e-42
5.65721e-42
1.13666e-41
1.82639e-41
2.58821e-41
3.38524e-41
4.18867e-41
4.97637e-41
5.7317e-41
6.44254e-41
7.10038e-41
7.69969e-41
8.23726e-41
8.71177e-41
9.12336e-41
9.47329e-41
9.76367e-41
9.99723e-41
1.01771e-40
1.03069e-40
1.039e-40
1.04303e-40
1.04313e-40
1.03969e-40
1.03304e-40
1.02352e-40
1.01147e-40
9.97177e-41
9.80934e-41
9.63009e-41
6.37798e-40
1.51169e-39
2.1903e-39
3.13955e-39
4.4594e-39
6.28509e-39
8.7992e-39
1.22477e-38
1.69616e-38
2.33853e-38
3.21146e-38
4.3947e-38
5.99483e-38
8.15401e-38
1.10615e-37
1.49689e-37
2.02095e-37
2.72239e-37
3.65931e-37
4.90796e-37
6.568e-37
8.76902e-37
1.16783e-36
1.55102e-36
2.0536e-36
2.70951e-36
3.56039e-36
4.65611e-36
6.05438e-36
7.81858e-36
1.00126e-35
1.26905e-35
1.58792e-35
1.95488e-35
2.35699e-35
2.76505e-35
3.12577e-35
3.35282e-35
3.31969e-35
2.85981e-35
1.78395e-35
7.076e-36
