2.69595e-42
3.54952e-41
1.16744e-40
2.34565e-40
3.76899e-40
5.34111e-40
6.98587e-40
8.64382e-40
1.02693e-39
1.1828e-39
1.32948e-39
1.46523e-39
1.5889e-39
1.69983e-39
1.79774e-39
1.88267e-39
1.95488e-39
2.0148e-39
2.06299e-39
2.10011e-39
2.12687e-39
2.14402e-39
2.15232e-39
2.15254e-39
2.14542e-39
2.1317e-39
2.11206e-39
2.08718e-39
2.05768e-39
2.02416e-39
1.98717e-39
1.31608e-38
3.11929e-38
4.51943e-38
6.47783e-38
9.20064e-38
1.29667e-37
1.81521e-37
2.52639e-37
3.49835e-37
4.82258e-37
6.62162e-37
9.05942e-37
1.23548e-36
1.67995e-36
2.2781e-36
3.08138e-36
4.1578e-36
5.59706e-36
7.51698e-36
1.00717e-35
1.34617e-35
1.7946e-35
2.3857e-35
3.16161e-35
4.17516e-35
5.49146e-35
7.18899e-35
9.35958e-35
1.21061e-34
1.55365e-34
1.97512e-34
2.4822e-34
3.07567e-34
3.74471e-34
4.45945e-34
5.16141e-34
5.75207e-34
6.0813e-34
5.93901e-34
5.05646e-34
3.12861e-34
1.85422e-34
1.80972e-17
1.22362e-14
2.3875e-14
3.49594e-14
4.55157e-14
5.55691e-14
6.51435e-14
7.42615e-14
8.29451e-14
9.12148e-14
9.90904e-14
1.06591e-13
1.13733e-13
1.20536e-13
1.27014e-13
1.33183e-13
1.39058e-13
1.44654e-13
1.49982e-13
1.55057e-13
1.59889e-13
1.64492e-13
1.68875e-13
1.73049e-13
1.77024e-13
1.8081e-13
1.84415e-13
1.87849e-13
1.91119e-13
1.94233e-13
1.97198e-13
2.00023e-13
2.31122e-13
2.65315e-13
3.02907e-13
3.44228e-13
3.89642e-13
4.39542e-13
4.94358e-13
5.54553e-13
6.2063e-13
6.93127e-13
7.72622e-13
8.59726e-13
9.55083e-13
1.05936e-12
1.17324e-12
1.29741e-12
1.43253e-12
1.57919e-12
1.73791e-12
1.90903e-12
2.09268e-12
2.28865e-12
2.49624e-12
2.71415e-12
2.94023e-12
3.17125e-12
3.40261e-12
3.62798e-12
3.83902e-12
4.02501e-12
4.1726e-12
4.26579e-12
4.28614e-12
4.21346e-12
4.02708e-12
3.70797e-12
3.24163e-12
2.62178e-12
1.85484e-12
9.64943e-13
3.53245e-34
3.37917e-17
2.28479e-14
4.45803e-14
6.52774e-14
8.49885e-14
1.03761e-13
1.21638e-13
1.38664e-13
1.54878e-13
1.70319e-13
1.85025e-13
1.9903e-13
2.12367e-13
2.25068e-13
2.37165e-13
2.48684e-13
2.59655e-13
2.70102e-13
2.80052e-13
2.89527e-13
2.98551e-13
3.07145e-13
3.15329e-13
3.23123e-13
3.30546e-13
3.37615e-13
3.44347e-13
3.50758e-13
3.56864e-13
3.62678e-13
3.68216e-13
3.7349e-13
4.31559e-13
4.95406e-13
5.65599e-13
6.42757e-13
7.27556e-13
8.20732e-13
9.23087e-13
1.03549e-12
1.15887e-12
1.29425e-12
1.44269e-12
1.60534e-12
1.78341e-12
1.97814e-12
2.1908e-12
2.42269e-12
2.67501e-12
2.94892e-12
3.24536e-12
3.56499e-12
3.90803e-12
4.27411e-12
4.66194e-12
5.06912e-12
5.49163e-12
5.92346e-12
6.35604e-12
6.77759e-12
7.17253e-12
7.52084e-12
7.79763e-12
7.97297e-12
8.01235e-12
7.87794e-12
7.53099e-12
6.93571e-12
6.06474e-12
4.90608e-12
3.47153e-12
1.80623e-12
6.08736e-34
4.6579e-17
3.1494e-14
6.14502e-14
8.99795e-14
1.1715e-13
1.43025e-13
1.67668e-13
1.91136e-13
2.13486e-13
2.34771e-13
2.55042e-13
2.74346e-13
2.9273e-13
3.10238e-13
3.26912e-13
3.42791e-13
3.57913e-13
3.72314e-13
3.86029e-13
3.9909e-13
4.11528e-13
4.23374e-13
4.34655e-13
4.45399e-13
4.5563e-13
4.65374e-13
4.74654e-13
4.83491e-13
4.91908e-13
4.99923e-13
5.07556e-13
5.14826e-13
5.94869e-13
6.82878e-13
7.79634e-13
8.85991e-13
1.00288e-12
1.13132e-12
1.27241e-12
1.42735e-12
1.59744e-12
1.78405e-12
1.98868e-12
2.2129e-12
2.45838e-12
2.72683e-12
3.02002e-12
3.33972e-12
3.68762e-12
4.0653e-12
4.47407e-12
4.91485e-12
5.38799e-12
5.89295e-12
6.42802e-12
6.98989e-12
7.57307e-12
8.16932e-12
8.76686e-12
9.3495e-12
9.89581e-12
1.03782e-11
1.07624e-11
1.1007e-11
1.10643e-11
1.0882e-11
1.04061e-11
9.58693e-12
8.38598e-12
6.78616e-12
4.80328e-12
2.49967e-12
7.661e-34
5.60578e-17
3.7903e-14
7.39554e-14
1.0829e-13
1.4099e-13
1.72131e-13
2.01789e-13
2.30033e-13
2.56931e-13
2.82547e-13
3.06943e-13
3.30176e-13
3.52301e-13
3.73372e-13
3.93439e-13
4.12549e-13
4.30748e-13
4.4808e-13
4.64586e-13
4.80305e-13
4.95275e-13
5.09532e-13
5.23109e-13
5.36039e-13
5.48352e-13
5.60079e-13
5.71247e-13
5.81883e-13
5.92012e-13
6.01659e-13
6.10845e-13
6.19594e-13
7.15927e-13
8.21847e-13
9.38295e-13
1.0663e-12
1.20698e-12
1.36156e-12
1.53137e-12
1.71785e-12
1.92256e-12
2.14716e-12
2.39346e-12
2.66334e-12
2.95881e-12
3.28195e-12
3.63489e-12
4.01975e-12
4.43859e-12
4.89331e-12
5.38551e-12
5.91633e-12
6.48618e-12
7.09448e-12
7.73919e-12
8.41637e-12
9.11949e-12
9.83869e-12
1.05598e-11
1.12636e-11
1.19241e-11
1.25084e-11
1.2975e-11
1.32741e-11
1.33481e-11
1.31335e-11
1.25648e-11
1.15811e-11
1.01353e-11
8.20558e-12
5.81033e-12
3.02463e-12
8.40563e-34
6.20532e-17
4.19568e-14
8.1865e-14
1.19872e-13
1.56069e-13
1.90541e-13
2.2337e-13
2.54635e-13
2.8441e-13
3.12767e-13
3.39771e-13
3.65489e-13
3.89981e-13
4.13305e-13
4.35518e-13
4.56672e-13
4.76818e-13
4.96004e-13
5.14275e-13
5.31676e-13
5.48247e-13
5.64028e-13
5.79057e-13
5.9337e-13
6.07001e-13
6.19982e-13
6.32345e-13
6.44118e-13
6.55331e-13
6.66009e-13
6.76178e-13
6.85863e-13
7.925e-13
9.0975e-13
1.03865e-12
1.18035e-12
1.33608e-12
1.5072e-12
1.69518e-12
1.90162e-12
2.12823e-12
2.37688e-12
2.64955e-12
2.94834e-12
3.27547e-12
3.63325e-12
4.02403e-12
4.45019e-12
4.91402e-12
5.41762e-12
5.9628e-12
6.55083e-12
7.18222e-12
7.85635e-12
8.57102e-12
9.32194e-12
1.0102e-11
1.09002e-11
1.17013e-11
1.24837e-11
1.3219e-11
1.38708e-11
1.43931e-11
1.47306e-11
1.48194e-11
1.45884e-11
1.39644e-11
1.28788e-11
1.12778e-11
9.13589e-12
6.4724e-12
3.37053e-12
8.48861e-34
6.46808e-17
4.37335e-14
8.53316e-14
1.24948e-13
1.62678e-13
1.98609e-13
2.32829e-13
2.65418e-13
2.96454e-13
3.26011e-13
3.54159e-13
3.80966e-13
4.06495e-13
4.30808e-13
4.53961e-13
4.76011e-13
4.9701e-13
5.17008e-13
5.36053e-13
5.54191e-13
5.71464e-13
5.87913e-13
6.03579e-13
6.18498e-13
6.32706e-13
6.46237e-13
6.59123e-13
6.71396e-13
6.83083e-13
6.94213e-13
7.04813e-13
7.14908e-13
8.26062e-13
9.48279e-13
1.08264e-12
1.23034e-12
1.39267e-12
1.57105e-12
1.767e-12
1.98219e-12
2.21842e-12
2.47763e-12
2.76188e-12
3.07337e-12
3.41442e-12
3.78744e-12
4.1949e-12
4.63927e-12
5.12296e-12
5.6482e-12
6.21686e-12
6.83033e-12
7.48917e-12
8.19277e-12
8.93893e-12
9.72323e-12
1.05383e-11
1.1373e-11
1.22113e-11
1.3031e-11
1.38025e-11
1.44879e-11
1.50394e-11
1.53991e-11
1.55e-11
1.52674e-11
1.46238e-11
1.34962e-11
1.18269e-11
9.58737e-12
6.79638e-12
3.5408e-12
8.08339e-34
6.43142e-17
4.34857e-14
8.48481e-14
1.2424e-13
1.61756e-13
1.97484e-13
2.3151e-13
2.63914e-13
2.94774e-13
3.24164e-13
3.52153e-13
3.78808e-13
4.04192e-13
4.28367e-13
4.51389e-13
4.73314e-13
4.94194e-13
5.14079e-13
5.33017e-13
5.51051e-13
5.68226e-13
5.84583e-13
6.0016e-13
6.14995e-13
6.29123e-13
6.42577e-13
6.5539e-13
6.67593e-13
6.79214e-13
6.90282e-13
7.00822e-13
7.10859e-13
8.21385e-13
9.42911e-13
1.07652e-12
1.22338e-12
1.3848e-12
1.56217e-12
1.75702e-12
1.97101e-12
2.20593e-12
2.4637e-12
2.74638e-12
3.05616e-12
3.39535e-12
3.76637e-12
4.17166e-12
4.6137e-12
5.0949e-12
5.6175e-12
6.1834e-12
6.79399e-12
7.44989e-12
8.15056e-12
8.89386e-12
9.67551e-12
1.04883e-11
1.13212e-11
1.21585e-11
1.29782e-11
1.37511e-11
1.44394e-11
1.49958e-11
1.53624e-11
1.54722e-11
1.52502e-11
1.46181e-11
1.35017e-11
1.18413e-11
9.6066e-12
6.81474e-12
3.55215e-12
7.35517e-34
6.14938e-17
4.15787e-14
8.11272e-14
1.18792e-13
1.54662e-13
1.88824e-13
2.21357e-13
2.52341e-13
2.81848e-13
3.09949e-13
3.3671e-13
3.62196e-13
3.86468e-13
4.09582e-13
4.31595e-13
4.52559e-13
4.72524e-13
4.91537e-13
5.09644e-13
5.26887e-13
5.4331e-13
5.58949e-13
5.73843e-13
5.88027e-13
6.01536e-13
6.144e-13
6.26652e-13
6.38319e-13
6.49431e-13
6.60013e-13
6.70091e-13
6.79689e-13
7.85369e-13
9.01568e-13
1.02932e-12
1.16975e-12
1.32409e-12
1.4937e-12
1.68002e-12
1.88464e-12
2.10928e-12
2.35577e-12
2.6261e-12
2.92236e-12
3.24676e-12
3.60162e-12
3.98928e-12
4.41215e-12
4.87252e-12
5.37257e-12
5.91414e-12
6.49861e-12
7.1266e-12
7.79767e-12
8.50986e-12
9.25916e-12
1.00388e-11
1.08384e-11
1.1643e-11
1.24317e-11
1.3177e-11
1.38425e-11
1.43831e-11
1.47434e-11
1.48587e-11
1.46565e-11
1.40607e-11
1.29985e-11
1.14104e-11
9.2653e-12
6.57777e-12
3.43057e-12
6.44731e-34
5.68241e-17
3.84214e-14
7.49667e-14
1.09771e-13
1.42918e-13
1.74485e-13
2.04549e-13
2.33179e-13
2.60446e-13
2.86413e-13
3.11142e-13
3.34693e-13
3.57121e-13
3.78481e-13
3.98822e-13
4.18194e-13
4.36643e-13
4.54212e-13
4.70944e-13
4.86879e-13
5.02054e-13
5.16506e-13
5.30269e-13
5.43377e-13
5.55859e-13
5.67747e-13
5.79068e-13
5.8985e-13
6.00118e-13
6.09897e-13
6.1921e-13
6.28079e-13
7.25736e-13
8.33113e-13
9.51166e-13
1.08094e-12
1.22357e-12
1.3803e-12
1.55249e-12
1.74159e-12
1.94919e-12
2.177e-12
2.42685e-12
2.70068e-12
3.00054e-12
3.32856e-12
3.68695e-12
4.07792e-12
4.50362e-12
4.96608e-12
5.46704e-12
6.00781e-12
6.58903e-12
7.21033e-12
7.87001e-12
8.56444e-12
9.2875e-12
1.00297e-11
1.07775e-11
1.15117e-11
1.22068e-11
1.28297e-11
1.33384e-11
1.36816e-11
1.37991e-11
1.3623e-11
1.30816e-11
1.21055e-11
1.06376e-11
8.64649e-12
6.14389e-12
3.20634e-12
5.47314e-34
5.08906e-17
3.44095e-14
6.71389e-14
9.83094e-14
1.27995e-13
1.56266e-13
1.8319e-13
2.08831e-13
2.33251e-13
2.56506e-13
2.78654e-13
2.99746e-13
3.19832e-13
3.38962e-13
3.57179e-13
3.74528e-13
3.91051e-13
4.06786e-13
4.21771e-13
4.36042e-13
4.49633e-13
4.62576e-13
4.74902e-13
4.86641e-13
4.9782e-13
5.08467e-13
5.18606e-13
5.28262e-13
5.37458e-13
5.46216e-13
5.54557e-13
5.625e-13
6.49961e-13
7.46129e-13
8.51858e-13
9.68085e-13
1.09583e-12
1.23621e-12
1.39043e-12
1.5598e-12
1.74575e-12
1.94981e-12
2.17362e-12
2.41892e-12
2.68756e-12
2.98146e-12
3.30259e-12
3.65296e-12
4.03452e-12
4.44909e-12
4.89828e-12
5.38331e-12
5.90478e-12
6.46245e-12
7.05488e-12
7.67893e-12
8.32924e-12
8.9975e-12
9.67161e-12
1.03347e-11
1.09641e-11
1.15302e-11
1.19954e-11
1.23135e-11
1.24302e-11
1.22838e-11
1.18084e-11
1.09401e-11
9.62512e-12
7.83261e-12
5.57126e-12
2.90964e-12
2.62489e-34
5.03843e-17
3.40672e-14
6.6471e-14
9.73314e-14
1.26722e-13
1.54712e-13
1.81368e-13
2.06754e-13
2.3093e-13
2.53955e-13
2.75882e-13
2.96764e-13
3.16651e-13
3.3559e-13
3.53626e-13
3.70803e-13
3.87161e-13
4.02739e-13
4.17575e-13
4.31704e-13
4.4516e-13
4.57974e-13
4.70178e-13
4.818e-13
4.92868e-13
5.03409e-13
5.13447e-13
5.23007e-13
5.32112e-13
5.40782e-13
5.4904e-13
5.56904e-13
6.43495e-13
7.38707e-13
8.43385e-13
9.58456e-13
1.08493e-12
1.22391e-12
1.3766e-12
1.54429e-12
1.72839e-12
1.93043e-12
2.15201e-12
2.39488e-12
2.66085e-12
2.95184e-12
3.26979e-12
3.61669e-12
3.99448e-12
4.40497e-12
4.84973e-12
5.32999e-12
5.84636e-12
6.39859e-12
6.98527e-12
7.60329e-12
8.24737e-12
8.90928e-12
9.57707e-12
1.02341e-11
1.08578e-11
1.14189e-11
1.18803e-11
1.21962e-11
1.23128e-11
1.21687e-11
1.16989e-11
1.08398e-11
9.53782e-12
7.76234e-12
5.52175e-12
2.88397e-12
3.84304e-34
4.50514e-17
3.04614e-14
5.94355e-14
8.70295e-14
1.13309e-13
1.38336e-13
1.62171e-13
1.84871e-13
2.06488e-13
2.27076e-13
2.46682e-13
2.65354e-13
2.83136e-13
3.0007e-13
3.16198e-13
3.31557e-13
3.46183e-13
3.60113e-13
3.73379e-13
3.86013e-13
3.98044e-13
4.09502e-13
4.20414e-13
4.30806e-13
4.40703e-13
4.50128e-13
4.59104e-13
4.67653e-13
4.75794e-13
4.83547e-13
4.9093e-13
4.97962e-13
5.7539e-13
6.60526e-13
7.54127e-13
8.57023e-13
9.70117e-13
1.0944e-12
1.23093e-12
1.38089e-12
1.54553e-12
1.72621e-12
1.92438e-12
2.1416e-12
2.3795e-12
2.63979e-12
2.92423e-12
3.2346e-12
3.57265e-12
3.94002e-12
4.33816e-12
4.76818e-12
5.23067e-12
5.72549e-12
6.25142e-12
6.80579e-12
7.38398e-12
7.97875e-12
8.57955e-12
9.17162e-12
9.73501e-12
1.02436e-11
1.06641e-11
1.09555e-11
1.10692e-11
1.09498e-11
1.05377e-11
9.77438e-12
8.60992e-12
7.01468e-12
4.99458e-12
2.6104e-12
6.83791e-34
4.04009e-17
2.7317e-14
5.33002e-14
7.80458e-14
1.01613e-13
1.24057e-13
1.45431e-13
1.65787e-13
1.85173e-13
2.03636e-13
2.21218e-13
2.37963e-13
2.53909e-13
2.69096e-13
2.83558e-13
2.97332e-13
3.10449e-13
3.22941e-13
3.34837e-13
3.46167e-13
3.56957e-13
3.67232e-13
3.77018e-13
3.86337e-13
3.95212e-13
4.03665e-13
4.11714e-13
4.1938e-13
4.26681e-13
4.33634e-13
4.40256e-13
4.46562e-13
5.15998e-13
5.92347e-13
6.76289e-13
7.68566e-13
8.6999e-13
9.81447e-13
1.1039e-12
1.23839e-12
1.38605e-12
1.54811e-12
1.72586e-12
1.9207e-12
2.1341e-12
2.3676e-12
2.62279e-12
2.90128e-12
3.20463e-12
3.53436e-12
3.89176e-12
4.27787e-12
4.69327e-12
5.13785e-12
5.6106e-12
6.10918e-12
6.62954e-12
7.16529e-12
7.7071e-12
8.24182e-12
8.75168e-12
9.21332e-12
9.59692e-12
9.86561e-12
9.9754e-12
9.87596e-12
9.51298e-12
8.83249e-12
7.78802e-12
6.35118e-12
4.52598e-12
2.36692e-12
5.9064e-34
3.66561e-17
2.4785e-14
4.83599e-14
7.08118e-14
9.21941e-14
1.12558e-13
1.31951e-13
1.50421e-13
1.6801e-13
1.84761e-13
2.00714e-13
2.15906e-13
2.30375e-13
2.44154e-13
2.57276e-13
2.69773e-13
2.81674e-13
2.93008e-13
3.03802e-13
3.14081e-13
3.23871e-13
3.33194e-13
3.42073e-13
3.50529e-13
3.58581e-13
3.6625e-13
3.73554e-13
3.80509e-13
3.87133e-13
3.93442e-13
3.9945e-13
4.05171e-13
4.68172e-13
5.37446e-13
6.13609e-13
6.97336e-13
7.89363e-13
8.90493e-13
1.0016e-12
1.12364e-12
1.25763e-12
1.40468e-12
1.56598e-12
1.74279e-12
1.93646e-12
2.14838e-12
2.38001e-12
2.63279e-12
2.90819e-12
3.20756e-12
3.53211e-12
3.8828e-12
4.26018e-12
4.6642e-12
5.09397e-12
5.54744e-12
6.02098e-12
6.50889e-12
7.00278e-12
7.49082e-12
7.95696e-12
8.38006e-12
8.73308e-12
8.98247e-12
9.08805e-12
9.00372e-12
8.67942e-12
8.06511e-12
7.11731e-12
5.80887e-12
4.14243e-12
2.16744e-12
3.08315e-34
3.60522e-17
2.43767e-14
4.75631e-14
6.96452e-14
9.06752e-14
1.10703e-13
1.29777e-13
1.47942e-13
1.65242e-13
1.81717e-13
1.97407e-13
2.12349e-13
2.26579e-13
2.40131e-13
2.53037e-13
2.65328e-13
2.77033e-13
2.88181e-13
2.98797e-13
3.08907e-13
3.18535e-13
3.27705e-13
3.36437e-13
3.44754e-13
3.52674e-13
3.60216e-13
3.674e-13
3.74241e-13
3.80756e-13
3.8696e-13
3.92869e-13
3.98496e-13
4.6046e-13
5.28592e-13
6.03501e-13
6.85848e-13
7.7636e-13
8.75825e-13
9.85104e-13
1.10513e-12
1.23692e-12
1.38155e-12
1.54019e-12
1.7141e-12
1.90459e-12
2.11303e-12
2.34085e-12
2.58949e-12
2.86037e-12
3.15484e-12
3.47409e-12
3.81907e-12
4.19031e-12
4.58777e-12
5.0106e-12
5.45678e-12
5.92275e-12
6.40292e-12
6.88904e-12
7.36951e-12
7.82855e-12
8.24537e-12
8.59338e-12
8.83958e-12
8.9444e-12
8.86241e-12
8.54427e-12
7.94059e-12
7.00839e-12
5.72074e-12
4.08004e-12
2.13497e-12
2.30939e-34
3.3623e-17
2.27342e-14
4.43583e-14
6.49525e-14
8.45656e-14
1.03244e-13
1.21033e-13
1.37974e-13
1.54108e-13
1.69473e-13
1.84106e-13
1.98041e-13
2.11313e-13
2.23951e-13
2.35988e-13
2.47451e-13
2.58367e-13
2.68764e-13
2.78665e-13
2.88093e-13
2.97073e-13
3.05625e-13
3.13769e-13
3.21525e-13
3.28911e-13
3.35946e-13
3.42645e-13
3.49025e-13
3.55101e-13
3.60888e-13
3.66399e-13
3.71647e-13
4.29436e-13
4.92978e-13
5.6284e-13
6.39641e-13
7.24056e-13
8.16823e-13
9.18743e-13
1.03069e-12
1.1536e-12
1.2885e-12
1.43647e-12
1.59868e-12
1.77636e-12
1.9708e-12
2.18332e-12
2.41528e-12
2.66801e-12
2.94277e-12
3.24068e-12
3.56264e-12
3.90917e-12
4.28026e-12
4.67512e-12
5.09192e-12
5.52738e-12
5.97632e-12
6.43113e-12
6.88102e-12
7.31133e-12
7.70273e-12
8.0304e-12
8.26351e-12
8.365e-12
8.29222e-12
7.99867e-12
7.43762e-12
6.56816e-12
5.36429e-12
3.82764e-12
2.00358e-12
3.79912e-34
3.11696e-17
2.10753e-14
4.11216e-14
6.02131e-14
7.83951e-14
9.57109e-14
1.12202e-13
1.27907e-13
1.42863e-13
1.57107e-13
1.70672e-13
1.83591e-13
1.95894e-13
2.07611e-13
2.18769e-13
2.29395e-13
2.39515e-13
2.49153e-13
2.58332e-13
2.67073e-13
2.75397e-13
2.83325e-13
2.90875e-13
2.98065e-13
3.04912e-13
3.11434e-13
3.17644e-13
3.23559e-13
3.29191e-13
3.34556e-13
3.39664e-13
3.4453e-13
3.98102e-13
4.57009e-13
5.21775e-13
5.92973e-13
6.71231e-13
7.57232e-13
8.51719e-13
9.55502e-13
1.06945e-12
1.19452e-12
1.33171e-12
1.48211e-12
1.64685e-12
1.82714e-12
2.02421e-12
2.23931e-12
2.47369e-12
2.72853e-12
3.00487e-12
3.30356e-12
3.6251e-12
3.9695e-12
4.33606e-12
4.72311e-12
5.12765e-12
5.54494e-12
5.96795e-12
6.38676e-12
6.78782e-12
7.15324e-12
7.46002e-12
7.67952e-12
7.77725e-12
7.71337e-12
7.44431e-12
6.92612e-12
6.12003e-12
5.00112e-12
3.57026e-12
1.86952e-12
3.59565e-34
2.91702e-17
1.97235e-14
3.84839e-14
5.63508e-14
7.33665e-14
8.95716e-14
1.05005e-13
1.19702e-13
1.33699e-13
1.4703e-13
1.59725e-13
1.71815e-13
1.83329e-13
1.94294e-13
2.04736e-13
2.14681e-13
2.24152e-13
2.33172e-13
2.41761e-13
2.49942e-13
2.57732e-13
2.65152e-13
2.72217e-13
2.78946e-13
2.85355e-13
2.91458e-13
2.9727e-13
3.02805e-13
3.08076e-13
3.13097e-13
3.17878e-13
3.22431e-13
3.72568e-13
4.27696e-13
4.88309e-13
5.54941e-13
6.28181e-13
7.08667e-13
7.97098e-13
8.94228e-13
1.00088e-12
1.11793e-12
1.24633e-12
1.3871e-12
1.5413e-12
1.71005e-12
1.89452e-12
2.09588e-12
2.3153e-12
2.55389e-12
2.81264e-12
3.09235e-12
3.3935e-12
3.71611e-12
4.05956e-12
4.42231e-12
4.80158e-12
5.19297e-12
5.58996e-12
5.98328e-12
6.36032e-12
6.70434e-12
6.99384e-12
7.20196e-12
7.2963e-12
7.23936e-12
6.99e-12
6.50656e-12
5.75214e-12
4.70272e-12
3.35863e-12
1.75922e-12
3.0748e-34
2.75295e-17
1.86141e-14
3.63194e-14
5.31814e-14
6.92401e-14
8.45337e-14
9.90987e-14
1.1297e-13
1.2618e-13
1.3876e-13
1.50741e-13
1.62151e-13
1.73017e-13
1.83366e-13
1.93221e-13
2.02607e-13
2.11545e-13
2.20057e-13
2.28164e-13
2.35884e-13
2.43237e-13
2.50239e-13
2.56907e-13
2.63257e-13
2.69305e-13
2.75065e-13
2.8055e-13
2.85774e-13
2.90749e-13
2.95487e-13
2.99999e-13
3.04297e-13
3.51614e-13
4.03642e-13
4.60846e-13
5.23732e-13
5.92853e-13
6.68815e-13
7.52274e-13
8.43945e-13
9.44602e-13
1.05508e-12
1.17627e-12
1.30913e-12
1.45467e-12
1.61396e-12
1.78809e-12
1.97817e-12
2.18531e-12
2.41055e-12
2.65486e-12
2.91897e-12
3.20337e-12
3.50808e-12
3.83254e-12
4.1753e-12
4.53379e-12
4.90387e-12
5.2794e-12
5.65171e-12
6.0089e-12
6.33521e-12
6.61034e-12
6.80892e-12
6.90026e-12
6.84881e-12
6.61544e-12
6.16041e-12
5.4484e-12
4.45618e-12
3.18366e-12
1.668e-12
2.64945e-34
2.61748e-17
1.76982e-14
3.45322e-14
5.05644e-14
6.58328e-14
8.03739e-14
9.42221e-14
1.07411e-13
1.1997e-13
1.31932e-13
1.43323e-13
1.54172e-13
1.64504e-13
1.74343e-13
1.83713e-13
1.92637e-13
2.01135e-13
2.09229e-13
2.16936e-13
2.24277e-13
2.31267e-13
2.37925e-13
2.44265e-13
2.50303e-13
2.56053e-13
2.6153e-13
2.66745e-13
2.71712e-13
2.76442e-13
2.80947e-13
2.85237e-13
2.89323e-13
3.34312e-13
3.8378e-13
4.3817e-13
4.97962e-13
5.63683e-13
6.35908e-13
7.15263e-13
8.02426e-13
8.98133e-13
1.00318e-12
1.11841e-12
1.24475e-12
1.38314e-12
1.53461e-12
1.70019e-12
1.88096e-12
2.07795e-12
2.29218e-12
2.52455e-12
2.77578e-12
3.04633e-12
3.33625e-12
3.645e-12
3.97124e-12
4.31252e-12
4.66495e-12
5.02272e-12
5.3776e-12
5.71831e-12
6.02989e-12
6.29303e-12
6.48358e-12
6.57231e-12
6.52523e-12
6.30493e-12
5.87329e-12
5.1963e-12
4.25143e-12
3.03828e-12
1.59217e-12
2.29843e-34
2.50499e-17
1.69376e-14
3.30482e-14
4.83914e-14
6.30037e-14
7.69198e-14
9.0173e-14
1.02795e-13
1.14815e-13
1.26262e-13
1.37164e-13
1.47547e-13
1.57434e-13
1.6685e-13
1.75818e-13
1.84358e-13
1.92492e-13
2.00237e-13
2.07614e-13
2.14639e-13
2.21329e-13
2.277e-13
2.33768e-13
2.39547e-13
2.4505e-13
2.50291e-13
2.55282e-13
2.60036e-13
2.64562e-13
2.68874e-13
2.72979e-13
2.7689e-13
3.19945e-13
3.67289e-13
4.19341e-13
4.76564e-13
5.39462e-13
6.08584e-13
6.8453e-13
7.6795e-13
8.59548e-13
9.60083e-13
1.07037e-12
1.19129e-12
1.32375e-12
1.46872e-12
1.62721e-12
1.80023e-12
1.9888e-12
2.19388e-12
2.41633e-12
2.65686e-12
2.9159e-12
3.19352e-12
3.48922e-12
3.80171e-12
4.12868e-12
4.46643e-12
4.8094e-12
5.14976e-12
5.47672e-12
5.77599e-12
6.02909e-12
6.21288e-12
6.29931e-12
6.25577e-12
6.04623e-12
5.63396e-12
4.98605e-12
4.08059e-12
2.91692e-12
1.52885e-12
2.00587e-34
2.41112e-17
1.63028e-14
3.18096e-14
4.65778e-14
6.06425e-14
7.40372e-14
8.67936e-14
9.89422e-14
1.10512e-13
1.2153e-13
1.32024e-13
1.42017e-13
1.51534e-13
1.60598e-13
1.69229e-13
1.77449e-13
1.85278e-13
1.92733e-13
1.99833e-13
2.06595e-13
2.13034e-13
2.19167e-13
2.25007e-13
2.30569e-13
2.35866e-13
2.40911e-13
2.45715e-13
2.50291e-13
2.54648e-13
2.58798e-13
2.62749e-13
2.66513e-13
3.07955e-13
3.53525e-13
4.03627e-13
4.58706e-13
5.19247e-13
5.8578e-13
6.58882e-13
7.39177e-13
8.27345e-13
9.24116e-13
1.03028e-12
1.14667e-12
1.27417e-12
1.41373e-12
1.56629e-12
1.73286e-12
1.91439e-12
2.11182e-12
2.32599e-12
2.55758e-12
2.80702e-12
3.07437e-12
3.35916e-12
3.66017e-12
3.97518e-12
4.30064e-12
4.63124e-12
4.95944e-12
5.27488e-12
5.56382e-12
5.80847e-12
5.98654e-12
6.071e-12
6.03032e-12
5.82971e-12
5.43356e-12
4.80992e-12
3.93741e-12
2.81518e-12
1.47575e-12
1.75979e-34
2.3324e-17
1.57706e-14
3.07711e-14
4.50572e-14
5.86627e-14
7.162e-14
8.396e-14
9.5712e-14
1.06904e-13
1.17563e-13
1.27714e-13
1.37381e-13
1.46587e-13
1.55355e-13
1.63704e-13
1.71656e-13
1.79229e-13
1.86441e-13
1.93309e-13
1.9985e-13
2.0608e-13
2.12012e-13
2.17662e-13
2.23042e-13
2.28166e-13
2.33046e-13
2.37693e-13
2.42119e-13
2.46334e-13
2.50349e-13
2.54172e-13
2.57812e-13
2.97902e-13
3.41983e-13
3.9045e-13
4.43731e-13
5.02297e-13
5.66659e-13
6.37375e-13
7.1505e-13
8.00342e-13
8.93957e-13
9.96656e-13
1.10925e-12
1.2326e-12
1.36761e-12
1.51521e-12
1.67636e-12
1.85199e-12
2.04301e-12
2.25024e-12
2.47433e-12
2.71571e-12
2.97444e-12
3.25007e-12
3.54144e-12
3.84641e-12
4.16156e-12
4.48176e-12
4.79973e-12
5.10549e-12
5.38572e-12
5.62324e-12
5.79647e-12
5.8792e-12
5.84088e-12
5.6477e-12
5.26504e-12
4.66175e-12
3.81693e-12
2.72953e-12
1.43104e-12
1.55103e-34
2.26611e-17
1.53223e-14
2.98966e-14
4.37766e-14
5.69954e-14
6.95845e-14
8.15737e-14
9.29917e-14
1.03866e-13
1.14221e-13
1.24084e-13
1.33476e-13
1.42421e-13
1.50939e-13
1.59052e-13
1.66777e-13
1.74135e-13
1.81142e-13
1.87815e-13
1.9417e-13
2.00222e-13
2.05986e-13
2.11475e-13
2.16703e-13
2.21681e-13
2.26423e-13
2.30938e-13
2.35238e-13
2.39333e-13
2.43234e-13
2.46948e-13
2.50485e-13
2.89435e-13
3.32264e-13
3.79354e-13
4.31121e-13
4.88022e-13
5.50556e-13
6.19263e-13
6.94732e-13
7.77601e-13
8.68558e-13
9.68342e-13
1.07774e-12
1.19759e-12
1.32877e-12
1.47219e-12
1.62877e-12
1.79944e-12
1.98506e-12
2.18643e-12
2.40421e-12
2.6388e-12
2.89027e-12
3.15818e-12
3.44142e-12
3.73793e-12
4.04437e-12
4.3558e-12
4.66515e-12
4.96271e-12
5.23559e-12
5.46707e-12
5.63618e-12
5.71742e-12
5.68104e-12
5.49409e-12
5.12277e-12
4.53663e-12
3.71514e-12
2.65716e-12
1.39325e-12
1.37256e-34
2.21005e-17
1.49433e-14
2.91571e-14
4.26937e-14
5.55856e-14
6.78633e-14
7.9556e-14
9.06915e-14
1.01297e-13
1.11396e-13
1.21014e-13
1.30174e-13
1.38898e-13
1.47206e-13
1.55117e-13
1.62652e-13
1.69828e-13
1.76662e-13
1.8317e-13
1.89367e-13
1.9527e-13
2.00891e-13
2.06245e-13
2.11343e-13
2.16198e-13
2.20822e-13
2.25226e-13
2.2942e-13
2.33414e-13
2.37217e-13
2.4084e-13
2.44289e-13
2.82276e-13
3.24046e-13
3.69971e-13
4.20458e-13
4.75952e-13
5.36939e-13
6.03948e-13
6.77551e-13
7.58372e-13
8.47082e-13
9.44401e-13
1.0511e-12
1.16799e-12
1.29593e-12
1.43582e-12
1.58854e-12
1.755e-12
1.93605e-12
2.13248e-12
2.34491e-12
2.57375e-12
2.81908e-12
3.08047e-12
3.35683e-12
3.64617e-12
3.94525e-12
4.24924e-12
4.55128e-12
4.8419e-12
5.10854e-12
5.33488e-12
5.50048e-12
5.58043e-12
5.54566e-12
5.36395e-12
5.0022e-12
4.43056e-12
3.62884e-12
2.59578e-12
1.3612e-12
1.21889e-34
2.16247e-17
1.46216e-14
2.85294e-14
4.17747e-14
5.4389e-14
6.64023e-14
7.78433e-14
8.87392e-14
9.91158e-14
1.08998e-13
1.18409e-13
1.27372e-13
1.35908e-13
1.44037e-13
1.51778e-13
1.59151e-13
1.66172e-13
1.72858e-13
1.79226e-13
1.85291e-13
1.91066e-13
1.96567e-13
2.01805e-13
2.06793e-13
2.11544e-13
2.16068e-13
2.20377e-13
2.24481e-13
2.28389e-13
2.32111e-13
2.35655e-13
2.39031e-13
2.762e-13
3.1707e-13
3.62007e-13
4.11407e-13
4.65707e-13
5.25382e-13
5.90948e-13
6.62969e-13
7.42051e-13
8.28853e-13
9.24079e-13
1.02848e-12
1.14286e-12
1.26806e-12
1.40494e-12
1.55438e-12
1.71727e-12
1.89445e-12
2.08668e-12
2.29457e-12
2.51854e-12
2.75864e-12
3.01449e-12
3.28501e-12
3.56826e-12
3.86108e-12
4.15876e-12
4.45458e-12
4.7393e-12
5.00061e-12
5.22258e-12
5.38518e-12
5.46401e-12
5.43059e-12
5.2533e-12
4.89967e-12
4.34034e-12
3.5554e-12
2.54354e-12
1.33391e-12
1.08573e-34
2.12195e-17
1.43476e-14
2.79947e-14
4.09917e-14
5.33696e-14
6.51578e-14
7.63844e-14
8.7076e-14
9.72582e-14
1.06955e-13
1.1619e-13
1.24985e-13
1.33361e-13
1.41337e-13
1.48934e-13
1.56168e-13
1.63058e-13
1.69619e-13
1.75867e-13
1.81818e-13
1.87485e-13
1.92883e-13
1.98023e-13
2.02918e-13
2.07579e-13
2.12019e-13
2.16247e-13
2.20274e-13
2.24108e-13
2.2776e-13
2.31239e-13
2.34551e-13
2.71023e-13
3.11128e-13
3.55222e-13
4.03697e-13
4.5698e-13
5.15537e-13
5.79875e-13
6.50546e-13
7.28147e-13
8.13324e-13
9.06767e-13
1.00922e-12
1.12146e-12
1.24431e-12
1.37863e-12
1.52529e-12
1.68514e-12
1.85901e-12
2.04766e-12
2.25169e-12
2.47149e-12
2.70715e-12
2.95827e-12
3.22381e-12
3.50187e-12
3.78935e-12
4.08165e-12
4.37216e-12
4.65184e-12
4.90861e-12
5.12684e-12
5.28686e-12
5.36472e-12
5.33243e-12
5.1589e-12
4.81217e-12
4.26333e-12
3.49271e-12
2.49894e-12
1.31062e-12
9.69677e-35
2.0873e-17
1.41134e-14
2.75376e-14
4.03225e-14
5.24983e-14
6.4094e-14
7.51373e-14
8.56544e-14
9.56703e-14
1.05209e-13
1.14293e-13
1.22944e-13
1.31183e-13
1.3903e-13
1.46502e-13
1.53618e-13
1.60395e-13
1.6685e-13
1.72996e-13
1.7885e-13
1.84424e-13
1.89734e-13
1.9479e-13
1.99605e-13
2.0419e-13
2.08558e-13
2.12717e-13
2.16677e-13
2.2045e-13
2.24042e-13
2.27463e-13
2.30722e-13
2.66599e-13
3.06049e-13
3.49423e-13
3.97107e-13
4.4952e-13
5.07121e-13
5.70409e-13
6.39927e-13
7.16262e-13
8.00049e-13
8.91969e-13
9.92749e-13
1.10316e-12
1.22401e-12
1.35615e-12
1.50041e-12
1.65767e-12
1.82872e-12
2.0143e-12
2.21502e-12
2.43128e-12
2.66313e-12
2.91021e-12
3.1715e-12
3.44511e-12
3.72803e-12
4.01571e-12
4.30168e-12
4.57704e-12
4.82992e-12
5.04494e-12
5.20275e-12
5.27977e-12
5.24842e-12
5.0781e-12
4.73727e-12
4.19739e-12
3.43902e-12
2.46073e-12
1.29066e-12
8.68012e-35
2.05759e-17
1.39125e-14
2.71456e-14
3.97485e-14
5.1751e-14
6.31817e-14
7.40678e-14
8.44352e-14
9.43086e-14
1.03711e-13
1.12666e-13
1.21194e-13
1.29316e-13
1.37051e-13
1.44417e-13
1.51432e-13
1.58112e-13
1.64475e-13
1.70534e-13
1.76304e-13
1.81799e-13
1.87033e-13
1.92017e-13
1.96764e-13
2.01284e-13
2.05589e-13
2.09689e-13
2.13593e-13
2.17312e-13
2.20853e-13
2.24226e-13
2.27438e-13
2.62804e-13
3.01693e-13
3.4445e-13
3.91455e-13
4.43122e-13
4.99903e-13
5.62291e-13
6.3082e-13
7.0607e-13
7.88665e-13
8.79278e-13
9.78626e-13
1.08747e-12
1.2066e-12
1.33686e-12
1.47908e-12
1.63411e-12
1.80273e-12
1.98569e-12
2.18358e-12
2.39678e-12
2.62538e-12
2.86899e-12
3.12662e-12
3.39642e-12
3.67542e-12
3.95914e-12
4.24121e-12
4.51287e-12
4.7624e-12
4.97466e-12
5.13055e-12
5.20684e-12
5.1763e-12
5.00871e-12
4.67293e-12
4.14074e-12
3.39289e-12
2.4279e-12
1.2735e-12
7.78546e-35
2.03203e-17
1.37396e-14
2.68084e-14
3.92547e-14
5.11081e-14
6.23968e-14
7.31477e-14
8.33863e-14
9.3137e-14
1.02423e-13
1.11267e-13
1.19689e-13
1.2771e-13
1.35348e-13
1.42623e-13
1.49551e-13
1.56148e-13
1.62431e-13
1.68415e-13
1.74114e-13
1.79541e-13
1.8471e-13
1.89632e-13
1.94319e-13
1.98784e-13
2.03035e-13
2.07084e-13
2.1094e-13
2.14612e-13
2.1811e-13
2.2144e-13
2.24612e-13
2.59539e-13
2.97945e-13
3.40171e-13
3.86592e-13
4.37618e-13
4.93694e-13
5.55307e-13
6.22986e-13
6.97301e-13
7.78871e-13
8.6836e-13
9.66475e-13
1.07397e-12
1.19163e-12
1.32027e-12
1.46073e-12
1.61383e-12
1.78038e-12
1.96108e-12
2.15653e-12
2.36711e-12
2.59289e-12
2.83352e-12
3.088e-12
3.35453e-12
3.63015e-12
3.91046e-12
4.18917e-12
4.45763e-12
4.70428e-12
4.91416e-12
5.0684e-12
5.14405e-12
5.1142e-12
4.94895e-12
4.61751e-12
4.09194e-12
3.35315e-12
2.39961e-12
1.25872e-12
6.99499e-35
2.00997e-17
1.35905e-14
2.65174e-14
3.88286e-14
5.05534e-14
6.17195e-14
7.23537e-14
8.24812e-14
9.21261e-14
1.01311e-13
1.10059e-13
1.1839e-13
1.26323e-13
1.33879e-13
1.41075e-13
1.47927e-13
1.54453e-13
1.60668e-13
1.66587e-13
1.72224e-13
1.77592e-13
1.82705e-13
1.87573e-13
1.9221e-13
1.96626e-13
2.00831e-13
2.04836e-13
2.0865e-13
2.12283e-13
2.15742e-13
2.19037e-13
2.22174e-13
2.56722e-13
2.94711e-13
3.36479e-13
3.82396e-13
4.32868e-13
4.88336e-13
5.49281e-13
6.16225e-13
6.89734e-13
7.7042e-13
8.58938e-13
9.55989e-13
1.06232e-12
1.1787e-12
1.30595e-12
1.44489e-12
1.59634e-12
1.76109e-12
1.93984e-12
2.13318e-12
2.34149e-12
2.56486e-12
2.80291e-12
3.05467e-12
3.31837e-12
3.59107e-12
3.86844e-12
4.14425e-12
4.40995e-12
4.65411e-12
4.86192e-12
5.01473e-12
5.08982e-12
5.06055e-12
4.89733e-12
4.56963e-12
4.04977e-12
3.31879e-12
2.37515e-12
1.24594e-12
6.2941e-35
1.99088e-17
1.34614e-14
2.62656e-14
3.84599e-14
5.00733e-14
6.11334e-14
7.16666e-14
8.16979e-14
9.12512e-14
1.00349e-13
1.09014e-13
1.17265e-13
1.25124e-13
1.32608e-13
1.39735e-13
1.46522e-13
1.52987e-13
1.59143e-13
1.65005e-13
1.70589e-13
1.75906e-13
1.8097e-13
1.85792e-13
1.90385e-13
1.94759e-13
1.98924e-13
2.02891e-13
2.06669e-13
2.10267e-13
2.13693e-13
2.16957e-13
2.20064e-13
2.54284e-13
2.91912e-13
3.33284e-13
3.78765e-13
4.28758e-13
4.83699e-13
5.44065e-13
6.10374e-13
6.83185e-13
7.63105e-13
8.50784e-13
9.46915e-13
1.05223e-12
1.16752e-12
1.29356e-12
1.43119e-12
1.5812e-12
1.74439e-12
1.92145e-12
2.11297e-12
2.31933e-12
2.54059e-12
2.77641e-12
3.02583e-12
3.28707e-12
3.55725e-12
3.83207e-12
4.10536e-12
4.36866e-12
4.61066e-12
4.81668e-12
4.96825e-12
5.04285e-12
5.01409e-12
4.85261e-12
4.52815e-12
4.01323e-12
3.28902e-12
2.35395e-12
1.23486e-12
5.67071e-35
1.97432e-17
1.33494e-14
2.6047e-14
3.81398e-14
4.96566e-14
6.06247e-14
7.10702e-14
8.1018e-14
9.04918e-14
9.95142e-14
1.08107e-13
1.1629e-13
1.24083e-13
1.31504e-13
1.38572e-13
1.45303e-13
1.51713e-13
1.57818e-13
1.63632e-13
1.69169e-13
1.74442e-13
1.79464e-13
1.84246e-13
1.88801e-13
1.93138e-13
1.97269e-13
2.01203e-13
2.04949e-13
2.08517e-13
2.11915e-13
2.15151e-13
2.18233e-13
2.52168e-13
2.89483e-13
3.3051e-13
3.75614e-13
4.2519e-13
4.79674e-13
5.39538e-13
6.05296e-13
6.77502e-13
7.56757e-13
8.43707e-13
9.39039e-13
1.04348e-12
1.15781e-12
1.28281e-12
1.41929e-12
1.56806e-12
1.7299e-12
1.9055e-12
2.09543e-12
2.30009e-12
2.51953e-12
2.75341e-12
3.00079e-12
3.2599e-12
3.52789e-12
3.80049e-12
4.0716e-12
4.33282e-12
4.57294e-12
4.7774e-12
4.92789e-12
5.00206e-12
4.97373e-12
4.81376e-12
4.49211e-12
3.98147e-12
3.26315e-12
2.33553e-12
1.22524e-12
4.02805e-35
1.96628e-17
1.32951e-14
2.5941e-14
3.79846e-14
4.94545e-14
6.03779e-14
7.07809e-14
8.06883e-14
9.01235e-14
9.91092e-14
1.07667e-13
1.15816e-13
1.23578e-13
1.30969e-13
1.38008e-13
1.44712e-13
1.51096e-13
1.57176e-13
1.62966e-13
1.6848e-13
1.73732e-13
1.78733e-13
1.83496e-13
1.88032e-13
1.92352e-13
1.96466e-13
2.00384e-13
2.04115e-13
2.07669e-13
2.11053e-13
2.14276e-13
2.17345e-13
2.51142e-13
2.88305e-13
3.29165e-13
3.74085e-13
4.2346e-13
4.77722e-13
5.37343e-13
6.02833e-13
6.74745e-13
7.53678e-13
8.40274e-13
9.35219e-13
1.03924e-12
1.1531e-12
1.27759e-12
1.41352e-12
1.56169e-12
1.72287e-12
1.89776e-12
2.08693e-12
2.29075e-12
2.50931e-12
2.74225e-12
2.98864e-12
3.24672e-12
3.51364e-12
3.78517e-12
4.05522e-12
4.31543e-12
4.55464e-12
4.75834e-12
4.90831e-12
4.98227e-12
4.95414e-12
4.7949e-12
4.47461e-12
3.96606e-12
3.25059e-12
2.32659e-12
1.22056e-12
1.28728e-35
1.95951e-17
1.32493e-14
2.58517e-14
3.78538e-14
4.92842e-14
6.01701e-14
7.05372e-14
8.04105e-14
8.98132e-14
9.87679e-14
1.07296e-13
1.15417e-13
1.23152e-13
1.30518e-13
1.37533e-13
1.44214e-13
1.50576e-13
1.56635e-13
1.62405e-13
1.679e-13
1.73134e-13
1.78118e-13
1.82864e-13
1.87385e-13
1.9169e-13
1.95789e-13
1.99694e-13
2.03412e-13
2.06954e-13
2.10326e-13
2.13538e-13
2.16597e-13
2.50277e-13
2.87313e-13
3.28032e-13
3.72797e-13
4.22002e-13
4.76078e-13
5.35493e-13
6.00757e-13
6.72422e-13
7.51084e-13
8.37382e-13
9.32001e-13
1.03566e-12
1.14913e-12
1.2732e-12
1.40866e-12
1.55632e-12
1.71695e-12
1.89124e-12
2.07976e-12
2.28289e-12
2.5007e-12
2.73285e-12
2.9784e-12
3.23561e-12
3.50164e-12
3.77226e-12
4.04141e-12
4.30077e-12
4.5392e-12
4.74227e-12
4.89178e-12
4.96556e-12
4.93761e-12
4.77898e-12
4.45984e-12
3.95304e-12
3.23998e-12
2.31903e-12
1.21661e-12
-1.6293e-36
1.94376e-17
1.31428e-14
2.56439e-14
3.75495e-14
4.8888e-14
5.96864e-14
6.99702e-14
7.97641e-14
8.90913e-14
9.7974e-14
1.06433e-13
1.1449e-13
1.22162e-13
1.29469e-13
1.36427e-13
1.43054e-13
1.49365e-13
1.55376e-13
1.611e-13
1.66551e-13
1.71742e-13
1.76686e-13
1.81394e-13
1.85878e-13
1.90149e-13
1.94216e-13
1.98089e-13
2.01777e-13
2.0529e-13
2.08635e-13
2.11821e-13
2.14856e-13
2.48266e-13
2.85003e-13
3.25395e-13
3.698e-13
4.1861e-13
4.72251e-13
5.31189e-13
5.95929e-13
6.67018e-13
7.45048e-13
8.30653e-13
9.24512e-13
1.02734e-12
1.1399e-12
1.26297e-12
1.39735e-12
1.54382e-12
1.70316e-12
1.87606e-12
2.06308e-12
2.26458e-12
2.48066e-12
2.71097e-12
2.95457e-12
3.20974e-12
3.47368e-12
3.74218e-12
4.00924e-12
4.2666e-12
4.50322e-12
4.70478e-12
4.85323e-12
4.92657e-12
4.89898e-12
4.74177e-12
4.42527e-12
3.92255e-12
3.2151e-12
2.3013e-12
1.20733e-12
-2.08843e-36
1.92711e-17
1.30302e-14
2.54242e-14
3.72279e-14
4.84693e-14
5.91751e-14
6.93709e-14
7.90808e-14
8.83281e-14
9.71347e-14
1.05522e-13
1.13509e-13
1.21116e-13
1.2836e-13
1.35259e-13
1.41829e-13
1.48086e-13
1.54045e-13
1.5972e-13
1.65124e-13
1.70271e-13
1.75173e-13
1.79841e-13
1.84286e-13
1.8852e-13
1.92552e-13
1.96392e-13
2.00049e-13
2.03532e-13
2.06848e-13
2.10007e-13
2.13015e-13
2.46139e-13
2.82562e-13
3.22608e-13
3.66633e-13
4.15025e-13
4.68206e-13
5.26639e-13
5.90825e-13
6.61306e-13
7.38668e-13
8.2354e-13
9.16595e-13
1.01855e-12
1.13014e-12
1.25216e-12
1.38539e-12
1.53061e-12
1.68859e-12
1.86001e-12
2.04544e-12
2.24523e-12
2.45947e-12
2.68782e-12
2.92936e-12
3.18238e-12
3.4441e-12
3.71035e-12
3.97519e-12
4.23042e-12
4.46511e-12
4.66506e-12
4.81236e-12
4.88521e-12
4.858e-12
4.70225e-12
4.38854e-12
3.89012e-12
3.18863e-12
2.28242e-12
1.19745e-12
-1.89887e-36
1.91006e-17
1.29149e-14
2.51993e-14
3.68985e-14
4.80404e-14
5.86515e-14
6.8757e-14
7.83811e-14
8.75465e-14
9.62752e-14
1.04588e-13
1.12505e-13
1.20044e-13
1.27224e-13
1.34062e-13
1.40574e-13
1.46776e-13
1.52682e-13
1.58306e-13
1.63663e-13
1.68764e-13
1.73623e-13
1.78249e-13
1.82656e-13
1.86852e-13
1.90848e-13
1.94654e-13
1.98279e-13
2.01731e-13
2.05018e-13
2.08149e-13
2.1113e-13
2.43961e-13
2.80062e-13
3.19754e-13
3.63389e-13
4.11352e-13
4.64064e-13
5.2198e-13
5.85598e-13
6.55455e-13
7.32133e-13
8.16254e-13
9.08487e-13
1.00954e-12
1.12015e-12
1.24108e-12
1.37314e-12
1.51708e-12
1.67367e-12
1.84358e-12
2.02737e-12
2.2254e-12
2.43776e-12
2.66411e-12
2.90353e-12
3.15434e-12
3.41378e-12
3.67772e-12
3.94028e-12
4.19333e-12
4.42603e-12
4.6243e-12
4.77042e-12
4.84275e-12
4.81591e-12
4.66164e-12
4.35077e-12
3.85677e-12
3.16139e-12
2.26298e-12
1.18728e-12
-1.72234e-36
1.89298e-17
1.27995e-14
2.4974e-14
3.65686e-14
4.76109e-14
5.81271e-14
6.81423e-14
7.76803e-14
8.67638e-14
9.54145e-14
1.03653e-13
1.11499e-13
1.18971e-13
1.26087e-13
1.32863e-13
1.39317e-13
1.45463e-13
1.51317e-13
1.56891e-13
1.622e-13
1.67256e-13
1.7207e-13
1.76656e-13
1.81023e-13
1.85181e-13
1.89142e-13
1.92914e-13
1.96506e-13
1.99927e-13
2.03185e-13
2.06288e-13
2.09243e-13
2.4178e-13
2.77558e-13
3.16895e-13
3.6014e-13
4.07675e-13
4.59915e-13
5.17314e-13
5.80363e-13
6.49596e-13
7.25588e-13
8.08958e-13
9.00367e-13
1.00051e-12
1.11014e-12
1.22999e-12
1.36087e-12
1.50353e-12
1.65872e-12
1.82711e-12
2.00927e-12
2.20554e-12
2.41601e-12
2.64035e-12
2.87766e-12
3.12625e-12
3.3834e-12
3.64503e-12
3.90529e-12
4.15615e-12
4.38684e-12
4.58344e-12
4.72837e-12
4.80016e-12
4.77367e-12
4.62088e-12
4.31286e-12
3.82327e-12
3.13402e-12
2.24344e-12
1.17705e-12
-1.55942e-36
1.87616e-17
1.26858e-14
2.47521e-14
3.62437e-14
4.71879e-14
5.76108e-14
6.7537e-14
7.69902e-14
8.59931e-14
9.45669e-14
1.02732e-13
1.10508e-13
1.17914e-13
1.24966e-13
1.31683e-13
1.3808e-13
1.44171e-13
1.49972e-13
1.55497e-13
1.60759e-13
1.6577e-13
1.70542e-13
1.75086e-13
1.79414e-13
1.83536e-13
1.87462e-13
1.912e-13
1.9476e-13
1.98151e-13
2.0138e-13
2.04455e-13
2.07384e-13
2.39632e-13
2.75092e-13
3.1408e-13
3.56941e-13
4.04054e-13
4.5583e-13
5.12718e-13
5.75208e-13
6.43826e-13
7.19144e-13
8.01774e-13
8.92371e-13
9.91629e-13
1.10028e-12
1.21907e-12
1.34879e-12
1.49018e-12
1.644e-12
1.8109e-12
1.99144e-12
2.18598e-12
2.39459e-12
2.61696e-12
2.85217e-12
3.09858e-12
3.35348e-12
3.61282e-12
3.87082e-12
4.11951e-12
4.34823e-12
4.54317e-12
4.6869e-12
4.75816e-12
4.73201e-12
4.58067e-12
4.27543e-12
3.79019e-12
3.10699e-12
2.22414e-12
1.16694e-12
-1.41007e-36
1.85982e-17
1.25752e-14
2.45364e-14
3.59279e-14
4.67768e-14
5.71088e-14
6.69485e-14
7.63194e-14
8.52438e-14
9.37429e-14
1.01837e-13
1.09545e-13
1.16886e-13
1.23878e-13
1.30536e-13
1.36876e-13
1.42915e-13
1.48666e-13
1.54142e-13
1.59358e-13
1.64325e-13
1.69056e-13
1.73561e-13
1.77851e-13
1.81937e-13
1.85828e-13
1.89534e-13
1.93063e-13
1.96425e-13
1.99625e-13
2.02674e-13
2.05577e-13
2.37544e-13
2.72695e-13
3.11343e-13
3.53831e-13
4.00533e-13
4.51858e-13
5.08251e-13
5.70196e-13
6.38217e-13
7.12879e-13
7.94789e-13
8.84597e-13
9.82992e-13
1.0907e-12
1.20846e-12
1.33704e-12
1.47721e-12
1.62969e-12
1.79514e-12
1.97411e-12
2.16696e-12
2.37377e-12
2.59421e-12
2.82739e-12
3.07167e-12
3.32438e-12
3.5815e-12
3.8373e-12
4.08387e-12
4.31067e-12
4.50399e-12
4.64656e-12
4.71729e-12
4.69146e-12
4.54152e-12
4.239e-12
3.75798e-12
3.08066e-12
2.20533e-12
1.15709e-12
-1.27386e-36
1.84409e-17
1.24689e-14
2.43289e-14
3.56241e-14
4.63811e-14
5.66258e-14
6.63823e-14
7.56739e-14
8.45228e-14
9.295e-14
1.00976e-13
1.08619e-13
1.15898e-13
1.2283e-13
1.29432e-13
1.35719e-13
1.41706e-13
1.47408e-13
1.52839e-13
1.5801e-13
1.62936e-13
1.67626e-13
1.72093e-13
1.76347e-13
1.80398e-13
1.84257e-13
1.87931e-13
1.91431e-13
1.94763e-13
1.97937e-13
2.0096e-13
2.03838e-13
2.35535e-13
2.70389e-13
3.0871e-13
3.50839e-13
3.97146e-13
4.48037e-13
5.03953e-13
5.65374e-13
6.3282e-13
7.0685e-13
7.88068e-13
8.77117e-13
9.7468e-13
1.08147e-12
1.19824e-12
1.32574e-12
1.46472e-12
1.61591e-12
1.77997e-12
1.95744e-12
2.14866e-12
2.35373e-12
2.57232e-12
2.80354e-12
3.04578e-12
3.29638e-12
3.55135e-12
3.80503e-12
4.04957e-12
4.27451e-12
4.46627e-12
4.60771e-12
4.67793e-12
4.65241e-12
4.5038e-12
4.20389e-12
3.72694e-12
3.05527e-12
2.18721e-12
1.14759e-12
-1.15013e-36
1.82907e-17
1.23673e-14
2.41309e-14
3.5334e-14
4.60036e-14
5.61648e-14
6.58418e-14
7.50578e-14
8.38347e-14
9.21933e-14
1.00154e-13
1.07735e-13
1.14954e-13
1.2183e-13
1.28378e-13
1.34614e-13
1.40553e-13
1.46208e-13
1.51594e-13
1.56724e-13
1.61609e-13
1.66261e-13
1.70692e-13
1.74911e-13
1.7893e-13
1.82757e-13
1.86401e-13
1.89872e-13
1.93178e-13
1.96326e-13
1.99324e-13
2.02179e-13
2.33618e-13
2.68188e-13
3.06197e-13
3.47982e-13
3.93913e-13
4.44389e-13
4.99851e-13
5.60772e-13
6.27668e-13
7.01096e-13
7.81654e-13
8.69978e-13
9.66747e-13
1.07267e-12
1.18849e-12
1.31495e-12
1.45281e-12
1.60277e-12
1.7655e-12
1.94152e-12
2.1312e-12
2.3346e-12
2.55142e-12
2.78078e-12
3.02106e-12
3.26964e-12
3.52257e-12
3.77422e-12
4.01682e-12
4.23998e-12
4.43025e-12
4.57061e-12
4.64034e-12
4.6151e-12
4.46778e-12
4.17034e-12
3.69728e-12
3.03102e-12
2.16988e-12
1.13852e-12
-1.03804e-36
1.81484e-17
1.22711e-14
2.39431e-14
3.50591e-14
4.56456e-14
5.57277e-14
6.53295e-14
7.44738e-14
8.31824e-14
9.1476e-14
9.93743e-14
1.06896e-13
1.1406e-13
1.20882e-13
1.27379e-13
1.33566e-13
1.39459e-13
1.45071e-13
1.50415e-13
1.55504e-13
1.60352e-13
1.64968e-13
1.69364e-13
1.7355e-13
1.77537e-13
1.81335e-13
1.84951e-13
1.88395e-13
1.91674e-13
1.94798e-13
1.97773e-13
2.00606e-13
2.318e-13
2.66101e-13
3.03814e-13
3.45275e-13
3.90848e-13
4.40932e-13
4.95961e-13
5.56409e-13
6.22785e-13
6.95642e-13
7.75572e-13
8.6321e-13
9.59227e-13
1.06433e-12
1.17925e-12
1.30472e-12
1.44151e-12
1.59031e-12
1.75177e-12
1.92643e-12
2.11464e-12
2.31647e-12
2.53161e-12
2.7592e-12
2.99763e-12
3.24429e-12
3.49528e-12
3.74501e-12
3.98576e-12
4.20724e-12
4.39608e-12
4.53543e-12
4.60469e-12
4.57971e-12
4.43359e-12
4.13851e-12
3.66913e-12
3.00799e-12
2.15343e-12
1.1299e-12
9.26252e-36
1.80039e-17
1.21734e-14
2.37524e-14
3.47799e-14
4.52821e-14
5.5284e-14
6.48093e-14
7.38808e-14
8.252e-14
9.07476e-14
9.85831e-14
1.06045e-13
1.13152e-13
1.19919e-13
1.26365e-13
1.32503e-13
1.38348e-13
1.43915e-13
1.49217e-13
1.54266e-13
1.59075e-13
1.63654e-13
1.68015e-13
1.72168e-13
1.76124e-13
1.79891e-13
1.83478e-13
1.86895e-13
1.90148e-13
1.93247e-13
1.96198e-13
1.99008e-13
2.29954e-13
2.63982e-13
3.01395e-13
3.42526e-13
3.87736e-13
4.37421e-13
4.92013e-13
5.51979e-13
6.17826e-13
6.90103e-13
7.69398e-13
8.56338e-13
9.51591e-13
1.05586e-12
1.16986e-12
1.29434e-12
1.43004e-12
1.57765e-12
1.73784e-12
1.91111e-12
2.09782e-12
2.29805e-12
2.51149e-12
2.73728e-12
2.97383e-12
3.21855e-12
3.46757e-12
3.71535e-12
3.95422e-12
4.17399e-12
4.36139e-12
4.49969e-12
4.56847e-12
4.54377e-12
4.39887e-12
4.10618e-12
3.64053e-12
2.9846e-12
2.13671e-12
1.12114e-12
2.0373e-35
1.78463e-17
1.20668e-14
2.35445e-14
3.44755e-14
4.48857e-14
5.48e-14
6.4242e-14
7.3234e-14
8.17976e-14
8.99531e-14
9.772e-14
1.05117e-13
1.12161e-13
1.1887e-13
1.25258e-13
1.31343e-13
1.37137e-13
1.42656e-13
1.47911e-13
1.52916e-13
1.57682e-13
1.62221e-13
1.66544e-13
1.70661e-13
1.74582e-13
1.78316e-13
1.81872e-13
1.85258e-13
1.88484e-13
1.91555e-13
1.9448e-13
1.97266e-13
2.27941e-13
2.61671e-13
2.98757e-13
3.39527e-13
3.84341e-13
4.33592e-13
4.87705e-13
5.47147e-13
6.12418e-13
6.84063e-13
7.62663e-13
8.48843e-13
9.43263e-13
1.04662e-12
1.15962e-12
1.28302e-12
1.41753e-12
1.56385e-12
1.72264e-12
1.8944e-12
2.07948e-12
2.27797e-12
2.48955e-12
2.71337e-12
2.94787e-12
3.19048e-12
3.43735e-12
3.68299e-12
3.91982e-12
4.13772e-12
4.32354e-12
4.4607e-12
4.52896e-12
4.50455e-12
4.36099e-12
4.0709e-12
3.60933e-12
2.95908e-12
2.11848e-12
1.11158e-12
2.22189e-35
1.76745e-17
1.19507e-14
2.33179e-14
3.41436e-14
4.44537e-14
5.42726e-14
6.36236e-14
7.25291e-14
8.10103e-14
8.90873e-14
9.67795e-14
1.04105e-13
1.11082e-13
1.17726e-13
1.24053e-13
1.30079e-13
1.35817e-13
1.41283e-13
1.46487e-13
1.51444e-13
1.56164e-13
1.6066e-13
1.64941e-13
1.69019e-13
1.72902e-13
1.766e-13
1.80121e-13
1.83475e-13
1.8667e-13
1.89711e-13
1.92608e-13
1.95367e-13
2.25747e-13
2.59153e-13
2.95881e-13
3.36259e-13
3.80642e-13
4.29419e-13
4.83012e-13
5.41881e-13
6.06525e-13
6.7748e-13
7.55324e-13
8.40675e-13
9.34186e-13
1.03655e-12
1.14847e-12
1.27067e-12
1.40389e-12
1.54881e-12
1.70607e-12
1.87618e-12
2.05949e-12
2.25608e-12
2.46563e-12
2.68732e-12
2.91958e-12
3.15988e-12
3.40441e-12
3.64772e-12
3.88232e-12
4.09819e-12
4.28229e-12
4.41821e-12
4.48589e-12
4.4618e-12
4.3197e-12
4.03244e-12
3.57531e-12
2.93125e-12
2.0986e-12
1.10117e-12
2.42112e-35
1.74875e-17
1.18242e-14
2.30712e-14
3.37824e-14
4.39833e-14
5.36983e-14
6.29504e-14
7.17617e-14
8.01531e-14
8.81447e-14
9.57554e-14
1.03003e-13
1.09906e-13
1.1648e-13
1.2274e-13
1.28702e-13
1.3438e-13
1.39788e-13
1.44937e-13
1.49842e-13
1.54512e-13
1.5896e-13
1.63196e-13
1.6723e-13
1.71072e-13
1.74731e-13
1.78216e-13
1.81534e-13
1.84694e-13
1.87704e-13
1.90571e-13
1.933e-13
2.23359e-13
2.56411e-13
2.92751e-13
3.32701e-13
3.76615e-13
4.24875e-13
4.77901e-13
5.36148e-13
6.00108e-13
6.70312e-13
7.47333e-13
8.31782e-13
9.24304e-13
1.02558e-12
1.13632e-12
1.25723e-12
1.38904e-12
1.53244e-12
1.68803e-12
1.85635e-12
2.03773e-12
2.23225e-12
2.4396e-12
2.65896e-12
2.88878e-12
3.12656e-12
3.36854e-12
3.60932e-12
3.84149e-12
4.05514e-12
4.23737e-12
4.37194e-12
4.43899e-12
4.41525e-12
4.27472e-12
3.99055e-12
3.53826e-12
2.90094e-12
2.07694e-12
1.08982e-12
1.48378e-35
1.74543e-17
1.18018e-14
2.30274e-14
3.37183e-14
4.38999e-14
5.35965e-14
6.28311e-14
7.16256e-14
8.00011e-14
8.79775e-14
9.55739e-14
1.02808e-13
1.09698e-13
1.16259e-13
1.22508e-13
1.28458e-13
1.34125e-13
1.39523e-13
1.44662e-13
1.49557e-13
1.54219e-13
1.58659e-13
1.62887e-13
1.66913e-13
1.70748e-13
1.744e-13
1.77878e-13
1.8119e-13
1.84344e-13
1.87348e-13
1.90209e-13
1.92934e-13
2.22935e-13
2.55924e-13
2.92196e-13
3.3207e-13
3.75901e-13
4.24069e-13
4.76995e-13
5.35131e-13
5.9897e-13
6.69041e-13
7.45916e-13
8.30205e-13
9.22552e-13
1.02364e-12
1.13416e-12
1.25485e-12
1.38641e-12
1.52953e-12
1.68484e-12
1.85284e-12
2.03387e-12
2.22802e-12
2.43498e-12
2.65393e-12
2.88332e-12
3.12065e-12
3.36217e-12
3.60251e-12
3.83425e-12
4.0475e-12
4.2294e-12
4.36373e-12
4.43068e-12
4.40699e-12
4.26675e-12
3.98313e-12
3.53169e-12
2.89556e-12
2.0731e-12
1.08781e-12
1.375e-35
1.72841e-17
1.16867e-14
2.28028e-14
3.33894e-14
4.34717e-14
5.30737e-14
6.22182e-14
7.0927e-14
7.92208e-14
8.71194e-14
9.46416e-14
1.01805e-13
1.08628e-13
1.15125e-13
1.21313e-13
1.27205e-13
1.32817e-13
1.38162e-13
1.43251e-13
1.48099e-13
1.52715e-13
1.57111e-13
1.61298e-13
1.65285e-13
1.69082e-13
1.72699e-13
1.76143e-13
1.79422e-13
1.82546e-13
1.85521e-13
1.88354e-13
1.91052e-13
2.20761e-13
2.53428e-13
2.89346e-13
3.28832e-13
3.72234e-13
4.19933e-13
4.72343e-13
5.29912e-13
5.93128e-13
6.62516e-13
7.38642e-13
8.22108e-13
9.13556e-13
1.01366e-12
1.12311e-12
1.24262e-12
1.3729e-12
1.51462e-12
1.66842e-12
1.83478e-12
2.01406e-12
2.20632e-12
2.41128e-12
2.6281e-12
2.85527e-12
3.09032e-12
3.32952e-12
3.56755e-12
3.79708e-12
4.00831e-12
4.1885e-12
4.3216e-12
4.38797e-12
4.3646e-12
4.22579e-12
3.94498e-12
3.49794e-12
2.86796e-12
2.05337e-12
1.07747e-12
2.64331e-35
1.70631e-17
1.15373e-14
2.25112e-14
3.29625e-14
4.29159e-14
5.23951e-14
6.14227e-14
7.00201e-14
7.82079e-14
8.60055e-14
9.34316e-14
1.00504e-13
1.07239e-13
1.13653e-13
1.19762e-13
1.25579e-13
1.31119e-13
1.36395e-13
1.4142e-13
1.46205e-13
1.50762e-13
1.55102e-13
1.59236e-13
1.63172e-13
1.6692e-13
1.70491e-13
1.7389e-13
1.77128e-13
1.80212e-13
1.83149e-13
1.85946e-13
1.88609e-13
2.17938e-13
2.50188e-13
2.85646e-13
3.24627e-13
3.67475e-13
4.14564e-13
4.66304e-13
5.23137e-13
5.85545e-13
6.54047e-13
7.29199e-13
8.11599e-13
9.01878e-13
1.0007e-12
1.10875e-12
1.22674e-12
1.35535e-12
1.49527e-12
1.6471e-12
1.81135e-12
1.98834e-12
2.17816e-12
2.38051e-12
2.59458e-12
2.81887e-12
3.05094e-12
3.28712e-12
3.52216e-12
3.74882e-12
3.95742e-12
4.1354e-12
4.26689e-12
4.33252e-12
4.30955e-12
4.17261e-12
3.89544e-12
3.45412e-12
2.83211e-12
2.02775e-12
1.06404e-12
3.11364e-35
1.68233e-17
1.13751e-14
2.21949e-14
3.24993e-14
4.23128e-14
5.16588e-14
6.05595e-14
6.90361e-14
7.71088e-14
8.47968e-14
9.21185e-14
9.90913e-14
1.05732e-13
1.12056e-13
1.18078e-13
1.23814e-13
1.29276e-13
1.34478e-13
1.39432e-13
1.4415e-13
1.48644e-13
1.52923e-13
1.56998e-13
1.60879e-13
1.64575e-13
1.68095e-13
1.71447e-13
1.74639e-13
1.77679e-13
1.80575e-13
1.83332e-13
1.85959e-13
2.14875e-13
2.46672e-13
2.81632e-13
3.20065e-13
3.62311e-13
4.08739e-13
4.59751e-13
5.15786e-13
5.77317e-13
6.44856e-13
7.18953e-13
8.00196e-13
8.89207e-13
9.86641e-13
1.09318e-12
1.20951e-12
1.33632e-12
1.47427e-12
1.62398e-12
1.78592e-12
1.96044e-12
2.1476e-12
2.34712e-12
2.5582e-12
2.77937e-12
3.00821e-12
3.24112e-12
3.47291e-12
3.69645e-12
3.9022e-12
4.07777e-12
4.20752e-12
4.27234e-12
4.2498e-12
4.11488e-12
3.84167e-12
3.40654e-12
2.79319e-12
1.99993e-12
1.04947e-12
3.37799e-35
1.65634e-17
1.11994e-14
2.18521e-14
3.19973e-14
4.16592e-14
5.08609e-14
5.96241e-14
6.79698e-14
7.59178e-14
8.34871e-14
9.06957e-14
9.75607e-14
1.04099e-13
1.10325e-13
1.16255e-13
1.21902e-13
1.2728e-13
1.32401e-13
1.37279e-13
1.41924e-13
1.46348e-13
1.50561e-13
1.54573e-13
1.58394e-13
1.62033e-13
1.65498e-13
1.68799e-13
1.71942e-13
1.74935e-13
1.77786e-13
1.80501e-13
1.83086e-13
2.11556e-13
2.42862e-13
2.77282e-13
3.15122e-13
3.56715e-13
4.02426e-13
4.5265e-13
5.0782e-13
5.68401e-13
6.34897e-13
7.0785e-13
7.87839e-13
8.75476e-13
9.71406e-13
1.0763e-12
1.19083e-12
1.31569e-12
1.45152e-12
1.59891e-12
1.75837e-12
1.9302e-12
2.11448e-12
2.31093e-12
2.51878e-12
2.73656e-12
2.9619e-12
3.19126e-12
3.41953e-12
3.63968e-12
3.84234e-12
4.0153e-12
4.14316e-12
4.2071e-12
4.18504e-12
4.0523e-12
3.78337e-12
3.35496e-12
2.75098e-12
1.96977e-12
1.03366e-12
3.65971e-35
1.62823e-17
1.10093e-14
2.14811e-14
3.14541e-14
4.09521e-14
4.99975e-14
5.8612e-14
6.6816e-14
7.46291e-14
8.20699e-14
8.91561e-14
9.59047e-14
1.02332e-13
1.08452e-13
1.14281e-13
1.19832e-13
1.25119e-13
1.30154e-13
1.34949e-13
1.39515e-13
1.43863e-13
1.48005e-13
1.51949e-13
1.55705e-13
1.59282e-13
1.62689e-13
1.65933e-13
1.69023e-13
1.71966e-13
1.74768e-13
1.77437e-13
1.79979e-13
2.07965e-13
2.3874e-13
2.72575e-13
3.09773e-13
3.5066e-13
3.95595e-13
4.44967e-13
4.992e-13
5.58753e-13
6.24121e-13
6.95837e-13
7.74468e-13
8.60618e-13
9.54922e-13
1.05803e-12
1.17063e-12
1.29337e-12
1.4269e-12
1.5718e-12
1.72855e-12
1.89747e-12
2.07864e-12
2.27178e-12
2.47612e-12
2.69023e-12
2.91179e-12
3.1373e-12
3.36176e-12
3.57826e-12
3.77757e-12
3.9477e-12
4.07351e-12
4.13649e-12
4.11493e-12
3.98455e-12
3.72026e-12
3.29912e-12
2.70529e-12
1.93711e-12
1.01655e-12
3.95889e-35
1.59786e-17
1.0804e-14
2.10804e-14
3.08674e-14
4.01882e-14
4.90649e-14
5.75187e-14
6.55697e-14
7.32371e-14
8.05391e-14
8.74931e-14
9.41158e-14
1.00423e-13
1.06429e-13
1.1215e-13
1.17597e-13
1.22785e-13
1.27726e-13
1.32431e-13
1.36912e-13
1.4118e-13
1.45244e-13
1.49115e-13
1.52801e-13
1.56311e-13
1.59654e-13
1.62838e-13
1.6587e-13
1.68758e-13
1.71508e-13
1.74127e-13
1.76621e-13
2.04086e-13
2.34286e-13
2.67491e-13
3.03995e-13
3.44119e-13
3.88216e-13
4.36668e-13
4.8989e-13
5.48332e-13
6.12481e-13
6.82859e-13
7.60025e-13
8.44569e-13
9.37115e-13
1.03831e-12
1.1488e-12
1.26926e-12
1.4003e-12
1.5425e-12
1.69634e-12
1.86212e-12
2.03993e-12
2.22948e-12
2.43004e-12
2.64019e-12
2.85766e-12
3.07901e-12
3.29935e-12
3.51189e-12
3.70758e-12
3.87465e-12
3.99824e-12
4.06019e-12
4.03916e-12
3.91133e-12
3.65204e-12
3.23876e-12
2.65589e-12
1.90181e-12
9.98042e-13
4.27536e-35
1.56511e-17
1.05825e-14
2.06484e-14
3.02348e-14
3.93645e-14
4.80593e-14
5.63398e-14
6.42258e-14
7.1736e-14
7.88884e-14
8.56999e-14
9.21868e-14
9.83646e-14
1.04248e-13
1.09851e-13
1.15187e-13
1.20269e-13
1.25108e-13
1.29717e-13
1.34106e-13
1.38286e-13
1.42267e-13
1.46058e-13
1.49669e-13
1.53107e-13
1.56382e-13
1.59501e-13
1.62471e-13
1.65299e-13
1.67993e-13
1.70558e-13
1.73001e-13
1.99903e-13
2.29485e-13
2.62009e-13
2.97764e-13
3.37067e-13
3.8026e-13
4.27719e-13
4.7985e-13
5.37095e-13
5.99929e-13
6.68866e-13
7.4445e-13
8.27263e-13
9.17914e-13
1.01703e-12
1.12527e-12
1.24326e-12
1.37162e-12
1.51091e-12
1.66161e-12
1.824e-12
1.99818e-12
2.18387e-12
2.38034e-12
2.58622e-12
2.79928e-12
3.01615e-12
3.23204e-12
3.44031e-12
3.63209e-12
3.79586e-12
3.91705e-12
3.97788e-12
3.95743e-12
3.83234e-12
3.57844e-12
3.17362e-12
2.60259e-12
1.86371e-12
9.78072e-13
4.60862e-35
1.52986e-17
1.03442e-14
2.01834e-14
2.9554e-14
3.84781e-14
4.69771e-14
5.50712e-14
6.27796e-14
7.01207e-14
7.7112e-14
8.37701e-14
9.0111e-14
9.61496e-14
1.01901e-13
1.07377e-13
1.12593e-13
1.1756e-13
1.22291e-13
1.26796e-13
1.31087e-13
1.35173e-13
1.39064e-13
1.4277e-13
1.46299e-13
1.4966e-13
1.52861e-13
1.55909e-13
1.58812e-13
1.61577e-13
1.6421e-13
1.66718e-13
1.69106e-13
1.95402e-13
2.24317e-13
2.56109e-13
2.9106e-13
3.29477e-13
3.71698e-13
4.18088e-13
4.69045e-13
5.25002e-13
5.86422e-13
6.53807e-13
7.2769e-13
8.0864e-13
8.9725e-13
9.9414e-13
1.09994e-12
1.21528e-12
1.34075e-12
1.47692e-12
1.62423e-12
1.78298e-12
1.95325e-12
2.13478e-12
2.32686e-12
2.52814e-12
2.73644e-12
2.94849e-12
3.15959e-12
3.36326e-12
3.55084e-12
3.71105e-12
3.82965e-12
3.88927e-12
3.86942e-12
3.74728e-12
3.49918e-12
3.10348e-12
2.54518e-12
1.82267e-12
9.56562e-13
4.95778e-35
1.49202e-17
1.00884e-14
1.96842e-14
2.88229e-14
3.75263e-14
4.5815e-14
5.37089e-14
6.12266e-14
6.83861e-14
7.52045e-14
8.16979e-14
8.78819e-14
9.37712e-14
9.93799e-14
1.04721e-13
1.09808e-13
1.14652e-13
1.19266e-13
1.2366e-13
1.27844e-13
1.31829e-13
1.35624e-13
1.39238e-13
1.4268e-13
1.45958e-13
1.4908e-13
1.52053e-13
1.54884e-13
1.5758e-13
1.60148e-13
1.62594e-13
1.64923e-13
1.90569e-13
2.18768e-13
2.49774e-13
2.8386e-13
3.21327e-13
3.62504e-13
4.07746e-13
4.57444e-13
5.12016e-13
5.71918e-13
6.37636e-13
7.09693e-13
7.88641e-13
8.75062e-13
9.69557e-13
1.07274e-12
1.18523e-12
1.30761e-12
1.44041e-12
1.58409e-12
1.73893e-12
1.905e-12
2.08206e-12
2.26942e-12
2.46576e-12
2.66896e-12
2.87583e-12
3.08178e-12
3.28051e-12
3.46356e-12
3.61994e-12
3.73577e-12
3.79407e-12
3.77487e-12
3.65589e-12
3.41401e-12
3.0281e-12
2.48348e-12
1.77856e-12
9.3344e-13
5.3215e-35
1.45148e-17
9.81425e-15
1.91493e-14
2.80397e-14
3.65067e-14
4.45702e-14
5.22496e-14
5.9563e-14
6.6528e-14
7.31611e-14
7.94781e-14
8.54941e-14
9.12234e-14
9.66796e-14
1.01876e-13
1.06824e-13
1.11537e-13
1.16025e-13
1.203e-13
1.2437e-13
1.28247e-13
1.31939e-13
1.35455e-13
1.38803e-13
1.41992e-13
1.45029e-13
1.47921e-13
1.50676e-13
1.53299e-13
1.55797e-13
1.58176e-13
1.60442e-13
1.85391e-13
2.12824e-13
2.42987e-13
2.76147e-13
3.12597e-13
3.52655e-13
3.96668e-13
4.45015e-13
4.98105e-13
5.5638e-13
6.20313e-13
6.90413e-13
7.67218e-13
8.51292e-13
9.43222e-13
1.04361e-12
1.15304e-12
1.2721e-12
1.40131e-12
1.54109e-12
1.69173e-12
1.85331e-12
2.02559e-12
2.20788e-12
2.39893e-12
2.59666e-12
2.79797e-12
2.99841e-12
3.19184e-12
3.37004e-12
3.52231e-12
3.63515e-12
3.69203e-12
3.67353e-12
3.55793e-12
3.32271e-12
2.94727e-12
2.41732e-12
1.73125e-12
9.08644e-13
5.69789e-35
1.40817e-17
9.52139e-15
1.85779e-14
2.7203e-14
3.54173e-14
4.32402e-14
5.06904e-14
5.77856e-14
6.45428e-14
7.09779e-14
7.71064e-14
8.29429e-14
8.85012e-14
9.37947e-14
9.88358e-14
1.03637e-13
1.08209e-13
1.12563e-13
1.1671e-13
1.20659e-13
1.2442e-13
1.28002e-13
1.31413e-13
1.34661e-13
1.37755e-13
1.40701e-13
1.43507e-13
1.46179e-13
1.48724e-13
1.51148e-13
1.53456e-13
1.55654e-13
1.79859e-13
2.06474e-13
2.35737e-13
2.67907e-13
3.03269e-13
3.42132e-13
3.84832e-13
4.31737e-13
4.83243e-13
5.39779e-13
6.01806e-13
6.69815e-13
7.44329e-13
8.25896e-13
9.15085e-13
1.01248e-12
1.11865e-12
1.23416e-12
1.35952e-12
1.49514e-12
1.64131e-12
1.79809e-12
1.96524e-12
2.14213e-12
2.32752e-12
2.5194e-12
2.71477e-12
2.90932e-12
3.09708e-12
3.27008e-12
3.41796e-12
3.5276e-12
3.58296e-12
3.56518e-12
3.45318e-12
3.22507e-12
2.86084e-12
2.34656e-12
1.68066e-12
8.8212e-13
6.08442e-35
1.36202e-17
9.20939e-15
1.79691e-14
2.63116e-14
3.42567e-14
4.18233e-14
4.90294e-14
5.58921e-14
6.24278e-14
6.86521e-14
7.45798e-14
8.0225e-14
8.56012e-14
9.07212e-14
9.55972e-14
1.00241e-13
1.04663e-13
1.08875e-13
1.12886e-13
1.16705e-13
1.20343e-13
1.23807e-13
1.27107e-13
1.30249e-13
1.33241e-13
1.36091e-13
1.38805e-13
1.41389e-13
1.43851e-13
1.46195e-13
1.48427e-13
1.50554e-13
1.73965e-13
1.99708e-13
2.28012e-13
2.59129e-13
2.93332e-13
3.30921e-13
3.72222e-13
4.17591e-13
4.67409e-13
5.22093e-13
5.82088e-13
6.4787e-13
7.19943e-13
7.9884e-13
8.85109e-13
9.79314e-13
1.08201e-12
1.19375e-12
1.31501e-12
1.44619e-12
1.58758e-12
1.73924e-12
1.90095e-12
2.07207e-12
2.25143e-12
2.43708e-12
2.62612e-12
2.81438e-12
2.9961e-12
3.16356e-12
3.30674e-12
3.41296e-12
3.46669e-12
3.44968e-12
3.3415e-12
3.12097e-12
2.76866e-12
2.27109e-12
1.62669e-12
8.53827e-13
6.47786e-35
1.31302e-17
8.87806e-15
1.73226e-14
2.5365e-14
3.30242e-14
4.03186e-14
4.72654e-14
5.38813e-14
6.01818e-14
6.61822e-14
7.18966e-14
7.73387e-14
8.25215e-14
8.74573e-14
9.21578e-14
9.66344e-14
1.00898e-13
1.04958e-13
1.08824e-13
1.12507e-13
1.16013e-13
1.19353e-13
1.22534e-13
1.25563e-13
1.28447e-13
1.31195e-13
1.33811e-13
1.36303e-13
1.38675e-13
1.40935e-13
1.43087e-13
1.45137e-13
1.67706e-13
1.92523e-13
2.19809e-13
2.49806e-13
2.82779e-13
3.19016e-13
3.58832e-13
4.02568e-13
4.50595e-13
5.03312e-13
5.61149e-13
6.24565e-13
6.94047e-13
7.70107e-13
8.53276e-13
9.44095e-13
1.0431e-12
1.15083e-12
1.26773e-12
1.39421e-12
1.53053e-12
1.67675e-12
1.83267e-12
1.99767e-12
2.17061e-12
2.34964e-12
2.53196e-12
2.71353e-12
2.88882e-12
3.0504e-12
3.18858e-12
3.29116e-12
3.34314e-12
3.32693e-12
3.2228e-12
3.0103e-12
2.67067e-12
2.19085e-12
1.56931e-12
8.23739e-13
6.87419e-35
1.26116e-17
8.52743e-15
1.66385e-14
2.43632e-14
3.172e-14
3.87262e-14
4.53987e-14
5.17533e-14
5.7805e-14
6.35684e-14
6.90571e-14
7.42843e-14
7.92624e-14
8.40032e-14
8.85181e-14
9.28179e-14
9.69127e-14
1.00812e-13
1.04526e-13
1.08063e-13
1.11432e-13
1.14639e-13
1.17694e-13
1.20604e-13
1.23374e-13
1.26013e-13
1.28526e-13
1.30919e-13
1.33199e-13
1.35369e-13
1.37436e-13
1.39405e-13
1.61083e-13
1.8492e-13
2.11128e-13
2.3994e-13
2.71611e-13
3.06417e-13
3.44661e-13
3.8667e-13
4.328e-13
4.83436e-13
5.3899e-13
5.99902e-13
6.66642e-13
7.397e-13
8.19586e-13
9.06822e-13
1.00193e-12
1.1054e-12
1.2177e-12
1.33919e-12
1.47014e-12
1.61061e-12
1.7604e-12
1.91892e-12
2.08508e-12
2.2571e-12
2.43228e-12
2.60678e-12
2.77526e-12
2.93059e-12
3.06348e-12
3.16218e-12
3.21231e-12
3.19693e-12
3.09708e-12
2.89307e-12
2.56685e-12
2.10583e-12
1.5085e-12
7.91853e-13
7.26851e-35
1.2065e-17
8.15778e-15
1.59173e-14
2.33071e-14
3.0345e-14
3.70476e-14
4.34308e-14
4.95099e-14
5.52993e-14
6.08129e-14
6.60637e-14
7.10643e-14
7.58266e-14
8.03619e-14
8.46811e-14
8.87945e-14
9.27118e-14
9.64425e-14
9.99954e-14
1.03379e-13
1.06601e-13
1.0967e-13
1.12593e-13
1.15376e-13
1.18027e-13
1.20551e-13
1.22955e-13
1.25244e-13
1.27425e-13
1.29501e-13
1.31479e-13
1.33362e-13
1.541e-13
1.76904e-13
2.01976e-13
2.2954e-13
2.59838e-13
2.93135e-13
3.29721e-13
3.6991e-13
4.14041e-13
4.62482e-13
5.15629e-13
5.73902e-13
6.3775e-13
7.07643e-13
7.8407e-13
8.67528e-13
9.58515e-13
1.05751e-12
1.16495e-12
1.28119e-12
1.40648e-12
1.54088e-12
1.6842e-12
1.83588e-12
1.99489e-12
2.15951e-12
2.32718e-12
2.4942e-12
2.6555e-12
2.80423e-12
2.93153e-12
3.02614e-12
3.07429e-12
3.05977e-12
2.96441e-12
2.76935e-12
2.45727e-12
2.01608e-12
1.4443e-12
7.58186e-13
7.655e-35
1.14911e-17
7.76974e-15
1.51601e-14
2.21985e-14
2.89016e-14
3.52853e-14
4.13649e-14
4.71548e-14
5.26689e-14
5.79201e-14
6.29212e-14
6.76839e-14
7.22197e-14
7.65393e-14
8.06531e-14
8.45708e-14
8.83018e-14
9.1855e-14
9.52389e-14
9.84615e-14
1.01531e-13
1.04453e-13
1.07237e-13
1.09888e-13
1.12412e-13
1.14817e-13
1.17106e-13
1.19287e-13
1.21364e-13
1.23341e-13
1.25225e-13
1.27019e-13
1.4677e-13
1.68489e-13
1.92369e-13
2.18622e-13
2.47478e-13
2.79192e-13
3.14038e-13
3.52315e-13
3.94348e-13
4.40485e-13
4.91105e-13
5.46607e-13
6.07419e-13
6.7399e-13
7.46784e-13
8.26276e-13
9.12941e-13
1.00723e-12
1.10957e-12
1.22029e-12
1.33964e-12
1.46767e-12
1.6042e-12
1.7487e-12
1.90019e-12
2.05704e-12
2.21681e-12
2.37599e-12
2.52972e-12
2.67153e-12
2.79293e-12
2.88322e-12
2.92929e-12
2.91565e-12
2.825e-12
2.63933e-12
2.34209e-12
1.92172e-12
1.37679e-12
7.22784e-13
8.02688e-35
1.08914e-17
7.36425e-15
1.43689e-14
2.104e-14
2.73932e-14
3.34438e-14
3.92061e-14
4.46939e-14
4.99202e-14
5.48974e-14
5.96374e-14
6.41516e-14
6.84507e-14
7.25448e-14
7.64439e-14
8.01572e-14
8.36935e-14
8.70612e-14
9.02685e-14
9.3323e-14
9.62319e-14
9.90021e-14
1.0164e-13
1.04153e-13
1.06546e-13
1.08825e-13
1.10995e-13
1.13062e-13
1.1503e-13
1.16904e-13
1.1869e-13
1.2039e-13
1.39111e-13
1.59696e-13
1.8233e-13
2.07212e-13
2.34563e-13
2.64622e-13
2.9765e-13
3.33929e-13
3.73769e-13
4.17499e-13
4.65478e-13
5.18085e-13
5.75725e-13
6.38823e-13
7.07821e-13
7.83169e-13
8.65315e-13
9.54693e-13
1.0517e-12
1.15666e-12
1.26979e-12
1.39116e-12
1.52059e-12
1.65759e-12
1.80122e-12
1.94994e-12
2.10145e-12
2.25241e-12
2.39824e-12
2.53279e-12
2.64802e-12
2.73379e-12
2.77764e-12
2.76492e-12
2.67917e-12
2.50329e-12
2.22156e-12
1.82298e-12
1.30614e-12
6.85727e-13
8.37643e-35
1.02679e-17
6.94267e-15
1.35464e-14
1.98355e-14
2.58251e-14
3.15293e-14
3.69617e-14
4.21353e-14
4.70624e-14
5.17547e-14
5.62234e-14
6.04792e-14
6.45321e-14
6.8392e-14
7.20678e-14
7.55685e-14
7.89024e-14
8.20773e-14
8.5101e-14
8.79806e-14
9.0723e-14
9.33347e-14
9.58219e-14
9.81906e-14
1.00446e-13
1.02595e-13
1.04641e-13
1.06589e-13
1.08445e-13
1.10212e-13
1.11895e-13
1.13498e-13
1.31147e-13
1.50554e-13
1.71892e-13
1.9535e-13
2.21136e-13
2.49474e-13
2.80611e-13
3.14814e-13
3.52373e-13
3.93601e-13
4.38834e-13
4.8843e-13
5.42772e-13
6.02261e-13
6.67312e-13
7.3835e-13
8.15798e-13
9.00067e-13
9.91527e-13
1.09049e-12
1.19716e-12
1.3116e-12
1.43365e-12
1.56285e-12
1.6983e-12
1.83857e-12
1.98148e-12
2.12389e-12
2.26149e-12
2.38847e-12
2.49727e-12
2.57831e-12
2.61985e-12
2.60805e-12
2.52738e-12
2.36167e-12
2.09607e-12
1.72015e-12
1.23255e-12
6.4713e-13
8.695e-35
9.62325e-18
6.50681e-15
1.26959e-14
1.85902e-14
2.42038e-14
2.95499e-14
3.46413e-14
3.94901e-14
4.41078e-14
4.85055e-14
5.26937e-14
5.66823e-14
6.04808e-14
6.40983e-14
6.75434e-14
7.08243e-14
7.39488e-14
7.69245e-14
7.97584e-14
8.24572e-14
8.50274e-14
8.74751e-14
8.98062e-14
9.20262e-14
9.41404e-14
9.61538e-14
9.80714e-14
9.98975e-14
1.01637e-13
1.03293e-13
1.0487e-13
1.06373e-13
1.22914e-13
1.41103e-13
1.61101e-13
1.83086e-13
2.07253e-13
2.33812e-13
2.62995e-13
2.95051e-13
3.30253e-13
3.68893e-13
4.11286e-13
4.5777e-13
5.08702e-13
5.64458e-13
6.25428e-13
6.92009e-13
7.64601e-13
8.43585e-13
9.29312e-13
1.02207e-12
1.12206e-12
1.22934e-12
1.34376e-12
1.46487e-12
1.59187e-12
1.72339e-12
1.8574e-12
1.99097e-12
2.12004e-12
2.23918e-12
2.34131e-12
2.41745e-12
2.45657e-12
2.4457e-12
2.37026e-12
2.21506e-12
1.96613e-12
1.61365e-12
1.15634e-12
6.07147e-13
8.97316e-35
8.96083e-18
6.05891e-15
1.1822e-14
1.73106e-14
2.25377e-14
2.75158e-14
3.22567e-14
3.67718e-14
4.10717e-14
4.51667e-14
4.90665e-14
5.27806e-14
5.63176e-14
5.96861e-14
6.2894e-14
6.59491e-14
6.88586e-14
7.16294e-14
7.42682e-14
7.67812e-14
7.91745e-14
8.14537e-14
8.36244e-14
8.56916e-14
8.76602e-14
8.95351e-14
9.13206e-14
9.30211e-14
9.46405e-14
9.61828e-14
9.76516e-14
9.90504e-14
1.14453e-13
1.3139e-13
1.50012e-13
1.70484e-13
1.92987e-13
2.17718e-13
2.44892e-13
2.74742e-13
3.07521e-13
3.43502e-13
3.82978e-13
4.26264e-13
4.73691e-13
5.25611e-13
5.82386e-13
6.44388e-13
7.11988e-13
7.85542e-13
8.65376e-13
9.51763e-13
1.04489e-12
1.1448e-12
1.25136e-12
1.36418e-12
1.48247e-12
1.605e-12
1.72985e-12
1.85432e-12
1.97462e-12
2.08569e-12
2.18094e-12
2.25201e-12
2.28863e-12
2.27869e-12
2.2086e-12
2.06418e-12
1.83239e-12
1.50403e-12
1.07787e-12
5.65979e-13
9.20086e-35
8.28467e-18
5.60172e-15
1.09299e-14
1.60044e-14
2.08371e-14
2.54395e-14
2.98227e-14
3.39971e-14
3.79725e-14
4.17585e-14
4.53641e-14
4.87979e-14
5.2068e-14
5.51823e-14
5.81482e-14
6.09727e-14
6.36627e-14
6.62244e-14
6.86641e-14
7.09875e-14
7.32002e-14
7.53075e-14
7.73143e-14
7.92255e-14
8.10456e-14
8.2779e-14
8.44299e-14
8.6002e-14
8.74992e-14
8.89251e-14
9.02831e-14
9.15764e-14
1.05817e-13
1.21476e-13
1.38692e-13
1.5762e-13
1.78425e-13
2.0129e-13
2.26414e-13
2.54012e-13
2.84318e-13
3.17584e-13
3.54082e-13
3.94102e-13
4.37953e-13
4.85956e-13
5.3845e-13
5.95777e-13
6.5828e-13
7.2629e-13
8.00109e-13
8.79988e-13
9.66099e-13
1.05849e-12
1.15704e-12
1.26137e-12
1.37079e-12
1.48412e-12
1.59962e-12
1.71478e-12
1.8261e-12
1.92892e-12
2.01714e-12
2.08301e-12
2.11705e-12
2.10803e-12
2.04338e-12
1.90996e-12
1.69565e-12
1.39193e-12
9.97614e-13
5.2387e-13
9.3677e-35
7.59952e-18
5.13846e-15
1.0026e-14
1.46808e-14
1.91138e-14
2.33357e-14
2.73564e-14
3.11855e-14
3.48322e-14
3.83051e-14
4.16125e-14
4.47623e-14
4.7762e-14
5.06187e-14
5.33393e-14
5.59303e-14
5.83978e-14
6.07477e-14
6.29856e-14
6.51169e-14
6.71466e-14
6.90796e-14
7.09204e-14
7.26736e-14
7.43432e-14
7.59332e-14
7.74475e-14
7.88897e-14
8.02631e-14
8.15711e-14
8.28167e-14
8.4003e-14
9.70658e-14
1.1143e-13
1.27223e-13
1.44585e-13
1.6367e-13
1.84644e-13
2.0769e-13
2.33006e-13
2.60806e-13
2.91322e-13
3.24802e-13
3.61514e-13
4.01739e-13
4.45774e-13
4.93929e-13
5.46518e-13
6.03857e-13
6.66248e-13
7.33969e-13
8.07253e-13
8.86256e-13
9.71026e-13
1.06145e-12
1.15718e-12
1.25759e-12
1.3616e-12
1.46761e-12
1.57332e-12
1.67554e-12
1.76998e-12
1.85104e-12
1.91162e-12
1.94301e-12
1.93491e-12
1.87575e-12
1.75345e-12
1.55686e-12
1.27813e-12
9.1613e-13
4.8111e-13
9.4633e-35
6.91084e-18
4.6728e-15
9.11745e-15
1.33504e-14
1.73817e-14
2.1221e-14
2.48773e-14
2.83594e-14
3.16756e-14
3.48338e-14
3.78415e-14
4.07059e-14
4.34337e-14
4.60316e-14
4.85057e-14
5.08618e-14
5.31057e-14
5.52426e-14
5.72778e-14
5.92159e-14
6.10617e-14
6.28195e-14
6.44935e-14
6.60878e-14
6.76061e-14
6.90521e-14
7.04291e-14
7.17406e-14
7.29895e-14
7.4179e-14
7.53118e-14
7.63906e-14
8.82696e-14
1.01332e-13
1.15694e-13
1.31483e-13
1.48838e-13
1.67912e-13
1.8887e-13
2.11891e-13
2.37172e-13
2.64923e-13
2.9537e-13
3.28756e-13
3.65337e-13
4.05383e-13
4.49177e-13
4.97003e-13
5.4915e-13
6.05892e-13
6.67484e-13
7.34136e-13
8.05992e-13
8.83096e-13
9.65345e-13
1.05243e-12
1.14377e-12
1.23841e-12
1.33487e-12
1.43108e-12
1.52413e-12
1.61012e-12
1.68396e-12
1.7392e-12
1.7679e-12
1.76069e-12
1.70702e-12
1.59589e-12
1.41712e-12
1.16352e-12
8.34054e-13
4.38035e-13
9.47775e-35
6.22467e-18
4.20884e-15
8.21219e-15
1.20248e-14
1.56559e-14
1.91139e-14
2.24072e-14
2.55436e-14
2.85306e-14
3.13752e-14
3.40842e-14
3.66642e-14
3.91212e-14
4.14612e-14
4.36896e-14
4.58118e-14
4.78329e-14
4.97577e-14
5.15907e-14
5.33364e-14
5.49989e-14
5.65822e-14
5.809e-14
5.9526e-14
6.08936e-14
6.2196e-14
6.34363e-14
6.46175e-14
6.57425e-14
6.68139e-14
6.78342e-14
6.88059e-14
7.95054e-14
9.12707e-14
1.04207e-13
1.18428e-13
1.3406e-13
1.5124e-13
1.70117e-13
1.90854e-13
2.13625e-13
2.38621e-13
2.66045e-13
2.96117e-13
3.29067e-13
3.65139e-13
4.04586e-13
4.47666e-13
4.94639e-13
5.45752e-13
6.01235e-13
6.61278e-13
7.26011e-13
7.95475e-13
8.69577e-13
9.48044e-13
1.03035e-12
1.11563e-12
1.20257e-12
1.28929e-12
1.37319e-12
1.45074e-12
1.51737e-12
1.56725e-12
1.59325e-12
1.58689e-12
1.53868e-12
1.43866e-12
1.27764e-12
1.04911e-12
7.52105e-13
3.95021e-13
9.40215e-35
5.54754e-18
3.751e-15
7.31886e-15
1.07168e-14
1.39528e-14
1.70347e-14
1.99698e-14
2.2765e-14
2.5427e-14
2.79622e-14
3.03765e-14
3.26759e-14
3.48656e-14
3.6951e-14
3.8937e-14
4.08284e-14
4.26296e-14
4.4345e-14
4.59786e-14
4.75344e-14
4.90161e-14
5.04272e-14
5.1771e-14
5.30508e-14
5.42696e-14
5.54303e-14
5.65357e-14
5.75884e-14
5.8591e-14
5.95458e-14
6.04551e-14
6.13211e-14
7.08568e-14
8.13423e-14
9.28711e-14
1.05545e-13
1.19477e-13
1.34789e-13
1.51612e-13
1.70093e-13
1.90388e-13
2.12665e-13
2.37107e-13
2.63908e-13
2.93274e-13
3.25424e-13
3.60581e-13
3.98978e-13
4.40844e-13
4.86402e-13
5.35855e-13
5.89374e-13
6.47076e-13
7.08996e-13
7.75056e-13
8.4501e-13
9.18392e-13
9.94432e-13
1.07197e-12
1.14932e-12
1.22416e-12
1.29336e-12
1.35285e-12
1.39743e-12
1.42072e-12
1.41519e-12
1.37233e-12
1.28325e-12
1.13975e-12
9.35979e-13
6.71064e-13
3.52479e-13
9.22924e-35
4.88632e-18
3.30392e-15
6.44651e-15
9.43943e-15
1.22898e-14
1.50043e-14
1.75895e-14
2.00516e-14
2.23963e-14
2.46293e-14
2.67559e-14
2.87812e-14
3.07099e-14
3.25468e-14
3.42961e-14
3.5962e-14
3.75485e-14
3.90595e-14
4.04984e-14
4.18688e-14
4.31738e-14
4.44167e-14
4.56003e-14
4.67276e-14
4.78011e-14
4.88235e-14
4.97971e-14
5.07244e-14
5.16075e-14
5.24485e-14
5.32494e-14
5.40122e-14
6.24114e-14
7.16471e-14
8.18017e-14
9.29655e-14
1.05237e-13
1.18723e-13
1.33542e-13
1.4982e-13
1.67696e-13
1.87318e-13
2.08847e-13
2.32454e-13
2.58322e-13
2.8664e-13
3.17609e-13
3.51431e-13
3.8831e-13
4.28442e-13
4.72005e-13
5.19152e-13
5.69985e-13
6.24537e-13
6.82739e-13
7.44375e-13
8.09037e-13
8.76047e-13
9.44382e-13
1.01257e-12
1.07855e-12
1.13959e-12
1.19208e-12
1.23145e-12
1.25208e-12
1.24731e-12
1.20966e-12
1.13126e-12
1.00486e-12
8.25291e-13
5.91757e-13
3.10843e-13
8.95404e-35
4.24796e-18
2.87228e-15
5.60433e-15
8.20624e-15
1.06842e-14
1.30441e-14
1.52916e-14
1.7432e-14
1.94704e-14
2.14117e-14
2.32605e-14
2.50211e-14
2.66979e-14
2.82948e-14
2.98155e-14
3.12638e-14
3.26431e-14
3.39567e-14
3.52076e-14
3.63989e-14
3.75335e-14
3.8614e-14
3.9643e-14
4.0623e-14
4.15563e-14
4.24451e-14
4.32915e-14
4.40977e-14
4.48654e-14
4.55965e-14
4.62928e-14
4.6956e-14
5.42578e-14
6.2287e-14
7.1115e-14
8.08204e-14
9.14886e-14
1.03213e-13
1.16096e-13
1.30248e-13
1.45788e-13
1.62848e-13
1.81564e-13
2.02088e-13
2.24577e-13
2.49197e-13
2.76121e-13
3.05526e-13
3.3759e-13
3.72481e-13
4.10358e-13
4.51352e-13
4.95551e-13
5.42987e-13
5.93598e-13
6.47199e-13
7.03435e-13
7.6172e-13
8.21164e-13
8.80486e-13
9.37907e-13
9.91037e-13
1.03675e-12
1.07107e-12
1.0891e-12
1.08505e-12
1.05239e-12
9.84292e-13
8.74405e-13
7.1822e-13
5.15029e-13
2.70555e-13
8.57443e-35
3.63922e-18
2.46068e-15
4.80122e-15
7.03028e-15
9.15315e-15
1.11749e-14
1.31003e-14
1.4934e-14
1.66803e-14
1.83434e-14
1.99272e-14
2.14356e-14
2.28721e-14
2.42401e-14
2.5543e-14
2.67837e-14
2.79653e-14
2.90907e-14
3.01623e-14
3.1183e-14
3.21549e-14
3.30806e-14
3.39622e-14
3.48017e-14
3.56013e-14
3.63627e-14
3.70879e-14
3.77785e-14
3.84362e-14
3.90625e-14
3.96591e-14
4.02272e-14
4.64827e-14
5.33613e-14
6.09243e-14
6.92389e-14
7.83784e-14
8.84229e-14
9.94597e-14
1.11584e-13
1.24897e-13
1.39512e-13
1.55547e-13
1.7313e-13
1.92397e-13
2.1349e-13
2.36557e-13
2.6175e-13
2.89221e-13
3.19115e-13
3.51568e-13
3.86691e-13
4.24564e-13
4.6521e-13
5.0858e-13
5.54514e-13
6.0271e-13
6.52667e-13
7.03623e-13
7.54481e-13
8.03721e-13
8.49294e-13
8.8852e-13
9.17995e-13
9.33523e-13
9.30135e-13
9.02227e-13
8.43928e-13
7.49787e-13
6.15922e-13
4.41709e-13
2.32053e-13
8.09166e-35
3.06637e-18
2.07334e-15
4.04545e-15
5.92363e-15
7.71234e-15
9.41583e-15
1.10382e-14
1.25832e-14
1.40546e-14
1.54559e-14
1.67905e-14
1.80614e-14
1.92718e-14
2.04244e-14
2.15222e-14
2.25676e-14
2.35633e-14
2.45114e-14
2.54144e-14
2.62744e-14
2.70934e-14
2.78733e-14
2.86161e-14
2.93235e-14
2.99972e-14
3.06388e-14
3.12498e-14
3.18317e-14
3.23859e-14
3.29136e-14
3.34163e-14
3.38949e-14
3.91658e-14
4.49616e-14
5.13341e-14
5.83399e-14
6.60408e-14
7.45043e-14
8.38039e-14
9.40194e-14
1.05238e-13
1.17552e-13
1.31063e-13
1.45879e-13
1.62113e-13
1.79886e-13
1.99323e-13
2.20552e-13
2.437e-13
2.68891e-13
2.96238e-13
3.25837e-13
3.57753e-13
3.92008e-13
4.28559e-13
4.67275e-13
5.079e-13
5.50011e-13
5.92971e-13
6.35854e-13
6.77381e-13
7.15826e-13
7.48931e-13
7.73826e-13
7.86975e-13
7.84184e-13
7.60725e-13
7.11638e-13
6.32316e-13
5.19472e-13
3.7257e-13
1.95742e-13
7.51055e-35
2.53475e-18
1.71388e-15
3.34409e-15
4.89664e-15
6.37524e-15
7.7834e-15
9.12447e-15
1.04016e-14
1.1618e-14
1.27763e-14
1.38795e-14
1.49301e-14
1.59306e-14
1.68834e-14
1.77909e-14
1.86551e-14
1.94781e-14
2.02619e-14
2.10083e-14
2.17192e-14
2.23962e-14
2.30409e-14
2.36549e-14
2.42397e-14
2.47966e-14
2.53269e-14
2.5832e-14
2.6313e-14
2.67711e-14
2.72074e-14
2.76229e-14
2.80185e-14
3.23756e-14
3.71666e-14
4.24343e-14
4.82255e-14
5.45913e-14
6.15875e-14
6.92749e-14
7.77194e-14
8.69928e-14
9.71724e-14
1.08341e-13
1.20589e-13
1.34009e-13
1.48701e-13
1.64769e-13
1.82318e-13
2.01454e-13
2.2228e-13
2.44888e-13
2.69358e-13
2.95745e-13
3.24066e-13
3.54288e-13
3.863e-13
4.19893e-13
4.54719e-13
4.9025e-13
5.25723e-13
5.60079e-13
5.91894e-13
6.19302e-13
6.39928e-13
6.50848e-13
6.48591e-13
6.29242e-13
5.88693e-13
5.23123e-13
4.29804e-13
3.08283e-13
1.61976e-13
6.83932e-35
2.04841e-18
1.38504e-15
2.70246e-15
3.95713e-15
5.15203e-15
6.29e-15
7.37376e-15
8.40588e-15
9.38882e-15
1.03249e-14
1.12164e-14
1.20654e-14
1.2874e-14
1.3644e-14
1.43773e-14
1.50757e-14
1.57408e-14
1.63742e-14
1.69775e-14
1.75519e-14
1.8099e-14
1.86201e-14
1.91163e-14
1.95888e-14
2.00389e-14
2.04675e-14
2.08756e-14
2.12643e-14
2.16346e-14
2.19871e-14
2.23229e-14
2.26426e-14
2.61637e-14
3.00355e-14
3.42925e-14
3.89726e-14
4.4117e-14
4.97708e-14
5.59833e-14
6.28076e-14
7.03018e-14
7.85284e-14
8.75545e-14
9.74521e-14
1.08298e-13
1.20171e-13
1.33157e-13
1.4734e-13
1.62805e-13
1.79636e-13
1.97908e-13
2.17685e-13
2.39012e-13
2.61904e-13
2.86332e-13
3.12209e-13
3.39365e-13
3.6752e-13
3.96248e-13
4.24933e-13
4.5272e-13
4.78457e-13
5.00637e-13
5.17341e-13
5.26203e-13
5.24417e-13
5.08813e-13
4.76065e-13
4.23076e-13
3.47633e-13
2.49362e-13
1.31025e-13
6.08877e-35
1.60961e-18
1.08835e-15
2.12356e-15
3.10946e-15
4.04839e-15
4.9426e-15
5.7942e-15
6.60523e-15
7.37761e-15
8.11319e-15
8.81372e-15
9.48086e-15
1.01162e-14
1.07213e-14
1.12975e-14
1.18463e-14
1.23689e-14
1.28667e-14
1.33407e-14
1.37921e-14
1.4222e-14
1.46314e-14
1.50213e-14
1.53926e-14
1.57463e-14
1.60831e-14
1.64038e-14
1.67092e-14
1.70001e-14
1.72772e-14
1.7541e-14
1.77923e-14
2.05591e-14
2.36015e-14
2.69466e-14
3.06242e-14
3.46666e-14
3.91093e-14
4.3991e-14
4.93535e-14
5.52425e-14
6.17068e-14
6.87996e-14
7.65771e-14
8.50996e-14
9.44301e-14
1.04634e-13
1.15779e-13
1.27933e-13
1.41159e-13
1.55518e-13
1.71061e-13
1.87821e-13
2.05812e-13
2.25011e-13
2.45349e-13
2.66695e-13
2.88827e-13
3.11411e-13
3.33964e-13
3.55814e-13
3.76057e-13
3.93508e-13
4.06659e-13
4.1365e-13
4.12273e-13
4.00035e-13
3.74316e-13
3.32679e-13
2.73375e-13
1.96109e-13
1.03048e-13
5.27046e-35
1.21832e-18
8.23775e-16
1.60733e-15
2.35356e-15
3.06424e-15
3.74107e-15
4.38565e-15
4.99952e-15
5.58414e-15
6.1409e-15
6.67114e-15
7.1761e-15
7.657e-15
8.11499e-15
8.55114e-15
8.96652e-15
9.3621e-15
9.73883e-15
1.00976e-14
1.04393e-14
1.07647e-14
1.10746e-14
1.13697e-14
1.16507e-14
1.19184e-14
1.21733e-14
1.24161e-14
1.26473e-14
1.28675e-14
1.30772e-14
1.32769e-14
1.34671e-14
1.55613e-14
1.78641e-14
2.0396e-14
2.31796e-14
2.62393e-14
2.96021e-14
3.3297e-14
3.7356e-14
4.18134e-14
4.67063e-14
5.20749e-14
5.79619e-14
6.44127e-14
7.14752e-14
7.9199e-14
8.76352e-14
9.68344e-14
1.06846e-13
1.17715e-13
1.29481e-13
1.42168e-13
1.55787e-13
1.70321e-13
1.85719e-13
2.0188e-13
2.18637e-13
2.35737e-13
2.52816e-13
2.69365e-13
2.847e-13
2.97923e-13
3.07894e-13
3.13203e-13
3.12179e-13
3.02931e-13
2.83475e-13
2.51959e-13
2.07058e-13
1.48544e-13
7.80575e-14
4.39358e-35
8.71545e-19
5.89301e-16
1.14983e-15
1.68366e-15
2.19206e-15
2.67624e-15
3.13735e-15
3.57649e-15
3.99471e-15
4.393e-15
4.77231e-15
5.13355e-15
5.47757e-15
5.80519e-15
6.11721e-15
6.41435e-15
6.69734e-15
6.96683e-15
7.22349e-15
7.46792e-15
7.70069e-15
7.92238e-15
8.1335e-15
8.33456e-15
8.52604e-15
8.7084e-15
8.88207e-15
9.04746e-15
9.20497e-15
9.35498e-15
9.49784e-15
9.63389e-15
1.1132e-14
1.27794e-14
1.45906e-14
1.65819e-14
1.87708e-14
2.11764e-14
2.38196e-14
2.67233e-14
2.9912e-14
3.34123e-14
3.72528e-14
4.14642e-14
4.6079e-14
5.11314e-14
5.66569e-14
6.26921e-14
6.92732e-14
7.64356e-14
8.42116e-14
9.26287e-14
1.01706e-13
1.1145e-13
1.21848e-13
1.32865e-13
1.44428e-13
1.56419e-13
1.68656e-13
1.80879e-13
1.92724e-13
2.03701e-13
2.1317e-13
2.20313e-13
2.24122e-13
2.234e-13
2.16793e-13
2.0288e-13
1.80335e-13
1.48206e-13
1.06329e-13
5.58759e-14
3.4594e-35
5.62428e-19
3.80289e-16
7.42011e-16
1.0865e-15
1.41459e-15
1.72704e-15
2.0246e-15
2.30799e-15
2.57788e-15
2.8349e-15
3.07968e-15
3.31279e-15
3.5348e-15
3.74622e-15
3.94757e-15
4.13933e-15
4.32194e-15
4.49586e-15
4.66148e-15
4.81922e-15
4.96943e-15
5.11249e-15
5.24873e-15
5.37848e-15
5.50205e-15
5.61973e-15
5.7318e-15
5.83853e-15
5.94018e-15
6.03698e-15
6.12917e-15
6.21697e-15
7.18375e-15
8.24682e-15
9.41567e-15
1.07007e-14
1.21132e-14
1.36656e-14
1.53714e-14
1.72452e-14
1.93029e-14
2.15618e-14
2.40402e-14
2.67579e-14
2.9736e-14
3.29965e-14
3.65623e-14
4.0457e-14
4.47041e-14
4.93263e-14
5.43446e-14
5.97767e-14
6.56348e-14
7.19232e-14
7.86345e-14
8.57449e-14
9.32082e-14
1.00948e-13
1.08847e-13
1.16737e-13
1.24384e-13
1.31471e-13
1.37586e-13
1.42201e-13
1.44664e-13
1.44203e-13
1.39945e-13
1.30969e-13
1.16421e-13
9.5683e-14
6.8649e-14
3.60761e-14
2.45185e-35
2.78725e-19
1.88462e-16
3.67722e-16
5.38443e-16
7.01033e-16
8.55876e-16
1.00334e-15
1.14378e-15
1.27753e-15
1.40491e-15
1.52621e-15
1.64174e-15
1.75176e-15
1.85653e-15
1.95632e-15
2.05135e-15
2.14185e-15
2.22803e-15
2.31011e-15
2.38828e-15
2.46272e-15
2.53362e-15
2.60114e-15
2.66544e-15
2.72668e-15
2.78499e-15
2.84053e-15
2.89343e-15
2.9438e-15
2.99177e-15
3.03746e-15
3.08097e-15
3.56008e-15
4.08692e-15
4.66617e-15
5.30299e-15
6.003e-15
6.77233e-15
7.61767e-15
8.54628e-15
9.56605e-15
1.06855e-14
1.19137e-14
1.32606e-14
1.47364e-14
1.63523e-14
1.81194e-14
2.00496e-14
2.21544e-14
2.44451e-14
2.69321e-14
2.96242e-14
3.25275e-14
3.5644e-14
3.89702e-14
4.24943e-14
4.61933e-14
5.00293e-14
5.39445e-14
5.78555e-14
6.16461e-14
6.51599e-14
6.81917e-14
7.04801e-14
7.17027e-14
7.14762e-14
6.93673e-14
6.49203e-14
5.77103e-14
4.74319e-14
3.40314e-14
1.78844e-14
1.32069e-35
8.34548e-44
1.09878e-42
3.61389e-42
7.26113e-42
1.16672e-41
1.65338e-41
2.16254e-41
2.67577e-41
3.17896e-41
3.66148e-41
4.11558e-41
4.53581e-41
4.91866e-41
5.26206e-41
5.56519e-41
5.82812e-41
6.05166e-41
6.23715e-41
6.38635e-41
6.50128e-41
6.58415e-41
6.63726e-41
6.66298e-41
6.66367e-41
6.64165e-41
6.59917e-41
6.5384e-41
6.46139e-41
6.37009e-41
6.26633e-41
6.15182e-41
4.07434e-40
9.6569e-40
1.39919e-39
2.00558e-39
2.84872e-39
4.015e-39
5.62105e-39
7.82402e-39
1.08353e-38
1.49389e-38
2.05153e-38
2.8074e-38
3.82959e-38
5.20892e-38
7.06631e-38
9.56243e-38
1.29102e-37
1.73913e-37
2.33766e-37
3.13535e-37
4.19585e-37
5.60197e-37
7.46061e-37
9.90865e-37
1.31196e-36
1.73101e-36
2.27465e-36
2.97474e-36
3.86818e-36
4.99547e-36
6.39748e-36
8.10885e-36
1.01467e-35
1.24923e-35
1.50627e-35
1.76715e-35
1.99782e-35
2.14307e-35
2.12201e-35
1.82814e-35
1.14044e-35
4.52365e-36
