2.22898e-42
2.9347e-41
9.65228e-41
1.93936e-40
3.11616e-40
4.41598e-40
5.77586e-40
7.14664e-40
8.49058e-40
9.77931e-40
1.09921e-39
1.21145e-39
1.3137e-39
1.40542e-39
1.48637e-39
1.5566e-39
1.6163e-39
1.66584e-39
1.70568e-39
1.73638e-39
1.75851e-39
1.77269e-39
1.77956e-39
1.77974e-39
1.77386e-39
1.76251e-39
1.74627e-39
1.7257e-39
1.70132e-39
1.67361e-39
1.64302e-39
1.08816e-38
2.57911e-38
3.73684e-38
5.35622e-38
7.60776e-38
1.07221e-37
1.50105e-37
2.08923e-37
2.89316e-37
3.98857e-37
5.47693e-37
7.49407e-37
1.02213e-36
1.39005e-36
1.88534e-36
2.5507e-36
3.44268e-36
4.63593e-36
6.22869e-36
8.34966e-36
1.11667e-35
1.48972e-35
1.98212e-35
2.62953e-35
3.47688e-35
4.57995e-35
6.00655e-35
7.83696e-35
1.01626e-34
1.30816e-34
1.66892e-34
2.10601e-34
2.62189e-34
3.20936e-34
3.84486e-34
4.47922e-34
5.02644e-34
5.35152e-34
5.26129e-34
4.50512e-34
2.79855e-34
1.44498e-34
1.1934e-17
8.06917e-15
1.57444e-14
2.3054e-14
3.00153e-14
3.66451e-14
4.29589e-14
4.89719e-14
5.46984e-14
6.01519e-14
6.53456e-14
7.02918e-14
7.50022e-14
7.94882e-14
8.37603e-14
8.78288e-14
9.17035e-14
9.53935e-14
9.89076e-14
1.02254e-13
1.05441e-13
1.08477e-13
1.11367e-13
1.1412e-13
1.16742e-13
1.19238e-13
1.21616e-13
1.23881e-13
1.26037e-13
1.28091e-13
1.30047e-13
1.3191e-13
1.5242e-13
1.74973e-13
1.99769e-13
2.27026e-13
2.56986e-13
2.89909e-13
3.26079e-13
3.65807e-13
4.09424e-13
4.57292e-13
5.09796e-13
5.67349e-13
6.30383e-13
6.99354e-13
7.74731e-13
8.56987e-13
9.46588e-13
1.04397e-12
1.14953e-12
1.26357e-12
1.38625e-12
1.51754e-12
1.65714e-12
1.80435e-12
1.95798e-12
2.11613e-12
2.27603e-12
2.4338e-12
2.58417e-12
2.72023e-12
2.83315e-12
2.91206e-12
2.94394e-12
2.91397e-12
2.80615e-12
2.60464e-12
2.29588e-12
1.87167e-12
1.33337e-12
6.97136e-13
3.08242e-34
2.18812e-17
1.47949e-14
2.88675e-14
4.22697e-14
5.50335e-14
6.71892e-14
7.87657e-14
8.97906e-14
1.0029e-13
1.10289e-13
1.19812e-13
1.28881e-13
1.37518e-13
1.45743e-13
1.53576e-13
1.61035e-13
1.6814e-13
1.74905e-13
1.81348e-13
1.87485e-13
1.93328e-13
1.98893e-13
2.04193e-13
2.09241e-13
2.14048e-13
2.18625e-13
2.22985e-13
2.27137e-13
2.31091e-13
2.34857e-13
2.38443e-13
2.41858e-13
2.79465e-13
3.20816e-13
3.66279e-13
4.16257e-13
4.71189e-13
5.31554e-13
5.97874e-13
6.70715e-13
7.5069e-13
8.38459e-13
9.3473e-13
1.04026e-12
1.15584e-12
1.28231e-12
1.42052e-12
1.57135e-12
1.73566e-12
1.91424e-12
2.10782e-12
2.31696e-12
2.54195e-12
2.78276e-12
3.03882e-12
3.30889e-12
3.59075e-12
3.88095e-12
4.17443e-12
4.46407e-12
4.74023e-12
4.99024e-12
5.19793e-12
5.34332e-12
5.40255e-12
5.34835e-12
5.15131e-12
4.78225e-12
4.21612e-12
3.4377e-12
2.44938e-12
1.28077e-12
5.23622e-34
2.94565e-17
1.9917e-14
3.88615e-14
5.69036e-14
7.40863e-14
9.04503e-14
1.06035e-13
1.20876e-13
1.35011e-13
1.48472e-13
1.61291e-13
1.735e-13
1.85127e-13
1.96199e-13
2.06744e-13
2.16786e-13
2.2635e-13
2.35458e-13
2.44132e-13
2.52392e-13
2.60259e-13
2.67751e-13
2.74886e-13
2.81681e-13
2.88152e-13
2.94314e-13
3.00184e-13
3.05773e-13
3.11096e-13
3.16165e-13
3.20993e-13
3.25591e-13
3.76217e-13
4.31884e-13
4.93087e-13
5.60368e-13
6.34318e-13
7.15583e-13
8.04865e-13
9.02927e-13
1.01059e-12
1.12875e-12
1.25836e-12
1.40043e-12
1.55603e-12
1.7263e-12
1.91239e-12
2.11547e-12
2.33669e-12
2.57716e-12
2.83782e-12
3.11945e-12
3.42245e-12
3.74679e-12
4.09171e-12
4.45554e-12
4.83534e-12
5.22646e-12
5.62211e-12
6.01273e-12
6.38537e-12
6.72299e-12
7.00382e-12
7.20093e-12
7.28214e-12
7.21064e-12
6.94664e-12
6.45058e-12
5.68843e-12
4.63935e-12
3.30629e-12
1.72912e-12
6.46061e-34
3.45835e-17
2.33836e-14
4.56255e-14
6.6808e-14
8.69814e-14
1.06194e-13
1.24491e-13
1.41916e-13
1.5851e-13
1.74314e-13
1.89365e-13
2.03699e-13
2.17349e-13
2.30349e-13
2.42729e-13
2.54519e-13
2.65748e-13
2.76441e-13
2.86625e-13
2.96323e-13
3.05559e-13
3.14355e-13
3.22732e-13
3.30709e-13
3.38307e-13
3.45542e-13
3.52432e-13
3.58995e-13
3.65244e-13
3.71196e-13
3.76864e-13
3.82262e-13
4.41701e-13
5.07058e-13
5.78914e-13
6.57906e-13
7.44729e-13
8.4014e-13
9.44965e-13
1.0601e-12
1.18651e-12
1.32524e-12
1.47741e-12
1.64422e-12
1.82693e-12
2.02685e-12
2.24536e-12
2.48383e-12
2.74361e-12
3.026e-12
3.33213e-12
3.66291e-12
4.01882e-12
4.39983e-12
4.80508e-12
5.23262e-12
5.67901e-12
6.13884e-12
6.60415e-12
7.06377e-12
7.5025e-12
7.90036e-12
8.23181e-12
8.46519e-12
8.56264e-12
8.48076e-12
8.17258e-12
7.59129e-12
6.69645e-12
5.46312e-12
3.89439e-12
2.03708e-12
6.93514e-34
3.74087e-17
2.52939e-14
4.93527e-14
7.22656e-14
9.4087e-14
1.14869e-13
1.3466e-13
1.53509e-13
1.71459e-13
1.88554e-13
2.04835e-13
2.20339e-13
2.35104e-13
2.49166e-13
2.62558e-13
2.75311e-13
2.87457e-13
2.99024e-13
3.10039e-13
3.2053e-13
3.30521e-13
3.40035e-13
3.49096e-13
3.57725e-13
3.65944e-13
3.7377e-13
3.81223e-13
3.88322e-13
3.95082e-13
4.0152e-13
4.07651e-13
4.1349e-13
4.77785e-13
5.48481e-13
6.26208e-13
7.11654e-13
8.05571e-13
9.08779e-13
1.02217e-12
1.14671e-12
1.28345e-12
1.43353e-12
1.59814e-12
1.77859e-12
1.97624e-12
2.19253e-12
2.42892e-12
2.68691e-12
2.96799e-12
3.27353e-12
3.60479e-12
3.96274e-12
4.34793e-12
4.76033e-12
5.19904e-12
5.66197e-12
6.14542e-12
6.64357e-12
7.14787e-12
7.64624e-12
8.1223e-12
8.55446e-12
8.91508e-12
9.1699e-12
9.27784e-12
9.19178e-12
8.86058e-12
8.23316e-12
7.26519e-12
5.92912e-12
4.22783e-12
2.21197e-12
6.85434e-34
3.82271e-17
2.58473e-14
5.04325e-14
7.38468e-14
9.61456e-14
1.17382e-13
1.37607e-13
1.56868e-13
1.75211e-13
1.9268e-13
2.09316e-13
2.2516e-13
2.40249e-13
2.54618e-13
2.68303e-13
2.81335e-13
2.93747e-13
3.05567e-13
3.16823e-13
3.27543e-13
3.37753e-13
3.47475e-13
3.56735e-13
3.65553e-13
3.73951e-13
3.81948e-13
3.89565e-13
3.96819e-13
4.03727e-13
4.10306e-13
4.16571e-13
4.22538e-13
4.8824e-13
5.60483e-13
6.39912e-13
7.27228e-13
8.23202e-13
9.2867e-13
1.04454e-12
1.17182e-12
1.31156e-12
1.46492e-12
1.63315e-12
1.81757e-12
2.01956e-12
2.24061e-12
2.48221e-12
2.7459e-12
3.0332e-12
3.34553e-12
3.68416e-12
4.05011e-12
4.44396e-12
4.86568e-12
5.31438e-12
5.78795e-12
6.28263e-12
6.79253e-12
7.30893e-12
7.81955e-12
8.30768e-12
8.75129e-12
9.12214e-12
9.38516e-12
9.49829e-12
9.41314e-12
9.0771e-12
8.43746e-12
7.44831e-12
6.08079e-12
4.33738e-12
2.26981e-12
6.39964e-34
3.74128e-17
2.52967e-14
4.93583e-14
7.22737e-14
9.40976e-14
1.14882e-13
1.34676e-13
1.53526e-13
1.71479e-13
1.88576e-13
2.04858e-13
2.20364e-13
2.35131e-13
2.49195e-13
2.62588e-13
2.75343e-13
2.8749e-13
2.99058e-13
3.10075e-13
3.20567e-13
3.30558e-13
3.40074e-13
3.49136e-13
3.57767e-13
3.65986e-13
3.73813e-13
3.81267e-13
3.88367e-13
3.95128e-13
4.01566e-13
4.07698e-13
4.13538e-13
4.77841e-13
5.48546e-13
6.26283e-13
7.11741e-13
8.05672e-13
9.08896e-13
1.02231e-12
1.14687e-12
1.28364e-12
1.43375e-12
1.59841e-12
1.77891e-12
1.97663e-12
2.193e-12
2.4295e-12
2.68763e-12
2.96888e-12
3.27465e-12
3.60621e-12
3.96455e-12
4.35025e-12
4.7633e-12
5.20286e-12
5.66687e-12
6.15172e-12
6.65166e-12
7.15819e-12
7.65936e-12
8.13884e-12
8.57511e-12
8.94054e-12
9.20076e-12
9.31448e-12
9.23411e-12
8.90778e-12
8.28339e-12
7.3153e-12
5.97458e-12
4.2631e-12
2.2315e-12
5.7241e-34
3.53584e-17
2.39076e-14
4.6648e-14
6.83051e-14
8.89306e-14
1.08573e-13
1.2728e-13
1.45096e-13
1.62063e-13
1.78221e-13
1.93609e-13
2.08264e-13
2.2222e-13
2.35511e-13
2.48169e-13
2.60224e-13
2.71704e-13
2.82637e-13
2.93049e-13
3.02964e-13
3.12408e-13
3.21401e-13
3.29965e-13
3.38122e-13
3.45889e-13
3.53287e-13
3.60332e-13
3.67042e-13
3.73431e-13
3.79517e-13
3.85312e-13
3.90831e-13
4.51603e-13
5.18427e-13
5.91896e-13
6.72663e-13
7.61438e-13
8.58996e-13
9.66182e-13
1.08391e-12
1.21318e-12
1.35505e-12
1.51068e-12
1.68129e-12
1.86818e-12
2.0727e-12
2.29625e-12
2.54027e-12
2.80615e-12
3.09525e-12
3.40874e-12
3.74758e-12
4.11235e-12
4.50305e-12
4.9189e-12
5.358e-12
5.81694e-12
6.29035e-12
6.77025e-12
7.24537e-12
7.70035e-12
8.11485e-12
8.46278e-12
8.71161e-12
8.8222e-12
8.74932e-12
8.44358e-12
7.85516e-12
6.94023e-12
5.67071e-12
4.04782e-12
2.1194e-12
4.94637e-34
3.2432e-17
2.1929e-14
4.27872e-14
6.26519e-14
8.15704e-14
9.95875e-14
1.16746e-13
1.33087e-13
1.4865e-13
1.63471e-13
1.77585e-13
1.91027e-13
2.03828e-13
2.1602e-13
2.2763e-13
2.38687e-13
2.49217e-13
2.59245e-13
2.68795e-13
2.7789e-13
2.86552e-13
2.94801e-13
3.02657e-13
3.10138e-13
3.17263e-13
3.24048e-13
3.3051e-13
3.36665e-13
3.42525e-13
3.48107e-13
3.53423e-13
3.58485e-13
4.14228e-13
4.75522e-13
5.42911e-13
6.16995e-13
6.98424e-13
7.87911e-13
8.8623e-13
9.94222e-13
1.1128e-12
1.24294e-12
1.3857e-12
1.54221e-12
1.71365e-12
1.90127e-12
2.10637e-12
2.33026e-12
2.57422e-12
2.83949e-12
3.12718e-12
3.43817e-12
3.77301e-12
4.13171e-12
4.51358e-12
4.91691e-12
5.33862e-12
5.7738e-12
6.2152e-12
6.65251e-12
7.0717e-12
7.45415e-12
7.77593e-12
8.00716e-12
8.1118e-12
8.04813e-12
7.77044e-12
7.23246e-12
6.39326e-12
5.22633e-12
3.73219e-12
1.95474e-12
4.1512e-34
2.89517e-17
1.95757e-14
3.81956e-14
5.59286e-14
7.28169e-14
8.89006e-14
1.04218e-13
1.18805e-13
1.32698e-13
1.45928e-13
1.58528e-13
1.70528e-13
1.81955e-13
1.92838e-13
2.03203e-13
2.13073e-13
2.22473e-13
2.31425e-13
2.39951e-13
2.4807e-13
2.55802e-13
2.63166e-13
2.70178e-13
2.76857e-13
2.83217e-13
2.89275e-13
2.95043e-13
3.00537e-13
3.05769e-13
3.10752e-13
3.15497e-13
3.20016e-13
3.69778e-13
4.24494e-13
4.84653e-13
5.50788e-13
6.23481e-13
7.03368e-13
7.9114e-13
8.87548e-13
9.93406e-13
1.10959e-12
1.23705e-12
1.37678e-12
1.52985e-12
1.69737e-12
1.88051e-12
2.08043e-12
2.29829e-12
2.53521e-12
2.79218e-12
3.07e-12
3.36916e-12
3.68972e-12
4.03107e-12
4.39171e-12
4.76893e-12
5.1584e-12
5.55368e-12
5.94563e-12
6.32177e-12
6.66551e-12
6.95549e-12
7.16499e-12
7.26172e-12
7.20817e-12
6.96312e-12
6.48467e-12
5.73555e-12
4.69127e-12
3.35173e-12
1.75609e-12
1.97758e-34
2.86614e-17
1.93795e-14
3.78128e-14
5.5368e-14
7.2087e-14
8.80094e-14
1.03173e-13
1.17615e-13
1.31368e-13
1.44466e-13
1.56939e-13
1.68818e-13
1.80131e-13
1.90905e-13
2.01166e-13
2.10937e-13
2.20243e-13
2.29105e-13
2.37545e-13
2.45583e-13
2.53238e-13
2.60528e-13
2.6747e-13
2.74082e-13
2.80379e-13
2.86375e-13
2.92086e-13
2.97525e-13
3.02704e-13
3.07637e-13
3.12335e-13
3.16809e-13
3.66071e-13
4.20239e-13
4.79796e-13
5.45268e-13
6.17232e-13
6.96318e-13
7.8321e-13
8.78653e-13
9.8345e-13
1.09847e-12
1.22465e-12
1.36298e-12
1.51452e-12
1.68037e-12
1.86167e-12
2.05959e-12
2.27528e-12
2.50983e-12
2.76424e-12
3.03929e-12
3.33548e-12
3.65285e-12
3.99082e-12
4.3479e-12
4.7214e-12
5.10705e-12
5.49847e-12
5.88663e-12
6.25916e-12
6.59965e-12
6.88696e-12
7.09463e-12
7.19067e-12
7.13794e-12
6.89559e-12
6.4221e-12
5.68048e-12
4.64645e-12
3.31985e-12
1.73944e-12
2.36913e-34
2.55973e-17
1.73077e-14
3.37703e-14
4.94487e-14
6.43803e-14
7.86005e-14
9.21432e-14
1.05041e-13
1.17323e-13
1.29021e-13
1.40161e-13
1.5077e-13
1.60874e-13
1.70496e-13
1.7966e-13
1.88387e-13
1.96697e-13
2.04612e-13
2.1215e-13
2.19329e-13
2.26165e-13
2.32675e-13
2.38876e-13
2.44781e-13
2.50404e-13
2.5576e-13
2.6086e-13
2.65717e-13
2.70343e-13
2.74749e-13
2.78944e-13
2.8294e-13
3.26936e-13
3.75314e-13
4.28504e-13
4.86977e-13
5.5125e-13
6.21883e-13
6.99489e-13
7.84732e-13
8.78332e-13
9.81065e-13
1.09377e-12
1.21732e-12
1.35268e-12
1.50083e-12
1.66279e-12
1.8396e-12
2.0323e-12
2.24187e-12
2.4692e-12
2.71501e-12
2.97975e-12
3.26348e-12
3.56568e-12
3.88507e-12
4.21928e-12
4.56451e-12
4.91511e-12
5.26306e-12
5.59735e-12
5.90336e-12
6.1622e-12
6.35021e-12
6.4387e-12
6.39431e-12
6.18021e-12
5.75881e-12
5.0965e-12
4.17091e-12
2.98141e-12
1.56261e-12
4.15025e-34
2.29048e-17
1.54871e-14
3.02181e-14
4.42474e-14
5.76084e-14
7.03329e-14
8.24511e-14
9.39919e-14
1.04983e-13
1.1545e-13
1.25418e-13
1.34912e-13
1.43953e-13
1.52563e-13
1.60762e-13
1.68571e-13
1.76008e-13
1.8309e-13
1.89835e-13
1.96259e-13
2.02376e-13
2.08202e-13
2.1375e-13
2.19034e-13
2.24066e-13
2.28858e-13
2.33422e-13
2.37768e-13
2.41908e-13
2.4585e-13
2.49604e-13
2.53179e-13
2.92548e-13
3.35838e-13
3.83433e-13
4.35757e-13
4.93271e-13
5.56476e-13
6.25921e-13
7.02202e-13
7.85961e-13
8.77895e-13
9.7875e-13
1.08932e-12
1.21046e-12
1.34305e-12
1.488e-12
1.64626e-12
1.81874e-12
2.00634e-12
2.20986e-12
2.42995e-12
2.66701e-12
2.92113e-12
3.19185e-12
3.47804e-12
3.77761e-12
4.08718e-12
4.40174e-12
4.71413e-12
5.01454e-12
5.28991e-12
5.52334e-12
5.69363e-12
5.77503e-12
5.73749e-12
5.5478e-12
5.17193e-12
4.57929e-12
3.74936e-12
2.68116e-12
1.40565e-12
3.55701e-34
2.07211e-17
1.40106e-14
2.73372e-14
4.00289e-14
5.21161e-14
6.36274e-14
7.45903e-14
8.50308e-14
9.49739e-14
1.04443e-13
1.13461e-13
1.22049e-13
1.30228e-13
1.38017e-13
1.45435e-13
1.525e-13
1.59228e-13
1.65635e-13
1.71737e-13
1.77548e-13
1.83082e-13
1.88352e-13
1.93371e-13
1.98152e-13
2.02704e-13
2.07039e-13
2.11168e-13
2.151e-13
2.18845e-13
2.22411e-13
2.25807e-13
2.29042e-13
2.64658e-13
3.0382e-13
3.46879e-13
3.94215e-13
4.46246e-13
5.03427e-13
5.66253e-13
6.35263e-13
7.11041e-13
7.94215e-13
8.85462e-13
9.85502e-13
1.0951e-12
1.21507e-12
1.34622e-12
1.48942e-12
1.6455e-12
1.81528e-12
1.99947e-12
2.19867e-12
2.41327e-12
2.64333e-12
2.88847e-12
3.14768e-12
3.41907e-12
3.69962e-12
3.98482e-12
4.26821e-12
4.54096e-12
4.79124e-12
5.00379e-12
5.1594e-12
5.2347e-12
5.2024e-12
5.03223e-12
4.6931e-12
4.15697e-12
3.40487e-12
2.43563e-12
1.27724e-12
1.84582e-34
2.03675e-17
1.37715e-14
2.68706e-14
3.93458e-14
5.12267e-14
6.25416e-14
7.33174e-14
8.35798e-14
9.33531e-14
1.02661e-13
1.11525e-13
1.19967e-13
1.28006e-13
1.35662e-13
1.42954e-13
1.49897e-13
1.5651e-13
1.62808e-13
1.68806e-13
1.74518e-13
1.79958e-13
1.85138e-13
1.90072e-13
1.9477e-13
1.99245e-13
2.03506e-13
2.07564e-13
2.11429e-13
2.1511e-13
2.18615e-13
2.21954e-13
2.25133e-13
2.60141e-13
2.98636e-13
3.40959e-13
3.87488e-13
4.38631e-13
4.94836e-13
5.56591e-13
6.24424e-13
6.98909e-13
7.80664e-13
8.70355e-13
9.6869e-13
1.07642e-12
1.19434e-12
1.32326e-12
1.46402e-12
1.61745e-12
1.78433e-12
1.96539e-12
2.16121e-12
2.37217e-12
2.59834e-12
2.83933e-12
3.09416e-12
3.36098e-12
3.63683e-12
3.91726e-12
4.19595e-12
4.46419e-12
4.7104e-12
4.91954e-12
5.07275e-12
5.14703e-12
5.11555e-12
4.94851e-12
4.61532e-12
4.08835e-12
3.34887e-12
2.3957e-12
1.25635e-12
1.36816e-34
1.89391e-17
1.28057e-14
2.49862e-14
3.65865e-14
4.76342e-14
5.81556e-14
6.81757e-14
7.77183e-14
8.68063e-14
9.54612e-14
1.03704e-13
1.11553e-13
1.19029e-13
1.26148e-13
1.32928e-13
1.39385e-13
1.45534e-13
1.51391e-13
1.56968e-13
1.62279e-13
1.67337e-13
1.72154e-13
1.76742e-13
1.81111e-13
1.85272e-13
1.89234e-13
1.93008e-13
1.96602e-13
2.00025e-13
2.03284e-13
2.06388e-13
2.09345e-13
2.41898e-13
2.77693e-13
3.17049e-13
3.60314e-13
4.07872e-13
4.60136e-13
5.17561e-13
5.80638e-13
6.49902e-13
7.25927e-13
8.09332e-13
9.00776e-13
1.00096e-12
1.11062e-12
1.23052e-12
1.36142e-12
1.50412e-12
1.65933e-12
1.82774e-12
2.00989e-12
2.20613e-12
2.41654e-12
2.64078e-12
2.87792e-12
3.12627e-12
3.38307e-12
3.64423e-12
3.90386e-12
4.15389e-12
4.38355e-12
4.57887e-12
4.72229e-12
4.7924e-12
4.76415e-12
4.60971e-12
4.30044e-12
3.81043e-12
3.12202e-12
2.23391e-12
1.17169e-12
2.23685e-34
1.74845e-17
1.18222e-14
2.30671e-14
3.37765e-14
4.39756e-14
5.36889e-14
6.29394e-14
7.17492e-14
8.01391e-14
8.81293e-14
9.57387e-14
1.02985e-13
1.09887e-13
1.16459e-13
1.22719e-13
1.2868e-13
1.34357e-13
1.39763e-13
1.44912e-13
1.49815e-13
1.54485e-13
1.58932e-13
1.63167e-13
1.67201e-13
1.71042e-13
1.747e-13
1.78184e-13
1.81502e-13
1.84662e-13
1.87671e-13
1.90537e-13
1.93266e-13
2.23319e-13
2.56365e-13
2.92699e-13
3.32642e-13
3.76547e-13
4.24798e-13
4.77813e-13
5.36048e-13
5.99994e-13
6.70183e-13
7.47185e-13
8.31612e-13
9.2411e-13
1.02536e-12
1.13606e-12
1.25693e-12
1.38869e-12
1.53201e-12
1.68753e-12
1.85575e-12
2.037e-12
2.23136e-12
2.4385e-12
2.65761e-12
2.88711e-12
3.12448e-12
3.36595e-12
3.60611e-12
3.83751e-12
4.05023e-12
4.23136e-12
4.36469e-12
4.4304e-12
4.40529e-12
4.26356e-12
3.9786e-12
3.52622e-12
2.88992e-12
2.06832e-12
1.08501e-12
2.10201e-34
1.62879e-17
1.10131e-14
2.14885e-14
3.1465e-14
4.09662e-14
5.00147e-14
5.86322e-14
6.6839e-14
7.46548e-14
8.20982e-14
8.91868e-14
9.59377e-14
1.02367e-13
1.0849e-13
1.14321e-13
1.19874e-13
1.25162e-13
1.30199e-13
1.34995e-13
1.39563e-13
1.43913e-13
1.48056e-13
1.52001e-13
1.55759e-13
1.59337e-13
1.62745e-13
1.6599e-13
1.69081e-13
1.72025e-13
1.74828e-13
1.77498e-13
1.8004e-13
2.08037e-13
2.38821e-13
2.72668e-13
3.09878e-13
3.50779e-13
3.95729e-13
4.45117e-13
4.99368e-13
5.58939e-13
6.24327e-13
6.96063e-13
7.74717e-13
8.6089e-13
9.55216e-13
1.05835e-12
1.17097e-12
1.29373e-12
1.42727e-12
1.57218e-12
1.72893e-12
1.89784e-12
2.07898e-12
2.27205e-12
2.4763e-12
2.69027e-12
2.91164e-12
3.13687e-12
3.36095e-12
3.57697e-12
3.77567e-12
3.94505e-12
4.06997e-12
4.13195e-12
4.10933e-12
3.97797e-12
3.71292e-12
3.29151e-12
2.69816e-12
1.93144e-12
1.01335e-12
1.78397e-34
1.52966e-17
1.03428e-14
2.01807e-14
2.95499e-14
3.84729e-14
4.69707e-14
5.50637e-14
6.2771e-14
7.01111e-14
7.71015e-14
8.37587e-14
9.00987e-14
9.61365e-14
1.01887e-13
1.07363e-13
1.12578e-13
1.17544e-13
1.22274e-13
1.26779e-13
1.31069e-13
1.35154e-13
1.39045e-13
1.4275e-13
1.46279e-13
1.49639e-13
1.5284e-13
1.55888e-13
1.58791e-13
1.61555e-13
1.64188e-13
1.66695e-13
1.69083e-13
1.95375e-13
2.24286e-13
2.56074e-13
2.91019e-13
3.29431e-13
3.71645e-13
4.18028e-13
4.68978e-13
5.24925e-13
5.86335e-13
6.53708e-13
7.27577e-13
8.08511e-13
8.97102e-13
9.9397e-13
1.09974e-12
1.21505e-12
1.34048e-12
1.4766e-12
1.62385e-12
1.78252e-12
1.9527e-12
2.13411e-12
2.32603e-12
2.52713e-12
2.73519e-12
2.94695e-12
3.15768e-12
3.36091e-12
3.54794e-12
3.70751e-12
3.8254e-12
3.88422e-12
3.86358e-12
3.74073e-12
3.49215e-12
3.0964e-12
2.53869e-12
1.81758e-12
9.53723e-13
1.5258e-34
1.44699e-17
9.7839e-15
1.90901e-14
2.7953e-14
3.63937e-14
4.44324e-14
5.2088e-14
5.93788e-14
6.63223e-14
7.29348e-14
7.92323e-14
8.52297e-14
9.09412e-14
9.63806e-14
1.01561e-13
1.06494e-13
1.11192e-13
1.15667e-13
1.19928e-13
1.23986e-13
1.2785e-13
1.31531e-13
1.35036e-13
1.38374e-13
1.41553e-13
1.4458e-13
1.47464e-13
1.50209e-13
1.52824e-13
1.55315e-13
1.57687e-13
1.59945e-13
1.84817e-13
2.12166e-13
2.42236e-13
2.75293e-13
3.11629e-13
3.51563e-13
3.9544e-13
4.43637e-13
4.96561e-13
5.54654e-13
6.18388e-13
6.88268e-13
7.64831e-13
8.4864e-13
9.4028e-13
1.04034e-12
1.14943e-12
1.2681e-12
1.39689e-12
1.53621e-12
1.68635e-12
1.84738e-12
2.01905e-12
2.20069e-12
2.39103e-12
2.58799e-12
2.78849e-12
2.98806e-12
3.18059e-12
3.35785e-12
3.5092e-12
3.62117e-12
3.6773e-12
3.65826e-12
3.54246e-12
3.30758e-12
2.93322e-12
2.40527e-12
1.72229e-12
9.03812e-13
1.31409e-34
1.37765e-17
9.31506e-15
1.81753e-14
2.66135e-14
3.46498e-14
4.23032e-14
4.95919e-14
5.65334e-14
6.31441e-14
6.94398e-14
7.54355e-14
8.11455e-14
8.65834e-14
9.17621e-14
9.6694e-14
1.01391e-13
1.05864e-13
1.10124e-13
1.14181e-13
1.18044e-13
1.21724e-13
1.25228e-13
1.28565e-13
1.31743e-13
1.3477e-13
1.37652e-13
1.40397e-13
1.43012e-13
1.45501e-13
1.47872e-13
1.5013e-13
1.52281e-13
1.75961e-13
2.01999e-13
2.30628e-13
2.62101e-13
2.96697e-13
3.34717e-13
3.76492e-13
4.2238e-13
4.72769e-13
5.28079e-13
5.88761e-13
6.55295e-13
7.28192e-13
8.07989e-13
8.95242e-13
9.9052e-13
1.09439e-12
1.20739e-12
1.33002e-12
1.46268e-12
1.60566e-12
1.75901e-12
1.92251e-12
2.09552e-12
2.27682e-12
2.46447e-12
2.6555e-12
2.8457e-12
3.02922e-12
3.19827e-12
3.34269e-12
3.44965e-12
3.50348e-12
3.48573e-12
3.37583e-12
3.15241e-12
2.79599e-12
2.29304e-12
1.64212e-12
8.61809e-13
1.13879e-34
1.31917e-17
8.91966e-15
1.74038e-14
2.54838e-14
3.3179e-14
4.05075e-14
4.74869e-14
5.41337e-14
6.04638e-14
6.64923e-14
7.22335e-14
7.77011e-14
8.29082e-14
8.78671e-14
9.25896e-14
9.70872e-14
1.0137e-13
1.05449e-13
1.09334e-13
1.13034e-13
1.16557e-13
1.19912e-13
1.23108e-13
1.26151e-13
1.29049e-13
1.31809e-13
1.34438e-13
1.36941e-13
1.39325e-13
1.41596e-13
1.43758e-13
1.45817e-13
1.68492e-13
1.93425e-13
2.20839e-13
2.50976e-13
2.84103e-13
3.2051e-13
3.60512e-13
4.04453e-13
4.52704e-13
5.05667e-13
5.63774e-13
6.27485e-13
6.97291e-13
7.73704e-13
8.57258e-13
9.48497e-13
1.04796e-12
1.15618e-12
1.27362e-12
1.40067e-12
1.5376e-12
1.68448e-12
1.84108e-12
2.0068e-12
2.18048e-12
2.36026e-12
2.5433e-12
2.72557e-12
2.90149e-12
3.06358e-12
3.20212e-12
3.30484e-12
3.3567e-12
3.34002e-12
3.23504e-12
3.02129e-12
2.67999e-12
2.19815e-12
1.57432e-12
8.26282e-13
9.92348e-35
1.26961e-17
8.58454e-15
1.67499e-14
2.45264e-14
3.19324e-14
3.89856e-14
4.57027e-14
5.20998e-14
5.81921e-14
6.39941e-14
6.95196e-14
7.47818e-14
7.97932e-14
8.45658e-14
8.91109e-14
9.34395e-14
9.75618e-14
1.01488e-13
1.05226e-13
1.08787e-13
1.12178e-13
1.15407e-13
1.18482e-13
1.21411e-13
1.24201e-13
1.26857e-13
1.29387e-13
1.31796e-13
1.34091e-13
1.36276e-13
1.38357e-13
1.40339e-13
1.62162e-13
1.86158e-13
2.12542e-13
2.41547e-13
2.7343e-13
3.08469e-13
3.46968e-13
3.89258e-13
4.35697e-13
4.86671e-13
5.42596e-13
6.03915e-13
6.711e-13
7.44644e-13
8.25063e-13
9.12879e-13
1.00861e-12
1.11277e-12
1.22581e-12
1.34811e-12
1.47991e-12
1.6213e-12
1.77205e-12
1.93159e-12
2.09881e-12
2.2719e-12
2.44816e-12
2.62371e-12
2.79316e-12
2.94934e-12
3.08289e-12
3.18198e-12
3.23215e-12
3.21635e-12
3.11554e-12
2.90995e-12
2.58148e-12
2.11755e-12
1.51671e-12
7.96092e-13
8.68991e-35
1.22741e-17
8.29919e-15
1.61932e-14
2.37111e-14
3.0871e-14
3.76897e-14
4.41836e-14
5.03681e-14
5.62578e-14
6.1867e-14
6.72088e-14
7.22961e-14
7.71409e-14
8.17548e-14
8.61489e-14
9.03336e-14
9.43188e-14
9.81142e-14
1.01729e-13
1.05171e-13
1.08449e-13
1.11571e-13
1.14544e-13
1.17376e-13
1.20072e-13
1.2264e-13
1.25086e-13
1.27415e-13
1.29633e-13
1.31746e-13
1.33758e-13
1.35674e-13
1.56771e-13
1.7997e-13
2.05477e-13
2.33518e-13
2.64341e-13
2.98216e-13
3.35436e-13
3.7632e-13
4.21216e-13
4.70496e-13
5.24563e-13
5.83845e-13
6.48798e-13
7.199e-13
7.97649e-13
8.82549e-13
9.75108e-13
1.07581e-12
1.1851e-12
1.30334e-12
1.43079e-12
1.56749e-12
1.71326e-12
1.86754e-12
2.02924e-12
2.19664e-12
2.36713e-12
2.53693e-12
2.70087e-12
2.85201e-12
2.98129e-12
3.07728e-12
3.12599e-12
3.11092e-12
3.01364e-12
2.815e-12
2.49745e-12
2.04878e-12
1.46755e-12
7.70327e-13
7.64284e-35
1.19132e-17
8.05518e-15
1.57171e-14
2.3014e-14
2.99633e-14
3.65816e-14
4.28845e-14
4.88872e-14
5.46038e-14
6.0048e-14
6.52327e-14
7.01704e-14
7.48728e-14
7.93511e-14
8.3616e-14
8.76776e-14
9.15457e-14
9.52295e-14
9.87377e-14
1.02079e-13
1.0526e-13
1.08291e-13
1.11176e-13
1.13925e-13
1.16542e-13
1.19035e-13
1.21408e-13
1.23669e-13
1.25822e-13
1.27872e-13
1.29825e-13
1.31685e-13
1.52162e-13
1.74679e-13
1.99436e-13
2.26653e-13
2.56569e-13
2.89448e-13
3.25574e-13
3.65257e-13
4.08833e-13
4.56665e-13
5.09143e-13
5.66683e-13
6.29727e-13
6.98741e-13
7.74205e-13
8.56613e-13
9.46454e-13
1.0442e-12
1.15029e-12
1.26506e-12
1.38877e-12
1.52148e-12
1.66299e-12
1.81275e-12
1.96974e-12
2.13227e-12
2.29781e-12
2.4627e-12
2.62192e-12
2.76873e-12
2.89435e-12
2.98768e-12
3.03512e-12
3.02066e-12
2.92639e-12
2.73368e-12
2.42547e-12
1.98986e-12
1.42543e-12
7.48247e-13
6.7478e-35
1.16034e-17
7.84568e-15
1.53083e-14
2.24154e-14
2.9184e-14
3.56302e-14
4.17692e-14
4.76157e-14
5.31837e-14
5.84863e-14
6.35362e-14
6.83455e-14
7.29256e-14
7.72874e-14
8.14414e-14
8.53974e-14
8.91649e-14
9.27528e-14
9.61697e-14
9.94239e-14
1.02523e-13
1.05474e-13
1.08285e-13
1.10962e-13
1.13511e-13
1.15939e-13
1.18251e-13
1.20453e-13
1.2255e-13
1.24547e-13
1.26449e-13
1.2826e-13
1.48205e-13
1.70136e-13
1.94249e-13
2.20758e-13
2.49897e-13
2.81921e-13
3.17107e-13
3.55758e-13
3.98201e-13
4.4479e-13
4.95903e-13
5.51947e-13
6.13353e-13
6.80573e-13
7.54077e-13
8.34344e-13
9.21853e-13
1.01706e-12
1.12039e-12
1.23219e-12
1.3527e-12
1.48196e-12
1.61981e-12
1.76571e-12
1.91865e-12
2.07699e-12
2.23827e-12
2.39894e-12
2.55411e-12
2.69719e-12
2.81966e-12
2.91069e-12
2.95704e-12
2.9431e-12
2.85139e-12
2.66377e-12
2.36358e-12
1.93919e-12
1.38919e-12
7.29253e-13
5.97782e-35
1.13364e-17
7.66514e-15
1.4956e-14
2.18996e-14
2.85125e-14
3.48103e-14
4.0808e-14
4.652e-14
5.19598e-14
5.71404e-14
6.20742e-14
6.67728e-14
7.12475e-14
7.55089e-14
7.95673e-14
8.34323e-14
8.71131e-14
9.06185e-14
9.39568e-14
9.7136e-14
1.00164e-13
1.03047e-13
1.05793e-13
1.08408e-13
1.10899e-13
1.13271e-13
1.1553e-13
1.17681e-13
1.1973e-13
1.21681e-13
1.23539e-13
1.25309e-13
1.44795e-13
1.66221e-13
1.89779e-13
2.15678e-13
2.44147e-13
2.75434e-13
3.0981e-13
3.47572e-13
3.89039e-13
4.34556e-13
4.84493e-13
5.39249e-13
5.99243e-13
6.64917e-13
7.36731e-13
8.15153e-13
9.00651e-13
9.93674e-13
1.09463e-12
1.20387e-12
1.32161e-12
1.44791e-12
1.5826e-12
1.72516e-12
1.87461e-12
2.02934e-12
2.18696e-12
2.34398e-12
2.49564e-12
2.63552e-12
2.75526e-12
2.8443e-12
2.8897e-12
2.87619e-12
2.78669e-12
2.60345e-12
2.31016e-12
1.89545e-12
1.35792e-12
7.12854e-13
5.31154e-35
1.11055e-17
7.50901e-15
1.46514e-14
2.14536e-14
2.79317e-14
3.41012e-14
3.99768e-14
4.55725e-14
5.09015e-14
5.59765e-14
6.08098e-14
6.54127e-14
6.97962e-14
7.39709e-14
7.79466e-14
8.17329e-14
8.53387e-14
8.87726e-14
9.2043e-14
9.51574e-14
9.81235e-14
1.00948e-13
1.03638e-13
1.062e-13
1.0864e-13
1.10964e-13
1.13177e-13
1.15284e-13
1.17291e-13
1.19202e-13
1.21023e-13
1.22756e-13
1.41845e-13
1.62835e-13
1.85914e-13
2.11285e-13
2.39174e-13
2.69823e-13
3.035e-13
3.40493e-13
3.81115e-13
4.25705e-13
4.74626e-13
5.28267e-13
5.87039e-13
6.51377e-13
7.21729e-13
7.98556e-13
8.82314e-13
9.73445e-13
1.07235e-12
1.17937e-12
1.29471e-12
1.41846e-12
1.55042e-12
1.69009e-12
1.83651e-12
1.98813e-12
2.14256e-12
2.29643e-12
2.44506e-12
2.58215e-12
2.69953e-12
2.78685e-12
2.83141e-12
2.81827e-12
2.73068e-12
2.55122e-12
2.26391e-12
1.85757e-12
1.33082e-12
6.98649e-13
4.73194e-35
1.09051e-17
7.37354e-15
1.43871e-14
2.10665e-14
2.74278e-14
3.3486e-14
3.92556e-14
4.47503e-14
4.99831e-14
5.49666e-14
5.97127e-14
6.42325e-14
6.8537e-14
7.26363e-14
7.65403e-14
8.02583e-14
8.3799e-14
8.7171e-14
9.03824e-14
9.34407e-14
9.63532e-14
9.9127e-14
1.01769e-13
1.04284e-13
1.0668e-13
1.08962e-13
1.11135e-13
1.13204e-13
1.15175e-13
1.17052e-13
1.18839e-13
1.20542e-13
1.39286e-13
1.59898e-13
1.8256e-13
2.07474e-13
2.34859e-13
2.64956e-13
2.98025e-13
3.3435e-13
3.7424e-13
4.18026e-13
4.66064e-13
5.18737e-13
5.7645e-13
6.39628e-13
7.08712e-13
7.84154e-13
8.66403e-13
9.55893e-13
1.05302e-12
1.15811e-12
1.27138e-12
1.3929e-12
1.52249e-12
1.65965e-12
1.80346e-12
1.95235e-12
2.10403e-12
2.25517e-12
2.40115e-12
2.53583e-12
2.65115e-12
2.73697e-12
2.7808e-12
2.76798e-12
2.68203e-12
2.50585e-12
2.22372e-12
1.82466e-12
1.30728e-12
6.86303e-13
4.22536e-35
1.07307e-17
7.25562e-15
1.4157e-14
2.07296e-14
2.69892e-14
3.29505e-14
3.86278e-14
4.40346e-14
4.91838e-14
5.40876e-14
5.87577e-14
6.32053e-14
6.7441e-14
7.14747e-14
7.53163e-14
7.89748e-14
8.24589e-14
8.5777e-14
8.8937e-14
9.19464e-14
9.48123e-14
9.75417e-14
1.00141e-13
1.02617e-13
1.04974e-13
1.07219e-13
1.09357e-13
1.11394e-13
1.13333e-13
1.1518e-13
1.16939e-13
1.18614e-13
1.37059e-13
1.57341e-13
1.7964e-13
2.04156e-13
2.31103e-13
2.60719e-13
2.93259e-13
3.29004e-13
3.68256e-13
4.11341e-13
4.58612e-13
5.10443e-13
5.67233e-13
6.29401e-13
6.97382e-13
7.71619e-13
8.52554e-13
9.40615e-13
1.03619e-12
1.1396e-12
1.25107e-12
1.37065e-12
1.49818e-12
1.63316e-12
1.77468e-12
1.92121e-12
2.07049e-12
2.21924e-12
2.36293e-12
2.49549e-12
2.60903e-12
2.69353e-12
2.73673e-12
2.72417e-12
2.63965e-12
2.46632e-12
2.18871e-12
1.79598e-12
1.28676e-12
6.75542e-13
3.7807e-35
1.05785e-17
7.15268e-15
1.39561e-14
2.04355e-14
2.66062e-14
3.2483e-14
3.80798e-14
4.34099e-14
4.8486e-14
5.33202e-14
5.79241e-14
6.23086e-14
6.64841e-14
7.04607e-14
7.42478e-14
7.78543e-14
8.1289e-14
8.45601e-14
8.76752e-14
9.06419e-14
9.34672e-14
9.61579e-14
9.87203e-14
1.01161e-13
1.03485e-13
1.05698e-13
1.07806e-13
1.09813e-13
1.11725e-13
1.13546e-13
1.1528e-13
1.16931e-13
1.35114e-13
1.55108e-13
1.77092e-13
2.01259e-13
2.27825e-13
2.5702e-13
2.89099e-13
3.24336e-13
3.63031e-13
4.05506e-13
4.52106e-13
5.03202e-13
5.59187e-13
6.20474e-13
6.8749e-13
7.60675e-13
8.40463e-13
9.27276e-13
1.0215e-12
1.12345e-12
1.23334e-12
1.35123e-12
1.47695e-12
1.61003e-12
1.74955e-12
1.89402e-12
2.0412e-12
2.18786e-12
2.32954e-12
2.46026e-12
2.57223e-12
2.65558e-12
2.69822e-12
2.68589e-12
2.60262e-12
2.43178e-12
2.15811e-12
1.7709e-12
1.26882e-12
6.66134e-13
3.3889e-35
1.04452e-17
7.06257e-15
1.37803e-14
2.01781e-14
2.6271e-14
3.20738e-14
3.76e-14
4.2863e-14
4.78751e-14
5.26485e-14
5.71944e-14
6.15236e-14
6.56465e-14
6.9573e-14
7.33123e-14
7.68735e-14
8.02649e-14
8.34947e-14
8.65706e-14
8.94999e-14
9.22897e-14
9.49464e-14
9.74766e-14
9.98862e-14
1.02181e-13
1.04366e-13
1.06448e-13
1.0843e-13
1.10318e-13
1.12115e-13
1.13827e-13
1.15458e-13
1.33412e-13
1.53154e-13
1.74861e-13
1.98724e-13
2.24954e-13
2.53782e-13
2.85457e-13
3.2025e-13
3.58458e-13
4.00397e-13
4.46411e-13
4.96864e-13
5.52143e-13
6.12658e-13
6.78831e-13
7.51095e-13
8.29879e-13
9.156e-13
1.00864e-12
1.1093e-12
1.21781e-12
1.33422e-12
1.45837e-12
1.58978e-12
1.72755e-12
1.87022e-12
2.01556e-12
2.16039e-12
2.30031e-12
2.42942e-12
2.54001e-12
2.62235e-12
2.6645e-12
2.65237e-12
2.57018e-12
2.40152e-12
2.13129e-12
1.74893e-12
1.2531e-12
6.57887e-13
3.0425e-35
1.03282e-17
6.98347e-15
1.3626e-14
1.99521e-14
2.59768e-14
3.17146e-14
3.71789e-14
4.23829e-14
4.7339e-14
5.20589e-14
5.65538e-14
6.08346e-14
6.49114e-14
6.87938e-14
7.24913e-14
7.60126e-14
7.9366e-14
8.25597e-14
8.56011e-14
8.84976e-14
9.12561e-14
9.38831e-14
9.6385e-14
9.87676e-14
1.01037e-13
1.03198e-13
1.05256e-13
1.07216e-13
1.09082e-13
1.1086e-13
1.12553e-13
1.14165e-13
1.31918e-13
1.51439e-13
1.72902e-13
1.96498e-13
2.22435e-13
2.5094e-13
2.8226e-13
3.16664e-13
3.54444e-13
3.95914e-13
4.41412e-13
4.913e-13
5.45961e-13
6.05798e-13
6.71231e-13
7.42686e-13
8.20589e-13
9.05351e-13
9.97346e-13
1.09689e-12
1.20418e-12
1.31929e-12
1.44205e-12
1.572e-12
1.70824e-12
1.84932e-12
1.99304e-12
2.13627e-12
2.27465e-12
2.40233e-12
2.51172e-12
2.59317e-12
2.63488e-12
2.62292e-12
2.54168e-12
2.37493e-12
2.10773e-12
1.72963e-12
1.23929e-12
6.50641e-13
2.1551e-35
1.0271e-17
6.94478e-15
1.35505e-14
1.98415e-14
2.58329e-14
3.15388e-14
3.69729e-14
4.21481e-14
4.70767e-14
5.17704e-14
5.62405e-14
6.04975e-14
6.45517e-14
6.84127e-14
7.20896e-14
7.55914e-14
7.89263e-14
8.21022e-14
8.51268e-14
8.80073e-14
9.07505e-14
9.33629e-14
9.58509e-14
9.82203e-14
1.00477e-13
1.02626e-13
1.04672e-13
1.06622e-13
1.08478e-13
1.10245e-13
1.11929e-13
1.13532e-13
1.31187e-13
1.506e-13
1.71944e-13
1.9541e-13
2.21203e-13
2.49549e-13
2.80696e-13
3.1491e-13
3.5248e-13
3.9372e-13
4.38966e-13
4.88578e-13
5.42936e-13
6.02442e-13
6.67513e-13
7.38572e-13
8.16043e-13
9.00336e-13
9.91823e-13
1.09081e-12
1.19752e-12
1.31199e-12
1.43407e-12
1.5633e-12
1.69879e-12
1.83909e-12
1.98203e-12
2.12447e-12
2.26209e-12
2.38908e-12
2.49787e-12
2.57889e-12
2.62038e-12
2.60851e-12
2.52773e-12
2.36191e-12
2.09619e-12
1.72017e-12
1.23252e-12
6.47092e-13
8.41501e-36
1.02237e-17
6.91283e-15
1.34881e-14
1.97502e-14
2.57141e-14
3.13938e-14
3.68028e-14
4.19542e-14
4.68601e-14
5.15323e-14
5.59818e-14
6.02192e-14
6.42547e-14
6.8098e-14
7.1758e-14
7.52437e-14
7.85632e-14
8.17245e-14
8.47352e-14
8.76024e-14
9.0333e-14
9.29334e-14
9.541e-14
9.77685e-14
1.00015e-13
1.02154e-13
1.04191e-13
1.06131e-13
1.07979e-13
1.09738e-13
1.11414e-13
1.1301e-13
1.30583e-13
1.49907e-13
1.71153e-13
1.94511e-13
2.20185e-13
2.48401e-13
2.79405e-13
3.13461e-13
3.50859e-13
3.91909e-13
4.36947e-13
4.86331e-13
5.40439e-13
5.99672e-13
6.64443e-13
7.35175e-13
8.12291e-13
8.96196e-13
9.87263e-13
1.0858e-12
1.19201e-12
1.30596e-12
1.42748e-12
1.55612e-12
1.69099e-12
1.83065e-12
1.97293e-12
2.11473e-12
2.25172e-12
2.37813e-12
2.48644e-12
2.56709e-12
2.60841e-12
2.5966e-12
2.51621e-12
2.35116e-12
2.08667e-12
1.71237e-12
1.22693e-12
6.44161e-13
3.77544e-36
1.01203e-17
6.84291e-15
1.33517e-14
1.95505e-14
2.5454e-14
3.10762e-14
3.64306e-14
4.15299e-14
4.63861e-14
5.1011e-14
5.54155e-14
5.96101e-14
6.36048e-14
6.74092e-14
7.10322e-14
7.44826e-14
7.77685e-14
8.08979e-14
8.38781e-14
8.67163e-14
8.94193e-14
9.19934e-14
9.44449e-14
9.67796e-14
9.9003e-14
1.0112e-13
1.03137e-13
1.05058e-13
1.06887e-13
1.08628e-13
1.10287e-13
1.11867e-13
1.29263e-13
1.48391e-13
1.69422e-13
1.92543e-13
2.17958e-13
2.45889e-13
2.76579e-13
3.10291e-13
3.4731e-13
3.87945e-13
4.32528e-13
4.81412e-13
5.34973e-13
5.93607e-13
6.57723e-13
7.27741e-13
8.04077e-13
8.87135e-13
9.77282e-13
1.07482e-12
1.17996e-12
1.29276e-12
1.41306e-12
1.5404e-12
1.67391e-12
1.81217e-12
1.95303e-12
2.0934e-12
2.22902e-12
2.35418e-12
2.46141e-12
2.54128e-12
2.58221e-12
2.57055e-12
2.491e-12
2.32764e-12
2.06582e-12
1.69528e-12
1.2147e-12
6.37746e-13
4.78737e-36
1.00176e-17
6.77348e-15
1.32162e-14
1.93521e-14
2.51957e-14
3.07609e-14
3.6061e-14
4.11085e-14
4.59155e-14
5.04935e-14
5.48533e-14
5.90053e-14
6.29595e-14
6.67252e-14
7.03115e-14
7.37269e-14
7.69795e-14
8.00771e-14
8.30271e-14
8.58365e-14
8.8512e-14
9.10601e-14
9.34867e-14
9.57977e-14
9.79985e-14
1.00095e-13
1.02091e-13
1.03992e-13
1.05802e-13
1.07526e-13
1.09168e-13
1.10732e-13
1.27951e-13
1.46885e-13
1.67703e-13
1.9059e-13
2.15747e-13
2.43394e-13
2.73773e-13
3.07142e-13
3.43786e-13
3.8401e-13
4.2814e-13
4.76528e-13
5.29546e-13
5.87585e-13
6.51052e-13
7.20359e-13
7.95922e-13
8.78138e-13
9.67372e-13
1.06393e-12
1.168e-12
1.27966e-12
1.39874e-12
1.52479e-12
1.65696e-12
1.79382e-12
1.93326e-12
2.07222e-12
2.20649e-12
2.3304e-12
2.43657e-12
2.51565e-12
2.5562e-12
2.54469e-12
2.46597e-12
2.30428e-12
2.04511e-12
1.67831e-12
1.20256e-12
6.31376e-13
4.30669e-36
9.91719e-18
6.70556e-15
1.30837e-14
1.91581e-14
2.49431e-14
3.04525e-14
3.56994e-14
4.06963e-14
4.54551e-14
4.99871e-14
5.43032e-14
5.84136e-14
6.23282e-14
6.60561e-14
6.96065e-14
7.29876e-14
7.62076e-14
7.92742e-14
8.21946e-14
8.49758e-14
8.76245e-14
9.0147e-14
9.25493e-14
9.48371e-14
9.70159e-14
9.90908e-14
1.01067e-13
1.02949e-13
1.04741e-13
1.06448e-13
1.08074e-13
1.09622e-13
1.26668e-13
1.45412e-13
1.66022e-13
1.88679e-13
2.13583e-13
2.40954e-13
2.71028e-13
3.04063e-13
3.40339e-13
3.80159e-13
4.23847e-13
4.71751e-13
5.24237e-13
5.81695e-13
6.44525e-13
7.13138e-13
7.87944e-13
8.69337e-13
9.57677e-13
1.05326e-12
1.1563e-12
1.26684e-12
1.38473e-12
1.50953e-12
1.64037e-12
1.77587e-12
1.91392e-12
2.05151e-12
2.18444e-12
2.30713e-12
2.41226e-12
2.49058e-12
2.53075e-12
2.51938e-12
2.44148e-12
2.28142e-12
2.02486e-12
1.66171e-12
1.19068e-12
6.25143e-13
3.87514e-36
9.82006e-18
6.63988e-15
1.29556e-14
1.89704e-14
2.46988e-14
3.01542e-14
3.53497e-14
4.02977e-14
4.50099e-14
4.94975e-14
5.37714e-14
5.78415e-14
6.17177e-14
6.54092e-14
6.89247e-14
7.22727e-14
7.54612e-14
7.84977e-14
8.13895e-14
8.41435e-14
8.67663e-14
8.9264e-14
9.16428e-14
9.39082e-14
9.60657e-14
9.81203e-14
1.00077e-13
1.01941e-13
1.03715e-13
1.05405e-13
1.07015e-13
1.08548e-13
1.25428e-13
1.43988e-13
1.64396e-13
1.86831e-13
2.11491e-13
2.38594e-13
2.68373e-13
3.01085e-13
3.37006e-13
3.76436e-13
4.19696e-13
4.67131e-13
5.19103e-13
5.75998e-13
6.38214e-13
7.06155e-13
7.80229e-13
8.60826e-13
9.48302e-13
1.04295e-12
1.14498e-12
1.25444e-12
1.37119e-12
1.49476e-12
1.62433e-12
1.75851e-12
1.89522e-12
2.03147e-12
2.16312e-12
2.28463e-12
2.38875e-12
2.46633e-12
2.50613e-12
2.49491e-12
2.41779e-12
2.25932e-12
2.00527e-12
1.64566e-12
1.17919e-12
6.19116e-13
3.48795e-36
9.72699e-18
6.57695e-15
1.28328e-14
1.87906e-14
2.44647e-14
2.98684e-14
3.50147e-14
3.99158e-14
4.45833e-14
4.90284e-14
5.32617e-14
5.72933e-14
6.11328e-14
6.47893e-14
6.82715e-14
7.15878e-14
7.4746e-14
7.77538e-14
8.06182e-14
8.33461e-14
8.5944e-14
8.84181e-14
9.07743e-14
9.30182e-14
9.51552e-14
9.71904e-14
9.91286e-14
1.00974e-13
1.02732e-13
1.04406e-13
1.06001e-13
1.07519e-13
1.24239e-13
1.42624e-13
1.62838e-13
1.8506e-13
2.09487e-13
2.36333e-13
2.6583e-13
2.98232e-13
3.33812e-13
3.72869e-13
4.15719e-13
4.62704e-13
5.14185e-13
5.70541e-13
6.32166e-13
6.99465e-13
7.72837e-13
8.52671e-13
9.39319e-13
1.03308e-12
1.13414e-12
1.24257e-12
1.35821e-12
1.48062e-12
1.60896e-12
1.74188e-12
1.87731e-12
2.01228e-12
2.1427e-12
2.26307e-12
2.36623e-12
2.4431e-12
2.48255e-12
2.47146e-12
2.3951e-12
2.23814e-12
1.9865e-12
1.63027e-12
1.16818e-12
6.1334e-13
3.14065e-36
9.63848e-18
6.51711e-15
1.2716e-14
1.86197e-14
2.42421e-14
2.95966e-14
3.46961e-14
3.95526e-14
4.41776e-14
4.85823e-14
5.27771e-14
5.6772e-14
6.05765e-14
6.41997e-14
6.76503e-14
7.09364e-14
7.40659e-14
7.70463e-14
7.98846e-14
8.25877e-14
8.51619e-14
8.76135e-14
8.99483e-14
9.21718e-14
9.42894e-14
9.6306e-14
9.82266e-14
1.00056e-13
1.01798e-13
1.03456e-13
1.05036e-13
1.06541e-13
1.23108e-13
1.41326e-13
1.61356e-13
1.83376e-13
2.07581e-13
2.34182e-13
2.63411e-13
2.95518e-13
3.30775e-13
3.69476e-13
4.11937e-13
4.58494e-13
5.09507e-13
5.6535e-13
6.26416e-13
6.93102e-13
7.65808e-13
8.44916e-13
9.30777e-13
1.02368e-12
1.12383e-12
1.23127e-12
1.34586e-12
1.46716e-12
1.59435e-12
1.72606e-12
1.86027e-12
1.99402e-12
2.12327e-12
2.24257e-12
2.34481e-12
2.421e-12
2.46012e-12
2.44915e-12
2.37351e-12
2.218e-12
1.96865e-12
1.61564e-12
1.15771e-12
6.07847e-13
2.82916e-36
9.55482e-18
6.46054e-15
1.26056e-14
1.8458e-14
2.40317e-14
2.93397e-14
3.43949e-14
3.92093e-14
4.37942e-14
4.81606e-14
5.2319e-14
5.62792e-14
6.00507e-14
6.36425e-14
6.70631e-14
7.03207e-14
7.3423e-14
7.63775e-14
7.91912e-14
8.18708e-14
8.44228e-14
8.68531e-14
8.91676e-14
9.13718e-14
9.3471e-14
9.54701e-14
9.7374e-14
9.91872e-14
1.00914e-13
1.02558e-13
1.04125e-13
1.05616e-13
1.2204e-13
1.40099e-13
1.59955e-13
1.81785e-13
2.05779e-13
2.3215e-13
2.61125e-13
2.92953e-13
3.27904e-13
3.6627e-13
4.08362e-13
4.54515e-13
5.05085e-13
5.60444e-13
6.2098e-13
6.87088e-13
7.59163e-13
8.37585e-13
9.22702e-13
1.0148e-12
1.11408e-12
1.2206e-12
1.33419e-12
1.45445e-12
1.58053e-12
1.71111e-12
1.84416e-12
1.97677e-12
2.10491e-12
2.22318e-12
2.32456e-12
2.40012e-12
2.43892e-12
2.42807e-12
2.35311e-12
2.19896e-12
1.95177e-12
1.60181e-12
1.14781e-12
6.02655e-13
2.54975e-36
9.47615e-18
6.40735e-15
1.25018e-14
1.83061e-14
2.38338e-14
2.90982e-14
3.41117e-14
3.88864e-14
4.34336e-14
4.77641e-14
5.18882e-14
5.58158e-14
5.95563e-14
6.31185e-14
6.65109e-14
6.97417e-14
7.28185e-14
7.57486e-14
7.85392e-14
8.11967e-14
8.37277e-14
8.6138e-14
8.84334e-14
9.06195e-14
9.27014e-14
9.46841e-14
9.65723e-14
9.83705e-14
1.00083e-13
1.01714e-13
1.03267e-13
1.04747e-13
1.21035e-13
1.38946e-13
1.58638e-13
1.80288e-13
2.04085e-13
2.30238e-13
2.58975e-13
2.90541e-13
3.25205e-13
3.63254e-13
4.05e-13
4.50773e-13
5.00927e-13
5.5583e-13
6.15868e-13
6.81432e-13
7.52915e-13
8.30692e-13
9.15109e-13
1.00645e-12
1.10492e-12
1.21055e-12
1.32322e-12
1.44249e-12
1.56754e-12
1.69705e-12
1.82902e-12
1.96054e-12
2.08764e-12
2.20496e-12
2.30552e-12
2.38047e-12
2.41898e-12
2.40825e-12
2.33392e-12
2.18106e-12
1.9359e-12
1.58881e-12
1.1385e-12
5.97771e-13
2.29903e-36
9.40248e-18
6.35754e-15
1.24047e-14
1.81638e-14
2.36485e-14
2.8872e-14
3.38466e-14
3.85841e-14
4.3096e-14
4.73928e-14
5.14849e-14
5.53819e-14
5.90933e-14
6.26278e-14
6.59939e-14
6.91995e-14
7.22524e-14
7.51598e-14
7.79286e-14
8.05655e-14
8.30768e-14
8.54683e-14
8.77459e-14
8.9915e-14
9.19807e-14
9.3948e-14
9.58215e-14
9.76058e-14
9.93051e-14
1.00923e-13
1.02465e-13
1.03932e-13
1.20094e-13
1.37866e-13
1.57405e-13
1.78886e-13
2.02499e-13
2.28449e-13
2.56962e-13
2.88283e-13
3.22677e-13
3.6043e-13
4.01852e-13
4.47269e-13
4.97033e-13
5.5151e-13
6.11081e-13
6.76136e-13
7.47063e-13
8.24237e-13
9.07999e-13
9.98634e-13
1.09633e-12
1.20115e-12
1.31295e-12
1.43129e-12
1.55538e-12
1.68389e-12
1.81483e-12
1.94535e-12
2.07147e-12
2.18789e-12
2.28769e-12
2.36208e-12
2.40031e-12
2.38969e-12
2.31595e-12
2.16429e-12
1.92104e-12
1.57663e-12
1.12979e-12
5.93198e-13
6.21123e-36
9.32809e-18
6.30724e-15
1.23065e-14
1.80201e-14
2.34614e-14
2.86435e-14
3.35788e-14
3.82789e-14
4.2755e-14
4.70178e-14
5.10775e-14
5.49438e-14
5.86258e-14
6.21323e-14
6.54718e-14
6.8652e-14
7.16808e-14
7.45652e-14
7.73121e-14
7.99281e-14
8.24195e-14
8.47922e-14
8.70517e-14
8.92037e-14
9.1253e-14
9.32047e-14
9.50635e-14
9.68336e-14
9.85194e-14
1.00125e-13
1.01654e-13
1.0311e-13
1.19144e-13
1.36775e-13
1.5616e-13
1.77471e-13
2.00897e-13
2.26641e-13
2.54929e-13
2.86002e-13
3.20124e-13
3.57579e-13
3.98673e-13
4.43731e-13
4.93102e-13
5.47148e-13
6.06248e-13
6.70789e-13
7.41155e-13
8.17719e-13
9.00819e-13
9.90738e-13
1.08767e-12
1.19166e-12
1.30257e-12
1.41998e-12
1.54309e-12
1.6706e-12
1.80051e-12
1.93e-12
2.05514e-12
2.17066e-12
2.26968e-12
2.34351e-12
2.38146e-12
2.37094e-12
2.29781e-12
2.14736e-12
1.90603e-12
1.56433e-12
1.12098e-12
5.8858e-13
1.06982e-35
9.24695e-18
6.25237e-15
1.21995e-14
1.78633e-14
2.32573e-14
2.83944e-14
3.32867e-14
3.79459e-14
4.23831e-14
4.66089e-14
5.06332e-14
5.44659e-14
5.81158e-14
6.15919e-14
6.49022e-14
6.80549e-14
7.10573e-14
7.39166e-14
7.66396e-14
7.92329e-14
8.17026e-14
8.40546e-14
8.62945e-14
8.84277e-14
9.04593e-14
9.2394e-14
9.42365e-14
9.59913e-14
9.76624e-14
9.9254e-14
1.0077e-13
1.02213e-13
1.18108e-13
1.35585e-13
1.54802e-13
1.75927e-13
1.99149e-13
2.2467e-13
2.52711e-13
2.83514e-13
3.1734e-13
3.54469e-13
3.95205e-13
4.39872e-13
4.88813e-13
5.42389e-13
6.00976e-13
6.64956e-13
7.34711e-13
8.10609e-13
8.92987e-13
9.82126e-13
1.07821e-12
1.1813e-12
1.29125e-12
1.40765e-12
1.52969e-12
1.65609e-12
1.78489e-12
1.91326e-12
2.03733e-12
2.15186e-12
2.25004e-12
2.32325e-12
2.36089e-12
2.35049e-12
2.27801e-12
2.12888e-12
1.88966e-12
1.55091e-12
1.11138e-12
5.83541e-13
1.1667e-35
9.15852e-18
6.19258e-15
1.20828e-14
1.76925e-14
2.30349e-14
2.81228e-14
3.29683e-14
3.7583e-14
4.19777e-14
4.61631e-14
5.0149e-14
5.3945e-14
5.756e-14
6.10028e-14
6.42815e-14
6.7404e-14
7.03777e-14
7.32096e-14
7.59066e-14
7.84751e-14
8.09212e-14
8.32507e-14
8.54692e-14
8.7582e-14
8.95941e-14
9.15104e-14
9.33353e-14
9.50733e-14
9.67284e-14
9.83047e-14
9.98059e-14
1.01236e-13
1.16978e-13
1.34288e-13
1.53321e-13
1.74245e-13
1.97244e-13
2.22521e-13
2.50295e-13
2.80803e-13
3.14305e-13
3.51079e-13
3.91426e-13
4.35666e-13
4.84139e-13
5.37203e-13
5.95229e-13
6.58598e-13
7.27686e-13
8.0286e-13
8.84452e-13
9.72739e-13
1.06791e-12
1.17002e-12
1.27892e-12
1.39421e-12
1.51509e-12
1.64029e-12
1.76786e-12
1.89502e-12
2.01791e-12
2.13137e-12
2.22863e-12
2.30116e-12
2.33847e-12
2.32819e-12
2.25644e-12
2.10875e-12
1.87181e-12
1.53628e-12
1.1009e-12
5.78047e-13
1.27126e-35
9.06222e-18
6.12746e-15
1.19558e-14
1.75064e-14
2.27927e-14
2.78271e-14
3.26217e-14
3.71878e-14
4.15364e-14
4.56777e-14
4.96217e-14
5.33777e-14
5.69548e-14
6.03614e-14
6.36056e-14
6.66953e-14
6.96377e-14
7.24399e-14
7.51085e-14
7.765e-14
8.00703e-14
8.23754e-14
8.45705e-14
8.66611e-14
8.86521e-14
9.05482e-14
9.23539e-14
9.40736e-14
9.57114e-14
9.72711e-14
9.87565e-14
1.00171e-13
1.15748e-13
1.32876e-13
1.51709e-13
1.72413e-13
1.95171e-13
2.20182e-13
2.47663e-13
2.77851e-13
3.11e-13
3.47388e-13
3.87311e-13
4.31085e-13
4.79049e-13
5.31555e-13
5.88972e-13
6.51675e-13
7.20038e-13
7.94422e-13
8.75157e-13
9.62517e-13
1.05669e-12
1.15773e-12
1.26549e-12
1.37957e-12
1.49919e-12
1.62308e-12
1.74932e-12
1.87516e-12
1.99677e-12
2.10905e-12
2.20532e-12
2.27711e-12
2.31406e-12
2.30391e-12
2.23294e-12
2.08681e-12
1.85237e-12
1.52034e-12
1.0895e-12
5.72064e-13
7.79066e-36
9.04514e-18
6.11592e-15
1.19332e-14
1.74734e-14
2.27497e-14
2.77747e-14
3.25602e-14
3.71177e-14
4.14581e-14
4.55916e-14
4.95282e-14
5.32772e-14
5.68475e-14
6.02476e-14
6.34858e-14
6.65696e-14
6.95065e-14
7.23034e-14
7.4967e-14
7.75036e-14
7.99194e-14
8.22201e-14
8.44112e-14
8.64978e-14
8.8485e-14
9.03775e-14
9.21799e-14
9.38963e-14
9.5531e-14
9.70878e-14
9.85704e-14
9.99824e-14
1.1553e-13
1.32626e-13
1.51423e-13
1.72088e-13
1.94803e-13
2.19767e-13
2.47196e-13
2.77327e-13
3.10414e-13
3.46733e-13
3.86581e-13
4.30273e-13
4.78146e-13
5.30554e-13
5.87863e-13
6.50447e-13
7.18681e-13
7.92925e-13
8.73508e-13
9.60705e-13
1.0547e-12
1.15555e-12
1.26311e-12
1.37697e-12
1.49637e-12
1.62002e-12
1.74603e-12
1.87163e-12
1.99302e-12
2.10509e-12
2.20118e-12
2.27285e-12
2.30973e-12
2.29961e-12
2.22877e-12
2.08292e-12
1.84892e-12
1.51752e-12
1.08748e-12
5.71002e-13
7.21925e-36
8.95746e-18
6.05664e-15
1.18176e-14
1.73041e-14
2.25292e-14
2.75055e-14
3.22446e-14
3.67579e-14
4.10562e-14
4.51497e-14
4.90481e-14
5.27607e-14
5.62964e-14
5.96636e-14
6.28704e-14
6.59243e-14
6.88327e-14
7.16025e-14
7.42403e-14
7.67524e-14
7.91448e-14
8.14231e-14
8.3593e-14
8.56594e-14
8.76273e-14
8.95015e-14
9.12863e-14
9.29862e-14
9.4605e-14
9.61467e-14
9.76149e-14
9.90132e-14
1.1441e-13
1.3134e-13
1.49955e-13
1.7042e-13
1.92915e-13
2.17636e-13
2.448e-13
2.74639e-13
3.07405e-13
3.43373e-13
3.82834e-13
4.26103e-13
4.73512e-13
5.25412e-13
5.82166e-13
6.44144e-13
7.11717e-13
7.85242e-13
8.65046e-13
9.51398e-13
1.04448e-12
1.14436e-12
1.25088e-12
1.36364e-12
1.48189e-12
1.60435e-12
1.72915e-12
1.85354e-12
1.97377e-12
2.08477e-12
2.17995e-12
2.25094e-12
2.2875e-12
2.2775e-12
2.20737e-12
2.06295e-12
1.83121e-12
1.503e-12
1.07709e-12
5.65553e-13
1.38778e-35
8.84364e-18
5.97967e-15
1.16674e-14
1.70842e-14
2.22429e-14
2.71559e-14
3.18349e-14
3.62909e-14
4.05345e-14
4.4576e-14
4.84248e-14
5.20903e-14
5.55811e-14
5.89055e-14
6.20715e-14
6.50866e-14
6.7958e-14
7.06926e-14
7.32969e-14
7.57771e-14
7.81391e-14
8.03885e-14
8.25307e-14
8.45709e-14
8.65138e-14
8.83642e-14
9.01263e-14
9.18046e-14
9.34028e-14
9.49249e-14
9.63745e-14
9.7755e-14
1.12956e-13
1.29672e-13
1.4805e-13
1.68254e-13
1.90463e-13
2.14871e-13
2.4169e-13
2.71149e-13
3.03499e-13
3.3901e-13
3.7797e-13
4.20689e-13
4.67496e-13
5.18737e-13
5.7477e-13
6.35961e-13
7.02677e-13
7.75268e-13
8.54059e-13
9.39316e-13
1.03122e-12
1.12983e-12
1.235e-12
1.34634e-12
1.46309e-12
1.58401e-12
1.70723e-12
1.83006e-12
1.94878e-12
2.05839e-12
2.15239e-12
2.22251e-12
2.25863e-12
2.24879e-12
2.17958e-12
2.03701e-12
1.80822e-12
1.48416e-12
1.0636e-12
5.58475e-13
1.63463e-35
8.72011e-18
5.89615e-15
1.15044e-14
1.68455e-14
2.19322e-14
2.67766e-14
3.13902e-14
3.57839e-14
3.99683e-14
4.39533e-14
4.77484e-14
5.13627e-14
5.48047e-14
5.80827e-14
6.12045e-14
6.41775e-14
6.70088e-14
6.97052e-14
7.22731e-14
7.47186e-14
7.70476e-14
7.92656e-14
8.13779e-14
8.33896e-14
8.53054e-14
8.71299e-14
8.88675e-14
9.05222e-14
9.20982e-14
9.3599e-14
9.50283e-14
9.63896e-14
1.11378e-13
1.2786e-13
1.45982e-13
1.65904e-13
1.87803e-13
2.1187e-13
2.38314e-13
2.67362e-13
2.9926e-13
3.34275e-13
3.72691e-13
4.14813e-13
4.60967e-13
5.11492e-13
5.66743e-13
6.2708e-13
6.92865e-13
7.64444e-13
8.42135e-13
9.26204e-13
1.01683e-12
1.11406e-12
1.21777e-12
1.32756e-12
1.44268e-12
1.56192e-12
1.68344e-12
1.80457e-12
1.92165e-12
2.02976e-12
2.12247e-12
2.19164e-12
2.22729e-12
2.21763e-12
2.14941e-12
2.00886e-12
1.78326e-12
1.4637e-12
1.04895e-12
5.50792e-13
1.7733e-35
8.58623e-18
5.80562e-15
1.13278e-14
1.65869e-14
2.15955e-14
2.63655e-14
3.09083e-14
3.52345e-14
3.93547e-14
4.32785e-14
4.70153e-14
5.05741e-14
5.39633e-14
5.71909e-14
6.02648e-14
6.31921e-14
6.598e-14
6.8635e-14
7.11635e-14
7.35715e-14
7.58647e-14
7.80486e-14
8.01285e-14
8.21093e-14
8.39957e-14
8.57922e-14
8.75031e-14
8.91324e-14
9.06842e-14
9.2162e-14
9.35694e-14
9.49097e-14
1.09668e-13
1.25897e-13
1.43741e-13
1.63357e-13
1.8492e-13
2.08617e-13
2.34655e-13
2.63257e-13
2.94666e-13
3.29143e-13
3.66969e-13
4.08445e-13
4.53891e-13
5.03641e-13
5.58044e-13
6.17455e-13
6.82231e-13
7.52712e-13
8.29213e-13
9.11993e-13
1.00123e-12
1.09697e-12
1.19909e-12
1.3072e-12
1.42057e-12
1.53799e-12
1.65765e-12
1.77694e-12
1.89225e-12
1.99872e-12
2.09004e-12
2.15819e-12
2.19333e-12
2.18385e-12
2.11671e-12
1.97834e-12
1.75621e-12
1.44152e-12
1.03308e-12
5.42461e-13
1.92106e-35
8.44134e-18
5.70766e-15
1.11366e-14
1.6307e-14
2.12311e-14
2.59206e-14
3.03867e-14
3.464e-14
3.86906e-14
4.25482e-14
4.6222e-14
4.97207e-14
5.30527e-14
5.62259e-14
5.92479e-14
6.21258e-14
6.48666e-14
6.74768e-14
6.99626e-14
7.233e-14
7.45845e-14
7.67316e-14
7.87764e-14
8.07238e-14
8.25783e-14
8.43445e-14
8.60265e-14
8.76284e-14
8.9154e-14
9.06068e-14
9.19905e-14
9.33082e-14
1.07818e-13
1.23773e-13
1.41315e-13
1.60601e-13
1.81799e-13
2.05097e-13
2.30696e-13
2.58815e-13
2.89694e-13
3.23589e-13
3.60777e-13
4.01554e-13
4.46233e-13
4.95144e-13
5.48629e-13
6.07039e-13
6.70722e-13
7.40016e-13
8.15227e-13
8.96613e-13
9.84346e-13
1.07848e-12
1.17888e-12
1.28517e-12
1.39664e-12
1.51209e-12
1.62975e-12
1.74704e-12
1.86043e-12
1.96513e-12
2.05494e-12
2.12198e-12
2.15656e-12
2.14728e-12
2.08131e-12
1.94529e-12
1.72691e-12
1.4175e-12
1.01588e-12
5.33442e-13
2.07795e-35
8.2848e-18
5.60181e-15
1.09301e-14
1.60046e-14
2.08374e-14
2.54399e-14
2.98232e-14
3.39976e-14
3.79731e-14
4.17592e-14
4.53648e-14
4.87987e-14
5.20689e-14
5.51832e-14
5.81491e-14
6.09737e-14
6.36637e-14
6.62255e-14
6.86652e-14
7.09887e-14
7.32014e-14
7.53087e-14
7.73155e-14
7.92268e-14
8.10469e-14
8.27804e-14
8.44312e-14
8.60034e-14
8.75007e-14
8.89266e-14
9.02846e-14
9.15778e-14
1.05819e-13
1.21478e-13
1.38695e-13
1.57622e-13
1.78428e-13
2.01293e-13
2.26418e-13
2.54016e-13
2.84322e-13
3.17589e-13
3.54088e-13
3.94108e-13
4.37959e-13
4.85963e-13
5.38457e-13
5.95785e-13
6.58288e-13
7.26298e-13
8.00117e-13
8.79995e-13
9.66106e-13
1.0585e-12
1.15704e-12
1.26137e-12
1.37078e-12
1.4841e-12
1.59959e-12
1.71473e-12
1.82604e-12
1.92883e-12
2.01701e-12
2.08284e-12
2.11683e-12
2.10776e-12
2.04305e-12
1.90958e-12
1.69525e-12
1.39155e-12
9.97303e-13
5.23692e-13
2.24388e-35
8.11597e-18
5.48766e-15
1.07074e-14
1.56785e-14
2.04128e-14
2.49215e-14
2.92154e-14
3.33048e-14
3.71993e-14
4.09082e-14
4.44404e-14
4.78042e-14
5.10078e-14
5.40587e-14
5.69642e-14
5.97312e-14
6.23664e-14
6.4876e-14
6.72659e-14
6.9542e-14
7.17097e-14
7.3774e-14
7.574e-14
7.76123e-14
7.93954e-14
8.10935e-14
8.27107e-14
8.42508e-14
8.57175e-14
8.71144e-14
8.84447e-14
8.97117e-14
1.03662e-13
1.19002e-13
1.35868e-13
1.5441e-13
1.74792e-13
1.97192e-13
2.21804e-13
2.4884e-13
2.78528e-13
3.11117e-13
3.46873e-13
3.86078e-13
4.29035e-13
4.76062e-13
5.27487e-13
5.83647e-13
6.44878e-13
7.11503e-13
7.83819e-13
8.62073e-13
9.46432e-13
1.03694e-12
1.13349e-12
1.2357e-12
1.34289e-12
1.45391e-12
1.56707e-12
1.67989e-12
1.78895e-12
1.88968e-12
1.9761e-12
2.04063e-12
2.07397e-12
2.06513e-12
2.00178e-12
1.87105e-12
1.66109e-12
1.36354e-12
9.77252e-13
5.13171e-13
2.41858e-35
7.93424e-18
5.36478e-15
1.04676e-14
1.53274e-14
1.99557e-14
2.43635e-14
2.85613e-14
3.25591e-14
3.63663e-14
3.99922e-14
4.34453e-14
4.67338e-14
4.98656e-14
5.28482e-14
5.56887e-14
5.83937e-14
6.09699e-14
6.34233e-14
6.57598e-14
6.79849e-14
7.0104e-14
7.21221e-14
7.40441e-14
7.58744e-14
7.76176e-14
7.92777e-14
8.08587e-14
8.23643e-14
8.37982e-14
8.51638e-14
8.64643e-14
8.77029e-14
1.01341e-13
1.16337e-13
1.32826e-13
1.50953e-13
1.70878e-13
1.92776e-13
2.16837e-13
2.43268e-13
2.72292e-13
3.04152e-13
3.39106e-13
3.77434e-13
4.1943e-13
4.65404e-13
5.15678e-13
5.70582e-13
6.30443e-13
6.95578e-13
7.66277e-13
8.42781e-13
9.25255e-13
1.01375e-12
1.10813e-12
1.20807e-12
1.31286e-12
1.42142e-12
1.53206e-12
1.64237e-12
1.74902e-12
1.84753e-12
1.93205e-12
1.99518e-12
2.02782e-12
2.01923e-12
1.95734e-12
1.82956e-12
1.6243e-12
1.33338e-12
9.55658e-13
5.0184e-13
2.60157e-35
7.73905e-18
5.2328e-15
1.02101e-14
1.49503e-14
1.94648e-14
2.37641e-14
2.78586e-14
3.17581e-14
3.54717e-14
3.90084e-14
4.23765e-14
4.55841e-14
4.86389e-14
5.15481e-14
5.43187e-14
5.69572e-14
5.947e-14
6.1863e-14
6.4142e-14
6.63124e-14
6.83794e-14
7.03479e-14
7.22226e-14
7.40079e-14
7.57082e-14
7.73274e-14
7.88695e-14
8.03381e-14
8.17367e-14
8.30687e-14
8.43373e-14
8.55454e-14
9.8848e-14
1.13476e-13
1.29558e-13
1.47239e-13
1.66675e-13
1.88034e-13
2.11503e-13
2.37284e-13
2.65594e-13
2.9667e-13
3.30765e-13
3.6815e-13
4.09113e-13
4.53957e-13
5.02995e-13
5.56548e-13
6.14938e-13
6.78473e-13
7.47435e-13
8.2206e-13
9.02509e-13
9.88828e-13
1.0809e-12
1.17838e-12
1.28061e-12
1.38651e-12
1.49445e-12
1.60207e-12
1.70613e-12
1.80225e-12
1.88473e-12
1.94636e-12
1.97824e-12
1.96991e-12
1.90959e-12
1.78498e-12
1.58477e-12
1.30097e-12
9.32451e-13
4.89663e-13
2.79215e-35
7.52991e-18
5.09139e-15
9.93418e-15
1.45463e-14
1.89387e-14
2.31219e-14
2.71058e-14
3.08998e-14
3.45131e-14
3.79542e-14
4.12313e-14
4.43522e-14
4.73245e-14
5.0155e-14
5.28507e-14
5.5418e-14
5.78628e-14
6.01912e-14
6.24086e-14
6.45204e-14
6.65315e-14
6.84468e-14
7.02708e-14
7.20078e-14
7.36622e-14
7.52377e-14
7.67381e-14
7.8167e-14
7.95278e-14
8.08238e-14
8.20581e-14
8.32335e-14
9.61766e-14
1.10409e-13
1.26057e-13
1.4326e-13
1.6217e-13
1.82953e-13
2.05788e-13
2.30872e-13
2.58417e-13
2.88653e-13
3.21827e-13
3.58202e-13
3.98058e-13
4.4169e-13
4.89404e-13
5.41512e-13
5.98325e-13
6.60144e-13
7.27245e-13
7.99856e-13
8.78135e-13
9.62127e-13
1.05172e-12
1.14658e-12
1.24606e-12
1.34911e-12
1.45415e-12
1.55889e-12
1.66016e-12
1.75372e-12
1.83402e-12
1.89403e-12
1.92511e-12
1.91705e-12
1.8584e-12
1.73719e-12
1.54239e-12
1.26622e-12
9.0757e-13
4.76606e-13
2.98932e-35
7.30639e-18
4.94025e-15
9.63929e-15
1.41145e-14
1.83766e-14
2.24355e-14
2.63012e-14
2.99826e-14
3.34886e-14
3.68275e-14
4.00074e-14
4.30357e-14
4.59197e-14
4.86662e-14
5.12819e-14
5.37729e-14
5.61452e-14
5.84045e-14
6.05561e-14
6.26051e-14
6.45565e-14
6.6415e-14
6.81848e-14
6.98704e-14
7.14756e-14
7.30043e-14
7.44602e-14
7.58467e-14
7.71671e-14
7.84246e-14
7.96223e-14
8.07628e-14
9.33217e-14
1.07132e-13
1.22315e-13
1.39008e-13
1.57357e-13
1.77522e-13
1.99679e-13
2.24019e-13
2.50746e-13
2.80085e-13
3.12274e-13
3.4757e-13
3.86244e-13
4.28581e-13
4.74879e-13
5.25441e-13
5.80569e-13
6.40555e-13
7.05666e-13
7.76126e-13
8.52085e-13
9.3359e-13
1.02053e-12
1.11258e-12
1.20912e-12
1.30913e-12
1.41107e-12
1.51273e-12
1.61103e-12
1.70185e-12
1.77981e-12
1.83808e-12
1.8683e-12
1.86053e-12
1.80367e-12
1.68609e-12
1.49708e-12
1.22906e-12
8.8096e-13
4.62642e-13
3.19173e-35
7.06819e-18
4.77919e-15
9.32504e-15
1.36544e-14
1.77775e-14
2.17041e-14
2.54437e-14
2.90051e-14
3.23968e-14
3.56269e-14
3.87031e-14
4.16327e-14
4.44226e-14
4.70797e-14
4.96101e-14
5.20199e-14
5.43148e-14
5.65004e-14
5.85819e-14
6.05641e-14
6.24519e-14
6.42498e-14
6.59619e-14
6.75925e-14
6.91454e-14
7.06243e-14
7.20327e-14
7.3374e-14
7.46514e-14
7.58679e-14
7.70265e-14
7.81299e-14
9.02793e-14
1.03639e-13
1.18328e-13
1.34476e-13
1.52227e-13
1.71735e-13
1.9317e-13
2.16716e-13
2.42572e-13
2.70955e-13
3.02095e-13
3.3624e-13
3.73653e-13
4.14611e-13
4.59401e-13
5.08315e-13
5.61647e-13
6.19679e-13
6.82671e-13
7.50837e-13
8.24324e-13
9.03177e-13
9.87291e-13
1.07635e-12
1.16976e-12
1.26652e-12
1.36516e-12
1.46353e-12
1.55866e-12
1.64656e-12
1.72202e-12
1.77845e-12
1.80774e-12
1.80028e-12
1.74532e-12
1.63161e-12
1.44875e-12
1.18943e-12
8.52583e-13
4.4775e-13
3.3977e-35
6.81515e-18
4.6081e-15
8.99121e-15
1.31655e-14
1.7141e-14
2.09271e-14
2.45328e-14
2.79667e-14
3.1237e-14
3.43515e-14
3.73175e-14
4.01422e-14
4.28323e-14
4.53942e-14
4.7834e-14
5.01576e-14
5.23704e-14
5.44777e-14
5.64847e-14
5.8396e-14
6.02162e-14
6.19497e-14
6.36005e-14
6.51727e-14
6.667e-14
6.8096e-14
6.9454e-14
7.07472e-14
7.19789e-14
7.31519e-14
7.4269e-14
7.53329e-14
8.70474e-14
9.99287e-14
1.14092e-13
1.29662e-13
1.46777e-13
1.65587e-13
1.86254e-13
2.08958e-13
2.33889e-13
2.61255e-13
2.91281e-13
3.24204e-13
3.60278e-13
3.9977e-13
4.42957e-13
4.90122e-13
5.41546e-13
5.97503e-13
6.58242e-13
7.23971e-13
7.94832e-13
8.70868e-13
9.51979e-13
1.03786e-12
1.12794e-12
1.22126e-12
1.31639e-12
1.41126e-12
1.50302e-12
1.58781e-12
1.66062e-12
1.71509e-12
1.74338e-12
1.73625e-12
1.68331e-12
1.5737e-12
1.39739e-12
1.1473e-12
8.22415e-13
4.31917e-13
3.6051e-35
6.54728e-18
4.42698e-15
8.6378e-15
1.26481e-14
1.64673e-14
2.01046e-14
2.35686e-14
2.68675e-14
3.00092e-14
3.30013e-14
3.58508e-14
3.85644e-14
4.11488e-14
4.361e-14
4.59539e-14
4.81861e-14
5.03119e-14
5.23365e-14
5.42645e-14
5.61007e-14
5.78494e-14
5.95147e-14
6.11007e-14
6.26111e-14
6.40495e-14
6.54194e-14
6.6724e-14
6.79665e-14
6.91498e-14
7.02766e-14
7.13498e-14
7.23719e-14
8.3626e-14
9.6001e-14
1.09607e-13
1.24566e-13
1.41008e-13
1.59078e-13
1.78934e-13
2.00745e-13
2.24696e-13
2.50987e-13
2.79833e-13
3.11462e-13
3.46119e-13
3.8406e-13
4.2555e-13
4.70861e-13
5.20266e-13
5.74025e-13
6.3238e-13
6.95529e-13
7.6361e-13
8.36664e-13
9.14594e-13
9.97111e-13
1.08366e-12
1.17333e-12
1.26474e-12
1.35592e-12
1.4441e-12
1.5256e-12
1.5956e-12
1.64798e-12
1.67522e-12
1.66843e-12
1.61763e-12
1.51235e-12
1.34298e-12
1.10267e-12
7.90452e-13
4.15141e-13
3.81135e-35
6.26478e-18
4.23596e-15
8.2651e-15
1.21023e-14
1.57568e-14
1.92371e-14
2.25516e-14
2.57082e-14
2.87144e-14
3.15774e-14
3.43039e-14
3.69005e-14
3.93733e-14
4.17283e-14
4.39711e-14
4.6107e-14
4.81411e-14
5.00783e-14
5.19231e-14
5.36801e-14
5.53533e-14
5.69468e-14
5.84643e-14
5.99096e-14
6.12859e-14
6.25967e-14
6.38451e-14
6.50339e-14
6.61661e-14
6.72444e-14
6.82712e-14
6.92492e-14
8.00177e-14
9.18588e-14
1.04878e-13
1.19191e-13
1.34924e-13
1.52215e-13
1.71213e-13
1.92083e-13
2.15001e-13
2.40158e-13
2.67759e-13
2.98024e-13
3.31186e-13
3.67491e-13
4.07191e-13
4.50549e-13
4.97823e-13
5.49265e-13
6.05104e-13
6.65532e-13
7.30681e-13
8.00589e-13
8.75165e-13
9.54133e-13
1.03696e-12
1.12278e-12
1.21027e-12
1.29754e-12
1.38195e-12
1.45998e-12
1.52701e-12
1.57719e-12
1.60331e-12
1.59688e-12
1.54832e-12
1.44762e-12
1.28555e-12
1.05557e-12
7.56715e-13
3.97433e-13
4.0134e-35
5.96809e-18
4.03536e-15
7.87369e-15
1.15292e-14
1.50106e-14
1.83261e-14
2.14836e-14
2.44908e-14
2.73546e-14
3.00819e-14
3.26793e-14
3.5153e-14
3.75087e-14
3.97522e-14
4.18887e-14
4.39235e-14
4.58613e-14
4.77067e-14
4.94642e-14
5.11379e-14
5.27319e-14
5.42499e-14
5.56956e-14
5.70724e-14
5.83836e-14
5.96323e-14
6.08215e-14
6.19541e-14
6.30327e-14
6.40599e-14
6.50381e-14
6.59698e-14
7.62283e-14
8.75087e-14
9.99114e-14
1.13547e-13
1.28534e-13
1.45006e-13
1.63105e-13
1.82987e-13
2.0482e-13
2.28785e-13
2.5508e-13
2.83912e-13
3.15504e-13
3.5009e-13
3.87911e-13
4.29217e-13
4.74254e-13
5.23262e-13
5.76459e-13
6.34029e-13
6.96097e-13
7.62701e-13
8.33754e-13
9.08993e-13
9.87913e-13
1.06969e-12
1.15306e-12
1.23622e-12
1.31667e-12
1.39105e-12
1.45496e-12
1.50281e-12
1.52776e-12
1.52169e-12
1.47548e-12
1.37959e-12
1.2252e-12
1.00606e-12
7.21251e-13
3.78818e-13
4.20771e-35
5.65794e-18
3.82565e-15
7.46451e-15
1.09301e-14
1.42305e-14
1.73737e-14
2.03672e-14
2.3218e-14
2.5933e-14
2.85187e-14
3.09811e-14
3.33261e-14
3.55595e-14
3.76864e-14
3.97119e-14
4.16409e-14
4.3478e-14
4.52275e-14
4.68937e-14
4.84804e-14
4.99916e-14
5.14307e-14
5.28013e-14
5.41065e-14
5.53496e-14
5.65334e-14
5.76608e-14
5.87345e-14
5.9757e-14
6.07308e-14
6.16583e-14
6.25415e-14
7.22669e-14
8.29611e-14
9.47193e-14
1.07646e-13
1.21855e-13
1.37471e-13
1.5463e-13
1.73478e-13
1.94176e-13
2.16897e-13
2.41825e-13
2.69159e-13
2.9911e-13
3.31899e-13
3.67755e-13
4.06916e-13
4.49614e-13
4.96077e-13
5.46512e-13
6.01094e-13
6.59941e-13
7.23091e-13
7.9046e-13
8.61799e-13
9.36632e-13
1.01417e-12
1.09324e-12
1.17211e-12
1.24841e-12
1.31897e-12
1.3796e-12
1.42503e-12
1.44875e-12
1.44305e-12
1.3993e-12
1.30842e-12
1.16205e-12
9.54255e-13
6.84141e-13
3.59338e-13
4.3902e-35
5.33535e-18
3.60753e-15
7.03892e-15
1.03069e-14
1.34191e-14
1.63831e-14
1.92059e-14
2.18942e-14
2.44544e-14
2.68926e-14
2.92147e-14
3.1426e-14
3.3532e-14
3.55376e-14
3.74477e-14
3.92667e-14
4.09991e-14
4.26488e-14
4.422e-14
4.57163e-14
4.71413e-14
4.84984e-14
4.97908e-14
5.10216e-14
5.21938e-14
5.33101e-14
5.43732e-14
5.53857e-14
5.63499e-14
5.72682e-14
5.81428e-14
5.89756e-14
6.81466e-14
7.8231e-14
8.93188e-14
1.01508e-13
1.14907e-13
1.29633e-13
1.45813e-13
1.63587e-13
1.83106e-13
2.04531e-13
2.28038e-13
2.53814e-13
2.82057e-13
3.12977e-13
3.46791e-13
3.83719e-13
4.23985e-13
4.67801e-13
5.15363e-13
5.66837e-13
6.22333e-13
6.81888e-13
7.45425e-13
8.12708e-13
8.83288e-13
9.56427e-13
1.031e-12
1.10541e-12
1.1774e-12
1.24397e-12
1.3012e-12
1.3441e-12
1.36652e-12
1.36121e-12
1.32e-12
1.23434e-12
1.09632e-12
9.00321e-13
6.45503e-13
3.39055e-13
4.55636e-35
5.00167e-18
3.38191e-15
6.59869e-15
9.66226e-15
1.25799e-14
1.53585e-14
1.80048e-14
2.05249e-14
2.2925e-14
2.52107e-14
2.73875e-14
2.94606e-14
3.14349e-14
3.33151e-14
3.51057e-14
3.68109e-14
3.84349e-14
3.99815e-14
4.14544e-14
4.28571e-14
4.4193e-14
4.54652e-14
4.66768e-14
4.78306e-14
4.89295e-14
4.9976e-14
5.09727e-14
5.19218e-14
5.28258e-14
5.36866e-14
5.45065e-14
5.52872e-14
6.38847e-14
7.33384e-14
8.37328e-14
9.516e-14
1.07721e-13
1.21526e-13
1.36694e-13
1.53357e-13
1.71654e-13
1.9174e-13
2.13777e-13
2.37941e-13
2.64419e-13
2.93406e-13
3.25105e-13
3.59725e-13
3.97474e-13
4.38551e-13
4.83142e-13
5.314e-13
5.83431e-13
6.39267e-13
6.98838e-13
7.61924e-13
8.28104e-13
8.96686e-13
9.66621e-13
1.0364e-12
1.10392e-12
1.16638e-12
1.22007e-12
1.26034e-12
1.28142e-12
1.27651e-12
1.23792e-12
1.15765e-12
1.02826e-12
8.44478e-13
6.05493e-13
3.1805e-13
4.70126e-35
4.65861e-18
3.14995e-15
6.1461e-15
8.99954e-15
1.17171e-14
1.43051e-14
1.67699e-14
1.91172e-14
2.13526e-14
2.34816e-14
2.55091e-14
2.744e-14
2.92788e-14
3.10301e-14
3.26978e-14
3.42861e-14
3.57987e-14
3.72393e-14
3.86111e-14
3.99176e-14
4.11619e-14
4.23468e-14
4.34753e-14
4.455e-14
4.55735e-14
4.65483e-14
4.74766e-14
4.83606e-14
4.92025e-14
5.00044e-14
5.0768e-14
5.14952e-14
5.95029e-14
6.83083e-14
7.79897e-14
8.86332e-14
1.00333e-13
1.13191e-13
1.27319e-13
1.42839e-13
1.59881e-13
1.78589e-13
1.99115e-13
2.21622e-13
2.46284e-13
2.73284e-13
3.0281e-13
3.35056e-13
3.70217e-13
4.08479e-13
4.50014e-13
4.94966e-13
5.43432e-13
5.95445e-13
6.50938e-13
7.09707e-13
7.71361e-13
8.35257e-13
9.00417e-13
9.65436e-13
1.02836e-12
1.08657e-12
1.13663e-12
1.17419e-12
1.19389e-12
1.18937e-12
1.15348e-12
1.07875e-12
9.58231e-13
7.87007e-13
5.64314e-13
2.9643e-13
4.81963e-35
4.30827e-18
2.91306e-15
5.68389e-15
8.32274e-15
1.08359e-14
1.32293e-14
1.55087e-14
1.76795e-14
1.97468e-14
2.17157e-14
2.35907e-14
2.53764e-14
2.70769e-14
2.86965e-14
3.02388e-14
3.17077e-14
3.31065e-14
3.44387e-14
3.57074e-14
3.69157e-14
3.80664e-14
3.91622e-14
4.02058e-14
4.11997e-14
4.21462e-14
4.30477e-14
4.39061e-14
4.47237e-14
4.55023e-14
4.62438e-14
4.695e-14
4.76226e-14
5.50281e-14
6.31712e-14
7.21246e-14
8.19677e-14
9.27874e-14
1.04678e-13
1.17744e-13
1.32097e-13
1.47858e-13
1.65159e-13
1.84142e-13
2.04957e-13
2.27764e-13
2.52734e-13
2.8004e-13
3.09863e-13
3.42381e-13
3.77767e-13
4.16181e-13
4.57755e-13
5.02581e-13
5.50688e-13
6.02015e-13
6.56375e-13
7.13405e-13
7.72512e-13
8.32793e-13
8.92948e-13
9.51174e-13
1.00504e-12
1.05139e-12
1.08617e-12
1.10444e-12
1.10031e-12
1.06718e-12
9.98093e-13
8.86641e-13
7.28252e-13
5.2221e-13
2.74323e-13
4.90605e-35
3.95308e-18
2.6729e-15
5.2153e-15
7.6366e-15
9.94255e-15
1.21387e-14
1.42301e-14
1.62219e-14
1.81189e-14
1.99254e-14
2.16458e-14
2.32843e-14
2.48447e-14
2.63307e-14
2.77459e-14
2.90936e-14
3.03772e-14
3.15995e-14
3.27636e-14
3.38723e-14
3.49281e-14
3.59336e-14
3.68912e-14
3.78031e-14
3.86716e-14
3.94987e-14
4.02864e-14
4.10366e-14
4.1751e-14
4.24314e-14
4.30794e-14
4.36965e-14
5.04915e-14
5.79633e-14
6.61786e-14
7.52102e-14
8.51379e-14
9.60487e-14
1.08037e-13
1.21207e-13
1.35669e-13
1.51544e-13
1.68961e-13
1.88061e-13
2.08988e-13
2.319e-13
2.56956e-13
2.84321e-13
3.14159e-13
3.4663e-13
3.81879e-13
4.20029e-13
4.61164e-13
5.0531e-13
5.52413e-13
6.023e-13
6.54641e-13
7.0889e-13
7.64221e-13
8.19441e-13
8.72898e-13
9.22364e-13
9.64929e-13
9.96896e-13
1.01371e-12
1.00998e-12
9.79613e-13
9.16254e-13
8.13991e-13
6.6862e-13
4.79474e-13
2.51883e-13
4.9551e-35
3.59588e-18
2.43138e-15
4.74404e-15
6.94655e-15
9.04414e-15
1.10418e-14
1.29443e-14
1.47561e-14
1.64816e-14
1.81249e-14
1.96899e-14
2.11803e-14
2.25997e-14
2.39514e-14
2.52387e-14
2.64647e-14
2.76323e-14
2.87442e-14
2.98031e-14
3.08116e-14
3.1772e-14
3.26866e-14
3.35577e-14
3.43872e-14
3.51772e-14
3.59296e-14
3.66461e-14
3.73285e-14
3.79784e-14
3.85973e-14
3.91867e-14
3.9748e-14
4.59291e-14
5.27257e-14
6.01987e-14
6.84142e-14
7.74449e-14
8.73698e-14
9.82752e-14
1.10255e-13
1.2341e-13
1.37851e-13
1.53695e-13
1.71068e-13
1.90105e-13
2.10947e-13
2.33739e-13
2.58633e-13
2.85776e-13
3.15315e-13
3.47381e-13
3.82086e-13
4.19508e-13
4.5967e-13
5.02523e-13
5.47911e-13
5.95534e-13
6.44895e-13
6.95245e-13
7.45498e-13
7.94152e-13
8.39183e-13
8.77942e-13
9.07065e-13
9.22408e-13
9.19059e-13
8.91482e-13
8.33875e-13
7.40853e-13
6.0858e-13
4.36442e-13
2.29285e-13
4.96163e-35
3.23979e-18
2.1906e-15
4.27425e-15
6.25865e-15
8.14852e-15
9.94836e-15
1.16624e-14
1.32949e-14
1.48495e-14
1.633e-14
1.77401e-14
1.90829e-14
2.03617e-14
2.15796e-14
2.27394e-14
2.3844e-14
2.48959e-14
2.58977e-14
2.68518e-14
2.77604e-14
2.86257e-14
2.94497e-14
3.02345e-14
3.09819e-14
3.16937e-14
3.23716e-14
3.30172e-14
3.3632e-14
3.42175e-14
3.47751e-14
3.53062e-14
3.58119e-14
4.13808e-14
4.75044e-14
5.42374e-14
6.16394e-14
6.97758e-14
7.87179e-14
8.85434e-14
9.93367e-14
1.11189e-13
1.242e-13
1.38475e-13
1.54129e-13
1.71281e-13
1.90059e-13
2.10595e-13
2.33024e-13
2.57481e-13
2.84095e-13
3.12988e-13
3.4426e-13
3.77979e-13
4.14169e-13
4.52784e-13
4.93685e-13
5.36602e-13
5.81089e-13
6.26469e-13
6.71767e-13
7.15628e-13
7.5623e-13
7.91188e-13
8.17468e-13
8.31336e-13
8.28363e-13
8.03554e-13
7.51676e-13
6.67867e-13
5.48658e-13
3.9349e-13
2.06728e-13
4.92102e-35
2.8882e-18
1.95288e-15
3.8104e-15
5.57945e-15
7.26423e-15
8.86875e-15
1.03968e-14
1.18521e-14
1.3238e-14
1.45579e-14
1.58149e-14
1.7012e-14
1.8152e-14
1.92377e-14
2.02717e-14
2.12564e-14
2.21942e-14
2.30873e-14
2.39378e-14
2.47478e-14
2.55192e-14
2.62538e-14
2.69535e-14
2.76197e-14
2.82543e-14
2.88586e-14
2.94341e-14
2.99822e-14
3.05042e-14
3.10013e-14
3.14747e-14
3.19256e-14
3.68901e-14
4.23492e-14
4.83515e-14
5.49503e-14
6.22037e-14
7.01754e-14
7.89347e-14
8.85568e-14
9.91232e-14
1.10722e-13
1.23448e-13
1.37403e-13
1.52694e-13
1.69435e-13
1.87743e-13
2.07739e-13
2.29542e-13
2.5327e-13
2.79029e-13
3.06909e-13
3.36973e-13
3.69239e-13
4.03669e-13
4.40139e-13
4.78408e-13
5.18078e-13
5.58548e-13
5.98949e-13
6.38074e-13
6.74298e-13
7.05494e-13
7.2896e-13
7.41362e-13
7.38751e-13
7.16669e-13
6.70442e-13
5.95728e-13
4.89426e-13
3.51028e-13
1.84427e-13
4.8295e-35
2.54469e-18
1.72061e-15
3.35721e-15
4.91585e-15
6.40025e-15
7.81393e-15
9.16026e-15
1.04424e-14
1.16635e-14
1.28264e-14
1.39339e-14
1.49886e-14
1.59931e-14
1.69497e-14
1.78607e-14
1.87283e-14
1.95545e-14
2.03414e-14
2.10907e-14
2.18044e-14
2.2484e-14
2.31313e-14
2.37477e-14
2.43348e-14
2.48938e-14
2.54263e-14
2.59333e-14
2.64162e-14
2.68761e-14
2.73141e-14
2.77312e-14
2.81285e-14
3.25026e-14
3.73124e-14
4.26008e-14
4.84147e-14
5.48055e-14
6.18291e-14
6.95466e-14
7.80243e-14
8.73341e-14
9.75536e-14
1.08766e-13
1.21062e-13
1.34535e-13
1.49285e-13
1.65416e-13
1.83034e-13
2.02245e-13
2.23152e-13
2.45849e-13
2.70415e-13
2.96905e-13
3.25338e-13
3.55678e-13
3.87816e-13
4.21541e-13
4.56504e-13
4.92174e-13
5.27786e-13
5.62277e-13
5.94217e-13
6.21732e-13
6.42439e-13
6.53401e-13
6.51134e-13
6.31709e-13
5.90999e-13
5.25172e-13
4.31486e-13
3.09489e-13
1.62609e-13
4.6845e-35
2.21288e-18
1.49625e-15
2.91944e-15
4.27485e-15
5.56569e-15
6.79504e-15
7.96581e-15
9.0808e-15
1.01427e-14
1.11539e-14
1.2117e-14
1.30342e-14
1.39077e-14
1.47395e-14
1.55317e-14
1.62862e-14
1.70047e-14
1.7689e-14
1.83406e-14
1.89612e-14
1.95522e-14
2.01151e-14
2.06511e-14
2.11616e-14
2.16478e-14
2.21108e-14
2.25518e-14
2.29717e-14
2.33716e-14
2.37525e-14
2.41152e-14
2.44607e-14
2.82644e-14
3.24471e-14
3.70459e-14
4.21017e-14
4.76592e-14
5.3767e-14
6.04782e-14
6.78505e-14
7.59464e-14
8.48335e-14
9.45843e-14
1.05277e-13
1.16993e-13
1.2982e-13
1.43848e-13
1.59169e-13
1.75876e-13
1.94058e-13
2.13797e-13
2.35161e-13
2.582e-13
2.82928e-13
3.09316e-13
3.37269e-13
3.66603e-13
3.97015e-13
4.28045e-13
4.59028e-13
4.89039e-13
5.16835e-13
5.40786e-13
5.58821e-13
5.68383e-13
5.66442e-13
5.49575e-13
5.1419e-13
4.56947e-13
3.75454e-13
2.69313e-13
1.41505e-13
4.48497e-35
1.89629e-18
1.28219e-15
2.50178e-15
3.66328e-15
4.76944e-15
5.82291e-15
6.82619e-15
7.78167e-15
8.69162e-15
9.55821e-15
1.03835e-14
1.11695e-14
1.1918e-14
1.26308e-14
1.33097e-14
1.39562e-14
1.45719e-14
1.51583e-14
1.57167e-14
1.62486e-14
1.6755e-14
1.72374e-14
1.76967e-14
1.81342e-14
1.85508e-14
1.89476e-14
1.93254e-14
1.96853e-14
2.0028e-14
2.03544e-14
2.06652e-14
2.09612e-14
2.42208e-14
2.78051e-14
3.1746e-14
3.60785e-14
4.0841e-14
4.6075e-14
5.18261e-14
5.81437e-14
6.50814e-14
7.26971e-14
8.10531e-14
9.02158e-14
1.00256e-13
1.11248e-13
1.2327e-13
1.36399e-13
1.50717e-13
1.66298e-13
1.83214e-13
2.01524e-13
2.21268e-13
2.42461e-13
2.65078e-13
2.89036e-13
3.14179e-13
3.40248e-13
3.66848e-13
3.9341e-13
4.19142e-13
4.42979e-13
4.63524e-13
4.79002e-13
4.87221e-13
4.85582e-13
4.71149e-13
4.4084e-13
3.91786e-13
3.21933e-13
2.30934e-13
1.21344e-13
4.2316e-35
1.59822e-18
1.08065e-15
2.10853e-15
3.08745e-15
4.01974e-15
4.90762e-15
5.7532e-15
6.55848e-15
7.3254e-15
8.05577e-15
8.75134e-15
9.41377e-15
1.00446e-14
1.06454e-14
1.12176e-14
1.17625e-14
1.22814e-14
1.27756e-14
1.32463e-14
1.36945e-14
1.41213e-14
1.45279e-14
1.4915e-14
1.52837e-14
1.56348e-14
1.59692e-14
1.62877e-14
1.6591e-14
1.68798e-14
1.71549e-14
1.74169e-14
1.76664e-14
2.04136e-14
2.34345e-14
2.67559e-14
3.04074e-14
3.44213e-14
3.88326e-14
4.36797e-14
4.90043e-14
5.48516e-14
6.12702e-14
6.83128e-14
7.60353e-14
8.44975e-14
9.37621e-14
1.03894e-13
1.14961e-13
1.27028e-13
1.40161e-13
1.54419e-13
1.69851e-13
1.86494e-13
2.04358e-13
2.23422e-13
2.43618e-13
2.64813e-13
2.8679e-13
3.09217e-13
3.31613e-13
3.53312e-13
3.73416e-13
3.90748e-13
4.03811e-13
4.10759e-13
4.09397e-13
3.97251e-13
3.71717e-13
3.30374e-13
2.71485e-13
1.94756e-13
1.02338e-13
3.92694e-35
1.32146e-18
8.93516e-16
1.74341e-15
2.55281e-15
3.32367e-15
4.0578e-15
4.75695e-15
5.42279e-15
6.0569e-15
6.6608e-15
7.23592e-15
7.78364e-15
8.30525e-15
8.80201e-15
9.27509e-15
9.72563e-15
1.01547e-14
1.05633e-14
1.09525e-14
1.13231e-14
1.1676e-14
1.20122e-14
1.23323e-14
1.26371e-14
1.29274e-14
1.32039e-14
1.34673e-14
1.3718e-14
1.39569e-14
1.41843e-14
1.44009e-14
1.46072e-14
1.68787e-14
1.93765e-14
2.21228e-14
2.5142e-14
2.84608e-14
3.21082e-14
3.6116e-14
4.05186e-14
4.53533e-14
5.06606e-14
5.64837e-14
6.2869e-14
6.9866e-14
7.75264e-14
8.59042e-14
9.50545e-14
1.05033e-13
1.15892e-13
1.27682e-13
1.40443e-13
1.54205e-13
1.68977e-13
1.84742e-13
2.01443e-13
2.18972e-13
2.37148e-13
2.55697e-13
2.74222e-13
2.92173e-13
3.08807e-13
3.2315e-13
3.33966e-13
3.39726e-13
3.38616e-13
3.28586e-13
3.07483e-13
2.73299e-13
2.24596e-13
1.61126e-13
8.46692e-14
3.57534e-35
1.06816e-18
7.22245e-16
1.40923e-15
2.06349e-15
2.68658e-15
3.27999e-15
3.84513e-15
4.38334e-15
4.8959e-15
5.38404e-15
5.84893e-15
6.29165e-15
6.71328e-15
7.11482e-15
7.49722e-15
7.8614e-15
8.20823e-15
8.53853e-15
8.85308e-15
9.15265e-15
9.43794e-15
9.70964e-15
9.96839e-15
1.02148e-14
1.04495e-14
1.0673e-14
1.08858e-14
1.10885e-14
1.12816e-14
1.14654e-14
1.16405e-14
1.18073e-14
1.36434e-14
1.56623e-14
1.78822e-14
2.03227e-14
2.30054e-14
2.59537e-14
2.91932e-14
3.2752e-14
3.666e-14
4.095e-14
4.56569e-14
5.08184e-14
5.64743e-14
6.26664e-14
6.94385e-14
7.68351e-14
8.49009e-14
9.36791e-14
1.03209e-13
1.13525e-13
1.2465e-13
1.36592e-13
1.49336e-13
1.62839e-13
1.7701e-13
1.91706e-13
2.06704e-13
2.21684e-13
2.362e-13
2.49654e-13
2.61258e-13
2.70011e-13
2.74679e-13
2.73793e-13
2.65696e-13
2.48644e-13
2.21013e-13
1.81636e-13
1.30312e-13
6.84791e-14
3.18243e-35
8.39524e-19
5.6765e-16
1.10758e-15
1.6218e-15
2.11152e-15
2.57791e-15
3.02208e-15
3.44509e-15
3.84794e-15
4.2316e-15
4.59697e-15
4.94493e-15
5.27632e-15
5.5919e-15
5.89246e-15
6.17868e-15
6.45127e-15
6.71087e-15
6.95809e-15
7.19354e-15
7.41776e-15
7.6313e-15
7.83467e-15
8.02834e-15
8.21279e-15
8.38845e-15
8.55573e-15
8.71505e-15
8.86677e-15
9.01127e-15
9.14888e-15
9.27994e-15
1.0723e-14
1.23098e-14
1.40546e-14
1.59727e-14
1.80811e-14
2.03983e-14
2.29445e-14
2.57415e-14
2.8813e-14
3.21848e-14
3.58842e-14
3.9941e-14
4.43863e-14
4.92531e-14
5.45757e-14
6.03893e-14
6.67288e-14
7.36283e-14
8.1119e-14
8.92273e-14
9.79715e-14
1.07358e-13
1.17376e-13
1.27989e-13
1.3913e-13
1.50682e-13
1.62473e-13
1.7425e-13
1.85664e-13
1.96244e-13
2.05371e-13
2.12259e-13
2.15936e-13
2.15248e-13
2.08891e-13
1.95494e-13
1.73777e-13
1.42822e-13
1.0247e-13
5.38494e-14
2.75431e-35
6.35556e-19
4.29735e-16
8.38488e-16
1.22777e-15
1.59851e-15
1.95159e-15
2.28785e-15
2.60808e-15
2.91306e-15
3.2035e-15
3.48011e-15
3.74353e-15
3.9944e-15
4.23331e-15
4.46084e-15
4.67753e-15
4.88389e-15
5.08042e-15
5.26758e-15
5.44582e-15
5.61557e-15
5.77723e-15
5.93118e-15
6.0778e-15
6.21744e-15
6.35042e-15
6.47706e-15
6.59767e-15
6.71253e-15
6.82192e-15
6.9261e-15
7.02531e-15
8.11779e-15
9.31909e-15
1.06399e-14
1.2092e-14
1.36882e-14
1.54424e-14
1.737e-14
1.94875e-14
2.18128e-14
2.43653e-14
2.7166e-14
3.02371e-14
3.36025e-14
3.72869e-14
4.13165e-14
4.57177e-14
5.05171e-14
5.57405e-14
6.14116e-14
6.75502e-14
7.41704e-14
8.1277e-14
8.88617e-14
9.68976e-14
1.05333e-13
1.1408e-13
1.23008e-13
1.31927e-13
1.40571e-13
1.48584e-13
1.55498e-13
1.60718e-13
1.63507e-13
1.62992e-13
1.58184e-13
1.48045e-13
1.31604e-13
1.08166e-13
7.76076e-14
4.0785e-14
2.29575e-35
4.54726e-19
3.07466e-16
5.99919e-16
8.78443e-16
1.1437e-15
1.39632e-15
1.6369e-15
1.86602e-15
2.08423e-15
2.29203e-15
2.48994e-15
2.67841e-15
2.8579e-15
3.02884e-15
3.19163e-15
3.34667e-15
3.49431e-15
3.63492e-15
3.76883e-15
3.89636e-15
4.01781e-15
4.13348e-15
4.24363e-15
4.34853e-15
4.44844e-15
4.54358e-15
4.63419e-15
4.72048e-15
4.80267e-15
4.88093e-15
4.95547e-15
5.02645e-15
5.8081e-15
6.6676e-15
7.61263e-15
8.65157e-15
9.7936e-15
1.10487e-14
1.24279e-14
1.39429e-14
1.56066e-14
1.74329e-14
1.94367e-14
2.16341e-14
2.40419e-14
2.66781e-14
2.95612e-14
3.27102e-14
3.61442e-14
3.98815e-14
4.39392e-14
4.83314e-14
5.30683e-14
5.81532e-14
6.35804e-14
6.93305e-14
7.53662e-14
8.16258e-14
8.80149e-14
9.43975e-14
1.00584e-13
1.0632e-13
1.1127e-13
1.15007e-13
1.17006e-13
1.16641e-13
1.13204e-13
1.05951e-13
9.41884e-14
7.74163e-14
5.55467e-14
2.91919e-14
1.80741e-35
2.9348e-19
1.98438e-16
3.87188e-16
5.66947e-16
7.38144e-16
9.01184e-16
1.05646e-15
1.20433e-15
1.34516e-15
1.47928e-15
1.60701e-15
1.72865e-15
1.84449e-15
1.95481e-15
2.05988e-15
2.15994e-15
2.25523e-15
2.34598e-15
2.43241e-15
2.51471e-15
2.5931e-15
2.66775e-15
2.73884e-15
2.80654e-15
2.87102e-15
2.93243e-15
2.99091e-15
3.0466e-15
3.09964e-15
3.15015e-15
3.19826e-15
3.24407e-15
3.74855e-15
4.30327e-15
4.91319e-15
5.58372e-15
6.32079e-15
7.13085e-15
8.02095e-15
8.99873e-15
1.00725e-14
1.12512e-14
1.25445e-14
1.39627e-14
1.55167e-14
1.72181e-14
1.90789e-14
2.11113e-14
2.33276e-14
2.57397e-14
2.83586e-14
3.11935e-14
3.42508e-14
3.75328e-14
4.10357e-14
4.47471e-14
4.8643e-14
5.26834e-14
5.68076e-14
6.09277e-14
6.49216e-14
6.86245e-14
7.18204e-14
7.42341e-14
7.55259e-14
7.52919e-14
7.30752e-14
6.83952e-14
6.08035e-14
4.99775e-14
3.586e-14
1.88461e-14
1.28089e-35
1.45453e-19
9.83488e-17
1.91896e-16
2.80987e-16
3.65834e-16
4.46639e-16
5.23595e-16
5.96883e-16
6.6668e-16
7.33151e-16
7.96454e-16
8.56741e-16
9.14155e-16
9.68833e-16
1.0209e-15
1.0705e-15
1.11772e-15
1.1627e-15
1.20553e-15
1.24633e-15
1.28517e-15
1.32217e-15
1.35741e-15
1.39096e-15
1.42292e-15
1.45335e-15
1.48234e-15
1.50994e-15
1.53622e-15
1.56126e-15
1.5851e-15
1.60781e-15
1.85783e-15
2.13276e-15
2.43505e-15
2.76737e-15
3.13267e-15
3.53415e-15
3.97529e-15
4.4599e-15
4.99207e-15
5.57625e-15
6.21722e-15
6.9201e-15
7.6903e-15
8.53355e-15
9.45578e-15
1.04631e-14
1.15615e-14
1.2757e-14
1.4055e-14
1.54601e-14
1.69753e-14
1.8602e-14
2.03382e-14
2.21777e-14
2.41087e-14
2.61113e-14
2.81555e-14
3.01978e-14
3.21775e-14
3.40131e-14
3.55975e-14
3.67943e-14
3.74351e-14
3.73196e-14
3.62214e-14
3.39023e-14
3.01398e-14
2.47738e-14
1.7776e-14
9.34223e-15
6.89913e-36
4.35522e-44
5.73414e-43
1.88597e-42
3.78934e-42
6.0887e-42
8.62845e-42
1.12855e-41
1.3964e-41
1.65899e-41
1.9108e-41
2.14778e-41
2.36709e-41
2.56688e-41
2.74609e-41
2.90428e-41
3.0415e-41
3.15815e-41
3.25496e-41
3.33282e-41
3.3928e-41
3.43604e-41
3.46376e-41
3.47718e-41
3.47755e-41
3.46605e-41
3.44389e-41
3.41217e-41
3.37198e-41
3.32434e-41
3.27019e-41
3.21043e-41
2.12626e-40
5.03961e-40
7.30193e-40
1.04665e-39
1.48665e-39
2.0953e-39
2.93344e-39
4.0831e-39
5.65461e-39
7.79612e-39
1.07063e-38
1.4651e-38
1.99855e-38
2.71839e-38
3.68771e-38
4.99038e-38
6.73754e-38
9.07613e-38
1.21998e-37
1.63628e-37
2.18976e-37
2.92362e-37
3.89367e-37
5.17137e-37
6.84726e-37
9.03454e-37
1.18722e-36
1.55266e-36
2.01905e-36
2.60755e-36
3.33951e-36
4.23306e-36
5.2972e-36
6.52213e-36
7.86466e-36
9.22753e-36
1.04328e-35
1.11922e-35
1.10831e-35
9.54888e-36
5.95709e-36
2.36301e-36
